232
121
239
244
159
143
1
108
577
213
52
662
327
2889
345
511
127
2473
1370
5147
199
201
733
247
2827
5220
317
4332
341
132
116
123
195
11983
244
60
168
381
384
694
374
593
1043
5316
1230
5870
6859
3857
771
46
6793
233
147
140
171
317
163
130
18
103
27
47
11
369
38
17
150
68
16
54
53
13
2924
723
1085
188
125
22
114
129
115
300
29
10
130
10
66
87
15
443
223
42
21
87
239
216
205
186
121
36
205
65
46
46
48
5888
60
184
535
218
26
2908
392
325
143
2656
4716
4716
4716
847
292
576
2694
4716
574
927
448
565
577
154
2547
323
194
1152
323
2118
1202
54
58
43
237
96
3237
1098
1555
180
1369
1618
307
303
3665
299
409
31
15
8
77
360
98
230
56
3048
103
107
52
199
143
3
136
54
832
657
