1.0
1.0678665256353563
1.1360795554726206
1.2046390895117929
1.2735451277528727
1.3427976701958606
1.4123967168407563
1.4823422676875602
1.5526343227362716
1.6232728819868911
1.6942579454394182
1.7655895130938535
1.8372675849501965
1.9092921610084472
1.9816632412686062
2.0543808257306724
2.1274449143946472
2.2008555072605294
2.27461260432832
2.348716205598018
2.4231663110696244
2.497962920743138
2.57310603461856
2.6485956526958896
2.724431774975127
2.800614401456272
2.8771435321393253
2.9540191670242866
3.031241306111155
3.108809949399932
3.1867250968906164
3.2649867485832087
3.3435949044777096
3.4225495645741177
3.5018507288724336
3.5814983973726577
3.6614925700747896
3.7418332469788296
3.822520428084777
3.9035541133926324
3.984934302902396
4.0666609966140665
4.148734194527647
4.231153896643133
4.3139201029605285
4.39703281347983
4.480492028201041
4.56429774712416
4.648449970249187
4.732948697576122
4.817793929104964
4.902985664835713
4.988523904768371
5.074408648902937
5.1606398972394105
5.247217649777792
5.334141906518082
5.421412667460278
5.509029932604384
5.596993701950397
5.685303975498318
5.773960753248146
5.862964035199884
5.952313821353528
6.04201011170908
6.132052906266541
6.222442205025908
6.313178007987184
6.404260315150368
6.49568912651546
6.58746444208246
6.679586261851368
6.772054585822183
6.864869413994906
6.958030746369537
7.051538582946076
7.145392923724523
7.239593768704877
7.33414111788714
7.42903497127131
7.52427532885739
7.6198621906453745
7.715795556635269
7.812075426827072
7.908701801220781
8.0056746798164
8.102994062613924
8.200659949613359
8.2986723408147
8.397031236217948
8.495736635823107
8.594788539630171
8.694186947639144
8.793931859850026
8.894023276262814
8.994461196877513
9.095245621694119
9.196376550712632
9.297853983933054
9.399677921355382
9.501848362979619
9.604365308805765
9.707228758833816
9.810438713063776
9.913995171495646
10.017898134129423
10.122147600965107
10.226743572002698
10.331686047242197
10.436975026683607
10.542610510326922
10.648592498172146
10.754920990219277
10.861595986468316
10.968617486919264
11.07598549157212
11.183700000426882
11.291761013483553
11.400168530742132
11.508922552202618
11.618023077865015
11.727470107729317
11.837263641795527
11.947403680063644
12.057890222533672
12.168723269205605
12.279902820079446
12.391428875155198
12.503301434432855
12.615520497912419
12.728086065593892
12.840998137477275
12.954256713562565
13.06786179384976
13.181813378338866
13.29611146702988
13.4107560599228
13.525747157017628
13.641084758314365
13.75676886381301
13.872799473513561
13.989176587416022
14.10590020552039
14.222970327826665
14.340386954334848
14.458150085044942
14.57625971995694
14.694715859070847
14.813518502386664
14.932667649904387
15.052163301624017
15.172005457545556
15.292194117669005
15.412729281994359
15.53361095052162
15.654839123250792
15.77641380018187
15.898334981314855
16.02060266664975
16.14321685618655
16.266177549925263
16.38948474786588
16.513138450008405
16.63713865635284
16.76148536689918
16.886178581647428
17.011218300597587
17.136604523749654
17.262337251103624
17.38841648265951
17.514842218417296
17.641614458376992
17.768733202538595
17.89619845090211
18.02401020346753
18.152168460234858
18.280673221204093
18.409524486375236
18.53872225574829
18.668266529323247
18.798157307100116
18.92839458907889
19.058978375259574
19.189908665642164
19.321185460226665
19.452808759013074
19.584778562001386
19.717094869191605
19.849757680583735
19.982766996177773
20.116122815973725
20.249825139971577
20.383873968171336
20.51826930057301
20.653011137176588
20.788099477982072
20.923534322989465
21.059315672198768
21.195443525609978
21.331917883223092
21.46873874503812
21.605906111055052
21.743419981273895
21.881280355694642
22.0194872343173
22.158040617141864
22.296940504168337
22.436186895396716
22.575779790827006
22.7157191904592
22.856005094293305
22.996637502329317
23.137616414567237
23.278941831007064
23.4206137516488
23.562632176492443
23.704997105537995
23.847708538785454
23.99076647623482
24.134170917886095
24.27792186373928
24.422019313794372
24.56646326805137
24.711253726510275
24.85639068917109
25.001874156033814
25.147704127098443
25.29388060236498
25.44040358183343
25.58727306550378
25.73448905337604
25.88205154545021
26.02996054172629
26.178216042204273
26.326818046884167
26.47576655576597
26.625061568849677
26.774703086135297
26.92469110762282
27.07502563331225
27.225706663203592
27.37673419729684
27.528108235591993
27.67982877808906
27.831895824788035
27.984309375688916
28.1370694307917
28.290175990096394
28.443629053602997
28.597428621311508
28.751574693221926
28.906067269334258
29.06090634964849
29.216091934164638
29.371624022882685
29.527502615802646
29.68372771292451
29.840299314248284
29.997217419773968
30.15448202950156
30.312093143431056
30.47005076156246
30.628354883895774
30.787005510430998
30.94600264116813
31.105346276107166
31.26503641524811
31.425073058590964
31.585456206135724
31.746185857882395
31.907262013830973
32.06868467398146
32.23045383833385
32.39256950688815
32.55503167964436
32.71784035660247
32.8809955377625
33.04449722312443
33.208345412688274
33.37254010645402
33.537081304421676
33.70196900659124
33.86720321296271
34.03278392353609
34.198711138311374
34.36498485728857
34.53160508046768
34.69857180784869
34.8658850394316
35.033544775216434
35.201551015203165
35.3699037593918
35.538603007782356
35.70764876037482
35.877041017169184
36.04677977816546
36.21686504336364
36.38729681276373
36.558075086365726
36.72919986416963
36.90067114617545
37.072488932383166
37.2446532227928
37.41716401740433
37.59002131621778
37.763225119233134
37.936775426450396
38.110672237869565
38.28491555349064
38.45950537331362
38.63444169733852
38.809724525565315
38.98535385799403
39.16132969462464
39.33765203545717
39.514320880491596
39.69133622972794
39.86869808316618
40.04640644080634
40.2244613026484
40.40286266869237
40.58161053893825
40.760704913386036
40.940145792035736
41.119933174887336
41.30006706194085
41.480547453196266
41.66137434865359
41.842547748312825
42.02406765217397
42.20593406023701
42.38814697250197
42.570706388968844
42.75361230963761
42.93686473450829
43.120463663580885
43.30440909685538
43.48870103433178
43.6733394760101
43.858324421890316
44.04365587197245
44.22933382625648
44.41535828474243
44.601729247430285
44.788446714320045
44.975510685411706
45.16292116070529
45.35067814020077
45.53878162389816
45.727231611797464
45.91602810389867
46.10517110020179
46.294660600706806
46.48449660541374
46.67467911432258
46.86520812743332
47.05608364474598
47.247305666260544
47.438874191977014
47.6307892218954
47.823050756015675
48.015658794337874
48.20861333686197
48.401914383587986
48.595561934515906
48.789555989645734
48.98389654897746
49.178583612511105
49.373617180246654
49.56899725218411
49.76472382832348
49.96079690866475
50.157216493207926
50.35398258195302
50.55109517490001
50.74855427204892
50.94635987339973
51.14451197895245
51.34301058870709
51.54185570266362
51.74104732082206
51.940585443182414
52.14047006974467
52.340701200508846
52.54127883547491
52.7422029746429
52.943473618012796
53.14509076558459
53.3470544173583
53.54936457333391
53.752021233511435
53.95502439789087
54.158374066472206
54.36207023925546
54.566112916240606
54.770502097427666
54.975237782816635
55.18031997240752
55.38574866620031
55.591523864195
55.7976455663916
56.004113772790106
56.210928483390525
56.41808969819285
56.625597417197085
56.833451640403226
57.041652367811274
57.25019959942124
57.4590933352331
57.66833357524687
57.87792031946255
58.08785356788013
58.29813332049964
58.508759577321044
58.71973233834435
58.93105160356957
59.1427173729967
59.354729646625735
59.56708842445667
59.77979370648953
59.99284549272429
60.20624378316096
60.41998857779953
60.634079876640016
60.8485176796824
61.0633019869267
61.27843279837291
61.49391011402103
61.70973393387105
61.92590425792298
62.14242108617682
62.35928441863256
62.576494255290214
62.79405059614977
63.01195344121125
63.23020279047462
63.44879864393991
63.6677410016071
63.8870298634762
64.10666522954722
64.32664709982012
64.54697547429495
64.76765035297169
64.98867173585032
65.21003962293088
65.43175401421334
65.6538149096977
65.87622230938398
66.09897621327215
66.32207662136224
66.54552353365423
66.76931695014814
66.99345687084396
67.21794329574166
67.4427762248413
67.66795565814283
67.89348159564628
68.11935403735163
68.34557298325888
68.57213843336805
68.79905038767913
69.02630884619211
69.253913808907
69.4818652758238
69.7101632469425
69.93880772226312
70.16779870178564
70.39713618551006
70.62682017343641
70.85685066556465
71.08722766189481
71.31795116242687
71.54902116716084
71.78043767609671
72.0122006892345
72.2443102065742
72.47676622811579
72.70956875385929
72.94271778380472
73.17621331795203
73.41005535630129
73.64424389885241
73.87877894560546
74.11366049656041
74.34888855171728
74.58446311107605
74.82038417463673
75.05665174239931
75.29326581436382
75.53022639053022
75.76753347089853
76.00518705546875
76.24318714424088
76.48153373721492
76.72022683439086
76.95926643576871
77.19865254134847
77.43838515113012
77.6784642651137
77.91888988329919
78.15966200568721
78.58352670390761
79.00919405032698
79.4366640449453
79.8659366877626
80.29701197877887
80.72988991799409
81.16457050540828
81.60105374102147
82.03933962483359
82.47942815684468
82.9213193370548
83.36501316546381
83.81050964207182
84.25780876687881
84.70691053988475
85.15781496108966
85.61052203049354
86.06503174809637
86.52134411389821
86.97945912789899
87.43937679009875
87.90109710049748
88.36462005909516
88.82994566589181
89.29707392088747
89.76600482408205
90.23673837547562
90.70927457506818
91.18361342285965
91.65975491885013
92.13769906303958
92.61744585542797
93.09899529601537
93.5823473848017
94.06750212178702
94.55445950697134
95.04321954035453
95.53378222193675
96.026147551718
96.52031552969811
97.0162861558772
97.51405943025532
98.01363535283235
98.51501392360836
99.01819514258335
99.52317900975737
100.02996552513031
100.53855468870216
101.04894650047305
101.56114096044291
102.0751380686117
102.59093782497945
103.10854022954624
103.62794528231194
104.14915298327662
104.67216333244028
105.19697632980285
105.72359197536446
106.25201026912504
106.78223121108454
107.31425480124301
107.84808103960046
108.38370992615688
108.92114146091234
109.46037564386666
110.00141247502
110.54425195437233
111.08889408192351
111.63533885767379
112.18358628162304
112.73363635377115
113.28548907411829
113.83914444266446
114.3946024594095
114.95186312435351
115.51092643749661
116.07179239883851
116.6344610083795
117.19893226611947
117.7652061720583
118.33328272619622
118.90316192853294
119.47484377906875
120.04832827780359
120.62361542473724
121.20070521986997
121.77959766320168
122.36029275473226
122.94279049446186
123.5270908823905
124.11319391851794
124.70109960284447
125.29080793537003
125.88231891609439
126.47563254501779
127.07074882214022
127.66766774746156
128.2663893209819
128.86691354270118
129.46924041262014
130.16385720214555
130.86206846702657
131.5638742072632
132.26927442285546
132.9782691138032
133.69085828010645
134.40704192176543
135.12682003877978
135.85019263114975
136.57715969887533
137.30772124195653
138.04187726039322
138.77962775418564
139.52097272333344
140.26591216783697
141.0144460876959
141.7665744829104
142.52229735348055
143.2816146994062
144.04452652068744
144.8110328173243
145.58113358931678
146.35482883666475
147.13211855936822
147.9130027574273
148.6974814308419
149.4855545796122
150.2772222037379
151.0724843032193
151.87134087805623
152.67379192824876
153.4798374537968
154.28947745470043
155.10271193095969
155.91954088257444
156.7399643095448
157.56398221187067
158.39159458955214
159.22280144258912
160.05760277098182
160.89599857473002
161.7379888538337
162.58357360829302
163.43275283810783
164.28552654327837
165.14189472380428
166.00185737968582
166.86541451092296
167.73256611751572
168.60331219946409
169.47765275676784
170.35558778942732
171.2371172974423
172.12224128081277
173.01095973953886
173.90327267362056
174.79918008305776
175.6986819678507
176.6017783279991
177.50846916350304
178.41875447436257
179.3326342605776
180.25010852214825
181.1711772590745
182.09584047135627
183.02409815899364
183.9559503219865
184.8913969603351
185.83043807403908
186.77307366309878
187.71930372751387
188.6691282672847
189.622547282411
190.57956077289282
191.54016873873024
192.50437117992328
193.47216809647205
194.4435594883762
195.41854535563584
196.39712569825122
197.3793005162221
198.36506980954846
199.35443357823044
200.34739182226804
201.34394454166113
202.34409173640995
203.34783340651416
204.35516955197397
205.3661001727894
206.38062526896033
207.39874484048687
208.42045888736902
209.44576740960667
210.47467040719982
211.5071678801488
212.54325982845307
213.58294625211306
214.62622715112855
215.67310252549964
216.72357237523602
218.21298755854014
219.714618026273
221.22846377843507
222.75452481502634
224.29280113604636
225.8432927414974
227.40599963137583
228.98092180568437
230.56805926442212
232.1674120075886
233.7789800351852
235.4027633472101
237.03876194366558
238.68697582454934
240.3474049898623
242.02004943960492
243.7049091737763
245.40198419237777
247.11127449540754
248.83278008286698
250.56650095475607
252.3124371110739
254.0705885518214
255.8409552769981
257.623537286604
259.41833458063866
261.22534715910297
263.0445750219965
264.8760181693192
266.719676601072
268.57555031725315
270.443639317863
272.32394360290346
274.2164631723722
276.12119802627103
278.03814816459817
279.9673135873545
281.9086942945414
283.8622902861566
285.82810156220194
287.8061281226751
289.79636996757836
291.7988270969104
293.8134995106725
295.8403872088629
297.8794901914839
299.93080845853274
301.99434201001077
304.0700908459198
306.1580549662531
307.363755787399
308.54659430145966
309.7065705084369
310.84368440832714
311.9579360011321
313.04932528685185
314.1178522654873
315.16351693703655
316.1863193015006
317.1862593588794
318.16333710917297
319.11755255238313
320.04890568850533
320.9573965175432
321.84302503949584
322.70579125436234
323.54569516214633
324.36273676284327
325.15691605645407
325.92823304298054
326.6766877224218
327.4022800947787
328.10501016004855
328.7848779182341
329.4418833693344
330.07602651335037
330.6873073502793
331.2757258801239
331.84128210288236
332.3839760185565
332.9038076271463
333.40077692864907
333.8748839230675
334.3261286103998
334.75451099064685
335.1600310638105
335.542688829888
335.90248428887844
336.2394174407855
336.55348828560636
336.84469682334384
337.11304305399426
337.35852697756036
337.5811485940394
337.78090790343595
337.95780490574634
338.1118396009697
338.2430119891087
338.3513220701634
338.4367698441456
339.9883071989607
341.57537251680696
343.1979657976808
344.85608704158767
346.5497362485203
348.27891341848954
350.0436185514809
351.8438516475071
353.67961270655906
355.550901728644
357.45771871375837
359.4000636619003
361.3779365730752
363.3913374472759
365.4402662845114
367.5247230847708
369.6447078480651
371.8002205743833
373.9912612637363
376.2178299161151
378.4799265315287
380.7775511099662
383.1107036514386
385.47938415594217
387.88359262346967
390.3233290540302
392.79859344761826
395.30938580423754
397.8557061238844
400.43755440656423
403.05493065226983
405.70783486101027
408.39626703277645
411.12022716757565
413.8797152654006
416.67473132625855
419.5052753501477
422.3713473370608
425.2729472870087
428.2100751999824
431.18273107598907
434.19091491502513
437.2346267170924
440.3138664821836
443.4286342103096
446.5789299014614
449.764753555648
452.9861051728585
456.2429847531039
459.53539229645685
465.14613082492724
470.88191900357197
476.74275683238375
482.7286443113626
488.83958144052303
495.0755682198651
501.4366046493742
507.92269072905765
514.5338264589227
521.2700118389548
528.1312468691613
535.1175315495348
542.2288658800899
549.465249860812
556.8266834917085
564.3131667727721
571.9246997040245
579.661282285444
587.5229145170379
595.5095963987987
603.6213279307412
611.8581091128508
620.219939945142
628.7068204276002
637.3187505602327
646.0557303430469
654.9177597760281
663.9048388591691
673.0169675924917
682.2541459759959
691.6163740096672
701.1036516935201
710.71597902754
720.4533560117416
730.3157826461102
740.3032589306531
750.4157848653704
760.6533604502547
771.0159856853206
781.5036605705391
792.1163851059464
802.8541592915353
813.7169831272986
824.7048566132289
835.8177797493336
847.0557525356053
858.4187749720586
869.906847058679
881.519968795481
893.25814018253
911.30107328546
929.7113976881956
948.4891133907659
967.6342203931708
987.1467186953523
1007.0266082973685
1027.2738891991612
1047.8885614007886
1068.8706249022507
1090.2200797035184
1111.9369258045626
1134.0211632054416
1156.472791906126
1179.2918119066453
1202.478223206941
1226.0320258071006
1249.9532197070948
1274.2418049068365
1298.8977814064128
1323.9211492057948
1349.3119083049824
1375.0700587040046
1401.1956004028325
1427.6885334014369
1454.5488576997886
1487.5031565056415
1521.265353012015
1555.8354472187348
1591.213439125917
1627.399328733387
1664.3931160413777
1702.1948010496562
1740.8043837584555
1780.221864167659
1820.4472422771505
1861.4805180871626
1903.3216915974626
1945.9707628082833
1989.4277317193919
2033.6925983310211
2078.76536264288
2124.6460246552597
2171.3345843679854
2218.8310417812318
2267.135396894766
2316.2476497087628
2366.1678002231056
2416.895848437969
2468.4317943530623
2520.7756379731
2764.311851507984
3023.3009221469983
3297.742849885486
3587.637634728104
3892.9852766711265
4213.785775715485
4550.039131863974
4901.745345112868
5268.90441546496
5651.516342917457
6049.581127473153
6463.098769130185
6892.069267889485
7336.492623751052
7796.368836713955
8271.697906777263
8762.47983394377
9268.714618213475
9790.402259583585
10327.542758056894
10880.136113630608
11448.18232630752
12031.6813960867
12630.633322966285
13245.038106955588
14433.535153739154
15680.45731959492
16985.804604530334
18349.577008549124
19771.774531647563
21252.3971738182
22791.444935064763
24388.917815398425
26044.815814804286
27759.138933289796
29531.88717085868
31363.060527507216
33252.6590032205
35200.68259802461
37207.131311908364
39272.00514487177
41395.30409689993
43577.02816801891
45817.17735821381
48115.75166748464
50472.751095831394
52888.17564326525
55362.0253097713
57894.300095360726
