77.0
82.10207473215424
87.19861328094161
92.28961564636214
97.3750818284158
102.45501182710262
107.52940564242257
112.59826327437565
117.66158472296189
122.71936998818128
127.77161907003381
132.8183319685195
137.8595086836383
142.89514921539023
147.92525356377533
152.94982172879358
157.96885371044496
162.9823495087295
167.99030912364714
172.99273255519796
177.9896198033819
182.98097086819902
187.96678574964926
192.94706444773266
197.92180696244918
202.89101329379884
207.85468344178167
212.8128174063976
217.7654151876467
222.71247678552896
227.65400220004435
232.58999143119286
237.52044447897453
242.44536134338938
247.3647420244373
252.27858652211842
257.18689483643266
262.08966696738
266.9869029149606
271.87860267917426
276.764766260021
281.645393657501
286.52048487161414
291.39003990236034
296.2540587497398
301.1125414137523
305.96548789439794
310.81289819167677
315.6547723055887
320.49111023613386
325.32191198331213
330.14717754712353
334.9669069275681
339.7811001246458
344.5897571383566
349.39287796870065
354.19046261567775
358.98251107928803
363.7690233595314
368.549999456408
373.3254393699177
378.0953431000605
382.8597106468365
387.6185420102456
392.3718371902879
397.11959618696335
401.8618190002719
406.5985056302136
411.32965607678847
416.0552703399964
420.7753484198376
425.4898903163118
430.19889602941925
434.9023655591598
439.6002989055335
444.29269606854035
448.9795570481803
453.6608818444535
458.3366704573598
463.0069228868992
467.6716391330718
472.33081919587744
476.9844630753163
481.6325707713883
486.2751422840934
490.9121776134317
495.5436767594031
500.1696397220077
504.7900665012454
509.4049570971162
514.0143115096203
518.6181297387574
523.2164117845276
527.809157646931
532.3963673259676
536.9780408216373
541.5541781339402
546.1247792628761
550.6898442084453
555.2493729706475
559.803365549483
564.3518219449516
568.8947421570533
573.4321261857881
577.9639740311561
582.4902856931574
587.0110611717915
591.526300467059
596.0360035789595
600.5401705074933
605.03880125266
609.53189581446
614.0194541928932
618.5014763879594
622.9779623996588
627.4489122279915
631.9143258729572
636.374203334556
640.828544612788
645.2773497076532
649.7206186191514
654.1583513472829
658.5905478920474
663.0172082534451
667.4383324314759
671.85392042614
676.2639722374372
680.6684878653674
685.0674673099309
689.4609105711274
693.8488176489572
698.23118854342
702.608023254516
706.979321782245
711.3450841266074
715.7053102876029
720.0600002652313
724.4091540594931
728.752771670388
733.090853097916
737.4233983420771
741.7504074028715
746.0718802802988
750.3878169743593
754.6982174850531
759.00308181238
763.30240995634
767.5962019169331
771.8844576941594
776.1671772880188
780.4443606985113
784.7160079256371
788.982118969396
793.2426938297879
797.4977325068131
801.7472350004714
805.9912013107628
810.2296314376873
814.4625253812451
818.689883141436
822.9117047182599
827.1279901117172
831.3387393218073
835.5439523485308
839.7436291918874
843.9377698518771
848.1263743284999
852.309442621756
856.4869747316451
860.6589706581674
864.8254304013228
868.9863539611115
873.1417413375331
877.2915925305879
881.435907540276
885.5746863665971
889.7079290095514
893.8356354691389
897.9578057453595
902.0744398382132
906.1855377477
910.29109947382
914.3911250165731
918.4856143759594
922.5745675519789
926.6579845446314
930.7358653539171
934.8082099798361
938.875018422388
942.9362906815732
946.9920267573915
951.0422266498429
955.0868903589275
959.1260178846451
963.1596092269959
967.1876643859798
971.2101833615969
975.2271661538471
979.2386127627304
983.244523188247
987.2448974303966
991.2397354891793
995.2290373645952
999.2128030566442
1003.1910325653266
1007.1637258906419
1011.1308830325904
1015.092503991172
1019.0485887663867
1022.9991373582349
1026.9441497667158
1030.88362599183
1034.8175660335774
1038.7459698919579
1042.6688375669714
1046.5861690586185
1050.4979643668983
1054.4042234918113
1058.3049464333576
1062.2001331915367
1066.0897837663492
1069.973898157795
1073.8524763658738
1077.7255183905859
1081.5930242319307
1085.454993889909
1089.3114273645201
1093.162324655765
1097.0076857636425
1100.8475106881533
1104.6817994292971
1108.5105519870742
1112.3337683614843
1116.1514485525279
1119.9635925602045
1123.770200384514
1127.571272025457
1131.3668074830327
1135.156806757242
1138.9412698480842
1142.7201967555595
1146.493587479668
1150.2614420204095
1154.0237603777844
1157.7805425517925
1161.5317885424333
1165.2774983497077
1169.017671973615
1172.7523094141554
1176.481410671329
1180.2049757451362
1183.923004635576
1187.635497342649
1191.342453866355
1195.0438742066945
1198.739758363667
1202.4301063372727
1206.1149181275116
1209.7941937343835
1213.4679331578886
1217.1361363980268
1220.7988034547982
1224.4559343282028
1228.1075290182403
1231.7535875249112
1235.394109848215
1239.0290959881522
1242.6585459447224
1246.2824597179258
1249.9008373077622
1253.513678714232
1257.1209839373348
1260.7227529770707
1264.31898583344
1267.909682506442
1271.4948429960775
1275.074467302346
1278.6485554252477
1282.2171073647824
1285.7801231209505
1289.3376026937515
1292.8895460831857
1296.4359532892531
1299.9768243119536
1303.5121591512873
1307.0419578072542
1310.5662202798542
1314.0849465690872
1317.5981366749534
1321.1057905974526
1324.6079083365853
1328.104489892351
1331.5955352647497
1335.0810444537817
1338.5610174594467
1342.035454281745
1345.5043549206766
1348.9677193762411
1352.4255476484386
1355.8778397372694
1359.3245956427334
1362.7658153648304
1366.2014989035608
1369.6316462589243
1373.0562574309208
1376.4753324195503
1379.888871224813
1383.296873846709
1386.6993402852383
1390.0962705404006
1393.4876646121959
1396.8735225006244
1400.2538442056862
1403.628629727381
1406.997879065709
1410.36159222067
1413.7197691922643
1417.0724099804916
1420.419514585352
1423.761083006846
1427.0971152449729
1430.4276112997327
1433.7525711711257
1437.071994859152
1440.3858823638113
1443.694233685104
1446.9970488230297
1450.2943277775885
1453.5860705487803
1456.8722771366056
1460.1529475410637
1463.4280817621552
1466.6976797998798
1469.9617416542374
1473.2202673252282
1476.473256812852
1479.7207101171093
1482.9626272379996
1486.199008175523
1489.4298529296796
1492.6551615004691
1495.874933887892
1499.0891700919483
1502.2978701126372
1505.5010339499595
1508.6986616039148
1511.8907530745032
1515.077308361725
1518.25832746558
1521.433810386068
1524.603757123189
1527.7681676769432
1530.9270420473306
1534.0803802343512
1537.228182238005
1540.370448058292
1543.5071776952118
1546.6383711487647
1549.764028418951
1552.8841495057704
1555.9987344092233
1559.1077831293087
1562.2112956660276
1565.3092720193795
1568.4017121893646
1571.4886161759832
1574.5699839792346
1577.645815599119
1580.7161110356367
1583.7808702887874
1586.8400933585715
1589.8937802449886
1592.941930948039
1595.9845454677222
1599.0216238040389
1602.0531659569886
1605.0791719265712
1608.0996417127874
1611.1145753156366
1614.1239727351187
1617.1278339712342
1620.1261590239826
1623.1189478933643
1626.1062005793794
1629.0879170820274
1632.0640974013086
1635.0347415372228
1637.99984948977
1640.9594212589507
1643.9134568447644
1646.8619562472113
1649.8049194662913
1652.7423465020042
1655.6742373543507
1658.6005920233301
1661.5214105089426
1664.4366928111883
1667.346438930067
1670.2506488655793
1673.1493226177242
1676.0424601865027
1678.9300615719142
1681.8121267739587
1684.6886557926366
1687.5596486279471
1690.4251052798913
1693.2850257484683
1696.1394100336786
1698.9882581355218
1701.8315700539986
1704.6693457891085
1707.501585340851
1710.3282887092273
1713.149455894236
1715.9650868958786
1718.7751817141543
1721.5797403490626
1724.3787628006044
1727.172249068779
1729.9601991535872
1732.7426130550286
1735.5194907731025
1738.2908323078102
1741.0566376591505
1743.8169068271245
1746.571639811731
1749.320836612971
1752.0644972308446
1754.8026216653507
1757.5352099164902
1760.2622619842625
1762.9837778686683
1765.6997575697073
1768.4102010873792
1771.1151084216845
1773.8144795726225
1776.508314540194
1779.1966133243986
1781.8793759252364
1784.5566023427075
1787.2282925768113
1789.8944466275484
1792.5550644949185
1795.210146178922
1797.859691679559
1800.5037009968285
1803.1421741307315
1805.7751110812674
1808.4025118484367
1811.024376432239
1813.6407048326741
1816.2514970497432
1818.8567530834446
1821.4564729337794
1824.0506566007473
1826.6393040843486
1829.2224153845832
1831.7999905014503
1834.3720294349512
1836.9385321850846
1839.4994987518517
1842.0549291352518
1844.604823335285
1847.1491813519513
1849.6880031852504
1852.2212888351833
1854.7490383017487
1857.2712515849478
1859.7879286847801
1862.2990696012448
1864.8046743343434
1867.3047428840746
1869.7992752504392
1872.2882714334373
1874.771731433068
1877.2496552493321
1879.7220428822288
1882.1888943317595
1884.650209597923
1887.1059886807193
1889.5562315801494
1892.000938296212
1894.4401088289083
1896.873743178237
1899.3018413441996
1901.7244033267953
1904.1414291260235
1906.5529187418856
1908.9588721743803
1911.3592894235085
1913.7541704892697
1916.1435153716639
1918.5273240706915
1920.9055965863517
1923.2783329186454
1925.6455330675726
1928.0071970331326
1930.363324815326
1932.7139164141518
1935.0589718296114
1937.398491061704
1940.9923772686948
1944.5907663613134
1948.193658339555
1951.8010532034198
1955.4129509529082
1959.0293515880198
1962.6502551087547
1966.2756615151131
1969.9055708070946
1973.5399829846997
1977.1788980479282
1980.8223159967797
1984.4702368312546
1988.1226605513532
1991.7795871570747
1995.44101664842
1999.106949025388
2002.7773842879799
2006.4523224361951
2010.1317634700333
2013.815707389495
2017.5041541945802
2021.1971038852885
2024.8945564616201
2028.5965119235752
2032.3029702711538
2036.0139315043552
2039.7293956231804
2043.449362627629
2047.1738325177005
2050.9028052933954
2054.636280954714
2058.3742595016556
2062.1167409342206
2065.863725252409
2069.615212456221
2073.371202545656
2077.1316955207144
2080.8966913813965
2084.666190127701
2088.4401917596297
2092.2186962771816
2096.0017036803565
2099.789213969155
2103.581227143577
2107.3777432036222
2111.1787621492904
2114.9842839805824
2118.7943086974974
2122.608836300036
2126.4278667881977
2130.251400161983
2134.079436421391
2137.9119755664233
2141.749017597078
2145.5905625133564
2149.4366103152583
2153.2871610027837
2157.142214575932
2161.001771034704
2164.865830379099
2168.7343926091175
2172.6074577247596
2176.4850257260246
2180.367096612913
2184.253670385425
2188.14474704356
2192.0403265873188
2195.9404090167004
2199.8449943317055
2203.754082532334
2207.667673618586
2211.5857675904613
2215.50836444796
2219.435464191082
2223.367066819827
2227.3031723341956
2231.2437807341876
2235.1888920198026
2239.138506191041
2243.092623247903
2247.051243190388
2251.0143660184967
2254.9819917322284
2258.954120331584
2262.9307518165624
2266.9118861871643
2270.8975234433897
2274.8876635852384
2278.88230661271
2282.8814525258053
2286.885101324524
2290.893253008866
2294.905907578831
2298.92306503442
2302.9447253756316
2306.970888602467
2311.0015547149255
2315.0367237130076
2319.0763955967127
2323.603596600623
2328.14486536612
2332.700201893174
2337.2696061817837
2341.85307823195
2346.450618043673
2351.0622256169513
2355.6879009517857
2360.327644048177
2364.981454906125
2369.649333525628
2374.331279906688
2379.027294049304
2383.737375953477
2388.4615256192055
2393.1997430464908
2397.9520282353324
2402.71838118573
2407.4988018976833
2412.2932903711935
2417.1018466062596
2421.924470602882
2426.7611623610605
2431.6119218807958
2436.4767491620873
2441.355644204935
2446.2486070093387
2451.155637575299
2456.0767359028155
2461.011901991888
2465.961135842517
2470.924437454702
2475.901806828443
2480.8932439637406
2485.898748860595
2490.918321519005
2495.951961938971
2500.9996701204936
2506.061446063573
2511.137289768208
2516.2272012343997
2521.331180462147
2526.4492274514514
2531.5813422023116
2536.7275247147277
2541.8877749887006
2547.06209302423
2552.250478821315
2557.4529323799566
2562.6694537001545
2567.9000427819083
2573.144699625219
2578.4034242300854
2583.6762165965083
2588.963076724487
2594.2640046140227
2599.5790002651147
2604.9080636777617
2610.251194851966
2615.608393787726
2620.979660485043
2626.364994943916
2631.764397164345
2637.1778671463308
2642.6054048898723
2648.04701039497
2653.5026836616244
2658.972424689835
2664.456233479602
2669.9541100309243
2675.4660543438035
2680.992066418239
2686.5321462542306
2692.086293851779
2697.654509210883
2703.2367923315437
2708.8331432137606
2714.4435618575335
2720.068048262863
2725.7066024297487
2731.35922435819
2737.025914048188
2742.7066714997422
2748.401496712853
2754.1103896875197
2759.833350423743
2765.570378921522
2771.3214751808578
2777.0866392017497
2782.8658709841984
2788.6591705282026
2794.466537833763
2800.2879729008805
2806.1234757295533
2811.9730463197825
2817.836684671568
2823.7143907849104
2829.606164659808
2835.512006296263
2841.431915694274
2850.5355988554
2859.716116233467
2868.9734678285677
2878.307653640695
2887.718673669853
2897.2065279160415
2906.771216379264
2916.412739059513
2926.1310959567963
2935.92628707111
2945.798312402454
2955.747171950832
2965.7728657162406
2975.8753936986795
2986.0547558981452
2996.310952314645
3006.6439829481715
3017.053847798732
3027.540546866323
3038.104080150948
3048.7444476526
3059.4616493712856
3070.2556853070055
3081.126555459752
3092.074259829529
3103.0987984163366
3114.2001712201745
3125.378378241039
3136.6334194789415
3147.9652949338742
3159.3740046058374
3170.8595484948273
3182.421926600855
3194.0611389239093
3205.777185463994
3217.570066221113
3229.4397811952585
3241.3863303864455
3253.409713794652
3265.5099314198924
3277.6869832621633
3289.9408693214646
3302.2715895978
3314.679144091162
3327.163532801558
3339.7247557289847
3352.3628128734417
3365.077704234929
3377.8694298134433
3390.7379896089915
3404.317664294089
3417.9990469480617
3431.7821375709173
3445.6669361626773
3459.653442723331
3473.7416572528746
3487.931579751308
3502.2232102186426
3516.6165486548707
3531.1115950599888
3545.708349433997
3560.406811776902
3575.2069820887045
3590.1088603693897
3605.112446618976
3620.217740837459
3635.424743024836
3650.7334531810957
3666.143871306256
3681.6559974003103
3697.2698314632617
3712.9853734950957
3728.8026234958306
3744.721581465459
3760.7422474039813
3776.8646213113934
3793.088703187703
3809.4144930329057
3825.841990846995
3842.371196629985
3859.0021103818654
3875.7347321026427
3892.5690617923065
3909.5050994508747
3926.542845078333
3943.682298674681
3960.923460239919
3978.2663297740582
3995.7109072770872
4013.257192749006
4030.905186189826
4048.654887599536
4066.5062969781466
4084.4594143256363
4102.514239642031
4120.670772927315
4138.929014181485
4157.2889634045605
4175.750620596526
4194.313985757384
4215.503858072603
4236.894450089785
4258.485761808632
4280.277793229143
4302.270544351326
4324.464015175166
4346.858205700701
4369.453115927885
4392.248745856734
4415.245095487262
4438.442164819455
4461.839953853327
4485.438462588849
4509.23769102605
4533.237639164916
4557.438307005432
4581.839694547642
4606.44180179153
4631.244628737055
4656.2481753842585
4681.452441733141
4706.857427783674
4732.463133535901
4758.269558989778
4784.276704145319
4810.4845690025395
4836.893153561425
4863.502457821989
4890.312481784218
4917.323225448097
4944.5346888136555
4971.9468718808785
4999.559774649781
5027.373397120347
5055.387739292579
5083.602801166475
5112.01858274205
5140.63508401929
5169.452304998194
5198.470245678778
5227.688906061012
5257.108286144925
5286.728385930488
5316.549205417759
5346.570744606666
5376.793003497252
5407.215982089503
5437.839680383418
5468.664098379028
5499.689236076272
5538.5535096399835
5577.91804863725
5617.782853068085
5658.1479229324905
5699.0132582306105
5740.378858962271
5782.244725127588
5824.610856726504
5867.477253759018
5910.843916225218
5954.710844124958
5999.0780374583555
6043.945496225351
6089.313220426033
6135.181210060226
6181.549465128046
6228.417985629552
6275.786771564628
6323.6558229333605
6372.025139735633
6420.894721971563
6470.264569641178
6520.134682744305
6570.505061281117
6621.375705251499
6672.746614655567
6724.617789493175
6776.989229764382
6829.8609354693035
6883.2329066077655
6937.105143179884
6991.477645185601
7046.350412624888
7101.72344549789
7157.596743804461
7213.97030754466
7270.844136718457
7328.218231325911
7386.092591366905
7444.467216841556
7503.342107749835
7562.717264091712
7622.5926858672465
7682.968373076321
7743.844325719052
7805.22054379544
7867.097027305368
7929.473776249011
7992.350790626166
8055.728070437035
8140.627343186759
8226.851262839045
8314.399829395465
8403.27304285625
8493.470903221518
8584.993410491035
8677.840564664919
8772.012365742936
8867.508813725435
8964.329908612417
9062.475650403532
9161.94603909913
9262.741074698977
9364.86075720319
9468.30508661177
9573.0740629246
9679.167686141911
9786.585956263356
9895.3288732894
10005.396437219577
10116.78864805412
10229.50550579303
10343.547010436305
10458.913161983946
10575.603960435838
10749.404235465452
10928.82029814506
11113.852148473263
11304.499786450062
11500.763212075923
11702.642425349914
11910.137426273432
12123.248214844614
12341.974791064393
12566.317154932301
12796.275306449272
13031.849245614838
13273.038972429
13519.844486892689
13772.265789003577
14030.302878763527
14293.955756171606
14563.224421228748
14838.10887393402
15118.609114289284
15404.725142291747
15696.456957943272
15993.804561242927
16296.767952191178
16605.347130788025
16959.750604089815
17322.862827126402
17694.68379989406
18075.213522390928
18464.451994618867
18862.399216576014
19269.055188263766
19684.41990968259
20108.493380830158
20541.27560170833
20982.766572317574
21432.966292656027
21891.874762726016
22359.49198252475
22835.81795205362
23320.85267131403
23814.59614030365
24317.04835902434
24828.209327474236
25348.079045654275
25876.657513565384
26413.944731205702
26959.940698576625
27514.645415678155
28078.05888250936
30165.695323377848
32378.618531234562
34716.8285060823
37180.3252479136
39769.10875673592
42483.17903253436
45322.53607532382
48287.17988508195
51377.11046183854
54592.32780558616
57932.831916317344
61398.6227940321
64989.70043873042
68706.06485041231
72547.71602908522
76514.65397473425
80606.8786873743
84824.39016699791
89167.1884136051
93635.2734272033
98228.64520777017
102947.30375533551
107791.24906988442
112760.4811514169
117854.9999999404
