359
371
492
750
251
1596
415
844
865
429
744
362
1658
353
346
410
4460
789
430
483
448
358
394
233
152
79
1259
240
167
67
1084
371
239
640
1991
500
17857
4413
10486
711
531
254
218
344
291
143
210
312
2219
1274
342
2573
11
692
252
199
1370
385
486
447
593
2647
596
581
594
1711
495
586
673
1196
626
364
822
241
280
778
179
407
458
496
257
373
260
1089
512
2823
373
2910
1277
597
428
1312
451
383
465
362
823
609
394
361
396
1209
347
275
294
419
5
98
1499
225
1323
211
186
47
112
312
212
6
343
817
2647
249
367
278
416
1316
427
514
682
730
2352
1964
822
4585
402
438
944
418
508
211
505
342
400
297
508
215
548
380
790
747
625
381
428
481
585
2312
359
345
227
196
375
190
818
1420
209
429
231
85
1414
343
392
357
604
407
588
628
581
398
1402
385
334
358
1413
754
888
812
573
1587
200
177
699
324
171
308
677
697
591
240
468
389
530
3905
413
407
394
425
546
425
411
849
246
355
740
5019
476
1232
759
382
603
1031
371
318
495
414
541
471
361
1707
1178
198
189
2965
225
807
378
342
1154
1161
1364
513
440
457
535
349
639
688
371
545
410
318
2661
184
857
289
278
346
5254
832
845
909
994
316
371
337
665
1373
541
1172
478
407
1383
1275
348
396
490
286
2821
571
367
988
376
407
1704
396
494
431
828
431
636
1579
431
426
405
389
444
418
384
522
540
505
285
381
1780
578
1014
765
519
418
589
1092
1915
471
384
445
367
362
329
1211
4110
761
356
315
360
502
2287
401
354
463
414
309
1742
1474
205
1030
260
1908
402
660
102
86
2130
1093
382
414
460
982
369
440
373
399
415
405
327
544
515
373
858
1410
459
139
463
684
395
205
426
1708
344
360
1218
569
400
371
460
403
913
204
3169
318
830
733
697
286
622
92
539
66
250
193
340
75
283
166
327
245
63
406
407
311
787
529
427
434
2648
458
2148
1216
3039
401
633
868
364
422
204
422
397
168
3495
1982
326
718
485
518
878
411
416
461
343
444
385
399
1424
347
6349
1224
824
128
3487
930
410
1512
921
686
732
297
545
340
329
451
587
501
503
350
735
358
413
830
1164
490
546
144
536
551
4215
181
127
381
363
353
381
730
491
414
688
449
391
683
443
759
4520
421
567
461
447
399
2858
435
580
1523
445
500
995
471
113
97
530
222
170
287
793
554
455
5360
757
1397
358
759
404
819
473
103
167
434
437
166
341
1449
193
3750
684
381
814
384
246
499
453
1092
2082
1046
335
457
4553
402
521
2263
813
690
305
1403
808
336
374
454
1677
407
1225
372
551
519
355
998
331
180
625
387
482
318
330
336
451
418
438
384
369
1590
673
492
1960
575
392
467
615
579
62
85
608
803
352
382
425
2335
540
599
456
1170
850
3340
359
601
579
360
524
163
135
395
410
2796
399
1849
90
318
1245
306
1321
3087
657
346
416
814
385
449
426
446
500
2141
493
816
975
1395
514
472
1216
337
308
807
300
4695
640
803
302
843
930
1476
5426
358
1015
1313
392
507
417
461
1926
431
343
439
320
277
1593
711
660
730
351
234
314
332
4072
224
369
211
126
915
676
291
2231
409
447
404
576
489
567
412
740
1166
377
878
451
1748
319
4661
315
508
389
441
478
424
375
549
1287
1617
3463
358
507
1831
798
1074
479
312
478
4801
608
1579
247
257
1681
612
468
507
394
1350
353
538
1517
455
371
347
2207
358
1379
1415
680
681
910
3829
557
291
5373
144
981
549
273
128
32
373
114
371
356
975
461
867
442
4649
270
995
333
