1231
1308
2574
2663
5135
48717
3308
2708
4448
1917
1464
770
865
2295
3390
3526
22358
12218
1385
322
2933
6629
4611
2197
3193
2582
3077
2078
857
2580
1853
10218
3462
595
1085
7806
11288
1987
1474
2987
7053
3125
25746
2254
3062
1124
4283
3705
7347
3263
2523
6658
14902
2246
1215
2277
7685
16357
4420
2489
1699
2427
2341
1966
2949
2035
4885
4628
4083
2795
5167
5267
5266
21606
2908
2288
1627
1305
1175
6890
6078
2393
3111
1550
1386
1347
2976
15948
4792
3236
1958
2540
568
3497
3244
653
4833
3767
1467
1567
1335
51044
1794
2733
1646
3173
5537
25448
1649
5054
6445
6876
2691
5839
2031
2208
5136
65896
1418
1804
8533
1101
2286
1281
1333
529
1807
648
964
293
1720
251
560
31759
11286
5309
3536
887
417
1312
563
433
14804
7625
2165
5102
7733
9715
25091
11969
4920
29431
3480
3561
4790
4906
6835
2201
2870
5543
7144
3988
4851
40822
3677
1778
1354
5014
3992
4872
1994
3131
1581
6647
2096
3231
3071
3862
3634
3373
2034
11797
2808
4479
1863
2102
2734
1325
1150
1111
6835
1387
780
349
583
1777
3315
1420
3160
2636
4710
7281
3501
4841
5753
3718
1807
1881
2874
5678
2346
6600
6025
12852
1422
3264
3296
2350
2307
1335
1879
6378
822
2279
5854
1308
6285
1419
457
370
383
3269
4901
4967
4674
745
382
425
2790
2166
2369
1954
391
359
988
694
1501
371
3621
798
11821
1590
3709
1238
2642
3712
3479
5598
1643
1716
1426
650
7032
545
1296
458
572
10206
3406
600
599
666
2854
1577
3090
2088
1997
441
566
1686
1144
498
515
274
452
1637
439
2820
1252
6670
2645
11301
3023
4514
3690
3733
3018
5250
3902
2313
2977
1088
1908
2990
32437
2625
2201
2614
2879
15843
25039
1972
16142
3470
1961
562
10627
2262
1100
1482
4103
2263
3172
4817
3582
7330
1406
1475
1740
1961
4071
2974
36287
3125
3710
1802
1698
3018
931
3635
1462
1918
4684
2423
2049
5687
485
485
5214
3333
1892
5189
1458
3061
3394
2174
5919
6076
10951
1506
1289
2115
5596
2652
4368
3186
3355
32734
2292
3033
1883
2606
6310
6093
1433
1175
1793
1846
3843
1257
2461
879
195
717
6931
481
632
4861
43922
1293
1182
3500
881
14270
13151
14581
918
1350
455
64499
413
428
989
597
1004
1565
949
6319
1043
504
10754
2079
408
395
337
550
526
1629
1587
2703
2802
2411
1166
528
670
284
5964
2712
1711
2232
3808
878
1571
2583
428
1463
2316
1674
465
18805
2164
65561
9205
2162
370
21465
1899
2977
730
483
323
288
6184
666
207
290
2179
65
50
95
3338
65100
2808
1029
3894
1516
4510
2471
45033
6903
2805
4689
2697
1995
5112
920
4355
11303
2890
5321
64607
4385
7111
3500
2688
31750
2544
5391
4922
2309
325
791
315
4082
577
2909
4815
1268
4922
2244
2159
923
7357
7321
23004
4142
9949
3326
3215
4845
7833
986
33492
993
1883
4035
1932
14246
2889
2033
2940
2724
1802
1456
1903
2516
6489
3639
1874
1319
4789
5944
32196
4080
3358
1719
2798
2162
2546
3044
3897
10691
2391
3100
2076
2038
2813
1388
7125
2191
6326
1309
3221
2227
4856
3841
5189
1587
5719
1420
89613
2155
2294
30414
11160
1802
836
8727
839
3904
2212
1428
1159
5310
5020
2813
2864
6179
1651
7479
3216
2186
3042
3363
898
1207
381
875
4515
969
336
463
3972
358
282
325
67947
4795
1657
2207
1753
2986
1269
2133
4206
10444
1625
4403
19049
472
1814
437
13412
12004
2701
6819
