1.0
2.3205221333545243
3.6384545822535164
4.953797346696977
6.266550426684906
7.576713822217302
8.884287533294167
10.189271559915502
11.491665902081305
12.791470559791573
14.088685533046311
15.38331082184552
16.675346426189193
17.96479234607734
19.25164858150995
20.53591513248703
21.81759199900858
23.096679181074595
24.37317667868508
25.647084491840033
26.918402620539453
28.187131064783344
29.453269824571702
30.716818899904528
31.97777829078182
33.23614799720358
34.49192801916982
35.74511835668052
36.995719009735694
38.24372997833533
39.48915126247944
40.73198286216802
41.97222477740106
43.20987700817858
44.44493955450055
45.677412416367
46.90729559377792
48.13458908673331
49.35929289523316
50.581407019277485
51.80093145886627
53.01786621399953
54.232211284677255
55.44396667089945
56.653132372666114
57.85970838997725
59.06369472283285
60.26509137123292
61.463898335177454
62.66011561466646
63.853743209699935
65.04478112027786
66.23322934640028
67.41908788806714
68.60235674527847
69.78303591803429
70.96112540633456
72.13662521017932
73.30953532956852
74.47985576450219
75.64758651498036
76.81272758100296
77.97527896257006
79.13524065968161
80.29261267233764
81.44739500053812
82.59958764428308
83.74919060357252
84.89620387840641
86.04062746878478
87.1824613747076
88.32170559617491
89.45836013318667
90.59242498574291
91.72390015384363
92.8527856374888
93.97908143667844
95.10278755141255
96.22390398169112
97.34243072751417
98.45836778888169
99.57171516579368
100.68247285825012
101.79064086625105
102.89621918979644
103.99920782888628
105.09960678352061
106.19741605369941
107.29263563942268
108.3852655406904
109.47530575750261
110.56275628985927
111.6476171377604
112.72988830120602
113.80956978019609
114.88666157473062
115.96116368480963
117.03307611043311
118.10239885160104
119.16913190831346
120.23327528057035
121.29482896837172
122.35379297171754
123.41016729060783
124.4639519250426
125.51514687502181
126.56375214054555
127.60976772161371
128.65319361822634
129.69402983038344
130.73227635808504
131.76793320133106
132.80100036012158
133.83147783445656
134.85936562433602
135.88466372975995
136.90737215072832
137.92749088724116
138.94501993929848
139.9599593069003
140.97230899004654
141.98206898873727
142.98923930297246
143.99381993275213
144.99581087807627
145.99521213894485
146.99202371535793
147.98624560731548
148.97787781481748
149.96692033786394
150.95337317645487
151.93723633059028
152.9185098002702
153.8971935854945
154.87328768626332
155.84679210257661
156.81770683443438
157.7860318818366
158.75176724478328
159.71491292327443
160.67546891731004
161.63343522689016
162.58881185201471
163.54159879268371
164.4917960488972
165.4394036206552
166.38442150795763
167.32684971080454
168.2666882291959
169.20393706313175
170.13859621261204
171.0706656776368
172.00014545820605
172.92703555431976
173.85133596597797
174.7730466931806
175.6921677359277
176.60869909421928
177.52264076805537
178.43399275743587
179.34275506236085
180.2489276828303
181.15251061884422
182.05350387040264
182.9519074375055
183.8477213201528
184.7409455183446
185.6315800320809
186.51962486136162
187.40508000618684
188.2879454665565
189.16822124247065
190.04590733392925
190.92100374093232
191.79351046347986
192.66342750157185
193.53075485520836
194.3954925243893
195.2576405091147
196.1171988093846
196.97416742519897
197.8285463565578
198.68033560346106
199.52953516590884
200.3761450439011
201.22016523743775
202.06159574651892
202.90043657114455
203.73668771131463
204.57034916702924
205.40142093828825
206.22990302509174
207.0557954274397
207.8790981453322
208.6998111787691
209.51793452775047
210.33346819227629
211.1464121723466
211.95676646796136
212.76453107912062
213.5697060058244
214.37229124807254
215.17228680586518
215.9696926792023
216.76450886808394
217.55673537251
218.34637219248052
219.1334193279955
219.91787677905495
220.6997445456589
221.4790226278073
222.25571102550015
223.02980973873747
223.80131876751932
224.57023811184558
225.33656777171632
226.10030774713152
226.8614580380912
227.62001864459535
228.37598956664397
229.12937080423706
229.8801623573746
230.62836422605665
231.37397641028315
232.11699891005406
232.8574317253695
233.5952748562294
234.33052830263375
235.06319206458255
235.79326614207588
236.52075053511362
237.2456452436959
237.9679502678226
238.68766560749378
239.4047912627094
240.1193272334695
240.83127351977407
241.5406301216231
242.24739703901662
242.95157427195466
243.65316182043708
244.35215968446397
245.04856786403536
245.74238635915123
246.43361516981153
247.1222542960163
247.80830373776558
248.49176349505927
249.17263356789755
249.85091395628018
250.5266046602073
251.1997056796789
251.87021701469496
252.53813866525547
253.20347063136052
253.86621291300997
254.5263655102039
255.18392842294236
255.83890165122523
256.49128519505257
257.1410790544244
257.78828322934066
258.4328977198014
259.0749225258066
259.7143576473563
260.3512030844504
260.98545883708914
261.6171249052722
262.2462012889997
262.87268798827176
263.4965850030882
264.1178923334492
264.7366099793546
265.35273794080456
265.96627621779896
266.5772248103378
267.18558371842107
267.7913529420489
268.39453248122106
268.99512233593777
269.59312250619894
270.1885329920046
270.7813537933547
271.37158491024934
271.9592263426884
272.5442780906719
273.12674015419987
273.70661253327233
274.2838952278893
274.85858823805063
275.43069156375645
276.0002052050068
276.56712916180163
277.1314634341409
277.6932080220247
278.25236292545287
278.8089281444255
279.36290367894264
279.91428952900424
280.4630856946103
281.00929217576083
281.5529089724559
282.0939360846954
282.6323735124793
283.16822125580774
283.70147931468057
284.232147689098
284.76022637905976
285.28571538456606
285.8086147056169
286.3289243422121
286.8466442943518
287.3617745620359
287.8743151452645
288.38426604403764
288.89162725835524
289.3963987882172
289.89858063362374
290.39817279457475
290.8951752710702
291.38958806311007
291.8814111706945
292.3706445938233
292.85728833249664
293.34134238671436
293.8228067564766
294.30168144178333
294.7779664426346
295.2516617590302
295.7227673909704
296.1912833384549
296.65720960148394
297.1205461800575
297.5812930741755
298.03945028383794
298.49501780904484
298.9479956497963
299.39838380609217
299.8461822779325
300.29139106531727
300.7340101682466
301.1740395867203
301.6114793207385
302.04632937030124
302.4785897354083
302.90826041606
303.33534141225607
303.7598327239966
304.18173435128165
304.60104629411114
305.01776855248505
305.43190112640343
305.84344401586634
306.2523972208738
306.65876074142557
307.0625345775219
307.4637187291627
307.8623131963478
308.25831797907756
308.65173307735176
309.0425584911704
309.43079422053347
309.8164402654411
310.1994966258932
310.5799633018896
310.9578402934306
311.33312760051604
311.70582522314595
312.07593316132034
312.4434514150392
312.8083799843025
313.1707188691103
313.5304680694626
313.88762758535927
314.2421974168005
314.59417756378616
314.94356802631626
315.2903688043908
315.6345798980099
315.9762013071735
316.3152330318815
316.65167507213397
316.9855274279309
317.31679009927234
317.6454630861582
317.97154638858854
318.29504000656334
318.6159439400826
318.93425818914636
319.2499827537546
319.56311763390727
319.8736628296044
320.181618340846
320.48698416763216
320.78976030996273
321.0899467678377
321.3875435412573
321.68255063022116
321.9749680347296
322.2647957547824
322.5520337903799
322.8366821415218
323.11874080820803
323.39820979043884
323.675089088214
323.94937870153376
324.22107863039787
324.49018887480656
324.7567094347596
325.0206403102572
325.28198150129924
325.5407330078857
325.79689483001675
326.05046696769216
326.30144942091204
326.54984218967644
326.7956452739853
327.0388586738386
327.27948238923636
327.51751642017865
327.75296076666535
327.9858154286966
328.2160804062722
328.44375569939234
328.6688413080569
328.891337232266
329.1112434720195
329.3285600273176
329.5432868981601
329.75542408454703
329.96497158647844
330.1719294039543
330.3762975369747
330.5780759855395
330.77726474964874
330.97386382930245
331.16787322450074
331.3592929352434
331.54812296153057
331.73436330336216
331.9180139607382
332.0990749336588
332.2775462221239
332.45342782613335
332.6267197456873
332.7974219807857
332.96553453142866
333.131057397616
333.29399057934785
333.45433407662415
333.6120878894449
333.76725201781016
333.9198264617199
334.0698112211742
334.21720629617283
334.36201168671596
334.50422739280356
334.64385341443557
334.7808897516121
334.9153364043331
335.04719337259854
335.1764606564085
335.3031382557629
335.42722617066175
335.54872440110506
335.6676329470929
335.78395180862515
335.8976809857019
336.0088204783231
336.1173702864888
336.2233304101989
336.3267008494535
336.4274816042526
336.5256726745962
336.6212740604842
336.7142857619167
336.8047077788936
336.89254011141503
336.97778275948104
337.0604357230914
337.14049900224626
337.2179725969456
337.2928565071893
337.36515073297755
337.4348552743102
337.5019701311874
337.5664953036091
337.62843079157517
337.6877765950857
337.7445327141408
337.7986991487403
337.85027589888426
337.89926296457276
337.94566034580566
337.98946804258304
338.0306860549049
338.06931438277127
338.105353026182
338.1388019851373
338.169661259637
338.1979308496812
338.6398203736517
339.0824366244695
339.52577960213364
339.96984930664416
340.41464573800096
340.86016889620413
341.30641878125357
341.7533953931494
342.20109873189153
342.64952879747995
343.09868558991474
343.5485691091958
343.99917935532324
344.450516328297
344.90258002811703
345.3553704547834
345.8088876082961
346.2631314886552
346.7181020958605
347.1737994299122
347.6302234908102
348.08737427855453
348.5452517931452
349.00385603458216
349.4631870028654
349.9232446979951
350.38402911997105
350.8455402687933
351.3077781444619
351.7707427469768
352.23443407633806
352.69885213254565
353.1639969155995
353.62986842549975
354.09646666224626
354.56379162583914
355.03184331627835
355.50062173356383
355.97012687769563
356.4403587486738
356.9113173464983
357.3830026711691
357.85541472268625
358.32855350104967
358.80241900625947
359.2770112383156
359.752330197218
360.2283758829667
360.7051482955618
361.1826474350032
361.6608733012909
362.139825894425
362.6195052144053
363.099911261232
363.58104403490506
364.0629035354244
364.54548976279
365.028802717002
365.51284239806034
365.997608805965
366.4831019407159
366.96932180231323
367.4562683907568
367.94394170604676
368.43234174818303
368.9214685171656
369.4113220129945
369.9019022356697
370.39320918519127
370.88524286155916
371.3780032647733
371.8714903948338
372.3657042517407
372.8606448354939
373.3563121460934
373.85270618353917
374.34982694783133
374.84767443896976
375.3462486569546
375.8455496017857
376.3455772734631
376.84633167198683
377.34781279735694
377.85002064957337
378.35295522863606
378.85661653454514
379.3610045673005
379.8661193269022
380.37196081335026
380.8785290266446
381.3858239667852
381.8938456337723
382.4025940276056
382.91206914828524
383.4222709958112
383.9331995701835
384.4448548714021
384.95723689946703
385.4703456543783
385.98418113613593
386.49952445707555
387.01560997243104
387.53243768220386
388.0500075863939
388.5683196850013
389.087373978026
389.607170465468
390.1277091473273
390.6489900236039
391.1710130942978
391.69377835940895
392.21728581893746
392.74153547288324
393.2665273212464
393.79226136402673
394.3187376012244
394.8459560328394
395.3739166588717
395.9026194793213
396.4320644941882
396.96225170347236
397.4931811071738
398.02485270529263
398.5572664978287
399.0904224847821
399.6243206661528
400.15896104194076
400.6943436121461
401.2304683767686
401.7673353358085
402.3049444892657
402.8432958371402
403.38238937943197
403.922225116141
404.4628030472674
405.0041231728111
405.5461854927721
406.0889900071504
406.63253671594595
407.1768256191589
407.72185671678903
408.2676300088365
408.81414549530126
409.3614031761834
409.90940305148274
410.45814512119944
411.0076293853334
411.5578558438847
412.10882449685323
412.6605353442391
413.2129883860423
413.7661836222628
414.32012105290056
414.87480067795565
415.430222497428
415.9863865113177
416.5432927196247
417.10094112234896
417.6593317194905
418.2184645110494
418.77833949702557
419.33895667741905
419.9003160522298
420.4624176214579
421.02526138510325
421.5888473431659
422.1531754956459
422.7182458425432
423.28405838385777
423.85061311958964
424.4179100497388
424.98594917430523
425.55473049328907
426.1242540066901
426.6945197145085
427.2655276167441
427.83727771339716
428.40977000446736
428.98300448995496
429.5569811698598
430.131700044182
430.7071611129214
431.2833643760782
431.8603098336523
432.4379974856437
433.01642733205233
433.59559937287827
434.17551360812155
434.7561700377821
435.33756866185996
435.91970948035515
436.50259249326757
437.0862177005974
437.67058510234443
438.2556946985088
438.84154648909043
439.42814047408945
440.0154766535057
440.60355502733927
441.1923755955901
441.99401931374405
442.8006048492075
443.61213220196896
444.4286013720291
445.2500123593875
446.0763651640443
446.9076597859996
447.74389622525337
448.5850744818056
449.431194555656
450.28225644680515
451.1382601552523
451.9992056809981
452.8650930240424
453.7359221843851
454.6116931620263
455.49240595696574
456.3780605692036
457.26865699873997
458.1641952455748
459.06467530970804
459.97009719113976
460.8804608898697
461.7957664058981
462.716013739225
463.6412028898503
464.5713338577739
465.5064066429961
466.4464212455166
467.39137766533577
468.34127590245316
469.2961159568688
470.2558978285831
471.2206215175959
472.1902870239069
473.16489434751634
474.1444434884245
475.12893444663064
476.1183672221355
477.1127418149388
478.1120582250403
479.1163164524403
480.12551649713873
481.13965835913564
482.158742038431
483.1827675350246
484.2117348489169
485.2456439801076
486.2844949285966
487.328287694384
488.2370282657762
489.145220693209
490.0528649766969
490.9599611162397
491.86650911183733
492.77250896349005
493.67796067119775
494.5828642349604
495.48721965477796
496.3910269306506
497.29428606257807
498.19699705056064
499.0991598945982
500.0007745946906
500.901841150838
501.80235956304045
502.7023298312978
503.6017519556101
504.5006259359774
505.39895177239964
506.2967294648769
507.1939590134091
508.09064041799627
508.98677367863843
509.88235879533556
510.77739576808756
511.67188459689464
512.5658252817567
513.4592178226737
514.3520622196456
515.2443584726726
516.1361065817546
517.0273065468913
517.9179583680832
518.80806204533
519.6976175786318
520.5866249679885
521.4750842134004
522.3629953148668
523.2503582723884
524.1371730859652
525.0234397555968
525.9091582812833
526.7943286630249
527.6789509008215
528.5630249946728
529.4465509445793
530.3295287505407
531.2119584125571
532.0938399306284
533.1771526965472
534.2678380790076
535.3658960779862
536.4713266934828
537.5841299254976
538.7043057740311
539.8318542390825
540.9667753206527
542.1090690187411
543.2587353333474
544.4157742644725
545.5801858121158
546.7519699762775
547.9311267569574
549.1176561541556
550.3115581678721
551.512832798107
552.7214800448601
553.9374999081315
555.1608923879216
556.3916574842297
557.629795197056
558.875305526401
560.1281884722634
561.3884440346451
562.6560722135446
563.9310730089628
565.2134464208993
566.5031924493537
567.8003110943268
569.1048023558183
570.416666233828
571.735902728356
573.0625118394023
574.3964935669669
575.7378479110498
577.086574871651
578.442674448771
579.8061466424087
581.1769914525648
582.5552088792397
583.9407989224324
585.3337615821438
586.734096858373
588.1418047511211
589.5568852603869
590.9793383861715
592.4091641284745
593.8463624872957
595.2909334626352
598.0260068169591
600.8187716019638
603.6692278177034
606.5773754641705
609.5432145413724
612.5667450492947
615.6479669879554
618.7868803573474
621.9834851574706
625.237781388314
628.5497690498996
631.9194481422164
635.3468186652608
638.8318806190364
642.3746340035359
645.9750788187739
649.6332150647431
653.3490427414399
657.1225618488643
660.9537723870271
664.8426743559212
668.7892677555428
672.7935525858884
676.8555288469688
680.9751965387841
685.1525556613306
689.3876062146046
693.6803481986099
698.0307816133463
702.438906458814
706.9047227350129
711.4282304419357
716.009429579597
720.6483201479896
725.3449021471097
730.0991755769683
734.9111404375435
739.7807967288572
744.7081444509022
749.6931836036783
754.7359141871784
759.8363362014134
764.9944496463831
770.2102545220878
775.4837508285091
780.8149385656689
786.2038177335598
791.650388332182
797.1546503615355
802.7166038216128
807.0438535930632
811.3781126336971
815.719380943518
820.067658522526
824.422945370721
828.7852414881024
833.1545468746713
837.530861530427
841.9141854553695
846.304518649499
850.7018611128158
855.1062128453193
859.5175738470098
863.9359441178876
868.3613236579522
872.7937124672037
877.2331105456421
881.679517893268
886.1329345100803
890.5933603960798
895.0607955512662
899.5352399756396
904.0166936691996
908.5051566319476
913.000628863881
924.1724656985607
935.8643391351798
948.0762491742498
960.8081958158291
974.0601790599467
987.8321989064862
1002.124255355564
1016.9363484071218
1032.2684780611598
1048.120644317678
1064.4928471767635
1081.3850866383
1098.7973627023166
1116.7296753688133
1135.1820246378193
1154.1544105093926
1173.6468329833879
1193.6592920598632
1214.1917877388187
1235.2443200202833
1256.8168889042863
1278.9094943907694
1301.5221364797326
1324.6548151711468
1348.3075304650993
1410.3897801218554
1475.9081815953832
1544.862734883558
1617.2534399870783
1693.0802969054785
1772.3433056389913
1855.042466187384
1941.1777785506565
2030.749242728576
2123.756858722074
2220.200626529986
2320.0805461532436
2423.396617591381
2530.148840844631
2640.3372159122955
2753.9617427953053
2871.022421493428
2991.51925200643
3115.4522343343124
3242.8213684773073
3373.6266544347163
3507.868092207471
3645.545681795338
3786.659423198318
3931.2093164157122
4320.148676922545
4731.059059670195
5163.940464649349
5618.792891865596
6095.61634132266
6594.410813013092
7115.17630693689
7657.91282309778
8222.620361499488
8809.2989221327
9417.948505001143
10048.569110106677
10701.160737454891
11375.723387032747
12072.257058847696
12790.761752901599
13531.237469188869
14293.684207711369
15078.101968472824
15884.49075147137
16712.850556703284
17563.181384170428
18435.48323387839
19329.756105819717
20245.999999996275
