179
19
3
13
4
10
9
2
8
4
7
17
9
1
7
5
5
9
14
5
9
2
17
22
4
164
4
174
20
6
3
10
8
2
9
12
5
5
15
4
31
14
10
15
2
16
16
2
3
16
4
7
13
2
6
4
182
22
6
8
2
7
11
3
18
4
6
2
6
5
16
5
4
15
9
4
8
1
12
21
1
4
16
4
14
8
8
9
5
10
5
5
17
3
12
33
2
6
14
5
4
17
4
4
16
19
3
4
9
2
4
29
5
14
4
2
6
12
6
17
6
2
7
15
2
5
16
9
5
9
2
5
21
4
3
289
10
4
9
17
229
1
11
4
4
5
28
7
1
5
16
21
6
2
2
45
33
3
15
6
21
4
26
5
10
16
2
7
11
4
4
61
4
19
29
2
5
289
17
4
9
4
17
2
7
21
3
4
6
9
5
17
2
6
5
13
3
12
31
4
16
2
6
19
5
5
8
4
17
15
2
6
6
23
4
9
7
4
15
7
1
14
4
4
7
5
30
16
2
5
5
18
4
5
8
4
2
16
7
24
3
5
8
17
4
17
2
6
12
9
7
35
5
9
4
1
23
5
11
3
9
2
17
5
13
30
17
5
19
6
2
4
16
13
8
2
6
5
22
5
9
8
4
17
1
6
13
2
4
5
46
5
2
16
4
5
5
9
4
5
4
3
4
12
32
10
4
2
17
11
4
11
3
16
4
2
22
4
8
8
5
15
7
6
5
13
5
9
25
6
2
17
2
4
10
8
3
2
24
5
5
24
5
5
2
5
13
5
6
34
5
2
16
2
18
2
5
9
4
5
16
5
4
8
7
9
4
2
16
5
4
5
14
26
4
4
2
17
4
16
15
11
5
2
14
2
7
35
4
2
6
17
3
18
5
11
4
2
5
9
6
5
8
30
4
2
5
16
4
19
4
9
35
4
2
3
20
5
9
4
10
8
4
1
6
16
4
32
2
20
19
2
6
8
4
2
9
4
4
9
4
2
5
16
13
4
29
8
6
14
5
11
8
1
16
7
6
17
5
4
14
12
33
5
3
19
6
19
5
13
8
3
2
36
16
5
23
5
13
7
7
2
5
8
15
4
14
5
29
4
2
7
5
4
6
4
5
23
4
2
15
14
17
34
5
1
5
2
4
19
4
9
3
2
5
16
4
9
19
6
2
10
11
5
4
32
4
1
6
16
4
4
19
5
2
5
4
4
10
8
4
1
6
14
1
4
15
7
34
4
2
6
3
13
18
5
13
8
4
2
6
20
10
4
4
6
30
1
4
4
14
4
20
9
8
2
2
4
2
17
4
22
16
8
5
2
5
2
14
6
33
5
2
5
2
5
18
23
10
4
1
5
4
23
4
14
6
29
5
2
7
20
22
1
24
9
3
2
6
4
5
34
5
2
2
