19
45
15
5
18
8
14
313
14
15
15
16
13
7
10
16
16
594
260
455
30
115
14
225
6
6
14
891
15
25
12
20
34
266
13
1605
14
11
13
15
17
68
23
29
183
5
55
40
8
13
21
404
6
3
372
22
88
5
343
12
188
50
6
10
7
9
179
10
5
169
132
294
172
15
15
1045
20
9
227
13
20
7375
14
14
36
4
19
10
69
27
174
13
30
13
8
12
374
991
49
1175
1335
5
365
7
8
129
41
3
17
130
24
6
132
72
9
170
11
46
61
45
279
262
23
17
86
173
31
8
37
1354
8
268
271
10
21
4
5
37
14
3
231
1880
267
167
15
37
1783
275
12
9
1761
123
263
5
602
386
20
1393
107
8
213
72
10
32
13
17
8
63
180
26
14
123
11
88
33
82
11
97
114
35
6
9
9
13
19
394
5
19
5
22
9
16
204
5
6
14
14
12
11
886
7
97
7
65
3907
11
10
15
5
396
13
29
18
26
11
10
12
17
27
24
88
55
11
7
10
30
17
10
389
19
6
9
6
21
177
3621
41
9
5
13
1505
13
15
14
50
11
24
2876
112
22
14
496
485
15
208
103
10
14
20
14
176
12
26
630
19
581
22
30
14
9
12
22
15
10
11
16
11
12
30
10
13
12
15
40
17
15
460
6
35
22
8
13
216
52
14
78
29
17
16
22
17
19
146
19
18
11
1820
9
13
8
11
10
15
36
10
20
936
914
10
1767
6
16
43
343
8
11
13
7
13
13
1970
28
10
100
90
290
8
435
218
14
12
15
6
1417
74
8
54
1747
25
8
12
16
8
12
91
9
1705
12
21
108
13
4
11
13
4
9
10
7
13
270
225
12
437
39
12
8
13
15
449
10
12
5
15
9
28
107
16
72
30
459
10
10
487
1038
418
11
9
153
1256
11
14
10
11
11
557
23
16
9
28
15
44
22
5
471
28
12
14
16
12
15
10
11
401
9
10
15
1277
49
11
22
17
15
8
101
14
32
6
13
6169
11
6026
15
5
92
8
14
218
96
40
19
13
12
29
5
15
15
110
15
22
48
12
10
8
13
15
1732
111
16
324
75
7
163
9
423
512
13
30
6
12
12
98
45
3323
121
130
1904
7
3116
11
72
8
96
147
10
12
12
14
13
14
14
954
14
120
9
9
419
27
8
7
99
7
311
10
172
8
2
73
24
1249
14
13
979
38
162
51
9
39
9
19
167
1329
15
17
13
12
10
62
122
12
14
17
2
10
918
10
6
109
17
8
94
6
4
117
909
13
399
6
10
118
10
13
7
13
23
6
9
12
4
117
11
13
16
42
119
129
9
24
6
104
12
27
11
107
116
13
12
9
9
93
9
6
18
118
10
37
6
5
449
14
12
18
13
15
14
408
12
103
12
14
4
8
10
5
139
51
25
572
15
12
19
103
7
115
112
17
16
527
9
15
12
15
262
111
23
23
34
116
114
12
20
123
116
14
20
13
7
9
36
7
8
23
5
24
11
9
10
116
104
24
16
9
10
12
42
10
20
784
47
13
25
8
18
13
9
15
19
458
14
11
12
15
31
16
20
11
520
168
9
103
3
159
515
8
1652
148
19
10
33
6
11
354
5
343
7
504
15
13
7
6
8
6
5
10
27
16
52
13
60
22
13
10
167
12
28
613
211
76
35
1930
9
13
1034
8
2002
62
22
20
1034
30
151
135
6
703
9
305
7
36
1525
1366
1668
2
32
2
76
62
271
191
5
611
380
17
1259
4
82
42
15
13
188
9
16
6
531
10
5
12
447
5
15
14
923
25
20
32
6
68
13
12
50
12
1667
1682
1822
3124
9
223
91
3
51
101
104
5
48
43
72
3
426
8
494
8
12
131
8
10
232
441
281
458
479
29
894
253
356
9
13
641
30
92
6
42
43
150
18
5345
69
390
13
18
15
8
15
24
37
271
34
20
8
23
7
6
9
7
24
7
16
8
10
7
43
13
13
14
7
13
14
8
10
13
12
21
14
12
10
11
8
223
9
15
676
35
22
12
6
11
304
721
14
5
6
20
11
98
18
14
16
20
150
29
21
16
9
23
17
11
4
31
40
11
11
15
174
14
217
81
12
12
239
8
1
156
2125
127
21
15
14
28
30
23
10
12
26
538
89
10
11
57
21
81
39
294
1624
24
14
13
91
10
16
7
11
5
20
31
14
21
17
13
19
16
37
14
93
15
10
36
29
9
9
39
24
10
15
16
19
14
3
22
315
20
7
5969
12
583
19
6
10
945
14
14
12
4
10
4
11
8
17
14
14
21
14
105
13
14
12
195
388
11
52
12
15
112
10
25
11
16
42
4
7
33
3660
50
28
18
631
6
14
436
49
10
57
10
11
36
116
27
37
6
32
17
418
13
11
16
9
354
83
22
23
17
48
34
4
2727
2604
27
12
6
21
90
19
11
38
31
12
23
12
54
140
76
7
80
1
20
197
2
386
1
16
11
8
11
14
1
1
13
14
12
2
138
40
37
14
44
7
39
13
42
10
29
7
21
15
1
6
26
26
291
152
12
11
11
12
1793
56
24
48
27
15
26
2
10
10
65
5
41
26
13
14
72
13
20
1
6
45
18
47
22
38
8
2684
1
45
6
15
583
251
143
471
20
24
12
8
13
13
28
7
76
3
93
26
16
15
39
9
7
1
20
6
363
14
10
6
3
86
46
214
145
171
16
15
36
1
216
88
140
23
73
2
1
22
66
47
101
1
1
2
2184
1305
969
1161
4322
47
10
802
77
15
201
6
1
30
1
1
25
236
275
324
265
15
288
228
9309
5
1
16
1
8
16
94
21
5
38
758
1170
12
18
1202
102
6
2
375
7
1747
9
2
1
6
18
6
336
367
3
338
18
11
56
11
1
9
20
1
10
1
8
1
45
1
28
17
18
32
78
13
987
110
70
4
13
56
52
575
67
289
19
1
55
8
12
79
14
14
235
9
2
1
56
5
1
19
349
42
5
2
48
3
86
876
2
13
14
5
1
4
26
135
84
144
4
7
32
26
8
12
13
25
67
4
20
12
29
13
9
15
25
12
40
52
23
12
130
32
27
68
8
47
18
19
5
7
16
1690
45
10
14
5
13
23
38
7
11
42
183
20
4
24
8
2970
317
15
237
3
41
441
8
6
5
331
17
24
11
14
12
23
4
6
12
44
4
11
23
15
327
22
8
696
11
9
7
69
34
31
61
45
46
7
90
7
438
10
854
13
88
90
1883
12
8
9
8
43
8
26
6
11
14
7
16
8
10
14
355
296
9
13
16
501
5064
15
14
23
8
355
21
13
433
14
1972
51
29
9
18
310
7
27
13
18
41
1671
4
19
6
68
20
11
443
73
104
63
4
5
12
35
20
24
32
23
9
8
13
14
14
298
10
11
14
9
16
7
21
7
111
7
5
1078
4
8
2122
7
1715
71
46
9
13
46
152
14
15
148
45
9
382
926
506
12
9
1808
11
12
7
13
8
8
200
37
58
9
38
12
11
28
10
8
8
356
125
40
9
10
13
12
9
31
45
58
44
64
7
336
6
9
47
405
57
31
55
22
4
6
719
9
25
9
51
1745
1611
43
899
57
4
10
58
341
167
1307
50
5
54
1452
20
3
342
95
62
8
48
16
36
5
43
70
172
9
6
49
6
6
89
351
58
27
153
12
56
35
8
29
31
53
12
40
7
10
129
81
524
11
110
56
44
10
114
7
25
6
12
497
11
29
6
1305
288
18
67
26
29
7
9
35
16
14
16
25
16
5
11
8
12
13
343
19
11
11
514
388
22
18
24
104
90
10
17
8
11
1365
51
7
9
15
8
5
16
5
15
43
49
9
89
13
6
8
17
18
8
22
45
7
15
707
13
1452
60
24
20
60
37
91
1530
13
82
7
3
15
26
16
5
10
5
49
15
5
14
21
5
16
15
14
13
12
13
410
4
15
10
11
27
16
12
10
18
7
15
16
11
7
14
9
17
15
2
7
55
4
9
11
9
11
1
11
16
205
9
12
14
8
146
3
4
2590
8
3
297
17
9
7
15
17
13
8
13
14
7
322
12
8
8
12
4046
21
2592
17
3
127
14
11
6
10
8
11
19
42
4
904
5485
335
10
7
8
4
8
2
8
445
21
81
25
7
90
10
5
39
6
8
933
15
108
112
105
205
10
3
6
8
2307
3
211
16
423
81
11
6
15
24
21
15
11
1664
8
76
24
539
2
12
13
16
5
244
9
9
8
4
7
3
9
7
77
3
6
10
10
11
8
2
1734
271
12
13
15
10
10
5
45
8
5
22
9
14
7
15
11
12
105
14
3
5
52
5
1583
1173
30
11
310
1146
458
7
4
37
6
43
3311
147
10
14
14
8
315
7
154
158
5
5
8
10
12
762
1
22
5
19
7
5
882
7
15
14
11
13
14
6
347
1217
17
123
65
43
10
12
9
1315
42
6
67
362
41
18
8
4
26
1
1203
6
200
10
