593
466
142
846
28
818
289
194
102
295
1595
543
1107
101
1579
974
32
1002
1657
132
1418
1299
284
514
1463
984
202
1547
1012
1178
339
727
670
458
750
669
364
198
174
1055
362
351
246
639
206
434
196
236
1016
554
1905
239
328
707
698
181
409
766
1826
353
373
1622
498
149
142
575
1184
1287
51
31
339
159
189
3291
870
813
853
390
24
322
318
506
753
871
321
2
324
527
459
324
662
457
169
251
495
29
715
630
299
233
29
432
208
56
2012
359
47
257
917
730
1097
983
30
201
495
15
3
410
338
335
165
389
617
2311
1926
618
232
837
151
1377
199
890
613
303
869
191
405
586
429
1178
1103
625
896
6
1439
341
623
945
28
243
554
380
359
1
101
83
1272
462
77
302
895
142
1515
1059
2191
453
290
176
5094
518
88
1
824
350
203
307
187
404
342
122
1257
28
262
284
265
29
16
236
188
37
644
323
188
1609
1378
2435
656
893
1142
489
1294
546
227
1
130
3022
387
161
250
285
373
66
992
384
992
192
505
885
486
887
306
500
700
298
1
1
415
373
731
614
1512
444
909
332
33
724
157
1158
379
571
194
1344
219
6063
899
894
531
370
382
673
485
659
75
373
34
267
956
342
192
43
365
57
691
25
111
211
597
349
7
390
227
722
12285
361
412
498
127
351
364
613
978
3769
248
840
4
1056
507
4
269
2346
384
563
275
428
438
299
435
9
46
657
291
430
15097
497
671
2168
351
1571
73
614
193
551
829
4
178
211
328
436
146
600
264
145
332
702
67
243
217
3391
12
407
553
644
141
197
838
26
534
1156
954
573
458
469
157
495
588
820
777
6
378
6
1507
168
824
781
437
395
421
463
245
1670
6
639
4679
3422
630
400
776
42
969
456
881
231
1354
523
884
2579
5562
553
161
742
351
456
178
341
782
596
934
2125
891
806
743
3131
516
518
312
1
2213
367
891
654
1313
718
592
105
1131
1542
938
464
828
2188
1
1234
378
622
187
405
624
187
238
357
1469
938
812
1022
297
1625
323
204
169
2375
507
231
196
459
2232
735
1764
16
629
41
1094
445
1
1719
1672
562
278
1844
991
13
13
1891
1166
574
586
899
4926
215
244
661
257
369
447
360
157
157
341
301
1281
205
713
3237
298
2231
2
620
851
296
3625
33
20
4
55
18
1031
1290
207
980
1015
1250
621
538
623
1079
1259
279
821
244
6004
1265
749
284
969
4
14
30
3296
2406
170
16
288
2039
1181
1295
5159
440
4162
433
1
2203
1125
173
568
2173
231
1859
2
43
533
93
1531
486
286
3403
1547
969
150
152
1
663
86
688
843
1503
239
1228
1019
688
8644
2400
632
312
3547
641
424
1118
1019
144
2485
1
750
461
1500
249
464
429
1798
182
692
1406
404
680
859
703
521
584
321
1748
870
79
587
535
44
795
577
1727
494
1829
589
1392
750
607
2249
41
1
1057
885
2478
635
385
893
684
797
487
909
1190
888
2719
710
733
591
1448
1047
591
2797
647
2792
1364
600
1672
1814
1464
414
980
270
1002
291
2047
4264
39
1094
32
751
367
1115
1968
952
734
540
1
150
247
1
312
4282
311
27
279
54
1009
1
621
1450
277
1344
5078
217
5
882
394
2318
296
576
380
403
1328
87
523
540
660
453
145
614
1724
3030
1476
483
2863
875
1328
80
621
397
215
1354
123
119
1804
1625
621
574
3313
143
1158
224
762
1397
27
691
1594
580
696
390
750
860
37
1385
1303
918
945
919
611
182
5485
2412
1203
953
332
723
292
1
996
349
844
412
34
775
434
28
466
1141
5
984
744
32
4582
14470
14219
498
1
390
16
1300
137
852
452
1946
745
20
903
570
350
442
1042
681
475
1464
451
560
3064
1076
782
127
1019
2172
1109
1212
850
190
1000
592
1250
3032
4356
337
452
425
565
719
776
810
601
430
283
160
859
882
384
449
176
446
508
579
549
517
395
4400
501
2604
119
988
664
1406
1742
584
1375
602
2250
289
1313
1018
191
783
444
795
2802
208
891
488
1188
1843
1578
537
1694
2296
452
871
80
158
192
782
277
1047
352
782
7
668
242
834
1203
514
424
441
1104
2312
18
1
1752
536
1012
668
121
3743
3235
1719
1865
5
798
366
1268
4103
1098
189
337
7
14
4814
17
385
17
890
922
126
526
203
898
289
319
1
397
499
651
3233
2041
377
1362
897
318
1006
357
706
450
537
376
997
430
680
316
813
186
551
588
1734
7985
2700
1
5647
313
460
1219
922
1106
1856
441
4163
90
145
1531
925
1154
704
195
206
509
303
276
626
281
672
127
5571
583
361
920
1765
628
226
530
712
168
340
1
415
24
50
165
346
15
689
873
1203
579
409
1094
2044
417
201
389
4
824
799
732
373
447
193
389
18
1139
1109
2472
1514
947
1755
931
15
907
790
23
179
29
20
177
665
1347
201
383
1406
844
15
597
458
1297
1516
1591
126
13
654
225
1
412
597
567
432
880
115
113
1950
428
1313
725
169
260
297
447
627
294
246
148
328
547
1065
1481
488
5906
684
1784
326
112
843
30
434
142
1063
2328
504
1101
1322
2216
351
495
540
213
3046
784
422
210
808
621
1
199
218
823
194
236
1169
2052
493
664
2281
331
40
1399
147
337
917
2017
279
251
694
441
175
27
864
770
343
170
460
722
837
164
1015
1168
16
1193
16
1266
45
120
365
260
198
598
1250
167
1641
1
234
530
714
3121
182
407
524
485
675
170
3757
50
353
1000
42
486
970
743
3188
1
468
1127
467
967
712
2935
1667
1
1644
2016
547
6058
1
706
626
1692
781
575
239
414
1250
1
2046
1750
265
1043
115
2675
1758
217
188
1023
260
1812
434
365
749
213
2655
2631
1944
1551
264
935
760
1968
1324
1969
965
454
802
2703
1113
1127
875
1219
1161
613
801
576
573
303
368
1795
766
1567
1270
765
570
1488
851
21
2203
1087
1138
2962
750
374
27
1643
897
1028
665
230
3719
1000
353
1840
836
265
1042
186
1
283
684
1016
3325
1295
1062
316
1649
683
269
455
496
1015
7556
536
1122
362
443
407
4609
875
3250
509
1423
413
3855
2280
1716
1237
640
592
262
2239
1295
1114
885
1637
1172
225
675
1474
403
766
432
813
788
744
1251
5297
435
977
1532
1001
182
145
296
414
128
483
318
255
869
260
527
1586
1500
138
222
47
842
175
749
181
290
848
739
443
1690
401
590
216
493
374
2732
936
1123
38
734
1636
154
627
1959
1031
187
5
1746
142
516
125
1711
3448
1198
361
201
31
1414
729
187
414
658
533
170
1015
1016
1
102
384
1175
572
2788
583
37
743
1265
26
1833
312
484
13754
2875
1364
180
27
1688
393
34
1851
638
268
44
1807
229
388
524
2060
120
349
1702
1464
3093
554
439
512
1468
3045
203
213
593
587
45
1616
354
729
554
229
1456
1093
1437
698
544
8
786
2374
472
2028
524
274
686
497
554
172
436
444
497
578
282
528
128
558
400
423
1599
1543
1984
133
1275
152
1655
1032
1
4
4797
453
1820
645
2206
375
750
1624
1110
201
626
400
438
178
1
1456
5
1768
420
1063
7
1093
300
10
714
26
880
659
1467
337
578
181
6
17
1407
536
1236
1397
527
628
1218
1409
906
3125
136
267
137
1125
653
1039
561
357
234
1140
2266
372
10
747
2445
535
1
1598
434
657
494
213
21
160
54
6
1836
1661
2320
2461
438
1265
1642
1141
304
14
1283
824
1547
1368
98
736
464
20
1592
386
1588
238
483
471
204
529
309
5
314
187
507
770
855
647
714
1013
1353
606
457
677
1978
725
569
158
897
3408
660
1660
729
875
1336
322
9
357
5151
9225
875
667
1104
1047
780
253
529
635
735
3710
527
13
902
1797
2062
3936
337
1197
1575
3848
862
2682
249
616
915
1798
936
761
536
607
978
560
1016
553
1646
30
1250
64
323
2027
29
118
148
907
1046
7113
1001
684
591
767
1078
2460
1357
577
1558
1210
906
22
1888
383
3152
729
244
1984
3083
1288
1649
937
4841
1630
519
7
1367
1
434
960
4219
131
567
526
5
1
978
2863
116
537
1200
991
436
1062
2449
497
2041
1724
3628
338
425
3469
11
1483
72
714
2015
771
1391
1
9
839
2600
17
451
11
1
476
823
178
564
198
18
899
2110
828
447
1305
766
635
1340
411
34
750
793
823
385
8
567
739
2898
503
535
8535
259
1485
843
1266
627
485
1718
1088
922
133
805
1888
139
749
514
180
440
145
219
588
1814
932
744
562
712
757
2711
1292
875
275
3824
376
331
875
652
199
519
1729
3220
1891
1493
585
828
1073
38
2131
518
261
782
922
859
847
591
519
352
847
1496
724
1854
594
1487
428
7
442
1742
858
587
2502
1099
734
7
523
527
1157
731
435
960
24
143
157
14
19
52
844
9
1772
453
984
54
476
1278
1766
1899
592
681
372
438
560
1546
721
540
511
502
2478
757
266
875
2047
1798
293
1465
1174
318
3094
1615
265
597
1078
1911
472
539
1
3408
552
1999
1
1323
802
1094
398
685
785
510
413
128
719
146
762
188
456
377
1272
327
702
868
2219
366
273
140
1126
526
733
66100
354
384
922
887
860
142
1016
3392
797
456
49
1283
868
1375
361
582
797
4630
196
531
221
1342
672
610
1474
531
1235
1284
35
1675
804
806
590
1175
109
1000
489
1047
1267
35
1626
577
185
626
509
551
9005
1859
358
568
379
1928
1218
351
671
654
906
4231
2690
626
318
1
421
1824
732
796
484
706
4228
820
2889
180
1507
1047
521
106
1172
302
1600
451
349
363
550
772
515
1843
571
1157
701
120
1375
97
145
23
247
342
230
1655
1401
87
511
1391
985
13
2106
4882
698
590
159
13
714
157
156
1375
1220
4234
3344
533
422
3481
578
673
378
2505
1726
559
653
33
1486
661
3480
1282
864
383
31
1
689
3475
109
32
5724
968
831
1040
2078
675
2400
16
648
838
3760
930
2140
717
634
846
1
1
1438
659
1865
1055
5204
969
387
1246
950
836
612
56
130
432
1
2327
1121
1114
1
4140
1274
991
1042
37
1922
339
981
588
969
4062
703
1015
8748
1556
644
1107
1768
919
976
99
2381
292
1865
78
65
1391
546
2838
1351
463
565
1733
994
561
1435
520
3515
1245
1078
1985
813
901
2139
1655
905
965
1680
3266
393
472
1
953
986
94
647
1359
488
1
471
592
483
687
1148
590
285
217
173
672
283
196
213
198
7155
1016
614
2764
1535
3033
1
1200
184
1276
343
210
134
308
2405
5
140
142
724
1936
1531
354
718
1017
662
304
1021
787
399
127
1631
1156
367
839
435
143
199
1469
1677
501
2359
729
1309
822
511
400
977
1109
1
183
914
345
1142
1092
432
2124
338
1636
1250
1050
11
1142
4078
395
211
333
1140
499
378
468
3767
272
221
4
704
1
1078
1140
5574
590
352
8311
169
1681
580
929
1250
1133
245
567
953
1078
1000
4061
1032
12
8
3074
2418
166
1038
636
402
1110
1031
1103
600
635
1590
1656
1141
13
1
1033
675
462
623
657
460
170
2027
648
4250
676
679
322
666
236
826
679
2875
1477
1
682
328
776
2050
608
1003
254
8
209
156
1762
271
32
969
277
200
301
3656
156
2429
825
3882
155
606
490
1394
1072
692
1453
1219
408
602
1172
2713
221
551
2016
877
1
507
1
526
907
906
665
493
837
671
3965
590
719
167
372
251
2338
611
793
1035
309
1125
864
2379
278
2781
3068
2157
3452
938
445
212
921
598
219
432
195
93
9404
174
191
1046
2282
2844
794
487
1055
515
2211
2022
457
563
185
73
365
481
688
1166
172
1839
118
378
384
416
695
580
795
1210
4422
1006
5378
275
327
352
463
520
161
139
710
97
3
331
179
1375
621
1
187
5077
800
269
172
476
3136
1853
652
197
179
5
773
933
49
190
2312
163
1
804
182
58
1297
1
75
3426
370
50
1
262
8
249
1853
1726
20
699
1109
463
10293
211
21
195
969
1368
863
449
452
833
217
641
176
650
599
544
1672
1141
196
433
18
5281
184
353
4968
1391
573
1524
174
40
912
204
991
213
197
3438
1075
341
1
204
491
198
1474
239
581
1104
410
1000
1424
1843
2053
399
455
219
588
187
192
672
285
192
254
1047
893
204
852
773
819
180
220
697
143
640
193
651
492
3158
3029
186
124
1
704
664
213
694
211
897
1
215
1
728
647
3
1596
2396
208
906
181
180
623
207
296
655
1031
178
1491
170
220
181
774
1
817
264
195
212
770
457
925
665
1188
208
24360
993
775
1610
412
922
476
1029
1527
507
398
670
204
28
379
1257
1000
192
1515
226
1390
355
460
919
1640
513
612
489
330
221
11656
190
592
1104
752
495
36
2764
442
1765
576
90
208
977
205
1010
1203
388
337
268
1198
922
619
346
7
859
2138
193
3087
2768
1529
160
209
207
379
21
1015
104
695
90
826
515
27
549
103
98
184
1000
206
2734
287
1388
433
633
373
860
26
142
554
359
618
1038
137
149
22
410
829
738
789
843
1492
8
656
250
1184
1697
1512
921
621
940
1286
407
1518
1125
798
1953
191
601
897
251
717
203
505
457
89
815
1799
461
462
834
984
671
2688
2632
199
170
597
1422
673
1
853
1189
126
328
703
1726
1210
1173
491
587
130
6
558
188
490
2212
582
779
95
202
89
99
2842
1859
236
362
713
12
805
81
1282
1
271
310
18
212
104
342
586
11
345
249
23
547
268
32
671
706
2169
253
743
1090
3595
2201
1111
349
984
1696
722
155
247
687
27
453
3172
243
1192
1061
1
694
844
144
417
1537
1310
3797
749
544
5877
385
466
3008
790
721
513
656
1027
14
1266
1
1203
2610
204
431
1765
842
2824
1605
21
1063
3759
14
409
5
483
376
1213
248
1172
348
692
2251
150
1192
4
247
3191
983
624
1915
372
939
932
17
415
818
1378
1328
2968
585
1171
603
284
797
612
424
1137
2647
366
922
23
20
193
838
432
1040
655
974
1592
24
921
1690
460
1493
711
2110
891
546
750
813
1
1546
981
53
4443
1275
903
480
322
1015
328
852
416
828
954
506
252
5205
634
1078
1062
2719
765
434
875
781
1121
713
302
933
935
2402
521
620
533
1260
90
240
328
1046
5527
503
236
916
735
990
299
938
1266
201
969
690
859
1437
684
1277
1251
166
238
883
766
610
766
117
334
943
531
47
876
220
163
236
314
451
797
468
106
35
534
340
1092
12
14
514
69
954
330
505
923
180
299
1235
4
280
2098
196
11
200
319
680
416
563
220
141
188
228
201
215
265
2218
906
150
250
171
72
637
434
156
197
9
678
2020
151
875
286
876
731
1758
857
520
812
922
846
936
677
789
468
750
781
3937
559
2000
1540
832
2
4
596
4
142
623
673
813
1455
753
4830
545
816
545
717
1105
383
2682
484
1156
1182
391
449
374
349
1289
372
536
259
1125
1525
12
935
894
600
2233
3064
128
352
417
494
562
962
5
298
416
402
246
450
330
1431
26
414
6
1052
480
304
427
948
595
343
92
273
462
886
237
17
599
708
238
1
2759
8959
877
1004
1274
752
2022
1
345
1057
388
1
163
1099
1888
254
256
292
236
1
10
142
197
329
478
7
1696
14
384
4969
8583
848
9
96
1367
86
3221
91
922
88
1252
3859
1109
570
111
1377
2453
1007
2953
343
3750
3094
1056
222
910
525
572
127
24
23
137
329
343
473
43
930
9
120
528
672
291
28
15
677
3956
2199
1511
17
114
17
1490
386
1375
6116
861
1427
33
1297
866
553
2295
369
491
1155
195
1723
1214
1547
1188
2266
714
2712
212
446
719
382
68
1281
935
5
2484
1078
47
932
209
276
181
532
461
122
9452
1158
968
450
212
589
24
481
623
1625
3384
645
148
1762
548
183
403
304
181
321
1266
403
6065
216
781
2345
51827
6249
300
985
289
1775
2295
891
2567
1193
340
164
199
1099
118
698
754
572
270
3693
831
349
851
33
726
296
781
894
463
469
732
527
523
2509
3234
1397
4
1406
1016
594
7
1722
587
1778
490
30
16
1610
493
922
1798
1828
781
3344
177
1356
1328
251
672
283
229
702
29
233
31
407
980
47
1508
685
403
215
849
158
844
3500
906
234
3214
432
9
2031
781
1460
5
953
697
1000
847
28
2386
2005
656
579
216
124
402
586
766
253
1100
812
370
814
861
976
872
861
843
169
890
1
452
1047
2100
645
1
3942
1
1361
805
1422
713
744
1
546
436
601
220
280
1
429
529
995
388
283
414
812
469
2381
765
376
511
168
252
984
330
574
85
317
261
3199
1821
159
1173
139
2186
704
2657
566
5263
1094
1316
796
1213
16
17
969
859
515
122
1296
2222
188
511
844
1413
264
290
954
140
1267
528
304
585
3290
4690
256
668
663
310
221
907
844
382
828
399
735
674
2255
944
13657
1172
865
790
1815
798
373
808
149
1267
1213
472
615
1840
391
1468
797
1356
222
17
546
519
1
153
860
1156
219
1
355
1480
509
691
1322
451
3703
134
906
515
411
1172
258
394
1560
166
441
1
567
265
281
263
401
541
65
211
18
422
1262
826
781
614
127
158
233
7956
111
8802
175
588
105
88
1135
368
1081
813
84
733
99
891
762
1000
437
2219
709
96
107
171
1191
495
486
402
551
89
159
1016
192
2109
768
225
2279
94
1064
221
825
703
1172
558
1187
997
828
580
315
239
175
974
1141
1033
6717
922
191
1308
815
626
891
290
191
318
1038
473
212
744
352
1041
526
1390
945
1066
1494
874
2844
4550
199
1511
213
884
923
672
3597
487
2359
801
2
753
298
597
571
3813
290
620
752
115
389
576
4707
340
41
1
1324
938
1018
995
1410
938
2713
819
751
352
7973
514
908
336
734
1002
870
276
750
1438
916
448
2656
2234
862
1454
207
1000
679
931
897
720
704
2865
663
839
646
2126
1047
251
684
699
476
985
875
768
5438
1187
407
202
960
913
1907
59
187
1798
51
134
1860
1073
947
634
8
1424
28
2199
5354
1487
1627
1007
1437
1047
2025
1439
1000
3863
844
1644
2824
984
2534
633
2332
1125
1
740
485
4153
1844
698
984
813
844
764
797
632
228
207
1250
794
1032
1
628
193
639
244
523
275
444
657
817
2203
2297
2297
1344
602
705
756
325
2837
461
369
40
984
1260
1410
1
687
1232
238
1355
904
735
1282
249
370
941
337
196
634
718
998
227
460
1203
1844
937
3875
759
821
617
251
682
287
139
2406
251
3703
531
82
422
582
641
2203
86
583
87
233
1851
120
544
94
241
585
266
1238
818
424
564
1293
564
277
115
523
552
866
362
101
3999
235
2407
545
449
23
1092
622
890
1094
543
610
706
3
2031
3495
2291
673
491
526
3679
720
276
658
499
5
1172
682
1188
1769
1157
875
782
306
398
1047
3250
18
110
948
1547
437
217
391
751
1525
183
10
2266
144
255
155
138
2120
475
959
979
765
1109
128
168
1172
3344
1156
1240
1
241
1
54
508
891
1321
790
2094
100
1574
1669
1188
63
3844
1
99
824
103
486
1
103
212
474
100
238
737
81
552
1804
1291
696
968
261
906
698
299
262
865
297
534
740
175
540
641
233
2015
1567
109
118
168
4
6
2589
191
969
212
117
2978
255
211
1576
2021
251
28
260
201
1016
16489
1546
859
2
922
219
257
351
953
233
220
772
211
812
219
445
333
1
432
2682
151
1
844
1257
762
1499
220
1155
773
718
1141
227
265
2297
434
1766
765
629
1113
1
644
380
3295
796
812
838
1
1888
287
342
1
237
247
485
1292
411
707
554
1163
906
170
542
748
2667
2457
1080
1259
543
921
2158
1172
1690
6
513
806
530
3297
998
1069
211
1138
367
199
629
829
841
1105
641
224
175
1593
33
1658
1406
1
828
270
122
125
804
551
759
455
718
109
603
535
828
652
547
697
471
1906
145
142
289
403
1298
594
547
416
1959
404
182
217
214
543
9902
767
1997
236
695
923
3234
656
784
1344
1
1097
353
183
611
1531
1395
3354
1379
142
417
545
1
624
1350
432
5416
876
381
1313
656
145
1300
890
1437
633
2084
1199
197
136
1569
1564
166
953
279
305
552
726
202
246
960
747
710
15
593
474
594
619
1820
19
31
1821
678
27
440
1584
546
314
508
1007
750
458
1126
128
404
446
1491
616
856
191
483
514
844
1636
1672
1074
906
106
1736
866
238
767
828
223
765
1833
839
985
1038
219
1047
6399
593
844
1187
781
816
2740
508
1094
1044
1823
3734
618
2171
982
1091
516
527
257
1690
1047
1828
641
1547
1304
587
1100
106
515
766
1475
367
1193
954
469
979
2717
592
713
1
520
458
211
1400
769
1373
3176
38
243
352
3506
2602
731
241
644
790
1396
681
255
7
559
444
3469
94
828
2297
2750
181
5
128
519
4110
3782
417
1141
1
704
1756
1
6385
890
150
2172
101
953
574
109
100
108
784
1199
1368
113
1468
785
340
7812
203
6
225
828
3354
1017
214
1301
220
16
1117
1230
1678
748
859
1125
225
218
1454
16
1454
275
494
498
1483
81
374
1875
16
2509
398
19
1332
1318
2577
754
6991
626
569
460
597
588
174
967
1131
1657
325
1870
3375
703
882
1958
2906
3000
3415
1211
1000
1
1563
1867
850
1800
859
912
398
2265
549
1080
1093
1331
384
262
257
747
637
813
719
734
1188
1435
1142
657
229
1233
2500
1148
865
3297
1
421
528
221
1045
2546
855
1181
3078
247
1192
143
2556
463
212
505
624
3507
236
1000
717
114
144
241
221
11
1994
647
220
1157
1
239
938
602
922
241
1263
6715
765
851
1119
2687
2109
852
233
2273
966
881
991
1216
1110
134
48
347
637
250
1617
140
1
1093
95
876
493
256
3062
79
891
1954
103
1336
1163
2750
848
164
750
891
1282
632
76
854
388
781
1922
922
1235
828
2078
1518
963
1156
862
770
6
788
951
539
411
769
8918
4500
247
764
860
152
11764
849
1106
91
890
98
252
5195
2031
156
891
90
1313
263
864
450
4089
321
394
474
3721
24
3782
692
2091
30
1203
3443
510
2167
27
985
922
984
728
1778
2155
658
1178
1043
4
439
828
1828
2562
382
199
30
529
1511
1578
1541
1110
985
19
2298
337
856
843
5553
712
218
2021
755
1022
700
813
428
3985
3368
211
1843
718
233
133
224
683
562
734
308
2364
1028
1734
890
813
2994
900
309
972
3668
242
1180
766
260
785
750
816
2250
719
201
212
864
1089
781
453
733
205
402
77
969
1727
881
5762
1016
225
510
4772
209
422
1606
221
490
1769
245
890
178
763
1148
167
586
906
2178
10290
2087
742
568
296
703
162
827
3875
227
1178
1300
783
2189
2187
403
144
262
644
746
1572
146
1094
1578
602
159
1874
2584
468
179
159
828
906
906
1625
2749
131
1275
1140
1907
2072
463
139
1421
1699
8
3297
373
148
1352
132
129
2080
2977
595
3125
171
152
148
1554
145
225
553
781
960
1581
785
2277
484
1229
2562
347
597
1047
120
1734
590
4
213
2996
1297
2965
379
3469
192
906
937
1625
635
516
1896
1172
329
578
238
22
781
188
937
1
1042
654
1141
1
1359
1323
281
502
1219
239
1618
1
1865
2032
1219
875
1984
2203
984
2560
155
2500
1727
938
1387
1
817
2832
1953
2155
1532
13
532
709
660
3969
625
628
1837
719
4766
442
1227
1682
3969
1186
238
1712
114
2156
1143
1288
703
348
1219
380
188
591
618
950
1282
2
569
408
380
1078
147
356
493
537
173
727
875
584
741
538
375
11
702
199
859
768
921
2
225
2180
1016
797
512
641
890
108
839
231
230
1293
859
597
471
9287
79
7706
238
117
166
131
235
1196
773
551
1327
7276
8258
1103
699
800
308
223
1937
224
445
234
407
224
959
220
476
907
438
259
770
3969
116
242
238
3580
587
143
2
3
230
625
2317
936
433
1296
985
716
1656
123
1455
2028
694
1303
139
168
658
3
976
1678
3
795
163
2889
660
622
933
2187
2
520
3121
178
1761
474
596
1234
622
232
750
891
5
3
734
4
140
813
844
355
645
2535
631
1727
906
3
680
3
7693
563
110
844
3155
3378
456
162
133
165
251
623
922
675
1091
2214
172
2020
189
1
188
656
1
1718
938
1906
1052
1075
154
1687
1125
201
608
1162
546
1660
3
3406
1985
843
367
756
127
7380
219
797
1234
116
244
1739
172
1484
222
3
3222
1250
681
641
2096
2060
820
748
1453
238
243
986
892
1361
1304
766
243
2639
1160
556
900
1824
1431
1047
3129
263
953
969
240
241
2657
1438
238
1641
247
922
2267
375
672
1078
1266
758
781
750
844
2515
857
2616
573
719
907
3234
635
672
142
735
1
1328
953
898
1797
149
1085
965
1713
675
681
781
1072
1281
538
719
201
1016
346
3266
4294
1032
745
2875
843
4531
848
1015
875
2533
937
2281
3743
218
375
1702
1188
236
1290
449
1494
312
1032
4516
669
319
565
3234
17093
3656
431
640
393
844
1031
697
855
1373
512
920
539
684
1000
1125
719
724
595
3
3375
975
601
872
1623
1
765
1
245
956
452
985
891
1094
922
13
1015
66
456
492
442
4390
1141
759
1219
483
2938
1934
463
10
418
476
1191
549
2046
120
720
550
532
429
564
844
388
732
283
1922
828
394
191
738
1062
1473
844
845
217
1328
569
521
765
115
342
916
891
581
959
1094
2790
556
164
461
961
6
290
1250
1250
2984
762
145
147
1873
192
1163
230
156
266
235
808
1528
67
213
1813
1648
563
641
756
244
169
1162
41
666
32
472
4375
1172
2219
251
1037
783
750
259
12
784
300
734
30
7047
1785
641
324
242
423
97
605
3292
233
806
1000
316
768
1796
493
310
1141
243
296
1006
28
855
937
1921
423
3172
599
352
571
2453
4468
813
278
104
168
611
722
1453
1266
2971
2562
25
463
101
89
1472
1008
2565
7529
4322
33
458
1250
1245
1553
648
344
1578
828
491
690
348
1189
1063
386
1423
995
839
1988
2875
808
172
1597
6681
23
1819
270
711
2021
655
322
820
160
922
590
1766
475
308
293
1845
176
261
660
221
392
237
519
217
547
145
1053
313
969
243
215
907
1625
158
1411
1863
2187
135
177
877
2244
3139
1047
238
216
938
661
844
645
103
1092
665
1129
241
972
321
298
190
267
2953
240
1343
1075
809
281
12349
717
584
1063
2546
425
1029
905
295
1511
110
718
568
625
2158
2891
689
744
694
879
265
864
1703
518
1034
215
1392
125
766
463
625
765
875
3379
797
1406
134
472
8654
119
1281
1752
1326
1969
953
689
967
1436
497
423
782
24
592
1295
770
486
1768
812
766
2390
828
1086
964
3489
949
828
280
143
413
855
1512
443
534
906
453
1047
441
985
1172
788
1188
242
2769
2203
15302
586
844
246
459
1965
750
934
1941
656
232
2188
370
916
425
407
671
501
1250
124
281
402
895
16
530
1082
2021
871
556
243
732
5
3374
1454
131
906
85
2640
95
156
138
32
117
995
552
1493
636
313
801
937
860
408
1037
750
892
19
37
1573
812
641
734
765
1451
614
1267
439
228
741
207
979
796
1766
1449
948
249
1344
240
922
240
1618
310
224
254
482
283
1172
1947
28
788
797
1904
10438
1188
483
1580
782
50
672
906
5
557
955
1
1380
3727
1469
1015
899
1110
240
1549
257
1439
919
29
625
766
688
734
214
375
3067
305
535
2812
248
362
528
428
782
2641
133
1172
494
557
1372
1125
3141
1087
151
828
1138
610
1857
3855
875
1406
1251
357
7181
828
1672
1169
1829
1719
321
3172
831
1000
458
674
2250
1313
515
1147
2069
462
1358
1256
1219
2875
16766
2483
481
1472
605
565
274
637
518
884
4594
2031
726
1
969
2593
968
868
1826
1885
734
1313
1687
1
922
1703
435
234
843
425
1
1235
1375
1094
677
2219
652
360
2109
183
891
2996
447
158
1422
922
1047
203
969
1399
221
1328
410
162
844
1047
197
2274
163
782
109
512
859
614
875
382
270
919
69
827
1040
938
415
209
1000
620
21
149
1848
1447
894
548
3078
19
955
296
290
179
30
16
677
705
9
378
2269
714
130
261
859
6786
355
238
539
1977
1235
2160
828
692
713
782
775
586
1203
2672
826
328
2469
241
4052
3234
796
353
3839
1652
549
465
1395
219
285
201
29
303
12
229
243
18
754
638
1172
1062
2563
1421
436
19
397
10125
2608
125
678
1625
1895
2125
5638
3533
1052
961
514
8103
3
3610
907
1354
1171
1188
144
890
438
609
1049
507
715
1875
109
676
585
859
1000
431
1
1563
401
367
546
2266
1437
213
656
2080
457
556
865
1366
4171
233
724
397
782
953
649
620
1674
797
253
209
892
587
1406
1137
222
215
478
1547
781
3625
406
875
1
1532
234
297
172
844
2746
207
953
704
610
220
969
1671
1073
937
222
712
16718
786
2434
859
513
523
1203
993
1035
2003
489
1
1125
606
2985
2172
1421
984
922
5005
875
3315
1111
937
1327
1891
1703
729
2093
863
131
802
473
35
671
4536
360
180
1047
3593
312
639
797
138
969
1031
2265
1928
797
16
949
90
2537
735
906
151
875
120
24034
1000
1411
984
379
1138
860
790
1000
10960
644
938
4477
163
235
691
3625
169
1891
165
1
1367
748
22
699
3891
583
157
643
2790
1302
893
419
416
383
843
3776
452
419
3402
1966
3121
211
593
1478
640
230
4030
468
593
2925
1016
539
233
236
238
1892
529
616
6243
472
1078
678
1508
715
1062
705
1080
953
875
1132
928
1000
969
388
403
629
610
869
303
937
860
347
813
975
3837
703
1161
356
2000
451
5
2500
1938
1032
1370
142
656
2226
813
350
859
228
778
298
1981
840
968
411
1363
860
1625
367
833
514
262
1281
1240
3584
1444
675
2720
3925
202
183
856
3654
11
877
137
306
115
85
114
467
731
900
782
221
318
144
639
1438
1232
736
186
466
9435
120
1663
136
166
624
2906
201
440
317
503
1094
190
180
875
535
451
1281
730
571
408
136
734
969
372
2839
2887
610
311
12
3594
833
1181
688
922
167
749
80
481
8
77
829
859
412
2779
3350
3004
860
547
1344
6
7
1
875
26
1004
1125
885
2345
815
1641
1824
1719
2859
355
7
7
3093
511
589
954
867
431
1288
1442
907
448
1406
668
7
6
9
537
476
1951
828
1588
829
363
1631
402
232
155
1075
491
436
149
1125
10
404
26
75
931
828
35
1328
295
1812
1482
672
922
1114
542
515
586
263
774
692
84
992
1324
938
1556
1487
891
1738
4607
1717
985
503
4094
2266
875
98
398
922
3073
190
113
901
1047
288
102
296
158
99
262
237
293
275
407
1368
30
789
2953
1454
219
656
801
11
187
2027
782
39
7
449
443
704
166
291
711
657
6
130
3095
670
1281
789
361
2486
3899
228
1366
419
1508
500
169
7
877
191
3
3
6
10
686
299
137
766
6446
241
766
1287
2
394
1589
834
2076
892
139
243
3408
803
2667
696
2300
926
773
968
1745
1141
122
693
809
813
2938
1031
698
2782
1453
193
1268
4995
2063
567
2329
150
1218
96
457
107
1548
1124
3
1659
316
762
294
205
550
724
1686
1918
632
884
729
2312
259
836
526
385
631
311
330
668
307
1312
584
637
933
3051
849
2016
279
423
295
781
351
564
734
1060
711
112
3828
1066
614
920
108
103
370
408
3257
715
108
103
875
135
9
941
1595
816
6
1646
726
132
456
719
1125
422
918
3130
381
863
566
151
228
1099
470
1875
48
5121
315
1715
109
406
1422
875
543
1047
372
271
372
922
705
3000
462
902
797
984
548
1188
1
161
1672
45
859
150
512
340
445
160
1250
2024
3556
480
846
1675
1007
305
860
1985
1031
1593
332
139
5
381
437
775
828
704
2312
1156
720
443
2
3
1266
2047
1609
376
466
1006
922
642
891
1059
1203
11825
4
1444
594
1000
5
1296
1062
496
1957
3678
914
1319
1390
1625
97
984
844
614
435
290
114
94
93
2
1088
792
5777
969
492
1782
104
916
89
298
1
749
860
2153
2218
1173
1594
556
159
1072
739
618
1391
1485
2339
193
4514
413
647
953
486
792
1
1083
704
337
348
3171
42
160
812
296
1363
218
6
235
420
547
1219
222
183
1023
437
1141
613
514
1094
4008
247
80
101
374
233
208
812
750
346
737
45
385
2375
1022
385
1460
812
398
458
475
52
4313
233
971
243
735
931
778
875
1
650
2790
306
891
947
1609
718
765
1484
2902
473
1443
1108
757
2238
242
3875
1063
1297
372
2705
152
1338
1839
174
1087
182
2287
369
2736
173
201
669
1750
286
189
173
1156
254
159
193
220
234
105
236
716
1015
253
734
786
1105
420
1
582
500
1353
239
2280
316
984
372
1141
121
235
875
672
92
463
258
98
1000
4422
1187
1023
892
334
262
568
2991
2719
13213
552
800
699
1110
713
796
2166
1032
108
1000
1318
828
856
611
130
765
835
1304
609
1186
843
514
361
1094
1765
1343
797
969
182
1227
891
300
1218
1491
711
1333
448
160
1028
244
416
1105
527
2956
3015
627
2416
688
715
1453
1237
80
1062
1704
719
906
1080
137
212
298
437
309
2953
130
368
951
1916
216
728
1311
1372
101
1172
2279
213
1844
2375
225
201
1003
1422
334
1495
214
1328
15
204
221
1038
1274
1110
961
626
151
12
222
190
1031
731
922
2297
1703
797
1063
786
4
886
166
1
1578
2250
968
2851
2113
213
782
5412
828
922
1430
302
28
879
1062
1641
900
1097
571
535
2047
2531
859
293
730
1782
138
1047
960
1344
25
1555
3360
87
1227
844
875
730
906
517
1860
15
492
953
2532
2515
890
25000
295
1594
1032
236
614
470
473
1953
571
1087
1059
1031
34
536
687
855
282
549
1629
106
15
32
446
757
538
948
491
229
368
719
556
783
2484
379
694
797
850
1844
1390
13
1203
564
650
703
1854
229
5
703
352
714
492
1140
477
424
486
700
1125
1027
1391
565
844
415
528
201
620
141
401
202
165
334
333
165
385
1297
3234
832
1735
255
1406
1031
163
813
792
188
267
1578
151
783
173
659
203
200
1500
256
1063
1133
228
320
247
585
148
1294
996
184
171
328
2306
1593
3341
582
287
1141
94
619
20
922
1536
875
15
242
255
1526
1322
605
131
91
109
1
808
670
245
875
132
317
416
112
99
1563
110
456
859
698
3498
373
580
87
486
122
722
409
479
3375
1000
1830
177
741
1422
228
1328
380
204
724
828
3290
1789
521
332
377
3521
1438
469
338
725
668
743
315
1813
1139
248
305
1348
1621
144
4
164
639
6057
106
985
953
483
397
770
637
527
630
7101
938
3844
603
1485
1171
600
776
273
797
2544
137
1484
1172
214
1351
1094
951
1486
235
2971
212
280
218
860
799
392
417
1393
648
1766
377
201
1321
1484
1047
429
733
625
294
914
748
608
1048
489
188
210
292
1980
279
1375
562
179
804
223
220
11
487
12
441
3281
216
385
270
5106
544
844
719
1765
2032
1091
3601
436
702
71
98
813
797
691
557
855
1552
486
1137
10618
872
10
832
1581
902
302
8490
909
1201
2052
2224
2797
3256
766
4180
1953
781
2563
3532
953
1156
230
843
1010
1603
1062
938
1528
366
222
376
224
1004
1
2554
824
425
4109
521
225
332
669
984
730
442
3
489
212
261
910
509
220
1126
718
724
223
817
748
972
1
452
3575
1094
3394
2407
813
711
873
2516
725
1125
551
489
436
3512
588
890
968
828
104
1203
595
82
703
95
672
312
234
127
1
456
633
53
119
1742
1859
588
318
1
1931
1266
238
250
953
1953
202
707
1848
142
512
213
4590
237
813
476
272
210
1
2109
103
843
623
953
366
206
999
223
268
219
228
2329
7325
1516
169
727
310
152
181
532
617
2901
39
922
859
32
27
1819
589
1292
390
464
125
1156
103
399
1406
1119
117
1175
229
1130
1126
828
1251
3051
3938
80
379
1480
1
145
675
576
1165
395
701
3078
109
648
189
1875
113
599
1023
239
201
1078
379
808
926
9793
819
263
158
257
9481
814
1093
1741
1
3234
1727
875
397
404
803
656
109
5250
448
801
415
22
1078
708
439
1262
760
1645
1606
1630
469
1931
528
743
18
510
1250
3750
677
714
905
719
580
1445
198
722
814
680
302
1553
3985
1078
262
1234
431
4426
98
94
125
1227
98
368
411
811
2917
333
3583
283
508
147
1069
968
3894
860
2968
1311
1208
796
800
196
507
27
312
371
514
4547
139
1098
637
681
737
922
1047
1112
1174
701
781
1938
953
554
1023
1
233
896
370
1667
1000
1968
351
378
142
371
1165
108
541
2797
714
404
1
1672
519
418
394
177
400
421
1646
195
844
568
1187
348
1769
600
3219
1139
1017
1608
500
1656
610
187
2624
906
860
797
469
1438
624
1518
1383
405
889
1119
274
555
718
875
1059
875
358
1062
869
257
975
33
196
4332
1048
969
2921
785
230
906
148
440
142
771
217
326
147
142
2250
563
426
538
223
222
13
211
2197
127
238
2016
733
173
1148
394
139
553
357
1998
203
828
1391
1954
792
344
906
214
737
850
2748
1068
419
537
164
818
1661
501
1330
63
320
687
14344
101
697
1
559
1562
142
258
556
1308
610
89
547
710
875
1203
203
551
360
797
2141
534
2078
1
1312
626
391
1516
387
223
338
641
875
765
1972
683
33
769
3257
3027
81
142
2374
498
843
1799
215
797
1309
70
101
1703
1252
1099
103
291
4
106
235
132
1577
1141
325
130
1110
142
734
720
538
293
1922
1125
556
911
641
702
111
377
908
218
885
1141
385
514
842
1359
716
895
1641
518
724
214
431
4
1110
208
563
2016
1991
1081
286
502
2208
837
246
153
6
1024
270
1247
1091
169
356
84
468
821
545
3812
1158
270
1662
1907
248
2841
540
197
1000
2240
1282
79
890
125
121
643
129
1731
8241
612
662
136
4100
241
143
113
250
670
1386
583
1268
21
242
569
2031
1691
539
194
1984
1563
328
53
1444
209
215
704
829
1429
1359
414
244
235
156
196
8
434
489
1752
183
141
311
1566
385
487
2162
418
382
265
57
733
803
75
690
729
891
396
35
198
193
312
1388
369
1692
38
662
1
5704
257
241
286
225
237
390
107
283
1601
1570
172
1187
231
1872
381
41
385
211
369
3329
115
528
5144
859
490
407
623
296
979
719
1156
249
115
2502
770
563
1397
591
439
509
378
572
124
224
570
721
103
474
1276
1319
476
62
663
473
204
199
778
99
51
1805
22
1621
186
110
875
1434
296
107
105
260
433
293
1308
1918
1510
3847
248
1078
137
641
1419
436
906
800
703
1625
2406
647
430
1375
85
524
193
5
187
1683
776
78
1771
152
1756
784
141
1088
3
1073
734
2705
3812
5
1535
24
937
996
3950
596
4984
3516
348
1058
626
4
1859
3910
340
3860
802
451
787
9
1618
1544
2077
1318
875
520
1094
3875
660
566
560
570
759
1
551
404
234
773
750
916
784
490
362
1394
1256
1072
1156
749
1924
312
3276
3661
677
724
17
1
922
1247
660
1229
738
1
966
2563
6
592
471
2916
541
1094
13181
1
1821
974
376
112
1031
746
2102
206
843
449
92
8304
605
122
189
260
3266
828
125
444
423
721
125
518
860
1148
176
969
3078
922
188
531
238
655
237
1165
1141
488
533
751
4672
2141
557
719
1115
6
3236
220
618
843
552
4406
601
750
444
973
1
546
1
214
2656
92
447
93
118
477
700
1
99
262
106
1788
922
2125
287
611
529
1594
1453
587
777
410
499
718
647
797
31
1
476
1037
593
488
598
425
256
885
1319
550
770
474
304
2365
4
462
227
782
635
202
1328
232
4261
5985
35
922
768
426
236
188
464
36
217
928
1119
366
108
549
85
1
577
727
545
2203
2047
366
512
1824
737
318
2071
813
217
1795
425
969
398
399
104
5
2722
482
1046
1679
766
1813
123
872
831
1778
371
1611
5
812
695
9694
975
893
906
407
2385
710
1100
162
1094
94
155
325
2334
93
133
937
812
1813
735
845
698
32
499
447
542
1218
490
875
156
38
42
413
965
1080
1029
265
1421
1061
3207
1607
14307
144
102
260
138
1175
114
1376
1545
393
4166
1
513
6871
2966
791
117
131
157
95
105
2171
2917
750
1266
776
104
455
98
552
767
1250
398
677
475
4689
741
1017
548
134
119
568
514
17
113
22
3
109
279
252
747
844
3078
1192
445
400
2000
796
498
335
6900
224
1202
469
818
6296
664
1582
16981
4253
347
2125
5
286
1079
295
117
757
5812
1109
240
280
412
1948
558
54
41
101
229
775
634
659
104
1276
717
236
1315
227
756
1547
431
750
429
2516
1438
316
611
2310
674
126
1046
753
13
117
1217
187
5
1086
219
1397
906
766
495
781
592
1
1
460
614
983
95
891
405
984
1031
203
365
603
3516
893
155
1021
1394
2141
671
921
871
2032
1200
999
578
128
614
929
1043
168
1047
1669
457
383
1109
393
1
1032
1217
315
704
593
1375
972
802
434
518
4453
8
750
11136
663
64
1171
9
4340
318
259
105
790
667
1109
160
147
1
6445
627
114
518
538
5364
127
1
356
1
128
935
413
1803
6
11
138
141
1877
813
1
705
747
226
781
601
1036
646
389
1571
1152
539
1245
146
218
919
797
623
1
130
129
156
1635
286
196
629
373
4
579
130
30
543
538
16
682
1625
1241
162
2470
682
954
1476
478
349
1430
19
308
979
37
875
2301
9
829
135
1206
214
1
2038
417
1408
1058
1
1
849
1495
911
4634
712
13
1515
2061
3194
441
1000
20
466
936
1103
402
275
917
875
517
4706
2806
1
1047
2719
2969
943
189
844
2551
1594
567
708
801
20
669
237
2082
11665
1867
215
919
1742
344
505
416
572
750
3175
4003
21
520
541
5372
406
670
197
3851
1094
587
5
771
178
1438
1882
543
851
418
1591
776
548
1164
122
116
845
567
329
1268
263
506
825
5
112
751
227
7
353
300
1650
2500
343
77
2030
9
5
719
166
844
1047
696
115
599
591
788
260
514
291
1794
1017
437
160
480
450
427
505
1553
2344
1212
670
15
1416
1291
828
440
290
605
537
451
2092
3515
184
1045
2978
782
1507
1153
533
233
536
1080
475
638
585
875
765
766
9
738
1651
1028
1694
549
457
906
2645
14
814
89
3333
2657
1422
222
367
221
845
757
344
1193
269
719
1157
6016
1695
154
1060
1888
340
541
91
134
798
19
548
286
7
14
2420
734
956
634
39
305
127
656
222
1813
892
1536
1483
937
828
599
32
907
396
263
245
765
1923
1871
1563
952
115
1317
937
287
219
7
550
626
1422
2891
23
83
530
315
104
533
951
1055
422
321
83
100
18
455
311
908
155
91
352
190
1156
1020
217
719
554
503
1172
1214
922
1437
579
126
935
489
644
393
957
164
3814
828
240
2808
266
1130
241
1906
1552
1388
1754
877
421
32
618
3
560
462
1083
365
93
461
368
31
241
1515
12
513
1446
968
595
906
359
179
379
532
621
18
16
708
625
2
615
13
21
668
457
1359
220
366
364
495
5719
206
179
477
1646
528
823
1381
120
9803
1333
38
2047
743
1000
991
1
1094
98
1021
177
34
759
1240
1761
714
3166
975
1047
4
398
240
138
512
642
17
890
157
865
162
684
102
267
5482
2697
1116
1988
1178
97
312
487
98
114
95
734
447
106
661
111
144
1
204
1
1
1
692
468
133
167
322
349
512
388
139
1
1327
149
985
916
593
539
942
162
446
3766
157
797
351
2225
562
1458
1357
544
890
704
749
921
1980
1072
1780
622
4688
1891
687
694
1131
230
1473
260
656
540
695
2811
182
535
163
1
922
5000
657
1
549
307
856
941
477
537
719
434
398
2016
433
177
108
1731
444
828
561
623
514
547
678
1000
1701
395
828
332
479
562
844
493
20
875
6
432
746
19
891
580
483
650
1608
431
1
588
519
476
1
695
1371
486
2172
389
875
4
2415
392
138
814
160
108
453
150
447
6443
343
591
221
143
349
697
413
975
170
2178
185
161
6
359
1047
1145
533
2211
607
793
1043
1027
413
3
207
521
105
501
13079
363
712
413
1817
1649
602
150
296
254
386
1
297
969
410
886
208
824
922
1597
428
488
3
516
1600
398
679
704
115
3858
213
1887
283
701
411
1978
663
394
1009
651
701
3686
730
634
500
684
373
88
559
243
462
566
245
671
11
112
774
337
259
18
684
198
125
201
358
2
266
1078
546
1
1
418
438
891
250
250
648
1234
5703
418
40
405
218
734
502
3
422
3333
18
91
677
1026
3
258
533
7
196
280
474
9591
516
6
425
382
194
21
828
638
2616
201
380
781
258
744
1547
172
508
424
5
475
342
476
141
490
1388
531
313
634
580
677
860
729
382
528
394
775
1711
520
1172
1182
718
348
621
1686
1125
415
2176
1313
323
403
375
474
378
1155
133
702
642
7
294
375
323
357
1547
363
749
581
151
5843
1093
1
214
239
1569
94
139
733
151
1012
1280
350
182
766
160
770
1577
932
1047
732
420
798
220
836
125
377
540
499
1312
1156
442
693
85
1043
1079
155
1094
1632
117
890
388
461
438
797
1535
704
795
3156
199
1829
374
395
425
521
440
1156
386
1029
428
524
422
277
398
641
2235
172
4
833
417
1
147
431
196
421
891
952
1
1843
808
1916
956
1103
645
717
879
429
311
6
1
1
710
1754
903
119
331
457
1215
563
451
450
624
533
890
716
326
389
1848
504
758
381
131
133
523
7162
771
995
53
199
277
1297
961
98
431
85
472
1406
545
422
1
1585
394
437
513
926
1119
170
669
1
333
801
474
5205
1041
1105
308
430
200
894
1200
355
560
6
159
942
372
368
202
532
463
591
102
2323
2825
152
1115
83
15
1621
1073
759
624
855
1
462
812
938
215
1922
61
465
1256
890
43
1406
141
1710
47
6833
1180
1193
1675
2220
1311
183
631
912
616
716
630
675
69
860
980
684
1172
1736
3734
295
883
666
133
4
216
4
760
1418
142
1214
29
922
552
274
682
599
1123
213
1
360
3727
455
687
184
36
163
750
413
625
2
752
1
1229
260
1623
494
168
462
132
45
850
292
251
433
247
282
2261
542
223
47
1589
1
27
39
3
853
142
757
1659
394
393
1412
218
275
1649
601
128
219
194
412
504
475
669
153
891
178
264
3571
1099
1064
2078
405
1669
375
1330
1108
355
19
151
387
1063
42
993
218
591
271
464
560
1223
754
210
28
999
148
174
781
414
63
927
209
576
495
1
516
697
2285
4921
766
1197
143
1
440
828
1
863
1
1117
613
849
486
42
42
235
891
1117
536
5266
478
828
122
1421
431
1184
48
645
643
2451
414
984
1344
468
2903
473
377
434
481
375
750
573
168
408
968
335
3226
930
1045
218
235
199
183
341
153
34
1
32
527
1657
247
135
447
185
396
29
431
789
250
328
35
28
1200
1
1169
518
418
2187
1
483
449
230
240
1485
1953
238
577
2374
469
954
945
921
151
441
809
300
546
227
344
487
253
4797
623
1000
15898
214
286
356
585
304
478
278
881
804
110
24
1055
30
1218
856
1531
563
98
2385
155
327
645
4260
814
1687
1563
199
541
238
29
857
174
131
367
5065
221
2372
2375
1
342
2824
1821
1167
2896
445
940
837
1344
258
265
17835
948
605
739
419
432
1799
536
18
98
1692
484
1437
140
496
750
285
1016
708
294
10
1117
393
676
1458
324
641
424
5
432
812
1407
1205
672
797
280
493
1828
154
687
161
419
504
531
1422
750
1257
667
1196
510
781
1179
497
529
437
463
35
795
117
790
1274
319
27
304
448
261
163
1578
901
674
1047
1313
1126
831
1031
971
851
860
8177
1973
653
445
51
27
74
872
221
157
1
176
1188
31
689
193
749
245
1
446
420
525
936
18
744
380
194
463
22
1766
1129
454
242
2655
290
259
330
2640
111
215
614
237
1342
476
36
12
289
524
1000
359
23
574
1128
681
310
1
620
1444
5412
379
214
1342
491
259
325
144
438
80
26
244
144
1619
34
532
211
235
260
1319
1671
23
484
703
72
244
684
425
560
34
159
586
316
954
381
1296
1297
877
1375
253
666
3
4
827
1859
284
1453
637
160
2032
77
4056
1814
3508
358
4
109
1
160
906
3154
531
1070
2366
1068
1143
125
776
923
812
2363
391
185
26
154
2129
521
589
43
687
431
531
1681
6
361
166
1040
443
285
1103
1130
247
547
757
408
707
158
328
192
418
797
835
642
475
1297
1109
719
350
616
750
10714
680
1628
512
738
598
235
601
400
242
1250
209
558
766
558
337
850
408
812
501
1157
1
683
813
1634
305
153
486
458
147
2745
783
1697
1984
7592
239
1718
898
128
2509
407
728
896
536
358
306
47
329
791
642
301
24
771
402
241
1301
114
195
343
20
449
1404
1109
375
535
385
29
48
15
386
158
1610
34
439
736
2540
526
105
6166
377
1146
350
6776
3169
533
1010
567
714
339
390
238
114
698
1097
382
234
436
792
269
1005
454
393
983
168
416
571
428
601
416
704
6332
761
1721
1647
527
1959
1105
279
870
974
624
2
360
183
356
340
144
194
678
23
1835
540
21
1200
437
1657
170
214
162
163
159
2145
34
6188
1323
436
9293
562
687
279
1599
495
1614
1029
392
114
859
116
438
351
1047
1133
145
2199
1156
808
1343
297
891
168
1229
26
719
4046
677
553
337
902
719
408
25
38
1274
371
721
4463
997
904
938
16
623
1179
19
2262
1623
363
1176
547
361
1021
4
597
1863
412
520
160
517
557
344
818
241
307
1008
813
612
768
14
218
1869
872
1
1112
7
1916
525
452
502
1
352
243
1109
139
320
29
43
363
785
1922
569
1328
865
373
1229
538
580
309
784
2021
1780
1491
875
323
231
37
221
1266
1122
64
1
756
34
969
410
187
3229
31
474
277
308
149
1123
225
336
187
243
389
290
1047
1022
28
2980
451
149
764
2060
969
2270
354
361
2384
440
182
750
334
44
4778
511
1953
162
514
2046
301
1094
473
346
671
394
138
1295
1747
443
441
595
3072
716
445
469
137
206
341
907
442
472
314
431
967
659
322
331
151
492
661
394
587
509
9
501
906
673
389
355
231
440
471
3072
965
483
315
338
390
463
300
2
432
382
2524
1357
1003
448
726
170
22
800
273
444
682
491
1020
1968
465
124
163
715
245
517
505
10326
853
1316
400
2242
1676
792
2098
322
356
818
1718
166
46
1368
555
410
433
242
413
672
360
102
116
130
258
3922
263
155
1078
701
99
1
1988
161
972
1
9
191
480
578
1172
721
221
504
290
1117
130
947
338
593
469
531
1368
188
552
850
219
123
126
466
467
2782
70
834
465
297
312
689
577
437
996
357
527
1820
209
17
231
762
154
423
503
565
702
596
1638
93
2249
816
294
9
19
244
31
766
1353
797
1489
403
285
835
514
1421
930
546
192
376
482
2033
1500
3134
501
512
904
1060
856
8217
498
962
2176
3035
657
924
166
350
959
424
1044
1069
612
188
1149
390
480
943
477
610
38
197
732
1158
710
141
27
750
39
488
125
420
1219
396
306
758
1079
1316
2766
1112
469
1125
1234
523
579
134
125
16387
136
820
625
531
1
180
1036
665
600
371
372
765
1529
905
501
600
794
494
167
1370
578
421
543
239
1410
256
1157
1008
2038
1684
747
526
1583
587
258
991
990
710
4
409
532
1000
207
1385
356
458
495
3750
922
247
1156
813
516
3105
2141
421
461
250
891
67
1094
860
61
875
420
3929
817
824
876
435
485
45
136
953
393
1135
4224
781
601
560
804
429
959
1591
746
1005
782
562
968
428
1300
669
446
796
517
361
1031
389
1214
1088
359
71
301
641
553
324
797
1014
417
953
650
595
2666
25
923
875
230
638
139
407
641
683
476
187
449
576
1154
415
77
411
1021
844
138
963
559
315
191
589
416
179
559
803
383
1644
727
659
658
168
817
193
3436
1031
222
3413
687
35
737
148
51
302
771
2275
636
2062
272
192
1628
481
1579
165
1266
1698
305
1565
1
522
1440
281
157
178
1057
161
422
675
317
614
2030
594
290
76
276
2557
367
304
2
833
3477
280
970
528
406
773
1856
406
96
1783
132
1189
1825
71
783
402
160
315
263
947
1359
143
497
1
666
1522
1136
252
496
3
24
966
602
832
11871
629
393
106
666
1199
1198
231
398
1592
210
308
1660
1517
1901
387
225
141
1114
22
277
159
361
169
1050
14
131
5141
375
824
875
17
432
110
5
2265
171
429
1574
410
228
267
922
258
377
956
150
910
621
1246
439
1009
2146
15
136
1
868
1156
2188
295
2183
917
697
787
1406
741
596
1754
171
915
1565
710
149
16
781
602
448
197
105
246
3
874
1032
711
312
1045
369
4
2926
748
716
741
3
476
332
933
444
635
430
1283
1406
385
25
1813
761
492
1004
210
423
487
1076
1
98
213
3118
455
1
2313
538
365
290
806
590
426
533
1
1430
301
598
1
95
91
804
1290
1003
646
589
480
49
1021
117
1212
55
342
462
267
994
933
2629
548
1952
316
243
245
1192
226
3015
3204
1083
448
511
975
241
1313
292
927
1801
264
360
992
1266
594
912
26
3918
8713
696
394
658
93
1242
703
91
1194
1104
1016
13937
1024
896
45
544
636
391
28
6260
1117
1485
1016
688
184
221
553
598
1
445
3680
784
2451
489
4817
359
217
480
606
1547
1836
259
1109
663
1593
182
255
502
244
656
354
302
577
339
207
952
1645
27
333
518
19
1319
88
639
18
361
1
2803
535
1
662
124
254
1641
667
270
860
477
719
835
382
1875
34
913
1144
1654
395
106
1031
110
231
307
8762
569
1435
231
2125
236
4422
1125
7246
5578
688
127
1266
103
577
528
3
668
1784
924
1784
561
619
562
895
1760
845
454
136
375
88
746
955
105
98
210
167
1477
200
167
409
218
401
142
1229
511
1902
687
12096
332
121
3391
4342
1
280
146
128
679
527
459
119
4340
461
492
2948
251
340
1517
894
3467
171
990
826
194
1057
1338
324
192
35
1509
1649
1008
937
960
735
297
112
1276
308
125
21
376
922
185
113
1006
2625
1358
1329
286
6627
301
107
356
186
408
2632
20
10036
210
152
283
390
1517
6
386
686
1731
41
1350
28
953
31
556
264
302
916
133
1218
17
750
1151
382
2681
498
175
611
15
144
1062
980
208
1111
148
2250
133
797
828
407
212
315
518
1141
2901
513
149
213
93
173
316
584
11406
19
765
402
695
87
548
1860
271
190
424
696
23
523
255
549
476
811
22
596
303
338
500
844
175
1615
1492
1577
1047
115
984
266
165
487
174
23
705
662
1094
185
266
829
1031
482
465
2891
1953
21
1031
1136
236
492
690
828
127
1166
147
127
1144
388
287
4
1472
1297
241
111
989
4
5
1617
248
519
365
203
147
1066
1776
1
1451
162
193
176
2997
542
672
626
1883
187
1494
550
430
160
232
195
4122
171
533
13
721
27
18
18
1054
403
348
1153
1691
2668
465
183
3359
1241
1681
127
1860
223
1125
30
776
305
96
389
696
1705
22
11469
793
457
397
1078
537
968
2639
721
2110
183
658
201
397
1005
367
337
1148
1300
76
400
1
644
16779
786
661
937
604
283
1127
1828
399
109
712
766
875
513
58
676
1149
77
974
77
1562
665
83
1739
829
82
454
19
100
785
364
1687
3047
86
1
21
117
301
601
935
1128
288
449
49
3876
2089
95
220
955
958
389
1286
508
452
199
531
812
1755
529
479
208
1169
501
160
906
530
218
2
1074
195
1424
733
12378
2497
1222
1105
1265
3092
303
1495
514
734
22
648
953
183
797
1062
207
1773
1116
227
4339
906
455
1195
1906
382
4434
2078
1892
208
1091
192
980
692
2254
930
2074
303
1258
730
179
819
720
550
1122
375
739
1072
1040
444
110
907
586
902
427
644
1115
428
247
578
75
754
734
486
195
132
630
2407
115
642
2078
259
101
57
2188
64
286
705
243
698
148
85
62
1661
25
306
404
110
340
566
737
906
7
796
636
1494
226
671
362
168
900
891
193
836
20404
1
4891
213
367
1832
483
422
37
264
141
389
545
1239
1100
505
336
576
719
1347
453
802
254
380
371
211
434
2957
65
766
1625
1112
908
22
366
1788
867
919
24
166
2500
566
182
2094
456
25
451
201
1047
684
1255
363
261
1275
425
742
364
1125
1628
682
117
1382
133
29
134
601
5
380
300
15
448
1105
39
711
921
1910
301
600
671
105
95
860
1021
814
1166
78
563
834
2685
875
177
249
758
903
235
1043
497
395
828
9
584
367
69
1458
18
1163
369
540
1652
356
95
515
551
235
338
209
4
324
625
261
1638
376
1484
443
316
1081
3625
86
860
1875
996
357
179
238
147
399
354
197
1312
7
875
664
23
434
760
121
7
443
477
365
829
516
1074
499
1011
1125
590
186
238
153
2875
20
398
426
307
217
118
141
320
641
1016
541
254
604
21
387
2142
485
1467
180
379
690
125
522
1862
1957
643
33
601
392
1778
499
229
496
629
969
563
988
1604
716
623
988
1094
566
804
553
355
666
922
576
907
93
695
410
969
485
289
849
1043
106
1518
381
1050
37
767
2028
614
354
590
715
570
841
1012
470
1076
112
4
1465
492
447
1724
484
852
222
723
319
130
148
449
525
4753
851
126
168
440
455
1005
3348
23
159
1501
2156
436
342
123
349
211
567
828
11945
1077
537
109
787
1768
944
688
1224
467
85
475
659
183
206
1036
351
954
582
266
738
339
769
117
453
29
538
2206
1141
210
813
1172
637
725
136
450
374
106
232
376
26
270
143
191
992
423
2531
567
323
814
829
317
2556
1462
42
297
1723
738
389
417
386
422
875
709
357
891
1021
1037
619
191
1131
1362
1094
1192
4338
24
239
5028
602
1235
573
522
482
94
909
876
393
309
220
394
334
484
1066
86
347
746
173
41
546
588
369
353
1090
579
231
1248
495
467
1108
386
364
3399
54
623
996
573
734
222
389
389
705
557
1191
884
760
937
507
348
5
496
1704
567
172
600
732
5580
427
1104
1937
691
825
2391
279
223
492
466
176
921
1531
153
400
954
576
3313
466
6337
495
557
579
424
378
178
415
1428
853
682
543
211
901
1
367
402
365
156
401
631
587
213
807
423
1040
2477
1672
2306
1109
366
1042
1913
77
218
225
371
550
235
3167
155
800
1719
608
6669
495
813
1
428
462
260
554
330
1707
533
1660
2746
405
463
376
12977
121
4713
887
197
812
522
419
1453
390
268
3172
2932
1574
441
957
1051
802
4781
4745
772
397
520
415
376
444
169
253
229
377
428
723
829
5601
1000
628
6
1999
2031
393
37284
1250
806
473
420
859
1257
417
219
1913
875
515
710
11
52
138
645
485
532
619
691
797
2280
2040
1817
587
399
322
664
11505
1563
144
371
100
4907
726
1084
1457
899
2250
1
367
1316
1437
251
26
644
515
656
1411
3359
18
421
847
27
192
476
431
1734
7
1406
567
321
692
730
2156
985
214
67
159
658
3437
605
958
402
750
1578
882
308
227
4
944
708
1242
912
194
464
1219
708
128
29
574
1128
658
1
1184
270
5080
1998
493
2641
824
824
160
575
4
190
468
523
703
1
917
381
15
1000
650
1531
1
221
6
2079
968
857
812
580
809
1671
597
2308
1168
812
13
1900
2207
552
803
248
875
329
1045
765
1114
1297
513
534
492
148
907
561
624
1798
638
113
547
3516
1351
276
560
120
684
642
1747
2359
1766
152
468
9
2174
5617
612
919
929
241
189
410
2266
166
393
4
306
509
1687
100
969
1015
2156
1
653
1859
132
41
58
362
107
502
971
972
593
260
118
765
27
540
1235
315
219
604
430
110
85
71
437
109
543
113
745
838
12398
413
813
621
2123
795
306
2416
2416
1234
15
5
268
116
223
632
162
2095
5
766
128
535
14
590
322
520
840
921
628
497
1754
437
553
422
1549
1157
1127
859
687
174
340
393
1797
452
3369
729
4347
2447
2406
677
1109
4000
131
1044
169
1793
1366
2167
444
358
103
349
267
1015
149
137
252
7135
524
1131
871
171
578
361
1344
1328
75
224
823
327
1188
464
120
239
285
1063
247
417
969
338
928
5376
863
1071
1726
440
4578
485
682
808
1648
2074
386
2341
1514
2
292
396
638
2
232
579
2114
341
3
30
866
1712
2384
2388
457
1607
3063
946
592
294
173
282
1110
1422
150
579
26
394
243
237
676
672
2109
376
1062
3
2
890
1
2906
1
539
2
488
308
1877
2235
33
646
2018
1226
266
473
1000
672
470
280
961
1233
117
1172
1479
962
6351
572
986
303
159
966
448
429
82
349
713
267
428
28
1234
952
239
139
749
673
301
719
137
751
940
538
521
1234
1047
738
281
1980
757
165
512
474
629
1891
977
666
1219
2656
8535
797
274
337
2453
2640
951
2594
1080
3714
972
299
1188
643
8022
185
180
34
18580
588
322
31
766
1110
377
914
814
213
1014
115
462
3
230
537
764
165
26
292
4608
95
3
3
891
434
14
313
4845
923
41
224
615
401
579
196
3396
724
219
1107
1080
714
389
1891
279
763
391
170
475
145
1906
154
552
180
228
769
1170
762
236
29
572
247
159
366
1792
2355
184
415
297
788
56
157
603
603
492
135
351
245
29
149
178
767
267
317
1093
220
536
140
953
1008
35
421
225
149
268
640
895
124
1078
247
152
229
705
1075
801
3272
1616
218
2447
439
755
180
169
1452
1032
721
2062
190
24
674
651
26
654
831
221
335
520
616
343
1046
25
232
734
202
1549
1
548
594
1591
1911
461
556
7176
1610
461
796
1703
7
2050
10
192
587
376
443
3
892
741
1842
200
113
1331
1922
741
961
1097
812
399
1047
766
341
1913
938
1369
490
919
177
245
5308
1064
592
953
175
1013
287
917
357
531
1685
776
179
672
373
706
1794
1459
374
482
761
739
1
876
876
8304
1390
1130
876
876
876
922
828
876
876
876
876
698
715
1180
285
747
333
876
984
162
2261
937
398
1180
3875
317
40
95
969
2281
785
122
407
794
9
651
941
542
28
1078
555
2443
1368
946
2326
999
208
499
347
886
184
626
1735
1373
719
233
598
1704
1369
1915
128
294
345
2625
1124
750
1913
7
442
728
1594
441
434
1816
136
431
1340
83
611
127
882
196
1651
2108
1740
318
96
222
155
51
118
548
502
791
240
1230
202
68
157
376
488
803
3
400
117
208
346
135
705
263
450
326
1611
407
167
589
11
36
931
102
457
928
198
75
888
1972
601
436
358
438
618
839
1499
1348
1344
877
407
589
726
719
1360
907
871
2984
854
573
75
148
188
743
610
1161
207
423
603
2132
619
3813
773
3753
5
495
400
1
288
374
370
1
236
1
312
237
220
765
1093
2593
4997
228
3078
154
1
843
235
457
762
547
306
766
309
1078
827
179
1260
528
1300
214
341
214
593
557
97
532
418
468
150
1
713
23
50
21
1157
730
179
1247
705
1030
1
645
733
190
1252
197
5672
828
436
395
593
1534
4942
2334
1047
843
4
193
345
10
52
415
2635
797
21
387
798
1022
668
2187
57
1188
325
420
337
19
342
817
554
708
416
559
11
490
23
851
185
1116
1891
236
2188
466
499
1350
209
606
441
533
36
244
783
260
516
258
362
214
40
225
383
69
703
3187
653
446
445
1855
60
1114
613
906
518
235
832
189
1654
407
611
1319
800
1566
134
360
184
564
4
301
614
17
1144
5337
594
572
1607
1
916
721
426
712
175
790
1620
1031
369
27
14
88
429
235
246
25
325
21
14
91
930
102
5
479
232
513
172
1677
554
130
128
471
2257
1911
208
375
653
126
411
2208
537
1242
684
182
2691
516
971
1101
10730
1593
898
508
15
433
2195
390
1493
36
531
906
1927
178
1078
345
1489
567
27
652
1702
584
1123
3842
275
1703
128
1912
188
652
4
24
1
1875
5
27
437
683
790
307
4
1171
4
916
319
539
753
782
678
33
3
34
37
171
154
969
346
166
1141
1
1257
188
662
85
309
2321
1009
3
813
954
16
390
247
504
218
922
502
360
740
1030
197
133
39
303
34
259
106
1067
194
1978
220
217
448
1261
28
953
42
890
1512
2324
1266
993
265
886
1094
2156
599
733
59
588
622
244
396
1027
185
3688
781
1228
8
752
268
1663
304
436
203
495
389
461
785
716
15107
984
677
366
574
28
959
1521
891
556
794
27
998
625
1110
154
466
407
2891
206
1125
459
975
650
799
2256
969
906
338
5
1109
116
1670
465
187
571
896
635
115
587
1446
32
365
159
155
383
241
1214
4672
299
529
450
212
175
773
1433
306
49
148
1858
629
1269
1055
3618
953
2320
1242
644
829
5750
1704
23
478
26
47
1140
353
859
2034
699
984
2551
6
1625
6
1046
12
6
1562
1622
968
523
2256
463
255
439
320
418
1107
401
51
3235
874
956
203
291
832
266
331
371
875
953
945
253
155
3860
225
2250
686
157
788
776
345
953
722
429
30
15
2093
464
5669
2301
2
844
600
17
820
1
378
1279
678
1797
1251
421
315
1
23
392
216
211
370
907
305
668
212
278
20
589
11
336
867
4079
444
5
3593
409
857
1
806
3109
540
914
900
822
562
3
852
550
343
472
36
526
1
522
489
367
807
501
398
161
509
1901
995
326
215
404
1210
2422
866
464
441
560
750
223
701
463
215
726
2468
194
885
26
456
965
602
1010
137
2174
276
822
3241
168
1137
64
594
94
1037
127
2539
347
1621
114
28
602
569
632
875
845
188
235
119
610
782
966
7
5
250
233
575
393
758
941
623
322
3263
58
576
3593
769
1750
99
195
330
396
116
452
1329
140
300
7
813
323
825
1000
873
317
6
874
222
134
272
576
1021
500
474
158
556
796
319
859
1798
150
1698
671
178
1009
777
1019
362
898
1025
251
2455
135
4658
2127
1719
386
363
81
317
737
533
1627
1463
1563
804
231
2922
368
492
6647
61
915
453
693
255
1067
1603
425
349
1923
302
349
1085
1233
405
21
570
424
243
177
40
491
55
1436
996
939
1906
215
651
110
52
905
152
1054
107
1
351
51
43
391
144
281
765
875
197
126
859
429
905
24
410
674
1616
544
357
375
3164
492
28
420
766
1207
571
834
1
363
1079
120
197
230
711
290
893
1829
1219
462
630
969
434
153
2164
694
726
521
310
1312
524
348
368
837
777
426
3096
811
487
641
489
533
857
427
2230
726
178
1150
2229
1853
362
319
828
239
378
694
776
447
3539
1120
1375
5
967
1890
631
138
1723
120
333
2170
238
1142
711
1886
1865
542
2710
656
1155
227
460
1835
2229
1290
438
5185
584
859
395
20
2303
97
381
1639
542
451
719
638
429
162
558
402
592
426
233
155
6616
636
70
511
151
679
838
79
511
239
1611
240
1109
10
522
1187
891
544
939
1588
573
606
419
244
222
7
1031
678
522
420
1192
148
647
415
717
590
94
4285
8
562
1950
2485
481
1890
560
519
674
805
434
863
166
444
204
485
1500
80
394
797
1505
565
687
340
456
859
4
822
186
536
553
859
597
244
179
1
587
1509
138
521
752
110
827
578
359
18
1172
4235
754
856
21
560
436
194
728
859
630
426
10
820
573
1997
17
1114
20
176
664
808
621
508
2647
707
54
101
146
558
1830
1
267
1437
149
21
308
27
388
568
147
742
749
1929
1000
626
218
254
1247
584
1250
875
1288
408
1469
1049
1057
395
603
234
424
1838
128
298
250
1016
1708
514
1266
963
670
678
502
178
397
1673
1386
2913
2471
399
1156
891
1875
215
333
820
435
310
340
53
715
1171
25
427
1405
1534
1153
1568
398
1235
60
40
543
345
476
216
135
227
241
858
610
365
512
39
338
521
204
652
401
422
226
793
228
358
220
2514
77
879
3
832
428
315
6
1990
515
31
459
989
827
1300
320
662
831
1851
224
1812
1512
228
1762
761
948
209
1218
707
408
896
470
1063
2227
373
169
579
1404
388
50
362
569
1125
204
478
1313
979
1075
2356
270
1822
499
782
201
859
341
507
241
1331
509
800
42
517
1725
210
1026
3374
300
298
2810
365
2585
709
440
328
97
655
371
713
99
797
985
1969
446
392
225
611
524
386
794
2215
1062
821
993
147
1593
2501
382
202
136
694
172
399
210
385
203
3
1427
343
499
629
1367
2745
515
14
167
566
2342
179
3260
294
3110
564
1634
1156
922
758
727
370
151
323
958
1686
1000
239
653
632
382
3363
992
194
1
891
547
936
205
890
696
1224
177
9926
1078
3406
835
762
19
523
456
251
335
469
2706
288
594
257
1104
1883
289
728
544
667
346
954
15
152
5571
4266
346
5
267
503
486
790
539
179
485
649
189
833
187
1032
69
355
9
267
799
1357
424
323
403
829
1334
215
164
154
1896
159
1457
1259
212
554
495
2248
341
1350
188
1031
15
1852
947
967
1543
2743
220
911
971
9
470
37
898
491
554
447
193
589
854
476
737
332
212
364
1838
515
735
397
297
1151
593
812
1559
728
787
392
10
361
953
652
1101
1724
8
544
343
332
45
695
828
733
876
534
451
9
791
426
937
1
1952
389
387
16030
3094
721
357
2438
1407
846
861
718
1246
1486
991
463
444
38
491
1328
59
567
1187
18
1622
928
605
503
1101
1072
862
39
484
377
407
85
214
210
719
828
1
807
825
1016
265
685
26
410
286
1961
240
1965
959
84
901
470
2012
141
3019
451
4407
29
1
717
534
619
352
406
1547
447
859
1750
242
375
746
67
800
264
542
364
3297
3469
753
398
261
439
2109
554
197
3020
387
188
1042
602
419
290
448
1895
1447
248
922
2431
4331
319
143
49
449
456
22
252
781
922
403
4
15
346
226
1973
308
301
981
760
31
734
1217
1
539
1935
410
656
622
38
40
2390
546
81
649
954
396
1562
39
363
557
257
761
556
271
844
792
843
246
1036
2007
705
1234
402
922
1907
1469
5359
284
54
983
2573
336
1846
141
709
582
32
1359
141
1393
561
195
261
1156
938
132
232
59
5666
174
593
506
851
669
797
2966
841
1547
1021
351
552
558
2070
128
253
147
430
637
709
392
210
919
10406
424
2025
459
381
438
1520
476
511
350
1
1938
454
125
875
461
1038
369
310
1038
1593
355
1437
396
3753
936
1364
564
286
3673
475
1840
169
5
184
3016
501
388
434
990
3915
33
1127
136
1437
329
320
885
199
184
365
1205
844
1899
534
981
1402
3310
162
