572
91
92
418
588
248
272
267
286
622
241
278
447
278
236
227
248
129
319
223
452
270
262
351
266
271
294
56
285
295
168
319
292
239
240
398
262
309
223
254
369
393
334
339
96
8
2970
1487
479
2309
715
363
131
142
147
15
6
6
11
2
132
264
132
116
622
294
356
137
842
238
161
323
1091
80
126
108
280
296
101
821
425
226
506
240
371
185
440
116
58
812
274
447
1
894
129
1
2224
532
294
284
391
131
125
774
763
1
548
1386
983
651
605
271
347
90
240
527
119
123
454
119
1
213
923
180
163
107
2169
207
664
1586
74
1
261
113
538
154
537
1
180
623
525
292
548
151
96
485
326
220
149
13
153
2
93
276
131
1
546
997
2467
512
134
1
636
479
766
