157.99999999999997
161.33139250209214
164.6706298710953
168.01771210700943
171.37263920983455
174.73541117957063
178.1060280162177
181.48448971977575
184.87079629024475
188.26494772762476
191.66694403191576
195.0767852031177
198.49447124123066
201.92000214625457
205.3533779181895
208.79459855703536
212.24366406279222
215.70057443546006
219.16532967503886
222.63792978152867
226.11837475492945
229.6066645952412
233.10279930246392
236.60677887659762
240.11860331764234
243.638272625598
247.16578680046462
250.70114584224228
254.2443497509309
257.79539852653045
261.35429216904106
264.92103067846256
268.49561405479506
272.0780422980386
275.66831540819305
279.26643338525855
282.872396229235
286.48620394012244
290.1078565179208
293.73735396263015
297.37469627425054
301.01988345278187
304.67291549822414
308.3337924105775
312.0025141898417
315.67908083601696
319.36349234910324
323.0557487291004
326.75584997600856
330.4637960898277
334.1795870705579
337.90322291819905
341.6347036327511
345.37402921421426
349.1211996625883
352.87621497787336
356.6390751600693
360.40978020917635
364.1883301251943
367.9747249081232
371.7689645579632
375.5710490747141
379.38097845837603
383.19875270894886
387.0243718264327
390.85783581082757
394.6991446621334
398.54829838035016
402.405296965478
406.2701404175167
410.1428287364664
414.0233619223271
417.91173997509884
421.80796289478144
425.71203068137515
429.62394333487975
433.54370085529536
437.47130324262196
441.40675049685944
445.35004261800805
449.30117960606754
453.260161461038
457.2269881829195
461.2016597717119
465.1841762274154
469.17453755002975
473.17274373955513
477.1787947959915
481.1926907193389
485.21443150959726
489.2440171667665
493.2814476908468
497.32672308183805
501.3798433397403
505.4408084645536
509.50961845627774
513.5862733149129
517.670773040459
521.7631176329162
525.8633070922843
529.9713414185634
534.0872206117535
538.2109446718546
542.3425135988665
546.4819273927895
550.6291860536236
554.7842895813685
558.9472379760244
563.1180312375914
567.2966693660693
571.4831523614582
575.677480223758
579.879652952969
584.0896705490908
588.3075330121235
592.5332403420673
596.7667925389221
601.0081896026878
605.2574315333645
609.5145183309522
613.7794499954509
618.0522265268606
622.3328479251812
626.6213141904128
630.9176253225554
635.221781321609
639.5337821875736
643.8536279204491
648.1813185202355
652.516853986933
656.8602343205416
661.2114595210611
665.5705295884915
669.9374445228328
674.3122043240853
678.6948089922486
683.085258527323
687.4835529293083
691.8896921982046
696.3036763340119
700.7255053367301
705.1551792063594
709.5926979428996
714.0380615463507
718.491270016713
722.9523233539861
727.4212215581703
731.8979646292653
736.3825525672714
740.8749853721885
745.3752630440165
749.8833855827556
754.3993529884056
758.9231652609666
763.4548224004385
767.9943244068214
772.5416712801153
777.0968630203203
781.6598996274362
786.2307811014631
790.8095074424009
795.3960786502497
799.9904947250095
804.5927556666802
809.202861475262
813.8208121507547
818.4466076931584
823.0802481024731
827.7217333786989
832.3710635218355
837.0282385318831
841.6932584088418
846.3661231527112
851.0468327634918
855.7353872411834
860.4317865857859
865.1360307972993
869.8481198757238
874.5680538210594
879.2958326333058
884.0314563124632
888.7749248585317
893.5262382715109
898.2853965514014
903.0523996982026
907.8272477119149
912.6099405925382
917.4004783400725
922.1988609545178
927.0050884358741
931.8191607841412
936.6410779993195
941.4708400814086
946.3084470304087
951.1538988463199
956.0071955291419
960.868337078875
965.737323495519
970.614154779074
975.4988309295402
980.3913519469172
985.2917178312051
990.199928582404
995.115984200514
1000.0398846855348
1004.9716300374669
1009.9112202563097
1014.8586553420635
1019.8139352947283
1024.7770601143043
1029.748029800791
1034.7268443541886
1039.7135037744974
1044.7080080617172
1049.7103572158478
1054.7205512368896
1059.7385901248422
1064.7644738797057
1069.7982025014803
1074.8397759901661
1079.8891943457627
1084.9464575682703
1090.0115656576888
1095.0845186140182
1100.1653164372588
1105.2539591274103
1110.3504466844727
1115.454779108446
1120.5669563993304
1125.686978557126
1130.8148455818323
1135.9505574734496
1141.094114231978
1146.2455158574173
1151.4047623497675
1156.5718537090288
1161.746789935201
1166.9295710282843
1172.1201969882784
1177.3186678151837
1182.5249835089999
1187.739144069727
1192.961149497365
1198.1909997919142
1203.4286949533744
1208.6742349817453
1213.9276198770274
1219.1888496392203
1224.4579242683244
1229.7348437643393
1235.0196081272654
1240.3122173571023
1245.6126714538502
1250.9209704175091
1256.2371142480788
1261.5611029455597
1266.8929365099516
1272.2326149412543
1277.580138239468
1282.935506404593
1288.2987194366287
1293.6697773355756
1299.0486801014333
1304.4354277342018
1309.8300202338814
1315.2324576004721
1320.6427398339738
1326.0608669343865
1331.48683890171
1336.9206557359444
1342.36231743709
1347.8118240051467
1353.269175440114
1358.7343717419926
1364.2074129107818
1369.6882989464825
1375.1770298490937
1380.6736056186162
1386.1780262550496
1391.6902917583939
1397.210402128649
1402.7383573658155
1408.2741574698928
1413.817802440881
1419.3692922787802
1424.9286269835904
1430.4958065553117
1436.0708309939437
1441.653700299487
1447.2444144719411
1452.8429735113061
1458.4493774175824
1464.0636261907694
1469.6857198308676
1475.3156583378764
1480.9534417117966
1486.5990699526274
1492.2525430603694
1497.9138610350224
1503.5830238765861
1509.2600315850611
1514.9448841604471
1520.637581602744
1526.3381239119517
1532.0465110880705
1537.7627431311003
1543.486820041041
1549.2187418178928
1554.9585084616556
1560.7061199723294
1566.461576349914
1572.22487759441
1577.9960237058162
1583.775014684134
1589.5618505293623
1595.3565312415021
1601.159056820553
1606.9694272665142
1612.787642579387
1618.6137027591703
1624.447607805865
1630.2893577194702
1636.1389524999868
1641.996392147414
1647.8616766617524
1653.7348060430018
1659.6157802911623
1665.5045994062336
1671.4012633882157
1677.3057722371093
1683.2181259529134
1689.1383245356287
1695.0663679852548
1701.0022563017922
1706.9459894852403
1712.8975675355996
1718.8569904528697
1724.8242582370508
1730.799370888143
1736.782328406146
1742.77313079106
1748.771778042885
1754.778270161621
1760.792607147268
1766.814788999826
1772.844815719295
1778.8826873056748
1784.928403758966
1790.9819650791678
1797.0433712662807
1803.1126223203044
1809.1897182412395
1815.2746590290851
1821.367444683842
1827.4680752055096
1833.5765505940885
1839.6928708495782
1845.8170359719788
1851.9490459612907
1858.0889008175131
1864.2366005406468
1870.3921451306915
1876.5555345876471
1882.7267689115135
1888.9058481022912
1895.0927721599796
1901.2875410845793
1907.49015487609
1913.7006135345111
1919.9189170598438
1926.145065452087
1932.3790587112417
1938.6208968373066
1944.8705798302833
1951.1281076901705
1957.393480416969
1963.6666980106784
1969.9477604712986
1976.2366677988298
1982.533419993272
1988.8380170546252
1995.1504589828894
2001.4707457780646
2007.7988774401506
2014.134853969148
2020.478675365056
2026.830341627875
2033.1898527576054
2039.5572087542464
2045.9324096177984
2052.3154553482614
2058.7063459456353
2065.1050814099203
2071.5116617411163
2077.926086939223
2084.3483570042413
2090.77847193617
2097.21643173501
2103.662236400761
2110.1158859334223
2116.5773803329953
2123.046719599479
2129.523903732874
2136.0089327331793
2142.5018066003963
2149.002525334524
2155.511088935563
2162.0274974035124
2168.551750738373
2175.0838489401444
2181.623792008827
2188.171579944421
2194.727212746925
2201.290690416341
2207.862012952667
2214.441180355905
2221.028192626053
2227.6230497631127
2234.2257517670832
2240.8362986379643
2247.4546903757573
2254.0809269804604
2260.7150084520745
2267.3569347906
2274.0067059960365
2280.6643220683836
2287.3297830076417
2294.0030888138112
2300.6842394868913
2307.3732350268824
2314.0700754337845
2320.774760707598
2327.487290848322
2334.207665855957
2340.935885730503
2347.6719504719604
2354.415860080328
2361.167614555607
2367.9272138977976
2374.6946581068983
2381.4699471829103
2388.253081125833
2395.044059935667
2401.842883612412
2408.649552156068
2415.4640655666344
2422.2864238441125
2429.1166269885016
2435.9546749998012
2442.800567878012
2449.654305623134
2456.5158882351666
2463.38531571411
2470.262588059965
2477.1477052727305
2484.040667352407
2490.9414742989948
2497.8501261124934
2504.766622792903
2511.690964340223
2518.6231507544553
2525.5631820355975
2532.511058183651
2539.4667791986158
2546.430345080491
2553.401755829277
2560.381011444975
2567.3681119275834
2574.3630572771026
2581.3658474935332
2588.3764825768744
2595.394962527127
2602.42128734429
2609.4554570283644
2616.4974715793496
2623.547330997246
2630.605035282053
2637.670584433771
2644.7439784524004
2651.8252173379406
2658.9143010903917
2666.0112297097535
2673.116003196027
2680.228621549211
2687.3490847693056
2694.477392856312
2701.613545810229
2708.757543631057
2715.909386318796
2723.0690738734456
2730.236606295007
2737.4119835834786
2744.5952057388613
2751.7862727611555
2758.9851846503598
2766.191941406476
2773.4065430295027
2780.6289895194404
2787.859280876289
2795.097417100049
2802.3433981907197
2806.4430954888567
2810.5255051546374
2814.5906271880494
2818.6384615890966
2822.669008357774
2826.682267494085
2830.678238998029
2834.6569228696044
2838.618319108813
2842.5624277156558
2846.48924869013
2850.3987820322363
2854.291027741975
2858.165985819347
2862.0236562643513
2865.8640390769897
2869.6871342572595
2873.4929418051615
2877.281461720697
2881.0526940038635
2884.806638654665
2888.5432956730983
2892.2626650591637
2895.9647468128624
2899.6495409341933
2903.3170474231574
2906.967266279753
2910.6001975039817
2914.2158410958436
2917.814197055338
2921.3952653824635
2924.9590460772233
2928.5055391396163
2932.0347445696407
2935.5466623672974
2939.0412925325872
2942.5186350655094
2945.978689966064
2949.4214572342516
2952.8469368700717
2956.255128873525
2959.6460332446113
2963.019649983329
2966.37597908968
2969.7150205636626
2973.036774405279
2976.341240614527
2979.628419191409
2982.8983101359227
2986.1509134480693
2989.3862291278483
2992.6042571752605
2995.804997590305
2998.988450372981
3002.154615523292
3005.303493041234
3008.435082926808
3011.5493851800165
3014.6463998008567
3017.726126789328
3020.7885661454347
3023.8337178691727
3026.861581960542
3029.8721584195464
3032.8654472461812
3035.84144844045
3038.8001620023515
3041.741587931885
3044.665726229051
3047.57257689385
3050.4621399262805
3053.334415326345
3056.189403094042
3059.0271032293713
3061.8475157323337
3064.6506406029275
3067.4364778411546
3070.205027447015
3072.9562894205083
3075.690263761633
3078.4069504703903
3081.1063495467806
3083.7884609908033
3086.453284802459
3089.1008209817473
3091.7310695286687
3094.3440304432224
3096.9397037254075
3099.5180893752267
3102.0791873926783
3104.622997777762
3107.149520530478
3109.6587556508275
3112.150703138809
3114.625362994424
3117.082735217671
3119.5228198085506
3121.9456167670633
3124.351126093208
3126.7393477869964
3130.231044946666
3133.727647802646
3137.229156354937
3140.7355706035396
3144.246890548453
3147.7631161896775
3151.2842475272128
3154.8102845610592
3158.3412272912165
3161.8770757176853
3165.417829840465
3168.9634896595553
3172.514055174957
3176.069526386669
3179.6299032946927
3183.1951858990274
3186.765374199673
3190.3404681966294
3193.9204678898973
3197.505373279476
3201.0951843653656
3204.689901147566
3208.2895236260783
3211.894051800901
3215.5034856720345
3219.1178252394793
3222.7370705032354
3226.361221463302
3229.9902781196797
3233.624240472369
3237.263108521369
3240.9068822666795
3244.555561708301
3248.209146846234
3251.867637680478
3255.5310342110333
3259.199336437899
3262.872544361076
3266.550657980564
3270.233677296363
3273.921602308473
3277.6144330168945
3281.312169421626
3285.0148115226693
3288.7223593200238
3292.434812813689
3296.152172003665
3299.8744368899524
3303.6016074725503
3307.3336837514594
3311.0706657266796
3314.812553398211
3318.5593467660533
3322.3110458302067
3326.067650590671
3329.829161047446
3333.5955772005327
3337.36689904993
3341.143126595638
3344.9242598376577
3348.710298775988
3352.5012434106293
3356.297093741582
3360.0978497688457
3363.90351149242
3367.714078912306
3371.5295520285017
3375.34993084101
3379.1752153498282
3383.005405554958
3386.8405014563987
3390.68050305415
3394.525410348213
3398.3752233385867
3402.229942025271
3406.089566408267
3409.954096487573
3413.8235322631917
3417.69787373512
3421.57712090336
3425.461273767911
3429.3503323287723
3433.2442965859454
3437.1431665394293
3441.046942189224
3444.9556235353302
3448.869210577747
3452.787703316475
3456.7111017515135
3460.6394058828637
3464.5726157105246
3468.5107312344967
3472.4537524547795
3476.4016793713736
3480.354511984279
3484.312250293495
3488.274894299022
3492.2424440008604
3496.2148993990095
3500.1922604933525
3503.2646746274368
3506.3239775735437
3509.370169331667
3512.403249901812
3515.4232192839772
3518.4300774781623
3521.42382448437
3524.404460302596
3527.371984932841
3530.3263983751076
3533.2677006293934
3536.195891695699
3539.1109715740286
3542.012940264375
3544.9017977667418
3547.7775440811292
3550.6401792075367
3553.489703145966
3556.326115896414
3559.1494174588825
3561.9596078333707
3564.756687019879
3567.540655018409
3570.311511828958
3573.069257451527
3575.813891886116
3578.545415132726
3581.2638271913547
3583.9691280620063
3586.661317744677
3589.340396239367
3592.0063635460774
3594.659219664808
3597.2989645955604
3599.925598338332
3602.5391208931233
3605.1395322599346
3607.726832438766
3610.301021429619
3612.8620992324913
3615.4100658473835
3617.9449212742966
3620.466665513228
3622.9752985641817
3625.4708204271556
3627.9532311021494
3630.422530589163
3632.878718888196
3635.3217959992508
3637.751761922609
3641.773861134323
3645.8457999218426
3649.96757828517
3654.1391962243088
3658.360653739255
3662.631950830015
3666.9530874965785
3671.3240637389536
3675.7448795571363
3680.2155349511268
3684.7360299209304
3689.30636446654
3693.9265385879626
3698.5965522851893
3703.3164055582256
3708.086098407075
3712.9056308317286
3717.7750028321934
3722.694214408468
3727.6632655605536
3732.6821562884415
3737.7508865921427
3742.869456471655
3748.0378659269736
3753.2561149580997
3758.524203565039
3763.842131747784
3769.209899506339
3774.627506840705
3780.0949537508804
3785.6122402368583
3791.179366298651
3796.7963319362534
3802.463137149658
3808.1797819388794
3813.9462663039085
3819.7625902447453
3825.628753761388
3831.5447568538457
3837.510599522111
3843.5262817661787
3849.591803586063
3855.7071649817553
3861.8723659532516
3868.087406500563
3874.3522866236817
3880.6670063226084
3887.0315655973427
3893.44596444789
3899.910202874111
3907.9892301060754
3916.1794674718767
3924.480914971522
3932.893572605004
3941.41744037233
3950.0525182734928
3958.7988063084995
3967.656304477343
3976.6250127800304
3985.704931216562
3994.8960597869227
4004.1983984911276
4013.611947329169
4023.1367063010694
4032.7726754067917
4042.5198546463507
4052.378244019761
4062.3478435270154
4072.428653168099
4082.620672943027
4092.9239028517914
4103.338342894422
4113.863993070867
4124.500853381156
4135.248923825282
4146.108204403259
4157.078695115073
4168.160395960716
4179.353306940204
4190.65742805355
4202.072759300718
4213.59930068173
4225.237052196579
4236.986013845286
4248.846185627815
4260.817567544182
4272.900159594399
4285.093961778461
4297.398974096352
4309.815196548094
4322.3426291336655
4334.981271853096
4347.731124706348
4360.592187693444
4373.5644608143775
4386.647944069162
4399.842637457776
4413.1485409802335
4426.565654636528
4440.093978426689
4451.423316420112
4462.773268628531
4474.143835051946
4485.535015690354
4496.946810543759
4508.379219612158
4519.832242895553
4531.305880393942
4542.800132107325
4554.314998035706
4565.85047817908
4577.40657253745
4588.9832811108145
4600.580603899175
4612.19854090253
4623.837092120879
4635.496257554224
4647.176037202565
4658.876431065901
4670.5974391442305
4682.339061437557
4694.1012979458765
4705.884148669192
4717.687613607502
4729.511692760808
4741.3563861291095
4753.221693712405
4765.107615510697
4777.014151523982
4788.941301752262
4800.889066195538
4812.85744485381
4824.8464377270775
4836.8560448153385
4848.886266118595
4860.937101636847
4873.008551370092
4885.100615318333
4897.213293481571
4909.346585859804
4921.50049245303
4933.675013261252
4945.870148284469
4958.085897522681
4970.322260975887
4982.57923864409
4994.856830527289
5007.1550366254805
5019.473856938669
5031.81329146753
5046.229605523142
5060.747171649156
5075.365989845566
5090.086060112328
5104.907382449506
5119.829956857051
5134.853783334984
5149.978861883312
5165.205192502013
5180.53277519111
5195.961609950587
5211.491696780446
5227.123035680699
5242.855626651319
5258.689469692341
5274.624564803751
5290.6609119855275
5306.798511237706
5323.037362560259
5339.377465953199
5355.818821416535
5372.361428950244
5389.005288554348
5405.750400228833
5422.596763972251
5445.9244732140505
5469.844210943731
5494.355977161147
5519.459771866415
5545.155595059536
5571.443446740392
5598.323326909129
5625.795235565602
5653.859172709985
5682.515138342074
5711.763132462016
5741.60315506981
5772.035206165368
5803.059285748779
5834.6753938199545
5866.883530378953
5899.683695425803
5933.075888960448
5967.060110982915
6001.636361493147
6036.80464049126
6072.564947977138
6108.917283950839
6145.861648412421
6183.39804136171
6244.6977688495535
6308.371932982933
6374.420533761848
6442.843571186066
6513.641045256285
6586.812955971807
6662.359303333098
6740.280087339692
6820.575307992054
6903.244965289719
6988.289059233153
7075.707589822123
7165.500557056628
7257.667960936436
7352.209801462246
7449.126078633824
7548.41679245024
7650.081942912657
7754.121530020377
7860.535553773865
7969.3240141726565
8080.486911217216
8194.02424490708
8309.936015242944
8428.22222222481
8650.676624275744
8883.335752082057
9126.199605641887
9379.268184958026
9642.541490027681
9916.019520855509
10199.702277435921
10493.589759771712
10797.68196786195
11111.97890170943
11436.480561310425
11771.1869466668
12116.09805777669
12471.21389464382
12836.53445726633
13212.059745643288
13597.789759773761
13993.724499659613
14399.863965303637
14816.208156700246
15242.757073851302
15679.510716757737
16126.469085421413
16583.632179838605
