933
67
6
55
53
54
30
9
376
53
53
52
181
54
84
6
16
7
399
52
12
93
81
2720
53
52
104
52
811
53
18
53
37
27
97
17
461
56
6
205
189
53
9
81
89
5
91
74
291
54
82
228
52
78
52
97
71
53
6
342
2
102
54
79
53
18
52
64
53
94
74
68
73
63
9
28
71
99
106
18
106
51
83
6
91
7
115
92
149
105
92
18
187
9
85
100
42
90
220
6
62
11898
1222
87
7
44
86
1251
66
455
103
82
28
116
5
72
85
5
88
14
2507
81
89
11
20711
54
12842
6
53
1904
6
17
6
11173
283
193
193
103
6
2
54
6
9
26
23
341
8
6
7
2248
37
7
6
10
5
47
6
6
144
6
73
6
71
1545
226
6
5
8
25
6
35
651
6
71
64
8
15
1719
6
498
14
7
5
380
6
1934
166
7
619
9
9
6
6
8
1466
7
7
36
6
7
7
6
22
5
228
8
31
9
27
32
6
8
6
6
9
8
72
7
6
7
7
28
6
5
6
7
5
71
5
7
6
9
8
8
9
9
2
8
8
8
29
8
31
8
419
10
242
8
9
11
134
10
6
11
1
524
7
7
10
9
18
7
5
240
440
6
87
10
6
16
235
6
15
19
7
7
142
398
5
8
16
7
7
55
54
52
48
53
8
53
53
108
52
7
59
52
54
53
8
52
9
53
6
54
52
6
65
9
52
56
53
53
52
53
55
52
9
52
7
58
417
52
7
53
53
13
82
53
15
11
55
52
7
52
53
52
53
8
87
53
55
53
55
52
8
53
9
56
52
52
147
5
53
52
52
8
54
53
10
53
53
52
52
5
52
7
54
52
52
54
8
52
52
53
6
58
53
55
52
53
7
7
54
52
52
6
52
52
52
52
56
53
7
53
52
53
11
9
52
55
52
53
6
53
52
11
53
55
53
889
9
53
52
53
53
10
54
14
53
54
52
9
52
53
54
7
132
52
53
54
10
177
12
52
53
52
7
87
53
53
13
53
53
8
53
53
54
53
52
14
52
52
10
81
53
16
54
52
53
12
54
52
10
52
53
10
122
53
52
21
11
53
54
52
53
53
52
11
52
53
52
53
53
53
52
53
54
52
52
58
53
52
52
54
7
53
54
53
52
115
7
53
9
53
53
52
52
1303
53
132
52
9
53
8
53
53
7
54
53
52
52
7
52
5
53
52
10
53
53
7
9
11
9
15
8
9
7
15
312
7
13
12
11
459
10
10
6
10
13
94
11
9
8
9
18
7
13
8
39
7
15
6
6
11
10
9
9
7
7
12
3784
318
155
7
424
459
660
272
216
61
1041
908
771
1042
1047
589
422
1
49
79
40
67
34
33
45
233
157
96
1064
