5667
632
882
1367
2180
1102
3495
1524
1323
685
568
3210
734
734
1327
747
1201
1249
3433
2943
3981
713
1673
1251
9866
2431
1422
4758
2155
1259
379
1013
845
4876
1347
1762
3100
833
1921
451
522
1289
5302
1483
1935
390
576
3402
2380
12393
3794
1807
1746
4767
2858
2103
5877
3336
2913
3943
2871
2772
2029
2065
2475
6944
3165
3095
6164
4115
1747
5294
1561
2998
2465
3932
5306
2776
2219
2550
5092
1016
1880
2706
3629
1514
1608
4586
2988
2117
14161
860
1515
568
766
1955
492
699
444
926
777
2646
1082
1139
2007
1711
765
2154
1043
1284
625
897
1679
793
461
2830
1750
3279
5597
5633
3190
7509
3756
4753
3419
1723
730
427
1456
1333
6827
2801
750
1704
3579
5930
10729
2460
21439
7049
277
1461
565
336
1020
925
262
2107
3665
3277
1182
2007
2843
4112
8152
1724
1329
2999
11230
2081
18021
3167
2854
2427
3239
2261
2293
1230
544
4331
1886
1049
996
554
910
7096
1503
2564
2909
2335
11682
1732
1026
1159
1531
975
2155
617
873
1433
10574
2482
11181
3098
2179
2883
834
4414
5264
2546
2039
2674
755
2011
3682
1905
1178
4534
10498
2162
1326
2058
2377
1989
724
2952
4093
2864
601
639
16614
3842
5527
4089
1318
4723
2442
1513
1780
2227
3471
3285
3307
1358
1138
5801
2180
7546
2445
1919
2734
2924
3297
2617
2278
5128
2637
2638
1024
1969
1236
681
432
1183
4488
2100
1221
10061
2428
4027
860
615
3560
916
1072
4619
2583
925
1344
2292
1601
1993
617
2403
1920
1614
1392
687
1580
1533
806
1922
1250
913
2504
2255
2071
2779
4781
3061
2628
1605
2500
2136
2222
2015
6180
2486
2684
2909
1528
2421
2118
8506
1116
2118
5787
6086
9001
1783
1924
3511
3079
1469
2822
1101
1003
2113
3874
4784
1694
5498
5333
762
3914
1146
10044
4680
2154
2116
1846
3225
2894
2902
2825
3325
2219
3946
2373
3296
3535
7247
2411
999
908
869
936
2475
766
3403
2981
7189
1537
2010
3891
1511
3124
1474
1702
2287
1287
2604
7586
12735
10378
1366
2254
1066
1125
1169
847
1935
5613
4029
2843
1881
2243
1741
390
949
3496
573
4184
1783
1906
6563
2455
3823
1564
2680
2533
4683
2073
2281
864
4560
2198
4390
3660
3692
1618
2964
3889
3123
1394
1987
2828
2378
3478
1693
932
2994
1814
776
2124
3439
2605
1833
1191
1078
2441
2472
789
4719
1329
1090
1436
2787
3867
3165
2895
2031
1680
673
2748
3948
1446
913
1979
1129
2643
679
2983
1411
851
4141
1249
2861
2079
1308
1120
918
971
1109
1069
2245
1769
5090
1615
6478
5204
1361
1913
1314
2536
758
3773
1515
910
1075
1144
1687
1915
2743
3403
3321
2944
1642
1993
3808
1161
919
