739
1897
362
378
443
2188
930
1217
1202
3022
1011
855
778
768
847
1494
1744
1537
3006
2562
481
978
143
625
488
655
957
731
620
321
864
480
8809
890
1623
447
890
337
492
1444
414
1371
851
164
527
173
251
122
447
163
1487
313
339
1036
1552
1508
470
878
1853
1183
5084
705
901
465
3348
907
3174
8395
303
919
375
3005
1343
961
659
1342
707
2106
816
1609
926
452
432
2243
486
426
453
388
2970
859
365
1255
1699
1910
3511
496
8261
1884
1964
411
1654
1396
1665
784
250
785
1128
1064
1398
2396
1510
1184
2421
1550
2478
1378
3428
1075
1169
1560
1522
2476
2313
2722
510
443
571
2535
548
1341
2179
1567
690
2420
2201
3534
1652
91
803
108
450
911
479
242
2752
195
232
441
2336
101
421
619
111
959
118
414
1061
532
2593
562
7990
2413
1436
2254
1211
463
660
283
4859
2030
4497
5640
6384
11522
924
227
283
307
2499
1753
671
391
1271
558
3261
316
2483
882
152
312
283
926
324
3573
222
2961
388
1132
1241
315
202
836
558
237
571
2041
1137
987
632
2856
2872
2742
1061
1973
2580
955
1869
3213
3234
875
470
1975
274
7402
1387
476
413
1903
2120
2171
1518
782
1279
1139
424
2022
572
603
3349
868
1119
1184
2021
368
480
437
1132
4976
5074
713
1687
888
318
521
294
11987
1096
999
2971
6065
750
895
1008
695
2542
1362
3904
692
521
1597
1008
583
488
2625
911
528
2535
1538
1255
1405
3042
1966
4103
3198
1657
3061
3063
2453
5239
1219
2430
1351
1558
290
2192
637
1647
1366
339
1452
2036
7831
1483
928
1384
1036
1278
1647
1657
871
1691
1338
2982
528
