1.0
1.3971195795587303
1.7938495945011583
2.1901900448272835
2.5861409305371064
2.981702251630627
3.376874008107845
3.77165619996876
4.166048827213373
4.560051889841683
4.95366538785369
5.346889321249395
5.739723690028797
6.132168494191898
6.524223733738696
6.915889408669191
7.307165518983383
7.698052064681273
8.08854904576286
8.478656462228145
8.868374314077128
9.257702601309807
9.646641323926184
10.035190481926259
10.423350075310033
10.811120104077503
11.19850056822867
11.585491467763536
11.9720928026821
12.35830457298436
12.744126778670319
13.129559419739975
13.514602496193328
13.89925600803038
14.283519955251128
14.667394337855574
15.050879155843717
15.433974409215558
15.816680097971096
16.19899622211033
16.580922781633266
16.962459776539895
17.343607206830224
17.724365072504252
18.104733373561974
18.484712110003397
18.86430128182851
19.24350088903733
19.62231093162984
20.000731409606054
20.37876232296596
20.756403671709567
21.13365545583687
21.51051767534787
21.88699033024257
22.263073420520964
22.638766946183058
23.01407090722885
23.388985303658334
23.76351013547152
24.137645402668404
24.511391105248986
24.884747243213262
25.25771381656124
25.630290825292914
26.002478269408282
26.374276148907352
26.745684463790116
27.11670321405658
27.48733239970674
27.8575720207406
28.227422077158153
28.596882568959405
28.965953496144355
29.334634858713006
29.70292665666535
30.070828890001394
30.438341558721135
30.805464662824573
31.17219820231171
31.538542177182542
31.904496587437073
32.2700614330753
32.635236714097225
33.000022430502845
33.36441858229217
33.72842516946519
34.0920421920219
34.45526964996232
34.81810754328642
35.18055587199423
35.54261463608573
35.90428383556093
36.265563470419835
36.62645354066243
36.98695404628873
37.34706498729872
37.706786363692416
38.0661181754698
38.425060422630885
38.78361310517567
39.14177622310415
39.49954977641633
39.8569337651122
40.213928189191776
40.570533048655044
40.92674834350201
41.282574073732675
41.638010239347025
41.99305684034509
42.34771387672684
42.70198134849229
43.055859255641444
43.409347598174286
43.76244637609083
44.11515558939107
44.46747523807501
44.81940532214264
45.170945841593976
45.52209679642901
45.87285818664773
46.22323001225016
46.57321227323629
46.922804969606105
47.272008101359624
47.620821668496845
47.96924567101775
48.31728010892236
48.66492498221067
49.01218029088268
49.35904603493838
49.70552221437778
50.05160882920088
50.397305879407675
50.74261336499817
51.087531285972354
51.43205964233025
51.77619843407183
52.119947661197116
52.4633073237061
52.80627742159878
53.14885795487515
53.491048923535224
53.832850327578996
54.17426216700646
54.51528444181763
54.855917152012495
55.19616029759105
55.536013878553305
55.87547789489927
56.21455234662892
56.553237233742266
56.891532556239326
57.22943831412007
57.56695450738451
57.904081136032644
58.24081820006449
58.57716569948002
58.91312363427925
59.248692004462185
59.58387081002881
59.91866005097914
60.25305972731316
60.587069839030875
60.92069038613231
61.25392136861742
61.58676278648623
61.91921463973874
62.25127692837495
62.58294965239485
62.91423281179845
63.24512640658577
63.57563043675676
63.905744902311454
64.23546980324984
64.56480513957193
64.89375091127772
65.22230711836721
65.5504737608404
65.87825083869728
66.20563835193785
66.53263630056213
66.8592446845701
67.18546350396177
67.51129275873714
67.83673244889621
68.16178257443897
68.48644313536543
68.81071413167558
69.13459556336944
69.458087430447
69.78118973290825
70.1039024707532
70.42622564398184
70.74815925259418
71.06970329659022
71.39085777596996
71.71162269073339
72.03199804088054
72.35198382641137
72.67158004732589
72.99078670362411
73.30960379530603
73.62803132237165
73.94606928482098
74.26371768265399
74.5809765158707
74.89784578447112
75.21432548845522
75.53041562782302
75.84611620257452
76.16142721270974
76.47634865822863
76.79088053913122
77.10502285541752
77.41877560708751
77.73213879414119
78.04511241657858
78.35769647439967
78.66989096760445
78.98169589619292
79.29311126016509
79.60413705952097
79.91477329426054
80.22501996438382
80.53487706989078
80.84434461078143
81.1534225870558
81.46211099871385
81.77040984575561
82.07831912818106
82.38583884599022
82.69296899918307
82.99970958775961
83.30606061171986
83.61202207106379
83.91759396579143
84.22277629590276
84.5275690613978
84.83197226227654
85.13598589853896
85.43960997018507
85.7428444772149
86.04568941962842
86.34814479742565
86.65021061060656
86.95188685917117
87.25317354311949
87.5540706624515
87.85457821716719
88.1546962072666
88.4544246327497
88.7537634936165
89.052712789867
89.35127252150119
89.64944268851907
89.94722329092066
90.24461432870594
90.54161580187494
90.83822771042762
91.134450054364
91.43028283368406
91.72572604838784
92.02077969847531
92.31544378394648
92.60971830480135
92.9036032610399
93.19709865266216
93.49020447966812
93.78292074205777
94.07524743983113
94.36718457298818
94.65873214152893
94.94989014545338
95.24065858476152
95.53103745945336
95.82102676952888
96.11062651498813
96.39983669583107
96.6886573120577
96.97708836366802
97.26512985066205
97.55278177303977
97.84004413080119
98.1269169239463
98.41340015247513
98.69949381638764
98.98519791568384
99.27051245036375
99.55543742042735
99.83997282587465
100.12411866670567
100.40787494292036
100.69124165451876
100.97421880150085
101.25680638386663
101.53900440161613
101.8208128547493
102.1022317432662
102.38326106716677
102.66390082645106
102.94415102111903
103.2240116511707
103.50348271660607
103.78256421742513
104.06125615362791
104.33955852521437
104.61747133218452
104.89499457453837
105.17212825227594
105.4488723653972
105.72522691390215
106.00119189779079
106.27676731706313
106.55195317171918
106.82674946175891
107.10115618718235
107.37517334798949
107.64880094418032
107.92203897575486
108.19488744271308
108.467346345055
108.73941568278062
109.01109545588996
109.28238566438297
109.55328630825969
109.8237973875201
110.0939189021642
110.36365085219201
110.63299323760351
110.90194605839872
111.17050931457761
111.43868300614021
111.7064671330865
111.97386169541649
112.2408666931302
112.50748212622759
112.77370799470867
113.03954429857345
113.30499103782194
113.57004821245411
113.83471582246997
114.09899386786955
114.36288234865282
114.62638126481978
114.88949061637045
115.1522104033048
115.41454062562286
115.67648128332465
115.9380323764101
116.19919390487925
116.4599658687321
116.72034826796865
116.9803411025889
117.23994437259283
117.49915807798047
117.7579822187518
118.01641679490683
118.27446180644557
118.532117253368
118.78938313567411
119.04625945336394
119.30274620643749
119.55884339489471
119.81455101873563
120.06986907796023
120.32479757256854
120.57933650256055
120.83348586793626
121.08724566869566
121.34061590483877
121.59359657636557
121.84618768327606
122.09838922557026
122.35020120324813
122.60162361630975
122.85265646475504
123.10329974858402
123.3535534677967
123.60341762239308
123.85289221237316
124.10197723773693
124.3506726984844
124.59897859461557
124.84689492613043
125.094421693029
125.34155889531127
125.58830653297721
125.83466460602688
126.08063311446026
126.3262120582773
126.57140143747804
126.8162012520625
127.06061150203064
127.30463218738248
127.54826330811802
127.79150486423725
128.03435685574019
128.27681928262683
128.51889214489714
128.76057544255116
129.0018691755889
129.24277334401035
129.48328794781546
129.72341298700428
129.9631484615768
130.202494371533
130.4414507168729
130.6800174975965
130.91819471370383
131.1559823651948
131.3933804520695
131.6303889743279
131.86700793197
132.1032373249958
132.3390771534053
132.5745274171985
132.80958811637538
133.04425925093597
133.27854082088024
133.5124328262082
133.74593526691987
133.97904814301526
134.2117714544943
134.44410520135708
134.67604938360356
134.9076040012337
135.13876905424758
135.36954454264514
135.5999304664264
135.82992682559137
136.05953362014003
136.2887508500724
136.51757851538844
136.7460166160882
136.97406515217165
137.2017241236388
137.42899353048966
137.65587337272422
137.88236365034243
138.10846436334435
138.33417551173
138.55949709549932
138.78442911465237
139.0089715691891
139.23312445910952
139.45688778441362
139.68026154510144
139.90324574117298
140.1258403726282
140.34804543946709
140.5698609416897
140.79128687929602
141.01232325228602
141.2329700606597
141.4532273044171
141.67309498355823
141.89257309808303
142.1116616479915
142.3303606332837
142.5486700539596
142.76658991001915
142.98412020146245
143.20126092828943
143.4180120905001
143.63437368809446
143.85034572107256
144.06592818943432
144.28112109317982
144.49592443230895
144.7103382068218
144.9243624167184
145.13799706199865
145.35124214266258
145.56409765871024
145.77656361014158
145.98863999695664
146.20032681915538
146.4116240767378
146.62253176970395
146.8330498980538
147.0431784617873
147.25291746090454
147.4622668954055
147.6712267652901
147.87979707055842
148.08797781121046
148.2957689872462
148.50317059866558
148.7101826454687
148.91680512765552
149.12303804522602
149.32888139818022
149.53433518651812
149.73939941023974
149.94407406934505
150.14835916383402
150.35225469370673
150.55576065896312
150.75887705960318
150.96160389562698
151.36815763051874
151.775949023611
152.18497807490354
152.59524478439639
153.00674915208953
153.419491177983
153.83347086207675
154.24868820437084
154.66514320486525
155.08283586355992
155.50176618045492
155.92193415555022
156.34333978884584
156.76598308034175
157.189864030038
157.61498263793453
158.04133890403136
158.46893282832852
158.89776441082597
159.32783365152372
159.75914055042176
160.19168510752016
160.62546732281885
161.0604871963178
161.4967447280171
161.93423991791667
162.3729727660166
162.81294327231683
163.25415143681732
163.69659725951817
164.1402807404193
164.58520187952072
165.0313606768225
165.47875713232452
165.9273912460269
166.37726301792955
166.8283724480325
167.2807195363358
167.7343042828394
168.1891266875433
168.6451867504475
169.10248447155197
169.5610198508568
170.02079288836194
170.48180358406734
170.9440519379731
171.40753795007913
171.87226162038547
172.3382229488921
172.80542193559907
173.27385858050633
173.7435328836139
174.21444484492173
174.68659446442996
175.15998174213846
175.63460667804725
176.11046927215634
176.58756952446578
177.0659074349755
177.5454830036855
178.02629623059585
178.5083471157065
178.99163565901745
179.4761618605287
179.96192572024023
180.4489272381521
180.93716641426425
181.42664324857677
181.91735774108955
182.40930989180265
182.90249970071605
183.39692716782974
183.89259229314376
184.38949507665808
184.88763551837272
185.38701361828765
185.8876293764029
186.38948279271844
186.89257386723426
187.39690259995044
187.90246899086685
188.40927303998365
188.91731474730074
189.42659411281812
189.9371111365358
190.44886581845384
190.9618581585721
191.47608815689074
191.99155581340966
192.50826112812888
193.0262041010484
193.54538473216826
194.06580302148842
194.58745896900885
195.11035257472963
195.63448383865068
196.15985276077203
196.68645934109372
197.21430357961572
197.74338547633715
198.36424955004634
198.98814424272382
199.61506955436982
200.24502548498413
200.87801203456672
201.51402920311762
202.15307699063703
202.79515539712463
203.44026442258075
204.08840406700517
204.7395743303979
205.3937752127589
206.05100671408854
206.71126883438637
207.3745615736526
208.04088493188715
208.71023890908998
209.38262350526122
210.05803872040087
210.73648455450882
211.41796100758518
212.10246807962994
212.7900057706429
213.48057408062436
214.17417300957425
214.8708025574923
215.57046272437879
216.27315351023356
216.97887491505685
217.68762693884833
218.39940958160832
219.11422284333662
219.8320667240332
220.5529412236981
221.27684634233162
222.00378207993333
222.73374843650333
223.46674541204186
224.20277300654845
224.9418312200237
225.6839200524671
226.42903950387904
227.17718957425927
227.9283702636078
228.68258157192474
229.4398234992101
230.20009604546374
230.96339921068568
231.72973299487603
232.49909739803468
233.27149242016185
234.0469180612572
234.82537432132108
235.60686120035325
236.39137869835372
237.1789268153226
237.96950555125989
238.76311490616547
239.55975488003935
240.35942547288164
241.16212668469223
241.96785851547122
242.77662096521863
243.58841403393433
244.40323772161844
245.22109202827096
246.04197695389178
246.8658924984809
247.6928386620384
248.52281544456434
249.35582284605857
250.1918608665211
251.03092950595203
251.87302876435126
252.71815864171901
253.56631913805506
254.41751025335952
255.27173198763217
256.1289843408732
256.9892673130827
257.85258090426055
258.7189251144067
259.5882999435212
260.46070539160405
261.33614145865533
262.2146081446749
263.0961054496629
263.9806333736193
264.8681919165439
265.758781078437
266.65240085929827
267.5490512591281
268.4487322779262
269.3514439156926
270.2571861724274
271.1659590481306
272.07776254280213
272.9925966564422
273.9104613890504
274.8313567406319
275.9606685046308
277.097077933013
278.2405850257787
279.39118978292686
280.54889220445943
281.7136922903751
282.88559004067315
284.0645854553554
285.2506785344201
286.44386927786877
287.6441576857005
288.8515437579156
290.0660274945137
291.28760889549585
292.51628796086015
293.7520646906087
294.99493908474005
296.24491114325474
297.5019808661532
298.76614825343404
300.0374133050991
301.3157760211468
302.60123640157803
303.89379444639235
305.19345015559065
306.50020352917113
307.8140545671358
309.1350032694829
310.46304963621424
311.79819366732886
313.14043536282566
314.4897747227069
315.846211746971
317.2097464356182
318.58037878864866
319.95810880606246
321.3429364878598
322.73486183404066
324.1338848446039
325.5400055195512
326.953223858882
328.3735398625952
329.80095353069237
331.2354648631722
332.677073860036
334.12578052128265
335.5815848469126
337.0444868369259
338.51448649132294
339.9915838101115
341.7151676506901
343.4552369539815
345.21179171998483
346.9848319487037
348.77435764013535
350.5803687942798
352.4028654111371
354.2418474907081
356.0973150329919
357.9692680379894
359.85770650569975
361.7626304361238
363.6840398292625
365.62193468511305
367.5763150036764
369.5471807849535
371.53453202894434
373.53836873564796
375.5586909050653
377.59549853719454
379.6487916320393
381.7185701895951
383.8048342098655
385.9075836928487
388.0268186385465
390.1625390469562
392.31474491807876
394.4834362519159
396.668613048465
398.87027530772866
401.08842302970424
403.32305621439446
405.57417486179565
407.8417789719133
410.12586854474375
412.4264435802852
414.74350407854126
417.07705003951014
419.42708146319364
421.79359834958814
424.17660069869817
426.5760885105219
428.99206178505574
431.4245205223051
433.8734647222673
436.33889438494316
438.82080951033095
441.31921009843427
443.83409614924767
446.36546766277934
449.55614760914614
452.7885217621515
456.0625901217991
459.3783526880852
462.73580946101174
466.13496044057683
469.5758056267823
473.05834501962636
476.5825786191126
480.14850642523743
483.75612843800263
487.4054446574064
491.09645508344875
494.8291597161333
498.6035585554564
502.4196516014199
506.27743885402197
510.17692031326624
514.1180959791473
518.1009658516687
522.1255299308305
526.1917882166326
530.2997407090752
534.4493874081563
538.6407283138742
542.8737634262361
547.1484927452366
551.4649162708756
555.8230340031532
560.2228459420712
564.6643520876296
569.1475524398302
573.6724469986675
578.239035764147
582.8473187362652
587.4972959150218
592.1889673004189
596.9223328924581
601.6973926911342
606.5141466964524
611.3725949084092
616.2727373270027
621.2145739522402
626.1981047841164
631.2233298226311
636.290249067788
641.3988625195816
646.5491701780156
651.74117204309
656.9748681148303
661.6475142665558
666.3382176003479
671.0469781162055
675.7737958141297
680.5186706941195
685.2816027561757
690.0625920002976
694.8616384264878
699.6787420347428
704.5139028250633
709.3671207974503
714.2383959519029
719.127728288423
724.0351178070086
728.9605645076599
733.9040683903768
738.8656294551602
743.8452477020091
748.8429231309265
753.8586557419085
758.8924455349561
763.9442925100702
769.01419666725
774.1021580064962
779.2081765278108
784.3322522311882
789.4743851166322
794.6345751841436
799.8128224337197
805.0091268653641
810.2234884790732
815.455907274848
820.7063832526892
825.9749164125969
831.2615067545694
836.5661542786111
841.8888589847165
847.2296208728876
852.5884399431261
857.9653161954293
863.360249629799
868.773240246237
874.2042880447389
879.6533930253072
885.120555187942
890.6057745326416
896.1090510594095
901.630384768243
907.1697756591411
912.7272237320785
918.0111913841947
923.3017833712038
928.5989996931057
933.9028403499015
939.2133053415887
944.5303946681702
949.8541083296441
955.1844463260109
960.521408657271
965.864995323424
971.2152063244694
976.5720416604086
981.9355013312402
987.3055853369651
992.6822936775825
998.0656263530932
1003.4555833634968
1008.8521647087937
1014.2553703889835
1019.6652004040661
1025.0816547540417
1030.50473343891
1035.9344364586714
1041.370763813326
1046.8137155030126
1051.7570878995903
1056.6681458904568
1061.546889475616
1066.3933186550566
1071.20743342879
1075.989233796805
1080.738719759116
1085.4558913157125
1090.1407484665942
1094.7932912117685
1099.413519551228
1104.0014334849766
1108.557033013014
1113.0803181353367
1117.5712888519556
1122.0299451628525
1126.4562870680456
1130.850314567524
1135.2120276612914
1139.5414263493403
1143.8385106316855
1148.103280508316
1152.335735979239
1156.5358770444473
1160.7037037038826
1176.7609099959955
1193.7028552697157
1211.5295395253925
1230.2409627629095
1249.8371249822085
1270.3180261835223
1291.68366636656
1313.9340455314377
1337.0691636781557
1361.089020806714
1385.9936169171124
1411.782952009351
1438.4570260834298
1466.0158391393488
1494.459391177108
1523.7876821967075
1554.0007121982635
1585.0984811815433
1617.0809891466633
1649.9482360936818
1683.7002220223658
1718.336946933181
1753.8584108256618
1790.2646136999829
1827.5555555571336
1894.7187555572018
1964.9965037051588
2038.3888000014704
2114.8956444459036
2194.517037038924
2277.2529777796008
2363.103466668399
2452.068503705552
2544.1480888905935
2639.3422222239897
2737.650903705973
2839.07413333538
2943.611911113141
3051.264237039024
3162.0311111130286
3275.9125333358534
3392.9085037061013
3513.019022224704
3636.244088891428
3762.583703706274
3892.0378666692413
4024.606577780796
4160.289837040007
4299.08764444734
