1.0
3.122009717130664
5.24359173248608
7.36474604606625
9.485472657871172
11.605771567900845
13.725642776155274
15.845086282634453
17.964102087338386
20.082690190267073
22.200850591420515
24.318583290798706
26.43588828840165
28.552765584229352
30.669215178281803
32.785237070559006
34.900831261060965
37.01599774978767
39.130736536739136
41.24504762191535
43.358931005316315
45.47238668694204
47.58541466679251
49.69801494486774
51.81018752116771
53.921932395692444
56.03324956844193
58.14413903941616
60.25460080861516
62.364634876038885
64.47424124168738
66.58341990556062
68.69217086765862
70.80049412798137
72.90838968652885
75.01585754330111
77.12289769829812
79.22951015151988
81.33569490296638
83.44145195263764
85.54678130053365
87.65168294665443
89.75615689099995
91.86020313357022
93.96382167436526
96.06701251338502
98.16977565062956
100.27211108609885
102.37401881979288
104.47549885171168
106.57655118185522
108.6771758102235
110.77737273681656
112.87714196163436
114.97648348467692
117.07539730594424
119.17388342543627
121.27194184315309
123.36957255909468
125.466775573261
127.56355088565209
129.65989849626794
131.75581840510853
133.85131061217385
135.94637511746396
138.0410119209788
140.1352210227184
142.22900242268275
144.32235612087186
146.41528211728573
148.50778041192433
150.5998510047877
152.69149389587582
154.78270908518866
156.8734965727263
158.96385635848867
161.0537884424758
163.14329282468768
165.2323695051243
167.3210184837857
169.40923976067185
171.49703333578273
173.58439920911837
175.67133738067878
177.75784785046395
179.84393061847382
181.92958568470846
184.01481304916788
186.09961271185205
188.18398467276094
190.26792893189463
192.35144548925302
194.43453434483624
196.51719549864413
198.5994289506768
200.68123470093425
202.76261274941643
204.84356309612338
206.92408574105505
209.0041806842115
211.0838479255927
213.16308746519863
215.24189930302933
217.3202834390848
219.398239873365
221.47576860586994
223.55286963659967
225.6295429655541
227.70578859273334
229.7816065181373
231.85699674176604
233.9319592636195
236.0064940836977
238.0806012020007
240.15428061852842
242.22753233328092
244.30035634625816
246.37275265746013
248.4447212668869
250.51626217453838
252.5873753804146
254.65806088451563
256.72831868684136
258.7981487873919
260.86755118616713
262.9365258831672
265.00507287839196
267.0731921718414
269.1408837635157
271.2081476534147
273.2749838415385
275.34139232788704
277.40737311246033
279.4729261952583
281.53805157628113
283.6027492555287
285.667019233001
287.730861508698
289.7942760826198
291.8572629547663
293.91982212513767
295.98195359373375
298.0436573605545
300.10493342560005
302.1657817888704
304.2262024503655
306.2861954100853
308.34576066802987
310.4048982241992
312.46360807859327
314.5218902312121
316.5797446820557
318.637171431124
320.6941704784171
322.7507418239349
324.8068854676775
326.8626014096449
328.917889649837
330.9727501882538
333.0271830248954
335.0811881597618
337.13476559285294
339.1879153241688
341.24063735370936
343.2929316814747
345.3447983074648
347.3962372316798
349.4472484541194
351.49783197478376
353.54798779367286
355.59771591078675
357.6470163261254
359.69588903968884
361.7443340514769
363.7923513614898
365.8399409697275
367.88710287618994
369.9338370808771
371.98014358378896
374.0260223849256
376.071473484287
378.11649688187316
380.16109257768414
382.2052605717198
384.2490008639802
386.2923134544654
388.33519834317525
390.37765553011
392.4196850152694
394.4612867986536
396.5024608802625
398.5432072600962
400.5835259381547
402.6234169144379
404.66288018894585
406.70191576167855
408.740523632636
410.7787038018182
412.81645626922517
414.85378103485687
416.89067809871335
418.9271474607945
420.9631891211006
422.9988030796313
425.03398933638675
427.06874789136697
429.1030787445719
431.13698189600166
433.1704573456562
435.2035050935354
437.2361251396394
439.26831748396813
441.30008212652166
443.3314190672999
445.3623283063029
447.3928098435307
449.42286367898316
451.4524898126604
453.48168824456246
455.51045897468924
457.53880200304076
459.566717329617
461.59420495441805
463.6212648774439
465.6478970986944
467.6741016181697
469.69987843586966
471.7252275517945
473.75014896594405
475.7746426783183
477.7987086889173
479.82234699774114
481.84555760478963
483.86834051006304
485.89069571356106
487.9126232152839
489.9341230152314
491.9551951134037
493.97583950980084
495.99605620442264
498.01584519726924
500.0352064883405
502.05414007763665
504.0726459651575
506.09072415090304
508.10837463487337
510.1255974170685
512.1423924974883
514.1587598761329
516.1746995530023
518.1902115280964
520.2052958014153
522.2199523729589
524.2341812427272
526.2479824107204
528.2613558769382
530.2743016413808
532.2868197040482
534.2989100649403
536.3105727240571
538.3218076813988
540.3326149369651
542.3429944907564
544.3529463427723
546.3624704930129
548.3715669414782
550.3802356881685
552.3884767330833
554.396290076223
556.4036757175874
558.4106336571765
560.4171638949904
562.4232664310292
564.4289412652926
566.4341883977808
568.4390078284937
570.4433995574313
572.4473635845937
574.4508999099809
576.4540085335929
578.4566894554295
580.4589426754909
582.4607681937772
584.4621660102881
586.4631361250239
588.4636785379843
590.4637932491695
592.4634802585794
594.462739566214
596.4615711720736
598.4599750761578
600.4579512784667
602.4554997790004
604.452620577759
606.4493136747423
608.4455790699502
610.4414167633829
612.4368267550403
614.4318090449226
616.4263636330296
618.4204905193614
620.4141897039178
622.407461186699
624.4003049677051
626.3927210469359
628.3847094243913
630.3762701000716
632.3674030739766
634.3581083461063
636.3483859164609
638.3382357850401
640.3276579518441
642.3166524168729
644.3052191801264
646.2933582416048
648.2810696013078
650.2683532592356
652.255209215388
654.2416374697654
656.2276380223674
658.2132108731942
660.1983560222458
662.183073469522
664.1673632150231
666.1512252587489
668.1346596006995
670.1176662408748
672.1002451792749
674.0823964158997
676.0641199507493
678.0454157838235
680.0262839151226
682.0067243446464
683.986737072395
685.9663220983684
687.9454794225666
689.9242090449893
691.9025109656369
693.8803851845092
695.8578317016063
697.8348505169282
699.8114416304747
701.7876050422461
703.7633407522422
705.7386487604631
707.7135290669088
709.6879816715791
711.6620065744743
713.6356037755941
715.6087732749387
717.5815150725081
719.5538291683022
721.5257155623211
723.4971742545647
725.4682052450331
727.4388085337264
729.4089841206442
731.3787320057869
733.3480521891543
735.3169446707464
737.2854094505633
739.253446528605
741.2210559048714
743.1882375793625
745.1549915520784
747.1213178230191
749.0872163921846
751.0526872595748
753.0177304251896
754.9823458890294
756.9465336510938
758.9102937113829
760.8736260698969
762.8365307266355
764.7990076815989
766.7610569347871
768.7226784862002
770.6838723358379
772.6446384837003
774.6049769297875
776.5648876740995
778.5243707166362
780.4834260573977
782.4420536963838
784.4002536335948
786.3580258690305
788.3153704026911
790.2722872345763
792.2287763646863
794.184837793021
796.1404715195805
798.0956775443647
800.0504558673737
802.0048064886074
803.9587294080659
805.9122246257491
807.8652921416572
809.81793195579
811.7701440681475
813.7219284787298
815.6732851875367
817.6242141945685
819.5747154998251
821.5247891033063
823.4744350050123
825.4236532049431
827.3724437030986
829.320806499479
831.268741594084
833.2162489869138
835.1633286779683
837.1099806672476
839.0562049547516
841.0020015404804
842.947370424434
844.8923116066122
846.8368250870153
848.7809108656432
850.7245689424958
852.6677993175731
854.6106019908751
856.5529769624019
858.4949242321535
860.4364438001298
862.3775356663309
864.3181998307567
866.2584362934073
868.1982450542826
870.1376261133828
872.0765794707077
874.0151051262573
875.9532030800316
877.8908733320307
879.8281158822545
881.7649307307031
883.7013178773765
885.6372773222745
887.5728090653975
889.5079131067451
891.4425894463175
893.3768380841146
895.3106590201364
897.2440522543831
899.1770177868544
901.1095556175505
903.0416657464715
904.9733481736171
906.9046028989875
908.8354299225828
910.7658292444025
912.6958008644473
914.6253447827166
916.5544609992107
918.4831495139297
920.4114103268734
922.3392434380418
924.2666488474349
926.1936265550528
928.1201765608955
930.046298864963
931.9719934672552
933.8972603677721
935.8220995665138
937.7465110634802
939.6704948586713
941.5940509520873
943.517179343728
945.4398800335935
947.3621530216836
949.2839983079987
951.2054158925383
953.1264057753028
955.046967956292
956.9671024355059
958.8868092129446
960.8060882886081
962.7249396624964
964.6433633346093
966.561359304947
968.4789275735096
970.3960681402968
972.3127810053088
974.2290661685455
976.144923630007
978.0603533896931
979.9753554476042
981.8899298037401
983.8040764581004
985.7177954106858
987.6310866614957
989.5439502105305
991.4563860577899
993.3683942032743
995.2799746469832
997.191127388917
999.1018524290757
1001.0121497674588
1002.922019404067
1004.8314613388997
1006.7404755719573
1008.6490621032424
1011.1778394429231
1013.7111342482403
1016.2489465191942
1018.7912762557844
1021.3381234580111
1023.8894881258742
1026.445370259374
1029.0057698585101
1031.570686923283
1034.1401214536922
1036.714073449738
1039.29254291142
1041.8755298387387
1044.4630342316937
1047.0550560902857
1049.6515954145138
1052.2526522043784
1054.8582264598795
1057.4683181810171
1060.0829273677914
1062.702054020202
1065.3256981382492
1067.953859721933
1070.5865387712531
1073.2237352862098
1075.8654492668027
1078.5116807130325
1081.1624296248983
1083.8176960024011
1086.47747984554
1089.1417811543158
1091.810599928728
1094.4839361687764
1097.1617898744616
1099.844161045783
1102.5310496827412
1105.222455785336
1107.9183793535667
1110.6188203874344
1113.3237788869385
1116.0332548520792
1118.7472482828562
1121.4657591792698
1124.18878754132
1126.9163333690062
1129.6483966623293
1132.3849774212888
1135.1260756458848
1137.8716913361175
1140.6218244919864
1143.3764751134918
1146.135643200634
1148.8993287534124
1151.6675317718275
1154.440252255879
1157.217490205567
1159.9992456208915
1162.7855185018525
1165.5763088484498
1168.371616660684
1171.1714419385544
1173.9757846820612
1176.7846448912046
1179.5980225659846
1182.4159177064012
1185.238330312454
1188.0652603841434
1190.8967079214694
1193.7326729244319
1196.573155393031
1199.418155327266
1202.267672727138
1205.1217075926465
1207.9802599237914
1210.843329720573
1213.7109169829905
1216.5830217110451
1219.459643904736
1222.3407835640633
1225.2264406890272
1228.1166152796277
1231.0113073358646
1233.9105168577378
1236.8142438452476
1239.7224882983942
1242.635250217177
1245.5525296015962
1248.474326451652
1251.4006407673444
1254.3314725486732
1257.2668217956386
1260.2066885082404
1263.1510726864785
1266.0999743303535
1269.053393439865
1272.0113300150124
1274.9737840557968
1277.9407555622176
1280.912244534275
1283.8882509719542
1286.809120546527
1289.7333263128999
1292.6608682710726
1295.5917464210447
1298.5259607628168
1301.4635112963886
1304.4043980217598
1307.3486209389312
1310.296180047902
1313.2470753486725
1316.201306841243
1319.1588745256129
1322.1197784017827
1325.084018469752
1328.0515947295212
1331.02250718109
1333.9967558244587
1336.9743406596272
1339.9552616865953
1342.939518905363
1345.9271123159306
1348.9180419182976
1351.9123077124646
1354.9099096984314
1357.9108478761977
1360.9151222457638
1363.9227328071297
1366.933679560295
1369.9479625052604
1372.9655816420254
1375.9865369705901
1379.0108284909547
1382.0384562031186
1385.0694201070826
1388.103720202846
1391.1413564904094
1394.1823289697725
1397.2266376409352
1400.2742825038977
1403.3252635586598
1406.3795808052218
1409.4372342435834
1412.4982238737448
1415.562549695706
1418.6302117094665
1421.7012099150272
1424.7755443123874
1427.8532149015473
1430.934221682507
1434.0185646552663
1437.1062438198255
1440.1972591761842
1443.2916107243427
1446.3892984643012
1449.4903223960591
1452.5946825196168
1455.7023788349743
1458.8134113421313
1461.9277800410882
1465.0454849318448
1468.1665260144011
1471.2909032887571
1474.4186167549128
1477.5496664128682
1480.6840522626235
1483.8217743041785
1486.9628325375331
1490.1072269626875
1493.2549575796415
1496.4060243883953
1499.5604273889487
1502.7181665813018
1505.879241965455
1509.0436535414078
1512.21140130916
1515.3824852687121
1518.5569054200641
1521.7346617632156
1524.9157542981668
1528.100183024918
1531.2879479434687
1534.479049053819
1537.673486355969
1540.8712598499187
1544.0723695356685
1547.2768154132177
1550.4845974825669
1553.6957157437155
1556.9101701966642
1560.1279608414122
1563.3490876779601
1566.5735507063077
1569.8013499264553
1573.0324853384022
1576.2669569421491
1579.5047647376955
1582.7459087250418
1585.9903889041875
1589.2382052751332
1592.4893578378792
1595.5863210594698
1598.6835011553758
1601.7808981255967
1604.8785119701333
1607.9763426889854
1611.0743902821532
1614.1726547496369
1617.271136091435
1620.3698343075494
1623.4687493979786
1626.5678813627237
1629.6672302017842
1632.7667959151604
1635.8665785028516
1638.9665779648585
1642.0667943011808
1645.1672275118185
1648.2678775967715
1651.3687445560408
1654.469828389625
1657.5711290975246
1660.6726466797395
1663.7743811362702
1666.8763324671158
1669.9785006722777
1673.080885751755
1676.1834877055471
1679.286306533655
1682.3893422360784
1685.492594812817
1688.596064263872
1691.6997505892418
1694.803653788927
1697.9077738629276
1701.012110811244
1704.1166646338752
1707.2214353308227
1710.3264229020856
1713.4316273476634
1716.537048667557
1719.642686861766
1722.7485419302902
1725.8546138731303
1728.9609026902858
1732.0674083817566
1735.1741309475428
1738.2810703876448
1741.3882267020617
1744.495599890795
1747.603189953832
1751.9755983777832
1756.3978158912105
1760.8698424941122
1765.39167818649
1769.963322968344
1774.5847768396743
1779.256039800479
1783.9771118507651
1788.747992990522
1793.5686832197516
1798.4391825384591
1803.3594909466483
1808.3296084443082
1813.3495350314424
1818.419270708051
1823.5388154741431
1828.708169329706
1833.927332274745
1839.1963043092583
1844.5150854332496
1849.8836756467153
1855.3020749496573
1860.7702833420753
1866.2883008239714
1871.8561273953383
1877.473763056183
1883.1412078065023
1888.858461646303
1894.6255245755747
1900.4423965943206
1906.3090777025427
1912.2255679002465
1918.191867187421
1924.2079755640716
1930.2738930301966
1936.3896195858015
1942.5551552308807
1948.7704999654343
1955.0356537894677
1961.35061670297
1967.7153887059503
1974.1299697984068
1980.5943599803431
1987.108559251752
1993.6725676126334
2000.2863850629928
2006.950011602832
2013.6634472321439
2020.4266919509319
2027.2397457590632
2031.6626700569323
2036.039719577624
2040.3708943211313
2044.6561942874469
2048.895619476585
2053.0891698885316
2057.2368455232863
2061.3386463808674
2065.3945724612568
2069.404623764465
2073.3688002904855
2077.2871020393213
2081.1595290109653
2084.9860812054285
2088.7667586227108
2092.5015612628013
2096.1904891257072
2099.8335422114324
2103.4307205199584
2106.9820240513145
2110.487452805479
2113.9470067824586
2117.360685982254
2120.728490404854
2124.05042005028
2127.3264749185146
2130.556655009568
2133.7409603234337
2136.8793908601147
2139.971946619604
2143.018627601916
2146.0194338070432
2148.974365234979
2151.88342188573
2154.7466037592967
2157.563910855675
2160.335343174869
2163.0609007168823
2165.740583481711
2168.3743914693478
2170.9623246797964
2173.5043831130643
2176.000566769151
2178.45087564805
2180.855309749757
2183.213869074287
2185.526553621621
2187.7933633917783
2190.0142983847436
2192.189358600781
2196.0983547149444
2200.0312725490057
2203.988112102963
2207.968873376816
2211.9735563705635
2216.002161084207
2220.0546875177442
2224.1311356711794
2228.2315055445088
2232.355797137736
2236.5040104508553
2240.6761454838725
2244.872202236784
2249.092180709591
2253.3360809022943
2257.6039028148953
2261.8956464473868
2266.211311799778
2270.550898872063
2274.9144076642424
2279.3018381763195
2283.7131904082908
2288.14846436016
2292.607660031921
2297.09077742358
2301.5978165351335
2306.1287773665827
2310.683659917926
2315.262464189169
2319.865190180304
2324.4918378913353
2329.1424073222624
2333.8168984730837
2338.515311343801
2343.237645934416
2347.983902244925
2352.75408027533
2357.5481800256293
2362.3662014958245
2367.2081446859156
2372.0740095959027
2376.9637962257857
2381.877504575563
2386.815134645238
2391.776686434805
2396.76215994427
2401.771555173629
2406.8048721228843
2411.8621107920353
2416.9432711814006
2428.32164366862
2439.9699492630607
2451.888187964825
2464.076359773855
2476.534464690165
2489.262502713769
2502.26047384461
2515.5283780827594
2529.0662154281745
2542.873985880884
2556.951689440859
2571.299326108099
2585.9168958826485
2600.8043987644487
2615.9618347535434
2631.3892038499034
2647.086506053558
2663.053741364478
2679.2909097826923
2695.798011308143
2712.5750459408882
2729.6220136809425
2746.9389145282476
2764.5257484828617
2782.3825155458762
2808.024197182909
2834.513887424837
2861.851586271485
2890.0372937229113
2919.0710097792908
2948.9527344403323
2979.682467706327
3011.2602095770417
3043.6859600526514
3076.959719132865
3111.0814868180314
3146.051263108093
3181.8690480028163
3218.5348415024346
3256.048643606773
3294.4104543159483
3333.6202736300766
3373.6781015488086
3414.5839380724938
3456.337783200899
3498.9396369342576
3542.38949927222
3586.687370215077
3631.833249762829
3677.8271379135986
3715.8024701944814
3753.943767658915
3792.2510303068993
3830.72425813842
3869.363451153491
3908.1686093520984
3947.1397327342565
3986.27682129998
4025.5798750492395
4065.0488939820643
4104.683878098396
4144.484827398308
4184.451741881756
4224.58462154874
4264.883466399289
4305.348276433389
4345.979051651026
4386.7757920521835
4427.738497636921
4468.867168405195
4510.16180435702
4551.622405492395
4593.248971811307
4635.041503313783
4676.999999999782
5070.771318951622
5491.758361326531
5939.961127117276
6415.379616333172
6918.013828966767
7447.863765021786
8004.929424496368
8589.210807394236
9200.707913709804
9839.420743450522
10505.349296607077
11198.493573188782
11918.85357318446
12666.429296607152
13441.220743447542
14243.22791371122
15072.450807390735
15928.889424495399
16812.543765017763
17723.413828965276
18661.499616326764
19626.801127115265
20619.31836131774
21639.05131894909
22685.999999994412
