452.0
463.74611723892656
475.4668316039741
487.16214309514265
498.8320517124323
510.4765574558429
522.0956603253745
533.6893603210273
545.2576574428009
556.8005516906957
568.3180430647114
579.8101315648481
591.2768171911059
602.7180999434847
614.1339798219846
625.5244568266055
636.8895309573473
648.2292022142103
659.5434705971942
670.8323361062992
682.0957987415252
693.3338585028721
704.5465153903401
715.7337694039292
726.8956205436393
738.0320688094703
749.1431142014225
760.2287567194955
771.2889963636896
782.323833134005
793.3332670304412
804.3172980529984
815.2759262016766
826.2091514764759
837.1169738773963
847.9993934044376
858.8564100575999
869.6880238368833
880.4942347422876
891.2750427738131
902.0304479314595
912.7604502152269
923.4650496251154
934.144246161125
944.7980398232555
955.426430611507
966.0294185258796
976.6070035663731
987.1591857329879
997.6859650257235
1008.1873414445802
1018.6633149895578
1029.1138856606567
1039.5390534578764
1049.938818381217
1060.3131804306788
1070.6621396062615
1080.9856959079655
1091.2838493357904
1101.5565998897364
1111.8039475698033
1122.0258923759911
1132.2224343082999
1142.39357336673
1152.539309551281
1162.659642861953
1172.754573298746
1182.82410086166
1192.8682255506951
1202.8869473658513
1212.8802663071283
1222.8481823745267
1232.7906955680457
1242.707805887686
1252.5995133334472
1262.4658179053295
1272.3067196033328
1282.122218427457
1291.9123143777024
1301.6770074540686
1311.4162976565563
1321.1301849851643
1330.8186694398937
1340.4817510207442
1350.1194297277157
1359.7317055608082
1369.3185785200217
1378.8800486053563
1388.4161158168117
1397.9267801543883
1407.412041618086
1416.8719002079047
1426.3063559238442
1435.7154087659048
1445.0990587340866
1454.4573058283895
1463.790150048813
1473.097591395358
1482.3796298680236
1491.6362654668103
1500.8674981917181
1510.073328042747
1519.253755019897
1528.4087791231677
1537.5384003525598
1546.6426187080729
1555.7214341897068
1564.7748467974616
1573.8028565313377
1582.8054633913348
1591.7826673774528
1600.7344684896918
1609.6608667280518
1618.5618620925331
1627.4374545831354
1636.2876441998585
1645.1124309427028
1653.911814811668
1662.6857958067544
1671.4343739279618
1680.1575491752903
1688.8553215487395
1697.52769104831
1706.1746576740015
1714.796221425814
1723.3923823037476
1731.963140307802
1740.5084954379777
1749.0284476942743
1757.5229970766918
1765.9921435852305
1774.43588721989
1782.8542279806709
1791.2471658675724
1799.6147008805951
1807.956833019739
1816.2735622850037
1824.5648886763895
1832.8308121938965
1841.071332837524
1849.2864506072729
1857.476165503143
1865.6404775251337
1873.7793866732457
1881.8928929474785
1889.9809963478326
1898.0436968743077
1906.0809945269034
1914.0928893056205
1922.0793812104587
1930.0404702414178
1937.976156398498
1945.886439681699
1953.7713200910212
1961.6307976264643
1969.4648722880286
1977.2735440757135
1985.0568129895198
1992.8146790294472
2000.5471421954956
2008.2542024876645
2015.935859905955
2023.5921144503664
2031.222966120899
2038.8284149175522
2046.4084608403264
2053.963103889222
2061.4923440642388
2068.9961813653763
2076.4746157926343
2083.927647346014
2091.3552760255143
2098.7575018311363
2106.1343247628784
2113.485744820742
2120.811762004727
2128.1123763148325
2135.387587751059
2142.637396313407
2149.8618020018757
2157.0608048164654
2164.2344047571764
2171.3826018240084
2178.505396016961
2185.6027873360345
2192.6747757812295
2199.7213613525455
2206.7425440499824
2213.73832387354
2220.7087008232193
2227.6536748990193
2234.57324610094
2241.4674144289825
2248.336179883145
2255.1795424634292
2261.9975021698347
2268.7900590023605
2275.5572129610077
2282.298964045776
2289.0153122566653
2295.706257593675
2302.371800056806
2309.0119396460586
2315.626676361432
2322.216010202926
2328.779941170542
2335.318469264278
2341.831594484135
2348.319316830114
2354.7816363022134
2361.2185529004337
2367.630066624775
2374.0161774752373
2380.376885451821
2386.7121905545255
2393.022092783351
2399.3065921382977
2405.5656886193656
2411.799382226554
2418.007672959863
2424.1905608192938
2430.3480458048457
2436.4801279165185
2442.5868071543123
2448.668083518227
2454.723957008263
2460.75442762442
2466.759495366697
2472.739160235096
2478.693422229616
2484.6222813502563
2490.5257375970186
2496.4037909699014
2502.2564414689055
2508.0836890940304
2513.8855338452768
2519.6619757226435
2525.4130147261317
2531.1386508557407
2536.83888411147
2542.5137144933215
2548.1631420012936
2553.7871666353867
2559.385788395601
2564.9590072819365
2570.5068232943927
2576.02923643297
2581.5262466976683
2586.997854088487
2592.4440586054275
2597.864860248489
2603.260259017671
2608.630254912975
2613.9748479343993
2619.2940380819446
2624.587825355611
2629.8562097553986
2635.099191281307
2640.316769933336
2645.5089457114873
2650.6757186157583
2655.817088646151
2660.933055802665
2666.0236200852996
2671.088781494055
2676.1285400289316
2681.1428956899294
2686.131848477048
2691.0953983902878
2696.0335454296487
2700.9462895951306
2705.8336308867333
2710.6955693044574
2715.532104848302
2720.3432375182674
2725.1289673143547
2729.889294236563
2734.6242182848914
2739.3337394593414
2744.0178577599127
2748.6765731866044
2753.3098857394175
2757.9177954183515
2762.5003022234064
2767.0574061545826
2771.5891072118798
2776.0954053952983
2780.576300704837
2785.0317931404975
2789.4618827022787
2793.866569390181
2798.2458532042037
2802.599734144348
2806.9282122106133
2811.231287403
2815.5089597215074
2819.7612291661358
2823.988095736885
2828.1895594337557
2832.365620256747
2836.516278205859
2840.641533281093
2844.741385482447
2848.815834809923
2852.8648812635192
2856.888524843237
2860.886765549076
2864.8596033810354
2868.807038339116
2872.7290704233174
2876.62569963364
2880.496925970084
2884.342749432649
2888.1631700213347
2891.9581877361416
2895.7278025770693
2899.472014544118
2903.1908236372874
2906.8842298565787
2910.55223320199
2914.194833673523
2917.812031271177
2921.403825994952
2924.9702178448483
2928.5112068208655
2932.026792923003
2935.516976151262
2938.981756505642
2942.421133986143
2945.835108592765
2949.2236803255087
2952.586849184373
2955.924615169358
2959.2369782804644
2962.523938517692
2965.7854958810394
2969.0216503705087
2972.232401986099
2975.4177507278105
2978.577696595643
2981.7122395895963
2984.8213797096705
2987.905116955866
2990.963451328182
2993.99638282662
2997.0039114511783
2999.9860372018575
3002.9427600786585
3005.87408008158
3008.7799972106222
3011.660511465786
3014.5156228470705
3017.345331354477
3020.149636988003
3022.928539747651
3025.682039633419
3028.4101366453087
3031.1128307833196
3033.7901220474514
3036.4420104377045
3039.0684959540777
3041.6695785965735
3044.2452583651884
3046.795535259926
3049.3204092807837
3051.8198804277617
3054.2939487008625
3056.7426141000833
3059.1658766254254
3061.5637362768884
3063.936193054473
3066.2832469581776
3068.6048979880043
3070.901146143951
3073.1719914260184
3075.417433834208
3077.637473368518
3079.8321100289495
3082.001343815501
3084.1451747281753
3086.263602766969
3088.3566279318848
3090.424250222921
3092.466469640078
3094.4832861833565
3096.4746998527553
3098.4407106482763
3100.3813185699173
3102.29652361768
3104.1863257915634
3106.0507250915684
3107.889721517693
3109.70331506994
3111.4915057483076
3113.2542935527954
3114.991678483406
3116.7036605401363
3118.3902397229886
3120.051416031961
3121.687189467055
3123.2975600282693
3124.8825277156043
3126.442092529062
3127.976254468639
3129.485013534338
3130.968369726158
3132.4263230440993
3133.8588734881605
3135.266021058343
3136.6477657546475
3138.0041075770723
3139.3350465256185
3140.640582600285
3141.920715801074
3143.175446127982
3144.4047735810127
3145.608698160164
3146.787219865435
3147.940338696829
3149.0680546543426
3150.1703677379783
3151.247277947734
3152.298785283612
3153.3248897456097
3154.3255913337293
3155.3008900479695
3156.0501030609194
3156.2507858883305
3156.9800198875887
3157.175278854813
3157.8845338403926
3158.0743689474157
3158.7636449193187
3158.9480561661408
3159.1954501820182
3159.617353124364
3159.7963405109854
3160.445658455531
3160.6192219819527
3161.248560912819
3161.4167005790396
3162.0260604962286
3162.1887763022482
3162.3480690652677
3162.778157205759
3162.935449151578
3163.50485104141
3163.656719127028
3164.2061420031814
3164.3525862286
3164.8820300910747
3165.023050456292
3165.507959710667
3165.5325153050894
3165.668111810106
3166.1575976452245
3166.2877702900405
3166.7572771114806
3166.8820258960964
3167.331553703858
3167.4508786282727
3167.8804274223558
3167.994328486571
3168.403898266976
3168.512375470989
3168.6751221182167
3168.9019662377164
3169.0050195815284
3169.374631334577
3169.4722608181896
3169.8218935575596
3169.914099180971
3170.2437529066624
3170.330534669874
3170.640209381888
3170.721567284898
3171.0112629832333
3171.087197026043
3171.3569137106992
3171.427423893308
3171.6771615642865
3171.7422478866956
3171.8495562879166
3171.972006543996
3172.031669006203
3172.241448649825
3172.2956872518316
3172.485487881776
3172.5343026235823
3172.7041242398473
3172.747515121453
3172.8973577240395
3172.935324745445
3173.065188334354
3173.0977314955576
3173.207616070789
3173.234735371792
3173.3246409333437
3173.3463363741475
3173.416262922021
3173.4325345026236
3173.4824820368185
3173.4933297572197
3173.5232982777375
3173.528722137938
3173.5387116447773
3175.0312622197666
3178.220239913767
3181.416489369917
3184.6200105882176
3187.8308035686687
3191.04886831127
3194.2742048160208
3197.5068130829222
3200.7466931119734
3203.993844903175
3207.2482684565275
3210.5099637720296
3213.7789308496817
3217.0551696894845
3220.338680291437
3223.62946265554
3226.927516781793
3230.232842670196
3233.5454403207495
3236.8653097334536
3240.1924509083074
3243.5268638453117
3246.8685485444657
3250.2175050057704
3253.5737332292247
3256.9372332148296
3260.3080049625846
3263.6860484724903
3267.0713637445456
3270.463950778751
3273.8638095751066
3277.270940133613
3280.685342454269
3284.1070165370757
3287.5359623820323
3290.972179989139
3294.415669358396
3297.866430489803
3301.3244633833606
3304.789768039068
3308.262344456926
3311.742192636934
3315.229312579092
3318.7237042834004
3322.225367749859
3325.734302978468
3329.250509969226
3332.7739887221355
3336.304739237195
3339.8427615144046
3343.3880555537644
3346.940621355274
3350.5004589189343
3354.0675682447445
3357.641949332705
3361.2236021828157
3364.8125267950763
3368.4087231694875
3372.012191306049
3375.62293120476
3379.240942865622
3382.8662262886337
3386.498781473796
3390.138608421108
3393.7857071305702
3397.440077602183
3401.101719835946
3404.770633831859
3408.446819589922
3412.1302771101355
3415.821006392499
3419.519007437013
3423.2242802436767
3426.936824812491
3430.656641143455
3434.3837292365697
3438.1180890918345
3441.8597207092494
3445.608624088815
3449.36479923053
3453.1282461343953
3456.8989648004112
3460.6769552285773
3464.4622174188935
3468.2547513713594
3472.054557085976
3475.8616345627424
3479.6759838016596
3483.4976048027265
3487.326497565944
3491.162662091311
3495.006098378829
3498.856806428497
3502.7147862403153
3506.580037814283
3509.715529708476
3512.8436986827423
3515.9645447371404
3519.0780678716683
3522.1842680863265
3525.283145381116
3528.3746997560356
3531.4589312110866
3534.5358397462687
3537.605425361581
3540.667688057024
3543.7226278325975
3546.7702446883022
3549.8105386241377
3552.8435096401035
3555.8691577362006
3558.887482912428
3561.8984851687856
3564.9021645052753
3567.898520921895
3570.887554418645
3573.869264995526
3576.8436526525375
3579.8107173896806
3582.7704592069545
3585.722878104358
3588.667974081893
3591.6057471395584
3594.5361972773544
3597.459324495282
3600.37512879334
3603.2836101715284
3606.184768629847
3609.078604168297
3611.9651167868783
3614.8443064855896
3617.7161732644317
3620.580717123404
3623.437938062508
3626.2878360817417
3629.130411181108
3631.965663360603
3634.79359262023
3637.6141989599864
3640.427482379874
3643.233442879894
3646.0320804600433
3648.8233951203233
3651.607386860734
3654.3840556812756
3657.153401581949
3659.9154245627515
3662.6701246236853
3665.4175017647494
3668.157555985945
3670.890287287271
3673.615695668728
3676.3337811303154
3679.044543672034
3681.7479832938825
3684.4440999958624
3687.1328937779735
3689.8143646402145
3692.4885125825863
3695.155337605089
3697.814839707722
3700.467018890487
3703.1118751533813
3705.749408496407
3708.3796189195627
3711.0025064228503
3713.6180710062677
3716.2263126698167
3718.8272314134956
3721.420827237306
3724.007100141246
3726.5860501253173
3729.1576771895207
3731.7219813338534
3734.278962558317
3736.8286208629106
3739.370956247636
3741.9059687124927
3744.433658257479
3746.954024882596
3749.4670685878436
3751.9727893732224
3754.471187238732
3756.962262184373
3759.4460142101434
3761.9224433160452
3764.3915495020774
3766.8533327682408
3769.3077931145353
3771.75493054096
3774.194745047515
3776.627236634201
3779.0524053010176
3781.470251047966
3783.880773875044
3791.842670418613
3799.9073172432
3808.0747143486296
3816.344861734913
3824.7177594020504
3833.193407350045
3841.7718055788973
3850.452954088596
3859.2368528791485
3868.1235019505584
3877.112901302826
3886.2050509359397
3895.3999508499073
3904.697601044736
3914.098001520415
3923.6011522769513
3933.207053314334
3942.9157046325745
3952.727106231665
3962.6412581116165
3972.658160272418
3982.77781271407
3993.0002154365757
4003.3253684399388
4013.7532717241593
4024.28392528923
4034.917329135151
4045.6534832619254
4056.492387669565
4067.434042358047
4078.4784473273867
4089.6256025775765
4100.87550810862
4112.2281639205285
4123.68357001328
4135.241726386888
4146.902633041347
4158.666289976671
4170.532697192837
4182.501854689861
4194.573762467735
4206.748420526474
4219.025828866055
4231.405987486494
4243.8888963877835
4256.47455556993
4269.162965032934
4281.954124776788
4294.848034801496
4307.844695107055
4319.017689209026
4330.217887847296
4341.445291021929
4352.699898732925
4363.981710980285
4375.290727764009
4386.626949084095
4397.990374940545
4409.381005333357
4420.798840262533
4432.243879728073
4443.716123729976
4455.215572268242
4466.742225342871
4478.296082953863
4489.877145101219
4501.485411784937
4513.120883005021
4524.783558761466
4536.473439054274
4548.190523883446
4559.934813248981
4571.70630715088
4583.505005589142
4595.330908563767
4607.184016074755
4619.0643281221055
4630.97184470582
4642.906565825899
4654.868491482341
4666.857621675145
4678.873956404313
4690.917495669843
4702.988239471738
4715.086187809996
4727.211340684616
4739.3636980956
4751.5432600429485
4763.750026526659
4775.983997546733
4788.245173103171
4800.53355319597
4812.849137825136
4825.191926990662
4837.561920692552
4849.959118930804
4862.383521705421
4874.8351290164
4887.313940863745
4899.819957247451
4917.17703632389
4934.75049084473
4952.540320810047
4970.546526219798
4988.769107073997
5007.208063372687
5025.863395115797
5044.735102303355
5063.823184935405
5083.127643011889
5102.648476532835
5122.385685498215
5142.339269908058
5162.509229762378
5182.8955650611315
5203.498275804348
5224.317361991998
5245.352823624111
5266.604660700701
5288.072873221725
5309.757461187197
5331.658424597146
5353.775763451544
5376.109477750404
5398.659567493683
5421.42603268144
5444.40887331366
5467.608089390327
5491.0236809114285
5514.655647877007
5538.503990287034
5562.568708141538
5586.849801440461
5611.347270183847
5636.061114371696
5660.9913340040075
5686.137929080738
5711.500899601961
5737.080245567617
5762.87596697775
5788.888063832317
5815.116536131332
5841.561383874825
5868.222607062766
5895.100205695169
5922.1941797720065
5949.504529293306
5977.03125425904
6004.774354669251
6032.73383052391
6069.703799989948
6107.235012279445
6145.327467392548
6183.981165329169
6223.196106089308
6262.972289673053
6303.309716080286
6344.208385311125
6385.668297365482
6427.689452243387
6470.2718499448965
6513.415490469866
6557.120373818441
6601.3864999905345
6646.213868986175
6691.602480805363
6737.5523354481265
6784.0634329143795
6831.135773204209
6878.769356317614
6926.964182254509
6975.720251015009
7025.037562599027
7074.916117006593
7125.355914237705
7176.356954292365
7227.919237170572
7280.042762872326
7332.727531397657
7385.973542746477
7439.780796918902
7494.149293914845
7549.079033734306
7604.570016377373
7660.622241843957
7717.2357101340895
7774.410421247769
7832.146375185024
7890.443571945769
7949.30201153009
8008.721693937987
8068.702619169402
8129.244787224423
8190.348198102933
8252.012851805019
8314.238748330623
8377.025887679745
8440.374269852473
8504.283894848719
8568.754762668512
8660.184416429955
8753.210510784294
8847.833045731299
8944.052021271433
9041.867437404348
9141.279294129927
9242.287591448636
9344.892329360126
9449.093507864629
9554.891126961913
9662.285186651978
9771.275686935172
9881.862627811148
9994.046009279904
10107.825831341557
10223.202093996224
10340.174797243671
10458.743941084016
10578.909525517374
10700.671550543397
10824.030016162433
10948.98492237425
11075.536269179313
11203.684056576923
11333.428284567432
11503.206112171756
11677.537084912183
11856.421202785568
12039.858465792378
12227.848873931915
12420.392427204875
12617.48912561126
12819.138969150139
13025.341957822675
13236.098091628635
13451.407370567089
13671.269794638967
13895.685363844503
14124.654078182299
14358.175937653752
14596.25094225863
14838.879091996234
15086.060386867495
15337.794826871483
15594.082412008429
15854.923142279265
16120.317017682828
16390.26403821935
16664.76420388976
16943.817514692666
17461.76500119269
18002.291865946725
18565.39810895361
19151.08373021148
19759.348729724064
20390.19310749136
21043.616863511503
21719.619997784495
22418.202510310337
23139.364401092753
23883.105670126155
24649.426317412406
25438.32634295337
26249.80574674718
27083.864528795704
27940.502689095214
28819.720227649435
29721.517144456506
30645.893439518288
31592.849112836644
32562.384164404124
33554.498594226316
34569.192402301356
35606.46558862738
36666.318153209984
37621.1019478729
38588.64603247866
39568.950407017954
40562.01507148985
41567.84002589714
42586.425270235166
43617.77080450766
44661.87662871275
45718.742742850445
46788.3691469226
47870.75584092736
48965.902824865654
50073.81009873748
51194.4776625419
52327.905516278
53474.09365994856
54633.04209355265
55804.75081709027
56989.2198305605
58186.449133964255
59396.43872730248
60619.18861057237
61854.69878377579
63102.96924691275
64363.999999982305
