1.9999999999999998
2.052924319939215
2.1059493293872267
2.1590750283440343
2.2123014168096375
2.2656284947840373
2.3190562622672335
2.3725847192592253
2.426213865760013
2.4799437017695976
2.5337742272879775
2.587705442315154
2.6417373468511265
2.695869940895895
2.75010322444946
2.8044371975118207
2.858871860082978
2.9134072121629306
2.96804325375168
3.022779984849225
3.077617405455567
3.1325555155707043
3.1875943151946378
3.2427338043273677
3.2979739829688937
3.3533148511192152
3.4087564087783333
3.464298655946248
3.5199415926229576
3.575685218808464
3.631529534502766
3.6874745397058644
3.743520234417759
3.7996666186384496
3.8559136923679365
3.9122614556062194
3.968709908353298
4.025259050609173
4.0819088823738445
4.138659403647312
4.195510614429575
4.2524625147206345
4.30951510452049
4.366668383829142
4.423922352646589
4.481277010972834
4.538732358807874
4.596288396151709
4.653945123004342
4.7117025393657705
4.769560645235995
4.827519440615015
4.8855789255028315
4.943739099899445
5.001999963804853
5.060361517219058
5.118823760142059
5.177386692573857
5.23605031451445
5.29481462596384
5.353679626922025
5.412645317389007
5.471711697364785
5.530878766849358
5.590146525842728
5.6495149743448945
5.708984112355856
5.7685539398756145
5.828224456904169
5.887995663441519
5.9478675594876655
6.007840145042609
6.067913420106348
6.128087384678882
6.188362038760213
6.248737382350341
6.309213415449263
6.369790138056983
6.430467550173498
6.49124565179881
6.552124442932918
6.613103923575822
6.67418409372752
6.735364953388017
6.796646502557309
6.8580287412353975
6.919511669422282
6.981095287117962
7.042779594322439
7.104564591035712
7.16645027725778
7.228436652988645
7.290523718228306
7.352711472976763
7.414999917234016
7.477389051000065
7.53987887427491
7.602469387058552
7.665160589350989
7.727952481152222
7.790845062462252
7.853838333281079
7.916932293608701
7.980126943445119
8.043422282790331
8.106818311644343
8.17031503000715
8.233912437878752
8.297610535259151
8.361409322148345
8.425308798546336
8.489308964453123
8.553409819868707
8.617611364793085
8.681913599226261
8.746316523168232
8.810820136619
8.875424439578563
8.940129432046923
9.004935114024079
9.06984148551003
9.134848546504779
9.199956297008322
9.265164737020664
9.3304738665418
9.39588368557173
9.46139419411046
9.527005392157985
9.592717279714305
9.658529856779422
9.724443123353335
9.790457079436045
9.85657172502755
9.92278706012785
9.989103084736948
10.055519798854842
10.12203720248153
10.188655295617018
10.2553740782613
10.322193550414376
10.38911371207625
10.456134563246922
10.523256103926387
10.59047833411465
10.657801253811709
10.725224863017562
10.792749161732214
10.86037414995566
10.928099827687902
10.995926194928941
11.063853251678777
11.131880997937408
11.200009433704835
11.268238558981059
11.33656837376608
11.404998878059894
11.473530071862506
11.542161955173913
11.610894527994116
11.679727790323117
11.748661742160913
11.817696383507506
11.886831714362893
11.95606773472708
12.02540444460006
12.094841843981834
12.164379932872409
12.234018711271776
12.303758179179944
12.373598336596903
12.443539183522661
12.513580719957215
12.583722945900565
12.65396586135271
12.72430946631365
12.794753760783388
12.865298744761922
12.935944418249253
13.006690781245378
13.077537833750302
13.148485575764019
13.219534007286532
13.290683128317845
13.361932938857949
13.433283438906853
13.50473462846455
13.576286507531048
13.647939076106338
13.719692334190423
13.791546281783308
13.863500918884988
13.935556245495464
14.007712261614735
14.079968967242802
14.152326362379666
14.224784447025325
14.297343221179782
14.370002684843033
14.442762838015081
14.515623680695926
14.588585212885567
14.661647434584003
14.734810345791235
14.808073946507264
14.881438236732087
14.954903216465711
15.028468885708126
15.10213524445934
15.17590229271935
15.249770030488156
15.323738457765756
15.397807574552154
15.471977380847349
15.546247876651337
15.620619061964124
15.695090936785705
15.769663501116085
15.84433675495526
15.919110698303228
15.993985331159998
16.068960653525558
16.144036665399916
16.219213366783073
16.29449075767502
16.36986883807577
16.445347607985312
16.52092706740365
16.596607216330785
16.672388054766717
16.748269582711444
16.82425180016497
16.90033470712729
16.976518303598404
17.052802589578317
17.129187565067024
17.205673230064527
17.28225958457083
17.358946628585926
17.435734362109816
17.512622785142504
17.58961189768399
17.666701699734272
17.743892191293348
17.821183372361222
17.89857524293789
17.976067803023355
18.053661052617617
18.131354991720677
18.20914962033253
18.287044938453178
18.365040946082622
18.443137643220865
18.521335029867902
18.599633106023738
18.67803187168837
18.756531326861793
18.835131471544017
18.913832305735035
18.992633829434848
19.07153604264346
19.150538945360868
19.22964253758707
19.308846819322067
19.388151790565864
19.467557451318456
19.547063801579842
19.626670841350027
19.706378570629006
19.78618698941678
19.866096097713353
19.94610589551872
20.026216382832885
20.10642755965584
20.1867394259876
20.267151981828153
20.3476652271775
20.428279162035647
20.508993786402588
20.589809100278323
20.670725103662853
20.751741796556185
20.83285917895831
20.914077250869234
20.99539601228895
21.07681546321746
21.15833560365477
21.239956433600877
21.32167795305578
21.403500162019476
21.48542306049197
21.567446648473258
21.649570925963346
21.73179589296223
21.814121549469906
21.896547895486382
21.979074931011652
22.061702656045718
22.14443107058858
22.22726017464024
22.310189968200696
22.393220451269947
22.476351623847993
22.559583485934834
22.642916037530476
22.72634927863491
22.80988320924814
22.89351782937017
22.977253139000993
23.061089138140613
23.14502582678903
23.22906320494624
23.31320127261225
23.397440029787056
23.481779476470653
23.56621961266305
23.650760438364244
23.735401953574232
23.82014415829302
23.904987052520596
23.98993063625697
24.07497490950215
24.160119872256118
24.24536552451888
24.330711866290443
24.4161588975708
24.501706618359957
24.587355028657907
24.67310412846465
24.758953917780193
24.844904396604534
24.930955564937666
25.017107422779596
25.10335997013032
25.189713206989843
25.276167133358165
25.362721749235277
25.449377054621188
25.536133049515897
25.6229897339194
25.7099471078317
25.797005171252795
25.884163924182687
25.971423366621373
26.058783498568857
26.146244320025136
26.233805830990214
26.321468031464082
26.40923092144675
26.497094500938218
26.585058769938477
26.673123728447532
26.761289376465385
26.849555713992036
26.937922741027478
27.02639045757172
27.114958863624757
27.203627959186587
27.29239774425722
27.381268218836645
27.470239382924866
27.55931123652188
27.648483779627696
27.737757012242305
27.827130934365712
27.91660554599791
28.00618084713891
28.095856837788705
28.185633517947295
28.275510887614683
28.36548894679086
28.455567695475843
28.545747133669618
28.63602726137219
28.726408078583553
28.816889585303716
28.907471781532678
28.99815466727043
29.08893824251698
29.17982250727233
29.27080746153647
29.361893105309413
29.45307943859115
29.544366461381678
29.635754173681008
29.72724257548913
29.818831666806055
29.91052144763177
30.00231191796628
30.09420307780959
30.186194927161694
30.278287466022594
30.370480694392292
30.462774612270785
30.55516921965807
30.64766451655416
30.74026050295904
30.832957178872714
30.925754544295188
31.018652599226456
31.111651343666523
31.204750777615388
31.297950901073044
31.391251714039498
31.48465321651475
31.578155408498795
31.671758289991637
31.765461860993277
31.85926612150371
31.953171071522938
32.047176711050966
32.141283040087785
32.2354900586334
32.329797766687825
32.42420616425103
32.51871525132304
32.61332502790384
32.70803549399344
32.80284664959184
32.897758494699026
32.992771029315016
33.087884253439796
33.18309816707338
33.27841277021576
33.37382806286693
33.469344045026894
33.56496071669566
33.66067807787322
33.75649612855958
33.852414868754735
33.94843429845868
34.04455441767142
34.14077522639297
34.23709672462331
34.33351891236245
34.430041789610385
34.52666535636712
34.62338961263264
34.720214558406965
34.81714019369008
34.914166518482
35.01129353278271
35.10852123659221
35.20584962991052
35.303278712737615
35.40080848507351
35.4984389469182
35.596170098271685
35.69400193913397
35.79193446950505
35.889967689384925
35.988101598773596
36.086336197671066
36.184671486077335
36.283107463992394
36.38164413141625
36.4802814883489
36.57901953479035
36.67785827074059
36.77679769619963
36.87583781116747
36.974978615644105
37.074220109629536
37.17356229312376
37.27300516612678
37.37254872863859
37.47219298065921
37.571937922188624
37.671783553226824
37.77172987377383
37.871776883829625
37.97192458339422
38.072172972467605
38.172522051049796
38.27297181914078
38.37352227674056
38.47417342384913
38.5749252604665
38.67577778659267
38.776731002227635
38.87778490737139
38.97893950202395
39.0801947861853
39.18155075985545
39.28300742303439
39.384564775722126
39.48622281791866
39.58798154962399
39.68984097083813
39.79180108156105
39.893861881792766
39.99602337153328
40.0982855507826
40.200648419540705
40.30311197780761
40.40567622558331
40.50834116286781
40.6111067896611
40.71397310596319
40.81694011177407
40.920007807093754
41.02317619192223
41.13509189854218
41.247177192139304
41.359432072713616
41.471856540265115
41.58445059479379
41.69721423629966
41.8101474647827
41.92325028024293
42.036522682680356
42.14996467209495
42.263576248486736
42.3773574118557
42.491308162201854
42.60542849952519
42.719718423825704
42.83417793510341
42.9488070333583
43.06360571859037
43.17857399079963
43.29371184998607
43.40901929614968
43.52449632929049
43.640142949408485
43.75595915650366
43.87194495057602
43.98810033162556
44.104425299652284
44.220919854656195
44.33758399663729
44.45441772559557
44.57142104153103
44.688593944443674
44.8059364343335
44.92344851120052
45.041130175044714
45.1589814258661
45.27700226366467
45.39519268844042
45.51355270019335
45.632082298923464
45.75078148463077
45.86965025731526
45.98868861697692
46.10789656361578
46.22727409723181
46.34682121782504
46.46653792539544
46.58642421994303
46.706480101467804
46.82670556996976
46.9471006254489
47.06766526790523
47.188399497338736
47.30930331374943
47.43037671713731
47.55161970750236
47.67303228484461
47.79461444916404
47.91636620046065
48.038287538734444
48.160378463985424
48.28263897621359
48.405069075418936
48.52766876160147
48.65043803476119
48.773376894898085
48.89648534201216
49.019763376103434
49.143210997171884
49.26682820521752
49.390615000240345
49.51457138224035
49.63869735121754
49.762992907171906
49.88745805010346
50.012092780012196
50.136897096898124
50.26187100076123
50.38701449160152
50.512327569419
50.63781023421365
50.7634624859855
50.88928432473452
51.01527575046074
51.14143676316413
51.26776736284471
51.39426754950247
51.52093732313742
51.64777668374955
51.77478563133886
51.901964165905355
52.029312287449045
52.15682999596991
52.28451729146796
52.41237417394319
52.54040064339561
52.66859669982521
52.796962343231996
52.925497573615964
53.05420239097704
53.18269719099342
53.31135406106972
53.440173001205935
53.56915401140208
53.69829709165813
53.8276022419741
53.95706946234998
54.08669875278579
54.21649011328151
54.346443543837154
54.476559044452706
54.60683661512819
54.73727625586358
54.86787796665889
54.998641747514114
55.12956759842926
55.260655519404324
55.3919055104393
55.5233175715342
55.654891702689014
55.78662790390375
55.9185261751784
56.050586516512965
56.18280892790745
56.315193409361854
56.44773996087618
56.580448582450416
56.71331927408457
56.84635203577864
56.97954686753263
57.11290376934653
57.24642274122036
57.3801037831541
57.51394689514777
57.64795207720134
57.78211932931484
57.91644865148825
58.05094004372158
58.185593506014825
58.320409038368
58.45538664078107
58.590526313254074
58.72582805578699
58.86129186837983
58.99691775103258
59.13270570374526
59.26865572651784
59.40476781935035
59.54104198224276
59.67747821519511
59.814076518207365
59.95083689127954
60.08775933441163
60.22484384760365
60.362090430855574
60.49949908416742
60.63706980753918
60.77480260097086
60.912697464462454
61.05075439801397
61.188973401625404
61.32735447529676
61.46589761902803
61.60460283281921
61.74347011667031
61.88249947058133
62.021690894552265
62.16104438858312
62.30055995267389
62.44023758682459
62.580077291035195
62.720079065305725
62.86024290963616
63.00056882402652
63.1410568084768
63.281706862986994
63.42251898755711
63.56349318218714
63.704629446877085
63.845927781626955
63.98738818643673
64.12901066130644
64.27079520623604
64.41274182122558
64.55485050627505
64.69712126138441
64.8395540865537
64.9821489817829
65.12490594707202
65.26782498242106
65.41090608783003
65.5541492632989
65.6975545088277
65.8411218244164
65.98485121006503
66.12874266577357
66.27279619154204
66.41701178737041
66.56138945325871
66.70592918920852
66.95165366264985
67.19954065501099
67.44959016629218
67.70180219649342
67.95617674561458
68.21271381365568
68.47141340061671
68.7322755064979
68.99530013129879
69.26048727501995
69.52783693766094
69.79734911922196
70.06902381970292
70.34286103910381
70.61886077742474
70.89702303466561
71.17734781082663
71.45983510590736
71.74448491990836
72.03129725282906
72.32027210466993
72.6114094754306
72.90470936511156
73.2001717737121
73.49779670123303
73.79758414767355
74.09953411303422
74.40364659731495
74.70992160051549
75.01835912263618
75.3289591636767
75.64172172363737
75.95664680251775
76.2737344003184
76.59298451703876
76.91439715267927
77.23797230723972
77.5637099807202
77.89161017312063
78.22167288444098
78.55389811468137
78.8882858638417
79.22483613192207
79.56354891892238
79.90442422484261
80.2474620496829
80.5926623934431
80.94002525612336
81.28955063772355
81.6412385382448
82.07285242490366
82.5096783782169
82.95171639818386
83.39896648480476
83.85142863808028
84.30910285800928
84.77198914459245
85.24008749782979
85.71339791772084
86.19192040426628
86.6756549574659
87.16460157731922
87.65876026382671
88.15813101698859
88.66271383680396
89.17250872327327
89.68751567639742
90.20773469617484
90.73316578260665
91.26380893569285
91.79966415543254
92.34073144182639
92.88701079487464
93.43850221457637
93.99520570093227
94.55712125394234
95.1242488736068
95.69658855992475
96.27414031289686
96.8569041325236
97.44488001880381
98.0380679717382
98.63646799132675
99.24008007756902
99.84890423046545
100.46294045001628
101.08218873622081
101.70664908907952
102.33632150859239
102.9712059947592
103.6113025475795
104.25661116705487
104.9071318531835
105.56286460596652
106.22380942540372
106.88996631149462
107.56133526423969
108.23791628363915
108.9197093696921
109.60671452239512
110.71472985645414
111.84426306558362
112.99531414978719
114.16788310906668
115.36196994341663
116.57757465284067
117.81469723734062
119.07333769691104
120.35349603155464
121.65517224127507
122.97836632606595
124.32307828593093
125.68930812087001
127.07705583088318
128.48632141596863
129.91710487612727
131.36940621136182
132.84322542166774
134.33856250704684
135.85541746750187
137.39379030302825
138.95368101362783
140.5350895993006
142.13801606004927
143.76246039587022
145.40842260676345
147.0759026927326
148.7649006537731
150.47541648988772
152.20745020107734
153.96100178733832
155.7360712486725
157.53265858508257
159.35076379656402
161.19038688311957
163.0515278447483
164.93418668145205
166.83836339322716
168.76405798007636
170.71127044200057
172.68000077899615
174.67024899106582
176.6820150782105
178.71529904042745
180.7701008777176
182.84642059008274
184.94425817751926
187.06361364002987
189.20448697761367
191.3668781902852
193.6636034874864
195.98627082483836
198.33488020234108
200.70943161999458
203.10992507779883
205.53636057575386
207.98873811385965
210.4670576921144
212.97131931052354
215.50152296907982
218.05766866778868
220.6397564066483
223.2477861856587
225.88175800481804
228.54167186412997
231.22752776359266
233.93932570320612
236.67706568296853
239.44074770288353
242.23037176294747
245.045937863164
247.8874460035313
250.75489618404936
253.64828840471637
256.56762266553596
259.5128989665045
262.48411730762564
265.4812776888957
268.5043801103184
271.5534245718882
274.62841107361237
277.7293396154855
280.85621019751125
284.0090228196859
287.1877774820132
290.3924741844894
293.6231129271164
296.8796937098941
300.16221653282446
303.47068139590374
306.8050882991338
310.1654372425146
313.551728226048
316.9639612497285
320.40213631356346
323.86625341754734
327.356312561682
330.8723137459674
334.4142569704036
337.9821422350651
344.5971307121581
351.3565381381122
358.26036451293476
365.30860983661114
372.5012741091923
379.83835733062006
387.3198595009235
394.94578062008804
402.71612068814284
410.6308797050515
418.69005767082854
426.8936545854813
435.24167044901696
443.7341052614065
452.37095902266447
461.1522317327908
470.0779233918074
479.14803399967786
488.3625635564167
497.721512062024
507.22487951652147
516.8726659198728
526.6648712720926
536.6014955731807
546.6825388234574
567.2704513588687
588.7998944073333
611.2708679692005
634.6833720442955
659.0374066325603
684.332971734053
710.5700673487154
737.7486934766639
765.8688501177821
794.9305372721865
824.9337549398188
855.8785031205043
887.7647818145924
920.5925910218502
954.3619307422778
989.072800975875
1024.7252017228166
1061.319132982986
1098.8545947563252
1137.3315870428924
1176.7501098426292
1217.110163155594
1258.4117469818448
1300.6548613213236
1343.8395061744377
1405.3519915525103
1469.1434159064665
1535.2137792359572
1603.563081541215
1674.1913228221238
1747.0985030786833
1822.2846223111264
1899.749680519104
1979.4936777027324
2061.5166138622444
2145.8184889974073
2232.399303107988
2321.2590561944526
2412.397748256568
2505.815379294334
2601.5119493079837
2699.4874582972843
2799.7419062622357
2902.2752932030708
3007.087619119324
3114.1788840114605
3223.549087879248
3335.1982307226863
3449.1263125415426
3565.3333333390765
3743.657481486909
3928.8635061788373
4120.95140741393
4319.921185190789
4525.772839512676
4738.506370377261
4958.121777784545
5184.619061734527
5417.998222229071
5658.259259266313
5905.402172847185
6159.426962969825
6420.333629637025
6688.12217284739
6962.792592599988
7244.344888896681
7532.779061737005
7828.095111120027
8130.293037045281
8439.372839515097
8755.334518528078
9078.178074083757
9407.903506182134
9744.510814824607
