73
365
309
334
124
401
86
692
125
148
758
116
7784
1580
3627
65
475
166
374
458
3425
583
70
1
269
383
173
4015
20924
467
256
381
87
455
22
440
314
2853
657
670
1329
184
233
14158
254
747
747
254
263
111
21
301
237
121
377
22
77
98
478
559
513
89
74
3186
336
446
6
65
17
2544
71
1
1020
962
340
1008
1
474
301
77
1015
135
6503
301
263
401
21
1
159
1126
98
2308
72
100
1
1
1199
201
6
8
757
6
318
4494
1332
583
209
53
1100
53
2
600
2
3
654
226
402
86
186
2629
351
151
110
751
103
1
97
2088
22
174
111
4410
787
1278
89
84
293
351
2191
336
91
555
1717
681
171
1
361
504
2530
3980
2391
276
5345
854
319
1
161
1
1
1
1
1
566
1
329
164
625
1144
61
97
441
172
438
669
121
221
433
495
170
756
382
101
126
1600
403
924
118
137
137
172
12
30
1146
510
5211
194
665
1
265
74
299
117
2091
94
134
1
1
2247
1
1
314
559
87
564
104
91
1119
471
1287
460
53
432
75
123
296
865
281
437
198
13
203
450
92
924
27
277
357
1
562
773
34
184
257
186
45
67
531
94
188
404
83
83
85
938
513
532
1598
243
248
633
96
1157
246
1329
627
612
4104
2
573
376
3586
815
815
198
198
9
93
405
61
4155
68
1
587
5
178
749
883
128
660
258
95
123
293
1
20853
1
1
19886
23448
18948
1
1
15837
19651
159
58325
317
270
694
413
589
171
143
356
178
1101
124
59
718
59
151
138
498
33
61
71
366
1699
105
413
124
278
91
290
61
417
127
61
383
100
61
438
54
369
56
73
228
426
1767
451
512
138
869
67
90
487
212
716
579
1
416
1
351
10
1
336
1
219
1
1
5643
15
326
430
583
2385
404
231
556
1055
282
626
466
247
169
14447
409
246
1375
112
67
78
112
67
78
11758
312
102
316
59
2203
331
74
2116
160
108
229
381
134
1234
299
1764
1
616
432
1
1
1
1451
4
2677
598
1094
328
491
1
542
726
2224
403
313
492
2084
172
331
3422
434
313
78
491
491
496
1256
131
427
119
4077
163
2210
75
76
352
300
156
173
713
226
109
65
309
89
621
443
396
1
223
4
1
1
330
1
1
1
94
9941
372
622
358
1206
223
128
303
193
1
156
457
166
202
203
831
122
9468
563
197
286
160
269
329
73
1536
1
22009
20776
22632
1
23249
21538
1
1
1
1
1
24757
30337
107
188
201
141
6818
965
160
74
636
95
475
164
657
24
267
188
502
146
160
120
48
9
1092
5298
132
372
912
417
295
8
72
650
8
296
568
392
73
1476
630
137
76
76
369
4463
131
69
10
285
1
446
1956
6
1
1
1
1
267
6
1
1
1
1316
171
72
278
55
3
1722
198
1251
126
677
716
426
970
99
297
294
245
4206
718
150
127
127
85
1
6841
6841
181
96
6506
1301
1
1
557
1848
3
1
2724
1
2
1
1182
1171
1
1
1072
291
188
4271
390
301
313
249
40
242
197
663
221
76
1607
1197
1066
498
137
579
219
797
283
560
224
1278
1225
319
665
937
380
319
444
173
1
8
1
1
43
29599
435
168
131
322
512
9122
12
2
1121
673
982
470
379
32
1519
2237
356
1096
1986
297
66
411
420
10785
1047
337
579
476
473
660
207
159
551
71
148
70
78
222
396
89
308
376
129
311
1
1
1089
1
1
1
1
1157
1
394
1015
342
530
383
576
168
186
150
277
342
822
136
1067
476
449
817
250
250
149
332
149
185
478
1
135
734
734
298
132
65
9
9
570
171
403
582
461
1912
468
277
429
166
953
1
83
288
148
132
1188
510
134
134
1
210
178
395
8832
4234
224
212
197
290
488
1
476
124
413
1
267
1
1
99
486
627
358
50
349
878
65
239
588
211
524
211
697
428
10938
453
615
1355
944
538
268
746
3928
109
109
51
650
339
605
1660
554
348
148
492
1224
65
67
320
1072
320
362
711
368
90
605
101
1390
127
229
2
150
1
254
614
217
47
6468
501
695
436
558
535
105
66
876
2113
98
414
295
4280
295
369
12
1420
24
2000
1
1322
1434
5
1466
1
1
691
2331
935
137
22080
126
96
666
1221
999
1
711
806
1287
6372
157
140
787
78
27
96
76
946
13
16
104
1510
910
621
105
97
812
30
46
236
313
84
5
624
718
657
1
2485
657
281
114
183
122
8
124
80
147
475
71
182
233
385
1389
117
135
376
3638
165
174
400
2798
93
83
27
371
411
147
149
986
220
16
19
372
537
5674
312
758
654
117
983
187
112
155
340
232
178
350
175
84
113
318
894
106
197
1
1
625
2524
138
106
249
465
344
2600
185
4
409
1941
135
1
1012
349
3
63
317
198
203
467
284
521
305
10210
25
691
1987
1147
974
271
210
4
447
880
135
168
813
179
868
169
579
15
288
173
189
1241
2700
3861
464
247
2007
58
488
85
4510
83
292
83
4533
1260
161
246
109
55
96
6302
93
482
238
351
22
1198
6357
3803
837
4952
165
546
165
438
5
409
935
337
299
223
62
1
847
155
155
211
129
987
400
748
318
449
4293
189
1
361
514
298
1
55898
1
1
1
61902
1
60262
422
16417
144
336
738
195
