258.0
264.86925454802275
271.7280359586098
278.576344231761
285.41417936747655
292.24154136575635
299.0584302266004
305.8648459500087
312.6607885359813
319.4462579845181
326.22125429561925
332.9857774692846
339.7398275055142
346.4834044043081
353.21650816566626
359.9391387895887
366.6512962760753
373.35298062512624
380.04419183674145
386.7249299109209
393.3951948476646
400.05498664697257
406.7043053088448
413.34315083328124
419.97152322028205
426.58942246984714
433.1968485819764
439.7938015566699
446.38028139392776
452.95628809374983
459.5218216561362
466.07688208108675
472.62146936860165
479.15558351868077
485.67922453132417
492.1923924065318
498.69508714430367
505.18730874463984
511.6690572075403
518.140332533005
524.601134721034
531.0514637716271
537.4913196847847
543.9207024605064
550.3396120987923
556.7480485996425
563.146011963057
569.5335021890357
575.9105192775787
582.2770632286861
588.6331340423576
594.9787317185933
601.3138562573934
607.6385076587578
613.9526859226863
620.2563910491791
626.5496230382362
632.8323818898576
639.1046676040432
645.3664801807931
651.6178196201072
657.8586859219856
664.0890790864282
670.3089991134352
676.5184460030064
682.7174197551419
688.9059203698416
695.0839478471055
701.2515021869337
707.4085833893262
713.555191454283
719.691326381804
725.8169881718893
731.9321768245388
738.0368923397526
744.1311347175306
750.2149039578729
756.2882000607796
762.3510230262505
768.4033728542855
774.4452495448849
780.4766530980485
786.4975835137764
792.5080407920685
798.5080249329249
804.4975359363456
810.4765738023306
816.4451385308797
822.4032301219931
828.3508485756709
834.2879938919128
840.2146660707191
846.1308651120896
852.0365910160244
857.9318437825234
863.8166234115866
869.6909299032142
875.554763257406
881.408123474162
887.2510105534824
893.083424495367
898.9053652998159
904.716832966829
910.5178274964063
916.3083488885479
922.0883971432538
927.857972260524
933.6170742403584
939.3657030827571
945.1038587877201
950.8315413552473
956.5487507853386
962.2554870779944
967.9517502332144
973.6375402509987
979.3128571313472
984.9777008742599
990.632071479737
996.2759689477782
1001.9093932783837
1007.5323444715535
1013.1448225272876
1018.746827445586
1024.3383592264486
1029.9194178698754
1035.4900033758665
1041.0501157444219
1046.5997549755416
1052.1389210692255
1057.6676140254735
1063.185833844286
1068.6935805256626
1074.1908540696036
1079.677654476109
1085.1539817451785
1090.619835876812
1096.07521687101
1101.5201247277723
1106.9545594470987
1112.3785210289896
1117.7920094734445
1123.1950247804639
1128.5875669500474
1133.969635982195
1139.3412318769074
1144.7023546341836
1150.0530042540242
1155.3931807364293
1160.7228840813982
1166.0421142889318
1171.3508713590293
1176.6491552916914
1181.9369660869174
1187.2143037447079
1192.4811682650625
1197.7375596479815
1202.9834778934646
1208.218923001512
1213.4438949721239
1218.6583938052997
1223.8624195010402
1229.0559720593446
1234.2390514802134
1239.4116577636464
1244.5737909096438
1249.7254509182053
1254.866637789331
1259.9973515230213
1265.1175921192755
1270.2273595780944
1275.3266538994772
1280.4154750834243
1285.4938231299357
1290.5616980390112
1295.6190998106513
1300.6660284448553
1305.7024839416238
1310.7284663009564
1315.7439755228534
1320.7490116073145
1325.74357455434
1330.7276643639298
1335.7012810360839
1340.664424570802
1345.6170949680848
1350.5592922279316
1355.4910163503428
1360.4122673353181
1365.3230451828579
1370.2233498929618
1375.1131814656299
1379.9925399008623
1384.8614251986592
1389.71983735902
1394.5677763819454
1399.4052422674347
1404.2322350154884
1409.0487546261068
1413.854801099289
1418.6503744350355
1423.4354746333463
1428.2101016942213
1432.9742556176607
1437.7279364036642
1442.471144052232
1447.203878563364
1451.9261399370605
1456.6379281733211
1461.339243272146
1466.0300852335351
1470.7104540574885
1475.3803497440063
1480.039772293088
1484.6887217047342
1489.3271979789447
1493.9552011157193
1498.5727311150586
1503.1797879769617
1507.7763717014293
1512.362482288461
1516.938119738057
1521.5032840502172
1526.0579752249419
1530.6021932622307
1535.1359381620837
1539.6592099245008
1544.1720085494826
1548.6743340370283
1553.1661863871384
1557.6475655998127
1562.1184716750513
1566.5789046128543
1571.0288644132213
1575.4683510761527
1579.8973646016484
1584.3159049897085
1588.7239722403326
1593.121566353521
1597.508687329274
1601.8853351675907
1606.251509868472
1610.6072114319174
1614.9524398579272
1619.2871951465013
1623.6114772976393
1627.925286311342
1632.2286221876088
1636.5214849264398
1640.803874527835
1645.0757909917947
1649.3372343183185
1653.5882045074065
1657.828701559059
1662.0587254732754
1666.2782762500565
1670.4873538894017
1674.685958391311
1678.8740897557848
1683.0517479828227
1687.2189330724248
1691.3756450245912
1695.521883839322
1699.6576495166169
1703.7829420564763
1707.8977614588996
1712.0021077238873
1716.0959808514394
1720.1793808415557
1724.2523076942362
1728.314761409481
1732.36674198729
1736.4082494276631
1740.439283730601
1744.4598448961028
1748.469932924169
1752.4695478147992
1756.4586895679938
1760.4373581837528
1764.4055536620758
1768.3632760029632
1772.310525206415
1776.2473012724308
1780.1736042010111
1784.0894339921554
1787.9947906458642
1791.889674162137
1795.7740845409742
1799.6480217823757
1803.5114858863415
1807.3644768528716
1811.2069946819656
1815.0390393736243
1818.8606109278471
1822.671709344634
1826.4723346239855
1830.262486765901
1834.042165770381
1837.811371637425
1841.570104367033
1845.318363959206
1849.0561504139425
1852.783463731244
1856.5003039111095
1860.2066709535388
1863.902564858533
1867.587985626091
1871.2629332562137
1874.9274077489001
1878.5814091041511
1882.2249373219663
1885.8579924023459
1889.4805743452894
1893.0926831507977
1896.6943188188698
1900.2854813495064
1903.8661707427068
1907.4363869984722
1910.9961301168014
1914.5454000976952
1918.0841969411526
1921.612520647175
1925.1303712157614
1928.6377486469119
1932.134652940627
1935.6210840969059
1939.0970421157494
1942.562526997157
1946.017538741129
1949.462077347665
1952.8961428167656
1956.31973514843
1959.7328543426593
1963.1355003994522
1966.5276733188098
1969.9093731007315
1973.2805997452176
1976.6413532522677
1979.9916336218826
1983.331440854061
1986.6607749488044
1989.9796359061118
1993.288023725983
1996.5859384084192
1999.8733799534189
2003.1503483609836
2006.416843631112
2009.672865763805
2012.9184147590618
2016.1534906168836
2019.3780933372689
2022.592222920219
2025.7958793657328
2028.9890626738115
2032.171772844454
2035.3440098776612
2038.5057737734323
2041.657064531768
2044.7978821526679
2047.9282266361315
2051.04809798216
2054.157496190752
2057.256421261909
2060.34487319563
2063.4228519919156
2066.490357650765
2069.547390172179
2072.593949556157
2075.6300358026992
2078.6556489118057
2081.6707888834767
2084.675455717712
2087.669649414511
2090.6533699738748
2093.6266173958024
2096.589391680295
2099.541692827351
2102.4835208369723
2105.4148757091566
2108.335757443906
2111.2461660412196
2114.1461015010973
2117.0355638235396
2119.9145530085457
2122.7830690561163
2125.6411119662507
2128.48868173895
2131.3257783742133
2134.152401872041
2136.9685522324326
2139.774229455389
2142.569433540909
2145.354164488994
2148.1284222996424
2150.8922069728555
2153.645518508633
2156.388356906975
2159.1207221678806
2161.842614291351
2164.554033277385
2167.254979125984
2169.9454518371467
2172.625451410874
2175.2949778471657
2177.9540311460214
2180.6026113074413
2183.2407183314253
2185.868352217974
2188.485512967087
2191.092200578764
2193.688415053005
2196.2741563898107
2198.84942458918
2201.4142196511148
2203.9685415756126
2206.5123903626754
2209.045766012302
2211.5686685244937
2214.0810978992486
2216.5830541365685
2219.0745372364527
2221.5555471989005
2224.026084023913
2226.4861477114896
2228.935738261631
2231.374855674336
2233.8034999496053
2236.221671087439
2238.6293690878374
2241.026593950799
2243.4133456763257
2245.7896242644165
2248.1554297150715
2250.5107620282906
2252.8556212040744
2255.190007242422
2257.513920143334
2259.82735990681
2262.130326532851
2264.422820021456
2266.7048403726253
2268.9763875863587
2271.237461662656
2273.4880626015183
2275.728190402944
2277.957845066935
2280.1770265934892
2282.3857349826085
2284.5839702342914
2286.771732348539
2288.9490213253503
2291.1158371647266
2293.2721798666666
2295.4180494311713
2297.5534458582397
2299.678369147873
2301.7928193000703
2303.896796314832
2305.9903001921584
2308.0733309320476
2310.145888534503
2312.2079729995207
2314.2595843271038
2316.3007225172505
2318.3313875699623
2320.351579485238
2322.3612982630775
2324.360543903482
2326.3493164064503
2328.327615771983
2330.29544200008
2332.252795090741
2334.1996750439666
2336.136081859756
2338.0620155381102
2339.9774760790283
2341.8824634825114
2343.7769777485582
2345.661018877169
2347.5345868683444
2349.3976817220837
2351.250303438388
2353.0924520172557
2354.9241274586884
2356.7453297626844
2358.5560589292454
2360.3563149583706
2362.14609785006
2363.9254076043135
2365.694244221131
2367.4526077005135
2369.20049804246
2370.9379152469705
2372.6648593140453
2374.3813302436847
2376.0873280358883
2377.782852690656
2379.467904207988
2381.1424825878844
2382.8065878303446
2384.4602199353694
2386.103378902964
2389.646118950607
2393.1936054163325
2396.7458383001403
2400.30281760203
2403.8645433220017
2407.4310154600557
2411.002234016192
2414.57819899041
2418.15891038271
2421.744368193092
2425.334572421557
2428.929523068103
2432.529220132732
2436.133663615443
2439.7428535162353
2443.3567898351107
2446.9754725720677
2450.5989017271067
2454.2270773002283
2457.8599992914314
2461.497667700717
2465.140082528085
2468.7872437735346
2472.4391514370664
2476.09580551868
2479.7572060183766
2483.4233529361545
2487.094246272015
2490.7698860259575
2494.450272197982
2498.1354047880886
2501.8252837962773
2505.519909222548
2509.219281066901
2512.923399329336
2516.6322640098533
2520.3458751084527
2524.064232625134
2527.7873365598975
2531.515186912743
2535.2477836836706
2538.9851268726807
2542.727216479773
2546.4740525049465
2550.2256349482027
2553.981963809541
2557.7430390889613
2561.508860786464
2565.2794289020485
2569.0547434357154
2572.834804387464
2576.619611757295
2580.409165545208
2584.203465751203
2588.0025123752803
2591.80630541744
2595.614844877681
2599.428130756005
2603.246163052411
2607.068941766898
2610.8964668994686
2614.7287384501205
2618.5657564188546
2622.407520805671
2626.254031610569
2630.10528883355
2633.961292474612
2637.8220425337568
2641.6875390109835
2645.5577819062923
2649.4327712196837
2653.3125069511566
2657.196989100712
2661.086217668349
2664.9801926540686
2668.87891405787
2672.7823818797538
2676.69059611972
2680.6035567777676
2684.5212638538974
2688.4437173481097
2692.370917260404
2696.3028635907804
2700.2395563392383
2704.1809955057793
2708.127181090402
2712.0781130931064
2716.0337915138934
2719.994216352762
2723.9593876097138
2727.929305284747
2731.9039693778623
2735.8833798890596
2739.867536818339
2743.8564401657004
2747.8500899311443
2751.8484861146703
2755.8516287162784
2759.8595177359684
2763.872153173759
2770.010663317991
2776.1959224206694
2782.4279304817937
2788.7066875013606
2795.0321934793774
2801.4044484158385
2807.8234523107476
2814.289205164101
2820.8017069759026
2827.3609577461466
2833.9669574748386
2840.619706161977
2847.3192038075613
2854.06545041159
2860.858445974067
2867.698190494988
2874.5846839743554
2881.517926412169
2888.4979178084304
2895.5246581631363
2902.5981474762884
2909.7183857478867
2916.8853729779294
2924.09910916642
2931.359594313357
2938.666828418738
2946.0208114825673
2953.421543504841
2960.8690244855607
2968.3632544247266
2975.9042333223388
2983.491961178397
2991.1264379929016
2998.8076637658505
3006.5356384972456
3014.3103621870887
3022.131834835378
3030.0000564421134
3037.9150270072932
3045.8767465309193
3053.8852150129896
3061.940432453508
3070.0423988524726
3078.1911142098834
3086.3865785257403
3094.6287918000417
3102.917754032789
3111.253465223983
3119.6359253736246
3128.0651344817106
3136.5410925482447
3145.063799573223
3153.633255556648
3162.249460498517
3170.912414398834
3179.622117257597
3188.3785690748045
3197.18176985046
3206.03171958456
3214.9284182771044
3223.8718659280985
3232.862062537537
3241.8990081054217
3250.9827026317525
3260.1131461165296
3269.290338559751
3278.5142799614205
3287.7849703215343
3297.102409640096
3306.4665979171023
3315.8775351525546
3325.335221346453
3334.839656498798
3344.390840609589
3353.988773678824
3363.6334557065074
3373.324886692637
3383.063066637211
3392.8479955402327
3402.679673401699
3412.558100221613
3422.4832759999717
3432.4552007367765
3442.4738744320257
3452.539297085723
3462.651468697866
3472.810389268454
3483.0160587974897
3493.2684772849716
3503.567644730898
3513.9135611352685
3524.306226498089
3534.7456408193557
3545.2318040990667
3555.764716337224
3566.3443775338274
3576.9707876888733
3587.643946802369
3598.363854874311
3609.130511904743
3622.7569272486107
3636.4857947064775
3650.317114278325
3664.2508859641675
3678.2871097640054
3692.425785677824
3706.666913705645
3721.010493847447
3735.4565261032512
3750.0050104730435
3764.65594695682
3779.4093355545956
3794.2651762663554
3809.223469092114
3824.2842140318608
3839.4474110855954
3854.713060253329
3870.0811615350503
3885.5517149307598
3901.1247204404644
3916.8001780641534
3932.5780878018413
3948.458449653521
3964.4412636191846
3980.5265296988473
3996.7142478924943
4013.0044182001366
4029.397040621774
4045.892115157396
4062.489641807013
4079.1896205706216
4095.9920514482146
4112.896934439799
4129.904269545386
4147.0140567649505
4164.226296098514
4181.540987546065
4198.9581311076145
4216.477726783145
4234.099774572671
4251.824274476196
4269.651226493705
4287.580630625202
4305.61248687069
4323.746795230181
4341.983555703653
4360.322768291113
4378.7644329925715
4397.308549808025
4415.95511873754
4429.028162448034
4441.981070926115
4454.813844171804
4467.526482185094
4480.118984965979
4492.5913525144715
4504.943584830566
4517.175681914261
4529.287643765558
4541.279470384463
4553.1511617709475
4564.902717925048
4576.534138846757
4588.045424536045
4599.436574992964
4610.707590217469
4621.858470209569
4632.8892149692765
4643.799824496593
4654.590298791503
4665.260637854008
4675.810841684128
4686.240910281849
4696.55084364715
4706.740641780074
4716.810304680592
4726.759832348704
4736.589224784431
4746.29848198776
4755.887603958676
4765.3565906972
4774.7054422033325
4783.934158477052
4793.04273951838
4802.031185327316
4810.899495903846
4819.647671247978
4828.275711359718
4836.7836162390595
4845.171385885988
4853.439020300524
4861.5865194826765
4869.613883432408
4877.521112149756
4885.3082056346975
4892.975163887233
4900.521986907384
4907.948674695137
4915.255227250484
4922.441644573133
4938.864276812703
4955.533689511998
4972.44988267099
4989.6128562897065
5007.022610368163
5024.679144906317
5042.582459904224
5060.732555361814
5079.129431279158
5097.773087656184
5116.663524492935
5135.800741789426
5155.184739545628
5174.815517761555
5194.693076437179
5214.817415572557
5235.188535167617
5255.806435222403
5276.671115736957
5297.782576711179
5319.140818145155
5340.745840038813
5362.597642392226
5384.69622520532
5407.041588478154
5429.633732210728
5452.472656402984
5475.558361054995
5498.890846166687
5522.470111738134
5546.296157769277
5570.368984260145
5594.688591210754
5619.254978621044
5644.068146491089
5669.12809482083
5694.434823610311
5719.988332859502
5745.788622568391
5771.835692737033
5798.129543365372
5824.670174453451
5851.457586001212
5878.491778008756
5905.772750475968
5933.300503402919
5961.075036789567
5989.09635063594
6017.3644449420535
6045.879319708591
6082.554751804564
6119.787308551342
6157.5769899487495
6195.923795996932
6234.827726695774
6274.28878204542
6314.306962045695
6354.882266696775
6396.014695998514
6437.70424995097
6479.950928554143
6522.7547318080615
6566.115659712668
6610.03371226805
6654.508889474062
6699.541191330878
6745.130617838382
6791.277168996603
6837.980844805512
6885.241645265196
6933.05957037551
6981.434620136657
7030.366794548434
7079.856093610957
7129.902517324197
7180.506065688183
7231.666738702828
7283.3845363682485
7335.659458684328
7388.491505651211
7441.880677268782
7495.826973537012
7550.330394456047
7605.390940025711
7661.00861024615
7717.183405117277
7773.91532463918
7831.204368811712
7889.050537635048
7947.453831109044
8006.414249233785
8065.931792009214
8126.006459435419
8186.638251512253
8247.827168239892
8309.57320961819
8371.876375647262
8434.736666326993
8498.15408165747
8562.128621638665
8686.118985304376
8812.998187307967
8942.766227650223
9075.42310633068
9210.968823349103
9349.403378706193
9490.726772401482
9634.939004434971
9782.040074807126
9932.029983517248
10084.908730565803
10240.676315952558
10399.332739677746
10560.878001741134
10725.312102142954
10892.635040882975
11062.846817961428
11235.947433378082
11411.936887132935
11590.815179226454
11772.58230965794
11957.23827842786
12144.783085536677
12335.216730982997
12528.539214767981
12662.054725239635
12793.636319312733
12923.283996982267
13050.997758248122
13176.777603110066
13300.623531568213
13422.535543623031
13542.51363927382
13660.557818521163
13776.668081364594
13890.84442780423
14003.086857840419
14113.395371472696
14221.769968701177
14328.210649526212
14432.717413947335
14535.29026196478
14635.92919357866
14734.63420878863
14831.40530759492
14926.242489997647
15019.145755996462
15110.115105591482
15199.150538783288
15286.252055570949
15500.104657432996
15721.922189156525
15951.704650745727
16189.452042197809
16435.164363513235
16688.841614692006
16950.483795735985
17220.090906642843
17497.662947413046
17783.19991804706
18076.701818545815
18378.16864890745
18687.60040913243
19004.997099221684
19330.358719174284
19663.685268992092
20004.97674867185
20354.23315821588
20711.454497623723
21076.64076689584
21449.79196603084
21830.90809502965
22219.989153892267
22617.035142619163
23022.046061209403
24653.40434806794
26386.449290804565
28221.18088942021
30157.59914394468
32195.70405433327
34335.49562063068
36576.973842829466
38920.13872090727
41364.9902548939
43911.52844475955
46559.75329053402
49309.66479218751
52161.26294974983
55114.54776318371
58169.51923251897
61326.17735774815
64584.5221388638
67944.55357588828
71406.27166879177
74969.67641760409
78634.76782228798
82401.54588288814
86270.01059935987
90240.16197174788
94311.99999999255
