146
1316
475
549
393
305
677
22
283
25
1320
904
836
383
286
1168
271
305
1908
42
2016
543
7165
880
627
2115
7114
1879
1321
617
255
3631
808
641
524
151
500
10587
185
144
580
1457
181
423
930
3080
140
182
178
1081
670
388
781
172
134
12
12
215
574
204
598
782
391
627
714
433
877
351
894
757
715
843
930
781
759
419
231
134
781
641
800
716
377
257
625
281
781
631
444
6564
247
825
1214
40
20
465
713
1005
1405
1058
231
324
134
930
2725
904
1019
1670
16
1381
362
10
1628
817
4382
271
30
877
1529
19
404
1817
338
373
203
280
819
540
370
1037
514
36
357
228
57
1371
1704
2240
214
235
200
1047
786
406
267
1164
651
191
403
202
481
162
305
197
1373
254
1521
1
300
1001
758
5
1281
695
442
425
6
726
1443
942
310
529
234
23
424
554
164
454
21
853
26
10
46
697
449
470
313
254
18
2690
29
706
21
2238
334
927
740
22
674
229
24
33
60
15
22
388
389
412
415
22
20
14
51
221
888
251
457
396
25
674
433
710
314
37
218
177
255
849
3013
555
383
237
396
807
18
14
220
129
127
1618
287
281
935
27
427
821
311
635
1096
752
459
417
1009
1139
755
682
426
677
675
675
651
715
614
698
698
692
686
593
698
326
1009
675
251
253
455
307
329
293
289
277
296
293
347
814
740
726
332
51
203
276
15
21
184
22
527
297
300
639
717
328
787
265
720
935
803
308
276
543
1273
1057
1126
401
934
814
50
1119
351
375
331
316
438
533
768
1
1
1072
1
1
304
1101
304
268
250
1178
777
1480
422
647
1267
440
3201
602
548
406
243
761
1092
460
227
1381
445
445
1398
1
692
1291
801
881
588
283
15
22
884
55
23
1226
585
402
496
470
620
337
382
727
306
332
177
193
451
245
1917
678
639
815
1676
565
1381
262
580
1919
238
812
61
1357
804
380
12
196
23
299
2299
735
8
720
510
209
247
289
79
247
88
152
1911
11
1943
2146
717
837
9
7
306
1456
737
370
313
13
512
16
255
543
1723
296
224
311
14
7
272
1111
198
1
219
305
5
222
2225
833
236
242
318
290
1570
819
643
600
1382
230
599
596
903
27
1100
1100
819
477
402
3700
15
1
1209
1120
28
751
364
645
29
949
438
421
954
943
411
1005
270
482
442
324
3543
24
354
658
418
258
930
792
288
43
24
1807
706
323
233
948
37
258
269
582
41
1692
285
769
293
293
580
590
55
45
330
64
134
32
44
30
443
412
39
402
583
279
305
34
330
285
57
42
42
658
909
1384
70
45
812
54
870
287
1044
706
24
48
304
2741
285
618
37
85
752
193
536
1
374
30
2010
587
407
312
27
51
376
168
803
1
285
342
359
297
257
295
37
243
350
516
510
475
51
553
289
68
48
222
58
59
212
515
245
317
1968
1025
317
46
872
54
88
169
991
456
939
288
339
885
1749
1374
330
48
101
424
347
33
2974
43
295
35
1241
139
340
644
171
252
183
472
623
767
163
324
733
182
825
1632
273
3
456
1638
330
342
255
970
1107
739
1647
603
156
216
35
28
231
623
377
392
1070
836
290
407
1202
1448
2271
317
1612
251
1697
418
367
1
1
253
345
345
409
531
966
