1.0000000000000002
1.7123367225389061
2.4245830572604534
3.1367390041646424
3.8488045632514716
4.560779734520943
5.272664517973055
5.984458913607808
6.696162921425203
7.407776541425239
8.119299773607917
8.830732617973235
9.542075074521193
10.253327143251795
10.964488824165036
11.67556011726092
12.386541022539445
13.097431540000612
13.808231669644417
14.518941411470866
15.229560765479956
15.940089731671687
16.65052831004606
17.360876500603073
18.07113430334273
18.781301718265027
19.491378745369964
20.201365384657542
20.91126163612776
21.621067499780626
22.330782975616124
23.04040806363427
23.749942763835055
24.45938707621848
25.168741000784546
25.878004537533258
26.587177686464607
27.296260447578597
28.005252820875228
28.7141548063545
29.422966404016417
30.131687613860972
30.84031843588817
31.54885887009801
32.257308916490494
32.965668575065614
33.673937845823374
34.382116728763776
35.09020522388683
35.79820333119251
36.50611105068084
37.21392838235181
37.92165532620542
38.62929188224167
39.33683805046057
40.0442938308621
40.751659223446275
41.45893422821309
42.16611884516255
42.87321307429465
43.580216915609384
44.28713036910677
44.993953434786796
45.70068611264946
46.40732840269476
47.11388030492271
47.8203418193333
48.526712945926526
49.23299368470239
49.93918403566091
50.645283998802064
51.351293574125854
52.057212761632286
52.763041561321366
53.46877997319308
54.17442799724744
54.879985633484445
55.58545288190408
56.29082974250637
56.996116215291295
57.701312300258856
58.406417997409065
59.11143330674191
59.81635822825741
60.52119276195553
61.22593690783631
61.930590665899715
62.63515403614578
63.33962701857447
64.0440096131858
64.74830181997979
65.4525036389564
66.15661507011566
66.86063611345756
67.5645667689821
68.26840703668928
68.97215691657912
69.6758164086516
70.37938551290671
71.08286422934448
71.78625255796487
72.48955049876791
73.1927580517536
73.89587521692192
74.59890199427288
75.30183838380648
76.00468438552274
76.70743999942161
77.41010522550314
78.1126800637673
78.81516451421412
79.51755857684358
80.21986225165567
80.9220755386504
81.62419843782779
82.32623094918779
83.02817307273045
83.73002480845577
84.43178615636369
85.13345711645428
85.83503768872751
86.53652787318336
87.23792766982187
87.93923707864303
88.6404560996468
89.34158473283324
90.0426229782023
90.74357083575401
91.44442830548837
92.14519538740537
92.84587208150501
93.54645838778728
94.24695430625219
94.94735983689976
95.64767497972997
96.3478997347428
97.04803410193828
97.74807808131642
98.44803167287718
99.14789487662058
99.84766769254664
100.54735012065532
101.24694216094666
101.94644381342061
102.64585507807723
103.3451759549165
104.04440644393839
104.74354654514293
105.44259625853012
106.14155558409992
106.84042452185238
107.5392030717875
108.23789123390523
108.93648900820563
109.63499639468866
110.3334133933543
111.03174000420263
111.72997622723358
112.42812206244716
113.1261775098434
113.82414256942228
114.52201724118379
115.21980152512795
115.91749542125474
116.61509892956418
117.31261205005626
118.01003478273098
118.70736712758834
119.40460908462835
120.10176065385099
120.79882183525628
121.49579262884421
122.19267303461477
122.88946305256799
123.58616268270384
124.28277192502233
124.97929077952347
125.67571924620725
126.37205732507365
127.06830501612272
127.76446231935442
128.46052923476876
129.15650576236573
129.85239190214537
130.54818765410764
131.24389301825252
131.93950799458008
132.63503258309026
133.3304667837831
134.02581059665854
134.72106402171664
135.41622705895742
136.1112997083808
136.80628196998683
137.50117384377552
138.19597532974683
138.8906864279008
139.5853071382374
140.27983746075665
140.97427739545853
141.66862694234305
142.36288610141023
143.05705487266002
143.7511332560925
144.44512125170755
145.13901885950528
145.83282607948567
146.52654291164868
147.22016935599433
147.91370541252263
148.60715108123355
149.30050636212712
149.99377125520337
150.68694576046224
151.38002987790372
152.0730236075279
152.76592694933464
153.45873990332407
154.15146246949615
154.84409464785085
155.5366364383882
156.2290878411082
156.92144885601084
157.6137194830961
158.305899722364
158.99798957381458
159.68998903744776
160.3818981132636
161.0737168012621
161.7654451014432
162.45708301380697
163.1486305383534
163.84008767508243
164.5314544239941
165.22273078508843
165.9139167583654
166.605012343825
167.29601754146728
167.98693235129215
168.67775677329968
169.36849080748988
170.05913445386267
170.74968771241814
171.44015058315625
172.13052306607696
172.82080516118035
173.51099686846638
174.20109818793503
174.89110911958633
175.5810296634203
176.27085981943688
176.9605995876361
177.650248968018
178.3398079605825
179.02927656532964
179.71865478225945
180.40794261137188
181.09714005266693
181.78624710614469
182.47526377180503
183.16419004964803
183.85302593967364
184.54177144188196
185.23042655627287
185.91899128284643
186.60746562160264
187.2958495725415
187.98414313566298
188.67234631096713
189.36045909845387
190.0484814981233
190.73641350997536
191.42425513401005
192.11200637022736
192.79966721862738
193.48723767920998
194.17471775197524
194.86210743692314
195.5494067340537
196.23661564336686
196.9237341648627
197.61076229854115
198.29770004440226
198.98454740244603
199.6713043726724
200.35797095508144
201.04454714967312
201.73103295644742
202.41742837540437
203.103733406544
203.7899480498662
204.47607230537108
205.16210617305862
205.84804965292878
206.53390274498156
207.21966544921705
207.90533776563512
208.59091969423582
209.2764112350192
209.96181238798522
210.64712315313386
211.33234353046515
212.0174735199791
212.70251312167565
213.38746233555486
214.07232116161674
214.75708959986125
215.44176765028837
216.12635531289817
216.81085258769056
217.49525947466563
218.17957597382335
218.86380208516368
219.54793780868667
220.2319831443923
220.91593809228058
221.59980265235149
222.28357682460503
222.96726060904123
223.65085400566005
224.33435701446155
225.01776963544566
225.70109186861242
226.38432371396183
227.06746517149386
227.75051624120854
228.43347692310587
229.11634721718582
229.79912712344841
230.4818166418937
231.16441577252158
231.8469245153321
232.52934287032528
233.2116708375011
233.89390841685952
234.57605560840062
235.25811241212438
235.94007882803075
236.62195485611974
237.30374049639144
237.98543574884573
238.66704061348264
239.34855509030226
240.02997917930446
240.71131288048932
241.39255619385685
242.073709119407
242.75477165713977
243.43574380705522
244.11662556915329
244.797416943434
245.47811792989737
246.15872852854335
246.83924873937198
247.5196785623833
248.2000179975772
248.88026704495374
249.56042570451297
250.2404939762548
250.92047186017928
251.60035935628642
252.28015646457615
252.9598631850486
253.63947951770365
254.3190054625413
254.99844101956165
255.67778618876466
256.35704097015025
257.0362053637185
257.71527936946944
258.3942629874029
259.0731562175191
259.751959059818
260.4306715142994
261.1092935809635
261.7878252598103
262.46626655083963
263.1446174540517
263.8228779694464
264.5010480970236
265.1791278367836
265.8571171887262
266.5350161528514
267.2128247291593
267.89054291764984
268.56817071832296
269.2457081311788
269.92315515621726
270.6005117934383
271.27777804284204
271.9549539044284
272.63203937819736
273.309034464149
273.98593916228333
274.66275347260023
275.33947739509983
276.0161109297821
276.6926540766469
277.36910683569437
278.04546920692457
278.7217411903373
279.39792278593274
280.0740139937108
280.75001481367144
281.4259252458148
282.1017452901408
282.7774749466494
283.4531142153407
284.1286630962146
284.8041215892711
285.47948969451033
286.1547674119322
286.82995474153665
287.50505168332376
288.1800582372935
288.8549744034459
289.52980018178096
290.20453557229865
290.87918057499894
291.55373518988193
292.2281994169475
292.90257325619575
293.57685670762663
294.25104977124016
294.92515244703634
295.59916473501517
296.2730866351765
296.94691814752065
297.6206592720474
298.2943100087567
298.9678703576488
299.64134031872345
300.3147198919807
300.98800907742066
301.66120787504326
302.33431628484846
303.00733430683636
303.68026194100685
304.35309918736
305.0258460458958
305.6985025166142
306.37106859951524
307.043544294599
307.71592960186535
308.3882245213143
309.06042905294595
309.7325431967603
310.40456695275714
311.0765003209367
311.7483433012989
312.4200958938437
313.09175809857123
313.7633299154814
314.4348113445741
315.10620238584954
315.7775030393076
316.4487133049482
317.1198331827716
317.79086267277756
318.46180177496615
319.13265048933744
319.8034088158913
320.47407675462784
321.144654305547
321.81514146864885
322.48553824393326
323.1558446314004
323.82606063105015
324.4961862428825
325.1662214668975
325.83616630309524
326.5060207514755
327.17578481203844
327.8454584847841
328.5150417697123
329.18453466682314
329.8539371761167
330.5232492975928
331.1924710312516
331.86160237709305
332.53064333511713
333.19959390532387
333.86845408771325
334.5372238822852
335.20590328903984
335.87449230797716
336.5429909390971
337.21139918239965
337.87971703788486
338.54794450555266
339.2160815854032
339.88412827743633
340.5520845816521
341.2199504980505
341.8877260266316
342.5554111673952
343.2230059203416
343.8905102854706
344.5579242627822
345.2252478522765
345.89248105395677
347.3029043699578
348.71915985194335
350.14124749991356
351.56916731386843
353.00291929380774
354.4425034397316
355.88791975163997
357.339168229533
358.7962488734105
360.25916168327285
361.7279066591195
363.20248380095074
364.6828931087665
366.1691345825669
367.6612082223519
369.1591140281215
370.66285199987556
372.17242213761415
373.6878244413374
375.2090589110453
376.73612554673764
378.26902434841463
379.80775531607617
381.35231844972213
382.90271374935276
384.4589412149679
386.02100084656763
387.5888926441521
389.1626166077209
390.74217273727436
392.32756103281235
393.9187814943349
395.515834121842
397.11871891533383
398.7274358748101
400.34198500027094
401.9623662917164
403.58857974914633
405.2206253725609
406.85850316196013
408.5022131173437
410.151755238712
411.8071295260647
413.468335979402
415.13537459872396
416.80824538403056
418.4869483353216
420.17148345259716
421.8618507358574
423.55805018510205
425.26008180033136
426.96794558154545
428.68164152874385
430.4011696419269
432.1265299210945
433.85772236624666
435.59474697738335
437.3376037545047
439.0862926976106
440.8408138067009
442.6011670817759
444.3673525228354
446.13937012987947
447.9172199029083
449.70090184192145
451.49041594691926
453.2857622179016
455.0869406548685
456.89395125782005
458.70679402675626
460.5254689616769
462.3499760625821
464.1803153294718
466.0164867623462
467.858490361205
469.70632612604857
471.5599940568766
473.41949415368913
475.28482641648634
477.155990845268
479.0329874400343
480.91581620078523
482.8044771275206
484.69897022024054
486.5992954789451
488.50545290363414
490.4174424943078
492.33526425096625
494.2589181736091
496.1884042622364
498.1237225168484
500.0648729374449
502.0118555240258
503.96467027659173
505.92331719514186
507.88779627967665
509.85810753019587
511.83425094669974
513.8162265291883
515.8040342776585
517.1663577718832
518.5220121168402
519.8709973125292
521.2133133589512
522.5489602561054
523.8779380039921
525.2002466026115
526.515886051963
527.8248563520465
529.1271575028629
530.4227895044119
531.7117523566931
532.994046059707
534.2696706134525
535.5386260179309
536.8009122731421
538.0565293790855
539.3054773357612
540.5477561431696
541.7833658013099
543.012306310183
544.2345776697885
545.4501798801266
546.6591129411968
547.8613768529995
549.0569716155346
550.2458972288023
551.428153692802
552.6037410075351
553.7726591729997
554.9349081891969
556.0904880561266
557.2393987737887
558.3816403421833
559.5172127613105
560.6461160311696
561.7683501517613
562.8839151230859
563.992810945143
565.0950376179317
566.1905951414537
567.2794835157074
568.3617027406935
569.4372528164131
570.5061337428642
571.5683455200478
572.623888147964
573.6727616266126
574.7149659559936
575.7505011361072
576.7793671669529
577.801564048531
578.8170917808416
579.8259503638847
580.8281397976602
581.8236600821683
582.8125112174089
583.794693203381
584.7702060400866
585.7390497275246
586.7012242656947
587.6567296545973
588.6055658942323
589.547732984599
590.483230925699
591.4120597175315
592.3342193600961
593.2497098533931
594.1585311974231
595.0606833921847
595.9561664376788
596.8449803339058
597.7271250808653
598.6026006785569
599.4714071269805
600.333544426137
601.189012576026
602.0378115766475
602.8799414280011
603.7154021300876
604.5441936829056
605.3663160864571
606.1817693407402
606.9905534457566
607.7926684015047
608.5881142079852
609.3768908651987
610.1589983731446
610.9344367318226
611.7032059412331
612.4653060013761
613.2207369122507
613.9694986738587
614.7115912861991
615.4470147492716
616.1757690630766
616.8978542276136
617.613270242884
618.322017108886
619.0240948256233
621.4711618311803
623.9462459931756
626.4493473116063
628.980465786477
631.5396014177813
634.1267542055266
636.7419241497055
639.3851112503226
642.0563155073787
644.7555369208694
647.4827754908001
650.2380312171645
653.0213040999697
655.8325941392095
658.6719013348866
661.5392256870027
664.4345671955534
667.3579258605441
670.3093016819703
673.2886946598346
676.2961047941353
679.3315320848751
682.3949765320485
685.486438135661
688.6059168957108
691.753412812197
694.9289258851222
698.132456114482
701.3640035002818
704.6235680425161
707.9111497411905
711.2267485963002
714.5703646078455
717.9419977758316
721.3416481002523
724.7693155811112
728.2250002184064
731.7087020121398
735.2204209623096
738.7601570689185
742.3279103319619
745.9236807514435
749.5474683273624
753.1992730597185
756.8790949485128
760.5869339937417
764.3227901954106
768.0866635535149
771.8785540680574
775.6984617390226
778.695916676963
781.6880370109702
784.6748227410421
787.6562738671796
790.6323903893826
793.6031723076508
796.5686196219849
799.5287323323846
802.4835104388503
805.432953941382
808.3770628399789
811.3158371346408
814.2492768253687
817.1773819121618
820.1001523950208
823.0175882739454
825.929689548936
828.8364562199922
831.7378882871135
834.6339857503008
837.5247486095536
840.4101768648711
843.2902705162551
846.1650295637046
849.0344540072201
851.8985438468007
854.7572990824474
857.6107197141591
860.4588057419369
863.3015571657797
866.1389739856877
868.9710562016626
871.7978038137026
874.6192168218081
877.4352952259792
880.2460390262163
883.051448222519
885.8515228148867
888.6462628033196
891.4356681878189
894.2197389683834
896.9984751450138
899.7718767177103
902.5399436864718
905.3026760512989
908.0600738121921
910.8121369691507
913.5588655221736
916.3002594712634
919.0363188163901
925.4172953372472
931.9360843827963
938.5926859530082
945.387100047883
952.3193266674571
959.3893658117086
966.5972174806375
973.9428816742438
981.4263583925203
989.0476476354888
996.8067494031347
1004.7036636954581
1012.7383905124443
1020.9109298541225
1029.2212817204854
1037.6694461115185
1046.2554230272362
1054.979212467617
1063.8408144326968
1072.8402289224541
1081.9774559368816
1091.2524954759792
1100.6653475397616
1110.2160121282286
1119.904489241373
1129.7307788791877
1139.6948810416943
1149.7967957288784
1160.0365229407398
1170.4140626772787
1180.9294149384805
1191.5825797243742
1202.3735570349527
1213.3023468702086
1224.3689492301273
1235.5733641147453
1246.9155915240335
1258.3956314579991
1270.0134839166494
1281.7691488999553
1293.6626264079605
1305.693916440643
1317.863018998003
1330.1699340800405
1342.6146616867627
1355.197201818155
1367.917554474232
1380.775719654972
1393.771697360411
1406.9054875905204
1412.8965438655068
1418.7399010382142
1424.435559108948
1429.9835180776863
1435.383777944422
1440.6363387091842
1445.741200371951
1450.698362932715
1455.5078263914984
1460.1695907482936
1464.683656003086
1469.0500221558978
1473.2686892067213
1477.3396571555422
1481.2629260023677
1485.0384957472197
1488.6663663900617
1492.1465379309302
1495.4790103698033
1498.6637837066737
1501.7008579415706
1504.590233074472
1507.3319091053709
1509.9258860342889
1512.3721638612187
1514.670742586146
1516.821622209085
1518.824802730036
1520.6802841489916
1522.3880664659664
1523.9481496809458
1525.3605337939225
1525.526901387202
1526.6252188049257
1526.7731011100623
1527.7422047139335
1527.871601730927
1528.7114915209386
1528.8224032497965
1529.5330792259701
1529.625505666685
1530.2069678290063
1530.2809089815637
1530.7331573300253
1530.7886131944542
1531.111647729078
1531.1486183053712
1531.3424390261425
1531.3609243142855
1531.4255312212044
1531.6225434862645
1537.8641939708468
1544.251852840658
1550.7855200957201
1557.4651957360038
1564.2908797615164
1571.2625721722725
1578.3802729682502
1585.6439821494569
1593.0536997158997
1600.6094256676006
1608.3111600045013
1616.1589027266455
1624.1526538340258
1632.2924133266351
1640.578181204466
1649.009957467555
1657.5877421158511
1666.3115351493907
1675.1813365681737
1684.1971463721784
1693.3589645614047
1702.6667911358818
1712.1206260955805
1721.7204694405082
1732.7167919524509
1743.9553129096457
1755.4360323121655
1767.1589501600683
1779.124066453296
1791.3313811918779
1803.7808943758573
1816.4726060051762
1829.4065160798782
1842.582624599905
1856.000931565315
1869.66143697605
1883.5641408321826
1897.70904313364
1912.0961438804807
1926.7254430726898
1941.5969407102239
1956.7106367931556
1972.0665313214122
1987.664624295052
2003.504915714031
2019.5874055783643
2035.9120938880951
2052.4789806431363
2069.288065843575
2077.4922608143534
2085.2581089472224
2092.5856102427642
2099.47476470095
2105.92557232175
2111.9380331051943
2117.512147051195
2122.6479141598975
2127.3453344311856
2131.6044078651466
2135.4251344617223
2138.8075142208836
2141.7515471426887
2142.888888889458
2144.2572332271666
2145.205018016073
2146.32457247423
2147.082800305361
2147.9535648839083
2148.5222357572347
2149.144210456201
2149.5233243718394
2149.896509191167
2150.0860661489714
2150.2104610887764
3128.3523357883096
4189.394199170172
5326.014478996396
6538.213175304234
7825.990288056433
9189.345817260444
10628.27976294607
12142.792125083506
13732.882903687656
15398.552098743618
17139.799710273743
18956.62573824823
20849.03018270433
22817.01304359734
24860.574320957065
26979.714014790952
29174.43212507665
31444.728651829064
33790.60359502584
36212.056954711676
38709.088730834424
41281.69892343134
43929.88753248006
46653.6545579806
49452.9999999702
