-5.128477815712172
-5.126937061224739
-5.120975225096219
-5.116352961633913
-5.104429289376881
-5.096725516939703
-5.078840008554151
-5.068054727142105
-5.0442073826280325
-5.030340592241117
-5.000531411598526
-4.983583112236744
-4.947812095465636
-4.927782287128981
-4.886049434229353
-4.862938116917832
-4.815243427889683
-4.789050601603293
-4.735394076446628
-4.706119741185367
-4.646501379900183
-4.614145535664052
-4.548565338250352
-4.513127985039352
-4.44158595149713
-4.403067089311261
-4.325563219640522
-4.283962848479785
-4.200497142680522
-4.155815262544916
-4.06638772061714
-4.018624331506668
-3.9232349534503648
-3.8723900553650275
-3.7710388411802054
-3.717112434119997
-3.6097993838066564
-3.5527914677715806
-3.4395165813297197
-3.3794271563197746
-3.260190433749395
-3.1970194997645827
-3.071820941065681
-3.0055684981060047
-2.874408103278583
-2.805074151344037
-2.667951920388095
-2.59553645947868
-2.4524523923942176
-2.3769554225099334
-2.2279095192969542
-2.1493310404378043
-1.994323301096303
-1.9126633132622821
-1.7516937377922632
-1.6669522409833704
-1.5000208293848347
-1.4121978236010762
-1.2393045758740193
-1.1484000611153924
-0.9695449772598161
-0.8755589535263226
-0.6907420335422243
-0.5936745008338562
-0.40289574472124556
-0.302746703038018
-0.10600611079687727
-0.0027755601387831064
0.19992686823087702
0.3062389278638449
0.5149031923620209
0.6242967609698482
0.8389228615965525
0.9513979391792518
1.171985875934471
1.2875424624920342
1.5140922353757786
1.6327303309082097
1.8652419399204732
1.9869615444277713
2.225434989568556
2.350236103050726
2.5946713843200273
2.7225540067770666
2.9729511241748865
3.103915255606786
3.360274209133133
3.494319849539899
3.756640639194768
3.8937677885764117
4.162050414359791
4.302259072716289
4.576503534628201
4.719793701959574
5.0
5.146371676306238
5.581992995756288
6.026657660309731
6.480365669966567
6.9431170247267815
7.414911724590382
7.895749769557376
8.385631159627756
8.884555894801537
9.392523975078703
9.909535400459248
10.435590170943186
10.97068828653051
11.514829747221228
12.068014553015331
12.63024270391282
13.201514199913696
13.781829041017964
14.371187227225626
14.969588758536666
15.5770336349511
16.193521856468912
16.819053423090125
17.453628334814717
18.0972465916427
18.74990819357408
19.41161314060883
20.08236143274698
20.76215306998852
21.450988052333443
22.148866379781758
22.855788052333445
23.571753069988546
24.29676143274701
25.030813140608885
25.773908193574137
26.52604659164276
27.2872283348148
28.057453423090216
28.836721856469026
29.625033634951215
30.422388758536812
31.228787227225766
32.04422904101812
32.86871419991387
33.70224270391301
34.54481455301553
35.39642974722143
36.257088286530724
37.12679017094341
38.0055354004595
38.89332397507896
39.7901558948018
40.69603115962803
41.61094976955765
42.534911724590685
43.467917024727086
44.409965669966866
45.36105766031005
46.32119299575663
47.29037167630658
48.268593701959915
49.25585907271663
50.252167788576756
51.25751984954027
52.27191525560717
53.295354006777444
54.32783610305111
55.36936154442817
56.41993033090863
57.47954246249246
58.54819793917969
59.62589676097029
60.71263892786429
61.808424439861696
62.91325329696248
64.02712549916663
65.15004104647416
66.28199993888514
67.42300217639945
68.57304775901716
69.73213668673826
70.90026895956274
72.07744457749064
73.2636635405219
74.45892584865656
75.66323150189461
76.87658050023602
78.09897284368087
79.33040853222909
80.57088756588067
81.82040994463564
83.078975668494
84.3465847374558
85.62323715152094
86.90893291068947
88.2036720149614
89.50745446433673
90.82028025881543
92.14214939839749
93.47306188308298
94.81301771287183
96.16201688776411
97.52005940775976
98.88714527285877
100.26327448306118
101.64844703836698
103.04266293877619
104.44592218428875
105.85822477490471
107.27957071062406
108.70995999144682
110.14939261737295
111.59786858840248
113.05538790453537
114.52195056577169
115.99755657211138
117.48220592355446
118.9758986201009
120.47863466175075
121.99041404850402
123.51123678036063
125.04110285732064
126.58001227938404
128.12796504655083
129.684961158821
131.25100061619457
132.82608341867154
134.4102095662519
136.0033790589356
137.60559189672276
139.21684807961324
140.83714760760716
142.4664904807044
144.10487669890512
145.75230626220917
147.40877917061664
149.07429542412743
150.74885502274165
152.4324579664593
154.1251042552803
155.82679388920468
157.53752686823242
159.25730319236362
160.98612286159818
162.72398587593608
164.47089223537745
166.22684193992217
167.99183498957026
169.76587138432177
171.54895112417665
173.34107420913492
175.1422406391966
176.95245041436164
178.77170353463006
180.6000000000019
182.43733981047706
184.28372296605565
186.1391494667377
188.00361931252303
189.87713250341181
191.75968903940395
193.65128892049944
195.55193214669845
197.46161871800075
199.38034863440643
201.30812189591552
203.244938502528
205.1907984542439
207.14570175106314
209.10964839298578
211.0826383800118
213.0646717121412
215.05574838937406
217.05586841171024
219.06503177914982
221.08323849169278
223.11048854933918
225.14678195208893
227.192118699942
229.2464987928986
231.30992223095848
233.38238901412177
235.46389914238847
237.55445261575852
239.654049434232
241.7626895978089
243.88037310648906
246.0070999602727
248.14287015915977
250.2876837031501
252.44154059224397
254.60444082644108
256.7763844057417
258.95737133014563
261.147401599653
263.3464752142637
265.5545921739778
267.77175247879535
269.9979561287163
272.23320312374057
274.4774934638682
276.73082714909924
278.99320417943375
281.2646245548716
283.5450882754128
285.8345953410574
288.1331457518054
290.44073950765676
292.7573766086116
295.0830570546697
297.4177808458313
299.7615479820962
302.11435846346455
304.47621228993637
306.84710946151137
309.22704997818994
311.6160338399717
314.014061046857
316.4211315988457
318.83724549593774
321.2624027381332
323.69660332543197
326.1398472578342
328.5921345353398
331.05346515794884
333.5238391256612
336.0032564384769
338.4917170963961
340.98922109941867
343.49576844754455
346.01135914077395
348.53599317910664
351.0696705625427
353.6123912910822
356.164155364725
358.72496278347126
361.2948135473209
363.87370765627395
366.46164511033044
369.05862590949016
371.6646500537534
374.27971754312
376.90382837759
379.5369825571633
382.17918008184006
384.8304209516202
387.4907051665038
390.1600327264906
392.83840363158095
395.52581788177457
398.22227547707166
400.9277764174723
403.642320702976
406.3659083335832
409.09853930929387
411.840213630108
414.59093129602536
417.3506923070461
420.11949666317037
422.8973443643978
425.6842354107289
428.48016980216323
431.28514753870087
434.0991686203421
436.9222330470866
439.7543408189345
442.5954919358858
445.44568639794045
448.30492420509853
451.17320535735996
454.0505298547248
456.93689769719305
459.83230888476453
462.73676341743965
465.65026129521806
468.5728025180998
471.504387086085
474.44501499917345
477.3946862573655
480.3534008606608
483.32115880905945
486.29796010256166
489.28380474116705
492.27869272487595
495.2826240536883
498.295598727604
501.31761674662306
504.34867811074537
507.3887828199713
510.4379308743006
513.496122273733
516.5633570182691
519.6396351079085
522.7249565426512
525.8193213224974
528.922729447447
532.0351809174998
535.1566757326561
538.2872138929159
541.426795398279
544.5754202487454
547.7330884443154
550.8997999849885
554.0755548707652
557.2603531016454
560.4541946776287
563.6570795987154
566.8690078649056
570.0899794761992
573.3199944325962
576.5590527340966
579.8071543807002
583.0642993724073
586.3304877092178
589.6057193911319
592.8899944181491
596.1833127902697
599.485674507494
602.7970795698213
606.1175279772522
609.4470197297865
612.785554827424
616.1331332701651
619.4897550580095
622.8554201909574
626.2301286690085
629.613880492163
633.006675660421
636.4085141737822
639.8193960322471
643.2393212358152
646.6682897844867
650.1063016782616
653.5533569171398
657.0094555011216
660.4745974302067
663.9487827043952
667.4320113236869
670.9242832880823
674.4255985975808
677.9359572521828
681.4553592518881
684.9838045966969
688.5212932866092
692.0678253216247
695.6234007017438
699.1880194269659
702.7616814972918
706.3443869127209
709.9361356732533
713.5369277788892
717.1467632296285
720.7656420254712
724.3935641664173
728.0305296524666
731.6765384836194
735.3315906598756
738.9956861812353
742.6688250476984
746.3510072592646
750.0422328159344
753.7425017177075
757.4518139645841
761.1701695565641
764.8975684936472
768.6340107758341
772.3794964031241
776.1340253755177
779.8975976930145
783.6702133556148
787.4518723633184
791.2425747161253
795.0423204140359
798.8511094570497
802.6689418451668
806.4958175783875
810.3317366567114
814.1766990801387
818.0307048486696
821.8937539623037
825.7658464210411
829.6469822248823
833.5371613738265
837.4363838678743
841.3446497070252
845.2619588912797
849.1883114206377
853.1237072950987
857.0681465146635
861.0216290793313
864.9841549891028
868.9557242439777
872.9363368439558
876.9259927890375
880.9246920792224
884.9324347145109
888.9492206949026
892.9750500203976
897.0099226909963
901.0538387066979
905.1067980675033
909.1688007734122
913.2398468244239
917.3199362205395
921.409068961751
923.1001170772993
924.7810282353958
926.4518024360391
928.1124396792302
929.7629399649682
931.4033032932543
933.0335296640874
934.6536190774677
936.2635715333959
937.8633870318713
939.4530655728945
941.0326071564646
942.6020117825828
944.1612794512475
945.71041016246
947.2494039162207
948.7782607125278
950.2969805513826
951.8055634327848
953.3040093567347
954.7923183232319
956.2704903322765
957.7385253838684
959.1964234780075
960.6441846146945
962.0818087939288
963.5092960157103
964.9266462800392
966.3338595869163
967.7309359363398
969.1178753283116
970.4946777628302
971.8613432398965
973.2178717595102
974.5642633216708
975.90051792638
977.2266355736351
978.542616263439
979.8484599957897
981.1441667706881
982.4297365881334
983.7051694481265
984.9704653506674
986.2256242957546
987.4706462833906
988.7055313135729
989.930279386303
991.1448905015804
992.3493646594056
993.5437018597781
994.7279021026984
995.9019653881655
997.0658917161804
998.2196810867422
999.3633334998517
1000.496848955509
1001.6202274537127
1002.733468994465
1003.8365735777638
1004.9295412036113
1006.0123718720047
1007.0850655829468
1008.1476223364357
1009.2000421324715
1010.2423249710555
1011.2744708521864
1012.2964797758655
1013.3083517420914
1014.3100867508651
1015.3016848021857
1016.2831458960541
1017.2544700324697
1018.2156572114332
1019.1667074329434
1020.1076206970015
1021.0383970036069
1021.95903635276
1022.86953874446
1023.7699041787077
1024.6601326555033
1025.5402241748457
1026.4101787367358
1027.2699963411728
1028.1196769881576
1028.9592206776902
1029.7886274097696
1030.6078971843972
1031.4170300015712
1032.2160258612935
1033.004884763563
1033.7836067083795
1034.5521916957437
1035.3106397256556
1036.0589507981144
1036.797124913121
1037.5251620706754
1038.2430622707766
1038.9508255134251
1039.6484517986214
1040.3359411263764
1041.9252623441384
1043.5225053935067
1045.1276702744813
1046.7407569870618
1048.3617655312487
1049.990695907042
1051.6275481144414
1053.2723221534472
1054.925018024059
1056.5856357262774
1058.2541752601019
1059.9306366255328
1061.6150198225696
1063.3073248512128
1065.0075517114624
1066.7157004033181
1068.43177092678
1070.1557632818483
1071.8876774685227
1073.6275134868035
1075.3752713366907
1077.1309510181839
1078.8945525312834
1080.6660758759892
1082.4455210523013
1084.2328880602195
1086.028176899744
1087.8313875708745
1089.6425200736116
1091.461574407955
1093.2885505739046
1095.1234485714604
1096.9662684006223
1098.8170100613909
1100.6756735537651
1102.542258877746
1104.416766033333
1106.2991950205264
1108.1895458393258
1110.0878184897317
1111.9940129717438
1113.9081292853623
1115.8301674305867
1117.7601274074175
1119.6980092158547
1121.6438128558977
1123.5975383275472
1125.5591856308033
1127.5287547656653
1129.5062457321333
1131.491658530208
1133.4849931598887
1135.486249621176
1137.4954279140693
1139.5125280385691
1141.537549994675
1143.570493782387
1145.6113594017052
1147.6601468526296
1149.7168561351607
1151.781487249298
1153.8540401950413
1155.9345149723908
1158.0229115813468
1160.119230021909
1162.2234702940775
1164.3356323978517
1166.4557163332327
1168.5837221002193
1170.7196496988129
1172.8634991290126
1175.0152703908186
1177.1749634842308
1179.3425784092492
1181.518115165874
1183.7015737541044
1185.8929541739417
1188.0922564253851
1190.2994805084347
1192.5146264230907
1194.737694169353
1196.9686837472213
1199.2075951566962
1201.4544283977766
1203.7091834704638
1205.9718603747574
1208.2424591106571
1210.520979678163
1212.8074220772753
1215.101786307994
1217.4040723703185
1219.7142802642495
1222.032409989786
1224.3584615469294
1226.6924349356793
1229.0343301560354
1231.3841472079976
1233.7418860915661
1236.1075468067409
1238.481129353523
1240.5513679700352
1242.6233647397007
1244.6971196625193
1246.7726327384912
1248.8499039676165
1250.928933349895
1253.0097208853267
1255.092266573912
1257.1765704156503
1259.262632410542
1261.350452558587
1263.440030859785
1265.5313673141366
1267.6244619216413
1269.7193146822995
1271.8159255961107
1273.9142946630755
1276.0144218831933
1278.1163072564646
1280.2199507828889
1282.3253524624665
1284.4325122951977
1286.5414302810818
1288.6521064201197
1290.7645407123105
1292.8787331576546
1294.994683756152
1297.1123925078027
1299.2318594126068
1301.353084470564
1303.4760676816745
1305.6008090459384
1307.7273085633556
1309.8555662339259
1311.9855820576495
1314.1173560345267
1316.250888164557
1318.3861784477403
1320.5232268840773
1322.6620334735674
1324.8025982162108
1326.9449211120073
1329.0890021609573
1331.2348413630605
1333.382438718317
1335.5317942267268
1337.6829078882897
1339.8357797030062
1341.9904096708758
1344.1467977918282
1345.7201240463282
1347.2722743355644
1348.803248659533
1350.3130470182368
1351.801669411676
1353.2691158398484
1354.715386302758
1356.140480800399
1357.5443993327763
1358.9271418998878
1360.2887085017337
1361.6290991383157
1362.9483138096311
1364.2463525156818
1365.5232152564658
1366.7789020319851
1368.0134128422396
1369.2267476872285
1370.4189065669516
1371.589889481409
1372.7396964306008
1373.8683274145296
1374.9757824331919
1376.0620614865875
1377.1271645747183
1378.1710916975835
1379.1938428551848
1380.1954180475195
1381.1758172745886
1382.1350405363928
1383.0730878329305
1383.9899591642052
1384.8856545302133
1385.7601739309557
1386.6135173664325
1387.4456848366435
1388.2566763415925
1389.0464918812731
1389.815131455688
1390.5625950648382
1391.2888827087218
1391.9939943873442
1392.6779301006973
1393.3406898487856
1393.9822736316091
1394.602681449167
1395.201913301461
1395.7799691884875
1396.3368491102492
1396.8725530667543
1399.268801915503
1401.7176677737953
1404.2191506416311
1406.7732505190033
1409.3799674059119
1412.039301302364
1414.7512522083525
1417.515820123881
1420.333005048953
1423.2028069835578
1426.1252259277026
1429.100261881391
1432.1279148446192
1435.2081848173839
1438.3410717996885
1441.5265757915295
1444.764696792914
1448.0554348038386
1451.3987898242995
1454.7947618543003
1458.2433508938448
1461.744556942922
1465.2983800015427
1468.9048200697034
1472.5638771473969
1476.2755512346412
1480.0398423314182
1483.8567504377315
1487.7262755535849
1491.6484176789818
1495.623176813915
1499.650552958392
1503.7305461124051
1507.8631562759583
1512.0483834490515
1516.286227631681
1520.5766888238468
1524.9197670255671
1529.3154622368165
1533.7637744576023
1538.264703687928
1542.8182499277973
1547.424413177203
1552.0831934361486
1556.7945907046415
1561.558604982667
1566.375236270229
1571.2444845673308
1576.1663498739726
1581.1408321902272
1591.2161376155564
1601.5420289170434
1612.1185060947464
1622.945569148651
1634.0232180787425
1645.3514528850064
1656.9302735674719
1668.7596801261388
1680.8396725609928
1693.170250872019
1705.7514150592324
1718.5831651226617
1731.665501062278
1744.9984228780522
1758.5819305700425
1772.4160241382342
1786.500703582613
1800.8359689031495
1815.4218200999167
1830.2582571728562
1845.3452801219828
1860.6828889472818
1876.2710836487968
1892.1098642265133
1908.1992306804168
1924.5391830104782
1941.1297212167556
1957.9708452992345
1975.0625552578858
1992.404851092695
2009.9977328037348
2027.8412003909762
2045.9352538543899
2064.279893193976
2082.875118409778
2101.720929501782
2120.817326469958
2140.1643093143066
2159.761878034871
2179.610032631608
2199.7087731045613
2220.058099453672
2240.658011678999
2261.508509780513
2282.609593758214
2303.9612636120874
2325.5635193421767
2347.416360948453
2369.519788430902
2391.8738017895375
2419.2392213474377
2447.0419256169116
2475.281914598745
2503.95918829288
2533.0737466994324
2562.6255898183736
2592.614717649558
2623.041130193189
2653.9048274491215
2685.2058094174718
2716.9440760981524
2749.1196274911345
2781.7324635965633
2814.7825844143517
2848.2699899443833
2882.1946801868908
2916.5566551416705
2951.355914808897
2986.592459188425
3022.2662882802833
3058.3774020845594
3094.925800601224
3131.911483830103
3169.3344517714577
3207.1947044251137
3268.946844811202
3332.940470142057
3399.1755804171553
3467.652175636962
3538.370255801361
3611.329820910585
3686.5308709644014
3763.9734059629263
3843.657425905927
3925.5829307938693
4009.749920626171
4096.158395403181
4184.808355124784
4275.6997997915605
4368.832729402464
4464.207143958076
4561.82304345828
4661.680427903542
4763.779297293047
4868.119651627378
4974.7014909063
5083.5248151300475
5194.589624298271
5307.895918411086
5423.4436974686105
5574.664370446
5730.698175213765
5891.545111771673
6057.205180117395
6227.678380252328
6402.964712176472
6583.064175889362
6767.976771392394
6957.70249868324
7152.241357763298
7351.593348632567
7555.758471291047
7764.736725737806
7978.528111975174
8197.132630000357
8420.55027981475
8648.781061417889
8881.824974809773
9119.682019991335
9362.352196962573
9609.83550572209
9862.131946270354
10119.241518607829
10381.164222734049
10647.900058650412
11162.672499565408
11700.967570209876
12262.785270581022
12848.125600676984
13456.988560507074
14089.374150063843
14745.282369345427
15424.713218359277
16127.666697101668
16854.14280556701
17604.14154376462
18377.662911692634
19174.7069093436
19995.273536726832
20839.362793838605
21706.974680675194
22598.109197240323
23512.766343537718
24450.946119558066
25412.64852531068
26397.873560791835
27406.621225997806
28438.891520936042
29494.684445599094
30573.999999990687
