1166
260
437
1084
151
245
396
178
268
228
70
165
354
413
177
182
209
140
216
190
985
121
79
343
51
204
245
213
152
871
218
382
447
104
75
177
234
71
166
164
179
191
109
262
103
144
169
163
50
312
188
391
158
114
286
286
140
253
415
274
279
382
69
68
427
1
67
76
75
1980
60
141
834
147
170
100
76
304
819
219
134
203
85
349
762
418
215
231
160
253
161
401
199
130
680
620
182
302
379
160
282
1848
353
430
168
1502
139
554
168
66
181
874
165
72
70
68
185
302
162
305
199
469
68
153
458
173
118
237
100
122
291
254
233
91
267
249
134
487
82
249
533
127
80
77
174
168
251
80
611
1
104
92
210
371
209
71
358
177
174
220
203
229
273
293
122
139
86
254
213
250
270
642
157
268
136
119
232
123
120
1091
302
4132
238
230
119
236
267
81
209
73
69
158
118
722
212
120
171
210
420
233
831
238
377
628
217
84
140
91
1
155
57
55
252
132
144
190
137
947
119
356
99
149
67
117
159
234
183
159
143
200
113
163
136
345
99
66
547
1823
133
52
190
280
180
192
207
331
996
87
129
449
222
156
112
220
92
434
83
220
223
157
733
194
161
377
240
298
238
1446
287
1168
166
74
157
288
204
1158
141
276
256
55
176
85
74
51
178
145
507
235
331
77
229
70
71
80
117
242
183
165
278
141
192
269
209
226
278
88
237
234
83
203
101
102
86
423
175
288
552
140
174
311
78
107
188
148
88
250
103
658
110
639
88
227
86
191
154
355
318
349
175
143
170
215
135
321
123
157
256
150
511
798
136
167
110
203
113
947
98
268
121
5424
96
82
97
226
249
302
215
207
241
306
354
102
198
256
112
329
201
154
150
591
455
82
200
67
197
78
156
192
200
265
493
128
367
117
278
3792
179
220
79
150
233
269
245
324
861
142
236
174
261
212
148
124
812
90
217
118
132
116
267
667
131
111
67
570
153
278
201
134
575
92
1110
193
70
223
60
136
146
304
75
182
100
317
187
222
274
155
131
124
93
144
254
482
265
214
303
219
136
270
63
266
556
270
128
508
5526
328
123
209
58
326
245
396
172
141
86
151
442
75
331
349
210
94
424
50
221
285
95
96
305
93
279
66
372
201
177
233
224
1574
386
432
800
187
100
181
281
279
47
262
84
148
177
163
131
161
433
82
266
60
249
58
121
289
341
913
225
221
52
146
140
1
1124
115
157
177
157
204
1468
231
356
84
120
122
202
199
87
161
492
102
239
233
759
394
327
122
191
1575
99
230
215
232
56
235
1827
296
1769
153
450
4648
269
106
170
101
136
163
237
262
348
111
86
100
257
116
124
173
54
207
298
136
466
65
57
52
101
215
55
52
118
1440
143
177
52
360
141
811
225
153
169
1134
232
271
263
124
53
253
133
417
75
49
92
252
273
75
248
74
1649
278
382
1554
487
202
775
164
503
171
218
416
698
996
89
209
250
322
414
97
201
74
103
128
105
588
608
99
88
78
132
141
84
142
74
81
109
117
395
356
271
871
585
417
354
243
62
244
372
312
43
194
176
184
213
1533
170
62
277
122
1930
180
304
163
65
137
183
261
166
70
70
271
338
68
196
83
160
133
353
197
197
177
310
149
144
179
279
722
430
266
139
174
185
200
163
441
248
317
96
107
168
160
254
292
210
2000
173
284
192
246
174
56
75
479
50
55
57
331
107
506
132
874
222
204
193
201
195
357
166
167
49
505
92
82
167
227
179
324
1193
181
198
172
74
178
60
136
264
222
122
56
400
1766
426
359
132
216
79
198
210
141
220
199
277
421
75
157
117
84
171
200
159
92
142
174
179
209
224
182
204
135
522
59
160
712
91
210
140
318
70
265
53
298
200
149
740
178
187
193
397
200
149
146
180
262
145
122
163
70
93
111
238
99
271
292
237
192
209
89
214
319
212
154
229
48
189
76
70
182
84
169
516
65
175
185
86
110
153
46
92
53
66
237
69
73
85
97
237
77
76
140
47
197
256
219
110
129
189
76
383
143
194
191
89
242
164
197
157
314
235
211
170
264
52
185
313
246
344
104
164
196
388
226
232
216
73
193
264
167
274
141
103
291
102
214
80
4002
71
78
196
161
119
155
227
167
143
243
342
756
79
162
192
168
1
163
60
66
157
234
140
296
257
204
121
244
11831
148
204
256
242
156
337
161
171
127
114
132
97
153
147
215
256
356
189
220
191
110
223
224
174
66
246
155
137
226
146
229
111
192
73
247
129
78
350
116
112
189
252
64
109
210
138
109
73
386
143
392
180
189
173
75
352
340
105
130
252
204
117
343
142
5304
368
225
209
12
149
125
155
229
226
131
140
250
217
59
68
196
140
234
327
120
821
165
115
171
123
211
228
254
278
507
235
433
146
168
175
124
470
81
161
103
200
302
200
102
138
81
158
604
206
161
221
209
146
139
172
1
62
222
207
193
187
433
280
102
69
231
376
83
114
199
92
111
460
68
97
200
81
73
183
937
59
175
77
455
236
258
97
208
133
238
131
207
185
807
169
339
210
81
161
329
186
82
269
260
301
897
73
171
115
255
221
234
106
73
170
378
151
426
256
108
76
99
167
135
47
154
83
106
180
151
86
185
216
162
227
146
289
179
142
103
84
145
176
321
208
180
56
238
410
244
297
513
281
238
251
102
78
950
185
153
232
336
62
96
102
82
255
199
198
110
5772
500
299
145
194
371
99
82
76
162
89
163
177
201
211
246
389
222
97
104
169
156
85
228
51
138
107
717
302
151
152
93
197
356
139
158
217
320
245
71
97
138
157
187
249
238
253
184
381
251
1168
165
57
165
62
179
204
205
94
67
775
159
61
45
175
1134
159
233
154
196
426
127
212
930
103
337
464
184
240
261
49
97
362
116
244
267
81
154
252
197
793
141
1334
835
297
52
64
172
56
650
125
194
91
68
71
172
232
175
157
307
313
221
127
151
62
168
77
437
335
209
933
273
168
71
96
136
79
76
134
61
83
174
198
123
93
197
165
234
185
993
88
168
237
371
88
99
158
87
57
210
127
103
77
97
193
57
170
263
70
167
333
211
299
139
224
214
147
120
440
452
77
519
45
168
97
197
73
149
114
80
105
117
70
175
199
240
211
163
376
75
80
857
215
198
414
223
80
176
305
135
57
195
1063
202
484
81
199
197
208
455
824
327
186
1
155
223
264
293
176
317
2542
424
372
100
199
220
179
137
296
121
226
311
62
108
57
74
161
129
199
207
149
405
46
48
228
160
159
66
68
456
77
271
115
255
114
122
183
216
46
208
165
347
98
175
197
47
457
173
227
168
227
247
261
149
2887
75
283
360
281
127
335
49
199
169
203
269
415
239
300
229
385
277
67
134
76
97
663
71
181
205
258
188
284
123
1204
19
243
221
383
204
173
100
411
112
291
292
365
201
48
132
136
229
174
57
91
192
7736
225
263
169
235
295
64
176
169
449
162
2072
218
94
232
222
156
145
199
406
80
71
119
48
145
190
443
135
274
221
150
279
202
132
80
162
213
277
75
81
159
318
150
271
198
203
138
139
335
226
109
53
113
506
421
164
149
150
120
164
192
62
82
139
51
235
191
194
150
158
100
142
242
89
106
60
153
132
98
111
125
223
254
226
436
306
460
170
129
24
55
311
79
114
378
229
290
303
153
252
86
288
125
121
111
595
259
108
211
175
154
202
149
319
127
149
405
96
55
104
16279
178
264
4623
102
47
77
54
190
284
264
178
151
69
169
146
57
237
312
119
185
199
196
245
70
288
146
314
366
244
174
120
363
356
204
303
354
201
82
242
202
265
196
309
241
89
288
193
491
191
65
182
264
1141
239
157
224
126
119
172
183
89
187
218
199
74
186
288
128
295
161
154
192
478
89
93
350
180
74
380
289
153
73
225
492
87
271
190
278
191
92
272
2373
122
140
133
86
204
192
195
250
208
177
113
184
77
316
230
140
70
163
246
76
285
185
367
103
77
169
187
135
179
345
270
171
136
206
239
334
127
149
219
78
67
321
68
213
220
198
128
73
139
118
157
175
184
173
100
197
284
71
313
64
95
78
59
410
194
157
299
127
53
141
371
158
429
283
88
189
134
132
389
110
92
56
87
232
217
317
205
170
51
210
139
72
175
270
514
262
81
169
235
426
116
75
71
56
60
326
174
243
173
155
144
125
1
168
128
109
58
207
340
591
58
122
176
93
207
131
93
145
98
161
169
128
152
194
316
279
117
105
134
156
276
195
1199
63945
266
164
79
185
97
276
67
208
3238
117
210
273
645
91
165
93
78
147
184
247
287
377
104
82
322
154
189
142
212
465
160
99
152
289
192
480
150
164
400
166
195
180
167
199
159
484
192
236
1970
96
311
142
611
186
171
97
242
88
61
1226
226
83
115
124
217
445
129
193
132
239
71
81
52
214
285
64
72
202
60
63
197
421
209
166
371
222
116
202
51
112
168
250
62
192
86
269
104
380
687
95
116
213
71
133
55
343
82
79
93
168
299
162
255
103
207
196
308
1401
137
278
74
317
326
161
177
1
175
172
188
202
110
1519
285
169
112
61
431
71
313
112
185
163
67
114
51
84
346
428
608
51
77
148
187
377
773
397
305
152
127
356
102
107
288
243
193
253
47
172
176
329
262
203
140
295
68
1345
213
171
228
208
58
264
172
122
180
102
278
80
128
152
297
130
72
166
116
484
235
465
54
63
4343
259
80
1123
78
246
211
195
84
247
263
116
1116
87
227
233
91
164
96
166
224
268
365
319
294
131
180
204
275
207
152
176
85
232
153
319
178
124
48
79
72
601
194
59
273
97
193
249
73
170
208
378
179
768
200
163
98
120
252
124
714
218
1043
172
87
160
78
75
127
77
276
430
350
150
303
82
1996
2345
173
201
74
295
182
93
133
78
206
139
69
199
212
166
226
100
251
293
85
158
188
469
108
120
232
242
184
258
186
199
152
228
186
154
303
164
155
225
166
56
103
75
177
69
76
1
147
151
143
251
205
74
82
158
626
154
141
215
238
106
329
247
479
293
197
230
122
83
254
131
289
95
255
208
49
444
101
126
459
217
165
253
221
276
152
203
491
79
350
223
116
194
173
199
176
185
193
94
197
126
204
326
109
208
227
109
383
189
434
314
192
1070
50
98
178
92
123
126
75
533
127
49
177
75
172
63
188
244
73
166
468
93
921
205
540
149
86
155
148
338
103
190
196
148
55
2487
164
271
72
214
269
191
52
157
150
74
128
105
196
78
122
273
108
164
206
91
96
86
231
165
153
1421
78
245
76
181
1239
71
735
195
102
83
212
202
223
204
584
231
138
71
193
208
676
54
103
211
1542
64
112
209
179
179
317
173
154
107
453
329
210
111
215
203
59
139
305
140
221
266
172
182
58
268
153
171
175
157
193
146
159
195
551
319
131
174
54
155
126
246
199
88
178
78
103
180
75
270
78
269
315
107
142
216
148
346
461
393
159
322
79
62
290
228
139
211
254
79
207
226
160
166
99
321
256
166
170
233
216
239
156
131
177
121
167
230
123
182
140
280
244
216
1978
220
219
216
329
124
281
183
72
200
155
213
528
74
122
207
139
333
4735
180
320
93
152
152
343
180
132
588
421
208
506
121
819
150
63
68
358
86
66
291
85
249
347
186
217
1572
153
256
221
54
111
157
436
251
87
204
184
324
349
201
197
178
138
212
154
327
293
367
178
719
50
115
80
156
357
377
95
449
240
1212
369
234
61
228
362
155
334
281
670
518
183
333
296
80
280
123
495
54
181
212
95
188
132
185
236
114
720
216
128
256
102
88
202
140
159
302
117
60
104
266
251
353
152
201
273
251
138
176
87
238
2444
169
110
155
215
374
1607
780
266
105
124
1066
637
1661
158
271
477
103
212
889
1219
1760
86
230
96
1702
1676
220
228
91
628
121
1
209
67
230
175
274
165
216
305
244
433
179
357
146
203
288
80
260
78
57
419
402
65
157
290
110
68
172
227
316
184
265
211
123
92
387
152
52
432
164
171
209
235
224
467
140
190
153
242
210
452
287
78
78
189
190
208
237
140
297
244
1416
22045
194
301
342
165
129
86
416
250
191
195
201
228
219
230
231
73
157
167
150
113
206
247
90
58
272
168
185
124
241
233
188
187
44
310
149
165
227
138
130
96
88
249
105
149
50
222
295
216
181
187
555
374
76
218
74
159
197
104
74
185
177
164
59
201
58
194
281
455
74
79
247
405
50
66380
122
263
194
435
677
756
100
297
69
123
113
164
268
184
232
252
52
276
201
121
281
84
372
261
332
173
65
300
161
318
155
202
215
619
52
218
262
381
233
237
272
106
147
275
133
223
879
275
169
228
221
137
129
339
166
241
242
223
1
120
168
105
169
328
184
205
222
223
225
104
175
446
1288
713
104
55
357
193
186
92
263
66
137
172
215
256
100
310
130
191
3097
74
205
240
225
156
611
86
76
293
153
206
232
83
177
67
136
401
93
237
227
77
270
4542
9103
145
272
273
150
100
214
166
142
2201
153
41838
192
274
188
71
159
210
105
222
215
263
81
136
48
90
88
213
311
104
382
124
158
154
257
79
66
99
524
48
195
342
174
122
458
315
353
172
72
349
156
223
344
174
197
353
549
348
967
100
79
277
593
188
253
217
187
181
134
159
184
21707
1261
367
360
189
807
1
50
262
448
240
208
90
53
105
260
558
129
610
254
187
179
147
58
72
120
150
120
148
292
245
3167
163
190
181
171
658
165
227
155
359
69
195
240
43
94
287
175
265
302
276
2502
547
259
159
210
183
158
223
56
57
268
59
194
207
186
307
107
233
319
223
173
288
181
167
207
187
207
293
189
860
130
66
154
195
120
143
201
185
169
379
119
325
192
148
68
178
70
267
119
70
851
157
322
434
139
252
80
318
161
334
349
225
112
408
57
249
131
170
47
164
169
345
182
147
341
85
480
216
317
58
195
336
114
241
136
53
48
176
206
324
364
258
278
134
97
357
399
165
263
222
197
162
95
200
316
73
64
82
1
210
381
301
44
219
175
129
331
168
467
106
96
74
118
135
105
63
270
258
402
325
300
152
476
738
69
385
147
536
98
223
594
172
130
120
284
237
598
100
158
187
3770
203
145
79
151
1690
186
275
239
363
228
7117
293
80
161
304
217
367
188
1170
289
174
211
208
161
82
164
319
72
1424
69
81
306
318
528
214
257
291
225
133
265
66
68
200
460
212
103
127
652
83
155
206
218
162
225
295
1060
112
186
49
207
171
208
191
147
182
278
90
177
284
334
305
124
348
157
243
265
112
237
236
169
202
114
195
151
226
84
142
209
239
220
467
258
161
94
72
219
252
223
388
175
148
136
114
139
69
175
227
177
74
71
240
134
184
359
320
402
322
274
1225
138
262
121
161
199
245
277
186
145
236
226
87
157
251
170
402
483
128
228
158
740
272
112
138
392
69
305
133
53
229
92
263
137
793
238
217
883
183
175
103
177
193
131
268
576
286
289
163
155
140
170
64
252
298
202
105
135
202
257
215
148
253
1423
239
60
128
75
211
120
70
61
212
156
84
205
166
144
249
193
118
248
212
107
77
405
129
189
431
135
149
131
1
137
380
188
358
175
263
176
324
134
92
116
218
71
153
284
309
326
66
102
1667
335
150
1
172
266
260
49
253
259
296
136
74
125
204
168
181
240
50
276
181
221
318
435
485
254
75
188
184
219
184
742
430
289
127
546
213
139
257
253
180
153
231
219
75
241
220
198
164
299
1440
142
126
62
95
190
206
103
187
176
284
324
689
154
146
299
165
287
69
241
84
112
335
374
380
169
80
160
820
862
213
186
514
58
171
141
306
190
214
188
219
216
109
112
85
331
177
278
325
186
187
77
165
309
75
213
313
190
93
172
279
48
82
197
76
200
139
92
505
175
209
255
191
347
1097
211
246
195
98
225
133
289
177
187
470
176
180
1032
139
186
180
83
235
150
2520
223
333
145
87
198
256
149
340
196
1084
54
120
282
173
2365
133
289
376
110
79
97
267
116
185
133
177
267
101
146
312
51
144
245
189
113
146
477
155
173
146
83
207
172
312
133
152
109
344
310
106
77
340
281
150
127
323
88
169
640
116
1380
302
166
217
3609
458
147
2846
76
267
151
359
52
88
164
105
235
320
193
1
136
147
11538
194
257
94
86
277
238
301
295
135
156
141
173
250
82
226
195
370
203
763
1155
84
188
92
114
187
1317
146
115
149
192
100
131
170
299
65
301
945
367
148
73
153
270
167
96
157
86
146
192
261
70
1083
1306
395
122
263
80
227
164
138
71
296
238
208
167
76
203
202
257
438
185
178
322
149
278
349
176
227
183
314
126
155
66
194
171
317
263
252
209
129
184
221
314
231
96
187
711
341
262
169
224
374
196
233
314
190
212
323
160
74
74
927
226
208
188
106
274
232
84
141
309
201
237
255
194
357
906
268
142
200
181
89
279
284
236
204
87
117
71
153
143
121
230
162
185
202
109
78
891
561
87
30
220
239
339
150
259
173
168
228
369
76
362
339
391
754
168
536
121
113
304
160
223
158
180
268
200
147
100
141
83
442
49
446
517
160
348
275
218
227
3298
226
243
90
337
257
222
291
270
382
480
69
170
127
142
303
215
2260
168
69
206
103
251
164
80
251
170
185
760
161
64
437
67
88
75
171
253
335
198
297
706
220
182
230
1446
80
460
185
349
77
197
139
196
347
444
94
68
360
161
180
165
189
148
144
315
219
176
202
205
177
194
208
59
154
45
2054
279
348
150
350
427
211
263
335
83
201
399
212
207
124
64
206
260
116
100
188
347
111
355
387
306
887
88
432
161
75
233
299
678
66
104
164
211
86
217
174
154
435
327
210
296
166
161
229
217
260
67
83
322
272
493
82
62
400
236
210
733
203
345
604
327
193
407
1434
334
67
329
94
128
1141
47
224
1160
230
55
155
67
234
207
228
126
64
233
350
219
271
293
262
114
71
142
73
75
218
86
406
138
4177
616
51
83
309
236
186
198
3
139
93
70
179
196
224
269
106
152
131
124
81
528
634
101
235
147
1087
362
235
349
123
69
56
105
1585
124
62
127
63
128
166
249
210
232
187
216
178
143
222
2283
509
116
95
205
215
158
155
512
282
186
195
326
870
243
473
86
775
230
124
83
146
187
77
74
73
135
183
209
595
850
1098
67
93
260
863
264
219
350
180
225
272
171
149
192
90
191
286
112
80
175
255
299
177
215
235
76
243
83
291
92
185
118
363
161
256
241
193
221
150
168
228
160
279
112
188
497
142
136
676
172
77
243
384
187
70
176
240
221
155
53
199
230
232
5355
153
382
199
481
253
153
64
225
189
116
301
265
231
399
108
106
291
595
233
146
202
279
388
233
193
383
202
184
292
266
128
194
181
189
188
682
230
185
485
175
234
149
147
156
165
223
728
172
195
131
340
129
179
296
131
201
66
88
114
432
2647
82
185
203
325
743
64
716
109
161
1
357
594
235
266
262
199
381
227
341
292
125
245
1555
142
404
556
160
60
182
1235
187
73
217
334
194
208
261
97
1129
173
208
188
208
373
749
160
51
384
266
270
57
166
186
147
205
378
237
75
245
114
61
66
209
154
412
406
183
188
95
249
198
185
1939
196
457
377
167
235
195
326
229
70
318
54
322
64
105
607
58
141
197
69
99
172
86
133
217
237
359
1098
54
129
384
203
90
101
148
192
314
469
256
179
352
415
76
447
95
127
324
195
310
185
106
830
110
88
178
181
143
137
219
205
312
304
104
191
163
444
143
522
205
223
199
678
1289
89
168
2571
473
300
193
203
364
230
60
4170
185
266
185
61
94
382
262
154
218
255
226
296
256
222
131
111
133
428
555
331
158
100
190
224
89
636
63
185
80
483
196
221
105
293
8656
362
131
176
155
140
1822
263
369
76
161
291
269
195
206
128
354
99
1880
237
99
258
120
248
112
315
225
212
294
192
258
404
158
523
613
217
304
261
69
184
4211
191
117
65
865
261
61
194
79
276
100
205
573
199
182
140
310
298
2250
300
345
166
243
353
476
384
157
245
240
246
278
78
175
237
243
123
401
704
141
103
989
118
123
257
340
201
310
134
173
211
169
69
218
183
425
93
213
258
349
1275
185
252
252
134
208
202
267
205
184
45
134
640
251
75
602
264
151
361
263
182
166
181
654
244
416
229
210
257
225
207
772
1
252
343
139
58
309
448
193
99
124
224
271
283
107
112
433
183
91
253
74
132
327
96
304
306
175
91
714
181
159
252
1939
190
767
84
160
254
197
135
134
97
197
416
300
163
272
187
102
261
114
155
94
172
141
251
173
238
219
148
220
161
159
92
205
210
176
145
430
303
97
342
1154
201
150
197
263
171
202
179
170
301
190
267
202
114
94
256
59
6104
89
60
210
358
106
151
122
124
299
53
1652
247
241
109
247
74
162
147
62
98
223
146
128
194
114
185
157
323
224
278
212
101
99
94
287
141
261
118
331
1158
214
241
150
240
126
83
136
450
324
222
125
56
46
227
188
278
211
169
118
237
132
133
223
347
181
213
69
395
205
443
142
172
154
177
163
235
1247
296
316
791
44256
73
278
195
289
189
229
223
200
279
84
227
126
108
374
93
194
261
213
190
208
200
212
348
142
172
88
154
160
1240
206
306
283
236
212
256
49
168
78
274
82
308
415
227
120
154
409
251
469
90
134
249
94
141
399
210
118
444
182
230
82
929
140
235
524
258
46
285
104
106
186
327
277
258
163
273
2145
362
56
217
307
83
91
235
81
221
203
218
76
164
181
207
277
98
338
207
116
223
182
228
1
184
219
331
192
184
105
266
70
117
102
409
83
188
71
309
235
89
388
134
452
278
206
68
204
203
441
150
108
167
268
238
959
1193
247
104
352
223
687
124
152
149
191
119
203
94
70
199
350
184
405
142
46
139
275
127
58
151
212
292
300
179
683
419
149
232
269
158
228
366
60
280
172
248
309
99
242
218
205
205
130
250
335
131
80
246
383
170
715
49
288
180
293
377
173
66
163
343
171
150
500
196
157
1352
136
138
190
362
330
250
138
309
57
250
93
179
202
127
398
192
213
211
393
569
272
155
126
753
278
190
141
313
191
233
169
112
133
291
106
182
462
231
136
266
293
386
46
205
195
246
292
190
122
177
297
328
248
47
172
409
88
80
234
159
245
308
164
96
71
236
917
489
381
490
268
160
151
75
70
176
170
63
238
338
5335
82
188
659
142
104
192
253
89
50
310
77
124
293
83
126
389
730
2151
464
220
232
188
178
228
191
86
133
217
1425
204
194
192
385
321
169
252
385
108
87
184
151
140
223
253
179
291
236
160
223
150
332
203
234
219
325
97
222
235
137
187
186
232
441
86
245
824
228
126
183
185
76
314
126
83
209
186
211
204
184
212
162
85
225
168
120
297
299
117
181
345
306
295
928
525
179
173
144
319
99
324
181
568
85
166
216
238
86
203
136
188
279
602
90
163
64
145
154
231
107
271
221
157
424
136
126
312
506
315
218
2636
80
67
61
92
160
165
59
673
587
165
448
316
475
75
160
242
140
247
239
163
272
116
255
203
253
74
192
58
227
113
270
308
119
178
148
245
3333
415
174
166
128
72
171
85
470
127
315
247
311
168
327
203
72
153
83
415
230
139
71
146
153
217
188
323
1
238
199
102
121
219
67
287
1235
250
245
52
86
254
119
68
393
1779
522
1643
217
82
211
162
264
113
184
109
78
333
194
188
233
76
75
141
106
242
308
192
149
79
1553
143
164
506
666
261
149
70
166
221
152
53
107
74
179
85
169
517
286
54
166
227
484
366
182
167
3
387
182
276
158
194
171
110
431
564
70
182
249
79
115
336
308
180
326
195
93
295
159
111
2722
240
270
215
334
130
250
301
65
179
284
54
79
283
882
298
219
349
238
290
156
283
138
729
196
314
282
125
1443
80
102
52
441
378
160
313
220
322
101
95
333
176
217
255
80
200
121
155
396
232
998
559
194
12624
173
98
63
155
951
272
271
364
343
332
176
239
90
205
302
173
98
333
407
208
239
69
278
184
199
121
148
145
375
180
90
83
396
277
132
240
122
190
396
170
222
191
268
378
281
765
221
155
260
112
244
149
435
131
98
948
116
128
198
74
207
251
215
227
202
1186
207
76
85
340
158
224
388
178
163
171
230
232
137
114
136
152
81
313
225
62
148
67
140
130
69
176
62
73
324
210
225
242
151
202
234
125
164
224
99
236
57
214
110
109
250
227
84
127
178
120
254
257
79
700
668
268
297
219
329
243
248
148
198
304
239
174
55
2217
296
91
170
442
233
245
83
252
72
180
133
2220
278
229
316
357
388
219
91
132
214
183
267
207
94
151
175
67
206
276
250
199
232
124
588
137
201
170
266
223
199
182
322
58
90
168
105
284
344
1241
263
69
118
91
1624
100
248
217
253
1458
186
198
140
180
184
160
189
246
104
419
268
343
192
114
143
168
222
271
1279
175
481
180
333
4665
163
1220
490
284
58
226
263
276
214
296
397
169
165
102
178
322
70
241
304
248
341
279
282
68
258
212
316
434
1149
195
243
695
61
184
1118
62
91
501
91
138
335
173
326
164
266
333
257
338
298
94
515
415
208
285
1441
124
196
354
76
270
226
236
232
146
203
121
97
182
283
60
404
231
1239
244
1345
99
333
229
56
347
80
871
75
116
308
278
295
259
69
166
114
184
385
192
597
206
482
402
71
298
153
150
218
445
219
306
459
180
212
466
188
993
193
216
203
128
140
214
80
79
132
62
118
143
202
300
229
130
105
375
107
877
201
257
248
147
58
196
111
153
253
196
314
346
177
204
252
220
200
213
168
144
199
211
337
126
159
248
169
416
401
230
213
211
329
386
1891
231
227
46
335
145
118
196
296
75
191
239
220
82
89
1056
226
221
151
326
158
404
312
220
315
239
195
3404
184
242
571
178
125
285
319
390
171
368
128
87
79
237
192
182
1491
158
500
102
209
137
320
145
330
259
483
83
250
282
189
207
362
123
472
213
131
76
51
395
78
221
78
163
270
312
100
65
72
187
81
277
284
165
122
93
311
222
141
132
319
185
347
251
271
338
123
218
191
333
92
80
1204
79
407
224
224
1101
239
56
81
417
74
378
176
54
57
249
551
267
196
171
104
790
154
172
197
356
187
399
312
172
4095
299
349
380
961
177
158
187
67
270
108
354
255
903
137
99
169
460
153
178
90
194
162
254
86
250
235
192
207
1323
140
63
132
236
224
211
62
312
215
262
239
251
164
211
300
136
199
113
214
63
296
313
125
234
276
324
218
127
1265
170
209
151
206
191
126
95
494
178
266
1111
164
150
661
181
173
160
87
114
175
383
303
247
108
194
192
130
230
804
190
84
216
220
282
132
129
142
189
2124
100
205
322
224
207
4340
91
109
76
743
189
337
110
265
410
142
190
2313
410
4119
99
151
405
337
239
159
216
245
171
361
156
198
248
200
210
197
337
5052
230
306
103
312
385
223
292
361
430
241
432
294
323
211
221
237
130
282
168
115
244
61
58
191
108
167
139
340
515
231
102
1833
55
269
1145
599
286
274
344
105
414
205
156
233
93
219
149
225
293
268
1575
147
256
188
312
238
373
79
236
238
316
81
113
262
476
135
175
206
87
136
219
277
364
441
329
159
10731
306
146
228
138
271
224
230
193
161
343
304
212
180
418
308
90
226
254
365
293
3901
828
87
158
72
197
127
189
202
210
111
95
349
129
248
194
606
99
344
902
212
26072
244
2561
584
227
190
289
174
352
330
143
147
524
154
406
114
161
239
430
163
248
1179
389
684
335
125
444
285
227
128
197
187
187
100
172
614
272
216
207
211
246
267
182
198
966
187
251
167
169
190
143
256
139
195
346
445
229
261
11289
126
224
145
257
338
1206
213
115
78
298
200
1036
121
103
345
152
185
163
390
87
284
87
219
199
207
212
449
114
316
1235
557
182
209
268
65
294
120
178
135
320
491
118
383
246
1037
203
157
204
210
1200
206
294
270
186
105
125
509
174
152
158
224
627
262
230
182
257
329
226
234
364
325
224
312
212
283
132
292
171
328
133
247
145
597
96
84
233
196
659
147
55
200
149
2422
126
779
142
235
96
252
114
166
255
231
217
57
756
169
165
182
207
79
75
95
215
1217
98
85
119
188
67
154
125
349
597
243
231
11889
252
74
234
107
110
82
133
240
217
340
56
154
136
112
88
77
429
262
414
419
224
217
132
1166
78
5295
486
194
198
187
50
214
130
169
191
161
1448
291
90
117
220
212
231
148
4180
214
163
200
321
110
254
2533
196
141
824
248
232
222
180
113
125
167
277
280
236
56
164
152
129
121
156
300
354
82
494
233
227
174
153
233
128
320
111
194
65
165
542
217
79
225
140
125
179
187
197
222
62
159
225
185
299
243
301
366
109
195
70
50
255
913
275
218
126
288
204
74
185
351
184
146
265
80
343
136
220
200
332
268
2290
236
207
203
274
359
199
256
240
169
208
415
320
260
304
176
150
395
72
155
1517
58
209
681
103
151
443
203
249
162
197
192
142
412
253
155
230
61
377
299
312
60
379
165
244
186
273
356
120
334
87
258
252
170
151
69
315
252
196
421
122
132
125
157
155
194
279
392
1731
397
151
808
172
387
115
129
247
164
88
100
121
193
242
299
121
179
182
98
278
249
153
214
424
955
243
178
277
220
158
171
284
5252
150
287
778
556
181
219
44
212
199
215
151
281
113
315
171
1148
179
225
199
228
218
156
612
145
363
292
304
297
143
373
353
146
674
99
144
662
199
431
266
152
366
153
194
291
138
207
162
5
81
200
376
288
252
204
223
154
293
832
163
118
79
83
229
170
262
89
502
147
272
194
159
214
235
736
77
165
125
300
284
162
298
238
71
306
135
94
128
150
501
221
179
301
205
323
186
157
255
250
210
995
177
199
730
128
221
3674
171
275
342
301
362
331
217
243
132
140
139
104
158
1586
310
169
195
209
95
156
227
49
101
224
286
172
162
247
134
84
383
2500
646
189
286
608
102
181
405
285
150
139
64
325
338
229
74
52
1096
127
3165
170
141
275
1186
196
74
141
107
149
199
216
204
395
530
183
1570
195
300
413
213
107
169
83
3018
263
130
520
68
88
210
129
177
191
333
242
359
174
101
198
249
1553
281
172
140
237
238
305
314
113
135
981
196
127
155
177
303
377
370
88
1350
604
161
121
119
433
121
364
190
178
250
89
338
222
256
450
509
210
1134
89
218
209
207
2192
320
1193
249
140
133
179
55
297
148
195
224
104
225
251
1705
143
235
239
170
1
169
209
251
431
386
259
1069
517
325
234
153
151
184
286
103
64
282
211
308
214
317
273
670
117
600
133
692
319
243
206
228
177
359
212
311
2994
430
48
1
160
185
231
118
104
258
172
157
114
1196
174
168
296
88
1023
343
158
258
224
140
324
260
111
275
142
293
280
227
110
98
59
301
199
119
195
227
171
142
190
308
222
83
179
352
232
158
158
944
378
261
181
251
414
168
410
81
154
72
318
209
202
223
173
153
108
220
508
114
165
174
293
96
221
297
53
177
749
273
154
231
95
81
247
320
165
122
396
90
319
225
147
228
170
566
583
267
270
969
152
238
95
320
222
147
50
241
266
388
253
203
1055
115
244
250
284
331
248
196
190
7602
54
156
91
264
79
62
565
285
400
266
115
194
227
250
232
371
165
103
590
386
62
235
177
143
59
103
250
1014
176
112
922
201
204
257
386
1411
176
308
147
88
433
80
173
206
178
980
134
373
205
250
102
526
1066
247
143
454
211
749
308
257
156
155
72
155
559
139
143
74
211
103
185
151
122
178
206
370
63
282
149
217
268
187
2096
337
219
207
538
142
192
424
88
196
61
615
124
178
152
373
159
1323
238
165
79
151
286
108
468
146
189
139
227
119
329
171
220
219
246
202
217
370
260
280
491
52
58
1257
432
1193
146
215
149
234
196
574
234
212
237
553
291
215
74
203
257
519
212
105
233
209
363
319
298
215
1235
189
243
248
78
211
78
210
187
236
57
565
159
177
69
319
238
183
585
219
382
193
203
182
133
1392
108
174
1049
496
102
2818
407
412
88
244
2423
216
111
403
222
265
75
225
75
146
78
234
222
558
499
100
317
249
46
79
215
138
451
315
94
244
227
161
289
329
486
67
82
79
198
462
146
297
182
61
190
715
231
139
297
72
196
204
259
124
243
181
166
216
422
243
197
275
1459
416
340
131
131
237
326
262
1739
333
121
298
185
246
454
150
398
95
411
239
60
269
122
181
337
91
222
78
241
333
367
348
190
206
201
4903
231
94
263
254
104
147
628
67
78
13292
164
322
1321
77
278
103
168
172
254
179
366
98
230
80
762
115
244
148
53
250
254
57
160
283
171
284
184
181
69
79
152
185
60
319
53
86
198
221
316
234
404
150
76
226
112
338
199
153
188
148
67
174
124
233
315
284
232
178
95
193
395
144
175
206
208
166
111
160
229
1095
244
153
203
105
58
186
104
98
896
153
207
92
282
226
169
231
66
163
225
55
212
294
82
390
67
199
112
1779
130
247
605
139
55
67
582
1400
149
287
211
361
218
3400
175
223
259
93
240
448
225
285
122
317
203
319
63
231
252
113
322
559
347
1
271
158
171
166
155
399
1240
156
146
100
126
82
315
268
242
205
373
85
267
90
273
193
240
177
408
163
210
269
219
289
185
222
194
116
214
319
169
260
157
200
209
241
242
208
93
233
219
124
225
142
412
61
198
119
510
92
412
149
210
964
136
161
249
466
82
74
274
218
208
119
124
133
293
214
81
232
76
693
261
310
4584
102
177
252
207
182
226
1710
194
101
180
232
150
270
440
131
152
240
844
138
244
99
133
170
208
138
356
281
184
301
227
7860
774
306
310
243
256
515
68
155
243
1261
273
563
75
223
192
173
208
160
230
218
120
2095
193
107
84
142
122
60
136
122
195
101
150
97
163
316
173
602
222
102
72
291
182
51
198
182
86
183
274
157
521
109
715
227
184
350
179
161
126
415
213
370
294
5903
251
302
209
231
225
2571
1031
112
97
221
302
226
460
168
322
82
447
306
310
215
727
169
220
139
252
199
689
221
270
288
1133
188
176
206
279
198
182
214
145
146
157
5056
70
83
244
206
822
209
1176
226
242
306
187
96
281
276
66
168
78
166
163
180
206
168
136
334
330
356
300
819
154
185
165
165
189
81
307
417
303
141
215
61
229
68
325
636
240
1
534
495
119
192
160
1447
269
280
103
154
152
223
173
166
3347
178
459
224
780
170
178
221
31199
235
142
192
339
109
210
98
174
213
260
242
274
2207
122
189
250
64
186
180
191
165
246
190
128
278
307
715
324
144
200
379
76
186
211
256
116
161
373
5844
139
214
550
194
484
587
507
97
311
303
284
336
119
242
376
144
398
104
1089
468
132
247
209
91
242
174
821
247
281
582
255
676
196
234
133
148
224
400
306
69
340
161
187
273
87
2134
207
126
3078
422
239
451
205
157
794
194
249
754
209
86
271
303
178
267
96
146
180
619
298
180
238
140
320
225
174
120
222
242
721
135
240
274
1122
145
134
196
254
182
267
233
1136
576
397
211
83
290
3280
91
3245
279
420
3000
196
138
84
90
197
523
219
231
114
375
130
274
319
950
435
1025
259
274
245
173
180
205
154
232
347
462
718
345
248
226
3231
1123
587
196
3405
266
16318
188
277
158
311
278
462
99
166
596
253
152
607
300
190
300
217
231
67
258
3709
587
216
139
2242
221
61
166
2906
202
315
333
130
116
229
223
699
144
494
94
76
232
298
222
282
432
171
151
209
196
223
480
1111
151
194
186
311
96
211
601
195
98
145
187
100
1844
292
409
242
2563
182
135
153
107
72
238
245
266
207
215
133
565
336
264
302
1353
10528
51
192
376
152
131
1222
355
162
154
704
226
233
145
247
287
933
274
227
392
257
81
262
300
157
136
305
311
264
146
289
119
271
111
255
151
153
189
2257
244
474
430
111
168
106
228
1
167
87
196
305
48
289
480
1838
235
69
200
171
544
446
105
269
244
156
156
80
266
159
123
307
294
853
405
261
534
410
306
128
173
216
200
487
380
101
274
268
267
572
144
2476
141
224
412
683
85
251
247
262
229
304
1270
155
196
187
80
278
79
584
280
201
247
83
352
249
968
184
73
389
50
143
213
195
200
1815
260
203
249
202
1
822
297
357
48
678
219
108
204
90
396
365
274
207
181
178
328
300
164
241
849
198
151
188
286
60
300
156
456
172
263
403
403
966
291
153
293
211
199
192
143
187
84
193
212
277
292
201
150
423
377
292
183
201
90
223
1990
209
166
323
158
142
94
244
248
180
313
175
168
108
216
139
140
326
3232
178
138
184
504
554
232
237
219
91
219
347
228
75
326
164
312
419
165
59
257
256
339
175
153
134
309
52
307
506
60
153
5274
174
259
281
180
2156
121
467
75
183
217
189
190
3709
139
84
117
95
239
303
356
247
191
370
312
61
215
176
308
2869
238
420
349
227
294
294
117
134
295
214
69
336
73
130
324
127
133
157
193
255
196
316
291
159
53
192
253
200
48
214
327
172
104
360
2057
