55
42
62
66
20
3
60
86
49
225
476
35
88
16
218
502
32
166
34
327
32
7
25
1347
40
20
66
12
77
40
112
313
52
21
9
12
70
20
97
66
7
32
49
83
369
55
84
33
9
434
99
114
100
48
46
51
7
858
11
28
51
55
76
5
34
358
7
59
6
238
98
215
96
10
1701
45
7
65
3032
7
20
41
255
129
7
13
128
17
132
54
6
25
65
6
51
6
50
24
10
4
290
350
71
22
70
39
37
64
7
109
8
3024
11
59
6
138
10
46
18
46
61
10057
300
5
177
13
155
6
11
7
56
42
166
107
20
6
25
336
191
8
1538
27
96
7
6
422
5
10
24
5
8
9
22
10
10
10
12
49
116
285
120
7
40
7
248
6
32
9
104
6
53
68
8
13
52
5146
19
59
30
31
49
138
193
349
30
42
80
84
36
77
34
35
93
5
17
505
28
24
32
75
49
4
910
92
118
22
320
216
44
21
56
153
425
118
18
35
54
101
13
50
29
52
503
109
59
11
5490
70
37
216
34
88
50
106
98
5
28
38
34
12
79
9
1201
97
14
27
19
8
176
55
11
26
14
12
426
49
97
354
1077
361
41
59
72
136
90
11
50
41
271
116
45
77
9
16
365
146
12
51
27
36
120
509
41
35
47
45
12
40
3022
69
86
15
58
58
4
10
228
313
27
7
373
7
37
53
4
91
14
274
110
25
20
87
25
10
6
92
61
15
42
77
6
17
57
120
501
5
240
40
112
52
123
99
90
62
237
85
267
14
41
76
1201
80
10
238
404
15
268
11
74
11
206
613
60
52
11
136
16
24
57
107
361
70
35
243
117
7
175
286
26
70
48
39
4
136
884
23
1081
81
124
35
28
11
9
779
250
136
10
48
783
84
79
232
7
5043
83
77
3
110
307
112
3
70
1568
939
1587
963
8
43
126
404
22
42
12
146
92
12
59
48
34
127
25
37
34
167
55
90
32
32
466
46
10
115
6
257
48
252
4
464
13
370
252
17
288
7
71
35
240
37
18
101
362
4
16
7
64
193
84
20
369
43
203
76
79
36
11
18
6
96
109
709
336
5
4
54
6
52
24
9
25
564
114
107
246
45
20
165
39
106
25
7
12
97
449
94
341
64
59
34
392
16
194
283
45
146
14
20
174
276
54
67
147
5
66
87
1056
19
1119
18
111
62
16
13
237
41
108
21
5451
125
571
53
25
552
304
134
96
21
4090
28
75
41
25
57
24
110
61
15
86
25
34
161
274
288
938
17
21
29
37
48
33
15
146
67
14
377
2
10
823
353
80
9
5
73
92
10
11
52
15
105
144
9
15
131
7
15
471
398
409
98
134
508
11
60
20
181
89
381
58
16
277
42
102
11
227
70
58
660
103
20
10
68
20
74
10
273
18
19
24
198
364
78
37
1066
33
5
13
28
15
440
37
73
9
14
36
5
21
84
146
17
47
78
664
74
25
106
59
41
41
13
5
169
742
9
27
279
51
5
15
31
57
255
620
38
618
5
36
4
436
93
19
24
80
15
14
17
36
51
42
4
68
84
101
25063
13
5
493
369
247
5
10
34
21
387
60
7
112
103
16
29
29
39
10
10
9
299
46
21
61
4
352
1123
63
6
84
262
20
80
6
11
21
70
987
602
974
51
17
73
267
7
7
81
122
87
12
39
78
338
222
232
87
348
15
88
34
60
3
79
18
36
16
13
18
460
70
259
11
10
43
12
8
87
22
72
13
455
19
54
28
46
11
26
28
50
31
64
38
73
26
11909
98
57
8
27
76
21
38
54
152
14
25
7
73
44
97
15
19
37
34
34
66
52
163
98
24
23
594
45
20
26
12
42
58
53
9
10
48
19
54
29
35
520
15
32
208
601
119
24
317
37
35
242
31
58
177
35
139
82
288
366
60
127
35
82
71
144
289
123
52
324
123
68
301
262
21
4
122
74
283
54
20
29
167
18
62
70
510
27
37
34
25
128
75
10
94
78
28
103
130
6
114
124
14
283
5
15
238
167
33
104
10
107
134
33
25
35
259
85
14
34
12
33
81
105
446
262
20
4
86
58
450
58
943
63
39
30
127
405
60
76
7
21
65
58
61
13
22
337
904
262
22
48
17
166
4
31
14
4
37
108
83
141
7
11
324
13
17
14
40
74
9
8
80
10
2
371
9
6291
44
472
20
19
16
58
102
16
308
89
25
28
451
81
22
16
62
20
364
52
117
26
150
16
619
16
459
411
15
12
270
29
26
1360
212
37
131
16
195
72
31
7
11
4
90
88
81
592
83
30
184
64
31
112
25
75
9
189
37
416
276
25
54
73
432
123
7
24
5
151
99
22
79
419
204
139
446
60
269
106
232
66
294
26
68
33
39
14
21
159
58
118
449
49
19
321
16
139
672
19
447
29
271
70
446
82
121
46
265
13
94
22
207
22
31
3601
35
578
4
17
78
11
154
82
15
22
315
66
16
376
114
3
17
21
33
17
17
234
61
205
13
2
24
22
53
10
59
9
638
114
20
570
37
194
30
208
42
369
644
9
56
28
79
86
25
75
58
81
117
73
83
17
56
56
19
42
303
101
40
69
64
30
6
211
249
15
2
30
8
273
29
167
63
76
58
5
1051
18
22
69
87
46
23
5
8
3
20
103
19
79
13
28
13
231
8
82
5
15
648
53
78
256
32
66
10
70
766
106
83
231
123
88
246
379
485
14
185
22
6
19
45
101
67
21
39
77
51
34
22
25
300
934
82
17
98
7
117
22
3
31
48
32
4
11
9
11
17
95
6
18
60
43
362
6
11
388
43
60
65
49
442
17
91
27
48
383
47
37
2
88
55
5
87
27
32
10
33
16
384
60
35
33
19
17
10
103
154
58
246
205
85
53
69
20
339
11
17
37
13
60
14
44
156
1033
5
101
39
71
40
6
17
46
38
24
15
11
79
70
17
595
259
261
139
28
304
43
69
434
17
7760
8
5092
24
63
17
83
40
142
300
144
43
20
87
86
298
284
48
80
37
5151
78
164
7
107
31
33
56
111
6
73
310
24
24
98
61
110
71
83
16
28
328
17
135
54
406
4
576
39
26
58
14
39
19
809
71
9
6
5522
7
5158
5
7
73
56
331
5
696
13
370
840
331
52
473
114
246
10
105
34
4
5240
21
9
1121
7
174
50
330
347
85
149
177
24
107
34
28
79
51
147
81
61
315
31
37
5
85
75
66
27
279
705
7
148
107
271
157
58
135
77
51
94
56
47
47
514
107
16
29
248
75
22
9
82
421
118
20
9
26
120
20
9
114
86
71
9
140
68
5
47
51
4
38
14
57
37
8
12
23
32
125
57
28
247
16
16
19
277
10
195
34
65
25
456
25
32
17
12
48
174
10
62
32
13
106
32
63
225
339
7
460
25
30
313
197
49
22
501
28
16
39
51
11
41
484
44
100
96
26
17
22
96
18
256
20
276
21
50
113
59
185
7
25
112
46
6
5
120
422
10
16
23
33
117
211
59
8
5
5
157
515
16
5315
276
11
58
74
143
408
334
74
215
157
254
285
57
496
274
12
88
26
445
169
40
30
336
100
142
174
86
99
65
27
7
11
12
20
89
35
80
187
6
10
588
78
13
75
51
25
4
10
64
23
8
98
51
61
7
32
47
1705
137
154
17
85
102
63
301
17
377
68
305
64
5
52
11
27
70
27
36
5
7
61
3094
9
37
111
34
101
216
604
6
21
10
4
27
5
95
5
4
3
8
58
238
240
33
30
37
3
10
69
904
95
530
472
748
24
90
9
45
447
83
2
175
356
65
79
7
352
280
81
181
9
294
133
31
69
283
127
88
41
450
241
151
29
87
44
398
41
29
40
36
400
91
94
368
88
81
36
13
102
50
112
14
103
84
333
34
183
282
64
205
63
18
84
32
4
114
234
1262
28
127
67
157
56
5
9
30
33
30
344
68
113
286
21
63
25
51
70
67
25
107
62
268
460
302
35
1087
4
153
29
36
681
96
81
41
37
26
17
60
56
172
379
50
25
102
26
3
5
73
87
60
91
3
37
46
157
80
71
320
60
36
34
236
6
38
50
153
37
35
332
290
23
58
348
27
75
385
47
60
121
543
398
244
205
13
88
55
14
152
22
9
352
28
90
40
29
15
281
404
12
17
53
55
58
381
29
42
253
36
143
423
2
616
31
57
215
19696
19
129
32
585
26
89
32
217
723
42
3
59
45
122
469
24
401
2
2
99
17
56
330
65
11
236
5
44
9
