4331
1694
1028
2902
1097
335
11888
2272
989
2926
3698
1822
1890
2003
3292
1430
3262
5280
642
331
770
3210
2199
907
744
549
2822
2991
1497
1085
3608
1316
1678
1464
797
2153
1337
871
1329
776
813
384
2397
1213
7603
739
3498
1761
4194
1128
5755
1877
2963
699
1359
3654
1023
2759
585
664
433
1541
3136
617
3357
3343
571
1660
1558
1569
1244
971
4626
2900
3074
10230
10784
12946
1963
1348
2530
2129
7972
2238
636
1093
2079
1301
1151
1707
4148
3702
698
3425
17217
27201
921
1529
4653
621
738
1087
6268
5189
757
3553
1645
1140
1558
1192
988
1067
1757
2288
1525
873
6854
1508
2918
3023
842
2180
3333
240
494
3902
7422
387
610
632
3577
2829
716
1646
2213
2054
1850
871
996
909
17807
7286
2914
910
10176
561
4313
477
1211
762
1566
6714
2194
1486
8956
1644
1950
1010
1973
735
1338
771
1318
1106
711
3061
1786
1052
3759
3253
5245
1888
3613
2276
860
4983
1288
760
528
2677
4342
645
2986
2973
732
1285
1539
400
4059
7489
774
1004
724
369
5070
797
274
2892
650
1147
560
1381
10618
1025
1342
33647
1647
1398
713
3473
2176
1412
1483
1403
17480
12513
6065
2199
6606
840
1017
3970
931
1524
746
21567
1760
646
1833
1650
1294
1501
18622
855
7857
1731
3569
1917
1140
1963
397
2770
1341
2256
9592
2223
892
1276
979
21751
2572
3211
1345
1566
1151
3665
757
5148
828
1129
9008
677
439
711
753
900
1374
2182
1257
3175
2329
705
1068
10618
27950
428
1209
1064
4388
5011
261
3394
3788
1300
518
1346
4930
16146
1551
1314
807
1130
846
778
2605
618
1999
2913
5684
682
4050
644
1755
657
1521
1125
920
1349
25494
1994
1521
1645
1116
1901
520
599
1189
1993
1231
1846
3117
700
1593
521
1266
2338
5989
996
1165
1791
913
1341
18699
942
747
1270
1144
733
1989
7716
1242
1339
1579
1896
4263
6749
738
16434
5981
15144
1540
8153
830
1503
3654
1785
7188
3203
2376
917
5167
1995
12707
18305
874
391
2408
1771
1563
706
1121
1049
4806
3315
2520
962
1443
7842
919
1955
2506
1224
694
16267
2965
2497
5236
389
2175
2928
1323
1769
3602
1366
689
1232
1298
701
1550
869
1071
1337
643
618
1729
1143
720
1480
519
1258
1918
6900
25634
14783
12652
1171
394
4053
1629
1494
1562
2635
33034
1729
307
794
2547
472
767
7320
5409
298
755
437
5209
902
1048
1369
3574
3079
1064
15632
550
673
615
944
3057
1894
1206
1490
750
1491
512
1440
396
1290
4292
2212
1229
921
1914
2061
1548
3261
1566
1144
8304
2014
1035
855
2119
1326
7629
376
908
1257
1086
603
396
2181
970
2786
1141
1256
934
866
4471
436
727
3966
2172
3534
934
1323
674
7890
11091
1344
2500
3192
1767
2141
446
15196
1974
6589
830
4810
3493
8508
1928
1054
1718
5989
3124
9513
887
353
1265
17069
884
1511
2076
5342
1224
14779
2116
882
720
2059
522
2586
2833
1267
639
802
2240
2899
1358
6748
1414
25784
412
1340
715
7779
10933
4027
484
2024
1903
6801
1164
9357
1173
687
698
1465
1201
555
6371
593
850
2365
849
4246
413
1986
1878
320
492
444
1453
812
1620
2257
4261
773
2522
1567
6687
666
40775
481
1132
1086
356
1366
412
8767
734
773
1295
759
2426
782
2962
1115
534
5919
1440
2926
1390
5603
2596
1376
1080
1317
1203
847
706
340
6227
11038
104656
943
1341
1571
5079
522
727
886
1950
532
2013
14159
1151
1423
491
6230
11793
341
1241
1475
3944
490
4166
452
14787
2942
1142
429
735
389
276
1014
1108
5877
1058
2299
383
1361
220
2369
1718
675
2007
375
2197
3579
2655
960
1252
2919
1064
1528
2287
2858
1325
1223
1203
1336
2198
11622
2651
1813
22446
880
861
219
1138
2260
199
2194
1087
1416
698
1187
864
387
1377
1645
1458
1185
4055
1797
2884
1418
814
734
458
1133
731
1578
1008
1082
1528
1723
5726
12512
19782
1330
3045
917
1000
2252
1143
4911
792
557
1633
972
1886
2027
2868
507
2792
383
1927
826
872
252
13999
2191
2533
989
13369
410
452
514
1069
1238
443
207
2267
1516
531
784
2490
323
867
1256
327
713
229
3439
2162
38233
2100
894
1070
3811
1858
615
1220
392
767
3081
438
575
197
2782
1052
7366
743
2394
644
671
392
1463
375
3753
1401
786
1610
368
3958
14716
1529
7788
3740
2434
2335
515
290
1337
3053
876
1214
1989
6025
647
1638
2106
2714
1301
2754
446
1867
2077
857
11915
293
707
2636
2357
404
4683
2660
1368
402
1829
846
383
1032
1998
2117
2150
342
4880
352
1416
804
1725
394
402
2380
2507
1963
780
1649
487
722
2966
4603
1118
2694
656
11553
881
2031
702
1054
601
50020
2313
1079
3003
1090
9219
1167
1160
1384
1269
587
8356
1186
554
13163
4645
303
611
332
63632
1003
995
4409
1905
3612
403
1791
841
1678
3442
1216
3852
2459
2485
555
1901
1162
9502
1001
304
369
572
19096
1420
447
2356
1264
2415
671
9151
3719
323
1922
4078
624
2075
5390
2425
1029
732
1147
467
1205
366
2294
664
1457
583
1183
925
1520
761
6805
2405
438
5024
615
1878
1157
595
593
735
1301
8501
701
3540
1069
4684
953
8107
330
371
2856
1249
4452
5015
1830
16374
2774
2449
450
5799
15923
2707
3160
3814
732
37818
2456
1023
550
3458
1650
7105
4964
1323
2860
2450
895
5672
1006
3312
2720
1769
1169
673
1942
1778
1052
4210
878
298
12816
614
367
2109
4738
3678
1981
857
6703
6415
605
295
2003
6605
766
36372
2962
1225
2013
204
7874
1437
5134
727
243
5609
542
591
30171
4210
3690
661
1615
7164
368
3725
756
1236
409
193
1336
370
1682
2346
928
337
1976
2893
1894
963
1595
550
3912
962
4829
1139
11157
1299
1190
1864
2575
633
365
1666
770
3237
560
3039
2161
984
2039
1073
660
883
13180
12582
673
1467
1441
1012
847
4196
4435
1148
967
1021
912
2295
1422
1207
1935
822
833
1242
602
835
1687
277
2766
542
2270
18570
1091
935
1971
5564
3950
2107
316
799
1089
969
781
3466
12075
851
904
1094
1304
1744
8468
2016
1052
1409
1396
1001
1513
1843
1141
1821
940
566
966
60591
3551
5013
3646
2069
10193
1370
1049
638
4499
1654
3307
1342
850
457
612
538
11812
1377
1991
4812
543
899
1575
699
8304
16733
1536
606
999
742
1412
1464
862
4275
1459
2326
4181
1198
5874
8709
772
1180
1714
713
18410
1902
828
1630
1526
1778
1491
344
431
966
5988
3426
5321
350
2205
420
660
807
2291
10865
1269
1141
2618
1778
516
1523
2118
2333
4868
1422
1872
3416
2256
3951
1921
3163
771
2300
618
2098
4085
1060
755
1619
1788
1689
4898
811
10009
916
2074
324
277
2110
1054
1830
1349
340
1719
2094
1446
8087
4170
2822
2907
8103
1266
715
1123
1128
2002
1160
6662
1309
5876
1619
2059
780
784
296
8455
2071
28899
13047
1854
1205
1441
1960
900
1446
13340
17532
4268
1603
1865
562
1275
867
465
864
2100
1607
11316
844
2166
1105
8439
2021
1446
3174
1754
2087
2236
15699
896
1191
326
4251
471
5649
287
3296
689
1083
2185
2384
1474
1922
294
6024
1602
13859
5457
2317
1221
5674
2797
730
882
722
707
684
2924
1045
823
971
1826
412
318
2166
995
503
2217
2781
809
4238
3189
6408
12739
12408
837
2958
4557
1282
786
925
773
1409
1402
1033
3645
4967
393
3744
1318
1329
656
1447
320
1963
2456
923
1270
1020
932
318
1050
2558
26312
1384
800
656
1270
1868
21451
1978
3539
963
669
838
3668
639
5008
793
1121
1092
306
646
895
1700
916
1655
1045
700
1699
1155
678
2281
10114
385
501
31681
688
2158
15227
994
7840
1052
2244
766
11191
25549
1228
980
1343
2709
869
1922
1100
1692
2961
936
1032
586
8041
1520
977
627
1750
913
831
532
1052
1389
1416
4073
7251
730
552
4223
708
681
3554
3442
823
1212
581
2060
1226
6269
1403
4137
874
1194
827
751
878
1113
2154
1931
900
1258
1012
3287
648
1784
1328
592
1040
659
740
1854
1143
584
1966
565
6451
618
628
563
670
869
3962
1979
618
1735
2939
1015
1523
1194
3970
22838
695
515
1075
4905
2438
1820
578
950
11257
1545
11375
4289
7142
14600
2638
3960
743
2628
966
4836
7050
1032
1405
3469
4797
1517
869
2906
709
1104
576
1724
887
1461
1932
776
746
950
5739
953
3661
1745
7267
1494
5407
1171
1817
419
1128
972
2014
668
992
2950
819
1256
759
1182
585
4489
896
7046
951
2833
870
927
1732
1956
4050
980
455
2376
681
861
941
1642
1501
1035
530
6081
717
2456
416
709
396
896
1615
2260
790
2635
2077
725
541
493
634
1996
492
2256
2577
1767
726
2207
617
1113
542
1506
1972
790
2146
3382
4301
2649
858
6033
606
2002
7894
718
3252
535
6475
2271
4909
17394
1966
1414
899
12857
1771
467
990
3088
4286
10015
3630
476
650
8704
5068
1861
1651
5312
13351
591
1497
4011
447
963
4121
3793
4912
724
7617
9854
932
2735
3750
799
1858
4446
1027
868
4840
1707
1247
798
823
11869
761
1390
937
4208
12165
2736
1093
395
5498
1767
1091
5797
2367
2288
2012
780
578
1453
2482
2296
282
896
8408
802
1238
3634
2744
9357
694
2795
1834
2028
3153
1179
311
953
1856
1374
11176
1410
7221
4048
22764
5424
1649
4742
1488
496
453
7000
2814
2330
4673
2682
1168
2614
1180
2943
5694
2143
729
1363
1810
1050
1086
3648
607
3915
1790
2640
814
1250
2794
893
2638
1944
184
1469
12798
723
1550
2552
2856
1889
1560
2280
5967
1497
2914
3581
1672
1046
1103
1991
3309
4165
3631
6327
3240
1476
7098
2063
804
3750
1269
2511
11753
2916
8647
2126
5553
5944
3393
655
4996
3060
1251
10008
1163
1992
768
624
3748
1206
1919
2572
11409
1410
1427
1089
522
1902
1233
1038
2087
11452
1092
1379
4523
36254
19417
1597
2073
3369
6537
4454
1153
8389
4096
752
29534
1672
3431
2343
1355
1242
1600
1205
831
667
1620
471
760
3976
588
2189
10674
4341
3347
1546
3139
3888
16204
2261
1973
2697
614
932
1894
6138
13208
1326
619
6550
2449
2835
4393
1634
1377
9984
4870
1800
2056
2925
662
4616
1571
683
1571
520
738
679
1669
5959
2345
1371
2557
2626
933
2438
1361
2759
1960
801
11080
7563
765
3494
3424
1744
6571
852
771
833
1263
11610
3369
3666
887
1375
9092
2157
622
1269
1730
13490
3286
6953
1006
1010
1229
15747
1943
3045
3060
803
2876
3374
7165
661
10565
8562
645
554
5054
2490
668
3278
4565
1433
633
3828
897
4611
2533
12795
990
1914
475
712
1694
4443
565
638
11601
22706
6143
1600
751
463
464
1207
6519
1970
677
4531
8761
1535
6497
3622
604
1138
2032
4146
1261
1216
5038
16034
1195
1118
10667
1710
2876
2542
1981
1346
1859
3878
10711
4084
18674
2442
1487
2738
1360
1479
461
1190
1874
1116
1698
2316
1476
1249
1782
16583
17425
1453
2036
6218
1309
2670
1036
3067
522
2458
734
832
633
1613
590
3342
867
1837
5831
534
26349
1580
3133
432
5153
2204
993
3114
885
9595
5247
1104
1937
1489
1353
5904
1517
1173
1655
2026
12799
1641
4207
12628
1162
4125
2513
1610
3477
2585
423
965
1236
1074
3911
4003
2951
1656
2308
1506
842
2884
1926
822
8316
494
157
637
2332
642
748
1885
4669
6376
2343
992
680
2059
4359
11469
4154
2146
3710
2427
972
627
605
2049
2547
2492
476
1095
930
1438
4156
512
2049
9333
8566
973
3786
2147
1371
933
909
2356
1310
3456
3183
678
241
13084
2661
740
5158
1178
1322
590
956
2187
985
5113
2592
484
4166
953
19712
3189
572
499
892
3743
6243
2690
1639
2234
1823
25787
1559
1517
386
1719
741
1512
1523
3327
2216
1507
1661
1210
7007
17108
2582
1209
1753
1344
1953
930
3457
3036
3508
2178
294
4564
1658
1152
6491
1219
3333
3944
13345
1957
2259
296
69088
1733
2330
1272
1126
1020
1297
7663
1181
1780
1960
1349
291
4238
1885
283
3081
2699
2721
1332
1897
6336
2948
509
2383
1625
276
1027
645
21794
1996
3374
1799
786
1169
528
5208
1721
657
2314
8718
3575
280
1160
561
1444
644
2041
922
4358
1468
993
6607
1662
825
848
430
286
1174
813
1832
1913
2219
4066
1115
3040
4709
1599
1468
708
11123
2301
609
1725
709
785
7582
577
1746
1970
670
2165
3863
4871
5291
886
910
1321
1583
511
1205
907
1138
436
1908
14606
495
3762
894
11948
5450
814
11836
2705
965
2290
1550
2181
1093
761
3790
1476
1453
1327
2914
23675
1544
13749
2493
654
3387
1583
598
7057
1134
720
2350
1172
5562
680
3000
19594
1574
2482
929
887
2791
1279
4653
6309
1425
1280
2377
890
1164
11386
1945
1413
5154
547
1999
2042
769
2139
2802
8888
419
2824
659
1725
1799
668
2081
3257
180
3984
300
1237
6401
4437
1562
1823
1689
2714
2966
1042
1858
3843
447
4116
5068
278
988
4261
18229
3142
339
1368
633
5403
747
15843
1101
3025
292
643
7839
2312
562
762
969
491
15782
2378
3667
285
1019
322
6467
3199
11961
4053
183
725
2561
1314
1260
4735
2084
707
652
179
419
1383
404
430
15302
13697
766
4168
2663
955
612
1212
170
1744
870
2797
1454
7043
6161
892
5568
2337
445
6084
4071
661
1366
656
889
788
750
177
61901
1274
953
648
2316
1324
290
887
4578
630
1624
7085
712
8731
296
1247
3787
1558
9592
696
681
3269
12257
2656
833
2061
946
5311
896
2597
660
2199
586
1640
807
402
555
1281
730
3135
525
2438
4118
2214
646
3061
7195
650
12569
9666
744
386
5082
3408
788
4476
1543
586
501
2380
409
671
828
5033
965
5283
481
523
8347
634
4143
5488
1886
3547
176
1579
695
1725
1558
22927
594
5914
1085
577
625
3038
1856
448
2606
601
1108
1968
1250
1382
5346
663
4746
1512
1679
1472
2878
2571
9233
1419
1849
1584
22736
2339
959
2650
1033
1162
2629
756
2540
54421
722
1064
3119
1697
908
917
3126
785
4698
3407
891
5728
7329
574
2126
1280
1720
1619
1175
841
3518
1776
921
438
735
818
3045
15643
729
2064
917
1378
4515
937
6896
1281
1781
1767
1398
2908
1083
7576
7893
1413
1027
5594
1678
7156
1605
1413
710
2067
4824
563
7338
704
1113
4648
1911
1281
622
1660
6346
2168
3360
3395
3102
6697
2160
1562
2478
377
1767
2831
1933
3003
729
3036
9095
841
648
1108
681
2525
5252
1162
3134
12632
672
351
2933
5205
939
1962
965
1651
1762
852
2662
2264
9397
601
2829
982
1400
22128
1598
2504
531
823
318
961
1188
64983
6944
7389
1376
3176
6913
488
1178
551
1847
20264
1096
1014
2856
1196
869
4547
16754
1165
884
2789
825
2828
1428
561
467
1806
4471
502
1386
3254
1343
527
1288
9053
1256
1324
1379
4093
882
6141
1986
1358
1718
1243
1377
380
1228
750
867
8653
2993
1670
1321
1086
6624
1262
447
2738
2008
392
950
1203
2576
1627
435
926
1693
5591
1847
1284
1650
1370
3726
2530
2242
710
1112
2723
726
3118
1542
2097
1468
396
889
1347
1987
973
1762
3780
1842
271
1314
945
6512
2731
978
1825
6063
865
2632
485
1027
1287
1857
945
3059
3267
1692
1772
2211
2899
2066
4085
886
16325
2260
8442
8314
844
1767
394
218
4247
6341
2309
2244
829
2203
892
1968
1490
6479
9265
984
861
3630
2346
1490
1185
1095
428
2620
2698
2383
4260
1879
1735
1144
2276
2051
1961
2906
1828
1525
747
564
1028
3081
5309
1841
547
866
1026
1903
738
1516
1405
1912
1587
7747
626
1700
1017
1846
1964
886
7294
872
1476
1536
4447
1697
4097
7153
6575
1088
1172
580
624
2556
2120
5067
1615
1185
1863
1261
2296
1840
2811
1763
1152
361
6105
2532
2779
1978
882
3885
1765
910
1018
1238
682
3389
627
549
2205
669
3999
6151
1758
7154
7148
5366
4967
2078
1675
1851
5642
8446
1656
2577
895
1495
1914
3635
7359
1390
3452
3089
2953
5579
882
3764
1882
440
904
466
4094
448
628
2203
1030
2117
1686
2445
1295
1405
1792
21668
651
2703
1477
3625
2793
677
1718
2308
1360
2626
2238
3262
2075
1106
6694
1315
2317
2006
433
1022
376
997
3739
524
1764
808
1453
2106
15403
862
6997
13587
3582
865
941
4153
16501
5197
5715
3189
2274
2924
4014
902
728
863
1977
23368
3413
2481
1712
891
818
2523
420
515
1745
2349
5101
862
871
10252
2658
3079
2323
5048
1444
6788
808
7564
12748
1037
1012
13100
1843
2140
544
1760
3316
649
3308
2232
1966
1357
657
571
599
579
1793
1732
5882
2051
2588
674
867
2564
1224
835
3344
2682
3614
838
1012
426
1085
2105
375
334
1500
885
1586
2288
1984
2870
3136
702
945
1588
843
1271
14047
30810
2873
863
2783
2308
715
1143
6057
1940
791
869
8675
12429
955
732
958
1042
465
5406
794
2418
2093
2148
386
1088
1163
1096
2392
843
547
639
642
588
515
703
1772
905
3555
350
2833
2871
398
998
409
406
1222
962
700
2066
357
1345
1311
392
404
1736
658
580
1939
2145
1076
1494
661
1937
1635
891
557
1034
4235
973
2172
582
35796
854
796
2342
755
730
820
649
7682
681
1073
1938
22733
6881
1854
841
698
757
633
3491
1767
22680
4099
631
1718
1071
460
1799
1210
853
51357
567
841
2079
4863
953
1008
2425
2097
1847
878
858
880
1678
956
1112
3561
1961
3439
4260
2386
10086
1093
588
19491
1269
1832
690
785
2634
10603
600
1543
2504
798
587
369
2593
2362
1122
1203
9796
835
23348
23348
910
2986
1035
1338
5394
3481
877
2340
1590
6241
1542
1078
917
830
1948
1089
2770
1744
1748
4159
4572
4159
4301
4094
2693
5492
2244
1008
921
1111
997
2244
1295
1872
8960
1988
949
3863
1938
670
2120
1719
3863
1075
999
2569
833
1576
2569
978
1985
817
4584
1075
2585
3557
3255
1476
5197
1032
4059
2574
2036
740
2211
1150
703
2480
4059
519
1453
4769
2472
2133
3359
1722
751
4224
918
4224
530
5859
1843
7072
9700
6719
7072
5859
2782
1323
5543
804
1706
2541
6477
1474
4129
4024
2925
3168
2914
598
22483
3847
6404
3970
2255
578
97146
1188
778
4000
1843
1419
8372
4029
2160
1629
21195
2193
476
1742
941
941
21447
87477
541
1119
1972
890
828
6296
1758
2079
707
442
979
880
388
796
1441
3227
1179
3672
1330
515
10241
5672
1788
5516
1139
452
9182
651
327
3314
1239
3877
2308
16200
720
311
3379
3285
1176
922
814
2375
785
1010
688
441
1438
1964
590
624
2178
2647
480
2004
522
1963
1500
7178
301
1124
360
397
13424
1574
399
1796
358
2025
2513
401
1462
1915
6062
1446
2148
840
2038
352
1535
2046
370
838
1668
2482
366
4816
786
413
2083
2254
1825
630
44522
1229
1075
3198
5380
1751
2826
327
532
3643
354
4053
1802
3898
4661
1288
7551
1833
5169
9296
9844
4180
1314
1954
2475
5440
1802
23900
1456
445
3682
656
3029
1795
19145
1480
1995
4140
1453
1760
1112
2521
2642
8603
3754
3748
11217
3083
2197
2727
1027
2186
1438
1295
1358
3098
819
1421
4279
18237
1153
1253
1737
13256
1193
9429
426
3347
4956
1552
1442
1564
1664
3096
1949
2722
2124
1308
1945
1919
2665
1278
2247
1806
2109
2896
1095
596
9535
11390
2380
2505
1954
2920
2831
1295
2028
303
2986
2239
434
4824
329
449
801
1439
1709
322
294
299
2394
733
12596
2415
718
1164
2084
1745
1518
2180
5479
3795
2295
1121
4147
247
1099
434
28382
433
1295
747
9078
3000
946
1539
682
2328
515
550
1450
1314
818
1433
6720
2962
6912
1335
1278
16132
3266
40816
7545
7049
8260
1067
7112
7721
4438
2143
1093
5887
2343
3010
2754
2632
6848
4064
1159
3974
2530
1887
13774
2388
3278
7870
843
2598
2264
2905
1019
3481
7990
2063
3590
589
353
5345
427
349
3152
2290
1788
1114
742
693
822
690
7885
5710
4990
2902
7874
2910
823
513
1005
1469
7032
367
4739
403
1094
12920
2045
11475
1409
3043
848
945
1019
377
1848
2732
4631
3268
1610
6102
6155
861
43268
13966
589
396
4163
429
396
1209
1991
985
411
831
3096
651
1245
600
1130
5090
639
569
3765
2095
2500
531
4378
600
680
2289
521
824
747
1009
886
3805
704
19207
927
867
102732
4185
1210
4372
815
1086
3654
2490
887
462
31140
399
31635
1629
4186
2497
538
3891
2824
1071
483
1041
534
1164
609
25795
481
500
2451
9447
506
15144
2084
10498
747
2834
501
1770
1685
363
739
4382
7083
422
669
1557
3508
607
473
589
4416
575
564
479
1712
484
1110
5287
1565
479
589
2191
2178
4695
8536
492
1692
4927
1789
384
514
3660
1895
1994
2899
891
987
499
3079
3111
556
617
597
563
844
1689
1984
622
3739
620
8403
10484
811
3094
593
622
706
5035
1930
1011
741
15530
663
3071
8344
837
591
6887
593
4462
3855
586
801
1975
3191
8072
2619
474
662
1555
361
1451
2158
2212
1384
5444
3939
1883
1742
979
5161
381
582
3492
2902
4409
2193
700
3971
774
838
723
2255
1497
1431
3305
426
2290
5387
486
1922
2724
32831
6291
3682
34418
4440
817
885
3705
4099
445
417
600
438
414
8738
1341
2485
358
338
759
614
413
7609
4408
5337
605
1443
4705
4745
2348
4818
812
707
4686
1064
12096
7057
17224
27144
4532
11779
151
21586
11832
836
688
5548
45071
54616
3386
8816
511
3002
15878
748
2597
2908
24485
538
2175
7328
3535
2174
891
1970
11552
1446
4256
804
10188
1855
2088
1538
4876
2651
1379
11352
1419
702
22728
4715
5293
8988
2784
13813
1679
13867
2608
995
1064
2930
2285
3255
12165
1919
1898
2611
1755
1194
976
8506
2859
1620
2877
1773
531
12629
3984
992
9669
519
3900
6376
12187
1147
8472
2381
6017
1360
2712
2395
780
5060
7668
4597
1297
23021
1188
2066
2968
15905
2330
1046
3952
779
882
8377
7082
10894
15379
7590
2666
2086
77263
1148
6778
3885
2597
13838
2034
12287
2568
2782
10545
975
3788
3171
7292
5583
4937
3805
1581
611
6441
4752
4489
21998
2171
1760
2448
3228
16015
2924
3055
4182
4103
3372
2788
22017
3232
1140
2228
1886
757
6954
3526
4664
23364
1935
1534
4661
10491
3415
1973
2173
1898
4547
2725
10479
2235
3332
2881
2574
3802
1849
1536
4152
3255
947
480
1894
3193
751
3047
632
803
4269
698
1044
3544
4292
9127
768
2745
1540
13657
1385
3907
1564
1255
4293
7556
5993
10935
7535
1594
9067
1934
1362
11048
13973
3186
24471
527
2944
1583
3701
1664
1712
1431
7191
4234
2388
3250
1416
4986
753
2209
21714
1358
1942
666
5476
22681
6482
9939
3681
2008
628
949
1628
6751
4389
35989
13489
1052
1996
9647
3149
16274
1352
402
8769
556
21017
3751
16416
2891
3352
1228
2300
5095
1615
6584
7118
44055
2334
5233
2726
5651
892
1019
2405
17396
491
3142
2522
8314
873
1442
747
1550
5193
977
1548
3968
1948
1316
4466
3958
3375
1336
2258
905
277
30257
3424
249
2160
196
1210
1742
1669
608
1087
324
1246
6198
534
653
605
5015
3397
953
24010
5776
606
16057
4988
444
718
1101
2995
6959
4563
25668
13547
1744
1315
655
1247
3744
4475
51203
9732
6212
1294
2602
2236
7696
1118
1362
11472
2296
1338
2156
1381
3193
3188
5263
560
2285
1494
2847
1373
2364
2548
1601
7197
13947
3535
2286
1186
19595
751
4382
3003
3105
1378
11775
5696
8876
2561
2232
2775
6215
6094
6425
3760
9358
1142
9072
7779
3279
1349
991
2872
3716
5658
1425
5819
1428
2430
647
506
1559
846
604
42673
8536
56074
13621
2320
74754
95692
3528
793
6151
1612
4185
778
589
796
666
920
1360
1003
1005
911
12889
1281
4186
4662
1087
2485
107102
1090
1372
5020
4002
7998
1089
13874
1853
4898
2268
1543
3639
846
4758
793
13965
50527
2348
1443
4032
1964
1256
4499
1358
2409
1339
823
10270
2848
4753
11706
781
1346
823
3658
7083
1347
1203
1135
13474
1639
2497
5095
1117
650
2521
1565
2331
5403
77164
2323
10332
4357
2068
2017
7950
14914
3202
6598
3496
6582
3496
969
2806
14465
2630
2004
1108
944
47954
1091
2065
8581
1355
5106
2844
5609
19643
7763
16294
40711
4809
4843
3683
3776
2109
2279
10707
3887
1613
1147
2416
8735
17142
1254
3022
8430
4281
6095
1358
1738
1487
14399
2259
2972
11366
938
11376
6477
1953
10723
2553
29697
3256
6084
8529
3549
12244
9185
4981
10568
23992
1259
2371
13679
14833
991
1791
10304
13576
2367
8367
10277
928
476
3451
2447
3395
2070
2902
4280
2117
2205
4061
4033
5942
2037
4010
484
3836
11152
2140
11693
2688
694
3599
4101
5461
2001
6443
2354
1583
6908
1270
2233
6382
2138
8317
4705
10757
2662
10601
1424
2018
12156
4299
2083
1626
3265
10545
3047
10349
694
1720
1621
26216
1585
2731
9424
2099
11264
2872
3516
1236
2227
5359
1889
4116
2098
1222
2343
1581
3262
982
2792
2824
1433
3855
4002
2464
2881
1200
1976
3076
1319
2171
1412
5068
1284
49106
1900
1989
2830
6162
1855
2762
1771
3005
4625
2441
5049
3641
1343
1783
1313
2510
4898
1951
2181
1577
2129
2470
4794
1873
3253
1625
944
2542
2336
1362
2396
6766
2902
1192
3290
949
2172
3980
3638
1860
4936
2122
18396
3190
1327
1661
1612
1491
10282
5392
1727
1743
11404
2408
632
656
1017
6415
5493
8406
9191
5851
6382
1892
15335
34812
33654
2319
15104
56125
40748
4167
2877
4008
2099
4177
3699
465
11542
7379
3047
1240
15544
5783
3383
3291
2777
2776
2903
11256
34356
1139
8668
15253
2143
21618
2222
4158
4906
7694
4126
6168
6333
2011
3256
1580
8220
16274
2462
1375
784
5615
2688
2082
3711
4893
1013
3534
6381
2057
16989
17401
28284
11551
7786
2431
1316
1171
1049
766
464
3323
808
1224
3442
1080
949
922
4175
442
4085
10203
3483
823
3490
2617
1900
404
14300
4351
4360
3522
1081
1350
3866
3563
1227
1738
518
3460
1983
5410
397
500
1794
28903
1663
4623
2678
4386
3485
6243
13516
3414
5220
778
779
1089
928
1508
6691
2699
2149
1344
498
2995
1931
2686
2142
1621
507
90
1411
5033
4808
4596
981
1448
1518
432
3986
1392
7609
4708
6532
6647
5378
3680
22896
1235
1201
4867
1017
6415
2471
3389
571
4020
1049
4069
849
3194
2786
8458
7595
1905
1115
4776
1431
1707
3477
13048
3778
3622
2642
358
5853
3936
2687
1727
3202
8111
3984
1539
6317
7688
2946
1858
2125
1188
2166
7362
1149
25638
22114
12180
9901
2284
15088
3197
3139
17919
2078
7599
9135
4558
12185
1197
18207
9308
5263
396
5997
1611
8836
9542
6015
2529
11422
13242
8615
4419
2469
2042
2779
4409
12131
6863
4734
3776
24791
2049
1140
3570
12476
1947
2156
9596
9138
1229
3160
1878
4173
3220
2551
5235
2273
2762
1464
427
6710
4220
7839
533
1655
1589
1534
3776
3558
7378
2308
3227
1296
3153
1511
6690
1512
1612
7465
2591
1361
1486
7661
23517
860
824
938
864
3655
983
1125
2612
4086
845
2635
1098
3376
1171
10442
776
1520
12717
1242
1567
787
14948
1976
1281
5565
8531
1300
4047
914
2075
15205
1606
4368
1806
23856
3544
2378
307
4375
466
1824
1329
7404
10872
2322
685
2687
579
916
2269
3017
2021
1348
1379
14937
1068
660
1352
1243
1996
2313
3748
709
8123
27068
1236
4466
653
520
2148
4956
5575
25762
23545
21762
25454
11287
26143
40550
26455
22403
26450
18934
29960
23553
23727
24631
26328
11319
23608
23057
26604
10637
16802
87440
27237
23042
13331
25104
24479
10090
31162
14027
20656
31661
26228
23966
27690
26987
13711
11993
37991
26905
1371
23529
56183
21895
8488
33005
30263
23017
27390
22856
27797
44872
26090
23148
21709
26945
16706
24382
22755
26108
22136
23510
11209
5962
6712
5439
1997
1814
1512
1481
2076
6786
1423
1905
2071
17069
3714
2048
1337
2000
3757
1830
623
988
6449
1098
3694
1000
3373
395
14857
1579
1565
746
1078
2571
31874
1190
14027
4430
3179
1063
26141
1403
1471
2338
956
2196
1568
1421
699
4074
2160
841
5134
1436
2657
2642
1869
1062
489
9515
1710
2681
1739
3282
1201
2671
1365
2384
2289
1611
13114
2026
8910
23770
2041
4730
4965
395
285
4745
2232
1543
958
1162
1085
1805
1304
1748
1880
3470
1610
1240
2316
880
1353
386
5843
874
5753
1070
603
1647
2485
12572
1812
2781
1238
1481
696
639
896
3799
529
9748
5977
497
3359
2230
981
9438
550
509
472
11667
2487
1173
877
2487
36516
615
1286
4811
7502
1346
443
1022
104460
1009
2760
1280
2664
2588
451
1990
5095
4126
3960
2767
9170
1542
3467
2023
2533
3934
1370
1958
1668
2266
1366
1148
1421
2523
1579
3990
7697
1462
1056
12991
1398
1436
3371
7261
9727
3110
1731
19035
2102
15250
2240
1625
1354
2006
4657
1228
2248
1634
1739
898
631
21329
5558
392
978
3412
1938
1993
1828
459
10493
543
2927
821
15174
659
10521
1213
3594
1797
22405
1228
741
813
3467
1053
1656
4648
672
6849
3274
11635
546
1453
1410
938
5110
5512
3027
841
2864
1664
14352
1093
1910
5816
3906
4060
1870
2024
3150
11104
8309
2302
2084
2413
1893
2670
1357
4462
2396
2569
1042
1719
1475
1278
669
2989
6716
551
1636
3291
2175
3826
2305
11223
3701
5102
654
3179
650
1969
4617
1106
493
853
2245
2442
599
2392
617
599
13017
2380
2788
2778
562
6795
1648
13298
714
2735
1209
3416
568
1332
1487
13683
15021
1808
562
1947
22605
2131
659
1370
2329
659
1154
1304
5412
6319
1514
2023
4515
893
12861
2188
2956
2669
1335
7207
11421
2491
450
3008
3548
548
3311
1047
12607
4171
1934
10731
2176
6195
1165
5174
779
865
3397
3320
462
1060
3152
710
2259
8137
13883
1348
2254
1125
5974
9115
824
688
8140
408
734
728
3510
524
23868
6018
2255
779
1866
1924
682
698
684
478
682
4707
692
1383
1472
1590
2917
1692
26626
2542
1297
1639
1812
2318
1343
3378
2188
776
1798
6268
1811
2615
787
1028
4708
1703
1927
4432
3745
10115
2750
7964
739
311
2061
2706
2288
39536
4708
2142
1550
2988
1951
2362
1235
1751
1458
3827
1960
2590
3856
3686
1939
1107
1540
1180
2386
3293
2047
2210
2171
913
1609
4187
9591
2754
3570
1131
5381
3479
1291
680
11635
1686
655
4650
574
1563
1104
1883
4925
10791
10050
924
6217
1741
779
632
1138
304
6074
1186
6916
3686
610
3061
554
643
661
889
429
4832
900
1445
487
1634
402
2484
4645
2022
2660
545
2752
583
1139
1541
1691
2213
511
2527
4513
1648
2430
7019
698
711
5377
5841
3393
866
1399
3329
624
3567
2178
19277
9702
784
392
1351
543
4866
3032
733
2297
2495
608
1046
14710
4707
1104
4714
804
1257
10964
3030
11320
965
9331
2072
3466
1439
4518
302
1138
9731
801
4046
2257
632
4748
4016
1446
807
540
784
1163
1021
1534
2904
3132
2371
1480
1923
2835
3062
987
4510
969
1386
519
2385
2103
1492
692
4835
6049
4371
2251
1068
2054
1363
1651
1525
10219
2643
485
6368
1174
811
6439
1763
1772
653
1277
2122
1166
24697
2203
2012
723
1061
22035
1099
674
9855
1475
1674
5603
624
11883
6500
10278
2268
2520
593
796
15747
7759
7190
1034
703
7241
5819
4346
2290
1561
1591
11164
702
2191
5457
2153
1700
1264
798
1447
909
1910
2215
1596
3147
2442
11022
1359
609
4571
2763
2137
881
15430
18015
2885
22115
1319
1425
3183
3377
48119
6085
2061
888
29729
660
2377
1227
2918
1461
1582
1177
1561
2085
723
2727
1957
991
420
2069
4863
2232
30175
4632
1389
3150
2648
1164
12973
7533
1269
3205
778
3303
4057
5309
732
766
663
3427
7350
3768
2580
2595
1702
2368
2321
2753
25219
1267
20782
1581
2196
1640
8344
2934
1754
2259
20099
25596
7600
1673
5466
4283
5530
1126
1232
1249
1730
2839
1596
760
1530
584
1394
2313
3119
723
916
2374
897
1064
341
1608
905
6905
443
635
1460
806
10733
5394
2053
10808
3111
4413
4634
3042
2525
2842
2815
116274
876
1121
1108
1343
2769
3549
7236
2958
5320
2145
3327
2071
411
6410
951
933
1043
1400
1944
6938
1298
2156
1128
961
2639
2898
1287
1174
3097
675
4362
2097
2300
1840
3417
2019
2063
2320
22422
1871
2391
4774
1861
4173
2189
1743
2408
739
541
2023
2920
811
1191
2415
9225
17971
1236
869
2207
1438
5568
10061
6738
910
4298
14436
3865
5314
3672
12827
1818
1421
2424
2527
989
1839
3273
1440
1309
12500
16414
755
991
10133
955
1873
936
1585
6012
2499
1920
3408
10086
1834
947
3018
1159
3249
3926
867
2519
2843
934
1254
2533
6069
2458
878
778
2799
2564
7087
2583
712
3676
7192
14630
2504
6512
803
720
3731
1114
2328
6972
2536
1469
14813
8403
2290
1734
23156
1917
929
806
1359
3373
1822
1398
1131
16497
866
3164
1852
706
2612
20764
560
2189
703
4076
1306
1461
2038
5358
3317
1366
2017
4794
2080
7767
1704
27925
2331
991
2675
24160
8028
2052
818
1019
5118
2232
2781
6929
1249
983
1354
1166
1430
2050
36810
11597
2937
1618
3259
27024
5221
2605
1320
881
600
4578
4459
2009
6746
6907
3439
1775
10243
3261
1334
248
2956
1522
2946
8707
923
829
838
217
2470
1038
5732
780
2037
4541
3557
1336
1553
2280
1762
714
636
4481
2868
3384
862
2340
3184
532
8187
1119
1713
890
2271
970
1714
1094
1425
3308
2308
535
7233
706
37368
2944
4680
824
1540
2991
1109
1511
1177
2382
1762
2711
992
1611
8678
3617
988
742
10234
1095
1581
1851
698
2359
1970
829
1662
813
1412
1618
1791
789
2283
1537
1589
1868
965
3284
1307
1749
26829
2067
2027
4398
1888
636
6888
1670
4510
5200
13120
1349
2619
1000
6205
8182
7842
1011
4381
4648
619
493
3568
810
3114
399
850
1025
1307
1210
1995
994
1080
303
2922
2315
2813
564
498
2209
583
1188
1501
3730
2561
1675
624
9701
1982
2194
685
947
48710
4816
2668
1713
2814
1082
1675
1195
3709
1553
1682
1176
1616
1339
861
748
2002
691
987
7742
447
404
1519
437
3283
614
1073
488
4304
1031
2087
5090
1776
2148
1172
1037
598
1468
3346
1124
8693
3513
877
982
13877
4807
2842
816
3546
2026
1025
3073
1494
1338
10522
25039
32739
881
671
2400
1740
885
1011
14960
947
13902
1005
735
996
3127
1465
2549
4811
5015
785
1072
885
2033
801
14107
3021
2352
8633
1180
4535
1148
2656
3103
1407
1668
1011
777
16019
1081
2788
2527
933
803
1606
3766
1082
3574
492
26416
28991
8538
1536
1094
747
440
6399
2476
10514
1722
15653
1626
1711
2410
1796
1979
1558
3671
6876
1694
1522
578
8855
5020
13347
2130
3573
734
599
1942
1764
1602
1391
9381
2386
1529
1162
618
7595
1044
900
17902
1082
8702
3335
1180
4582
559
3439
8286
2074
4206
3345
9964
1096
546
1469
4181
63715
1132
572
6891
696
33638
8332
2165
3106
618
1384
5678
2620
2835
1737
2068
22458
1901
1742
10479
4225
447
1400
859
3637
3681
1299
3770
1083
2307
1350
24384
1382
4201
1143
3612
2846
1365
1027
1543
924
2589
1912
2218
2553
5473
787
2006
1697
3967
1769
2199
10148
2961
38988
1501
2561
21227
4015
777
1832
1166
2129
3371
1589
1515
14798
728
2610
703
770
3051
744
2206
3244
4659
1496
1810
3425
5748
1713
470
468
2355
1512
469
3577
1955
1212
2161
1883
1361
1247
2081
1217
801
5378
1916
1895
1512
2195
620
6206
1769
2569
2408
2965
1404
1795
2370
2895
2036
555
710
978
1126
2291
64965
2243
3182
3256
1966
3055
671
883
3602
2103
1564
1556
4043
3364
661
1258
2372
569
3376
1774
2395
5763
3336
2742
962
368
801
3403
1236
2403
616
2922
16444
484
2046
2074
912
2033
970
8895
472
4787
1306
18384
1261
8815
990
1688
2702
1072
12698
950
2729
3201
2530
808
2373
7508
2469
4097
14464
952
875
2885
695
903
1237
8110
3450
378
3293
1949
491
2577
2132
664
1411
7031
729
600
1084
871
14423
4349
2374
2984
617
4389
1291
7205
1115
12497
7940
3934
1529
1450
1804
3716
7301
1102
1691
1604
2026
1618
3630
4710
1579
2361
9664
2367
1758
4576
2018
2289
492
20115
2482
502
812
536
4008
459
2074
2034
705
3395
4522
909
3174
2832
25562
1372
16859
536
7336
1933
2334
5694
9742
441
4456
1282
2115
2749
1115
5263
12723
3087
2384
11205
4621
1584
1935
3585
727
862
1503
31539
6924
990
3776
1258
5467
764
1416
3242
1024
825
1096
1097
7717
1399
1381
2101
876
478
1019
424
12088
1216
2520
1973
1179
2552
1008
4178
1034
666
1232
2655
1148
543
1081
2701
3980
474
8238
2109
1265
1327
1571
3892
888
4478
837
2258
2181
946
1048
692
916
9778
2553
581
6013
30326
432
1370
3830
1661
2791
1286
648
415
4763
4289
703
523
4673
2178
3956
3835
1817
1509
11082
458
14833
1471
2241
1009
12560
5328
1429
2886
796
8011
1169
442
7647
69766
4431
1254
588
1185
663
982
805
687
766
853
588
1818
4003
4778
2922
6292
1533
414
624
15491
12347
5035
2347
660
2072
3695
3057
6665
3735
3364
1444
794
7697
4453
2642
2848
3339
623
5635
7380
693
1846
711
3115
412
1490
1196
537
1996
4574
1047
1985
2976
2061
4050
3009
7151
4213
283
2131
511
1405
9693
3514
9944
1578
12521
733
1017
2726
2923
7057
2672
1020
15153
9266
1323
3445
1501
770
1091
867
1032
1050
2932
13694
6798
619
1359
2366
2176
3722
1116
1163
907
2143
4321
9129
1767
6193
856
1095
1819
2701
828
1318
1377
1627
355
315
551
586
835
1396
1212
1687
359
2062
1659
949
4002
339
12924
7001
1035
2949
3450
4846
2507
297
269
3822
376
3114
1087
1090
723
3758
5884
303
1294
412
3427
1041
4055
674
289
2313
400
1379
353
1710
820
994
8837
881
1878
1591
3995
986
1537
1642
1457
2136
4074
3494
1786
827
287
3449
687
10167
289
294
1151
2239
638
1395
1491
3096
2933
1442
497
13903
1802
3002
1203
1818
594
2741
2206
7637
651
557
1820
2055
10783
2561
581
1599
1031
20742
1824
2048
1627
2087
1032
1556
1250
1777
2001
1159
11893
2014
9559
866
1416
2116
1291
1519
6160
962
1447
2115
1464
2082
1016
4913
2960
210
3444
728
8165
1103
868
3222
1056
39811
1610
331
5182
721
405
2563
2227
2828
3341
3583
1638
2484
696
1682
3743
2793
533
710
1387
1647
872
637
5249
2845
1630
2038
1090
1331
1434
942
891
5862
383
819
1627
8289
1059
2426
1151
842
485
710
463
2258
1625
463
1323
1434
848
5995
1114
8250
292
925
1309
1309
4619
1211
2748
1067
2395
1162
1833
1355
1171
1667
972
1193
53748
2856
326
1091
307
292
1766
1765
2538
2855
2181
1221
964
2174
423
1817
317
498
753
1677
314
1071
789
713
339
425
1578
1959
1071
2857
3481
1247
837
2502
1844
1081
312
2780
965
4156
301
2971
742
433
1875
467
2520
2774
1361
17964
1145
335
818
215
254
915
2646
8169
2453
2154
297
483
2981
1592
501
1804
2224
1610
1750
1041
2577
1988
2150
2381
697
9578
2917
2501
8265
1485
16496
1952
1836
2143
1649
2977
1502
2674
1093
1463
1039
1468
785
1417
737
1000
601
2131
1118
3966
1199
2981
302
2401
1250
2404
13357
1338
303
15564
953
311
832
585
456
146
1078
4554
23125
375
1701
34919
2420
5809
2601
1191
1805
4575
1386
1080
2975
606
5285
421
2382
1202
329
1615
2200
1551
348
807
2003
1036
468
4682
1880
422
1465
302
1337
1188
6067
504
2529
7180
1452
287
4447
365
362
6662
1578
2241
9410
4062
1297
3897
5698
1044
178
963
1479
375
2239
709
637
22817
1793
3518
48661
914
1673
1411
4032
2013
2883
1834
1742
1963
413
2254
1495
1495
4860
2208
948
1773
2322
5308
378
782
4311
1022
4849
1516
17262
1194
754
2806
2608
1380
554
1142
3338
1939
704
17515
573
2402
1506
348
1131
566
722
2174
963
4727
1823
2745
1051
11042
792
616
3911
752
3325
510
3996
261
3582
250
665
1714
2278
18421
7403
297
670
325
1393
1547
1613
318
3073
4758
1083
1188
341
3934
5235
1207
1190
1393
300
515
916
313
1619
2878
6765
4299
541
1010
2890
669
1011
899
3929
2447
1803
413
469
3996
1912
1018
728
2566
724
943
2306
889
935
532
2722
6553
1630
1590
686
4341
1053
2845
1429
284
1128
2981
10320
3209
433
1958
11989
3780
589
401
1876
788
1643
2101
1316
419
1236
1119
1450
1984
3368
2125
1348
1139
2596
1841
1806
1966
2208
3089
727
518
2101
999
2184
2149
1441
10271
1309
1076
911
1584
5104
563
9083
1197
1205
7418
447
1451
2027
1928
1486
363
2131
2386
2553
4665
1417
946
2077
2762
765
1110
767
1416
1644
1753
4242
1147
1669
10528
766
3052
818
3273
1046
4277
2757
4775
4123
836
501
3647
441
1790
18401
5064
2252
2887
2709
3836
1070
495
2752
1055
290
2523
1402
3438
1069
1913
1740
310
5286
2376
1813
2199
1727
2603
976
566
3701
239
1916
1607
4611
2658
2200
1105
3940
4142
680
9101
2642
2507
2288
1976
298
2012
1701
611
5008
1137
1058
1114
1866
1006
7679
1337
360
1509
6664
415
350
1299
1677
2241
1644
2046
7161
416
2246
3583
2126
1368
2138
385
1259
843
1728
834
7883
1604
2522
1638
1784
1993
2285
1611
935
1640
1075
2537
1504
1717
544
808
1540
4648
11086
2944
2458
2016
2828
1756
838
855
1926
1949
3660
718
751
832
1135
856
1531
1600
1625
3186
662
1715
671
1889
913
1665
5846
879
1019
637
375
1019
2995
462
22682
2644
9787
1029
18347
1672
24327
2309
1114
1062
6138
28602
1805
417
1298
3192
13789
5541
9976
4362
405
752
4411
3777
3987
3195
4930
1501
440
2509
2528
2445
2670
5011
1687
512
3151
2210
1677
403
2499
472
916
6257
1123
3360
2337
801
7304
859
3562
4425
994
443
381
1649
3571
2278
2588
694
3088
741
1264
1821
4467
504
599
1683
497
599
882
1798
4323
2752
5841
3559
744
593
3790
370
2207
351
917
1487
2679
1892
414
8619
552
2364
2435
893
2715
1887
2141
1007
419
4325
803
11868
479
779
8667
3367
512
11366
3989
703
2784
21235
16203
482
11058
1694
1936
6031
1993
432
1324
1479
1313
6937
393
3286
21099
10282
1550
4224
1689
1485
1076
1164
13381
4305
1595
1572
2874
1065
483
1225
6166
557
2091
1956
3320
1519
826
480
948
751
3096
5383
1904
963
3308
3205
2107
972
1659
1099
492
1049
956
528
1040
3185
1777
1238
495
13618
1350
2648
856
3231
2212
800
6527
1006
2370
1031
2811
2356
1542
2007
2430
3597
844
1660
1897
785
885
933
2775
893
1508
562
4774
2164
3128
4026
1221
421
651
1676
376
1078
3463
1228
3464
474
1850
1729
1717
1300
1151
1598
1261
4318
557
1507
5476
2779
86874
1600
1000
3495
1079
2144
1552
560
3691
569
5240
2999
2244
4725
1024
2445
1272
392
1132
1475
1584
1013
2874
771
2023
2695
421
1408
1976
416
1600
2297
2245
1366
1818
9068
401
1792
1417
2334
1444
3925
2432
2392
217
571
757
455
2602
306
754
1805
9241
2163
778
4775
1426
1434
965
4741
1710
1348
3416
2967
2620
2942
1173
2624
1195
560
26661
909
653
1936
3287
2037
4091
3243
654
1766
1121
2263
5838
900
1655
1504
9583
340
2964
30769
1015
16348
378
625
5132
926
5369
1016
345
1971
1327
3578
2805
1234
404
635
959
726
1649
1155
546
9359
1482
18131
1171
686
628
12134
2115
558
301
923
1014
3980
787
43414
1410
1531
1387
616
528
2828
488
1207
4355
812
1411
8994
489
257
1268
3758
1040
1571
814
2477
798
4901
1277
1698
561
282
7205
5011
4642
1114
1134
5425
882
571
3070
1946
3737
1381
1192
1428
2891
5199
254
7784
2033
6917
1109
27078
734
1702
2776
2312
684
1045
764
2126
1463
2493
985
745
1015
825
3752
2203
6108
3060
1840
2861
9449
1720
1090
2287
3036
4032
1045
826
2467
2240
2056
1024
2225
715
1749
2964
877
3071
1166
4112
4878
2362
16575
4396
947
5674
723
1559
1487
1631
3010
799
2260
1105
1602
1396
1330
4265
601
1390
1106
1889
3115
2372
1559
2439
3358
1055
731
1011
751
1521
1518
1309
1076
2201
4484
427
1064
1176
1072
691
60269
2449
1744
1018
2783
4647
1854
4501
654
716
1114
1410
1501
14867
1513
1092
8718
1646
2046
52231
1027
1218
1507
1315
1051
11551
1332
1584
789
1292
1166
2079
4100
1364
1684
1121
2293
1146
1620
1922
620
8870
2481
2415
3047
1208
467
1745
916
3195
1110
1089
959
1971
530
1238
18457
849
1153
4388
1393
1733
910
3781
1099
640
811
1245
644
1240
2445
1413
957
744
5047
2326
1929
2519
3289
1332
1208
1011
597
990
1053
1154
2045
5360
2208
1218
1803
5510
1063
18786
3246
673
3687
4099
408
776
5226
9352
1500
1436
3594
1287
1028
1556
17571
1406
748
1258
1072
1225
959
1135
1208
993
1606
1197
2727
3242
1832
1146
3022
1065
667
1464
1465
1207
2552
1593
2177
52860
1520
8707
926
1317
1280
972
2586
1325
731
1360
828
3573
1211
3644
3923
1113
3465
3265
1841
1297
960
1791
1290
967
2299
922
1196
2380
748
1348
3137
1558
4350
1659
819
2679
5397
688
5168
923
2196
1338
1154
14695
1407
4392
1378
2336
7372
6331
2300
626
1114
2512
519
939
3577
330
2178
7118
2202
3610
2092
1493
2002
861
1811
2008
764
4126
1434
1514
2700
1686
1454
2416
1244
3903
2117
2115
4242
10946
2220
3787
3683
2824
2153
794
1156
4408
1919
3160
3046
1324
1364
22323
1667
1499
4151
17785
16921
1862
7020
5867
4404
332
1229
786
1841
4198
706
2146
1633
990
1435
594
2503
3791
760
14345
1362
2132
1691
2530
1095
751
771
978
3766
1056
9497
1768
1089
683
3055
1845
868
1097
1592
8146
2133
1825
3297
5472
5137
3223
4151
3806
827
1385
5906
1013
3807
2449
1187
67030
3609
1632
609
2758
7308
582
6072
1401
570
3444
2933
676
2096
829
962
1193
705
500
1946
877
1922
912
2297
4696
1400
11441
543
681
2240
2397
773
951
897
4495
1517
954
2291
867
3066
989
1096
11107
3781
6581
817
778
967
26508
2291
5141
7219
48969
2776
521
4318
1992
692
5597
826
330
1778
7216
5344
1437
679
3318
1291
624
1630
4245
2340
6089
3317
1323
668
3397
8171
981
1334
751
523
736
3908
1065
2079
2402
3359
442
2900
3615
747
5526
392
667
9006
1727
1519
4682
6862
2893
2804
2585
2554
501
12201
4098
1860
2441
603
6950
578
3140
2806
462
864
661
1369
1705
1173
1635
2149
1094
1356
2255
18696
7260
2470
3711
2981
1081
1707
564
4776
1396
1013
984
2481
1478
2857
917
898
2085
846
595
1086
5963
2499
2142
826
2512
2059
2674
1216
2928
1198
6715
2079
6783
2724
1256
1672
3497
2194
861
1293
2101
924
918
1651
1770
820
510
1457
3921
5988
22262
1391
6928
1838
1788
1866
1008
2965
1536
1520
4182
26125
2992
1304
1490
871
1426
807
4220
6480
2514
3286
653
930
3498
793
3609
2438
2732
1079
7773
2627
2284
2322
2259
45042
2161
9444
3009
4067
23390
2065
4180
786
21045
4819
1141
614
1893
6987
866
613
1411
2231
1420
761
1826
43167
1953
717
246
1581
5991
1440
1005
7598
2077
5558
3675
790
525
1228
1634
1715
3656
2409
3503
1881
750
400
5341
2090
1021
713
1137
1603
1019
826
814
2157
8888
836
822
655
3471
1004
4169
20736
877
16583
22270
1828
8201
811
641
4570
2071
2383
1255
4979
32179
776
794
3806
369
833
1135
3481
7408
8052
4695
463
6475
2203
2768
1475
1618
920
30858
6562
955
2374
8994
372
2392
1523
1672
3483
7722
753
2125
1955
4157
722
2398
861
560
1233
4448
1325
6745
4605
1954
694
752
948
2847
1086
16781
4092
3604
1172
521
1588
876
1333
2091
673
6528
611
1593
6559
8475
1461
10383
1847
1010
1956
3133
681
7561
3171
1559
1536
530
4067
920
3730
6450
1347
1110
996
926
705
4477
1083
638
3043
631
3214
1088
1232
7777
2686
1114
1225
2033
6202
4099
1915
2292
740
2173
767
849
590
1024
664
3522
521
849
394
663
1875
3423
1095
957
1316
16202
1210
483
1034
907
841
6075
643
1359
2244
641
2716
4506
895
1094
677
4256
709
3652
1160
2401
4227
16883
985
2838
13593
2119
5008
1487
465
604
1001
2245
742
658
2288
604
991
3715
17956
4926
704
2593
1175
2236
2052
631
50318
1980
1329
1961
2282
499
496
673
4004
3284
1919
3139
4009
719
692
1470
636
1885
855
4559
9505
569
8999
2127
1111
1769
1918
927
36253
912
811
758
779
838
420
398
1233
10139
1925
906
1774
465
6843
2642
1908
1185
1816
3832
3296
1006
783
659
941
541
3194
52402
1303
2971
543
1265
1286
2102
698
703
772
317
785
667
1967
588
755
3138
3735
1150
870
730
795
751
1316
1272
1966
1139
1647
23848
1113
412
7446
792
1304
617
7619
359
967
1348
6120
1211
588
537
19115
1851
2934
1468
658
5217
4167
13066
681
1130
3406
907
607
1712
613
2964
1718
654
2455
1325
1301
3433
271
718
7322
455
2749
321
753
388
548
1757
351
10415
2062
3478
1295
2948
294
4517
592
3315
1311
1467
2582
716
2220
571
4062
1154
3398
3845
518
2652
1225
4386
1027
2500
618
3405
1109
994
3225
515
2383
1023
2016
4825
557
448
537
3033
1717
1394
2518
1319
1817
912
2135
1592
4273
4910
486
428
850
6444
1943
568
12100
293
2631
1243
5767
288
704
3263
3788
3386
2898
308
886
609
970
597
3751
5982
6089
986
4269
2173
4488
799
8563
2599
12960
1744
801
1631
1058
1084
898
965
1333
15211
938
4418
656
801
1066
716
7280
933
822
5455
12821
743
558
3466
1568
738
4147
3862
3448
5959
5005
1175
1379
4558
1013
1064
14291
1000
620
1010
5898
1198
1510
2773
1232
2772
10061
1954
913
3416
1599
497
5880
1303
4369
2469
506
714
2217
1170
574
1034
833
2809
2009
900
520
3809
2138
2739
863
558
699
819
1344
303
302
1312
1011
385
4607
529
3004
1130
38029
2202
1779
3809
2199
1393
4438
1281
1492
604
416
378
22916
1946
1711
373
512
11729
1689
5134
1382
854
914
2258
183
2793
565
568
868
1012
385
920
1653
3374
1437
817
364
3480
3643
1419
3806
2016
1816
3707
1119
651
2530
1332
9660
3640
3528
787
604
552
28493
3388
483
2984
811
1763
1251
733
2211
776
3826
626
1787
2081
616
530
1344
4111
1885
1904
668
1254
2215
1159
18903
1269
661
22598
1293
1515
703
2650
885
1030
1830
9470
600
712
607
2395
4774
1104
3521
462
2969
835
3534
695
2906
1434
2929
2374
484
729
2903
1418
1169
1364
654
1318
690
3732
784
1756
571
1396
2504
446
1421
706
4744
331
102235
921
3851
1251
1607
7624
874
1004
15195
851
722
219
1172
716
1773
3745
172
354
5616
710
7468
985
22779
495
275
360
326
124
4932
1446
1379
1250
996
680
1352
1898
965
2880
7953
962
1773
1007
866
1546
1168
2112
1122
4171
2481
1298
661
2704
2658
2781
642
2525
3683
2542
1606
766
7741
4602
5573
75063
4011
6363
1368
7531
9122
486
2517
8456
1997
1043
765
1418
16067
1946
1676
3200
7044
4375
17958
2836
3588
1310
2563
2079
3322
1199
8432
3989
4155
2586
3173
919
4349
3259
1563
1492
837
793
933
13910
2163
543
426
761
2653
11876
2716
1419
1480
2100
2117
2670
10931
1797
781
686
1878
714
3256
2485
21699
6304
758
867
1470
2050
2039
2464
2141
2187
1525
2256
2355
856
1537
2979
3315
2176
1193
1392
1503
570
2182
2574
2580
2328
749
1476
3021
866
1247
444
788
428
4225
779
1747
11054
5037
2252
471
506
2019
13809
2431
6026
798
5136
2313
1804
2084
1151
20533
2400
360
525
1157
1668
2183
18272
3102
2473
8087
1972
658
494
997
1903
912
2478
385
1066
1955
6859
402
385
359
673
1442
1408
1488
5744
710
1863
3405
3676
887
2288
223
897
2675
990
1659
830
6232
759
917
2485
598
2111
2799
2009
2145
503
773
807
1258
3749
1442
1889
1466
1418
5087
2147
2787
10393
1888
3073
4107
2928
4300
3230
1302
1866
2631
1228
1615
1347
3386
1124
1796
263
2796
564
4205
745
5111
1669
1892
6478
1405
7569
3018
2130
2366
1529
3143
390
13269
4045
1368
2122
2057
3655
2263
2877
1662
3281
2024
1392
1797
3470
1182
1329
937
1027
2793
23083
4461
6787
1489
1666
415
8269
2314
1679
4942
3269
1121
2587
365
4891
2969
1126
14107
1641
2495
808
7095
2343
1253
9637
1795
1010
3120
3367
5180
3246
2361
4009
1452
772
8350
1082
1645
463
18011
3960
17054
2684
2402
4861
1443
1892
518
4711
3982
493
330
1149
3660
2407
382
775
1306
2841
2088
1204
1688
2296
1570
1121
1654
1172
2470
12028
2153
1133
1456
1550
