0.95026
0.56086
0.5133
0.90785
0.88086
1.1666
0.9512
0.88567
0.80793
0.57547
0.9153
0.96736
0.97304
0.85046
1.1274
0.71041
0.81478
0.74569
1.0695
0.92619
0.78438
0.9207
0.86062
0.92797
0.54918
0.97927
0.88912
0.93624
0.87637
1.0034
0.6583
1.0936
0.92994
0.96287
0.77434
0.80626
0.90721
0.61103
0.9866
0.86521
1.082
1.0293
1.0666
0.6898
0.64289
0.86543
0.60348
0.87747
0.96504
0.81777
0.87432
0.97493
0.64917
0.96058
0.69856
0.52239
0.88944
0.79289
0.95701
0.85211
0.8922
0.91152
0.81037
0.3623
1.0374
0.96893
0.73979
0.7822
0.91633
0.85047
0.67426
1.0887
0.76995
0.91129
0.83683
0.69007
0.83494
1.0919
1.0544
0.95723
0.95937
0.83756
0.80795
0.82765
0.81313
0.96537
0.67411
0.76883
0.75582
0.84241
0.81602
0.76769
0.9486
1.0114
1.0454
0.94635
0.50265
0.96146
0.69854
1.1502
0.90049
0.59218
0.87053
1.0822
0.77249
0.85689
0.82616
0.79433
1.0073
0.86163
0.82991
0.68657
0.98951
0.9823
0.87734
1.0133
0.78361
0.77112
1.1209
0.91404
0.47036
0.7302
0.84039
0.93438
0.81184
0.84595
0.6133
0.58841
0.6294
0.86818
0.82546
0.48057
0.68273
0.68453
0.51495
0.83871
1.0631
0.75055
0.99598
1.0765
0.80624
0.83189
0.67958
0.78075
1.0475
0.68035
0.63692
0.81205
0.81642
0.63533
0.8603
0.40162
1.0388
0.96432
0.72561
0.65406
0.58252
0.7723
0.99541
0.81504
0.68522
0.73037
1.05
0.73007
0.80989
1.0236
0.80284
0.61329
0.69931
0.79285
0.89537
0.78182
0.68949
0.62476
0.75783
1.0628
0.65799
0.84378
0.65536
0.77658
0.879
0.84157
0.91846
0.70229
1.0794
1.0339
0.78085
0.5652
0.94187
1.0051
0.9162
0.89481
1.1545
0.89029
0.89723
0.82506
0.99133
0.8414
1.0357
0.8219
0.71059
1.1211
0.96516
1.0403
0.64573
0.75609
0.67911
0.69108
1.0497
0.97636
0.9671
0.59015
1.0307
0.67178
1.0042
0.99213
0.78729
0.80848
0.60434
0.73851
1.0445
0.96255
0.78071
0.89937
0.79353
0.84194
0.86264
0.93847
0.81542
0.95767
1.0078
1.1303
0.70719
0.91842
0.86555
0.65934
0.59463
0.95236
0.88386
0.81863
0.68344
0.64379
0.7054
1.0105
0.99958
0.99013
0.76458
0.65453
0.69347
1.0151
0.98469
0.89768
0.96036
0.85868
0.62778
0.94757
0.48842
0.8034
0.79571
0.92861
0.84348
0.8834
0.90663
0.61205
0.83416
0.53365
0.70372
0.74416
0.67101
0.57264
1.1125
0.87003
0.97461
0.83301
0.81074
0.71068
0.94609
1.0949
0.48415
0.80299
0.97767
0.86117
1.1089
0.7842
0.66492
0.82881
0.73707
0.56679
0.69747
0.93406
0.78747
0.84902
0.66067
0.83771
0.76504
0.73166
0.98782
0.99152
0.93182
0.95986
0.92056
0.55679
1.0815
1.0273
1.0327
1.0029
0.95825
0.77696
0.64251
0.97567
0.84344
0.53005
0.68504
0.70556
0.93544
0.82112
0.81586
0.75475
0.91681
0.47092
0.75457
0.68735
0.87827
0.80092
0.90215
0.72434
0.85384
0.92473
1.0008
0.9378
0.59235
0.9219
0.71837
0.72056
0.75995
0.54716
0.63369
0.88886
1.0063
1.0592
1.0184
0.76287
0.77153
0.86122
0.93665
0.98112
0.87066
0.58997
0.98613
0.79089
0.75918
0.78209
0.98215
0.96188
0.64944
0.84556
1.022
0.92228
0.94857
0.86825
0.71744
0.91947
0.70072
0.86254
1.0411
0.9513
0.54137
0.92673
0.88563
0.76741
0.85684
0.4585
0.97009
0.57806
0.68616
0.59857
0.57627
0.92231
0.59892
0.69874
0.83756
0.89701
0.71548
0.74559
0.9346
0.70086
0.74443
0.82323
1.0025
0.58379
0.53991
0.76137
0.47285
0.83928
0.80214
0.85622
0.85659
0.82168
1.1042
0.90725
0.71539
0.85232
0.62261
0.86554
0.87674
0.82451
0.8674
0.87818
0.96074
0.95786
0.68995
0.97056
0.58411
0.91436
1.0737
0.82781
0.81862
0.95775
0.78395
0.96056
0.64401
0.89505
0.69207
0.91606
1.0478
0.6051
0.56244
0.91246
1.0423
0.72473
0.80317
1.0982
0.66067
0.74166
0.4515
0.72623
0.71685
0.93397
0.82753
1.0557
0.99894
0.79551
0.54443
0.57678
0.68066
0.5959
0.95739
0.93169
0.9538
0.8361
0.72901
0.79827
0.78366
0.84162
0.66117
0.92687
0.79217
0.42544
0.64983
0.22408
0.59492
0.89966
0.93594
0.74259
0.90545
0.9987
0.9475
1.0776
0.79944
0.67196
0.8232
0.88142
0.67045
1.008
0.73171
0.9673
0.83636
0.71241
0.82434
0.94175
0.81548
0.95425
1.0217
0.90266
0.74162
0.8687
0.71619
0.61883
0.79306
1.0917
1.0048
1.0116
0.75298
0.85138
0.83093
0.85981
0.97588
0.87037
1.0169
0.96746
0.85145
0.91302
0.75524
0.5283
0.58347
0.65043
0.85892
0.85401
0.53307
0.78685
1.0199
0.91854
0.94401
0.9779
0.76584
0.38009
0.86145
0.97375
0.83904
0.73383
1.0526
0.8679
0.77967
0.89498
0.66383
0.53687
0.94002
0.65753
0.84708
1.0311
0.83497
1.0388
0.90395
0.96538
0.80277
0.71177
0.86371
0.74997
0.99829
0.7696
0.74876
0.81509
0.39612
0.67388
0.74483
1.003
0.94869
0.76668
0.7116
0.76777
0.81659
0.77637
0.81096
0.7055
0.79769
0.79929
0.72352
1.036
0.69416
0.62812
0.69889
0.93296
1.0537
1.0557
0.83719
0.5429
1.105
0.63744
0.7528
0.51997
0.65877
0.76432
1.0054
0.60564
1.0268
0.63091
1.1204
0.76788
1.053
0.53133
0.89187
0.85483
1.0213
0.79282
0.7752
0.74786
0.97059
1.0682
0.96166
0.9003
0.99583
0.77409
0.73588
0.98752
0.62206
1.0903
0.93648
0.87782
0.61068
0.81156
0.70023
0.76969
0.93149
0.63623
0.61663
1.1223
0.7592
1.0003
0.86617
0.77535
0.8028
1.0208
0.84037
0.99657
0.94201
0.83063
0.93496
1.1304
0.8536
0.92869
0.71509
0.73588
0.85048
1.0859
0.78881
0.72102
0.79958
0.4404
0.33954
0.5384
0.83712
0.72149
0.84188
0.82868
0.96693
0.80855
0.91181
0.94059
0.89862
0.79933
0.7399
0.96169
0.84312
1.0025
1.1676
1.0542
0.74682
1.1218
0.95458
0.82518
0.82009
0.75676
0.89484
0.59838
1.0035
0.67213
0.78491
0.57268
0.94003
0.99179
0.88764
0.72571
0.8002
0.88559
1.0671
0.61834
1.0187
1.0217
0.64852
0.90614
0.86735
0.98889
0.50412
0.96576
0.80119
0.86706
0.89248
0.88331
0.91516
0.85349
0.84367
0.73826
0.67967
0.93272
0.9244
0.65817
0.71537
0.93092
0.88501
0.96626
0.84966
0.84727
0.86992
0.6118
0.99681
0.7864
0.86023
0.68872
0.57532
0.83552
0.85277
0.92777
0.54614
0.9941
1.0445
0.88356
0.58181
0.74027
0.91662
0.81092
0.64137
1.0113
0.91863
0.89182
0.77167
0.8824
0.87191
0.91733
0.88187
0.93912
0.79331
1.0297
0.84349
0.76358
0.74109
0.97
0.99609
0.84656
0.47892
0.75439
1.0659
0.63128
0.37225
0.76767
1.0888
0.76121
0.41131
1.0291
0.79854
0.53571
0.7758
0.56845
0.57366
0.7504
0.8946
0.9992
1.0305
0.738
0.7006
0.78871
0.72467
0.71915
0.98654
0.97941
0.51659
0.91043
0.80401
0.51572
0.70595
0.85909
1.0807
1.0229
0.83086
0.93975
1.0947
0.98005
0.62596
0.85964
0.8511
0.85528
0.95321
0.79605
0.84099
0.59402
0.89402
0.79315
0.8602
0.78733
0.74027
1.0866
0.62539
0.66099
0.80926
0.83084
0.99628
1.0842
0.74903
0.72699
0.74504
0.87609
0.77442
0.70806
0.74099
0.60078
0.65418
0.59213
0.74095
0.76911
0.86907
0.98737
0.96192
0.81674
0.69007
0.9588
1.0307
0.83765
0.74278
0.97893
0.97605
0.72139
0.81382
0.81166
0.7929
0.87943
0.67508
0.54929
0.82518
0.7238
0.61057
0.56268
0.75113
0.89492
0.86984
0.87947
0.97853
0.7894
0.5066
0.92566
0.71818
0.66883
0.75121
0.90026
0.62772
1.0284
0.96484
0.70505
0.78169
0.95837
0.82844
0.71106
0.90591
0.85202
0.93647
0.87615
0.70403
0.72187
1.0593
0.77061
0.78122
0.86858
0.62038
0.58646
0.99656
0.75145
0.89147
0.89235
1.078
0.88763
0.81083
0.9083
0.81392
0.8399
0.64644
0.55523
1.1574
0.81036
0.90449
0.59443
1.1464
0.93647
1.0092
0.82923
0.74397
0.89857
0.93547
0.37922
0.95571
0.73609
1.0665
1.0295
0.81622
0.79762
0.79925
0.86127
0.46124
0.97536
1.156
0.83863
1.0746
1.1429
0.865
0.36015
0.7513
1.0549
0.87931
1.0281
0.94588
0.68433
0.89101
0.74552
0.92084
0.82804
0.65578
0.81325
0.72528
0.94927
1.0091
0.92098
0.91327
0.79356
1.0134
0.46998
0.89976
0.59357
0.77886
0.76076
0.84239
0.79257
0.70364
0.58806
0.63463
0.95464
0.98582
0.62438
0.77676
0.71222
1.014
0.85359
1.0401
0.93315
0.73552
0.77891
1.028
1.0324
0.8753
0.58804
0.79585
0.96572
0.59463
1.0467
0.9407
0.94465
0.74855
0.89764
0.89674
0.76638
0.82534
0.8762
0.87224
1.1
0.8506
0.79114
0.95118
0.94073
0.77167
0.95073
0.82695
0.62245
0.63181
0.68217
0.75863
1.0292
0.91166
0.83424
1.069
0.94456
0.87739
0.9205
0.81439
0.48644
0.83298
0.97046
0.76647
0.94424
0.78231
0.8093
0.86453
0.95802
0.91222
0.7904
0.84934
0.818
0.66358
0.82001
0.6709
0.52688
1.0502
0.86907
1.0039
0.93712
0.31451
0.96456
0.79514
0.91854
0.95857
1.0223
0.94722
0.79196
0.54413
0.75908
0.83402
1.0804
0.76064
0.72535
0.96718
0.83524
0.66594
0.92076
0.79882
0.86023
0.56748
0.57783
1.0558
0.832
0.88629
0.92787
0.86686
0.85354
0.64752
0.88884
1.0065
0.48506
0.88887
0.94867
0.89822
1.1418
1.0456
0.5861
1.0423
0.76854
0.60824
0.86042
0.93114
1.0321
0.76595
0.75793
0.71894
1.034
0.74246
1.0879
0.92535
0.75719
0.62957
0.64464
0.64156
0.7527
0.76
0.89566
0.8711
0.75111
0.87941
0.90948
0.92435
0.93372
0.67919
0.90911
0.85742
0.94482
0.97235
0.99628
1.0875
0.83221
0.85972
0.61751
0.98862
0.83007
0.57014
0.71831
0.81275
0.88648
0.6862
0.73773
0.79949
0.75107
0.36285
0.77471
0.8734
0.57883
0.89866
1.0257
0.91551
0.87911
0.87578
0.57745
0.96206
0.77679
0.69126
0.89746
0.84162
0.99884
0.63154
1.037
0.9754
0.83235
0.78265
0.7951
0.90948
0.75783
0.62422
0.74007
1.0881
0.63145
0.7995
0.8392
0.96422
0.9691
1.0337
1.0771
0.97475
0.55016
0.76066
1.1358
0.83885
0.77291
1.016
0.7996
0.72832
0.72794
0.76352
1.0426
0.7216
0.8246
0.82102
1.044
0.93979
0.79919
0.52322
0.83358
0.94386
0.98366
1.0161
0.91248
0.70008
0.73462
1.0301
1.0888
0.96588
0.8655
0.72746
1.0547
0.71095
0.6631
0.95566
0.90776
0.64705
0.375
0.96696
0.80722
0.70058
0.83827
0.89975
0.6543
0.57634
0.80583
0.83753
0.7823
0.67551
0.64575
0.53875
0.96276
1.039
0.85851
0.68894
0.8638
0.96335
0.81872
0.72606
0.74811
0.76815
0.66912
0.98353
0.61964
0.80899
0.53228
0.66838
0.83604
0.86227
0.73368
1.0749
0.7559
0.87155
0.67685
0.77548
0.74979
0.8573
0.83938
0.83913
0.78054
0.83533
0.89256
0.82078
0.80006
1.0394
0.81695
0.59321
0.74188
0.84799
0.91857
0.92788
1.0194
1.0998
0.7643
0.90919
1.0703
0.86825
0.84822
0.60798
0.63869
1.0276
1.0654
0.6709
0.78282
0.96317
0.60521
0.86265
0.73039
0.87233
0.86203
0.5654
0.71661
0.95128
0.62002
0.69092
0.93934
0.89783
0.64713
0.45678
1.0189
0.72593
0.60658
1.0961
0.85819
1.1252
0.8308
0.77379
0.94501
0.8012
0.76127
0.94206
0.94074
1.027
0.66104
0.66486
0.9661
0.87873
1.1231
0.7586
0.76602
0.95075
0.95073
0.83326
0.81284
0.52296
0.42548
0.5779
0.79207
0.68724
0.75966
0.72341
0.98106
0.65328
0.81426
0.91561
0.82129
0.89906
0.84971
1.0493
0.70816
0.88619
0.55772
0.60219
0.81669
0.65577
0.67767
1.1034
0.8659
0.638
1.1257
1.0281
1.0258
0.78646
0.82008
1.0411
0.73084
0.83518
0.92723
0.78161
0.93361
0.55689
0.9176
1.0161
0.99486
1.0727
0.95666
0.75888
0.95848
0.60719
0.69951
0.73416
1.0071
0.94297
0.71863
0.64517
1.1105
0.91402
0.96678
0.8289
0.99065
0.79767
0.85717
0.60182
0.73444
0.79293
0.67633
0.64754
0.49595
1.0342
0.65388
0.96066
0.45389
0.68737
0.90801
1.0015
0.92936
0.78121
0.58387
0.71655
1.0299
0.97619
0.80609
0.4676
0.81677
0.75491
0.57761
0.95983
0.77255
0.78433
1.0098
0.93929
0.92451
1.0378
0.80526
0.85788
0.93018
0.90591
0.51841
0.72323
0.91373
0.74764
0.92058
0.8547
0.77195
0.7132
0.92231
0.55968
0.79627
0.82125
0.90021
0.75121
0.97515
0.95893
0.90754
1.0057
0.84354
0.64748
0.8983
0.81998
0.85786
0.55663
0.98137
0.37809
0.97673
0.87276
0.79249
0.5665
0.73813
0.87183
0.92254
0.93251
0.9269
0.81941
0.97243
0.99293
1.0285
0.7638
0.67282
0.63562
0.62959
0.82372
0.93085
0.59474
0.86261
0.81628
0.83615
0.98947
1.021
1.0054
0.78922
0.90238
0.9298
0.75848
0.88749
0.7523
0.88786
0.70713
0.9579
0.6679
0.95283
0.69822
0.66975
0.47977
0.82014
0.53872
1.0957
0.79911
0.38437
0.94666
0.86181
0.79384
0.90849
0.67841
0.77016
0.58928
0.92382
0.98469
0.76187
0.60959
0.82548
0.80085
1.0815
0.89126
0.97705
0.73179
0.70321
0.96387
1.0016
0.81376
0.83553
0.77126
0.62732
1.0762
0.96247
0.87272
0.74622
0.81166
0.80873
0.77771
0.87949
0.89426
0.93271
1.0895
0.80816
0.8433
0.67864
0.76841
0.78126
0.84686
0.97907
0.96313
0.88214
0.95126
0.85989
0.61272
0.38701
1.0595
0.92418
0.80417
0.56204
0.77967
0.84856
0.82457
0.75873
0.67626
0.89448
0.96627
1.015
0.76879
0.66063
0.95205
0.90843
0.93458
0.75878
1.1105
0.76193
0.90763
0.83416
0.98975
0.73778
0.83379
1.0687
0.85582
0.86119
0.96994
0.94697
0.73569
0.8325
0.59014
0.60127
0.63699
0.7811
1.0465
0.89385
0.64637
0.95135
0.93338
0.85152
0.77337
0.96708
0.91812
0.93401
0.75951
0.71984
0.96344
1.0179
0.64799
0.97782
1.0544
0.45348
0.8295
0.87698
0.78467
0.85898
0.86956
0.95446
0.88089
0.6546
1.1235
0.5988
0.7141
0.99581
0.89399
0.92219
0.99087
0.82321
0.90427
0.65759
0.67941
0.76527
0.68121
0.71872
0.85524
0.77821
0.67843
0.66353
0.68945
1.0025
0.84667
0.71145
1.025
0.88674
0.74282
0.98032
0.99833
1.0636
0.96536
0.76205
0.68264
0.68118
0.86526
1.0372
0.71806
0.73602
1.0697
0.96189
0.97426
0.4537
0.90676
0.81491
0.70662
1.0217
1.094
0.86659
1.0155
0.8289
0.85896
0.80631
0.66389
0.67759
0.81393
0.88256
0.77287
1.0297
0.96165
0.81948
0.92918
0.818
0.84825
0.62607
0.88599
0.79
0.95307
0.97434
0.60682
1.0505
0.80453
0.54257
0.76281
0.52756
0.87023
0.90914
0.93627
0.68778
0.56131
0.79761
0.94632
0.77225
0.79677
0.9919
0.89955
0.90933
1.0192
0.7938
0.8306
0.72038
0.77695
0.84312
1.1105
0.6994
0.73873
0.94123
0.65503
0.8709
0.93534
0.90168
1.131
0.97493
0.94782
0.81082
1.0768
0.90141
0.52003
1.0559
1.1554
0.77418
0.86116
0.93874
1.0905
0.72147
1.1458
0.80204
0.73587
0.84773
0.90772
0.83946
0.89886
0.96607
0.91677
0.66106
0.67883
0.9023
0.71484
0.58754
0.55954
0.6134
1.0661
0.525
0.82741
0.79721
0.79869
1.016
0.902
0.78232
0.99768
0.84444
0.70095
0.82384
0.81917
1.0114
0.96671
0.80692
0.82622
0.59303
1.0204
0.8008
0.78241
1.2175
0.98171
0.96928
0.80038
0.79224
0.85259
1.1133
0.78434
0.86811
0.83093
1.1351
0.84224
0.49951
0.82131
0.70197
0.58151
0.90649
0.92174
0.93487
0.99986
0.7424
0.89142
0.78599
1.0359
0.63007
0.79968
0.24707
0.9218
0.75344
0.85214
0.80157
0.82455
0.57241
0.77491
1.0194
0.81683
0.70493
0.78083
1.0364
0.86533
0.88228
0.89446
0.83221
0.98244
1.1906
0.90267
0.90409
0.8039
0.97119
0.90155
0.81695
0.81705
0.61947
0.84534
1.0048
0.99913
0.97798
0.98357
0.7893
0.59222
0.91784
1.1159
0.87776
0.87942
0.93207
0.95292
0.8466
0.8031
0.8783
0.82128
0.98096
0.83009
0.5461
0.72895
0.94141
0.7472
0.67155
0.66364
0.75726
1.0437
0.86117
0.66224
1.0303
0.60887
0.38505
0.80007
0.51302
0.69463
0.79697
0.89016
0.58972
0.81692
1.0681
0.65892
0.7752
0.72479
0.59451
1.0952
0.99955
0.89114
0.8653
0.63167
0.87197
0.83693
0.83239
0.62003
0.92222
0.64588
0.8761
1.0514
1.1134
0.7316
0.34007
0.74988
0.85286
0.89277
0.72646
0.86347
0.53749
0.91325
0.78504
0.98764
1.0249
0.94281
0.63194
0.96083
0.9023
0.77933
0.75257
0.66914
0.74567
0.7623
0.872
0.90926
0.64428
0.99961
0.92429
0.84151
1.0078
0.52567
0.78151
0.93967
0.65793
0.87733
0.96543
0.88693
0.718
1.0685
0.82549
0.78931
0.7128
1.1092
1.0477
0.94902
0.82828
0.62631
1.0712
0.9461
0.75761
0.92629
0.91302
0.72564
0.57139
0.85793
1.0474
0.84808
0.93535
1.0779
0.79193
0.64426
0.71814
0.92433
0.7317
1.0502
0.59871
1.0026
0.92227
1.0528
0.86344
0.89158
0.723
0.80392
0.88068
0.62481
0.55074
0.73503
0.7025
0.83911
0.90285
0.87999
0.85972
0.7556
0.67877
0.76159
0.72944
0.45429
0.86165
0.82471
0.89207
0.84438
0.66468
0.8939
0.70293
0.97453
1.0247
0.82438
0.53795
0.89224
0.8976
0.85745
0.78825
0.76942
0.9122
0.57799
0.88667
0.87396
1.0642
0.99471
0.61344
1.183
1.0034
1.0346
0.83813
0.76372
0.99389
0.88955
0.58131
1.0323
1.0478
1.0662
1.0089
0.917
0.7716
0.79614
0.66169
0.9535
1.0037
0.38236
0.81199
1.0534
0.8815
0.49646
0.61197
0.8119
0.80393
0.74422
1.0407
0.76985
0.74486
0.95389
1.1244
0.86237
0.80347
0.65424
0.45922
0.77004
0.84491
0.94186
0.66338
1.0767
0.68541
0.87577
0.70822
0.78096
0.69606
0.71628
0.80383
0.98664
1.0644
1.0374
0.80492
0.67887
0.61393
0.64931
0.74473
0.7819
0.81095
0.71752
0.86119
0.7638
0.91699
0.74753
0.76688
0.86443
0.80538
0.86482
0.82028
0.88108
0.69199
0.99908
0.43947
0.81161
0.8897
0.57864
0.98784
0.7742
0.89019
0.89296
0.61709
0.59651
0.55806
0.72077
0.76877
0.8769
0.98093
0.91834
0.62148
0.80721
0.69957
0.72908
0.80463
0.80911
0.92039
0.8239
0.83378
0.74228
0.62695
0.75039
0.7506
0.56705
0.93071
0.56963
0.78307
0.88233
0.67281
0.77501
0.9214
0.69518
0.74258
1.0394
0.88292
0.54344
0.85097
0.9111
0.91735
0.72509
0.71078
0.9095
1.0332
0.87327
0.62121
0.8601
0.52105
0.83803
0.83381
1.1774
0.71605
1.0552
0.64224
0.97701
0.90539
0.78034
1.1024
1.0366
0.99944
0.94843
0.83372
0.72795
1.0014
0.688
0.72792
0.86068
1.1073
0.73638
0.90861
0.62139
0.74576
0.77565
0.8744
0.75867
1.0007
0.53758
0.95103
0.85541
1.0431
0.94674
0.95556
0.80999
0.90689
0.90453
0.64116
0.93612
0.89886
0.81769
1.1032
0.71481
0.81254
0.59487
0.72653
0.52177
1.0781
0.83079
1.0725
0.63366
0.61587
0.80927
0.7541
0.9966
0.69735
0.7867
0.7571
0.95099
0.68004
0.85917
0.6236
0.5675
0.94977
0.97514
0.99369
0.90898
1.0837
0.77974
0.6255
0.63875
0.69443
0.60188
0.70619
0.72985
0.70091
0.63575
0.87548
0.76751
0.92249
0.65604
0.77341
0.80942
0.93406
0.91848
0.82559
0.5764
0.86282
0.75824
0.86628
0.78488
0.93195
0.8422
0.69213
0.51871
0.95722
0.64425
0.93058
0.9819
0.61827
0.77549
0.84318
0.68251
0.73979
0.65423
1.1547
0.78725
0.90351
1.1675
0.88321
0.97784
0.98092
0.69327
0.8319
1.008
0.94648
0.75808
0.98639
0.87941
0.84883
1.0016
1.0289
0.85155
0.72834
0.8659
0.83016
0.97144
0.78623
0.951
1.0343
0.99117
0.78049
0.70944
0.95524
0.7281
0.56921
0.87408
0.53275
0.81079
0.8261
0.97184
0.8576
0.77326
0.5705
1.0108
0.92543
0.91835
0.81267
0.55971
0.58732
0.84633
0.72708
0.79544
0.58185
0.48751
0.87417
1.0393
0.83327
0.73008
0.85051
0.6118
1.0369
0.95579
0.71364
0.62268
0.79726
0.529
0.80084
0.73257
0.72581
0.8812
0.74483
0.62273
0.79196
0.87258
0.84634
1.0299
0.48354
0.92273
0.80415
1.0062
1.1213
0.87561
0.72184
0.35743
0.85946
0.49778
0.73276
0.60072
0.65966
0.85378
0.91541
0.53779
0.98996
1.0426
0.82048
0.87526
0.71156
0.62621
0.96375
0.60388
0.93121
0.91601
0.70962
0.92655
0.91301
0.4862
0.88723
0.85073
0.76299
0.80845
0.85114
0.76847
1.0482
0.8487
1.0809
0.67371
1.0109
0.98489
1.0591
0.81509
0.92923
0.90987
0.7912
0.93683
0.98958
0.73188
0.87276
1.1078
0.88627
0.8517
0.85861
0.81331
0.63299
0.66638
1.0985
0.63936
0.72289
1.0018
0.6193
0.38909
0.71975
1.0625
0.74736
0.43513
0.91173
0.82005
0.77797
0.9359
0.89227
0.79796
0.88013
1.0232
0.60306
0.8043
0.82647
0.6784
1.0421
1.0393
0.86394
0.72665
0.63114
0.84027
0.71508
0.80054
0.83332
0.87771
0.88654
0.87857
0.77506
1.0559
0.97455
0.51174
0.58339
1.0603
0.78669
1.144
0.72239
0.87401
0.61776
1.0012
0.99324
0.86751
0.81304
0.79437
0.78087
0.6739
0.75508
0.596
0.75113
0.93627
0.63158
0.75914
1.1022
0.96162
0.6782
0.92345
0.75395
0.98572
0.98136
1.0319
0.76867
0.58516
0.8812
0.60223
0.75246
0.87554
0.45254
0.37751
0.54538
0.76751
1.0015
0.93776
0.94909
0.95093
1.0954
0.70819
0.7988
1.0314
0.78579
1.044
0.64084
0.69558
0.61334
0.98318
0.84565
0.7983
0.81978
0.98135
0.77405
0.76537
0.93222
0.82266
0.90796
0.83527
0.88269
0.79694
0.64086
0.9397
0.8952
0.79459
0.65817
0.88944
0.91053
0.68385
0.85503
0.90703
0.63587
0.93963
0.63688
0.84766
0.74267
0.68395
0.70203
0.81778
0.88133
1.0142
0.46215
0.86033
0.72284
0.78457
1.1238
0.92384
0.87858
0.52365
0.71956
0.90077
0.95721
1.0022
0.93869
0.86099
0.85929
0.84955
0.36482
0.9721
0.97607
0.92922
0.58688
0.7236
0.62115
0.96071
0.86234
0.78595
1.0224
0.5586
1.0765
0.64728
0.90178
1.12
0.91184
0.69948
0.75971
0.53688
0.57449
0.80084
0.81527
0.92493
0.86785
1.0146
0.74682
0.93848
0.94502
0.73103
1.0196
0.86865
1.0637
0.87355
0.61987
0.97641
0.76227
0.97046
0.99333
0.82873
0.93152
0.76373
0.85414
0.89189
0.95234
0.96936
0.97476
0.67298
0.93902
0.76098
0.73155
0.93955
0.65866
0.81518
0.6964
0.76431
0.54255
0.93511
1.0449
0.83236
0.85174
0.87081
1.0296
1.0148
0.71885
0.7895
1.0003
1.0317
1.0406
0.98085
0.84204
0.73449
0.95861
0.88039
0.62717
0.9409
0.98873
0.7734
0.72018
0.97414
0.87224
1.0278
0.53593
0.47963
0.85992
0.71694
0.76731
0.75829
0.63711
0.84629
0.42033
0.5571
0.71352
0.86584
0.96564
0.94649
1.0446
0.8605
0.99467
0.88883
0.61682
0.86215
0.97194
1.0946
0.85198
0.95391
0.91395
1.1233
0.67854
0.70433
0.77404
0.97088
0.65567
0.43961
0.89027
0.76418
0.54565
0.84365
0.98345
0.96337
1.0476
0.58283
0.86205
0.89008
0.99836
0.51412
0.80998
0.74225
0.87064
0.58705
1.0671
0.79635
0.81587
0.59788
0.74542
0.86384
0.53407
0.61979
0.76665
0.79263
0.88138
0.61875
0.83711
0.81246
0.54086
0.82226
0.60743
0.86705
1.1093
0.69711
0.9955
0.84292
0.71464
1.0382
0.90347
0.79234
0.71443
0.84479
0.78222
0.91134
0.70099
0.91092
0.73229
0.96792
0.78106
0.57422
0.92538
0.88326
0.61757
0.99262
0.86421
0.91535
0.94349
0.89749
0.71947
1.0457
0.8548
0.72535
0.86319
0.78228
0.95785
0.91157
0.65415
0.85365
1.0334
0.83612
0.72473
0.86216
0.80908
0.79576
0.81966
0.77757
0.9376
0.88951
0.77261
0.92112
0.8342
1.0147
0.93825
0.84858
0.91035
0.85221
0.95864
0.70594
0.72109
1.0178
0.73111
0.81209
0.73648
0.7252
0.94156
0.83123
0.82835
0.58392
0.97492
0.68641
0.59099
0.81321
0.89956
0.78995
1.0543
0.93422
0.93899
1.0642
0.80388
0.67923
0.68279
0.65928
0.81832
0.98041
0.62266
0.73685
0.9318
0.81067
1.0148
0.71648
0.55712
0.88077
0.72744
0.87793
1.0005
0.92463
0.81374
0.95096
0.97574
0.99291
1.0007
1.0159
0.56909
0.661
1.157
0.89941
0.70361
0.82788
0.89335
0.76565
1.0103
0.91952
0.79721
0.93108
0.94338
1.0484
0.86118
0.48267
0.83434
0.82303
0.49203
0.55498
0.97391
0.75746
1.0736
0.51877
0.80473
0.67244
0.69683
0.77059
1.0554
1.0502
0.92062
0.85048
0.77142
0.94402
0.76017
0.97608
0.77549
0.70038
0.83149
1.0914
0.56804
0.88033
1.0459
0.90514
0.77981
0.99013
1.0321
0.49274
0.87138
0.92894
0.72293
0.88368
0.93285
0.82251
0.9311
0.4562
0.46026
0.80735
0.6599
0.86282
0.81567
0.79636
0.73062
0.8016
0.7269
0.98955
0.92346
0.77145
0.85217
1.0229
0.57558
0.83976
0.69057
0.83056
0.68264
0.74832
0.6422
0.91342
0.63153
0.57059
1.0471
0.73987
0.65922
0.93732
0.80971
0.81512
1.0692
1.1894
0.71397
0.95835
0.74854
0.72629
0.65384
0.765
0.84831
0.89872
0.90617
0.73453
0.86245
0.82117
0.55013
0.73488
1.1502
0.87004
1.0303
0.72999
0.87376
1.1534
1.122
1.0228
0.87806
0.78517
0.96182
0.89342
1.123
0.85089
0.6799
0.94084
0.63734
0.99133
0.96621
0.81593
0.70496
0.84162
0.6922
1.0001
0.74651
0.79412
0.89885
0.79938
0.91765
0.74048
0.98457
0.81085
0.66533
0.81453
0.98158
0.82099
0.55982
0.51187
0.74727
0.73367
0.96968
0.64452
0.72087
0.85079
1.2298
1.0018
0.62288
0.83784
0.86655
0.78346
0.63245
0.97517
0.94554
0.91028
0.7822
0.96182
0.88313
1.0208
0.84352
0.79822
0.66716
0.75946
0.71215
0.47139
0.93586
1.1871
0.72914
0.83427
0.90787
0.7579
1.1037
0.87841
0.5693
1.0463
0.82305
0.86726
0.85099
0.79991
0.74205
0.58968
0.64196
0.88033
0.78323
0.67618
0.78896
0.63533
0.60632
0.84231
0.8549
0.72697
0.85809
0.98005
0.83959
1.0626
0.92905
0.8341
0.85321
1.0316
0.93776
0.91174
0.7132
0.77597
0.77805
0.76692
0.98424
0.97791
0.73259
0.93693
0.71372
0.95125
0.80567
0.87354
0.87532
0.70138
0.94519
0.8186
0.89129
0.78119
0.94301
0.92848
0.57596
0.65439
0.7245
0.9949
0.74596
0.7347
0.83087
0.99993
1.0662
0.94031
0.90299
0.80261
0.89011
0.92456
0.75818
0.42812
1.0454
1.0045
0.8363
0.49653
0.80979
0.96361
0.74963
0.91073
0.86437
1.0754
0.88402
0.54527
0.82019
1.09
0.9166
0.85864
0.91915
0.69784
0.82971
0.81311
0.37738
0.50488
0.83232
0.75768
0.6322
0.82805
0.77957
0.59195
0.77529
0.86546
1.1037
0.8029
0.69862
0.70239
0.83145
0.99438
0.60871
0.65821
0.89907
1.0304
0.82016
0.8047
1.0265
0.83663
0.91024
1.1003
0.87553
0.84037
0.90844
0.6492
0.61115
0.93989
0.78043
1.0617
0.97575
0.95802
0.85857
0.83341
0.97696
0.79214
0.90374
0.70964
0.93722
0.70254
0.88224
1.161
0.72548
0.898
0.89011
0.95289
0.77153
0.91658
0.8105
0.80914
0.72033
0.88646
0.60517
0.87927
0.7651
0.89485
0.9061
0.68626
0.9632
0.91994
0.81306
0.53525
0.96923
0.86434
0.50544
0.89067
0.75922
0.98706
0.73948
0.98875
0.89932
0.7483
0.92049
0.85598
1.0394
0.6786
0.99631
0.9275
0.77992
1.0815
0.78611
0.90974
0.58765
0.95286
0.74405
0.47724
0.78942
0.77366
0.89645
0.76746
0.77322
1.0932
1.0447
0.83902
1.0432
1.0105
0.91438
0.88061
0.69565
0.91626
0.78342
0.91762
0.93774
0.89718
0.97715
1.0779
0.63529
0.54934
0.74949
0.72784
0.70232
0.98663
0.7025
0.80892
0.71485
0.80433
0.93342
1.1681
0.90114
0.79531
1.1014
0.86699
0.86356
0.72001
0.9259
0.70643
1.0181
0.71881
1.0207
0.91148
0.70048
0.47276
0.8689
0.86539
0.76342
0.85951
0.37801
0.73811
0.75633
0.9689
0.90846
0.61131
0.93226
0.64964
0.76117
0.61567
1.0696
0.85089
0.83978
1.1628
1.0656
0.68319
0.74978
0.99905
0.99537
0.81855
0.60814
0.85859
0.44711
0.79877
0.67328
0.89234
0.74717
0.82135
0.77602
1.0032
0.91758
0.48924
0.73457
0.91292
0.74512
0.87777
0.7417
0.99295
0.72371
1.0193
0.73011
0.84209
0.81242
0.84842
0.78819
0.82848
0.8523
0.97013
0.86909
0.71748
0.8804
0.99826
0.76153
0.97752
0.9033
0.92534
0.90673
0.92045
0.78137
0.64783
1.0045
0.9008
0.84741
1.0125
0.80225
0.68133
0.52073
0.62288
0.94975
0.77414
0.78049
0.91622
0.86944
0.74781
1.2471
0.78829
0.93875
0.74664
0.68923
0.94278
0.75948
0.92768
0.88202
0.88765
0.82729
0.83875
0.7186
0.99409
0.81689
0.86335
0.55728
0.72734
0.73965
1.0274
0.84238
0.84538
0.89403
0.73522
1.0232
0.95029
0.75984
0.73184
0.64361
0.96522
0.6656
0.80012
0.91882
0.63017
1.1043
0.7661
0.75904
0.90737
0.96066
0.86653
0.58044
0.65787
1.0003
0.89109
0.76269
0.88507
0.43122
0.87572
1.0554
0.93947
0.96298
0.97618
0.78919
0.76134
0.93232
0.73578
0.68007
0.91868
0.82303
0.78087
0.58842
0.71153
0.7551
1.0139
0.87895
0.88294
1.0211
1.1487
0.68409
0.74692
0.55378
0.80064
0.64935
0.91155
0.9975
0.7664
0.69959
0.70545
0.55897
1.0207
0.92628
0.92518
1.1034
0.7248
0.91274
0.84111
0.68396
0.67856
0.809
0.80724
0.95666
0.9738
1.0053
0.89112
0.91621
0.84373
0.81252
0.83302
0.77539
0.80828
0.94521
1.0313
0.67182
0.88187
0.83
0.6287
0.86968
1.0591
0.6716
0.62376
0.85456
0.66248
0.7225
0.8387
0.80995
0.99703
1.2117
0.52472
0.74396
0.59897
0.56672
0.75356
0.76774
0.71921
0.87935
0.85759
1.0795
0.86954
0.67048
0.60379
0.84347
0.69739
0.91612
0.89666
0.8791
0.86394
0.70271
0.70388
1.0085
0.93997
0.93492
0.77629
0.75776
0.81633
1.0668
0.66909
0.93881
0.92705
0.84038
0.6651
0.6813
0.81042
0.88125
0.83716
0.9667
1.0468
0.95416
0.69254
0.84931
0.83786
1.0684
0.8066
0.86651
0.96224
0.79738
0.91499
0.76257
0.6986
0.83723
0.96309
1.0099
0.99738
0.98651
1.1402
1.1236
0.56659
0.94142
0.92858
0.99544
0.81681
1.0242
0.57318
0.88903
1.0032
0.70966
0.85771
0.90358
1.1089
0.80777
0.6271
0.93332
0.842
0.56017
0.81805
0.80014
0.94238
0.54897
0.88174
0.88801
0.91956
0.92317
0.7119
0.65793
0.80792
0.67861
0.64415
0.93296
0.80781
0.92863
0.82555
0.82953
0.57035
0.8348
0.8058
1.2322
1.0222
0.64801
1.0067
0.68495
1.0916
1.027
0.85119
0.93909
0.87877
0.48571
0.84711
1.0332
0.75337
0.51977
1.0629
0.64143
0.6343
0.59306
0.46528
0.82071
0.70775
0.92556
1.1258
0.97347
0.6687
0.55821
0.9135
1.04
0.92749
0.59753
0.65046
0.94063
0.83038
0.96405
0.99895
0.66897
0.89515
0.79419
1.083
0.76162
1.1288
0.75798
0.53277
0.76123
1.0268
0.88601
1.0407
0.91232
0.93523
0.71751
0.80515
0.88067
0.82875
0.77932
0.77835
0.77995
0.78998
0.65527
0.41914
0.42421
0.79095
0.89933
0.73775
0.68829
0.81654
0.77293
0.63063
0.64793
0.82337
0.92643
0.86434
0.817
0.95816
0.92572
0.72783
0.80023
0.9485
0.80571
1.0121
0.81754
1.1271
0.93414
0.9902
0.73175
0.81879
1.0001
0.67662
0.78271
0.41457
1.112
0.7002
0.85756
1.0398
1.0539
0.83437
0.89631
1.0407
0.84249
0.94984
0.61238
0.75715
0.72432
1.0569
0.76622
0.81972
0.76391
0.6244
0.69653
0.49805
0.8266
0.80784
0.57219
0.8019
0.84771
0.89309
0.86531
0.85265
0.92409
0.83304
0.58318
0.79006
0.33349
0.72753
0.76656
0.88303
0.90302
0.61113
0.94641
0.83192
0.79352
0.50351
1.0072
0.91986
1.0065
1.0339
0.84126
0.78872
1.0997
0.93798
0.62774
0.83472
0.97378
0.81694
0.75409
0.64749
0.90222
0.75643
0.78081
0.77255
0.85278
0.86549
0.67208
0.92554
0.71446
0.7722
0.81694
0.91058
0.99779
0.9654
0.91144
0.72055
0.7515
0.7053
0.27979
0.74202
0.96256
0.90297
0.70017
0.77296
0.80924
0.7692
0.59708
0.54629
1.0849
0.71732
0.71985
0.95617
0.69869
0.71513
0.8923
0.7359
0.81142
0.76135
0.73742
0.71553
0.64873
0.91424
0.93752
0.89806
0.9417
0.8159
0.7665
0.7685
0.57446
1.0251
1.0947
0.59536
0.84936
1.0981
0.94975
1.004
0.66117
0.82241
1.0011
0.79522
0.8065
0.77493
0.76447
0.73334
0.90699
0.59065
0.69524
0.46874
0.67803
0.86107
0.95326
0.75986
0.57794
0.62998
0.69486
0.7389
0.50796
0.95242
0.60393
0.73248
0.68951
0.52889
0.63571
0.69791
0.83315
0.72332
0.46829
1.0604
0.99872
0.73965
0.78057
0.92971
0.89706
0.69488
0.75348
0.86194
0.72131
1.0262
0.69827
0.52882
0.97084
1.0323
1.1227
0.9892
0.75494
0.57352
0.90039
0.68565
0.63765
1.039
0.79138
0.89667
0.64653
0.92651
0.78591
0.74368
0.74655
0.8439
0.43254
0.94782
0.83311
0.79811
0.92556
0.90934
1.1223
0.82618
0.88466
0.65615
0.48689
0.92571
0.86944
0.81466
0.6338
0.61638
0.82531
1.1056
0.92855
0.84763
1.1002
0.76409
0.60845
0.86998
0.81797
0.52513
0.9619
0.61317
0.69045
0.88854
0.77089
0.91724
0.89567
0.6618
0.96117
0.92358
0.67934
0.81504
0.73635
1.043
0.6205
0.61411
0.59702
0.98519
0.73063
0.64845
0.68348
0.6117
0.83545
0.59961
0.86695
0.58125
0.68117
0.89305
0.95128
0.8014
0.84427
0.61253
1.0903
0.87802
1.0233
1.0511
0.76243
0.68933
0.93099
0.85435
0.82253
0.87129
0.99557
0.99258
0.7195
1.0887
1.0392
0.92912
0.80746
0.72637
0.78673
0.50274
0.96518
1.0472
0.79129
0.65793
1.0244
0.97046
0.61489
0.9404
0.97584
0.91234
0.79449
0.78431
1.0891
0.70941
0.84723
0.9461
0.87461
1.0332
0.77382
0.64525
0.6781
0.76488
0.73352
0.8395
0.84379
0.62641
0.70043
0.57822
1.0976
0.87607
0.79471
0.488
0.81304
1.0055
0.73849
0.6328
0.98458
0.65383
1.0444
0.7226
0.45191
0.89972
0.69764
1.1939
0.97728
0.59734
0.83951
0.53777
0.67544
0.96778
0.91307
0.80075
0.69602
0.94866
0.70487
0.82448
0.99448
0.77279
1.0356
0.73692
0.8968
0.71255
1.0454
0.79094
0.29347
0.86022
0.82133
0.56324
0.98012
0.53665
0.75877
0.52667
0.69856
0.7724
0.82598
0.79337
1.0102
0.74981
1.0208
0.9121
0.86986
0.6724
0.75321
1.0418
1.1778
0.75209
0.74833
1.0025
0.98058
0.86437
0.81553
1.1232
0.6489
0.86501
0.90816
0.64136
1.0051
0.69944
0.83035
0.54483
0.65737
0.89774
0.93204
0.99322
0.94118
0.71467
0.36701
0.80286
0.52569
0.74361
0.86496
0.94595
0.84053
0.82097
0.61791
1.0595
0.60201
0.95736
0.72921
0.67227
1.1047
0.86011
0.88431
1.0401
0.84434
0.91531
0.89876
0.85224
0.79763
1.0031
0.82693
0.7176
1.046
0.95079
0.72981
0.77843
0.76379
0.82947
0.86861
0.748
0.62954
0.83985
0.61492
0.55085
0.73469
0.86855
0.72437
1.0118
1.031
0.92359
0.81556
1.0443
0.85038
0.71343
0.98144
1.0777
0.73389
0.58998
0.87536
0.84108
0.90679
0.70568
0.51592
0.65786
0.77789
1.1282
0.86855
0.59104
0.54282
0.7242
0.71379
0.69161
0.87381
0.64009
0.61082
0.9148
0.82602
0.95661
0.63281
0.45353
0.42855
0.97171
0.91172
0.8766
1.0224
0.8977
0.87245
0.61806
1.0474
0.46947
0.91973
0.52219
0.74263
0.94277
0.59617
1.0408
0.84118
0.82556
1.0677
0.64392
0.68235
0.92868
1.0097
0.75977
0.8955
1.0199
0.99555
0.71213
0.7557
0.65505
1.0682
0.50299
0.75071
0.61342
0.86168
1.039
1.0141
0.70947
0.87705
0.80155
0.98385
0.90015
0.83044
0.86207
0.67383
0.94382
1.1279
0.78339
0.67994
0.66
1.0931
1.1425
0.98365
0.81946
0.95107
0.8934
0.86514
1.0076
0.61123
0.78403
0.5142
1.0881
0.98339
0.94938
0.81824
0.56505
0.93564
0.78474
0.85461
1.0467
0.87785
0.85506
0.53715
0.80194
1.0515
0.93901
0.92943
0.59755
0.77539
0.95833
0.87059
0.79092
0.73698
0.64688
0.67261
0.89207
0.82055
0.78871
1.2059
0.69312
0.59824
0.78351
0.67103
1.0639
0.70103
0.71965
0.84364
0.88362
0.83295
0.72366
0.71893
1.0178
0.95507
0.76466
0.84537
1.0334
0.81294
0.82064
0.83904
0.87392
0.7925
0.69768
0.82078
0.7307
0.74094
0.96711
0.93903
0.87219
0.77454
0.7077
0.87952
1.0856
0.75072
1.1321
0.57029
0.65781
0.9791
0.72867
0.91163
0.66981
0.52753
0.83133
0.7536
0.93412
0.83314
0.90224
0.80142
0.93822
0.669
0.90096
1.0078
0.9651
0.71133
1.041
0.90364
1.0502
0.96411
0.86032
0.85188
0.94827
0.44136
0.77949
0.85501
0.7954
0.83979
0.77787
0.88842
0.95251
0.54528
0.87996
0.94926
0.77715
0.84225
0.88456
0.58998
0.78943
0.82464
0.81351
0.99641
0.79888
1.0411
0.74593
0.80171
0.769
0.69796
0.71652
0.79723
1.089
0.88457
0.94719
0.83109
0.70427
0.88973
0.67352
0.99357
0.50489
1.089
0.76128
1.1417
0.9089
0.93213
0.9074
0.89661
0.81825
0.86836
0.67252
0.58589
0.7376
0.9259
0.62365
0.52603
0.8793
1.1478
0.98112
1.0855
0.90019
0.74366
0.72196
0.73371
0.63096
0.96333
1.0596
0.99482
1.146
0.78434
0.81004
0.82333
0.86578
0.76781
0.93569
0.99096
0.88522
0.78781
1.0417
0.88375
0.93572
0.62454
0.83245
0.98903
1.2375
0.85729
0.60006
0.96879
0.88388
0.82099
0.98599
0.72368
0.83982
0.78453
0.8158
0.92668
0.71296
1.0321
0.67158
0.7887
0.946
0.99581
0.87651
0.93829
1.0213
0.69712
1.0517
0.8204
0.91083
0.81731
1.0532
0.84726
0.86016
0.93053
1.0669
0.89126
0.8774
0.69362
0.78177
0.96786
0.83978
0.96093
0.96715
1.0214
0.91087
0.61325
0.99707
0.70408
0.92127
0.85005
0.93979
0.88835
0.8475
0.86532
0.80083
0.86933
0.89604
0.87766
1.1811
0.96918
0.80868
0.82129
0.87797
0.91698
0.72871
0.9623
0.53669
0.93704
0.72743
1.1087
0.78654
0.65992
0.89083
0.44649
0.8482
0.98554
0.73088
0.37589
0.53626
0.84157
0.92234
0.86237
0.51611
0.75546
0.91563
1.0262
0.73954
0.61119
0.73678
0.9682
0.65359
0.62584
1.1088
0.70159
0.87509
0.95267
0.96147
0.91139
0.55215
0.83672
0.63932
0.88649
0.83308
0.75154
0.99248
0.83197
0.72622
0.62826
0.92406
0.46375
0.93188
0.93508
0.72774
0.93971
0.98034
1.0869
0.70749
0.83715
0.90391
0.85245
0.85083
0.89651
1.027
0.65175
0.87697
0.62551
0.70416
0.74548
0.77616
0.75241
0.74506
1.0224
0.90318
0.68818
0.80033
1.0064
0.88164
1.0321
0.63377
0.62702
0.62433
0.90623
1.0257
0.89475
0.52973
0.51055
0.6797
0.85195
0.7032
0.90191
0.67185
0.52022
0.9538
0.78126
1.0648
0.82049
0.95629
0.76321
0.97771
0.6282
0.95243
0.75115
0.67737
1.0113
0.99933
0.92518
1.0211
0.70786
0.79028
0.76634
0.94898
0.74653
1.0173
1.0142
0.56625
0.46464
0.79971
0.80891
0.83223
1.1171
0.84599
0.89148
0.8605
0.59827
0.73844
0.48734
1.1291
0.91477
0.72836
0.85459
0.63988
0.99177
1.0671
0.65142
0.97832
0.67965
0.92896
0.87326
0.64204
1.0846
0.7227
0.95804
0.83869
0.68216
0.82888
0.77848
0.93605
1.0428
0.77488
1.1276
0.77811
0.73886
0.89902
0.88806
0.43846
0.5542
0.72348
0.59475
0.70225
0.74158
0.71754
0.568
0.83966
1.081
0.63998
0.7547
0.75515
0.71336
0.72586
0.99864
0.87313
0.63436
0.6055
0.89701
0.85278
0.83364
0.72523
1.0646
1.0714
0.96173
0.92627
0.93044
0.83409
0.88828
0.84551
0.90078
0.85544
0.85054
1.0578
0.62216
0.43618
0.82944
0.62163
0.6622
0.93612
0.77512
0.93909
0.71347
0.91905
0.51231
0.92717
0.72875
0.77829
0.82498
0.73404
0.82695
1.0995
0.98967
0.70341
0.90941
0.7453
0.91242
0.76832
0.63719
0.81662
0.81716
1.0104
0.92922
0.46316
1.0378
1.0354
0.78207
0.56316
0.6284
0.92
0.87854
0.97076
0.81629
0.98391
0.80944
1.0881
0.69227
0.25129
0.90315
1.1611
0.65337
0.72981
0.87443
1.0311
0.79349
0.97228
0.94151
0.83235
0.79795
0.82219
0.7375
0.80342
0.52175
0.82394
0.61385
0.9351
0.77968
0.75995
0.98282
1.0135
0.55473
0.70152
0.94042
0.81982
0.90445
0.69305
1.0878
0.82209
0.35435
0.90446
0.93603
1.0094
1.0134
0.9223
1.0958
0.99114
0.26767
0.99056
0.94546
0.61509
0.93523
0.4159
0.9168
0.87859
0.87307
0.83038
0.88827
0.53962
0.71361
0.63572
1.0214
1.0345
0.77685
1.0321
0.88188
0.63481
0.90926
0.79068
0.62273
0.64142
0.68566
0.52335
0.87118
0.63538
0.88155
1.0164
0.64374
0.76377
0.961
0.81138
0.75114
0.87406
0.97859
0.67098
0.96839
0.82279
0.91477
0.64659
0.67668
1.0089
0.49617
1.0367
0.75337
0.92845
0.79941
0.74214
0.65573
0.69905
0.84959
1.0434
0.93733
0.81394
0.7633
0.60689
0.72644
0.92619
0.74926
0.71997
0.93176
1.003
0.87706
0.85105
0.77802
0.18771
0.55873
0.75857
0.86009
0.9431
0.5809
1.068
0.96639
0.66891
0.9529
0.76707
0.82994
0.7616
0.28993
0.84097
1.0083
0.80945
0.78718
0.37482
0.58157
0.66748
1.0585
0.64833
0.84957
0.85591
0.64461
0.74927
0.69059
0.79974
0.63353
0.98548
0.74721
0.99059
0.89549
0.73343
0.71654
0.61143
0.60872
0.84476
0.8976
0.91211
0.81227
0.7731
0.64787
0.85831
0.65575
0.86771
0.70193
1.0576
0.77322
0.54745
0.76776
0.69309
0.89568
0.97214
0.93921
0.60012
0.65311
0.80312
0.78731
0.85776
1.03
0.55728
0.65327
0.76927
0.84926
0.76965
0.92057
0.91225
0.58134
0.80997
0.62269
0.78419
0.82593
0.4692
0.87816
0.7636
0.86982
0.88722
0.84633
0.59315
1.0098
1.0646
0.75325
0.83577
0.73245
0.64214
0.75068
0.74741
0.91702
0.59426
1.1347
0.67423
0.95106
0.86849
0.46875
0.61964
0.92814
0.57131
0.61063
0.70482
0.55734
0.34327
1.0533
0.61923
0.6328
0.87118
0.64583
1.0428
0.58903
0.90996
0.82589
1.1499
0.69774
1.1126
0.76203
0.89576
0.94479
0.95167
0.98934
0.7635
0.50497
1.0491
0.95378
0.74195
0.87762
0.70987
0.79028
0.73622
0.81699
0.88792
0.7855
0.6746
0.83062
0.70448
0.78786
0.90341
0.94226
0.99502
0.68149
0.70483
0.95503
0.60951
0.80257
0.85347
0.89047
0.87173
1.0514
0.81595
1.1089
1.012
0.63514
0.91704
0.88144
0.99489
0.74049
0.75317
0.90262
0.82394
0.92778
0.96923
0.86314
1.1255
0.92203
0.88818
0.81863
0.68946
0.87002
0.9323
0.92191
0.7751
1.0139
0.90979
0.92319
0.901
0.94281
0.46267
0.97684
0.94086
0.77048
0.80951
0.92972
0.63525
0.6358
0.53842
1.124
1.018
0.77876
0.68003
1.0595
1.0156
0.72351
0.92556
0.91715
0.93923
0.8409
0.96133
0.42059
0.85349
0.96918
0.61234
0.72299
1.0039
0.84367
0.87549
0.97803
0.76381
0.69696
0.75084
0.98165
0.97671
1.0508
0.91806
0.87914
0.908
0.69263
0.7233
0.8569
0.5622
0.81874
0.81256
0.83421
0.68531
0.81111
0.95958
0.86056
0.62228
0.88272
1.0267
0.95635
0.92704
0.96312
0.73883
0.58544
0.74337
1.0362
0.70439
0.86698
0.68553
0.88117
0.70495
0.68542
0.77835
0.9649
0.69913
0.73656
0.7511
0.74168
0.91313
0.7759
0.99034
0.86143
0.70822
0.97693
0.88711
1.0122
1.0896
0.94693
1.0035
0.99238
1.0027
0.93129
0.66784
0.92931
0.58978
0.62922
0.94789
0.70578
0.57358
0.94105
0.71135
0.83247
0.94324
0.94304
0.90852
0.90776
0.67042
0.73698
0.86924
0.78766
0.89888
0.91309
0.8032
0.88716
1.1756
1.0011
0.92912
0.86119
0.66931
0.86227
0.81795
0.96475
0.97175
0.84727
0.6875
0.64056
0.95185
0.86625
0.61647
0.83596
1.0706
0.75999
0.7554
0.69383
0.75481
0.53726
0.85413
0.8707
0.92983
0.71181
0.71439
0.81164
0.79451
0.95166
0.81952
0.63945
0.87907
0.7488
0.86587
0.71851
0.76669
0.6639
0.79838
0.46429
0.44432
0.98049
0.80489
0.9041
0.9341
1.079
0.63962
0.93976
1.0825
0.79046
0.55868
1.0112
0.54092
0.65427
1.0184
1.0084
0.80264
0.82072
0.78673
0.70001
0.92765
0.84228
0.74244
0.9107
0.88064
0.90018
0.65906
0.75802
1.1573
1.0449
0.91343
0.7868
1.0297
0.75066
0.98213
0.83967
1.1234
0.90172
0.95933
0.76065
1.0146
0.99476
0.65794
0.90233
0.81692
0.84941
0.45249
0.83862
0.98926
1.0261
0.89665
0.6807
0.80713
0.83324
0.84878
0.72646
0.87773
0.87854
0.96178
1.0215
0.45964
0.82037
0.8127
0.71257
0.96225
1.0454
0.88189
0.96434
0.82203
0.80808
0.91545
0.70123
0.75764
0.85285
0.99476
0.66285
0.84343
0.92807
0.66335
0.74268
1.0325
0.75639
0.93918
0.91712
0.77588
0.76865
1.0345
0.79746
0.9289
0.91804
0.87453
0.8876
0.73744
1.0592
1.0256
0.67462
1.1013
0.91426
0.77584
1.0897
0.4818
0.7772
0.92573
0.71765
0.62127
0.76127
0.87806
1.0087
0.87635
1.0011
0.77824
0.90638
0.88311
0.71399
0.81198
0.82971
0.6202
0.85222
0.83559
0.94639
1.0284
0.64604
0.82922
1.0514
1.017
1.0455
0.88891
0.85602
0.91688
0.98765
0.99617
1.0398
0.76004
0.81811
0.88809
0.96434
0.82792
1.1066
0.80089
0.68925
0.6382
0.84623
0.91985
0.83775
0.65056
0.8247
0.52973
0.89443
0.9796
1.0618
0.90651
0.83742
0.62733
0.87301
0.94904
0.77807
0.63517
0.59203
0.88947
0.86267
0.83692
0.58238
0.74439
0.718
0.76055
0.90588
0.91215
0.79519
0.85749
0.67984
0.75318
0.92176
0.78127
1.0237
0.94149
0.8462
0.51491
0.6495
0.8111
0.71577
0.97772
0.95316
0.77987
0.82806
0.54014
1.2728
1.0038
0.77814
1.0497
0.93905
0.91929
0.88888
0.89204
0.90533
0.83532
0.86412
0.95746
0.84979
0.65203
1.0281
0.72722
0.99701
0.79816
0.83022
0.955
0.60561
0.72394
1.0019
0.93082
0.63474
0.96232
0.84755
0.73829
0.73348
0.91559
1.0409
0.64941
0.97944
0.8682
0.70419
0.9849
0.62775
0.85489
0.95638
0.76894
0.76885
0.57615
0.48433
0.93063
0.62204
0.87877
0.88287
0.79738
0.95956
0.96716
0.67606
0.69981
1.1035
0.6583
0.98132
0.76532
0.71626
0.49151
1.003
0.7169
0.69979
0.81518
0.79406
0.90505
0.96862
0.90857
0.97631
1.0862
0.90627
0.70564
0.80547
1.1323
0.93902
0.8496
0.76403
0.73426
0.81965
0.53466
1.0186
0.45897
0.91007
0.84725
0.98701
0.70908
0.52497
0.86213
0.78496
0.8885
0.94504
0.95964
0.92104
1.013
0.86005
0.88051
0.88824
0.80355
0.70696
0.69669
0.6865
0.88355
0.83356
1.0594
0.43375
0.83226
0.56713
0.63475
0.83411
0.9241
0.50893
0.55972
0.78666
0.98089
0.83462
0.67166
1.1786
0.61892
1.0817
0.97174
1.0007
0.68089
0.9192
0.91308
0.87502
0.86245
0.7534
0.66656
0.71453
0.77208
0.64047
0.63754
0.75161
0.94867
0.81844
0.56616
0.81815
0.89401
0.7115
0.60712
0.84904
0.90106
0.633
0.91714
0.56177
0.97886
0.92703
0.49111
0.88633
0.7605
1.068
0.95802
0.39343
0.63641
0.8259
0.97079
0.9563
0.8989
0.91779
0.55928
0.85562
0.75692
0.78144
0.92216
0.88497
0.88453
0.73341
0.84931
0.79545
0.89472
0.86938
0.46057
0.85973
0.92208
0.89229
0.84952
0.99829
0.94883
0.74535
0.698
0.66846
1.128
0.7822
0.65224
0.83347
0.92497
0.58424
0.89296
0.96348
0.66894
1.0455
0.91624
0.92024
0.91292
0.85273
0.76261
0.73678
0.66378
0.99905
0.73838
0.9842
0.75952
0.98695
0.9809
1.079
0.83932
0.79124
0.75046
0.89657
0.85695
0.93373
0.72396
0.83618
0.97397
0.76481
0.93616
0.93569
0.81632
0.79841
1.0857
0.54416
0.90064
0.87515
0.83208
0.78079
0.57106
1.0909
0.60421
0.59543
0.54326
0.86162
0.77457
0.80652
1.0268
0.72234
0.85632
1.0656
0.91232
1.1599
0.9856
0.79176
0.96157
0.52764
0.7653
0.76071
0.80764
0.82837
0.70106
0.80591
0.82063
0.44876
0.81823
0.96352
0.82817
1.0551
0.86604
0.77828
0.66182
0.74362
0.88933
0.6456
0.94381
1.0379
0.71121
0.95201
0.99808
0.95197
0.63127
0.92739
1.0263
0.83515
0.75396
0.85635
0.73632
1.0126
0.98808
0.96899
0.87104
0.9827
0.96351
0.58075
0.81957
1.0488
0.83716
0.99931
0.75125
0.98747
0.92088
0.91175
0.81513
0.94836
0.80827
0.8442
1.0724
0.57746
0.87139
0.86885
0.9761
0.9648
0.83049
0.67421
0.48135
0.79729
0.73352
0.97148
0.89188
0.78035
0.93458
0.84682
0.39684
0.82466
0.95087
0.63927
0.85475
1.0287
1.0623
0.6836
0.99069
0.80461
0.73127
0.80615
0.89613
0.61968
1.0853
1.0286
1.0606
0.45284
1.0281
1.0612
1.0309
0.79687
0.81072
0.87047
0.73603
0.87927
0.67317
0.83233
0.87892
0.77775
0.84641
0.63274
1.0712
0.89355
1.1347
0.75737
0.99584
0.67524
0.54919
0.48505
0.9558
0.91131
0.99003
0.82948
0.50329
0.67607
0.81435
0.94835
0.89824
0.96249
0.90532
0.69803
0.85628
0.91635
0.44636
0.67821
0.81579
0.40002
0.98742
0.92103
0.77451
0.9927
0.865
1.1256
0.88955
0.64448
0.57818
0.8551
0.92159
0.92957
0.82107
0.86879
0.87497
0.89302
1.1045
0.8945
0.78254
0.95248
1.0508
0.90223
0.88511
0.98036
0.56754
0.81253
1.0348
0.64621
0.8903
0.74578
1.0145
0.78329
0.83276
0.56827
0.44293
1.1773
1.1459
0.79355
0.71397
0.8508
0.80108
0.72094
0.66128
0.69464
0.42729
1.0622
0.89103
0.75042
0.81214
0.94671
0.7818
0.97001
0.87728
0.89239
0.72829
0.77248
0.80596
0.87004
0.62991
0.86793
0.79898
0.85059
0.99817
0.84255
0.80983
1.0012
0.99104
0.79205
1.0141
0.71113
0.99681
0.84052
0.93165
0.82359
0.64889
1.0401
0.92739
0.92794
1.0431
0.90348
0.81583
0.70311
0.95031
0.96578
0.80433
0.97297
0.94511
0.86679
1.0836
0.89022
0.83918
0.84554
0.67485
0.78794
0.97057
0.83365
0.67554
0.82396
0.73085
0.67656
0.92339
1.1429
0.69175
0.51638
0.68289
1.0824
0.8888
0.70686
0.65959
1.013
0.87784
0.7104
0.57552
1.2068
0.72145
0.78757
0.81633
0.59931
0.76505
0.94695
0.86054
0.85843
0.79576
0.67583
0.79959
0.67586
0.68141
0.87295
0.97919
1.0634
0.94134
0.61668
0.67187
0.76949
0.94769
0.87546
0.87917
0.98188
0.66196
0.52116
0.7038
1.0846
1.0279
0.8798
0.61162
0.82988
1.0569
0.76922
0.9898
0.62321
1.0308
0.96452
0.78034
0.92271
0.90375
0.74359
0.56983
0.90112
0.9477
0.74253
0.73125
0.47638
0.79419
0.60716
0.99324
0.68823
0.98886
1.0013
0.74739
0.95499
0.84668
0.98524
1.0708
0.9582
0.59031
0.90194
0.92011
1.0548
0.92061
0.82107
0.77386
0.57989
0.94007
0.9074
1.0088
0.73266
1.013
0.97724
0.93223
0.64407
0.74594
0.74983
0.68827
0.98534
1.0189
1.0952
0.94357
0.85942
0.61069
0.98228
0.69458
0.60426
0.90937
0.87087
0.64705
0.87698
0.65156
0.82743
0.7086
1.0437
0.52635
0.83055
0.93058
0.67261
0.82182
0.82536
0.70287
0.77803
1.0919
0.81332
0.90869
0.73896
0.93244
0.76528
0.95242
0.463
0.73511
0.83804
0.91674
0.97611
0.59714
0.80029
0.91389
0.86264
0.82667
0.88798
0.82911
0.83057
0.67723
0.74329
0.97887
0.92152
0.96796
0.97984
0.9052
0.22593
0.8572
1.0412
0.7954
0.84889
0.92415
0.8147
0.91283
0.83416
0.78247
0.87042
0.81911
1.0947
0.55229
0.95584
0.86511
0.56871
0.76379
0.81667
0.74831
0.62385
0.85675
1.1708
0.75815
1.0212
1.0029
0.8611
0.64681
0.53478
0.78563
0.77185
0.57575
0.49497
1.173
0.76973
0.84938
0.64772
0.98328
0.9133
0.90017
0.8517
0.63395
0.88084
0.78497
0.67387
0.78709
0.86321
0.62522
1.0668
0.78832
0.52403
0.62289
0.65484
1.0239
0.74617
0.43289
0.72828
0.66524
0.96046
1.0599
1.0126
0.75592
0.96625
0.9195
1.0062
0.66066
0.94559
0.62392
0.65674
0.54039
0.87722
1.1616
0.77615
0.8157
1.0185
0.77479
0.78144
0.82433
0.77661
1.0117
0.5291
0.65473
0.75001
1.1084
0.92001
0.74259
0.90361
0.99415
0.80391
0.9231
1.0417
0.88054
1.0312
1.0903
1.0256
0.83159
0.41192
0.84246
0.7814
1.0892
1.118
0.7804
1.0055
0.86394
0.64617
0.78748
0.814
0.9701
0.86139
0.78053
0.81838
0.89446
0.53968
0.91289
0.76638
0.76997
0.46058
0.82485
0.96856
0.93384
0.92427
0.75552
0.72956
0.9225
0.54006
0.59589
0.75504
0.86549
0.69884
0.63518
0.88054
0.82299
1.1006
0.87965
0.99439
0.87576
1.1408
1.0412
0.73911
0.5302
0.81695
1.0146
1.0613
0.56781
1.0238
0.67113
0.83741
0.91275
1.2678
0.74123
0.73353
0.93683
0.95281
0.80039
0.72826
0.41847
0.9658
0.71534
0.88461
0.7712
0.83251
1.0004
0.64849
1.0156
0.98453
0.93156
0.89957
1.0662
0.70859
0.78544
0.49928
0.73426
0.71722
0.80505
1.0407
0.99436
0.8657
0.62127
0.5368
0.93057
0.86505
1.0548
0.91515
0.2872
1.0558
0.91084
0.78723
0.99331
0.98502
1.0224
0.99106
1.046
0.59247
0.78165
0.94637
0.412
0.92577
0.96078
1.0972
1.0144
0.94906
0.95277
0.87346
0.84081
1.0131
0.63109
0.94799
0.81186
0.968
0.57847
0.86346
0.79881
0.78731
0.87183
0.92692
0.84579
0.753
0.63343
0.87435
0.94248
0.97631
0.65461
0.7824
0.89841
0.79258
0.79766
0.73762
0.88633
0.72375
0.70878
0.61089
1.0084
0.78113
0.56719
0.48388
0.56056
1.028
1.0135
0.81652
0.38854
0.62449
0.98714
0.91121
0.96386
0.79635
0.71189
1.0274
0.55048
1.0688
0.82424
0.77102
0.60593
0.64008
0.98058
0.86428
0.98777
0.37168
0.73603
0.79511
1.008
0.98131
0.57819
0.86299
0.79881
0.80452
0.89648
0.64027
0.6851
0.84582
1.053
1.0111
1.0503
0.75807
0.83389
0.90504
0.73271
0.88345
0.72633
0.8573
0.74036
0.61711
0.95859
0.62542
0.77036
0.87686
0.89022
0.70922
0.69976
1.0982
0.78057
0.88033
0.98927
1.0847
0.6732
0.8453
0.79835
0.84772
0.70328
0.72037
0.95173
0.58284
0.79848
0.82443
0.91222
0.82397
0.79988
0.87497
0.99563
0.86738
0.80855
0.83966
0.88367
0.80081
0.59039
0.76159
0.69476
0.90874
0.93548
0.59267
0.89663
0.92005
0.83091
0.60842
1.0534
0.81902
0.8045
0.88688
0.81947
0.89187
0.75108
0.69894
0.98643
0.69434
0.98768
0.81455
0.74397
0.72666
0.85977
0.84807
0.87461
0.7996
1.0363
0.8325
0.54862
0.76785
0.87352
0.61579
0.76758
0.83217
0.88771
0.91015
0.76213
1.1862
0.84685
0.52575
0.88884
0.70891
0.94812
0.9477
0.93704
0.94665
0.93258
0.85157
1.0649
0.65142
0.85552
0.89478
0.91024
0.6862
0.91303
0.7433
0.78327
0.72131
0.88878
0.74553
1.0859
0.72875
0.7204
0.9583
0.74876
0.53873
0.9181
0.6779
0.86385
0.88896
0.95958
0.61952
1.0166
0.5033
0.81588
0.68756
0.66494
0.95993
0.63503
1.0792
0.87425
0.6692
0.82471
0.90828
0.84716
0.62963
0.57525
0.84987
0.61229
0.7303
0.91272
0.8133
0.82139
0.95276
0.98517
0.95739
1.0044
0.43083
0.62872
0.82334
0.68572
0.57191
0.86694
0.91451
1.0195
0.68524
0.7254
0.72569
0.92983
0.70679
0.5934
0.73978
0.72158
0.81207
0.75503
0.8955
1.0682
0.83087
0.81181
0.81739
0.67124
0.80124
1.0348
0.95247
0.81169
0.8101
0.85641
0.99044
0.86188
0.9289
0.86031
0.63888
0.87967
0.90722
1.0533
0.53359
0.4262
0.91283
0.78244
0.80457
0.81599
0.85756
0.95682
0.94524
0.91799
0.9821
1.0184
0.752
0.85072
0.82905
0.87406
0.83257
0.74616
0.78279
0.91419
0.96169
0.95281
0.71263
0.87305
0.90746
0.71318
1.0439
0.83591
0.88927
0.89273
0.61543
0.95957
0.87429
0.88857
0.68458
0.99023
0.826
0.98442
0.82053
0.83716
0.7812
1.0303
0.88911
0.70596
0.78686
0.95209
0.46576
0.68005
0.83342
0.93641
0.75797
0.67443
0.81681
0.82644
0.82533
0.75022
0.83676
0.85246
0.8004
0.69775
0.85099
0.6984
0.94049
0.523
0.75535
0.74858
1.0101
0.99112
0.78619
0.89016
0.92177
0.80441
0.80898
0.68354
0.95658
1.0663
1.0899
0.60597
0.96507
0.96094
0.9467
0.70951
0.88544
0.82383
0.78455
0.8051
0.59594
0.90471
0.72679
0.74861
1.0909
0.94481
0.76876
1.0776
0.71354
0.87439
0.59909
0.93145
1.0346
0.9881
0.68579
0.78489
0.94332
0.76416
1.0178
0.77336
0.76998
0.9027
0.88892
1.1084
0.73991
0.99934
0.92255
0.85567
0.89306
0.97529
0.76644
0.87729
0.89428
0.85519
0.9221
0.86756
0.95699
0.69359
0.62961
0.72531
0.77429
0.58026
1.0053
1.0798
0.70304
0.64676
0.52424
1.1094
0.46286
0.58642
0.77273
0.70781
0.96744
0.6635
0.99906
0.8904
0.69455
0.70141
0.94525
1.0901
0.82374
0.82419
0.79097
0.70109
0.67179
0.77406
0.98393
0.87487
0.90593
0.47034
0.81346
1.0873
0.48188
0.69943
0.9693
0.92064
0.79941
0.56672
0.96633
0.79403
0.86591
0.61919
0.72152
0.8356
0.75876
1.0724
0.49321
1.0872
0.92337
0.86993
0.82006
0.74331
0.735
0.82767
0.65262
0.92088
0.64588
0.70028
0.95774
0.97164
0.83529
0.63005
0.61677
0.90401
0.92171
0.92468
0.65923
0.60487
0.85523
0.95837
0.83685
0.74908
1.0296
0.9097
0.77938
0.98064
0.73687
0.84101
0.76127
0.69534
0.82605
0.71563
0.65188
0.93093
0.78786
0.82874
0.74459
0.7842
0.79907
0.72254
0.66107
0.96555
0.82749
0.81997
0.71456
0.65778
0.82616
1.0322
0.76529
0.50837
0.70449
0.73783
0.81472
0.85431
0.92069
0.96325
0.65126
0.67432
0.60797
1.0454
0.96006
1.1925
1.07
0.91357
0.77024
0.74402
0.90724
0.46418
0.91414
0.91166
0.84974
0.85986
0.6749
0.75943
0.82633
1.1971
0.96204
0.97401
1.0721
0.92864
0.8955
1.036
0.422
0.75768
0.67934
1.0917
0.81769
0.88741
0.60931
0.87602
0.97941
0.71786
0.8997
1.1009
0.84418
0.55081
0.96768
0.99147
0.4547
0.8473
0.75212
0.80704
0.57349
0.83469
0.99403
0.82339
0.80318
0.858
0.7619
1.0468
0.6887
0.90312
0.91407
0.73086
0.81967
0.92174
1.0775
1.0737
1.0411
0.68302
0.95077
0.77558
0.75632
1.0508
0.95093
0.95442
0.41438
1.0151
0.56058
0.80092
0.55422
0.79819
0.65312
0.6737
0.93471
0.54592
1.1036
0.82239
0.89837
1.0114
0.98984
0.8704
0.8495
0.76515
0.58489
0.66366
0.96378
0.56289
0.72433
1.0599
1.02
0.91144
0.93402
0.83183
0.92781
0.8787
0.71652
0.89385
0.97543
0.98687
0.62779
0.58946
0.94341
0.83757
0.74604
0.60724
0.81687
0.90718
0.51102
0.67829
0.72014
1.0606
0.65146
0.5827
0.66587
0.89914
0.7001
0.65261
0.56025
0.81527
0.70915
1.0538
0.95632
0.81966
0.55114
0.40764
0.87914
0.94931
0.9214
0.35588
0.81225
0.76948
0.92044
0.69752
0.49994
0.83421
0.3984
1.0125
0.87739
0.94671
0.85328
0.8275
0.71484
0.7933
1.1067
0.72143
0.91329
0.64177
0.77639
0.80032
0.61312
0.6779
0.96303
0.90328
0.77095
0.98259
1.0037
0.87035
0.77568
1.0485
0.92382
0.72275
0.92606
0.69891
0.90366
0.74697
0.63888
0.8856
0.78177
0.72889
0.6483
0.78889
0.82538
0.78355
0.92056
1.0237
0.72625
0.72181
0.92361
0.81552
0.82491
0.8778
0.94889
0.84074
1.044
0.93714
0.86861
0.96739
0.93932
0.996
0.77796
0.64676
1.0438
0.68253
0.82063
0.66896
0.78325
0.91373
0.78017
0.85362
1.0541
1.0952
0.777
0.76984
0.75139
0.82444
0.74892
0.83748
0.90857
0.50872
0.65494
0.99411
1.0988
0.9247
0.84996
0.9382
0.93203
0.80176
0.78755
0.98568
0.80674
1.0039
0.94073
0.5365
0.8204
0.97366
0.83963
0.87828
0.93883
0.84695
0.75696
0.86857
0.86222
0.86464
0.80326
0.8951
0.86441
1.0628
0.87235
0.75068
0.82671
0.69141
0.81323
0.62102
0.76001
1.0077
0.85115
0.8766
0.90495
0.77986
0.83797
0.48188
0.89019
0.47813
0.81179
0.87395
0.84825
0.95667
0.74683
0.88514
0.86944
0.89359
0.73311
1.0312
1.0052
0.69703
1.1466
0.54469
0.74675
0.71828
0.71845
0.85294
0.74905
0.63335
1.1176
0.85711
0.99428
0.64922
0.85936
0.56102
0.76247
0.82848
0.73853
0.6001
1.0643
0.8272
0.73413
0.80891
0.91902
0.98993
0.66612
1.1124
0.50137
1.0047
0.81923
0.97325
0.55012
0.87626
0.83716
0.82504
1.0018
0.81155
0.89167
0.76688
0.81156
0.93543
0.74034
0.93036
0.62153
0.53289
0.5158
0.8126
0.61363
0.86794
0.761
0.7727
0.68607
0.90519
0.98756
0.94922
0.6622
0.77081
0.90756
0.5599
0.70026
0.61273
0.74195
0.88006
0.96943
0.87002
0.42574
0.87476
0.96125
0.96973
0.71892
0.4728
0.60376
0.83357
0.68025
0.92122
0.89556
0.90244
0.99507
0.69775
0.77332
0.67184
0.76592
1.0572
0.70277
0.61992
0.72715
1.058
0.89244
1.1252
0.98854
0.76741
0.92695
0.71791
0.83168
1.0186
0.81051
0.8715
0.71852
0.69258
0.91039
0.71606
0.77404
1.0066
0.99717
0.6292
0.77986
0.9405
0.84103
0.73332
0.91972
0.81794
1.0022
0.57811
0.615
1.0753
0.74427
0.79125
0.80426
0.96043
0.72325
0.60185
0.87171
1.0649
0.96766
0.54064
0.75009
0.92785
0.60095
0.91333
0.71136
0.84201
0.74931
0.7706
0.64244
0.6661
1.1391
0.83489
0.93102
0.78349
1.2181
0.6953
0.77536
1.0074
0.79654
0.9685
0.82323
1.0712
0.77778
0.89726
0.74043
0.42073
0.91498
0.93122
0.69966
0.68122
0.7381
1.007
0.76189
0.68401
0.53208
0.34449
0.88981
0.79557
1.0779
1.1147
0.7474
0.91193
0.88626
0.72104
0.78521
1.037
0.75659
0.4956
0.89805
0.96691
1.1729
0.73363
0.8376
0.69286
1.0267
0.80516
0.74177
0.89664
0.87815
0.97924
0.62813
1.0965
0.87172
0.86232
0.69673
0.74655
0.98225
1.0719
1.0531
0.92807
0.83896
0.81441
0.82587
0.81708
0.8902
0.41422
0.86105
0.87202
0.68515
0.82602
0.91477
0.77063
0.75083
0.83741
0.75594
0.55909
0.95943
0.88586
0.81588
1.1572
0.63248
0.86365
1.0478
1.0138
1.0318
0.73758
0.64817
0.82045
0.98314
0.96576
0.94598
0.68696
0.65474
0.62571
1.0786
0.82467
0.80425
0.69252
0.9755
0.98075
0.68473
0.57354
0.76276
0.63858
0.82344
1.027
0.7897
0.78624
0.72641
0.78954
0.88656
0.79422
0.74199
0.8992
1.0912
0.94005
0.68929
0.89733
1.0477
0.79643
1.1111
0.61213
0.89277
0.82837
0.86783
0.6968
0.87683
0.79318
1.0289
0.86894
0.98596
0.88819
0.78377
0.97228
0.9837
0.91918
0.60222
0.79096
0.54049
0.80125
0.68769
0.64588
0.99345
0.63785
0.62539
1.0516
0.74251
0.82944
0.7617
0.8426
0.65884
0.69987
0.66216
0.91344
0.89517
0.74662
0.8535
0.75235
0.72165
0.41033
0.45272
0.79532
0.6277
0.72184
0.79927
0.68463
0.82634
0.59759
0.76807
0.67319
0.93765
1.0468
1.0949
0.86227
0.75828
0.77549
0.62075
0.90942
0.89173
1.0791
0.85473
0.84573
0.56055
0.82375
0.96327
0.8385
0.86502
0.74686
0.64085
0.70468
0.62075
0.85272
0.99848
0.98862
0.89702
0.97405
1.0349
0.96348
1.0396
1.0056
1.023
0.9554
0.70372
0.83831
0.59342
0.88473
0.91197
0.80415
0.75472
0.8461
1.0188
0.7001
0.64824
0.71923
0.96177
1.0463
0.8323
0.79291
1.0729
0.93291
0.73555
0.90917
0.91354
0.84586
0.70341
0.83477
0.73254
0.85553
0.95458
0.94414
0.95504
0.87152
0.99965
0.98582
1.1106
1.0194
0.93628
0.86867
0.62932
0.97322
0.84128
0.79129
0.90822
0.49618
0.9018
0.91347
0.84475
0.82588
0.56893
0.71793
0.84606
0.82659
0.93411
0.80793
1.0062
0.99115
0.95834
0.81583
0.84002
0.83661
0.68742
0.94462
0.94642
0.55047
0.84719
0.69727
0.93009
1.0428
0.80198
0.83644
0.89661
1.0617
0.96728
0.57182
0.91066
0.6984
0.93799
0.89732
0.89277
0.50492
0.75644
0.97026
0.94038
0.81595
0.8739
0.56707
0.7075
0.86227
1.04
0.78082
0.96425
0.93772
0.83152
0.67499
0.65589
0.92177
0.56853
0.74453
1.0585
0.89038
0.71501
1.0346
0.60433
0.74109
0.62137
0.73559
0.91189
0.89192
0.6398
0.8355
0.637
0.68695
0.82315
0.81659
0.81637
0.83136
0.58531
0.6512
0.96861
0.71378
0.86708
1.0369
0.72049
1.0884
0.93297
0.71645
0.51495
0.73723
1.0423
0.82814
0.78178
0.70339
0.87554
0.69207
0.6075
0.81497
0.89971
0.73346
0.70985
0.90465
0.85531
0.77667
0.80863
0.85718
0.90126
1.0435
0.71992
0.80212
1.0168
0.90222
0.75247
0.92352
0.88894
0.78872
0.92483
0.67727
1.0271
0.76382
1.0615
0.454
0.96903
0.93941
0.92235
0.65058
0.5113
0.75124
0.85349
0.91453
0.99919
0.79555
0.73325
0.75171
0.69691
0.65143
1.009
1.0403
0.75201
0.60349
0.83031
0.54342
0.98113
1.1115
0.8691
0.88767
0.99487
0.98506
0.99064
0.92973
0.80978
0.68209
0.80821
0.96144
0.727
0.73412
0.74696
0.76338
0.63821
0.41412
0.7403
0.94701
0.92699
0.81272
0.7465
1.0138
0.94002
0.40448
0.60142
0.87566
0.8349
0.72481
0.80303
0.89442
0.64452
0.9159
0.9203
0.70359
0.83528
0.77207
0.76572
0.97905
0.809
0.83925
0.89567
1.1409
0.82306
0.98183
0.86706
0.52999
0.53589
0.91599
0.94757
0.84551
0.62993
0.95601
0.91474
0.86829
0.70812
0.77485
0.97782
0.84986
0.74402
0.89426
1.0036
0.77422
1.0714
0.8891
0.77757
1.0869
0.84467
0.72887
0.94974
0.526
0.83406
0.82526
0.93806
1.0629
1.0245
0.8963
0.6938
0.71334
0.92674
0.9506
0.9227
0.76322
0.61357
0.64839
0.76067
0.78311
0.48594
0.86235
0.70941
0.99921
0.86516
0.63022
0.817
0.69748
0.74034
0.63176
0.74304
0.91354
0.68523
0.68764
0.61081
0.95169
0.89573
0.70483
0.91581
0.68559
0.9136
0.79118
0.89534
0.86718
1.1637
0.88902
0.7639
0.79804
0.46593
0.91739
0.74847
0.92842
0.93569
0.85073
0.73869
1.0778
1.0958
0.83026
0.7634
0.98483
0.82805
0.6492
0.92949
1.053
1.1846
0.80325
0.55238
0.77228
0.99961
0.89915
0.81929
0.82
0.79414
0.85276
0.81116
0.74241
0.5774
0.8567
0.66256
0.53541
0.9643
0.80588
0.66783
0.71805
1.0705
0.84311
0.83828
0.55751
0.97994
0.51263
1.0124
0.84255
0.86697
0.85113
1.022
0.93342
1.0121
0.86711
0.92551
1.0882
0.7248
0.99454
0.73711
0.7757
0.82668
0.87771
0.76801
1.0301
0.63292
0.62603
0.81108
0.777
0.89674
0.85181
0.75667
0.9392
0.69206
0.73916
0.93749
0.83029
0.78652
0.91137
0.62855
0.41033
1.0749
1.0376
0.51357
0.70143
0.81385
0.63841
0.98478
0.81298
0.86236
1.1296
0.7899
0.95397
0.96216
0.5854
0.63546
0.97353
0.91356
0.27674
0.76816
1.0577
0.69902
0.99672
0.83922
0.82708
1.0389
0.67411
0.72296
0.95477
0.62051
0.88112
1.0348
0.82254
0.79024
0.80943
0.78661
0.92578
0.69265
1.1463
0.85141
0.97466
0.85069
0.73286
0.84237
0.57525
0.66474
0.64864
0.87973
0.83507
0.90255
1.0133
0.98021
0.87
0.57843
1.083
0.80975
1.0117
0.817
1.0231
0.58455
0.67984
0.92077
0.48629
0.85791
0.88748
0.68808
0.79252
0.75137
0.96769
0.81996
0.68331
1.0498
0.95802
0.79885
0.80545
0.71936
0.79319
0.77641
0.82836
0.76289
1.0322
0.72019
0.70584
0.91751
0.96448
0.66337
0.85945
0.89417
0.91761
0.94915
1.0404
0.68144
0.70383
0.76746
0.89533
0.83811
0.90156
0.59594
0.54621
0.91122
0.83207
0.82204
0.77664
0.92287
0.74298
0.86275
0.57029
0.95292
1.0116
0.83103
1.0789
0.91335
0.62604
0.79392
0.87153
1.0262
0.70999
0.65111
0.69352
0.49498
0.76055
0.94634
0.85854
1.037
0.72394
0.77229
0.82735
0.95746
0.44677
1.0741
0.6474
0.69882
0.88093
0.79516
0.65339
0.96641
0.73204
0.84887
0.46323
0.88102
0.68229
0.71368
0.98957
0.87356
0.85696
0.62487
0.74735
0.84057
0.98529
0.86538
0.82506
0.74828
1.0085
0.76035
0.74926
0.83641
1.0164
0.62742
0.72035
0.78636
0.83199
0.93881
0.76859
0.75197
0.62237
0.89249
0.74336
0.86907
0.97892
0.67693
0.81082
1.0575
1.0689
0.94388
0.74753
0.95162
0.6332
0.65393
1.0681
0.74864
0.59742
0.47517
0.94792
1.0777
0.75095
0.78154
0.60505
0.94763
1.0208
0.91908
1.0079
0.63688
0.59249
1.0645
0.86068
0.84215
0.92067
0.77202
0.65279
0.81231
0.92411
0.70118
0.79671
0.863
0.91318
0.81211
0.90775
0.76473
0.28684
0.94637
0.72537
0.86274
0.66778
0.56613
0.25485
0.99598
0.95381
0.86305
0.50796
1.0107
0.84869
0.90485
0.96041
1.0136
0.73715
0.96887
0.99629
0.93752
0.98051
0.7293
0.64988
1.0234
0.86758
0.85151
0.90975
0.85512
0.82751
0.87268
0.56751
0.86967
0.73319
0.89956
0.55463
0.86444
0.94691
0.83837
0.79936
0.73211
0.57777
0.70483
0.88886
0.86705
1.1931
0.70829
0.85768
0.68616
0.5896
0.67984
0.81543
0.99356
0.73244
0.80283
0.97978
0.65944
0.96453
0.76087
0.77979
0.64831
0.60053
0.73214
0.80414
0.93127
0.80785
0.64883
0.5973
0.80193
0.95726
0.82562
0.77493
0.855
0.82142
0.84236
0.91874
0.73857
0.84798
0.75605
0.58641
1.1335
0.67242
0.91659
0.93112
0.85753
0.98539
0.92627
0.95664
0.79157
0.65083
0.73708
0.9495
0.9986
0.47398
0.63649
0.97561
0.93355
0.63476
0.74929
0.72127
1.0136
0.92198
0.83587
0.98681
0.76364
0.76057
0.84759
0.80416
0.7823
0.66977
0.82671
0.737
0.90137
0.40879
0.79391
0.75795
0.69303
1.0233
0.69143
0.92143
0.64995
0.81341
0.92583
0.75486
0.88691
0.9598
0.89793
0.9317
0.88854
0.78133
1.0614
0.91454
0.86719
0.98019
0.87526
0.62459
0.91792
0.77191
0.82892
0.61248
0.90516
0.76049
0.81238
0.88295
0.59792
0.8705
0.78454
0.59493
0.48897
1.011
1.0168
0.85008
0.85448
0.70152
0.93038
0.82846
0.88503
0.86332
0.95578
0.75036
0.84424
0.98297
0.68794
1.0126
0.87222
0.91672
0.85834
0.79897
0.71866
0.69336
0.65284
0.74415
0.78225
0.7841
0.5619
0.61404
0.89178
0.7888
0.91428
1.0172
0.68972
0.81694
0.71636
0.39021
0.86399
0.86506
0.92499
0.88762
0.70069
0.7639
0.68751
0.88284
0.74744
0.87803
0.71588
0.79147
0.80161
0.81023
0.94459
0.90119
0.97354
0.84823
0.54592
0.83219
0.76726
0.74516
0.87596
0.74381
0.76106
0.83298
0.88499
0.70668
0.63442
0.94137
0.9138
0.71339
1.0309
0.66277
0.45271
1.0331
0.78803
0.93496
0.68934
0.908
0.9048
0.81411
0.57106
0.68479
0.93663
0.89969
1.0485
0.96444
1.0091
0.97936
0.84723
0.39077
0.62737
1.038
0.49475
0.7319
0.71741
0.79595
0.86042
0.87024
0.94508
0.86657
0.97909
1.0541
0.9779
0.75315
0.9555
0.97433
0.96184
0.95704
0.88755
1.0097
0.66777
0.87111
0.86423
0.69681
0.56509
1.0347
0.77312
0.95074
1.0533
0.70869
0.94436
0.94368
0.84312
0.41691
0.59494
0.98612
0.83938
0.64856
0.50678
0.7114
1.0136
0.81342
0.74793
0.52035
0.59823
0.94329
0.9147
0.84974
0.90139
1.0336
1.0227
0.51543
0.51061
0.67104
0.95389
0.85067
1.0516
0.86229
0.77808
0.92383
0.69344
0.90043
0.83682
0.67159
0.75672
0.5699
0.94447
0.93168
0.81735
0.95156
0.71001
0.60826
0.76752
0.74185
0.66925
0.72509
1.076
0.69548
0.98321
0.8724
1.0101
0.74537
0.93949
0.46599
1.1071
0.78754
0.5191
0.72362
0.77807
1.0162
0.72277
0.70433
0.79564
0.60525
0.96187
0.54208
0.81374
0.78156
0.62409
0.98892
0.82501
0.78013
0.87968
0.71307
0.78838
0.43477
0.67793
0.69913
0.71965
1.0228
0.88854
0.86259
0.81256
1.0641
0.86251
0.90516
0.71105
0.70492
0.80923
1.0315
0.85099
0.92176
0.45552
0.83494
0.65601
0.48117
0.61858
0.54048
1.082
0.76928
0.63417
0.8338
0.35775
1.0574
0.64193
0.85807
0.96402
0.9193
0.80994
0.78659
1.0281
0.90579
0.81671
0.88339
0.81111
0.62455
0.96283
1.0085
1.0008
0.68922
0.43932
0.63758
1.0109
0.708
1.0078
0.884
0.87567
1.0229
1.0785
0.87013
0.46521
1.0776
1.0822
0.97049
0.92121
0.95475
0.71417
0.91794
0.62791
0.65488
0.92232
0.96969
0.95799
1.0665
0.92458
0.86557
0.9354
0.75465
0.64517
0.91858
0.35421
0.9009
0.90242
0.6021
0.54822
0.94435
0.85867
0.82959
0.85547
0.83814
0.68095
0.81229
0.60496
0.99479
0.87765
0.89716
0.95523
0.83639
0.83111
0.80352
0.45794
1.1276
0.85391
0.86696
0.97293
0.86315
0.95901
0.61739
0.75422
0.57196
0.90676
0.82045
0.88524
0.94864
0.81557
0.74025
0.93633
0.85004
0.68643
0.5656
1.0008
1.0996
0.95092
0.89449
0.807
0.82787
0.96817
0.41762
0.93953
0.75645
0.83402
0.95395
0.82853
0.82043
0.85363
0.95945
0.84999
0.98494
0.96572
0.89023
0.81103
0.92977
0.34668
0.84663
0.61116
1.1028
0.75114
0.93928
0.92753
0.9817
0.85496
0.85087
0.82974
0.76806
0.90466
0.66293
1.0069
1.0571
0.83642
0.89741
1.0972
0.85276
0.795
0.54428
0.74784
0.80754
0.83377
0.89753
0.82556
0.96899
0.78518
1.1014
1.0217
0.5972
0.71181
0.71711
0.90537
0.85283
0.8078
0.93415
0.83922
1.0515
0.71259
0.70619
0.94953
0.66409
0.80493
0.76634
1.0948
0.72352
0.86045
0.90012
0.85588
0.63957
0.76378
0.97314
0.79649
0.90226
0.89163
1.0237
0.81641
0.87111
0.29277
0.59982
0.38413
0.90742
1.0082
0.74141
0.87233
0.70022
0.80082
0.97204
1.0124
0.6573
0.83991
1.0332
0.6316
0.6413
0.9891
0.68053
1.2066
1.0323
0.72912
0.58314
0.96307
0.33392
0.60779
0.79591
0.9731
1.0154
0.7676
0.8913
0.88194
1.0218
0.72601
0.70935
1.1365
1.0218
0.94232
1.0619
0.81845
0.66998
0.73072
0.74094
0.40912
0.49998
0.85853
0.8367
0.93154
0.7242
0.82307
0.64874
0.77177
0.75602
0.89178
0.71792
0.80815
0.71906
1.0475
1.0749
0.73082
0.74798
0.829
0.69367
1.1207
0.66169
0.85688
0.84418
0.63791
0.7032
0.62641
0.86202
0.71993
0.81582
0.81658
0.89416
0.81939
0.99118
0.81587
0.93085
0.75365
0.96263
0.69941
0.86416
0.56662
0.97035
0.86927
1.0448
0.43385
0.71974
0.60542
0.85192
0.64322
0.68419
0.65696
0.81252
0.87828
0.71217
0.77385
0.62854
1.0292
1.038
0.9377
0.76644
0.74599
0.98854
0.98438
1.1285
0.83742
0.95128
0.95973
0.70182
0.83272
0.78811
0.96823
0.91328
0.9417
0.80842
0.7939
0.82791
0.91479
0.72271
1.057
0.60018
0.71161
0.66496
0.88179
0.92852
0.84044
1.1528
0.96429
0.96901
0.57767
1.0824
0.54069
0.86327
1.0134
1.0382
0.77857
0.74232
0.92318
0.9773
1.1274
0.61807
0.82464
0.83876
0.90746
0.98302
0.96499
0.71582
0.92617
0.94378
0.91603
0.80473
0.8189
0.36497
0.9381
0.99649
0.77652
0.95697
0.93272
0.96727
0.90877
0.72876
0.90699
0.52289
0.71491
0.74513
1.1548
0.73574
0.90574
0.8744
0.77111
1.0367
0.71006
0.79206
0.93462
0.806
0.90139
0.81909
0.95392
0.46051
0.67785
0.62167
0.81548
0.90899
0.92457
0.85794
0.96773
0.95079
0.8503
0.51522
0.75076
0.9115
0.50687
0.60779
1.0499
0.61664
0.99549
0.70756
0.84864
0.67571
0.87117
0.85711
0.7593
0.93857
0.99516
0.68028
0.83361
0.61045
0.90405
0.87372
0.84751
0.53973
0.81639
0.86531
0.9849
1.1669
0.65947
0.92707
0.79477
1.0274
0.60767
0.6739
0.60069
0.90641
0.72119
0.88571
0.99036
0.67777
0.85025
0.82272
0.95754
0.84761
0.80728
0.73653
0.77971
1.1168
1.0662
0.901
0.90755
0.78947
1.0018
0.72383
0.75731
0.61385
1.0744
0.81294
0.78527
0.93036
0.85037
0.80233
0.94768
0.55261
0.91228
1.1157
0.89299
0.98313
0.74799
0.56325
1.0181
1.0713
0.76902
0.683
0.5989
0.88856
0.92138
0.88068
0.92825
0.74175
0.60315
0.72607
0.82692
0.99965
1.0179
0.97705
0.82399
0.94425
1.0619
0.7474
0.7565
0.42933
0.8979
0.98629
0.77332
0.93275
0.84163
1.0094
0.97208
0.72592
0.74418
0.88747
0.84262
0.63207
0.97738
0.77289
0.85977
1.0577
0.43019
0.59296
0.94688
1.0024
1.0196
0.57107
1.0073
1.1979
0.55756
0.86183
0.74053
0.94963
0.87707
0.61466
0.99921
0.91665
0.96031
0.58457
0.8513
0.92562
0.89276
0.86592
0.85011
0.67763
0.57885
0.85185
1.0382
0.89045
1.0315
0.90743
0.98462
1.0074
0.5523
1.0094
0.92394
1.1462
0.85337
0.835
0.96627
0.88807
0.82032
0.80523
0.85849
0.74848
1.0469
0.86315
0.98666
0.88389
0.8721
1.0355
1.0281
0.79438
1.0736
0.87676
0.97261
0.76651
1.1771
0.91519
0.89442
0.92699
0.7403
0.89147
0.89596
0.59225
0.89423
1.1354
0.99521
0.89465
0.73821
0.62803
0.91773
1.0388
0.78538
0.8995
0.77616
0.82487
0.78997
0.70998
0.90659
0.75869
0.94919
0.81909
0.60011
0.8979
0.69441
0.83635
0.70505
0.83064
0.91151
0.88141
0.93751
0.91531
0.80797
0.5953
1.0078
0.6869
0.95276
0.93831
0.83788
0.75679
0.78631
0.83723
0.8347
0.89998
0.72591
0.85709
0.98773
0.56101
0.81549
0.8909
0.98823
1.0365
0.52174
0.91656
0.99942
0.99927
0.54772
0.58314
1.0342
0.7514
0.74312
0.81538
0.82972
0.81162
0.68617
0.79672
0.97216
0.79108
1.0304
1.0652
0.67751
0.95133
0.90603
0.67807
0.90197
0.70352
0.91098
0.89375
0.90877
0.92342
0.99168
0.90928
0.80375
0.78857
0.90565
0.73172
0.79054
0.7401
0.69771
0.84244
0.99553
0.67381
1.0164
1.0266
1.0404
0.82442
0.93993
0.78013
0.81092
0.93177
0.9405
0.98508
0.77262
0.84169
0.62544
0.83254
0.90237
0.63568
1.0422
0.85102
0.77269
0.91922
0.7706
1.0665
0.73911
0.80987
0.5104
0.5469
0.96376
0.90006
0.86791
0.67289
0.62606
0.99017
0.9657
0.78263
0.71658
0.981
1.0533
0.8304
0.78033
0.92373
0.73557
0.96709
1.0568
1.0069
0.81992
0.69705
0.67203
0.96646
0.85987
1.0665
0.73603
0.88206
0.91378
0.90667
0.98288
0.99044
0.89247
0.74244
0.66638
0.74091
0.44727
0.9857
0.79041
0.73818
0.63265
0.59468
1.0686
0.85377
0.68696
0.48379
1.0316
0.56383
1.0122
0.87455
0.71881
0.94017
0.7919
0.68936
0.87067
0.88394
1.0499
0.76592
0.84895
0.77353
0.89975
1.0864
0.60678
0.82852
1.092
0.91227
0.59555
0.64848
0.72905
1.0383
0.71903
0.83307
0.80396
0.9361
1.028
0.75337
1.0603
0.62666
0.92095
0.87103
1.0117
0.78457
0.86172
0.69042
0.92678
0.9273
0.81203
0.84459
0.76449
0.7628
0.99986
0.8768
0.90218
0.79052
0.80677
0.83061
0.88359
0.9914
0.51267
0.93784
0.72345
0.80229
1.1422
0.94319
0.73766
0.83526
0.67568
0.98589
0.43789
0.58265
0.87913
0.84299
0.82363
0.76075
0.93478
0.73787
0.84242
0.79828
1.0206
0.81378
0.53464
0.85628
0.83451
0.94126
1.0063
0.86155
0.74749
0.63877
0.83916
0.79397
0.62969
0.7382
0.84647
0.97446
0.87655
0.69708
0.73905
0.56458
0.60041
1.1636
0.58425
0.90117
1.0377
0.92411
0.92797
0.94165
0.88523
0.75133
0.81742
0.90581
1.1555
0.98228
0.85813
0.89277
0.93485
0.96793
0.97393
1.0221
0.86065
0.59688
0.69748
0.9269
0.9968
0.79948
0.79366
0.77919
0.65371
0.67408
0.75446
0.42502
0.65968
0.97848
0.58359
0.94162
0.98794
0.85566
0.94317
0.75486
0.87388
0.78765
0.72761
0.98788
0.80479
0.86502
0.90761
0.72805
0.82571
1.0247
1.0162
1.0182
0.86217
0.87622
0.63202
0.80356
0.89126
0.99217
0.99366
1.024
0.69302
0.88361
0.63079
1.004
0.76844
0.75874
0.79347
0.89054
0.49948
0.68444
0.76137
0.62816
1.0062
0.70362
0.78891
0.77589
0.94393
1.0361
0.53693
1.0559
0.85162
0.84688
0.9363
0.86905
0.93229
1.0013
0.79354
0.58692
0.86456
0.81682
0.81435
1.034
0.91232
0.95451
1.0321
0.78295
1.1071
0.95223
0.68703
0.84451
0.86751
1.1177
0.88
0.84912
1.1055
1.0129
0.84753
0.7814
0.8552
0.81664
0.79563
0.63197
0.66971
0.89094
0.67923
0.84157
0.98629
0.69726
0.58484
0.65843
0.80538
0.82764
0.7282
0.94175
0.58392
0.87273
1.0784
0.80523
0.88299
1.0053
0.95602
0.83036
0.73977
0.92509
0.67242
0.51944
0.78168
0.55288
0.66157
1.0389
0.71167
1.093
1.0078
0.93434
0.77661
0.79562
0.97081
0.98069
1.0518
0.58344
0.88303
0.74379
0.88621
1.0654
0.8872
0.84991
0.7147
0.65913
0.76038
0.7467
0.89545
0.92869
0.88638
0.8113
0.86019
0.95715
0.86755
0.7822
0.78772
1.0364
0.87439
0.87441
0.94067
0.75762
0.76977
0.40083
0.7978
0.97392
0.7757
0.80269
0.95199
0.97229
0.75719
0.79344
0.94143
0.9873
0.79715
0.8613
0.91553
0.93099
0.95482
1.2162
1.0832
0.86628
0.85412
0.92265
0.57149
0.94382
0.93209
0.59119
0.96965
0.92531
0.80843
0.97959
0.40493
0.87625
0.60681
0.74614
0.63336
0.88407
0.87327
0.82512
0.57114
0.58762
0.7779
0.94088
0.82776
1.1653
0.93134
0.9493
0.98605
0.8113
0.87122
0.96368
0.41763
0.90604
0.99608
0.88044
0.76417
0.77508
0.89673
0.8819
0.62817
0.72755
0.9882
0.75079
0.60895
1.0166
0.90274
0.92938
0.86728
0.50978
0.77478
0.59781
1.0727
0.97353
0.705
0.82146
1.0675
0.85665
0.74964
0.91247
0.87805
0.83225
0.61075
0.75618
0.62834
0.77087
0.83859
0.71682
0.73511
0.77426
1.0501
0.8621
0.82345
1.0562
0.58476
0.56269
0.54735
1.0811
0.92052
0.86554
0.66357
0.87294
0.80662
0.61356
0.70072
1.0853
1.0756
0.63343
0.82198
0.91995
0.95809
1.0718
1.0199
0.75748
0.80382
1.0221
0.69594
0.8855
0.73732
0.63721
0.66464
0.90147
0.80132
1.0006
0.79502
0.98772
1.0173
0.66849
0.65998
0.84696
0.98432
0.84461
0.84959
0.74673
1.0544
0.8518
0.95259
0.66091
0.95088
0.84297
0.80658
0.97219
1.0346
0.55515
0.80989
0.83684
0.89684
0.64833
0.70415
0.90884
0.98656
1.0176
0.78952
0.29892
0.87818
0.91323
1.0794
0.68485
1.0001
0.61286
0.82111
0.89425
0.85169
0.84183
0.83844
0.92293
1.0275
0.8055
0.67419
0.68435
0.93306
0.79989
0.91825
0.92601
0.55983
0.92238
1.0808
0.95938
0.55463
0.62721
0.94422
0.86877
0.61422
0.61372
0.98717
0.92521
0.62878
0.78393
1.025
0.79213
0.60818
0.75448
0.91333
0.65891
0.59855
0.6547
0.98296
0.87529
0.98014
0.82059
0.94869
1.0965
1.052
0.8397
0.72905
0.98765
0.99685
0.87274
0.845
1.0017
0.78511
1.0592
0.90355
0.76122
0.79341
0.79854
0.63704
0.80782
0.92597
0.72437
0.92046
0.93732
1.0142
0.85651
0.84686
0.64576
0.94122
0.97802
0.81438
1.1373
0.50335
0.68453
0.68723
1.1125
0.88912
0.60219
0.99725
0.7533
0.70791
0.85225
0.94342
0.32745
0.38304
0.96193
1.1291
0.94233
0.84986
0.80412
0.85122
0.98589
0.7683
0.92832
0.88448
0.83086
0.82578
0.9581
0.41114
0.81783
0.57455
0.63306
0.84739
0.90035
0.77651
0.89328
0.3318
0.85929
0.8386
0.82157
0.74866
0.79863
0.78768
0.54124
0.90742
0.82637
0.66828
0.92758
0.64029
0.83163
0.73509
0.84457
1.0229
0.77052
0.89155
0.67818
1.0673
1.0317
0.77906
0.91681
0.98308
0.73834
0.73182
1.0429
0.87054
0.92988
0.75675
0.86269
0.95436
0.85931
0.80614
0.85606
0.89775
0.75177
0.7582
0.84362
0.99652
0.54682
1.1335
1.0245
0.98916
0.5997
0.48135
0.81035
0.8118
0.97973
0.72518
0.75796
0.93352
0.84479
0.9706
0.80466
0.67419
0.68107
0.81219
0.62834
0.84379
1.0497
0.85721
0.71151
0.90287
0.9128
0.86439
0.93812
1.0173
0.84517
0.87288
0.60089
1.1586
0.86613
0.25956
0.50739
0.86412
0.2757
0.84968
0.93286
0.79234
0.76505
0.50245
0.62328
0.57156
0.56121
0.96552
1.1806
0.89729
0.92631
0.95968
0.3744
0.9971
0.42212
0.82185
0.93759
0.88759
0.76497
0.8013
0.83699
0.82118
0.92204
0.80228
0.87149
1.2243
0.65984
0.5952
0.77997
0.67452
0.68535
0.91704
0.83821
0.81582
1.0989
0.78236
0.7157
0.67047
0.61812
0.81785
0.97167
0.55469
0.98185
0.77966
0.80966
0.8868
0.9016
0.73867
0.93666
0.86665
1.0338
0.78132
0.93991
0.42157
0.92823
0.91276
1.0041
0.60164
1.0294
0.40494
0.89316
0.83853
0.77838
1.0331
0.83133
1.1258
0.9537
0.65028
0.99718
1.0069
0.92073
0.8395
1.0363
0.90905
0.96773
1.1594
0.59723
0.95552
0.75154
0.54931
0.8314
0.80393
0.9187
1.0139
0.76558
0.64526
0.82148
0.71645
1.0193
0.61924
0.483
1.0091
0.8908
0.85812
0.93166
0.90282
0.72118
0.74156
0.9534
0.49427
1.1081
0.48959
0.80739
0.56758
0.77959
0.63936
0.66955
1.1437
0.68016
0.74825
0.71869
0.63896
0.86497
1.0664
0.76822
1.0344
0.8364
0.69937
0.87247
0.61714
0.68577
0.97132
1.0454
0.85121
0.52793
0.46152
0.87021
0.62956
0.91043
0.71434
0.8379
0.77638
0.77934
0.78269
0.80173
0.8306
1.0444
0.82016
1.0477
0.83386
0.90048
1.0466
0.88692
0.6486
0.75328
0.92493
0.93782
0.91901
0.85744
0.72191
0.95117
0.87316
0.74953
0.95136
0.94558
0.5829
0.84472
1.0785
0.65713
0.57714
0.7219
0.81387
1.108
0.71132
0.98457
0.89523
1.0021
0.76565
0.47744
0.82764
0.75842
0.60778
0.68082
0.6436
0.92217
0.60719
0.94867
1.0493
0.73287
0.89801
0.88786
0.95341
0.95461
0.96604
0.32835
0.97028
0.98929
0.91052
0.99156
0.84582
0.66005
0.5201
1.0354
0.67868
0.63228
0.94849
0.93036
0.58682
0.87629
0.81409
0.88992
0.74175
0.68595
1.0166
0.73863
0.96286
0.90863
1.1368
0.876
1.0556
0.67076
0.64267
0.65217
0.8353
0.76183
0.67761
0.87874
0.96136
0.85286
0.82073
0.69347
0.8603
0.65716
0.83859
0.8717
0.90744
0.71246
0.74823
0.80835
0.69578
0.87532
0.91749
0.71398
0.46639
0.86597
0.95549
0.92133
0.75344
0.88867
0.74034
1.0764
1.0819
1.0897
0.96418
0.95888
0.65127
0.70887
0.91624
0.75477
1.025
0.99116
0.95095
0.7022
1.1023
0.87495
0.86862
1.0245
0.95922
0.93184
0.87813
0.9684
0.86949
0.95361
0.62708
0.76418
0.77163
0.54664
0.92681
0.98626
1.0966
0.7889
0.71105
0.94838
0.82752
0.64964
1.0526
0.71772
0.95045
0.75593
0.75563
0.74342
0.88725
0.88304
0.79834
1.0133
0.79088
0.87303
0.48088
0.64494
0.87855
0.54385
1.1793
0.67264
0.87559
0.60945
0.75392
0.72578
0.99672
0.71002
0.83078
0.48695
0.74789
0.6091
0.77024
0.69157
0.82647
0.69646
0.74419
0.59018
0.83898
0.96285
0.51679
0.73514
0.87253
0.99085
0.81101
0.92506
0.8405
0.58385
0.70023
0.80692
1.0779
0.64289
0.86661
0.68922
1.0289
1.0514
0.86985
0.7883
1.0267
0.70099
0.92611
0.91897
0.96242
0.74476
0.87023
0.96116
0.85785
0.64747
0.90451
0.81409
0.66288
1.0832
0.86772
0.62872
0.76723
1.0009
0.42861
0.73664
1.135
0.84747
0.79432
0.91934
0.53091
0.88296
