0.85344
0.7774
0.94606
0.67394
0.73218
0.83905
0.93129
0.81913
0.94702
0.68221
0.56441
0.64376
0.61629
0.74496
0.83807
0.90904
0.42584
0.76418
0.77194
0.67194
0.72196
0.60095
0.88467
0.78323
0.60663
0.85951
0.91087
0.73884
0.66618
0.7187
0.69515
0.50518
0.79616
0.89586
0.78817
0.39629
0.38501
0.65275
0.79037
0.73358
0.60268
0.74739
0.82097
0.56805
1.0383
0.38885
0.63148
0.79516
0.88772
0.82262
0.72307
0.69019
0.75564
0.90881
0.70836
0.60229
0.72452
0.50481
0.7979
0.55986
0.77902
0.90722
0.51754
0.60784
0.73096
0.80968
0.65926
0.60343
0.55052
0.56762
0.84783
0.90365
0.55612
0.70124
0.63592
0.74604
0.75855
0.79193
0.73566
0.58167
0.77844
0.70525
0.68617
0.72625
0.82805
0.54419
0.92867
0.7651
0.52759
0.62285
0.79629
0.55791
0.89493
0.98022
0.60564
0.7359
0.68692
0.83913
0.70995
0.88055
0.71873
0.85417
0.58391
0.69599
0.71538
0.7268
0.52154
0.80258
0.67695
0.4357
0.86922
0.49818
0.77772
0.90766
0.58159
0.67087
0.61654
0.4912
0.76811
0.74468
0.80126
0.70197
0.83594
0.6161
0.56552
0.11017
0.65752
0.80376
0.79797
0.85621
0.72761
0.85928
0.4754
0.63252
0.78917
0.70903
0.91185
0.82819
0.58266
0.59533
0.79376
0.71689
0.75733
0.72466
0.65898
0.75742
0.88289
0.76644
0.72759
0.70806
0.77377
0.70935
0.61403
0.61306
0.61328
0.69844
0.73114
0.76901
0.64064
0.89285
0.73834
0.52935
0.73649
0.76899
0.75024
0.6301
0.91557
0.89052
0.85779
0.70113
0.47305
0.61677
0.73147
0.76412
0.66663
0.65535
0.80435
0.62578
0.83247
0.76357
0.68525
0.85534
0.75066
0.7622
0.66797
0.52929
0.61845
0.73818
0.66489
0.46827
0.65476
0.83378
0.79775
0.73042
0.69911
0.83172
0.78936
0.60333
0.80129
0.64344
0.75855
0.35703
0.40957
0.61681
0.82974
0.68841
0.73794
0.6717
0.90146
0.59216
0.8304
0.54373
0.68762
0.76308
0.6797
0.71206
0.78328
0.76486
0.7308
0.51363
0.51514
0.71995
0.80823
0.58319
0.51363
0.65876
0.78968
0.60262
0.73824
0.60209
0.83975
0.74737
0.6915
0.68982
0.81482
0.84617
0.86507
0.90915
0.80962
0.87905
0.80079
0.9124
0.80582
0.68103
0.84215
0.50309
0.74799
0.64007
0.82319
0.56515
0.75914
0.75873
0.82711
0.52612
0.7265
0.80851
0.79212
0.814
0.81
0.65231
0.81091
0.80573
0.88991
0.65274
0.58545
0.50984
0.7858
0.88235
0.69744
0.65473
0.76962
0.74355
0.66999
0.66238
0.80189
0.68146
0.45762
0.80447
0.82044
0.70621
0.56296
0.74025
0.78602
0.5738
0.66232
0.44887
0.52076
0.68356
0.60385
0.79716
0.70174
0.54771
0.61472
0.71002
0.60279
0.64181
0.65679
0.62378
0.65052
0.73376
0.74516
0.74426
0.76973
0.57666
0.80417
0.85016
0.68135
0.80999
0.83324
0.79374
0.66067
0.70157
0.5885
0.85466
0.65684
0.82225
0.8533
0.67728
0.49733
0.8911
0.70222
0.77632
0.72012
0.69253
0.71247
0.55062
0.74659
0.67667
0.84713
0.90121
0.76962
0.4799
0.77898
0.56554
0.89988
0.67653
0.82485
0.58218
0.75253
0.54603
0.59923
0.70668
0.67669
0.57858
0.65801
0.66219
0.76209
0.87406
0.82171
0.78078
0.83578
0.56293
0.60484
0.49781
0.66695
0.65855
0.77293
0.75363
0.64768
0.78092
0.70475
0.72724
0.75914
0.59118
0.67183
0.83018
0.75418
0.71048
0.64088
0.86678
0.53997
0.62962
0.66432
0.64013
0.65796
0.72543
0.90196
0.69371
0.58419
0.61684
0.90505
0.68767
0.62852
0.64581
0.76817
0.5761
0.63769
0.87046
0.90184
0.69487
0.6036
0.53054
0.84867
0.61052
0.4391
0.62388
0.8077
0.69222
0.55743
0.83142
0.62788
0.66731
0.72256
0.73437
0.79191
0.80934
0.871
0.84
0.78624
0.61675
0.51497
0.74063
0.79981
0.7707
0.78879
0.51559
0.8564
0.75141
0.81615
0.74864
0.58025
0.7746
0.7117
0.52638
0.56089
0.54514
0.78556
0.51676
0.65636
0.74497
0.84445
0.57962
0.70751
0.80699
0.84761
0.71217
0.69563
0.75697
0.72464
0.75075
0.76196
0.54293
0.97282
0.70251
0.57832
0.75036
0.73095
0.58314
0.71855
0.79797
0.43215
0.58959
0.89596
0.70684
0.65058
0.74061
0.66026
0.70871
0.93587
0.80901
0.52258
0.74752
0.63727
0.62077
0.57829
0.71794
0.86325
0.64631
0.5678
0.74605
0.47374
0.63294
0.75256
0.51363
0.67452
0.63585
0.71401
0.62243
0.62457
0.84904
0.75306
0.82954
0.8142
0.62627
0.69078
0.78544
0.81366
0.50168
0.79831
0.54177
0.60635
0.70976
0.82329
0.77148
0.4733
0.61358
0.89151
0.6898
0.71172
0.60319
0.93466
0.58521
0.75634
0.43906
0.69774
0.68406
0.71363
0.57642
0.65907
0.6651
0.64132
0.80932
0.88302
0.6433
0.71723
0.81037
0.74317
0.84398
0.61105
0.54199
0.65224
0.64804
0.46592
0.88474
0.69143
0.73043
0.86093
0.73768
0.58492
0.71315
0.55051
0.84836
0.77038
0.45019
0.85412
0.75047
0.60112
0.70444
0.77102
0.81912
0.82187
0.68764
0.76109
0.79765
0.64501
0.62248
0.48804
0.82159
0.82362
0.85813
0.70848
0.81596
0.58743
0.80456
0.53304
0.66829
0.52844
0.57435
0.73538
0.78052
0.5023
0.66228
0.76072
0.6828
0.78575
0.47875
0.65222
0.66567
0.53773
0.56231
0.87091
0.87046
0.63601
0.56155
0.87468
0.70511
0.68648
0.60387
0.60309
0.60056
0.88325
0.87947
0.73908
0.80304
0.40049
0.60909
0.54499
0.73444
0.74649
0.72399
0.66185
0.58839
0.8463
0.65398
0.74891
0.6988
0.89388
0.54356
0.54609
0.71042
0.77168
0.58067
0.74005
0.54271
0.77194
0.73081
0.75326
0.819
0.68772
0.93993
0.72141
0.71818
0.83398
0.87449
0.66056
0.71804
0.84892
0.67309
0.68552
0.70113
0.70298
0.64184
0.79477
0.66494
0.79153
0.63418
0.68411
0.78003
0.80464
0.66996
0.80804
0.83792
0.44005
0.62759
0.78771
0.82117
0.70296
0.91311
0.89242
0.80867
0.57166
0.72164
0.78618
0.81425
0.65343
0.68911
0.71309
0.90321
0.71846
0.6215
0.63843
0.64889
0.42657
0.82536
0.57819
0.80738
0.78789
0.67853
0.70666
0.88556
0.71174
0.48572
0.51793
0.75195
0.83035
0.70657
0.73493
0.78228
0.69843
0.75635
0.56151
0.59529
0.52152
1.0066
0.77899
0.52704
0.68737
0.73645
0.85132
0.72031
0.89097
0.56931
0.63479
0.76026
0.58772
0.64075
0.7988
0.72676
0.84639
0.84184
0.68374
0.79453
0.89946
0.83817
0.5777
0.73714
0.86543
0.67557
0.81613
0.71392
0.62344
0.61346
0.73572
0.63287
0.87395
0.72932
0.78269
0.68907
0.85455
0.6097
0.65652
0.73678
0.5767
0.5857
0.4566
0.60621
0.92344
0.7811
0.80045
0.89572
0.60122
0.48362
0.55015
0.53275
0.6772
0.63494
0.45245
0.59529
0.81668
0.84677
0.65304
0.69377
0.70808
0.61438
0.45673
0.58807
0.74547
0.77221
0.53557
0.92799
0.54431
0.63243
0.70131
0.61342
0.64829
0.70618
0.52262
0.71408
0.54357
0.64764
0.8244
0.52049
0.61649
0.84622
0.76099
0.6839
0.687
0.75097
0.80176
0.56722
0.81633
0.69938
0.87026
0.69634
0.70059
0.88144
0.66041
0.81195
0.73621
0.77146
0.59699
0.80496
0.84907
0.62226
0.80435
0.68364
0.71322
0.47989
0.76009
0.67107
0.7164
0.65241
0.6513
0.73808
0.55432
0.73823
0.61812
0.74052
0.86507
0.79561
0.52323
0.79973
0.60893
0.68837
0.68359
0.65993
0.78994
0.88022
0.67718
0.5576
0.79932
0.73404
0.67743
0.5113
0.80684
0.63499
0.75074
0.72939
0.7035
0.7598
0.69426
0.68702
0.62428
0.79638
0.67588
0.86086
0.83062
0.67999
0.92099
0.86835
0.67038
0.93743
0.76789
0.72568
0.73511
0.78843
0.72985
0.73392
0.74004
0.61248
0.64276
0.66209
0.77318
0.68466
0.6599
0.84723
0.57009
0.88902
0.75616
0.82833
0.76461
0.63578
0.54826
0.98889
0.54276
0.84182
0.79525
0.72109
0.87285
0.6593
0.7164
0.89286
0.75368
0.54387
0.82549
0.78287
0.83876
0.7209
0.54193
0.6082
0.75456
0.65208
0.67491
0.87568
0.45861
0.81165
0.93135
0.60805
0.60869
0.77612
0.61706
0.67673
0.80343
0.80316
0.68956
0.81369
0.64427
0.64212
0.78614
0.68362
0.7915
0.73683
0.55532
0.86204
0.6633
0.67722
0.76117
0.69947
0.71422
0.58739
0.82875
0.64574
0.53053
0.67123
1.0251
0.79485
0.53704
0.55349
0.63022
0.67995
0.63954
0.83794
0.76047
0.54886
0.80914
0.61242
0.66767
0.63636
0.76705
0.74587
0.66453
0.61365
0.80441
0.55724
0.6691
0.54796
0.8038
0.51932
0.77437
0.63273
0.65832
0.73193
0.9003
0.84055
0.71755
0.61958
0.85967
0.89471
0.67492
0.73665
0.72318
0.68238
0.4442
0.42564
0.60705
0.57467
0.73038
0.90388
0.74644
0.58113
0.76684
0.98875
0.79497
0.74078
0.81973
0.5778
0.69311
0.7188
0.79463
0.51803
0.83684
0.779
0.37927
0.82849
0.80606
0.73379
0.78566
0.77795
0.57733
0.85016
0.6855
0.8482
0.80255
0.73156
0.84425
0.83718
0.67479
0.61978
0.71438
0.73135
0.4386
0.71523
0.83328
0.74721
0.65861
0.47992
0.72082
0.83107
0.81908
0.83711
0.8504
0.61639
0.63391
0.88747
0.41328
0.58948
0.83594
0.84387
0.48219
0.64918
0.65293
0.74271
0.62394
0.56401
0.56492
0.69124
0.71949
0.66596
0.77069
0.79549
0.71771
0.74495
0.59308
0.48778
0.84485
0.79651
0.56946
0.6958
0.75086
0.555
0.41533
0.85616
0.76304
0.83286
0.67289
0.77208
0.71295
0.67686
0.95331
0.76178
0.889
0.68819
0.89555
0.74406
0.57512
0.59628
0.80592
0.72762
0.78516
0.78562
0.96567
0.691
0.39313
0.63753
0.8568
0.71946
0.68975
0.82051
0.74641
0.65728
0.68032
0.64659
0.49624
0.76262
0.82078
0.68333
0.5326
0.43166
0.57385
0.78378
0.66024
0.86304
0.70237
0.70411
0.84915
0.7865
0.67559
0.68338
0.58782
0.79308
0.90373
0.72586
0.71271
0.89264
0.78062
0.69951
0.91447
0.64237
0.71449
0.84367
0.84297
0.75369
0.99568
0.76243
0.70599
0.73973
0.77929
0.79276
0.81546
0.59107
0.88053
0.64526
0.52481
0.68976
0.87666
0.40996
0.89141
0.71053
0.54384
0.44948
0.6805
0.62734
0.64055
0.69311
0.76418
0.61228
0.52521
0.84
0.70687
0.68495
0.87753
0.94907
0.75873
0.7318
0.63867
0.64853
0.70087
0.5691
0.73809
0.37692
0.65878
0.60015
0.53217
0.53989
0.76613
0.81509
0.5236
0.80659
0.95208
0.80579
0.69475
0.76388
0.53768
0.48581
0.78195
0.73949
0.64544
0.77901
0.66778
0.54143
0.89812
0.61469
0.59635
0.64352
0.61487
0.76308
0.64978
0.53327
0.7339
0.73541
0.81486
0.83329
0.6988
0.83781
0.747
0.76138
0.85279
0.80326
0.41244
0.78936
0.74055
0.82234
0.71144
0.77586
0.69021
0.82602
0.93668
0.73591
0.78875
0.55744
0.61361
0.62357
0.75713
0.6006
0.74751
0.82292
0.6783
0.6946
0.59779
0.72172
0.51322
0.62869
0.71932
0.73002
0.70365
0.58544
0.74281
0.45491
0.75851
0.67027
0.71202
0.62245
0.65149
0.6606
0.57689
0.68934
0.67637
0.61387
0.78651
0.72945
0.68873
0.44829
0.76379
0.43286
0.72344
0.84944
0.93123
0.95479
0.58008
0.81335
0.78415
0.62182
0.48693
0.7926
0.59504
0.7667
0.80663
0.69252
0.59087
0.74231
0.57119
0.77278
0.89113
0.32419
0.73625
0.6567
0.77174
0.76455
0.63073
0.5152
0.79277
0.49518
0.57176
0.53307
0.70034
0.57435
0.51462
0.7085
0.83904
0.91653
0.83075
0.73255
0.6088
0.65517
0.69388
0.78255
0.6676
0.93044
0.77582
0.81651
0.54842
0.56257
0.7503
0.79204
0.68957
0.69328
0.76977
0.79213
0.79992
0.57214
0.72757
0.8601
0.7571
0.54589
0.66699
0.65404
0.72314
0.82179
0.80126
0.63113
0.65475
0.72188
0.45439
0.81152
0.7094
0.78423
0.45373
0.76
0.87633
0.71077
0.73955
0.78583
0.83953
0.76883
0.76287
0.60065
0.49244
0.66616
0.62868
0.54547
0.72545
0.85832
0.37336
0.8294
0.77461
0.78013
0.6214
0.67866
0.81857
0.5112
0.76396
0.82038
0.90445
0.65795
0.70852
0.53295
0.57358
0.54611
0.4337
0.83387
0.7037
0.92774
0.523
0.8612
0.7021
0.58661
0.67162
0.49635
0.57352
0.71852
0.81807
0.51842
0.80983
0.42851
0.80813
0.57666
0.685
0.83698
0.73619
0.62483
0.6019
0.59718
0.76468
0.5609
0.76023
0.66809
0.64109
0.73264
0.39708
0.59144
0.76366
0.73026
0.82585
0.93733
0.78925
0.91501
0.80075
0.74222
0.70958
0.83422
0.83657
0.43674
0.45019
0.7132
0.8168
0.55469
0.81945
0.73171
0.64275
0.58517
0.59405
0.79422
0.51277
0.74525
0.59448
0.56766
0.83744
0.61009
0.8482
0.57365
0.837
0.71974
0.64208
0.61699
0.50056
0.67069
0.62502
0.79606
0.71722
0.83137
0.4916
0.82565
0.70971
0.588
0.76839
0.68992
0.81159
0.75626
0.66337
0.70642
0.79425
0.80746
0.70503
0.67993
0.6731
0.68274
0.68456
0.69601
0.97768
0.83775
0.76941
0.67607
0.57126
0.91752
0.38964
0.68843
0.66599
0.74166
0.66039
0.94087
0.76611
0.47995
0.61211
0.87795
0.47834
0.63846
0.66766
0.60051
0.86963
0.5926
0.80597
0.90069
0.74153
0.79527
0.77694
0.54621
0.7244
0.7667
0.73572
0.7332
0.85019
0.68343
0.9124
0.5668
0.86408
0.78408
0.77085
0.56718
0.80802
0.78907
0.9388
0.6989
0.66102
0.55775
0.86384
0.7723
0.71751
0.69017
0.4983
0.75126
0.76586
0.56298
0.66017
0.78909
0.86923
0.8731
0.78318
0.97209
0.62128
0.66175
0.70304
0.74789
0.80311
0.87431
0.66623
0.71345
0.43491
0.85734
0.57911
0.462
0.53966
0.658
0.74567
0.54097
0.81195
0.64362
0.65543
0.64222
0.81261
0.60421
0.74732
0.72961
0.8152
0.77218
0.51766
0.6524
0.70277
0.58681
0.71465
0.52301
0.45703
0.83549
0.87361
0.51774
0.71443
0.80728
0.76114
0.62543
0.79621
0.51149
0.91907
0.74048
0.74097
0.79917
0.73906
0.61575
0.7007
0.7807
0.85669
0.83209
0.71233
0.60347
0.82722
0.65918
0.59698
0.64535
0.70008
0.81319
0.82843
0.70502
0.57651
0.62531
0.67432
0.36062
0.58534
0.90591
0.70858
0.55321
0.4039
0.51343
0.89063
0.45105
0.65689
0.87945
0.84652
0.73693
0.73999
0.72547
0.64882
0.85737
0.48297
0.80372
0.7862
0.51647
0.83288
0.82885
0.76217
0.78018
0.84206
0.57199
0.66818
0.76239
0.61967
0.89975
0.67347
0.87296
0.77382
0.66968
0.6749
0.52298
0.79697
0.62905
0.59556
0.86034
0.57378
0.68707
0.81799
0.85548
0.70569
0.76055
0.74664
0.74801
0.75408
0.5938
0.65343
0.78565
0.67335
0.64525
0.68657
0.55485
0.4974
0.62133
0.48307
0.63519
0.75755
0.66684
0.75398
0.74541
0.53773
0.55301
0.83609
0.80571
0.41163
0.67644
0.56455
0.94422
0.6262
0.46814
0.77721
0.75535
0.85327
0.78807
0.83055
0.82946
0.63096
0.8095
0.53543
0.56199
0.56788
0.69483
0.86714
0.64275
0.8271
0.7817
0.71108
0.48223
0.70842
0.60971
0.69856
0.78227
0.60698
0.76337
0.67951
0.70976
0.82984
0.64453
0.87492
0.71374
0.76111
0.71583
0.50386
0.79458
0.73233
0.7474
0.57163
0.63116
0.89526
0.7605
0.9082
0.66679
0.6893
0.78469
0.65526
0.76737
0.76171
0.91137
0.62686
0.77984
0.83021
0.73081
0.72369
0.54444
0.74191
0.52846
0.68927
0.68211
0.81747
0.60458
0.47242
0.69448
0.64149
0.73233
0.7891
0.52189
0.56193
0.74451
0.7181
0.82039
0.55578
0.58864
0.62947
0.73383
0.63263
0.80866
0.55537
0.56802
0.7144
0.70499
0.84582
0.54127
0.626
0.38821
0.78334
0.79683
0.5382
0.61262
0.68241
0.37299
0.66835
0.74008
0.52509
0.75004
0.70856
0.49238
0.44856
0.89164
0.62976
0.84823
0.67481
0.56365
0.87017
0.82622
0.70582
0.8076
0.81724
0.42801
0.49555
0.60476
0.84069
0.51068
0.73163
0.41326
0.64986
0.42216
0.78098
0.59358
0.86776
0.84398
0.70138
0.43577
0.90002
0.69721
0.78776
0.46001
0.65651
0.73431
0.88479
0.76297
0.62561
0.68591
0.63122
0.53384
0.45506
0.89259
0.74077
0.605
0.49681
0.84594
0.79219
0.67723
0.84888
0.70824
0.66353
0.72185
0.44818
0.58832
0.78685
0.85619
0.75294
0.69528
0.65448
0.49781
0.92173
0.7166
0.81014
0.90568
0.85487
0.89353
0.58378
0.74441
0.83298
0.73582
0.6653
0.82676
0.5182
0.61553
0.86438
0.68431
0.81068
0.78702
0.6487
0.61079
0.89174
0.84698
0.76094
0.6183
0.55667
0.61928
0.61007
0.65588
0.80998
0.58227
0.63628
0.70154
0.24641
0.56781
0.80608
0.62285
0.82364
0.64863
0.65086
0.74127
0.88555
0.51062
0.61603
0.69479
0.3661
0.88429
0.76708
0.81235
0.70939
0.47614
0.63257
0.60201
0.91661
0.75444
0.62791
0.6182
0.41214
0.71627
0.50582
0.87803
0.78029
0.70321
0.79027
0.65666
0.74156
0.6593
0.82512
0.81413
0.75457
0.58351
0.54728
0.47507
0.47064
0.61251
0.83417
0.67835
0.53174
0.68409
0.72244
0.70214
0.61498
0.86345
0.70227
0.51574
0.47109
0.70749
0.7176
0.86943
0.63838
0.77792
0.74616
0.6585
0.72979
0.85459
0.83368
0.68755
0.70804
0.8383
0.52904
0.9357
0.57233
0.45305
0.58205
0.70187
0.6485
0.67267
0.75757
0.59019
0.65196
0.81373
0.69586
0.7675
0.79026
0.63116
0.7533
0.84634
0.31216
0.79099
0.81586
0.69923
0.61245
0.87872
0.63328
0.78391
0.61152
0.79495
0.53384
0.78167
0.7156
0.60907
0.56139
0.50611
0.87485
0.76996
0.81623
0.59368
0.96616
0.77628
0.83327
0.90929
0.75557
0.81181
0.64632
0.6346
0.622
0.72506
0.69871
0.70817
0.80588
0.77428
0.87316
0.74318
0.66533
0.5739
0.67673
0.61748
0.85212
0.87773
0.77812
0.5515
0.76543
0.60325
0.90433
0.69922
0.68383
0.4864
0.84973
0.63201
0.81701
0.75481
0.54292
0.6226
0.70019
0.52304
0.83796
0.74818
0.51382
0.7406
0.67923
0.58713
0.78963
0.65068
0.45958
0.66683
0.47523
0.49402
0.88752
0.7458
0.72639
0.84232
0.73014
0.77985
0.76699
0.83465
0.66803
0.76749
0.55696
0.6943
0.59272
0.73804
0.60318
0.76887
0.50501
0.55353
0.64964
0.89527
0.65456
0.4409
0.66558
0.67078
0.6824
0.91898
0.8689
0.74303
0.75682
0.83712
0.4722
0.78973
0.64842
0.65639
0.88006
0.54717
0.79157
0.73622
0.74664
0.66369
0.88638
0.64738
0.74343
0.69928
0.79722
0.81028
0.6644
0.40106
0.6864
0.65006
0.78395
0.8293
0.30186
0.51699
0.60478
0.70704
0.8622
0.81384
0.58785
0.76714
0.81719
0.58462
0.81216
0.321
0.7889
0.68304
0.8097
0.76615
0.8255
0.65568
0.83402
0.61499
0.65232
0.6563
0.74212
0.60002
0.67934
0.86436
0.86028
0.97051
0.67701
0.7341
0.87473
0.49889
0.65899
0.54483
0.65151
0.52886
0.73587
0.75233
0.5267
0.73464
0.78758
0.73693
0.64107
0.5722
0.50805
0.52099
0.5457
0.82139
0.74383
0.72112
0.80978
0.85397
0.62541
0.7414
0.83322
0.82452
0.65897
0.54061
0.78027
0.664
0.65162
0.67673
0.51588
0.74583
0.73689
0.77252
0.60162
0.75995
0.76262
0.50968
0.6304
0.93102
0.64541
0.70396
0.78023
0.89413
0.73531
0.84569
0.68614
0.65527
0.89435
0.81936
0.72482
0.82316
0.78955
0.64058
0.78137
0.71595
0.65413
0.6892
0.82373
0.76743
0.77947
0.79258
0.69715
0.69525
0.76283
0.65005
0.8517
0.75077
0.41842
0.6332
0.76385
0.6636
0.53784
0.55664
0.75152
0.71103
0.61447
0.70121
0.89969
0.65273
0.69577
0.9669
0.67941
0.73
0.73934
0.64742
0.85626
0.82762
0.63949
0.81446
0.70841
0.66607
0.72302
0.84518
0.72544
0.75758
0.78266
0.36666
0.62344
0.59657
0.89752
0.87266
0.86951
0.70277
0.83051
0.78112
0.8506
0.73063
0.82263
0.96781
0.89494
0.68742
0.97137
0.64406
0.84627
0.73753
0.64785
0.69458
0.59028
0.8567
0.68942
0.8113
0.84572
0.77734
0.97146
0.70975
0.76284
0.65269
0.63606
0.48621
0.82657
0.82433
0.81435
0.68488
0.697
0.74491
0.68138
0.78246
0.70458
0.89885
0.59985
0.60104
0.77126
0.70818
0.66969
0.71974
0.79789
0.50661
0.85855
0.66336
0.66475
0.84318
0.69706
0.86803
0.69706
0.74139
0.70963
0.57749
0.77647
0.55153
0.81333
0.69414
0.67451
0.85067
0.74941
0.66086
0.55698
0.65953
0.69471
0.70738
0.73414
0.88713
0.67446
0.59287
0.59597
0.68828
0.79301
0.8943
0.75159
0.81578
0.73622
0.61634
0.67472
0.75456
0.70573
0.55976
0.62069
0.68065
0.43128
0.83539
0.83491
0.71632
0.78178
0.78787
0.62618
0.67203
0.49608
0.69136
0.54585
0.55358
0.69175
0.70608
0.68238
0.97079
0.56516
0.63954
0.93303
0.82938
0.7779
0.67377
0.55803
0.91276
0.6952
0.70898
0.77687
0.81226
0.51833
0.68906
0.8085
0.66241
0.75703
0.64386
0.79879
0.92191
0.41306
0.77362
0.82163
0.7466
0.58722
0.85128
0.68495
0.60232
0.7452
0.72909
0.54787
0.62246
0.76735
0.73362
0.86804
0.71472
0.56121
0.75437
0.83243
0.58334
0.84213
0.64601
0.58599
0.65519
0.57446
0.70223
0.87911
0.66544
0.66592
0.67591
0.76741
0.94508
0.81334
0.777
0.7057
0.68229
0.82829
0.77707
0.4814
0.67401
0.4472
0.70234
0.65287
0.72308
0.74745
0.75499
0.65837
0.84729
0.61498
0.82429
0.37237
0.74271
0.67948
0.54668
0.73425
0.77466
0.87221
0.82628
0.59752
0.7371
1.0157
0.66987
0.64147
0.63817
0.98408
0.75151
0.64189
0.68682
0.71869
0.81414
0.70774
0.70158
0.5233
0.47292
0.91756
0.71589
0.60555
0.25097
0.79157
0.61164
0.72069
0.48194
0.79565
0.5942
0.60972
0.84327
0.55355
0.79646
0.7407
0.6886
0.70631
0.66621
0.81603
0.78277
0.65253
0.65404
0.60159
0.42406
0.60737
0.61004
0.4528
0.84883
0.85918
0.85971
0.79861
0.75308
0.691
0.72759
0.83763
0.80881
0.57147
0.82763
0.58777
0.67153
0.76648
0.66125
0.77172
0.50769
0.71212
0.72568
0.38419
0.86889
0.77434
0.98274
0.64223
0.64772
0.63665
0.73804
0.91738
0.65849
0.82501
0.6462
0.69629
0.8316
0.54933
0.83679
0.88202
0.60634
0.58757
0.69785
0.83133
0.69639
0.47002
0.69888
0.76788
0.79934
0.68028
0.62181
0.76703
0.59107
0.40273
0.53744
0.68952
0.64257
0.84873
0.77742
0.68806
0.52187
0.76605
0.60847
0.6939
0.79706
0.42103
0.6577
0.80619
0.69331
0.79469
0.60313
0.54716
0.76093
0.91901
0.79784
0.78967
0.74046
0.88576
0.72764
0.73637
0.92029
0.68494
0.76647
0.82078
0.69202
0.48062
0.6388
0.90398
0.77507
0.77174
0.61925
0.90013
0.60106
0.38647
0.63971
0.76834
0.83534
0.80672
0.73304
0.813
0.89135
0.80947
0.63159
0.75783
0.74696
0.6789
0.69414
0.52659
0.62752
0.68756
0.93214
0.63966
0.78998
0.73587
0.78227
0.75512
0.7578
0.79905
0.70573
0.73756
0.84117
0.72095
0.83325
0.82291
0.75617
0.73211
0.79583
0.84897
0.69878
0.68696
0.76165
0.69975
0.6897
0.8931
0.80173
0.65117
0.70565
0.80355
0.79848
0.86083
0.57747
0.7013
0.84995
0.92619
0.6652
0.6662
0.7594
0.72239
0.71198
0.66088
0.78973
0.82246
0.70062
0.66288
0.69444
0.67236
0.54942
0.58917
0.61473
0.52473
0.56088
0.73233
0.66828
0.62353
0.56543
0.84821
0.817
0.58534
0.74042
0.60715
0.80976
0.71381
0.48446
0.76348
0.70129
0.58373
0.74876
0.53871
0.62034
0.60777
0.75941
0.64206
0.73407
0.85065
0.71943
0.73935
0.85691
0.40123
0.67068
0.8401
0.74319
0.71501
0.69257
0.6636
0.6684
0.6907
0.52807
0.75743
0.79463
0.86884
0.7054
0.5805
0.83524
0.8847
0.80135
0.63248
0.85829
0.94274
0.66882
0.52026
0.57039
0.80688
0.86323
0.66724
0.60297
0.83373
0.70371
0.74363
0.38958
0.75497
0.75565
0.51868
0.93291
0.78922
0.6708
0.49165
0.66923
0.53185
0.66728
0.81924
0.66902
0.43135
0.8008
0.56897
0.81522
0.72403
0.79286
0.71904
0.79544
0.62374
0.80977
0.72323
0.88127
0.85823
0.69647
0.7884
0.65618
0.87503
0.71668
0.82043
0.76165
0.54658
0.878
0.71308
0.68518
0.69025
0.70661
0.61552
0.81162
0.72757
0.62067
0.6369
0.62657
0.68909
0.62694
0.32916
0.66257
0.65516
0.67124
0.76759
0.65953
0.44756
0.71606
0.56277
0.34125
0.74582
0.59377
0.74707
0.82783
0.90686
0.6504
0.79712
0.78224
0.58841
0.65575
0.70813
0.28059
0.56279
0.86006
0.92205
0.59287
0.70536
0.65999
0.69082
0.8176
0.80293
0.94722
0.66127
0.66959
0.69381
0.71003
0.3863
0.54858
0.73476
0.71331
0.91107
0.2727
0.73785
0.84329
0.73878
0.92533
0.65817
0.5543
0.44633
0.63514
0.53395
0.66147
0.74784
0.6759
0.62036
0.55513
0.81172
0.64501
0.58111
0.90841
0.56811
0.56188
0.86164
0.77791
0.6407
0.65123
0.77973
0.7686
0.79266
0.8095
0.78087
0.64298
0.70811
0.74821
0.69444
0.60622
0.80362
0.80124
0.86048
0.74197
0.38596
0.71351
0.63273
0.47604
0.68954
0.59495
0.77424
0.62419
0.76682
0.5494
0.7197
0.56499
0.63009
0.67825
0.75449
0.68792
0.62783
0.85919
0.58814
0.72588
0.8481
0.76755
0.73534
0.55471
0.72154
0.65985
0.80879
0.75683
0.5596
0.30146
0.69836
0.78905
0.79343
0.87651
0.70315
0.70304
0.82886
0.71603
0.55556
0.84457
0.76015
0.79456
0.53753
0.7076
0.69727
0.85117
0.58033
0.67835
0.83435
0.63128
0.56925
0.79868
0.76811
0.82103
0.66343
0.5011
0.73644
0.63706
0.60872
0.78221
0.40929
0.84469
0.86156
0.65295
0.77781
0.69219
0.70979
0.81966
0.73398
0.8358
0.5399
0.74885
0.84036
0.45852
0.80096
0.61234
0.59482
0.81521
0.9266
0.80214
0.81219
0.72186
0.72512
0.62793
0.7712
0.83011
0.8761
0.73438
0.72473
0.60759
0.56261
0.68583
0.72035
0.71045
0.6755
0.75682
0.79459
0.928
0.88331
0.6172
0.82938
0.64185
0.84066
0.74727
0.45654
0.68123
0.92805
0.71864
0.89751
0.54971
0.82985
0.85675
0.73362
0.8339
0.77139
0.87831
0.79277
0.77455
0.60797
0.89174
0.65735
0.54174
0.65935
0.60989
0.48846
0.4672
0.41551
0.80919
0.80994
0.48683
0.65853
0.66585
0.6812
0.64433
0.73505
0.94333
0.84806
0.73664
0.78568
0.64459
0.63309
0.66791
0.73268
0.48092
0.48711
0.56941
0.53922
0.69395
0.66615
0.59855
0.75079
0.55127
0.49725
0.43354
0.76887
0.82346
0.6496
0.51493
0.5586
0.59534
0.69705
0.68481
0.87379
0.83319
0.67759
0.79356
0.51552
0.68168
0.40959
0.72206
0.77763
0.74421
0.65906
0.78887
0.61025
0.82192
0.77982
0.75804
0.85988
0.87308
0.59585
0.65227
0.632
0.66972
0.81083
0.93326
0.60986
0.7326
0.79283
0.88095
0.81367
0.63958
0.65199
0.72845
0.74258
0.77104
0.85157
0.60735
0.68636
0.92159
0.7873
0.62999
0.51131
0.67775
0.76191
0.62378
0.65117
0.66887
0.90257
0.79766
0.81849
0.82765
0.61321
0.70966
0.75286
0.53367
0.65267
0.6947
0.47742
0.42731
0.74834
0.77639
0.69467
0.64161
0.87867
0.342
0.84799
0.74744
0.65967
0.60594
0.87922
0.77645
0.77007
0.50989
0.68904
0.68057
0.66843
0.71505
0.67027
0.77587
0.85174
0.65899
0.67914
0.95027
0.84562
0.70591
0.56316
0.7305
0.71832
0.78673
0.7741
0.75776
0.72186
0.61792
0.71298
0.83671
0.53014
0.72293
0.7913
0.8865
0.37438
0.85888
0.39957
0.74854
0.66449
0.80494
0.71017
0.68489
0.44384
0.84444
0.74728
0.73822
0.87141
0.5448
0.54955
0.64576
0.67679
0.75828
0.80559
0.55399
0.5549
0.81963
0.79316
0.84212
0.82889
0.76609
0.95035
0.82747
0.89713
0.84946
0.61901
0.46555
0.77414
0.61099
0.80395
0.31659
0.45853
0.72491
0.7296
0.74166
0.68466
0.71966
0.78087
0.43849
0.92425
0.60441
0.69753
0.41508
0.78048
0.68177
0.64264
0.79715
0.8095
0.61482
0.7479
0.65018
0.37232
0.6516
0.83046
0.73435
0.7582
0.72818
0.57167
0.66909
0.59762
0.65747
0.36366
0.84595
0.66075
0.74129
0.84858
0.89744
0.49716
0.48987
0.8938
1.0246
0.6971
0.79953
0.86166
0.66378
0.54895
0.69359
0.75266
0.48461
0.6395
0.67693
0.58193
0.58715
0.97025
0.71854
0.90954
0.76408
0.63301
0.88709
0.48088
0.7639
0.65893
0.86438
0.34094
0.72764
0.71458
0.72532
0.74073
0.73664
0.63028
0.67372
0.62155
0.73332
0.90453
0.79483
0.47621
0.82172
0.76264
0.90846
0.73927
0.88104
0.63421
0.94904
0.71666
0.79567
0.79563
0.67089
0.58854
0.76064
0.73456
0.65247
0.28258
0.66665
0.81247
0.79913
0.68184
0.60039
0.72973
0.59088
0.5486
0.60902
0.78973
0.94489
0.49939
0.79949
0.81773
0.77663
0.91406
0.65226
0.67715
0.75072
0.6873
0.74901
0.74027
0.75712
0.80553
0.68301
0.55477
0.60123
0.69076
0.67183
0.51193
0.51958
0.87474
0.77778
0.76477
0.96568
0.83612
0.76435
0.69185
0.44341
0.75026
0.65125
0.64549
0.59791
0.65296
0.82086
0.82178
0.58759
0.52266
0.44402
0.59731
0.71101
0.79752
0.73139
0.82097
0.81269
0.81486
0.75246
0.91207
0.58229
0.56604
0.5689
0.7845
0.73693
0.51752
0.43701
0.71092
0.77649
0.74349
0.90523
0.78423
0.64336
0.45377
0.81541
0.45002
0.86603
0.69558
0.75038
0.36838
0.8039
0.42731
0.69103
0.65975
0.65289
0.73526
0.47055
0.90842
0.87612
0.70584
0.68321
0.91281
0.60164
0.86653
0.79399
0.63662
0.69674
0.79712
0.72841
0.7654
0.66331
0.87453
0.67177
0.77528
0.53811
0.53816
0.74546
0.74322
0.76321
0.80928
0.65449
0.74
0.67079
0.74671
0.74665
0.48446
0.74781
0.58003
0.66465
0.46437
0.71013
0.80857
0.59269
0.67782
0.62102
0.61558
0.63402
0.72749
0.81171
0.51154
0.71068
0.60594
0.83897
0.64021
0.53151
0.62999
0.82838
0.60371
0.76435
0.80884
0.38268
0.84902
0.73028
0.80889
0.67963
0.861
0.61416
0.75536
0.70744
0.52008
0.65422
0.80845
0.74832
0.57861
0.61367
0.78886
0.59466
0.97349
0.65293
0.85079
0.79075
0.72736
0.54438
0.69068
0.67443
0.75753
0.76537
0.73272
0.35026
0.70453
0.61319
0.58829
0.74411
0.51936
0.88777
0.90972
0.73557
0.66335
0.68589
0.97954
0.61136
0.8253
0.67957
0.63363
0.71755
0.61273
0.6175
0.82118
0.81683
0.84444
0.66224
0.5248
0.68306
0.97123
0.67481
0.58775
0.66498
0.77516
0.74536
0.58781
0.85066
0.74868
0.79487
0.70158
0.73982
0.69487
0.37616
0.62678
0.78548
0.68871
0.78537
0.80245
0.58207
0.18213
0.62927
0.40607
0.62861
0.62145
0.68832
0.80155
0.74387
0.67097
0.7205
0.64747
0.80045
0.89701
0.85168
0.73251
0.95435
0.53761
0.71668
0.81811
0.71067
0.78743
0.7822
0.81097
0.70258
0.83602
0.72903
0.6436
0.6606
0.76893
0.51839
0.47289
0.36156
0.72045
0.93235
0.49192
0.81473
0.7428
0.61641
0.69453
0.48726
0.6272
0.54904
0.74214
0.5721
0.66076
0.57568
0.77608
0.70943
0.67695
0.74493
0.71285
0.57346
0.77279
0.63905
0.86315
0.69222
0.70187
0.6532
0.76765
0.84798
0.70065
0.77966
0.90288
0.68979
0.73253
0.78506
0.61309
0.49859
0.74043
0.76032
0.69033
0.75573
0.65044
0.71186
0.93012
0.82266
0.67623
0.75429
0.39415
0.57624
0.82123
0.77766
0.93275
0.76118
0.48981
0.80967
0.67554
0.85177
0.64965
0.83988
0.77072
0.63069
0.62138
0.80398
0.4328
0.4735
0.76321
0.77785
0.65414
0.63494
0.71187
0.68312
0.71658
0.80623
0.83523
0.6789
0.62448
0.73963
0.88219
0.77953
0.64012
0.68327
0.90466
0.59231
0.82783
0.63336
0.57442
0.57777
0.83426
0.75828
0.7173
0.7042
0.58898
0.75289
0.7087
0.76837
0.52509
0.73954
0.83994
0.73725
0.81511
0.6055
0.53751
0.63234
0.69353
0.7978
0.87648
0.76569
0.43806
0.53762
0.65051
0.68205
0.72669
0.92771
0.71213
0.83739
0.77584
0.66038
0.62049
0.62528
0.74563
0.85325
0.75623
0.69631
0.95617
0.60165
0.60542
0.91121
0.76269
0.74066
0.78306
0.7679
0.79587
0.83137
0.74475
0.83142
0.80601
0.82521
0.73971
0.65022
0.84515
0.68153
0.72872
0.67939
0.58475
0.89341
0.54076
0.73642
0.73221
0.73973
0.80579
0.81042
0.6849
0.64395
0.53741
0.63291
0.88349
0.71964
0.62753
0.67719
0.67845
0.79717
0.61937
0.63912
0.58293
0.77554
0.58767
0.7685
0.86003
0.83239
0.88876
0.6929
0.72826
0.6574
0.53794
0.8566
0.74991
0.76957
0.61217
0.70978
0.84435
0.61442
0.71984
0.51987
0.52184
0.56534
0.75729
0.54638
0.70178
0.78268
0.70472
0.72893
0.5825
0.88449
0.54815
0.78152
0.66802
0.80893
0.65514
0.63415
0.77884
0.70088
0.94987
0.77269
0.90636
0.93341
0.53872
0.69567
0.66934
0.50123
0.77978
0.91721
0.54059
0.58379
0.64991
0.73972
0.78131
0.73443
0.58022
0.7182
0.68398
0.81168
0.74846
0.76956
0.61778
0.82166
0.80667
0.62892
0.56981
0.73385
0.72328
0.83561
0.68061
0.64645
0.63394
0.66662
0.6973
0.60908
0.66416
0.7759
0.6757
0.8273
0.77101
0.6547
0.63575
0.79837
0.62815
0.57266
0.36747
0.60046
0.67661
0.69893
0.65459
0.83941
0.60162
0.64775
0.78059
0.74186
0.56159
0.70026
0.84116
0.742
0.59218
0.75251
0.83814
0.74819
0.8782
0.54124
0.83823
0.72319
0.69968
0.44894
0.77557
0.73618
0.80468
0.7882
0.66545
0.65388
0.69541
0.80684
0.68513
0.856
0.37561
0.81629
0.57571
0.74191
0.81533
0.4766
0.67348
0.88372
0.63051
0.60719
0.64907
0.66191
0.80671
0.62782
0.6232
0.72994
0.82656
0.38388
0.92324
0.6687
0.82894
0.54654
0.88064
0.7016
0.81147
0.66641
0.48976
0.73794
0.7722
0.65454
0.54654
0.59707
0.79668
0.76515
0.60463
0.78014
0.56604
0.82714
0.72382
0.71758
0.73623
0.81387
0.75028
0.69823
0.73727
0.70996
0.79997
0.78196
0.74412
0.62305
0.75904
0.84243
0.66267
0.69904
0.69621
0.7056
0.65645
0.57608
0.67557
0.77655
0.83793
0.79806
0.92296
0.66466
0.4754
0.5233
0.82904
0.76446
0.8544
0.6277
0.73326
0.77676
0.80167
0.75614
0.68153
0.72019
0.57077
0.52733
0.68973
0.56479
0.81168
0.72609
0.56159
0.903
0.69206
0.84389
0.82637
0.82298
0.69335
0.50593
0.7431
0.62901
0.78085
0.60138
0.68198
0.74994
0.6866
0.72515
0.85103
0.86245
0.93859
0.83185
0.85321
0.645
0.23778
0.39188
0.81352
0.80887
0.5539
0.7772
0.75614
0.86682
0.67341
0.61078
0.87372
0.72391
0.71675
0.87523
0.93811
0.66192
0.84084
0.65643
0.49177
0.75192
0.79985
0.2709
0.75904
0.52011
0.87223
0.74087
0.90762
0.75964
0.488
0.92894
0.67068
0.64072
0.91926
0.49767
0.79935
0.88794
0.63294
0.48531
0.68045
0.84684
0.6372
0.86466
0.69781
0.89113
0.68064
0.68435
0.79074
0.88256
0.75866
0.80911
0.52513
0.84786
0.76162
0.78858
0.88889
0.50008
0.62293
0.75316
0.72274
0.69766
0.74896
0.68127
0.80345
0.80328
0.84498
0.7713
0.82183
0.72604
0.67289
0.7513
0.85981
0.75009
0.74921
0.70927
0.70315
0.90633
0.89462
0.75956
0.81901
0.66848
0.74495
0.57586
0.80477
0.65409
0.65475
0.81297
0.63745
0.52705
0.62104
0.75919
0.51353
0.64305
0.64506
0.49249
0.77877
0.65376
0.77147
0.75247
0.69637
0.86648
0.52426
0.6885
0.89798
0.68059
0.83914
0.82983
0.79318
0.77112
0.72135
0.91432
0.76035
0.58794
0.65112
0.84713
0.60215
0.72241
0.51609
0.78829
0.67116
0.55084
0.91333
0.61214
0.75036
0.65357
0.65746
0.70612
0.6559
0.87738
0.88849
0.90223
0.73715
0.86616
0.70545
0.77301
0.82796
0.63562
0.82028
0.7276
0.64236
0.59868
0.80878
0.73364
0.7429
0.64729
0.73362
0.6986
0.51198
0.43323
0.79603
0.68655
0.75068
0.63868
0.68688
0.6999
0.66882
0.50482
0.78368
0.64469
0.78921
0.71687
0.84002
0.84809
0.61009
0.73313
0.73815
0.54741
0.81436
0.71604
0.8244
0.79886
0.9251
0.58879
0.7165
0.84759
0.67699
0.80635
0.56816
0.78845
0.71209
0.71787
0.86122
0.74645
0.82026
0.61139
0.64462
0.59924
0.54613
0.8529
0.80071
0.53269
0.7928
0.51162
0.55068
0.86129
0.61904
0.85081
0.61503
0.88907
0.77814
0.67912
0.55119
0.97907
0.78484
0.87906
0.70563
0.64372
0.71087
0.88473
0.76978
0.5898
0.78577
0.69741
0.68639
0.76969
0.75626
0.69023
0.69053
0.62757
0.50971
0.52542
0.48173
0.65798
0.64751
0.58152
0.75147
0.76044
0.78131
0.80695
0.76326
0.53562
0.39425
0.87817
0.60144
0.79784
0.70208
0.90372
0.666
0.41993
0.78895
0.77877
0.6082
0.65683
0.72966
0.82414
0.59684
0.76836
0.58398
0.67168
0.53641
0.88607
0.67544
0.7276
0.49284
0.62096
0.73463
0.88402
0.7299
0.81971
0.52693
0.62532
0.78773
0.61161
0.73423
0.87
0.55967
0.65757
0.53101
0.46236
0.84004
0.57829
0.67383
0.75683
0.70838
0.58872
0.66062
0.63313
0.80936
0.6076
0.65889
0.67951
0.76446
0.80293
0.82515
0.92129
0.69967
0.75236
0.63776
0.79251
0.70626
0.70492
0.92463
0.69768
0.67505
0.67933
0.77199
0.60138
0.73874
0.8008
0.49653
0.74476
0.81443
0.85676
0.5392
0.76403
0.43381
0.68366
0.77719
0.70705
0.4807
0.76115
0.65763
0.67337
0.76356
0.69991
0.80901
0.74142
0.67099
0.43531
0.5645
0.60188
0.83333
0.73832
0.74573
0.79302
0.80949
0.79779
0.98428
0.4474
0.8219
0.61145
0.91401
0.74151
0.87189
0.81646
0.67265
0.5934
0.55262
0.70757
0.62109
0.89173
0.78059
0.69554
0.78007
0.4759
0.68341
0.60985
0.6928
0.82984
0.59163
0.6936
0.89267
0.86537
0.72616
0.7574
0.86777
0.71787
0.64735
0.56076
0.4557
0.69251
0.57458
0.81636
0.69304
0.52077
0.75683
0.49465
0.43204
0.89745
0.78899
0.67222
0.76292
0.68226
0.88904
0.82606
0.89044
0.51046
0.78247
0.73287
0.61217
0.71908
0.61863
0.4882
0.82912
0.7032
0.72456
0.64428
0.61549
0.6805
0.68436
0.52236
0.43147
0.63915
0.75255
0.87309
0.79716
0.69082
0.86437
0.40542
0.80945
0.5092
0.62649
0.74745
0.52144
0.70107
0.86707
0.63352
0.44321
0.76957
0.80056
0.75951
0.69468
0.62843
0.76587
0.80034
0.95781
0.64287
0.60509
0.66389
0.93812
0.85833
0.63388
0.91876
0.81053
0.69966
0.81468
0.73928
0.76633
0.65591
0.6808
0.58941
0.74404
0.87488
0.80075
0.71269
0.37674
0.84909
0.73193
0.65449
0.68456
0.57156
0.87399
0.60386
0.79216
0.81401
0.91426
0.76801
0.77496
0.76393
0.4329
0.75449
0.52716
0.60707
0.60768
0.74503
0.67974
0.56357
0.8084
0.70789
0.97862
0.725
0.41643
0.75831
0.41974
0.94526
0.83397
0.8863
0.80727
0.80863
0.81936
0.72806
0.827
0.73937
0.70452
0.56007
0.65743
0.67395
0.89266
0.61741
0.8144
0.74627
0.64513
0.57476
0.76958
0.62009
0.61845
0.76626
0.69493
0.77249
0.49209
0.50428
0.64861
0.75159
0.68417
0.71679
0.69975
0.54227
0.66871
0.65338
0.91578
0.75617
0.61866
0.73069
0.85801
0.63055
0.85732
0.77971
0.6028
0.79596
0.52642
0.76304
0.91539
0.68871
0.86489
0.76274
0.60294
0.75046
0.84929
0.74037
0.80767
0.52684
0.42433
0.76477
0.47802
0.85028
0.53074
0.76412
0.70769
0.58668
0.70492
0.67765
0.7675
0.70392
0.64026
0.82414
0.6434
0.90421
0.66014
0.62234
0.67356
0.71976
0.90434
0.61117
0.76029
0.61591
0.62188
0.6804
0.74863
0.61572
0.72962
0.59803
0.85034
0.65788
0.54705
0.6602
0.47585
0.5348
0.63305
0.60726
0.68327
0.76684
0.71895
0.88284
0.72475
0.67176
0.82482
0.33432
0.82668
0.53425
0.86654
0.65239
0.76992
0.60327
0.69669
0.66916
0.56378
0.61836
0.84503
0.53995
0.62755
0.71238
0.42904
0.81028
0.85166
0.75935
0.91615
0.69852
0.75459
0.67914
0.70815
0.8333
0.57381
0.90302
0.49487
0.6908
0.82333
0.62342
0.7245
0.9145
0.63677
0.71109
0.69324
0.6931
0.86682
0.55484
0.67815
0.75919
0.60082
0.73158
0.79837
0.71867
0.92608
0.7901
0.58068
0.80098
0.65658
0.61242
0.71276
0.58626
0.77478
0.70455
0.59725
1.0107
0.6457
0.78061
0.58867
0.74654
0.66771
0.66358
0.603
0.51812
0.6851
0.75562
0.77232
0.76924
0.61526
0.68827
0.76381
0.68849
0.6494
0.89022
0.52382
0.90904
0.90758
0.72039
0.79439
0.61436
0.92278
0.62324
0.58868
0.66804
0.62662
0.85316
0.78502
0.69495
0.74789
0.72017
0.79616
0.64929
0.73384
0.81846
0.73992
0.71209
0.56545
0.8099
0.6468
0.72949
0.54833
0.70067
0.60031
0.79435
0.83948
0.80719
0.78648
0.78517
0.46895
0.68877
0.72336
0.67135
0.87298
0.81128
0.88477
0.84072
0.63731
0.64002
0.78999
0.9326
0.77153
0.81667
0.45764
0.74356
0.67527
0.62654
0.65562
0.71739
0.63749
0.70953
0.58402
0.62575
0.82126
0.71251
0.7461
0.79677
0.78131
0.8498
0.62346
0.61354
0.61004
0.65938
0.74458
0.7891
0.64236
0.61152
0.79565
0.78561
0.85513
0.8383
0.67891
0.65117
0.82851
0.59278
0.80241
0.7442
0.974
0.75329
0.44744
0.42322
0.54662
0.56926
0.81586
0.71329
0.41106
0.60536
0.66534
0.82036
0.62236
0.57749
0.83726
0.68015
0.5089
0.83062
0.78662
0.71884
0.81829
0.69838
0.70186
0.74114
0.74769
0.81817
0.71246
0.61985
0.80152
0.91543
0.46668
0.60569
0.63451
0.83802
0.65779
0.72505
0.5905
0.8747
0.48881
0.71706
0.65427
0.60512
0.89085
0.61729
0.81959
0.70711
0.56267
0.54968
0.82802
0.73968
0.61536
0.70144
0.80368
0.6775
0.71208
0.49362
0.75772
0.77817
0.76207
0.61311
0.73182
0.79779
0.78846
0.44287
0.56552
0.66547
0.5601
0.70781
0.62305
0.87746
0.74207
0.78236
0.7513
0.74477
0.65609
0.58793
0.72298
0.69808
0.77393
0.729
0.43035
0.71142
0.83943
0.7448
0.84863
0.78511
0.78979
0.70842
0.35741
0.78636
0.84634
0.71907
0.78041
0.78165
0.52932
0.86392
0.63933
0.61981
0.46618
0.64274
0.74976
0.61116
0.9039
0.57771
0.83565
0.63423
0.40857
0.62169
0.63881
0.68608
0.63291
0.68591
0.70615
0.77109
0.58069
0.641
0.68475
0.67456
0.63596
0.82885
0.78196
0.58905
0.64591
0.60922
0.63883
0.74868
0.62996
0.4949
0.72752
0.63036
0.83566
0.61636
0.83218
0.69499
0.74763
0.46928
0.89745
0.75472
0.64155
0.66889
0.52873
0.73975
0.71176
0.67864
0.73307
0.67402
0.72766
0.43476
0.55085
0.78799
0.81107
0.58874
0.71101
0.73479
0.78147
0.72184
0.74683
0.47894
0.7862
0.69943
0.34055
0.79015
0.76516
0.44788
0.84091
0.77417
0.7477
0.6503
0.7237
0.57932
0.85693
0.57332
0.60406
0.67669
0.7334
0.47174
0.82275
0.56951
0.69321
0.67708
0.72342
0.75952
0.64307
0.81608
0.89382
0.68134
0.61422
0.51782
0.59642
0.83713
0.69245
0.67079
0.55608
0.58621
0.77358
0.78078
0.84028
0.67844
0.74868
0.80724
0.7331
0.86566
0.65858
0.66594
0.79847
0.84506
0.79115
0.81116
0.59912
0.54217
0.62332
0.79681
0.58798
0.53006
0.62373
0.94574
0.60352
0.78292
0.73228
0.87793
0.93557
0.66192
0.71389
0.6449
0.76906
0.63785
0.78406
0.76946
0.80049
0.68496
0.70074
0.73233
0.6768
0.61324
0.81749
0.60253
0.39247
0.82615
0.62613
0.84442
0.79268
0.80367
0.73526
0.43259
0.74621
0.67871
0.7201
0.52487
0.6243
0.68896
0.76577
0.66548
0.51565
0.65066
0.72707
0.57169
0.55706
0.80895
0.49707
0.81566
0.46644
0.724
0.71968
0.66462
0.81829
0.71382
0.70592
0.70314
0.80846
0.7103
0.52297
0.46727
0.71218
0.80035
0.86985
0.76973
0.75074
0.73114
0.90231
0.81908
0.75803
0.74166
0.76418
0.86121
0.57685
0.71523
0.5897
0.70329
0.61014
0.93754
0.81739
0.82331
0.406
0.45237
0.76021
0.65203
0.76145
0.78369
0.43028
0.70771
0.48739
0.67403
0.46045
0.85826
0.623
0.6112
0.57873
0.6973
0.72981
0.66687
0.85326
0.83219
0.61649
0.80203
0.62304
0.69409
0.71745
0.7195
0.72341
0.75859
0.60654
0.66977
0.67556
0.74469
0.6892
0.62578
0.73064
0.82031
0.88652
0.5026
0.56348
0.88081
0.75337
0.80053
0.70707
0.76595
0.67982
0.78805
0.64535
0.56954
0.84664
0.83073
0.77457
0.79301
0.76904
0.83953
0.83033
0.70328
0.74153
0.58682
0.57318
0.60632
0.68696
0.72776
0.71005
0.68941
0.7046
0.72683
0.75646
0.78644
0.55223
0.76409
0.86809
0.63247
0.71843
0.92845
0.60521
0.68291
0.73506
0.72414
0.8504
0.42178
0.78513
0.51288
0.77615
0.70774
0.75204
0.71694
0.7168
0.78905
0.95469
0.86624
0.80529
0.71908
0.76961
0.58272
0.74781
0.36448
0.54354
0.70894
0.6684
0.80738
0.6467
0.79924
0.45763
0.61989
0.73285
0.77962
0.8089
0.57075
0.84228
1.0612
0.54663
0.86514
0.81066
0.46736
0.47364
0.72514
0.84568
0.78089
0.93871
0.70535
0.7895
0.69518
0.60407
0.59597
0.71316
0.5344
0.75291
0.92996
0.80839
0.68101
0.659
0.69369
0.65161
0.72027
0.77613
0.87677
0.63189
0.8666
0.75571
0.72294
0.76627
0.59677
0.83205
0.6059
0.74455
0.80879
0.39039
0.74762
0.82857
0.73235
0.69488
0.66014
0.7291
0.9849
0.65779
0.7773
0.7081
0.53477
0.71221
0.71038
0.7833
0.55126
0.83775
0.56269
0.76539
0.60873
0.95182
0.79109
0.67447
0.68992
0.7797
0.69153
0.7721
0.67147
0.90786
0.69321
0.65938
0.73763
0.90176
0.82604
0.75001
0.81741
0.85466
0.67064
0.60079
0.79391
0.70207
0.42597
0.79878
0.70122
0.55265
0.82421
0.46691
0.60521
0.70154
0.58415
0.83481
0.6266
0.47524
0.79648
0.78268
0.73555
0.55891
0.66662
0.71541
0.71728
0.7638
0.6385
0.72068
0.76956
0.63362
0.90866
0.76217
0.73754
0.68696
0.81495
0.83255
0.7084
0.75966
0.74041
0.59535
0.67131
0.75587
0.68409
0.80545
0.72457
0.90262
0.714
0.90729
0.81301
0.62996
0.59683
0.88435
0.70051
0.65068
0.64616
0.7195
0.6186
0.55797
0.48612
0.80738
0.69916
0.78908
0.7481
0.87481
0.75605
0.75592
0.71762
0.84304
0.71995
0.76465
0.90261
0.67851
0.58194
0.64791
0.61126
0.70874
0.54154
0.65064
0.75603
0.43139
0.72709
0.77966
0.61593
0.92531
0.47875
0.67675
0.49926
0.5248
0.8253
0.76999
0.6522
0.72883
0.63652
0.56843
0.76501
0.76227
0.70574
0.56667
0.60259
0.72575
0.83952
0.64035
0.7231
0.89955
0.68948
0.76344
0.75181
0.73088
0.73636
0.36412
0.76747
0.65236
0.76148
0.80144
0.71189
0.75701
0.61172
0.83048
0.71724
0.68885
0.81382
0.92462
0.87404
0.75988
0.79629
0.62785
0.74767
0.58586
0.67428
0.71538
0.88322
0.54363
0.66636
0.7842
0.6105
0.82813
0.60601
0.69773
0.70475
0.93494
0.71026
0.80938
0.72233
0.8084
0.63185
0.79505
0.63733
0.80404
0.93317
0.76233
0.85755
0.61409
0.91485
0.82272
0.53261
0.68806
0.73466
0.69676
0.61557
0.92671
0.71021
0.83151
0.80641
0.63408
0.82401
0.43586
0.58437
0.41824
0.57363
0.82401
0.79319
0.68186
0.80695
0.80548
0.76859
0.47241
0.59655
0.65416
0.56752
0.86054
0.75601
0.71578
0.84694
0.60297
0.58426
0.65783
0.6286
0.72464
0.75818
0.73938
0.79107
0.72865
0.72698
0.58699
0.69658
0.76256
0.81308
0.77626
0.71983
0.85331
0.81635
0.663
0.84111
0.69273
0.80492
0.6872
0.62574
0.66405
0.65888
0.65561
0.61501
0.75111
0.65407
0.56099
0.71937
0.87761
0.9359
0.68052
0.82254
0.62253
0.90351
0.78423
0.70158
0.70582
0.60951
0.71753
0.84936
0.50421
0.69233
0.48303
0.87114
0.72898
0.65961
0.80552
0.68304
0.61844
0.81687
0.7215
0.69115
0.59861
0.70053
0.72039
0.80517
0.56527
0.88319
0.78785
0.58442
0.64772
0.58841
0.40682
0.81813
0.78582
0.84246
0.78258
0.76148
0.67674
0.87178
0.609
0.73025
0.71942
0.62574
0.99745
0.78945
0.49006
0.65219
0.74027
0.72217
0.57928
0.84706
0.65764
0.67618
0.70955
0.75864
0.79718
0.57523
0.73912
0.83801
0.49261
0.71283
0.6907
0.8204
0.57824
0.76779
0.90224
0.64448
0.7397
0.62573
0.87418
0.80369
0.72794
0.80219
0.64364
0.36181
0.46465
0.75735
0.48394
0.94666
0.84495
0.77762
0.45988
0.87333
0.69112
0.82185
0.75175
0.47827
0.5503
0.63105
0.64197
0.83202
0.71594
0.60046
0.86552
0.62133
0.72948
0.89992
0.80555
0.85668
0.73292
0.77935
0.84022
0.85057
0.70752
0.67379
0.78103
0.49081
0.66111
0.80553
0.82672
0.65134
0.83449
0.68865
0.73866
0.6252
0.71708
0.71617
0.7253
0.79264
0.90003
0.64462
0.69846
0.53026
0.93644
0.57952
0.75407
0.70058
0.8345
0.72776
0.57623
0.7459
0.68723
0.70205
0.89521
0.73149
0.56858
0.57689
0.60553
0.84771
0.68946
0.85417
0.84846
0.79084
0.80349
0.67314
0.73344
0.71769
0.61846
0.71848
0.83258
0.67983
0.66902
0.73488
0.77049
0.7922
0.70412
0.77856
0.86242
0.75239
0.64984
0.81464
0.66123
0.72267
0.65873
0.69055
0.82485
0.80467
0.68741
0.70611
0.72311
0.87204
0.79825
0.6745
0.7732
0.72926
0.50692
0.68947
0.76867
0.56597
0.71636
0.71367
0.34723
0.83808
0.78259
0.80506
0.40482
0.64717
0.64566
0.69975
0.76786
0.7447
0.78364
0.83989
0.65741
0.94239
0.72615
0.75222
0.70236
0.76674
0.44097
0.57394
0.54624
0.86263
0.70289
0.78166
0.6647
0.75095
0.76879
0.85077
0.4831
0.87448
0.89202
0.77239
0.79631
0.50975
0.49833
0.85928
0.71263
0.76289
0.59921
0.67307
0.42702
0.6554
0.66852
0.71618
0.72709
0.8061
0.76143
0.674
0.61608
0.86377
0.67434
0.62126
0.51191
0.74106
0.42657
0.79241
0.83563
0.65791
0.92366
0.71553
0.73199
0.73083
0.71027
0.86074
0.58212
0.50416
0.615
0.60793
0.50894
0.84185
0.73398
0.64634
0.7521
0.81391
0.87678
0.84488
0.78555
0.93759
0.81278
0.70125
0.7582
0.65749
0.80727
0.36765
0.79184
0.75075
0.60131
0.83204
0.76611
0.88352
0.73075
0.81372
0.64454
0.77055
0.63102
0.86511
0.64034
0.70827
0.70206
0.74643
0.65904
0.74139
0.65895
0.72894
0.67425
0.69334
0.61505
0.36006
0.71852
0.75563
0.8429
0.66587
0.88615
0.83712
0.75023
0.59341
0.64756
0.78696
0.91967
0.8362
0.62357
0.72225
0.85733
0.63717
0.81938
0.6945
0.84634
0.69301
0.78435
0.41926
0.61985
0.63783
0.56648
0.80635
0.85575
0.76491
0.7362
0.6722
0.82821
0.82186
0.4993
0.68777
0.75749
0.58104
0.7774
0.91675
0.61893
0.59548
0.71675
0.90299
0.79974
0.797
0.70395
0.71071
0.83784
0.87485
0.60964
0.69931
0.82119
0.56365
0.69723
0.46057
0.58324
0.70591
0.84799
0.81216
0.65903
0.60639
0.67931
0.65078
0.79174
0.93974
0.83868
0.55553
0.65052
0.93673
0.71249
0.82796
0.60051
0.68083
0.63919
0.75917
0.88716
0.60443
0.76947
0.60005
0.87428
0.65743
0.87674
0.54922
0.41934
0.80275
0.95011
0.68377
0.79346
0.81826
0.79665
0.851
0.7044
0.69064
0.5739
0.82225
0.82611
0.73621
0.39854
0.75409
0.81979
0.65327
0.86757
0.68167
0.73564
0.85615
0.81959
0.62202
0.88557
0.71469
0.82418
0.91285
0.57856
0.73242
0.87302
0.80583
0.41428
0.62918
0.80275
0.78285
0.70509
0.84378
0.67508
0.36661
0.81309
0.83296
0.61244
0.92703
0.69104
0.68658
0.59141
0.73596
0.75622
0.67543
0.96369
0.78555
0.60789
0.859
0.69717
0.81818
0.57305
0.51066
0.57567
0.61696
0.84198
0.66224
0.55978
0.90443
0.63334
0.49253
0.70448
0.85563
0.69877
0.48278
0.53112
0.67255
0.68443
0.54272
0.81467
0.55655
0.70355
0.9006
0.85052
0.86334
0.72501
0.62195
0.61445
0.64967
0.79512
0.73728
0.78616
0.64736
0.90527
0.79174
0.64667
0.58745
0.57521
0.51283
0.30794
0.78234
0.71783
0.85347
0.62454
0.74912
0.88477
0.62106
0.68771
0.6126
0.8122
0.99031
0.81565
0.8087
0.38487
0.82713
0.44887
0.74808
0.67421
0.43506
0.76852
0.7175
0.76353
0.58364
0.72219
0.47113
0.90023
0.63414
0.59191
0.51447
0.8048
0.82433
0.92097
0.80145
0.77986
0.56256
0.76878
0.86706
0.81372
0.71122
0.8143
0.69991
0.59718
0.76533
0.77075
0.81717
0.80475
0.77782
0.77008
0.68221
0.81497
0.76159
0.73051
0.69542
0.80199
0.50996
0.76316
0.51568
0.81322
0.7794
0.69097
0.55055
0.46125
0.69221
0.64299
0.96704
0.94673
0.71571
0.70271
0.60577
0.87069
0.59438
0.58419
0.68617
0.75556
0.75484
0.59004
0.65328
0.80503
0.72568
0.70669
0.77447
0.36305
0.79094
0.8337
0.68612
0.43424
0.60974
0.54432
0.77747
0.63137
0.44801
0.62565
0.90379
0.71183
0.50536
0.69366
0.81574
0.70061
0.82484
0.4737
0.78952
0.65054
0.54763
0.71668
0.48872
0.85994
0.65393
0.51591
0.85462
0.81651
0.64377
0.73417
0.796
0.43745
0.7507
0.9459
0.83154
0.47468
0.68085
0.7642
0.61709
0.58484
0.83023
0.52112
0.79828
0.87433
0.65416
0.80778
0.77172
0.66146
0.68683
0.68988
0.71864
0.37468
0.86597
0.80967
0.86841
0.77895
0.99758
0.56376
0.76924
0.81852
0.8895
0.85236
0.52706
0.7862
0.58503
0.55393
0.72635
0.80568
0.62269
0.68623
0.70052
0.62955
0.75701
0.85876
0.77815
0.78849
0.74874
0.77166
0.56119
0.66861
0.78276
0.78593
0.74462
0.72571
0.79408
0.55001
0.58049
0.76581
0.46759
0.57529
0.50975
0.61312
0.84572
0.79184
0.54799
0.80752
0.79007
0.64025
0.61411
0.73666
0.72591
0.80776
0.84324
0.46331
0.89612
0.60189
0.94686
0.74014
0.6707
0.52588
0.72782
0.82697
0.60894
0.65472
0.36023
0.86784
0.91708
0.75275
0.70127
0.39936
0.80336
0.59078
0.83274
0.78897
0.93401
0.74546
0.79535
0.66165
0.76302
0.56892
0.72473
0.66494
0.78266
0.77862
0.80474
0.81045
0.74376
0.64692
0.63853
0.7468
0.81612
0.62645
0.72923
0.69749
0.72924
0.76444
0.69999
0.54906
0.7131
0.66429
0.50705
0.67566
0.71953
0.79507
0.78549
0.79158
0.51838
0.72411
0.84756
0.57488
0.677
0.94858
0.49433
0.93487
0.69647
0.67192
0.5148
0.82582
0.84608
0.84706
0.56451
0.83914
0.53464
0.70618
0.53671
0.6724
0.77998
0.68667
0.71582
0.64622
0.50891
0.75912
0.81776
0.59905
0.73689
0.59588
0.65541
0.74978
0.52961
0.61301
0.87394
0.73449
0.45818
0.76548
0.74532
0.78416
0.86086
0.85272
0.83584
0.72224
0.70261
0.79642
0.751
0.81031
0.72791
0.82295
0.68295
0.58713
0.7436
0.51997
0.66053
0.58424
0.70295
0.57946
0.45284
0.9275
0.82773
0.59157
0.71259
0.57365
0.52883
0.6851
0.57369
0.8261
0.68334
0.62299
0.47531
0.79493
0.68505
0.76436
0.68644
0.66788
0.56139
0.66912
0.88646
0.85528
0.56336
0.6521
0.86806
0.55405
0.91267
0.61563
0.54411
0.6654
0.49217
0.58376
0.6346
0.73099
0.73435
0.68034
0.83664
0.51854
0.65917
0.81082
0.63408
0.7014
0.47367
0.88411
0.7957
0.7022
0.75166
0.56099
0.58931
0.71328
0.57763
0.80708
0.43281
0.58356
0.85215
0.63342
0.8547
0.72415
0.74794
0.66252
0.66131
0.68794
0.75026
0.63869
0.78752
0.85581
0.57091
0.70381
0.50864
0.70859
0.64132
0.80032
0.76496
0.77383
0.81832
0.68933
0.86332
0.72641
0.7289
0.63785
0.57946
0.78443
0.62278
0.78103
0.60195
0.48131
0.80807
0.73146
0.61926
0.72044
0.82613
0.63833
0.7712
0.81413
0.78645
0.43274
0.89942
0.73514
0.74849
0.58117
0.60761
0.74146
0.62877
0.77092
0.80305
0.90555
0.61097
0.3641
0.48208
0.67383
0.66481
0.64903
0.74762
0.77616
0.40555
0.80787
0.58579
0.64632
0.87146
0.75168
0.74293
0.66485
0.71168
0.49566
0.72237
0.61583
0.85674
0.62934
0.69857
0.97808
0.73485
0.64773
0.82818
0.81132
0.7059
0.55708
0.91767
0.62015
0.63024
0.73556
0.73066
0.63338
0.52888
0.59325
0.76836
0.72373
0.62445
0.62985
0.66693
0.73676
0.70824
0.71677
0.77129
0.71729
0.50889
0.79218
0.7977
0.77778
0.83531
0.72077
0.81419
0.8579
0.67528
0.66362
0.64639
0.65441
0.78983
0.66049
0.80569
0.83575
0.51008
0.60639
0.69301
0.67112
0.67907
0.59414
0.78425
0.84777
0.59885
0.68655
0.74503
0.42787
0.63016
0.86675
0.782
0.76281
0.85256
0.63938
0.65876
0.56549
0.78295
0.62466
0.66962
0.7806
0.68892
0.78947
0.54984
0.7464
0.84347
0.57215
0.71706
0.75516
0.76063
0.72876
0.69066
0.40182
0.72047
0.57594
0.61736
0.83471
0.72945
0.87589
0.69349
0.7746
0.79804
0.78558
0.80124
0.67616
0.80438
0.83107
0.78498
0.71345
0.85207
0.61528
0.72187
0.59962
0.70096
0.78084
0.50024
0.65143
0.77587
0.82709
0.71164
0.64292
0.70677
0.56351
0.82539
0.76831
0.80766
0.4766
0.69346
0.58824
0.70189
0.77217
0.74119
0.61169
0.72562
0.76067
0.47663
0.79019
0.54154
0.86351
0.98418
0.73598
0.63729
0.76181
0.76186
0.534
0.84876
0.67425
0.28052
0.78484
0.43374
0.53673
0.58245
0.74924
0.76328
0.84341
0.93511
0.74811
0.35396
0.86697
0.55039
0.78093
0.7515
0.53157
0.78225
0.54142
0.60459
0.94129
0.62377
0.654
0.55393
0.7835
0.85889
0.72361
0.61781
0.70139
0.63703
0.62621
0.42656
0.38381
0.39903
0.77695
0.82156
0.47577
0.80156
0.82671
0.6426
0.99008
0.73793
0.69571
0.92998
0.54078
0.7539
0.75778
0.80168
0.69963
0.73524
0.80631
0.69951
0.77223
0.78654
0.44639
0.65188
0.51145
0.87915
0.97604
0.74434
0.62449
0.51447
0.62617
0.7296
0.90378
0.69629
0.7454
0.83171
0.83042
0.44957
0.72948
0.50705
0.91202
0.7054
0.76608
0.69475
0.73763
0.72776
0.58026
0.60534
0.80475
0.87108
0.74119
0.76859
0.63829
0.64721
0.70356
0.56386
0.71331
0.64138
0.67401
0.60724
0.686
0.70787
0.48859
0.69471
0.81133
0.70695
0.55701
0.83217
0.83375
0.80489
0.72337
0.91722
0.53012
0.56793
0.78019
0.71105
0.65638
0.56717
0.75426
0.69834
0.79915
0.36264
0.76842
0.84772
0.64158
0.76116
0.73546
0.6513
0.71575
0.78611
0.97227
0.79098
0.75502
0.66751
0.75764
0.81259
0.66744
0.71992
0.48887
0.94488
0.7663
0.81473
0.85301
0.7462
0.79286
0.84442
0.76935
0.70856
0.70489
0.72364
0.68666
0.67611
0.76949
0.66349
0.80618
0.6194
0.76033
0.87904
0.71208
0.78024
0.72983
0.7344
0.73916
0.681
0.67294
0.73215
0.63643
0.65861
0.7697
0.51712
0.82998
0.75591
0.56275
0.60451
0.70046
0.95831
0.69169
0.93652
0.67154
0.93793
0.94578
0.78028
0.61022
0.7225
0.84965
0.69132
0.68688
0.82128
0.85008
0.6588
0.70436
0.71833
0.68256
0.72362
0.52394
0.70437
0.49585
0.77793
0.47666
0.79853
0.28328
0.78756
0.36932
0.80885
0.49841
0.75217
0.76138
0.89162
0.70547
0.92651
0.77264
0.80621
0.70159
0.76254
0.74615
0.83861
0.61709
0.46056
0.9289
0.77823
0.53923
0.92144
0.7516
0.66451
0.79753
0.6115
0.80216
0.73581
0.75577
0.75366
0.79142
0.83223
0.63463
0.73192
0.79371
0.77329
0.75426
0.66201
0.65134
0.52133
0.58464
0.55036
0.62688
0.64332
0.6691
0.45568
0.69738
0.75946
0.84442
0.75401
0.8182
0.6395
0.56018
0.71697
0.92932
0.76676
0.66594
0.68602
0.48799
0.64114
0.91309
0.74185
0.76419
0.98022
0.69542
0.76847
0.77992
0.78717
0.64446
0.6901
0.77056
0.8231
0.91695
0.63544
0.62436
0.92011
0.80126
0.61013
0.70403
0.60864
0.34675
0.79164
0.62204
0.63957
0.64464
0.8106
0.80143
0.5213
0.41839
0.61895
0.70409
0.7881
0.77864
0.67654
0.72781
0.77014
0.84437
0.82997
0.57627
0.7528
0.79217
0.73477
0.62244
0.65906
0.98959
0.77475
0.40054
0.72491
0.76161
0.67573
0.38956
0.70233
0.5584
0.80579
0.78278
0.66654
0.65119
0.71061
0.77945
0.7341
0.81994
0.68124
0.66823
0.42509
0.62509
0.57775
0.50682
0.51417
0.67501
0.53542
0.55059
0.67172
0.69955
0.78357
0.65132
0.88339
0.71383
0.72807
0.88202
0.74762
0.76377
0.58418
0.55635
0.73657
0.67675
0.78996
0.68841
0.75064
0.66782
0.59902
0.4877
0.67428
0.61684
0.89673
0.78474
0.74796
0.76735
0.57748
0.84356
0.60524
0.72916
0.76757
0.85422
0.52487
0.67534
0.71915
0.42248
0.87006
0.75689
0.80954
0.68495
0.84787
0.4813
0.67989
0.80395
0.64023
0.75605
0.78131
0.44614
0.63834
0.80463
0.68543
0.68389
0.67574
0.83055
0.60843
0.5632
0.40152
0.7588
0.43263
0.67538
0.35365
0.88963
0.53491
0.69067
0.69129
0.73635
0.7191
0.73833
0.65338
0.92166
0.80117
0.65192
0.66935
0.49039
0.62073
0.7421
0.71448
0.70614
0.80708
0.85322
0.75669
0.72743
0.85728
0.80558
0.51304
0.7264
0.71514
0.69753
0.72901
0.87604
0.64362
0.74972
0.70709
0.46558
0.90662
0.98949
0.767
0.66834
0.68507
0.67226
0.66511
0.7268
0.56035
0.69281
0.58853
0.64744
0.69319
0.64658
0.739
0.75906
0.60977
0.86261
0.74439
0.81772
0.71362
0.5527
0.71857
0.37114
0.7934
0.63833
0.56803
0.5991
0.53597
0.56463
0.58933
0.45684
0.63076
0.56076
0.70601
0.71269
0.67141
0.39904
0.90141
0.64515
0.81331
0.84867
0.87677
0.78742
0.81107
0.64188
0.63511
0.71722
0.58393
0.72601
0.86589
0.60297
0.72792
0.78516
0.7575
0.59148
0.6797
0.83599
0.69752
0.76072
0.64912
0.77929
0.49586
0.80866
0.72506
0.82599
0.67446
0.82207
0.86726
0.69919
0.53337
0.63049
0.47887
0.76287
0.73295
0.78383
0.6743
0.75062
0.59395
0.66324
0.68258
0.71822
0.7204
0.88617
0.69565
0.78214
0.6252
0.7861
0.80607
0.68657
0.58842
0.92378
0.66619
0.73356
0.83433
0.44381
0.39034
0.53714
0.83607
0.84177
0.75076
0.5754
0.62049
0.58149
0.7569
0.61935
0.71049
0.78751
0.716
0.85398
0.59026
0.72283
0.46739
0.60789
0.83349
0.60455
0.76965
0.70889
0.95068
0.85958
0.685
0.82162
0.51531
0.66703
0.73488
0.71983
0.66395
0.55784
0.34312
0.85023
0.77737
0.61055
0.73893
0.59644
0.59862
0.77198
0.71854
0.66783
0.56383
0.80989
0.57368
0.59113
0.68656
0.79311
0.53315
0.59187
0.73811
0.64633
0.8063
0.71364
0.75163
0.81014
0.82953
0.7697
0.83675
0.841
0.6484
0.75359
0.65597
0.47227
0.93368
0.74002
0.82174
0.81903
0.52731
0.71902
0.78373
0.73034
0.86625
0.61925
0.64165
0.85766
0.62264
0.83561
0.7771
0.64078
0.72323
0.57852
0.59834
0.65276
0.71603
0.77556
0.46246
0.90242
0.6337
0.70186
0.73426
0.63057
0.59897
0.64957
0.52376
0.84116
0.52131
0.75824
0.80588
0.59106
0.43592
0.7617
0.69435
0.74708
0.67952
0.86985
0.64937
0.64091
0.75503
0.76297
0.83103
0.54568
0.64994
0.85423
0.63926
0.68374
0.57403
0.69546
0.72862
0.66023
0.81684
0.80586
0.791
0.66046
0.75827
0.72445
0.88909
0.67316
0.66557
0.73182
0.55881
0.84086
0.64119
0.75772
0.61924
0.66833
0.52123
0.70248
0.71192
0.83746
0.71635
0.58008
0.725
0.70124
0.80929
0.64266
0.73503
0.68334
0.4611
0.46064
0.64492
0.66027
0.85535
0.615
0.55075
0.59187
0.73853
0.59334
0.8145
0.74022
0.65716
0.62504
0.53176
0.56803
0.76289
0.65589
0.59372
0.80252
0.56844
0.84558
0.79998
0.80792
0.95239
0.62566
0.82611
0.73677
0.82199
0.71335
0.57441
0.75369
0.57941
0.52354
0.67607
0.36083
0.65663
0.64757
0.77757
0.76263
0.56625
0.76649
0.80099
0.8646
0.73772
0.85343
0.76207
0.36309
0.53864
0.89581
0.69156
0.62204
0.74752
0.35239
0.79579
0.7719
0.7681
0.42285
0.72696
0.66768
0.75625
0.69756
0.76076
0.88459
0.78005
0.82506
0.5244
0.66847
0.67765
0.61956
0.85193
0.98194
0.44956
0.78008
0.70402
0.71393
0.68314
0.81467
0.71164
0.69401
0.8319
0.72874
0.88678
0.81233
0.62177
0.70492
0.44239
0.68844
0.65987
0.46559
0.57008
0.66466
0.56153
0.8245
0.33173
0.53483
0.84496
0.81824
0.84828
0.61304
0.68422
0.70319
0.59473
0.77863
0.57306
0.83613
0.53692
0.72783
0.60122
0.72889
0.63493
0.83594
0.72068
0.8302
0.647
0.66985
0.85689
0.64074
0.76728
0.74054
0.86049
0.71928
0.57512
0.71168
0.5976
0.60301
0.68909
0.77082
0.78141
0.76558
0.6113
0.7015
0.78731
0.80239
0.77964
0.64771
0.82104
0.47808
0.29535
0.51693
0.81144
0.57552
0.76001
0.86224
0.59643
0.78895
0.7615
0.91193
0.46631
0.81187
0.79523
0.23487
0.58179
0.69233
0.74465
0.85273
0.60809
0.64249
0.7156
0.77331
0.78607
0.99347
0.59233
0.42075
0.42975
0.68286
1.0057
0.72593
0.59804
0.84796
0.4012
0.67099
0.83041
0.67099
0.65785
0.84542
0.57976
0.48106
0.36796
0.79404
0.69295
0.78862
0.66528
0.71062
0.81164
0.82891
0.7729
0.73184
0.83155
0.65645
0.81879
0.88259
0.68737
0.70838
0.56822
0.84089
0.71924
0.93512
0.81297
0.70329
0.66787
0.57944
0.85427
0.71825
0.76629
0.82563
0.67623
0.87954
0.81527
0.75503
0.60816
0.36891
0.78427
0.78152
0.77588
0.75782
0.41019
0.92749
0.83671
0.87682
0.63883
0.82697
0.79051
0.38198
0.59667
0.65241
0.88633
0.73269
0.6168
0.66842
0.92266
0.65967
0.77738
0.80135
0.81864
0.55628
0.70086
0.76272
0.73877
0.85131
0.48378
0.75261
0.73852
0.72131
0.62298
0.82717
0.61715
0.53808
0.36191
0.5588
0.5705
0.81457
0.45937
0.77095
0.56026
0.90259
0.6638
0.8734
0.78478
0.59406
0.64083
0.40934
0.65823
0.54995
0.84644
0.88841
0.62951
0.71256
0.65589
0.9477
0.6267
0.78884
0.6225
0.63416
0.65225
0.54742
0.57561
0.77099
0.81868
0.55774
0.75633
0.76755
0.71097
0.4491
0.76076
0.85485
0.67413
0.65464
0.65273
0.54724
0.6283
0.79479
0.7931
0.98303
0.71065
0.69452
0.74116
0.59946
0.74624
0.46452
0.51865
0.69077
0.79392
0.67236
0.55349
0.50783
0.67535
0.45182
0.734
0.84707
0.76044
0.61779
0.83023
0.87859
0.80922
0.78518
0.78847
0.66242
0.84811
0.66963
0.82751
0.68472
0.48632
0.75579
0.83375
0.49515
0.59553
0.56025
0.81864
0.7691
0.6713
0.61256
0.61812
0.87949
0.77475
0.70286
0.58865
0.73626
0.79862
0.39086
0.66524
0.54135
0.50583
0.72426
0.76484
0.75798
0.64693
0.69442
0.75635
0.84114
0.73425
0.77587
0.95381
0.75856
0.84772
0.77496
0.66031
0.69471
0.86545
0.96529
0.5731
0.72616
0.91559
0.55093
0.86498
0.62619
0.81462
0.42274
0.61762
0.71613
0.66445
0.52414
0.80968
0.81094
0.91749
0.80921
0.82283
0.65331
0.8655
0.65218
0.54796
0.7109
0.66385
0.67588
0.7468
0.61508
0.75957
0.61518
0.62649
0.69675
0.74977
0.43277
0.62852
0.62132
0.74937
0.70771
0.87614
0.60503
0.69334
0.63348
0.80101
0.66598
0.76087
0.90197
0.74161
0.93453
0.81674
0.62321
0.72944
0.78835
0.56746
0.55295
0.85687
0.63415
0.7909
0.64361
0.58065
0.66112
0.74934
0.45024
0.81381
0.32811
0.73141
0.63764
0.70712
0.79194
0.76143
0.95119
0.58391
0.69575
0.91573
0.75927
0.64157
0.60317
0.79441
0.83796
0.83903
0.56749
0.78757
0.45396
0.58026
0.73675
0.80457
0.80438
0.68561
0.7298
0.64
0.74699
0.77989
0.61968
0.7603
0.76711
0.65939
0.63965
0.46982
0.64615
0.63929
0.57401
0.45013
0.78803
0.69249
0.62144
0.62939
0.77717
0.69368
0.81393
0.60811
0.67367
0.87136
0.77593
0.42786
0.74715
0.84152
0.59561
0.59227
0.79949
0.77725
0.65008
0.60669
0.51836
0.7309
0.7093
0.69007
0.69225
0.56171
0.73562
0.53093
0.62158
0.83897
0.72509
0.98929
0.66629
0.82355
0.75478
0.84207
0.61191
0.59604
0.68697
0.47052
0.73857
0.56503
0.70104
0.76318
0.47996
0.38972
0.86233
0.64991
0.50157
0.54466
0.79545
0.5896
0.65913
0.5833
0.74255
0.60079
0.67442
0.86125
0.65764
0.80584
0.78016
0.7355
0.79864
0.69889
0.69753
0.86755
0.84259
0.78997
0.75593
0.72046
0.71452
0.77436
0.79462
0.79507
0.64524
0.6444
0.51594
0.71882
0.6969
0.74983
0.80003
0.65338
0.64337
0.66687
0.63102
0.80507
0.6418
0.92535
0.64653
0.67324
0.82919
0.61406
0.75704
0.83382
0.65861
0.81175
0.87037
0.66929
0.71181
0.61438
0.70904
0.89723
0.6318
0.81262
0.59193
0.75909
0.76223
0.86474
0.70495
0.53809
0.57087
0.8315
0.72139
0.791
0.6257
0.78778
0.8022
0.64278
0.65225
0.73722
0.67612
1.028
0.66932
0.7324
0.72247
0.71317
0.82472
0.49437
0.69875
0.55645
0.64609
0.53263
0.63185
0.83908
0.75833
0.43799
0.72613
0.89302
0.77033
0.802
0.66009
0.75269
0.67795
0.65846
0.80551
0.48199
0.52118
0.75395
0.84074
0.47372
0.87234
0.79032
0.77855
0.59387
0.79423
0.72851
0.52273
0.61482
0.77008
0.75754
0.75088
0.96978
0.69642
0.8638
0.7296
0.82317
0.6294
0.6686
0.80471
0.53639
0.67504
0.85281
0.59293
0.56054
0.74239
0.796
0.85827
0.7226
0.8536
0.68897
0.62165
0.67113
0.7762
0.8651
0.57084
0.6531
0.68531
0.89261
0.78933
0.85079
0.77647
0.73553
0.75942
0.67743
0.26067
0.71124
0.48235
0.8151
0.45903
0.65279
0.57647
0.71666
0.68555
0.79744
0.66227
0.63825
0.6983
0.90174
0.79848
0.7035
0.64543
0.55886
0.51468
0.66575
0.72015
0.82042
0.64492
0.55093
0.78301
0.80902
0.66497
0.76363
0.66811
0.5821
0.80145
0.71515
0.74968
0.87461
0.78616
0.87036
0.89349
0.7993
0.72971
0.82982
0.51943
0.82293
0.67665
0.59247
0.88517
0.66872
0.9574
0.63453
0.82055
0.68131
0.63287
0.79224
0.60335
0.73423
0.79237
0.71604
0.59344
0.65319
0.91545
0.67566
0.81545
0.76676
0.78198
0.85866
0.57485
0.69439
0.79154
0.72652
0.87496
0.38425
0.78802
0.75745
0.64164
0.81344
0.78716
0.8061
0.71112
0.72943
0.60815
0.70492
0.86418
0.52438
0.6033
0.72573
0.80637
0.78186
0.63157
0.70508
0.61733
0.76511
0.87437
0.70466
0.84517
0.7556
0.81626
0.7403
0.8004
0.23132
0.63357
0.76882
0.74876
0.54034
0.58244
0.46719
0.52273
0.79618
0.62461
0.71465
0.66763
0.65458
0.81641
0.48982
0.91147
0.55677
0.50723
0.80374
0.71784
0.7111
0.76154
0.54036
0.8466
0.80151
0.78138
0.83016
0.65501
0.83008
0.85481
0.71278
0.83549
0.86583
0.70535
0.68501
0.74955
0.56447
0.49826
0.80864
0.66968
0.78738
0.55628
0.59913
0.70819
0.67861
0.63887
0.83594
0.81042
0.63255
0.63451
0.61904
0.7251
0.78909
0.49573
0.62682
0.70692
0.7591
0.76461
0.56589
0.57306
0.55248
0.8229
0.88259
0.83423
0.76741
0.52672
0.44919
0.73821
0.63876
0.79926
0.7106
0.58047
0.64833
0.55959
0.67701
0.78039
0.77723
0.88097
0.70419
0.57881
0.28634
0.7458
0.80923
0.81302
0.65683
0.85462
0.71606
0.68321
0.49984
0.74843
0.65691
0.74435
0.58585
0.90036
0.81817
0.75111
0.71198
0.34968
0.87493
0.75524
0.74738
0.91766
0.74855
0.50461
0.92578
0.64827
0.7459
0.86031
0.65724
0.67419
0.64148
0.79767
0.74412
0.78245
0.6162
0.75968
0.83892
0.64837
0.74345
0.75984
0.56467
0.71676
0.77429
0.42528
0.52884
0.73023
0.72073
0.72024
0.83362
0.70799
0.67103
0.53258
0.71689
0.73954
0.4228
0.69612
0.70951
0.49316
0.52519
0.69293
0.5278
0.75635
0.5848
0.5594
0.7923
0.81242
0.93873
0.81422
1.0064
0.78697
0.61175
0.67162
0.89637
0.45172
0.73349
0.61192
0.83225
0.74469
0.83555
0.62504
0.62296
0.67427
0.73729
0.78804
0.84307
0.62459
0.80386
0.57936
0.82584
0.61572
0.69369
0.79322
0.70126
0.70973
0.68972
0.87359
0.72554
0.91965
0.68677
0.86759
0.84997
0.62509
0.60858
0.73824
0.70903
0.8153
0.68921
0.8427
0.6868
0.7278
0.86343
0.70509
0.63334
0.8162
0.75329
0.84546
0.77314
0.83202
0.51558
0.63874
0.71357
0.71268
0.73116
0.82021
0.74586
0.79628
0.56242
0.79967
0.72856
0.82774
0.69088
0.81123
0.79965
0.9162
0.74905
0.64274
0.73191
0.65536
0.7652
0.5905
0.75929
0.65067
0.86832
0.86072
0.70137
0.61048
0.67066
0.81568
0.81074
0.41975
0.85872
0.72266
0.78826
0.82823
0.50305
0.78018
0.75184
0.6301
0.71848
0.77396
0.92689
0.84623
0.79143
0.37689
0.81383
0.53388
0.81204
0.83478
0.45176
0.78472
0.69534
0.52275
0.75681
0.75518
0.8486
0.84765
0.89551
0.66928
0.86157
0.6523
0.51741
0.65332
0.66593
0.73683
0.76594
0.63055
0.64795
0.83978
0.67901
0.77514
0.84158
0.79532
0.93093
0.52157
0.63171
0.60904
0.70306
0.62332
0.75625
0.78989
0.8016
0.85258
0.81267
0.56177
0.66836
0.59245
0.62909
0.56015
0.9175
0.95018
0.76764
0.69305
0.77612
0.88068
0.72902
0.7799
0.53195
0.68884
0.88177
0.70021
0.7758
0.86099
0.80986
0.49364
0.87583
0.61373
0.68329
0.69917
0.61328
0.27654
0.83848
0.55676
0.79222
0.81615
0.72908
0.76877
0.60841
0.84174
0.72205
0.5265
0.44976
0.80212
0.53307
0.83018
0.72098
0.89331
0.51118
0.67062
0.72246
0.51708
0.83177
0.67229
0.76078
0.57398
0.42851
0.73611
0.81901
0.46679
0.72589
0.78413
0.72834
0.7936
0.70411
0.82427
0.71484
0.6473
0.74628
0.70212
0.62954
0.75522
0.79782
0.53415
0.59938
0.62804
0.65199
0.63872
0.65
0.99596
0.6494
0.71074
0.59601
0.91784
0.76675
0.78644
0.70806
0.76262
0.72535
0.73314
0.75693
0.84523
0.78634
0.72088
0.7843
0.5461
0.55539
0.76564
0.60015
0.56044
0.86029
0.78195
0.70487
0.6673
0.78223
0.6512
0.7726
0.78663
0.68011
0.78982
0.61873
0.66273
0.70418
0.74658
0.58689
0.74518
0.75828
0.60232
0.54045
0.8976
0.4766
0.75885
0.69513
0.68662
0.60301
0.81115
0.74094
0.47564
0.53152
0.62811
0.68847
0.82776
0.79527
0.73286
0.68782
0.67183
0.76524
0.80531
0.59894
0.6981
0.80826
0.64633
0.82792
0.74695
0.69062
0.73846
0.6487
0.47047
0.84082
0.66109
0.69563
0.59941
0.75684
0.79156
0.79226
0.84574
0.70289
0.83974
0.57347
0.62824
0.80428
0.81122
0.78704
0.63711
0.57264
0.7317
0.63654
0.76387
0.7681
0.6661
0.53693
0.7303
0.35072
0.67025
0.73354
0.95407
0.66619
0.59373
0.74507
0.92846
0.59489
0.67194
0.44606
0.75585
0.7176
0.88552
0.7386
0.69459
0.65069
0.76371
0.8728
0.51913
0.78962
0.74472
0.74491
0.58296
0.74236
0.82854
0.80156
0.70429
0.41722
0.79806
0.82358
0.77512
0.81534
0.82701
0.74596
0.70663
0.68165
0.5575
0.58963
0.4615
0.6739
0.65864
0.40811
0.95949
0.47136
0.61427
0.70478
0.75715
0.57354
0.56668
0.73312
0.67267
0.6185
0.78206
0.89919
0.80498
0.82111
0.70408
0.81295
0.82625
0.85209
0.62116
0.56455
0.83893
0.9629
0.68016
0.52184
0.81095
0.99102
0.7701
0.45658
0.77549
0.71064
0.61589
0.93029
0.80913
0.67595
0.66751
0.56906
0.79162
0.60942
0.8342
0.50912
0.74351
0.75524
0.88725
0.79472
0.70813
0.74028
0.70358
0.66535
0.78478
0.80893
0.67282
0.52378
0.64119
0.90989
0.52294
0.70684
0.72183
0.39957
0.70556
0.85545
0.89071
0.7433
0.77166
0.8117
0.6682
0.89146
0.75531
0.39196
0.682
0.67285
0.95579
0.7523
0.56722
0.67384
0.59554
0.86817
0.70662
0.77964
0.74274
0.59821
0.7488
0.69447
0.58274
0.70294
0.8117
0.73282
0.77421
0.77107
0.82321
0.63929
0.82376
0.75868
0.48461
0.74485
0.79292
0.67358
0.57974
0.76201
0.58929
0.66959
0.8197
0.70349
0.60954
0.60884
0.83836
0.59332
0.66748
0.6989
0.7369
0.48978
0.69023
0.81569
0.77042
0.78206
0.63325
0.72505
0.52173
0.87484
0.78251
0.70454
0.72091
0.82428
0.69693
0.59343
0.64414
0.84715
0.62801
0.62223
0.64863
0.72142
0.72897
0.69473
0.75685
0.452
0.59797
0.71581
0.69089
0.55899
0.67557
0.69524
0.34301
0.78272
0.74218
0.43097
0.36179
0.78605
0.78457
0.55528
0.73537
0.81595
0.68478
0.87497
0.80776
0.91384
0.55436
0.64335
0.58243
0.7729
0.80895
0.88502
0.66535
0.70965
0.56938
0.65
0.88527
0.6608
0.82019
0.77915
0.52083
0.85451
0.67942
0.57902
0.56453
0.57434
0.82373
0.61241
0.92946
0.58248
0.84027
0.7109
0.8202
0.74118
0.62718
0.95881
0.71212
0.63938
0.67813
0.64026
0.74508
0.72352
0.79442
0.42183
0.72452
0.76113
0.61725
0.67819
0.65597
0.75849
0.81049
0.58156
0.64558
0.69271
0.56532
0.82969
0.7804
0.50527
0.66882
0.79373
0.84289
0.76551
0.76138
0.7294
0.85951
0.59084
0.72355
0.75664
0.6077
0.63389
0.72772
0.58807
0.66165
0.84983
0.71848
0.43006
0.90264
0.57788
0.78512
0.77865
0.87405
0.84474
0.78234
0.63898
0.82837
0.76547
0.68018
0.55864
0.47068
0.7741
0.7746
0.66042
0.78778
0.82426
0.46925
0.68485
0.65311
0.70219
0.73174
0.7383
0.74227
0.76622
0.76108
0.80431
0.61734
0.67198
0.72274
0.59584
0.50255
0.5912
0.59017
0.648
0.80122
0.67662
0.64183
0.47186
0.87684
0.79136
0.65508
0.85454
0.60139
0.46825
0.66848
0.83079
0.64006
0.60348
0.7417
0.50421
0.84811
0.71297
0.80137
0.63156
0.65032
0.71531
0.7729
0.79022
0.77832
0.74772
0.77337
0.81688
0.65654
0.73863
0.71407
0.83038
0.86593
0.62384
0.78205
0.82164
0.67799
0.74572
0.75136
0.48734
0.83603
0.73091
0.60747
0.80141
0.73996
0.77286
0.66898
0.80597
0.72911
0.80923
0.68461
0.65485
0.71366
0.37236
0.82741
0.53249
0.77094
0.74886
0.59546
0.71863
0.65789
0.70959
0.76893
0.62399
0.90083
0.81258
0.61872
0.68983
0.80053
0.47547
0.72444
0.92763
0.96488
0.87049
0.68739
0.7571
0.82183
0.55261
0.88333
0.91214
0.80876
0.67566
0.62441
0.81062
0.7764
0.83979
0.79304
0.89928
0.70322
0.69372
0.75347
0.59216
0.72669
0.75961
0.56221
0.82925
0.53675
0.6035
0.75562
0.73633
0.75466
0.82172
0.82054
0.63148
0.83572
0.71258
0.63296
0.74411
0.60813
0.77654
0.64469
0.6972
0.83952
0.73397
0.47933
0.86858
0.74492
0.87982
0.7018
0.60643
0.94143
0.94076
0.6862
0.81997
0.74903
0.67394
0.60062
0.64249
0.84587
0.6706
0.7287
0.72949
0.83562
0.71421
0.51725
0.61091
0.73225
0.53692
0.80388
0.70203
0.79911
0.55591
0.73508
0.68959
0.84823
0.66646
0.86649
0.86676
0.76082
0.7041
0.92074
0.59701
0.54956
0.72682
0.57129
0.83373
0.63679
0.85579
0.75562
0.43842
0.72954
0.71255
0.67233
0.65697
0.71784
0.80097
0.90634
0.80364
0.72947
0.3107
0.37763
0.661
0.46643
0.82116
0.67135
0.71036
0.85596
0.58202
0.59231
0.62852
0.61514
0.47023
0.65585
0.6489
0.74072
0.76823
0.62749
0.58946
0.67468
0.75578
0.82656
0.78726
0.61626
0.68537
0.71273
0.71346
0.59434
0.6186
0.51192
0.46441
0.70681
0.63572
0.42798
0.9463
0.77012
0.5621
0.55316
0.44832
0.6243
0.43512
0.44413
0.80407
0.73906
0.81267
0.84363
0.87958
0.68216
0.39044
0.46943
0.74136
0.62058
0.67481
0.70811
0.7013
0.71033
0.69274
0.54354
0.68961
0.62323
0.76746
0.83389
0.78492
0.78343
0.69638
0.58724
0.67047
0.73489
0.8
0.41839
0.38106
0.78096
0.82189
0.75494
0.55755
0.71475
0.84992
0.74751
0.68314
0.8388
0.79664
0.71799
0.61398
0.90466
0.46323
0.79136
0.50675
0.62259
0.79279
0.534
0.77217
0.48889
0.58324
0.44402
0.58331
0.89882
0.75569
0.89002
0.72488
0.46851
0.58962
0.93563
0.57161
0.68597
0.8693
0.73194
0.6711
0.71671
0.53562
0.80841
0.73086
0.8296
0.63375
0.83175
0.84635
0.72615
0.88584
0.63267
0.4672
0.64981
0.81129
0.61575
0.69785
0.58679
0.82345
0.82705
0.72996
0.53657
0.85348
0.79462
0.68575
0.72483
0.65481
0.84485
0.88408
0.85086
0.65972
0.80559
0.96995
0.46984
0.57314
0.62446
0.70318
0.76906
0.71139
0.81014
0.40175
0.56634
0.67946
0.70453
0.60642
0.90452
0.7568
0.8347
0.68468
0.72233
0.65627
0.74359
0.72862
0.72313
0.67532
0.63505
0.48841
0.70069
0.81326
0.90503
0.73477
0.99796
0.738
0.65193
0.66857
0.86151
0.76461
0.37371
0.53731
0.63199
0.76468
0.54038
0.7898
0.60784
0.78281
0.53994
0.51399
0.67941
0.41879
0.70109
0.65022
0.80506
0.65206
0.50414
0.75147
0.83697
0.63165
0.73599
0.68452
0.71856
0.90536
0.78926
0.57206
0.49756
0.78636
0.84331
0.8094
0.76005
0.86183
0.73773
0.69447
0.54031
0.51459
0.86976
0.8535
0.58531
0.83395
0.70762
0.87925
0.76247
0.7169
0.64538
0.71369
0.50579
0.7802
0.67254
0.71989
0.70408
0.73904
0.66731
0.72302
0.75446
0.58225
0.7174
0.59584
0.87212
0.61083
0.83857
0.71092
0.58853
0.76935
0.72172
0.75058
0.72546
0.82851
0.80916
0.54776
0.62718
0.70596
0.86223
0.65898
0.80245
0.67913
0.64151
0.80688
0.52603
0.51476
0.75394
0.75381
0.58241
0.71709
0.4544
0.45875
0.66324
0.65987
0.84018
0.69596
0.67925
0.64434
0.68156
0.86339
0.74486
0.59798
0.35216
0.74283
0.7574
0.74315
0.82412
0.73541
0.53522
0.62161
0.7251
0.68802
0.49856
0.73457
0.81009
0.68621
0.84006
0.7685
0.76943
0.70064
0.61417
0.592
0.71486
0.60767
0.65472
0.56453
0.6941
0.88713
0.63235
0.56761
0.71552
0.67633
0.7402
0.91985
0.7867
0.3995
0.81885
0.84804
0.44823
0.72066
0.6872
0.78559
0.83538
0.80131
0.64391
0.71625
0.65221
0.75046
0.73222
0.77685
0.75316
0.52398
0.87844
0.80084
0.69561
0.62314
0.76939
0.66634
0.50109
0.84054
0.77155
0.67806
0.90903
0.60359
0.53731
0.48381
0.69542
0.53003
0.72288
0.70341
0.6971
0.68576
0.74027
0.8101
0.62496
0.51121
0.83487
0.72188
0.71894
0.73092
0.78499
0.67018
0.54948
0.66748
0.72686
0.55231
0.88595
0.82664
0.91283
0.62909
0.73984
0.596
0.69596
0.8094
0.85111
0.65805
0.7081
0.72431
0.8033
0.5712
0.57303
0.59213
0.87237
0.78376
0.70058
0.74248
0.61925
0.75487
0.61443
0.8364
0.92019
0.85159
0.56608
0.52484
0.56018
0.60475
0.80871
0.87759
0.74786
0.61855
0.73032
0.88254
0.92022
0.94524
0.64233
0.78335
0.72365
0.49828
0.32987
0.72236
0.80848
0.6695
0.7478
0.63703
0.59859
0.87193
0.81209
0.61862
0.74605
0.89122
0.732
0.87459
0.67507
0.59953
0.81603
0.73735
0.63281
0.66399
0.72681
0.64775
0.82633
0.52308
0.72701
0.55052
0.54928
0.89483
0.73584
0.59681
0.77033
0.75315
0.97451
0.66683
0.80177
0.48864
0.80044
0.60986
0.81456
0.89124
0.87732
0.75564
0.60329
0.84592
0.79624
0.7122
0.62615
0.70768
0.82553
0.85567
0.70479
0.48563
0.60977
0.69284
0.78203
0.56512
0.86281
0.39784
0.59667
0.61571
0.72643
0.73107
0.60314
0.73772
0.60586
0.82634
0.7409
0.45815
0.77163
0.75079
0.66844
0.60627
0.63664
0.63522
0.68535
0.72834
0.87717
0.85289
0.50354
0.65328
0.27732
0.75209
0.74403
0.6162
0.67133
0.86805
0.50108
0.72368
0.43182
0.62694
0.89818
0.69228
0.6271
0.85144
0.68814
0.86119
0.81993
0.66746
0.55119
0.87985
0.55295
0.64405
0.5875
0.75329
0.69498
0.7525
0.84532
0.74282
0.79419
0.81112
0.59218
0.69646
0.86567
0.67321
0.65301
0.87741
0.64918
0.74465
0.81094
0.5546
0.69901
0.80428
0.61518
0.72033
0.39844
0.79107
0.53811
0.92087
0.65674
0.72176
0.80258
0.69654
0.62961
0.73405
0.76619
0.3913
0.69195
0.77113
0.77177
0.67732
0.69747
0.5418
0.79525
0.75528
0.72488
0.74354
0.79402
0.82836
0.68435
0.63335
0.75949
0.72481
0.76958
0.65321
0.69359
0.60346
0.80673
0.71525
0.79457
0.76141
0.85626
0.57787
0.77982
0.52333
0.74548
0.86817
0.75843
0.67747
0.81001
0.7426
0.82374
0.56457
0.50999
0.65158
0.78347
0.82421
0.68566
0.84893
0.66953
0.66568
0.78559
0.74257
0.79428
0.58411
0.74207
0.65427
0.5958
0.60284
0.55804
0.63638
0.84471
0.88639
0.71277
0.83252
0.96533
0.67272
0.7137
0.66367
0.81019
0.63282
0.54768
0.72549
0.60035
0.76453
0.67578
0.81399
0.71736
0.76321
0.59742
0.66222
0.73307
0.73017
0.75512
0.68752
0.80359
0.77398
0.55007
0.53344
0.86644
0.72358
0.83441
0.6402
0.49994
0.47112
0.7648
0.6957
0.70512
0.66666
0.81406
0.80048
0.7211
0.81313
0.8658
0.64681
0.7399
0.90396
0.77107
0.89645
0.76229
0.83468
0.53823
0.89476
0.74299
0.38291
0.63447
0.73605
0.82986
0.75279
0.67891
0.4167
0.80367
0.88817
0.74762
0.73443
0.60693
0.80991
0.6804
0.75056
0.65998
0.62616
0.7757
0.88811
0.50466
0.7775
0.7927
0.49736
0.54257
0.62326
0.72069
0.74723
0.78364
0.79098
0.70932
0.80804
0.76213
0.82129
0.54
0.74256
0.73175
0.87781
0.62045
0.7221
0.62172
0.50096
0.51844
0.83785
0.63082
0.72905
0.93142
0.7226
0.59594
0.74312
0.92419
0.35304
0.58069
0.48519
0.67962
0.54242
0.61153
0.58062
0.51696
0.53361
0.80857
0.76727
0.76259
0.72895
0.79675
0.74368
0.74798
0.67147
0.82798
0.78207
0.73608
0.80431
0.8104
0.54064
0.80939
0.72268
0.67698
0.79468
0.6555
0.64803
0.69641
0.61419
0.5002
0.80125
0.76753
0.66812
0.66621
0.73114
0.75718
0.72204
0.83688
0.59939
0.4922
0.75442
0.56826
0.82379
0.43034
0.80911
0.72373
0.87921
0.87455
0.75976
0.42916
0.71708
0.85058
0.59967
0.69779
0.72902
0.76658
0.83246
0.64551
0.68733
0.81353
0.62175
0.66008
0.56718
0.51761
0.67699
0.50984
0.80529
0.68114
0.8641
0.76285
0.54577
0.61055
0.5593
0.72366
0.66526
0.74883
0.87634
0.57684
0.88942
0.61213
0.68329
0.7651
0.38731
0.73883
0.64788
0.79037
0.52825
0.68028
0.78816
0.65897
0.43377
0.72003
0.77143
0.75839
0.60506
0.73274
0.67916
0.9073
0.92374
0.54174
0.58812
0.85725
0.93176
0.89456
0.54071
0.54739
0.50468
0.73661
0.68698
0.48135
0.61557
0.95502
0.80833
0.7357
0.65728
0.83889
0.38902
0.72455
0.75272
0.81205
0.77484
0.5822
0.87147
0.72774
0.90641
0.77206
0.67292
0.72186
0.76714
0.73738
0.65404
0.70978
0.74354
0.58132
0.72391
0.81291
0.42289
0.42852
0.87166
0.57754
0.78021
0.76724
0.8996
0.75069
0.7119
0.88917
0.71042
0.69222
0.69369
0.64427
0.64253
0.66203
0.79704
0.77678
0.74655
0.52686
0.623
0.76519
0.71095
0.79573
0.57065
0.55437
0.82829
0.6245
0.77263
0.67157
0.94374
0.61339
0.84183
0.75005
0.78323
0.60504
0.5301
0.72266
0.67879
0.76154
0.76281
0.5453
0.73526
0.6514
0.63858
0.86982
0.78022
0.54839
0.93296
0.72998
0.71528
0.83635
0.54493
0.76335
0.83439
0.7835
0.824
0.67615
0.61033
0.61652
0.75624
0.7722
0.60544
0.68089
0.55568
0.8822
0.71738
0.71131
0.73515
0.5801
0.78424
0.6306
0.68249
0.5779
0.89027
0.92364
0.77257
0.906
0.71908
0.63522
0.61948
0.6949
0.75903
0.67095
0.79444
0.69523
0.49401
0.83937
0.55216
0.85067
0.74611
0.74436
0.82818
0.79607
0.64472
0.75617
0.79508
0.71402
0.43164
0.5449
0.79087
0.7159
0.6911
0.51353
0.63468
0.63853
0.5684
0.67171
0.75144
0.81897
0.62958
0.9183
0.7382
0.92196
0.57214
0.65705
0.95237
0.81104
0.72928
0.52848
0.67189
0.85222
0.77484
0.77015
0.8032
0.74988
0.58328
0.63348
0.8855
0.7179
0.77563
0.6157
0.64981
0.74054
0.83893
0.79625
0.90764
0.68691
0.79602
0.83387
0.75558
0.70092
0.73405
0.76927
0.84728
0.92665
0.86637
0.60892
0.55343
0.91353
0.80282
0.61925
0.44566
0.83476
0.61947
0.54318
0.58509
0.75606
0.88925
0.90312
0.56624
0.83293
0.6751
0.78606
0.76073
0.82639
0.79529
0.48233
0.6034
0.68233
0.74373
0.77418
0.72053
0.83042
0.88128
0.66192
0.6705
0.76893
0.82657
0.72493
0.67065
0.7247
0.5533
0.64888
0.64205
0.65288
0.71279
0.73303
0.71316
0.56243
0.76993
0.70942
0.64994
0.81933
0.63897
0.73997
0.91185
0.85317
0.71137
0.83037
0.66305
0.52463
0.81173
0.81854
0.49007
0.49606
0.77494
0.83772
0.57701
0.89298
0.77995
0.84119
0.6103
0.87109
0.85221
0.62629
0.93085
0.67242
0.6032
0.46776
0.71936
0.75514
0.66242
0.55986
0.63359
0.73934
0.69546
0.36921
0.78345
0.72593
0.74589
0.74562
0.8228
0.73053
0.79492
0.64876
0.60254
0.75096
0.80469
0.76409
0.78591
0.63636
0.58358
0.64846
0.87958
0.681
0.75188
0.79887
0.88927
0.68113
0.74323
0.86055
0.82547
0.57645
0.94854
0.73636
0.53254
0.86919
0.77979
0.82046
0.87868
0.81054
0.60151
0.83837
0.69651
0.59928
0.63251
0.7261
0.57782
0.64545
0.78505
0.6271
0.65016
0.68318
0.71377
0.63379
0.80528
0.90878
0.65001
0.81464
0.66619
0.46499
0.59415
0.54316
0.85708
0.77505
0.81308
0.55477
0.62473
0.76742
0.72667
0.85203
0.60666
0.29839
0.69145
0.78101
0.88086
0.80858
0.69718
0.7095
0.64067
0.63851
0.67457
0.65143
0.7782
0.87677
0.71145
0.75612
0.8427
0.51234
0.72462
0.80409
0.87729
0.90889
0.78966
0.4677
0.57157
0.7234
0.64573
0.51084
0.72687
0.53494
0.74775
0.68499
0.62057
0.58505
0.74767
0.80331
0.69491
0.78633
0.73272
0.93576
0.69266
0.58387
0.69639
0.61255
0.46804
0.70432
0.80716
0.731
0.67831
0.57224
0.65516
0.68927
0.72915
0.60098
0.80498
0.76462
0.74969
0.69169
0.70094
0.76753
0.70069
0.55842
0.62984
0.93872
0.82215
0.71919
0.72779
0.6143
0.71988
0.92114
0.78741
0.59473
0.70574
0.77883
0.72157
0.74487
0.67397
0.895
0.6596
0.7653
0.81227
0.88538
0.4813
0.66926
0.59351
0.69372
0.83788
0.71945
0.73369
0.73769
0.79539
0.75096
0.39051
0.35307
0.81608
0.55189
0.79127
0.70145
1.0427
0.49817
0.76488
0.65161
0.74829
0.95846
0.80545
0.81302
0.80728
0.83848
0.89497
0.52174
0.63158
0.66515
0.49561
0.86621
0.64582
0.61709
0.73091
0.8138
0.81471
0.52673
0.70725
0.55284
0.87319
0.67492
0.78188
0.70637
0.96818
0.73714
0.49744
0.80957
0.7492
0.71627
0.62813
0.76541
0.72278
0.66565
0.64786
0.71226
0.78832
0.83389
0.81808
0.82795
0.79656
0.50782
0.7308
0.55237
0.96327
0.81591
0.73905
0.47381
0.51442
0.77722
0.96867
0.55449
0.47767
0.84453
0.83571
0.52377
0.52241
0.74653
0.77467
0.66518
0.83858
0.75038
0.69993
0.48242
0.72999
0.74801
0.75281
0.6656
0.8256
0.72833
0.60261
0.68596
0.68529
0.8585
0.87096
0.64442
0.43448
0.62816
0.89144
0.59366
0.59706
0.78302
0.75561
0.92584
0.63207
0.68401
0.82784
0.82502
0.62128
0.72842
0.65102
0.68196
0.80086
0.85668
0.39485
0.62845
0.72979
0.71885
0.81282
0.54255
0.74976
0.69232
0.61781
0.75206
0.78487
0.67403
0.82894
0.68287
0.69614
0.83234
0.68711
0.70012
0.76
0.80725
0.84904
0.72562
0.90866
0.59787
0.69673
0.83045
0.92997
0.74033
0.57164
0.72739
0.56035
0.64456
0.81813
0.7199
0.5677
0.62701
0.75984
0.73791
0.70024
0.76015
0.89622
0.63459
0.48705
0.59761
0.64696
0.76048
0.71475
0.6889
0.80713
0.78997
0.82837
0.73917
0.58556
0.73419
0.71246
0.5274
0.70599
0.64391
0.75471
0.83133
0.5863
0.74346
0.84189
0.58396
0.8204
0.6775
0.62262
0.64414
0.66772
0.53021
0.42678
0.868
0.82844
0.82191
0.86858
0.70962
0.80856
0.64398
0.61272
0.59842
0.73557
0.68634
0.78622
0.74754
0.79533
0.63271
0.75544
0.83845
0.75791
0.74941
0.47408
0.61408
0.41058
0.59824
0.66468
0.72547
0.75934
0.74012
0.78943
0.75124
0.75419
0.66571
0.69079
0.81093
0.80394
0.61789
0.76938
0.61174
0.49789
0.60407
0.79874
0.84253
0.64757
0.40583
0.69063
0.68842
0.62403
0.57362
0.95805
0.50713
0.73247
0.77972
0.56569
0.69095
0.65041
0.79717
0.77599
0.77561
0.56102
0.84504
0.35699
0.48161
0.56087
0.82464
0.82664
0.84849
0.65021
0.75966
0.76493
0.73376
0.67077
0.77763
0.64808
0.7428
0.65513
0.80241
0.81025
0.57798
0.79937
0.7106
0.71837
0.67581
0.65722
0.84481
0.86867
0.82019
0.67894
0.63601
0.78472
0.76708
0.76109
0.44629
0.8945
0.63881
0.72685
0.70742
0.6219
0.78085
0.66422
0.84889
0.72082
0.62029
0.68566
0.50293
0.96267
0.73455
0.91938
0.59869
0.36872
0.77536
0.62505
0.78228
0.84731
0.79878
0.88532
0.58912
0.42549
0.91151
0.61814
0.78638
0.80216
0.86119
0.6796
0.70131
0.62086
0.43856
0.8149
0.80311
0.51538
0.68912
0.79681
0.76859
0.82921
0.59665
0.67131
0.44292
0.74164
0.69203
0.56442
0.62517
0.72515
0.86402
0.54212
0.61928
0.71886
0.50235
0.62197
0.92079
0.86002
0.84707
0.48346
0.81972
0.88344
0.83713
0.89151
0.77866
0.78069
0.85164
0.56464
0.71273
0.82776
0.79554
0.69151
0.73402
0.8114
0.68026
0.77898
0.66113
0.7935
0.62054
0.85154
0.77155
0.53975
0.61971
0.47935
0.48238
0.7143
0.65848
0.80258
0.50113
0.8221
0.64543
0.67826
0.67878
0.54298
0.7214
0.48541
0.82631
0.78205
0.81078
0.69469
0.6333
0.63976
0.67637
0.70392
0.80705
0.62486
0.66823
0.63579
0.65269
0.9327
0.60738
0.66661
0.72507
0.77275
0.769
0.92041
0.71605
0.58539
0.70413
0.75399
0.68167
0.78306
0.79839
0.55253
0.70515
0.63383
0.78979
0.71949
0.72448
0.67629
0.75674
0.77942
0.85222
0.7588
0.83055
0.94379
0.55777
0.47659
0.9596
0.58259
0.73753
0.7795
0.5467
0.62132
0.77478
0.79574
0.83262
0.72173
0.77545
0.76534
0.82473
0.67055
0.81916
0.88355
0.88274
0.73207
0.87937
0.75197
0.60047
0.6704
0.82651
0.89952
0.81582
0.66738
0.74695
0.57815
0.6618
0.48124
0.79994
0.78608
0.67653
0.73559
0.46372
0.72432
0.7722
0.68045
0.62102
0.80896
0.67027
0.79616
0.79072
0.8478
0.4682
0.50194
0.77302
0.81595
0.70413
0.55852
0.69033
0.81883
0.77755
0.80178
0.68589
0.68791
0.62905
0.4551
1.0237
0.60681
0.7771
0.69008
0.7531
0.83545
0.68466
0.82583
0.66964
0.80414
0.70308
0.81266
0.51639
0.75279
0.74189
0.70911
0.64196
0.78742
0.58639
0.41202
0.57162
0.70221
0.56836
0.64234
0.79169
0.75291
0.81955
0.48355
0.36395
0.71435
0.6673
0.65018
0.61884
0.78497
0.61806
0.51809
0.73654
0.78487
0.81505
0.93554
0.78163
0.71837
0.40728
0.57621
0.67272
0.73863
0.85408
0.73262
0.59336
0.85473
0.78559
0.66822
0.64216
0.67367
0.46698
0.62244
0.58383
0.70978
0.88839
0.78746
0.86296
0.83778
0.64611
0.78028
0.78141
0.6722
0.80358
0.65004
0.74375
0.78269
0.84132
0.69393
0.6873
0.81725
0.77519
0.5316
0.839
0.86942
0.48268
0.64494
0.83682
0.88276
0.72769
0.69722
0.85881
0.70732
0.67812
0.75424
0.80904
0.86245
0.71873
0.56065
0.82713
0.7557
0.62822
0.67869
0.89599
0.52506
0.64503
0.62789
0.62807
0.73308
0.71206
0.699
0.64739
0.85798
0.76589
0.89319
0.76132
0.70016
0.66396
0.77452
0.7467
0.79319
0.52931
0.85309
0.59975
0.52708
0.60554
0.3414
0.68055
0.6716
0.48978
0.65573
0.5575
0.57652
0.71449
0.78548
0.59427
0.66867
0.75272
0.8567
0.81452
0.83924
0.54643
0.85114
0.98083
0.75207
0.94495
0.58435
0.58708
0.68227
0.78941
0.58346
0.70052
0.81856
0.8759
0.6811
0.78764
0.461
0.76114
0.68996
0.70009
0.73567
0.38258
0.5811
0.66464
0.58171
0.59174
0.51595
0.53219
0.89148
0.7382
0.5605
0.68824
0.6721
0.60171
0.76565
0.53201
0.87871
0.72853
0.82783
0.8488
0.6383
0.74645
0.85734
0.71384
0.64198
0.48399
0.73537
0.72337
0.73557
0.81666
0.6515
0.51369
0.79594
0.5246
0.66318
0.79361
0.78722
0.76887
0.4045
0.67407
0.80064
0.58459
0.82545
0.77507
0.78642
0.69351
0.7931
0.62845
0.67951
0.72323
0.48851
0.7639
0.8396
0.77606
0.92944
0.77373
0.62414
0.77153
0.73771
0.64595
0.55237
0.72401
0.79621
0.76485
0.76674
0.76274
0.70834
0.50668
0.71616
0.65053
0.78867
0.72608
0.66978
0.81134
0.64989
0.89297
0.81413
0.86925
0.79127
0.82466
0.48172
0.69804
0.70058
0.76258
0.76659
0.75165
0.75968
0.90681
0.88639
0.63761
0.90777
0.66157
0.78877
0.64325
0.67248
0.63221
0.43224
0.63183
0.48464
0.57992
0.67662
0.6998
0.71877
0.7499
0.71644
0.8827
0.67063
0.74896
0.75068
0.74164
0.66856
0.68084
0.59449
0.81795
0.74546
0.73672
0.66663
0.89038
0.92728
0.72254
0.57866
0.48287
0.63928
0.55735
0.65639
0.57655
0.84754
0.72616
0.57604
0.56102
0.7455
0.75569
0.80102
0.60048
0.69308
0.73127
0.74918
0.7483
0.67966
0.76339
0.83064
0.80159
0.81169
0.74355
0.71053
0.66443
0.62052
0.76078
0.69205
0.6716
0.90912
0.53879
0.54145
0.5909
0.81725
0.90626
0.62829
0.27745
0.66547
0.83892
0.83215
0.94004
0.54218
0.69309
0.70387
0.76993
0.87688
0.8731
0.78791
0.76194
0.71823
0.64213
0.8786
0.50087
0.70203
0.74762
0.72742
0.62996
0.59862
0.65499
0.67245
0.54409
0.65713
0.67696
0.72599
0.84296
0.53646
0.71598
0.67023
0.71209
0.61495
0.63255
0.71302
0.73256
0.7146
0.6908
0.71122
0.82604
0.54132
0.78341
0.64698
0.63372
0.60686
0.7053
0.44858
0.76683
0.77241
0.7247
0.93737
0.86942
0.72438
0.66123
0.69985
0.86113
0.61889
0.81405
0.812
0.73159
0.69414
0.64724
0.75773
0.72014
0.81408
0.57026
0.66388
0.75468
0.7049
0.56216
0.8477
0.69913
0.82729
0.8526
0.83427
0.66842
0.4569
0.85881
0.86801
0.62274
0.83684
0.7443
0.43441
0.74965
0.6655
0.63036
0.49483
0.6194
0.78759
0.87903
0.88577
0.80804
0.47238
0.79725
0.63351
0.74614
0.71407
0.66886
0.77292
0.55231
0.80285
0.88818
0.74007
0.62684
0.54767
0.89393
0.75124
0.67613
0.60798
0.70859
0.89874
0.60354
0.74285
0.6587
0.95681
0.58997
0.58323
0.82307
0.73267
0.64157
0.80385
0.69176
0.82344
0.80227
0.53028
0.69632
0.73508
0.82278
0.89743
0.69834
0.60656
0.78615
0.42755
0.57835
0.82489
0.68869
0.71339
0.67527
0.60918
0.62472
0.80709
0.68241
0.76754
0.64943
0.75899
0.60476
0.52419
0.5807
0.49957
0.84338
0.8877
0.56891
0.60608
0.59444
0.73759
0.78936
0.3705
0.89971
0.86819
0.75432
0.83652
0.81342
0.83202
0.60926
0.59334
0.53266
0.80186
0.90749
0.68761
0.77267
0.80883
0.79986
0.83801
0.66299
0.72002
0.70355
0.6538
0.53336
0.53565
0.90664
0.81353
0.70872
0.69911
0.70688
0.69301
0.77333
0.78295
0.87831
0.73038
0.4318
0.78305
0.46055
0.48432
0.7528
0.63115
0.77838
0.79332
0.78195
0.77655
0.72701
0.7202
0.58256
0.80717
0.55955
0.64529
0.48805
0.68107
0.82669
0.59857
0.43839
0.88854
0.41108
0.72753
0.66764
0.72734
0.67816
0.70908
0.49643
0.66806
0.65926
0.71188
0.76897
0.8971
0.55683
0.53758
0.68233
0.75228
0.79303
0.71881
0.34233
0.57996
0.68927
0.7882
0.78195
0.20685
0.66224
0.88183
0.62973
0.87279
0.72271
0.92594
0.68755
0.82669
0.70434
0.67548
0.51402
0.71507
0.5621
0.60333
0.51214
0.83198
0.59883
0.84347
0.63202
0.3783
0.81077
0.67094
0.58144
0.63185
0.85297
0.72434
0.6034
0.69696
0.84369
0.78383
0.56762
0.74265
0.78045
0.72994
0.60638
0.88557
0.86538
0.76044
0.61986
0.43408
0.71402
0.70793
0.78314
0.59502
0.73452
0.64102
0.77127
0.93178
0.8581
0.7774
0.58861
0.61787
0.77464
0.52085
0.47351
0.64257
0.7212
0.76525
0.52429
0.79345
0.71812
0.73238
0.68881
0.55177
0.77971
0.76337
0.49174
0.61735
0.7066
0.70143
0.61411
0.63729
0.61449
0.75336
0.88145
0.70804
0.69215
0.78464
0.54157
0.76473
0.50295
0.66222
0.74968
0.55377
0.75103
0.55461
0.59641
1.0214
0.70038
0.49278
0.79851
0.70421
0.69019
0.82265
0.76747
0.65036
0.72123
0.59023
0.70834
0.65838
0.76328
0.71053
0.83153
0.7606
0.76898
0.59662
0.48329
0.65702
0.66559
0.76826
0.66711
0.69
0.75558
0.77361
0.6458
0.62704
0.76154
0.60659
0.6629
0.91665
0.89115
0.80962
0.79069
0.60917
0.70311
0.62163
0.75306
0.74787
0.59005
0.79782
0.7561
0.30061
0.83108
0.82287
0.8214
0.82729
0.74868
0.65687
0.38293
0.69207
0.73845
0.71242
0.55294
0.69344
0.92453
0.66057
0.78565
0.56157
0.65519
0.52098
0.60592
0.5175
0.62558
0.83478
0.61438
0.80521
0.73563
0.4389
0.75739
0.42844
0.82799
0.40407
0.64013
0.67299
0.69558
0.64633
0.82119
0.57622
0.3941
0.56501
0.70365
0.95196
0.46153
0.69431
0.87597
0.80159
0.77891
0.70438
0.88778
0.74707
0.62678
0.58639
0.75565
0.69874
0.52885
0.72294
0.81295
0.68059
0.72655
0.91705
0.82451
0.62772
0.85313
0.90164
0.69203
0.79431
0.70133
0.68531
0.73998
0.63571
0.74049
0.61325
0.71579
0.88229
0.57324
0.6796
0.6698
0.68902
0.6602
0.72897
0.78671
0.81793
0.67687
0.69157
0.62657
0.80732
0.67597
0.72867
0.72184
0.85693
0.8169
0.75853
0.62913
0.77009
0.96568
0.79201
0.74481
0.47179
0.83332
0.81192
0.55939
0.70391
0.60159
0.4491
0.70189
0.63239
0.6548
0.79782
0.71662
0.52947
0.76688
0.52275
0.69005
0.5995
0.72301
0.79208
0.6394
0.92236
0.84915
0.80726
0.64606
0.41512
0.88469
0.62214
0.68753
0.78756
0.78649
0.75698
0.60949
0.7598
0.54686
0.68657
0.81669
0.65959
0.60914
0.74095
0.87518
0.52472
0.733
0.92481
0.63515
0.55602
0.88822
0.65858
0.76066
0.72705
0.77313
0.67514
0.4961
0.64006
0.41142
0.81053
0.80947
0.71594
0.7253
0.76674
0.74294
0.68045
0.71128
0.57282
0.49346
0.54281
0.75964
0.61055
0.94498
0.83262
0.53471
0.63278
0.64534
0.65564
0.60622
0.50722
0.60494
0.68299
0.61839
0.4383
0.71049
0.61813
0.71782
0.67088
0.77595
0.75911
0.79011
0.77254
0.743
0.70424
0.64216
0.63463
0.78288
0.42965
0.85683
0.59829
0.46031
0.67564
0.76774
0.76357
0.89343
0.76221
0.69123
0.74798
0.58874
0.73425
0.61378
0.60934
0.63104
0.73308
0.76074
0.82546
0.77633
0.58028
0.64603
0.9049
0.5442
0.34743
0.68991
0.61175
0.61655
0.6369
0.74636
0.67552
0.58967
0.86617
0.71835
0.84302
0.57644
0.77248
0.60525
0.74079
0.70509
0.65183
0.75838
0.6619
0.78647
0.47414
0.57059
0.67051
0.83597
0.7447
0.67946
0.7597
0.86582
0.7779
0.68262
0.5081
0.77595
0.71345
0.76848
0.73415
0.93958
0.72078
0.72595
0.8079
0.66567
0.71058
0.63206
0.63455
0.7955
0.65183
0.82369
0.37124
0.79466
0.84092
0.80922
0.52759
0.6516
0.78505
0.66369
0.88397
0.75814
0.61496
0.68986
0.71792
0.74645
0.64374
0.69984
0.54935
0.75773
0.63723
0.66503
0.67181
0.6309
0.54145
0.53622
0.61332
0.91332
0.84171
0.62931
0.80377
0.78055
0.54068
0.67245
0.79625
0.75541
0.75119
0.67662
0.79216
0.80879
0.63255
0.62586
0.69579
0.5758
0.79567
0.5304
0.70652
0.67438
0.79735
0.89279
0.66737
0.78038
0.89473
0.78406
0.74573
0.76946
0.5109
0.67547
0.76737
0.40743
0.74632
0.75731
0.68304
0.75053
0.73964
0.67979
0.67779
0.75815
0.45572
0.76741
0.78569
0.77557
0.76218
0.79958
0.42333
0.65971
0.56522
0.71088
0.81451
0.84571
0.73952
0.83496
0.51577
0.80736
0.73143
0.74369
0.69407
0.71007
0.74199
0.61316
0.94001
0.84592
0.71954
0.82705
0.57216
0.71785
0.90604
0.75824
0.89367
0.75355
0.95099
0.77909
0.80034
0.59589
0.49739
0.68741
0.86991
0.75459
0.79641
0.78274
0.66595
0.60145
0.76865
0.81427
0.83779
0.58139
0.9089
0.58917
0.86503
0.5666
0.75297
0.80714
0.68096
0.41242
0.68621
0.87138
0.77621
0.46105
0.71804
0.63121
0.78743
0.76102
0.80275
0.76024
0.77263
0.59122
0.78584
0.84077
0.68909
0.87588
0.85516
0.74067
0.79894
0.7439
0.67322
0.71284
0.5049
0.71399
0.55377
0.41843
0.48786
0.66829
0.74478
0.81684
0.74351
0.74383
0.49119
0.70887
0.76993
0.92725
0.78027
0.55042
0.90664
0.53779
0.76166
0.76299
0.82824
0.80499
0.71362
0.5395
0.73767
0.73965
0.68661
0.73836
0.82717
0.81233
0.73422
0.70051
0.69861
0.70299
0.79545
0.81608
0.63197
0.69301
0.68327
0.61785
0.63515
0.69586
0.67159
0.3212
0.6451
0.87628
0.66419
0.58272
0.58678
0.71503
0.7133
0.71638
0.87658
0.63041
0.8107
0.82269
0.83889
0.81273
0.94117
0.77866
0.79843
0.69954
0.73991
0.71028
0.58351
0.76665
0.83663
0.54133
0.80909
0.77263
0.80685
0.58686
0.61577
0.7277
0.84106
0.37421
0.62234
0.7152
0.84267
0.80236
0.64209
0.71129
0.84067
0.74792
0.7299
0.77894
0.88073
0.56045
0.77952
0.51827
0.82671
0.77264
0.69668
0.70985
0.72892
0.65825
0.80795
0.85483
0.53143
0.64248
0.64522
0.81398
0.8409
0.8217
0.5094
0.73117
0.43102
0.77047
0.72705
0.51132
0.73349
0.54592
0.67833
0.43349
0.60479
0.58014
0.8638
0.63378
0.6511
0.62515
0.85723
0.6309
0.66582
0.75567
0.81447
0.78839
0.72161
0.50245
0.77502
0.79764
0.6629
0.722
0.79489
0.76972
0.90855
0.70748
0.57039
0.57357
0.6735
0.59494
0.83824
0.37185
0.71856
0.75973
0.53745
0.56345
0.7571
0.77988
0.72691
0.70818
0.69024
0.83825
0.79009
0.75812
0.8505
0.75328
0.54121
0.55856
0.70603
0.66367
0.72076
0.7477
0.55604
0.83913
0.58798
0.75489
0.77605
0.61402
0.83643
0.52607
0.77008
0.76137
0.93335
0.63166
0.72776
0.66537
0.68927
0.76239
0.81193
0.56714
0.84747
0.75592
0.77933
0.71392
0.66515
0.708
0.7412
0.69035
0.72472
0.93245
0.75183
0.80057
0.52662
0.58614
0.69705
0.74557
0.66384
0.63183
0.74463
0.46265
0.79741
0.67508
0.35136
0.76469
0.74778
0.79918
0.53418
0.55261
0.72631
0.82311
0.64848
0.63627
0.70637
0.44247
0.7287
0.43004
0.8813
0.70878
0.69752
0.74244
0.74828
0.62336
0.59449
0.64445
0.80429
0.54336
0.39527
0.90735
0.64247
0.89442
0.82214
0.77406
0.74949
0.55473
0.62674
0.67775
0.64866
0.79659
0.68158
0.70277
0.83604
0.60573
0.69388
0.73215
0.60945
0.82029
0.87749
0.70126
0.80993
0.38545
0.53689
0.42609
0.76198
0.72757
0.80532
0.71952
0.31196
0.7583
0.58855
0.66693
0.92638
0.89171
0.83051
0.88198
0.90448
0.8717
0.69901
0.75546
0.78858
0.72274
0.83408
0.65441
0.62479
0.62698
0.77901
0.73027
0.91168
0.87053
0.62162
0.99627
0.78563
0.75199
0.82534
0.44042
0.88231
0.84287
0.69139
0.759
0.82415
0.66373
0.67923
0.8725
0.84836
0.56317
0.87584
0.74302
0.78927
0.86662
0.8886
0.43372
0.62154
0.48962
0.54348
0.7865
0.76366
0.62428
0.9164
0.60481
0.78464
0.88024
0.88847
0.78634
0.7852
0.51471
0.71974
0.78064
0.6812
0.81548
0.67346
0.45338
0.69668
0.61228
0.62517
0.56075
0.81911
0.69595
0.73432
0.47371
0.74346
0.97896
0.85112
0.67848
0.3828
0.52404
0.81622
0.85456
0.95795
0.89532
0.55451
0.66056
0.86165
0.68505
0.81734
0.79271
0.75975
0.364
0.41315
0.7192
0.67704
0.87746
0.63038
0.58197
0.81444
0.80427
0.74349
0.83917
0.58919
0.77207
0.64197
0.5537
0.81827
0.70934
0.89008
0.86807
0.68262
0.68721
0.80924
0.50967
0.59366
0.64729
0.73612
0.76877
0.83629
0.86666
0.72334
0.88451
0.84801
0.73434
0.77637
0.64736
0.74481
0.74732
0.64804
0.81707
0.80094
0.46097
0.5625
0.69357
0.82291
0.7339
0.91054
0.81516
0.69383
0.76957
0.88513
0.74943
0.84878
0.45448
0.74529
0.64306
0.66764
0.71673
0.66862
0.75199
0.64641
0.87125
0.45629
0.57322
0.7153
0.85498
0.67573
0.84512
0.844
0.85452
0.74405
0.81267
0.69706
0.81219
0.79299
0.53445
0.6863
0.9163
0.45942
0.72118
0.81719
0.76608
0.62277
0.66559
0.88014
0.79634
0.98832
0.7924
0.73127
0.58507
0.41411
0.93916
0.67964
0.72734
0.72129
0.81459
0.85012
0.62637
0.73447
0.89642
0.99069
0.6467
0.59005
0.8934
0.60208
0.89684
0.75131
0.88834
0.81877
0.69527
0.71725
0.75506
0.67062
0.67207
0.56648
0.7669
0.69157
0.66691
0.78058
0.67469
0.82365
0.76544
0.57516
0.36088
0.81678
0.74865
0.713
0.52842
0.54659
0.66368
0.91784
0.65307
0.88012
0.60887
0.7134
0.86934
0.56467
0.81614
0.63524
0.69881
0.49961
0.72561
0.8174
0.52944
0.75417
0.73857
0.63549
0.67357
0.63804
0.78708
0.46233
0.45309
0.65697
0.70564
0.64868
0.64673
0.52847
0.67417
0.74443
0.54706
0.82917
0.76623
0.72414
0.7866
0.8198
0.62741
0.56386
0.69128
0.73709
0.76268
0.95695
0.80674
0.67714
0.7341
0.44178
0.66435
0.72623
0.74845
0.5653
0.58578
0.84968
0.6052
0.78742
0.92739
0.735
0.69703
0.35891
0.72185
0.55171
0.67568
0.74795
0.78372
0.8049
0.78977
0.6604
0.8218
0.7557
0.69832
0.87117
0.76717
0.78123
0.67852
