1.1684
0.78161
1.1273
0.96644
1.029
1.2565
0.6648
0.82412
1.1577
1.0768
0.93693
0.96216
1.202
0.98412
0.95109
0.86211
1.1372
1.1369
1.1344
0.90825
0.69066
1.1881
1.0799
1.1455
1.004
0.88166
1.2174
1.1997
1.0394
0.91294
1.0342
1.1932
0.88066
1.3389
1.0321
1.0102
0.9317
0.82948
1.0174
0.91109
1.0495
0.76366
0.54887
0.89202
1.0795
1.2633
1.2003
0.98238
1.1857
0.94135
1.0279
0.95585
1.1233
0.9965
1.073
1.2496
1.2438
0.82248
0.96276
0.9633
0.91349
1.0291
1.0537
0.77912
1.105
0.41185
0.63072
1.1018
0.89239
0.70701
0.93384
1.0721
0.99188
0.95445
0.6724
1.0522
1.1751
0.90463
0.89118
1.1595
1.1326
1.0596
1.1199
1.1748
0.8457
0.84513
1.0024
1.1002
0.55279
0.99201
1.1495
1.0036
1.2392
1.0212
1.2049
0.81369
0.87012
1.1427
1.1615
0.88229
0.93313
1.1675
0.88852
0.97938
1.0513
0.94503
1.229
1.0843
1.1395
0.87869
0.98732
1.1935
1.2524
1.1853
0.99239
1.1603
1.0736
1.1698
0.85197
0.98043
0.66641
1.1057
1.1653
1.1985
0.97171
0.78213
1.0786
0.92339
0.59597
1.1599
0.92263
1.0067
0.88824
1.072
0.93482
1.0445
1.2412
1.0497
0.69299
0.5094
0.94609
1.0591
1.1444
0.99915
1.0135
1.034
1.1099
0.52818
1.0338
1.1094
1.1166
0.77381
0.96683
1.0244
1.21
0.93919
1.0094
1.3197
0.9576
0.67327
1.1019
0.91457
0.90619
1.1604
0.82201
0.93623
1.1632
0.93226
1.0194
1.1259
1.0382
1.1754
0.6452
1.0045
0.83296
1.0228
0.95922
0.9088
1.0808
0.99325
0.98487
1.0897
0.9642
1.0447
1.106
1.0502
0.80135
1.0904
1.1796
1.0706
0.94611
0.92985
0.94698
0.92476
1.2801
1.2518
1.2214
0.7171
1.0543
0.91295
1.1798
0.66794
1.3001
1.059
0.85915
1.2114
1.0499
1.2076
0.95197
1.0276
1.1944
1.0778
0.74581
0.97662
1.1245
1.0265
0.87814
0.92439
1.0459
1.1216
1.2705
0.99769
0.98726
1.1798
1.0333
0.85742
1.1368
1.0465
0.87571
1.2657
1.1802
0.93653
1.2165
0.88283
1.2573
0.79978
0.82099
0.88981
0.59619
0.6948
0.94634
0.83175
1.1316
1.0047
0.83347
0.90758
1.148
1.1373
0.82857
0.62309
0.87898
1.1422
0.93477
1.1786
1.0638
1.0723
1.0318
0.8472
1.073
1.1434
0.58903
1.0199
0.96158
0.76743
1.1331
1.017
0.76526
1.0732
0.88431
1.1068
1.1331
1.2682
0.8604
1.2197
0.60068
0.91449
0.98991
0.99849
0.6308
0.88718
0.92884
0.94086
1.2008
1.2153
1.0257
1.0441
0.95033
1.1694
0.94558
1.1319
1.1701
0.95195
0.87933
1.0369
1.2917
0.85148
1.1126
0.73133
1.1935
0.81988
0.92102
0.90598
1.1709
1.1632
0.97623
1.0295
1.1935
1.1443
1.041
1.2272
0.9929
1.0384
0.93129
0.9606
1.0674
0.94912
0.87385
0.98786
0.6817
1.0645
0.96633
0.95691
1.0231
1.0769
1.2337
0.86888
1.1627
1.0109
0.87218
1.0632
1.1916
1.2358
1.1221
1.1913
0.69782
0.98429
0.95766
1.0497
0.99639
0.76037
0.60218
0.8729
0.89389
0.90148
1.1814
1.1296
0.85302
0.91752
1.1937
1.1473
0.69327
1.2641
0.68926
1.1602
1.1135
0.93505
0.86308
0.81252
0.7718
0.6976
1.2652
0.85719
0.81432
0.97482
1.0847
0.932
0.91002
0.7604
1.0436
1.0055
1.0066
0.66978
1.1717
0.93053
1.2208
0.93275
1.0417
0.99239
0.95365
1.072
1.1013
0.99155
0.76695
0.86015
1.0862
0.96328
1.0788
0.9463
0.89641
0.74354
0.80219
0.95103
0.83586
0.99502
1.0913
0.8522
1.0868
0.87559
0.96376
0.92576
0.87508
0.85272
1.0296
0.86681
0.66721
1.1024
1.0631
0.68873
1.1204
1.0031
0.75299
0.94751
0.93541
0.98821
1.1236
0.89726
0.78247
1.019
1.0682
0.92331
1.1172
1.1071
0.77087
0.80503
1.3217
1.0634
1.0225
1.0018
1.0155
1.0571
0.90454
1.0864
1.1504
1.1827
1.0738
0.87238
1.1372
1.2049
0.62474
0.90436
1.0596
1.1273
0.84222
1.1993
1.0167
0.99417
0.96383
1.0768
0.82086
0.81784
1.11
1.0444
0.46627
1.0589
1.1519
0.63358
1.1637
0.83291
1.1611
0.96215
0.70946
0.97742
1.0525
1.0652
0.90044
0.75964
0.70995
0.92013
0.96031
0.83999
0.97582
0.81259
0.95581
1.1398
1.269
0.98008
0.9847
1.0235
1.1014
1.0149
1.0776
1.0431
1.1523
1.2468
1.0286
0.79562
0.94303
1.1218
1.1345
1.1501
1.1362
0.83186
1.1275
1.0912
0.97476
0.79652
1.0094
0.6025
0.76867
0.8549
1.0176
1.072
0.95752
1.2138
0.95936
1.0548
0.84341
0.90827
1.2727
0.93801
0.81594
1.2601
1.0653
0.83885
1.1736
1.1024
1.2576
0.89888
1.3686
0.96452
0.58355
0.83235
0.87621
1.1204
1.1103
1.1371
1.0773
1.0204
1.2783
0.98102
1.2866
1.0834
0.61894
0.91289
0.77307
0.91364
1.263
0.59325
0.99359
1.1152
0.90488
0.85862
1.022
0.70882
1.2621
1.0668
1.0425
1.0013
1.1658
0.94589
0.89158
0.97128
0.82843
0.79338
1.2031
0.8943
1.0558
1.0009
0.59621
1.1146
1.0711
0.68801
1.0185
1.143
1.0772
1.2525
1.0059
0.97013
0.87543
1.0566
0.80281
1.1223
0.85756
0.67313
1.111
1.2222
1.333
0.68837
1.0895
0.91014
0.97593
1.0485
1.0797
1.1345
1.1164
1.0665
0.95965
0.76527
1.0647
0.94643
0.83929
1.043
0.99894
1.0948
1.0524
1.1066
1.152
0.96969
1.2174
1.1879
1.0902
1.0363
0.96456
0.83484
0.82201
1.0338
0.69423
1.0986
1.1095
1.2136
1.0922
0.9207
1.0958
0.97491
1.0947
1.2183
1.1159
1.184
1.1297
1.0784
0.91364
0.85998
0.9489
1.058
1.0866
1.0595
1.0133
1.0411
1.0623
1.041
1.0314
0.74296
0.72214
0.90925
1.0863
0.99241
1.1195
1.0773
1.1209
1.0598
1.0631
1.0418
1.0686
1.1278
0.93754
1.3106
0.99398
0.90306
0.82282
0.6427
1.0433
0.97423
0.83951
0.81038
1.0829
0.68138
0.99028
0.92683
1.0435
0.93427
0.75327
1.1712
0.62173
1.0393
0.89576
1.1036
0.73536
1.1533
0.97207
1.1319
0.74061
1.0226
0.94089
0.7929
1.1113
1.1174
0.66592
0.88333
1.1768
0.55257
1.1434
0.82264
1.2178
0.81573
1.141
1.29
0.73479
0.75275
1.1201
0.64435
1.0546
0.92794
0.92535
0.97426
1.0008
0.77038
0.95879
0.92311
0.49133
1.1122
1.1769
1.0274
1.1861
0.83952
1.1531
0.96977
0.83462
1.0748
1.0116
0.85013
0.96277
0.85589
0.90197
0.83946
0.87811
1.0647
0.47684
0.77647
0.84873
1.1826
0.96434
1.1427
0.96806
0.81518
1.1595
0.93936
1.0091
0.96306
1.0756
0.95465
0.92174
0.67865
0.9606
1.0644
1.2704
0.77909
1.2314
1.0993
1.0238
1.2497
0.90305
1.0038
0.98346
0.76141
1.0687
0.80712
1.267
1.2879
1.0617
0.59866
0.88072
1.0078
0.78962
0.95475
1.0798
0.95313
0.95832
0.80488
0.99671
0.81584
1.2125
0.64501
0.88364
1.1376
0.94134
0.73401
0.85198
0.7833
0.90334
0.69106
0.7853
0.98898
0.88622
0.79611
1.0874
1.1069
1.083
0.80839
1.1405
1.0201
0.88672
0.9849
0.92313
1.0001
0.98479
1.1745
1.0505
0.90177
1.2207
1.0178
1.0814
1.0516
1.1253
1.3148
1.0406
1.0243
1.0499
1.0974
1.3057
0.83769
1.156
0.72118
1.0892
1.0055
0.88603
0.90926
0.82336
1.0528
0.98558
0.99272
1.08
1.1047
1.1579
1.2373
0.68083
0.7752
1.1894
0.97706
1.0075
1.1484
1.1976
1.0898
1.2288
0.80844
1.0455
0.94656
1.2442
0.69816
1.1629
0.68626
1.076
1.1864
1.0182
0.98357
1.0165
1.0839
1.251
1.0122
1.071
0.98881
1.2343
1.1836
1.066
0.64841
1.265
0.89017
0.99803
1.1114
1.0774
0.86189
0.73485
1.2041
1.0727
1.0646
0.98969
0.99608
1.0248
1.1031
1.1625
0.90953
0.98042
0.94238
0.87278
1.0133
1.1471
1.0723
0.83838
1.159
1.0934
0.85559
0.70855
0.79389
0.63117
1.2799
1.0067
1.0353
1.1015
0.89924
1.0657
0.76965
0.9819
0.95414
1.2591
0.92827
0.96751
1.3455
1.0784
1.2463
1.1667
0.99901
0.86537
1.0539
0.82376
0.68643
1.1832
1.2378
0.99454
1.16
0.92877
1.2408
0.78014
1.0413
1.112
1.1365
1.1977
0.94933
0.7461
1.2623
1.4793
0.75442
1.072
0.68947
0.82122
0.89089
0.89804
0.60749
0.88838
0.62764
1.0404
0.89406
0.88103
1.1603
1.0911
0.87069
1.0404
1.185
0.88537
0.92504
0.74442
1.1981
1.1111
1.3351
1.2242
1.0701
1.2515
1.0361
1.168
1.0637
1.045
1.1201
0.60711
0.79442
0.93651
0.96642
0.88266
1.167
0.95025
1.0742
1.1915
1.0626
1.036
1.2666
0.77837
0.95775
0.87812
1.1803
0.51211
0.95122
1.098
0.56712
1.0477
1.0049
1.1516
0.97094
1.1225
0.86991
0.97975
1.1443
0.91163
0.94112
1.0986
0.94166
0.94409
1.1633
0.93765
0.68282
0.84625
0.88365
0.99666
1.2574
0.88989
0.90166
1.1064
1.0758
0.90825
0.96465
0.9913
1.0343
0.58172
1.079
1.1625
0.57207
0.80489
1.1131
0.88207
1.1469
1.0065
0.97062
1.2258
0.93534
1.1079
0.85011
0.95593
0.79834
1.1696
1.0054
0.91007
0.645
1.1588
0.94168
0.92195
1.0137
1.1898
0.92221
1.043
0.94379
0.46426
1.1631
1.0322
0.99729
1.2061
1.1339
1.1016
0.97103
0.79916
0.63756
1.0769
1.3185
0.85053
0.84326
1.121
1.0074
0.97131
0.90157
0.75974
1.0044
0.94684
1.052
1.1097
1.1055
0.86772
0.68041
1.069
0.91568
1.3433
1.1255
1.2535
0.90334
1.2014
1.0805
1.0417
0.7391
0.59201
1.0663
1.0127
1.2452
1.0629
1.2602
1.0627
0.95173
0.78836
1.036
1.1929
1.1757
0.94176
0.95057
1.1774
0.92559
1.2386
1.0373
0.85645
1.1884
0.98611
0.90987
0.7758
1.1954
1.0262
1.1746
0.70253
1.007
0.95115
0.82038
0.87352
1.0476
1.0034
0.86247
1.2137
0.82474
1.0128
1.2873
0.93901
0.88605
1.0822
1.0096
0.99522
1.0208
1.1839
0.85249
1.0549
0.90915
0.98907
1.0865
0.93433
1.1258
1.1875
1.0055
0.90628
1.0635
1.0659
1.0555
1.0045
0.85049
1.215
0.97026
1.1596
0.83839
1.1697
0.99964
1.2414
1.1764
0.80876
1.1828
1.2093
1.2052
1.0293
1.0737
0.82967
1.0073
1.0251
0.90645
1.0559
0.96658
1.0479
1.2404
0.93631
1.1649
1.2868
1.1752
0.95977
1.3566
1.0641
0.92956
1.0958
0.87041
1.058
0.99447
1.1348
1.0785
0.97891
1.1023
1.1496
1.0442
1.3821
1.2135
0.91497
1.1529
1.075
1.207
1.0197
1.0538
1.0516
0.98512
1.0251
0.75874
1.2818
1.0378
0.85208
0.91191
1.0332
1.0743
0.84545
0.86385
1.1007
0.50898
0.90415
1.1596
0.98855
1.1851
0.63893
0.78057
1.2526
0.9325
1.1277
1.0033
1.082
1.3144
0.80562
1.2415
1.1046
0.83613
0.93366
0.90735
0.73066
0.92132
1.0166
0.77783
0.88462
1.0097
1.013
1.0974
0.89188
0.94106
0.75572
0.66207
0.988
1.256
1.2246
0.87782
1.1075
1.0203
0.82748
0.94893
0.40594
0.79293
1.0083
1.2175
1.0829
1.2721
1.1043
0.8039
0.90346
0.91291
1.3158
0.99479
1.0174
0.96611
0.75279
1.1705
1.0343
0.88496
0.90274
1.3108
1.0467
1.0028
0.76957
0.8513
1.336
1.1993
0.63824
0.57864
1.0329
0.89374
1.4243
1.0781
1.0225
0.98195
0.85989
1.2075
1.0771
1.0636
0.87292
1.1561
0.98484
0.8932
0.66487
0.55945
1.1324
1.1832
0.86552
0.95487
0.82588
1.1204
1.1623
1.1678
1.2038
1.2074
0.89922
1.0955
1.0978
0.94645
1.2477
1.024
1.0505
1.0309
0.87225
1.0296
0.76781
0.83874
0.98353
0.95421
0.88471
0.80006
0.95698
1.1623
1.0002
1.0492
1.084
0.98219
0.82735
0.79771
1.2294
1.1831
1.2454
0.7869
1.1006
1.126
1.1652
0.90717
1.0171
0.76205
1.3473
1.1425
0.82715
1.1102
0.86449
0.72309
1.2568
1.0367
0.71015
0.63162
1.0172
1.0802
1.1386
1.0271
0.88124
1.032
1.1758
1.0726
0.93734
0.87013
0.98429
1.1107
0.71857
1.1731
0.97446
0.8205
1.0964
0.98062
1.1821
1.169
1.031
1.0681
0.79727
1.0425
1.1049
0.96067
0.93061
0.87553
1.2308
1.0314
0.83774
1.4259
1.0738
1.1045
1.4551
1.1306
0.90477
0.96718
0.72775
0.86506
0.5708
1.2306
0.95722
0.92244
0.89826
0.94572
1.0424
0.96979
0.94707
1.1077
0.96828
1.2213
0.93449
0.75845
1.0061
0.92082
0.88345
1.2137
1.0076
1.1882
1.1127
0.97829
0.61497
0.85004
0.98897
0.761
0.71137
0.99918
1.0547
0.89887
0.6787
0.83773
1.1403
1.0852
0.91453
0.74418
0.90062
1.2116
0.71733
1.1391
0.69963
0.81894
1.2556
0.94385
1.0978
1.0774
1.0723
1.194
0.80323
1.0353
1.0836
0.86711
1.292
1.1167
0.94207
1.1644
1.1191
1.0999
1.1627
0.75577
0.92154
0.87204
1.1494
0.96211
0.81188
1.0284
1.2281
1.1143
1.0963
1.0926
0.89972
0.88407
0.87203
0.85215
1.1238
1.001
0.88261
1.1161
1.0634
0.91615
1.1071
1.1714
1.1919
1.2412
1.0684
0.9218
1.0063
1.3219
1.0034
0.80784
0.94326
0.79077
1.0256
0.9962
0.93796
0.79736
0.92955
0.92836
0.65827
0.62724
0.99092
0.91077
1.1054
0.99197
1.0315
1.0376
1.1246
1.1292
0.52959
0.82813
0.91425
0.70041
0.70002
1.0094
0.78309
1.016
0.93201
0.82808
0.8892
1.1742
0.94854
1.1445
0.9787
0.87666
1.1035
0.83748
1.0767
1.1922
0.3841
0.93497
1.3026
0.6711
1.1363
0.70012
0.80199
1.1863
0.93087
0.86492
1.2063
1.1934
1.194
1.0144
0.98148
1.095
1.0674
1.1009
0.92528
1.2321
1.0408
0.96574
0.94369
0.97454
1.03
1.1215
0.97438
0.72738
1.0715
1.1036
1.1325
1.3363
0.93891
1.0225
0.72506
1.0762
0.80999
0.98509
1.1109
0.61158
0.79491
1.2333
1.1577
0.80598
0.94991
0.96307
1.1171
1.1424
1.1033
0.80265
1.0547
0.78268
1.0795
1.1114
1.2153
1.0886
1.0058
0.94363
0.82164
1.2139
1.1839
1.0003
1.2418
1.0749
0.84854
0.93323
0.86471
1.201
0.9703
0.93114
0.95035
1.0177
0.79593
0.69639
0.83646
1.2016
0.78596
1.0349
1.0064
1.0995
0.63606
0.72757
0.97341
1.2236
0.67676
0.98762
1.0352
1.0828
1.0078
1.2051
0.99162
0.9622
0.87077
1.064
1.1773
1.1545
0.99908
1.0733
0.8986
0.80758
1.1402
1.0696
0.87844
0.88009
1.1862
0.84391
1.0899
0.92374
1.0684
1.1484
1.0656
1.2615
1.0074
0.80657
0.70704
0.91492
1.2492
0.80133
1.075
1.0409
1.212
1.2892
1.2056
0.96464
0.99012
0.95102
1.0049
1.1978
0.92017
1.2663
0.95655
1.0873
1.1166
1.0201
0.95249
0.94761
0.88403
1.1021
0.87173
0.70296
1.2575
0.95384
1.0358
1.0808
0.88214
0.8233
1.0516
1.1977
0.88724
1.0234
0.90351
1.2293
0.84043
0.71703
1.113
1.2429
1.1195
0.41024
0.96795
1.0207
1.1162
1.0338
1.1125
1.1565
0.91949
0.95677
0.69634
0.76239
0.93305
0.82678
1.0405
0.93669
1.0794
0.69104
0.96933
0.99486
0.97699
1.2631
0.90244
1.2323
1.1254
0.89929
0.98225
0.76345
0.9434
0.99762
1.03
1.0883
1.1649
0.86119
1.0936
0.99154
0.91316
0.93049
0.70085
1.0746
1.0551
1.0645
0.95253
1.1351
1.0893
0.75161
0.8757
1.1419
1.1012
1.0124
0.95784
0.91059
1.2409
0.86784
0.82642
0.95609
0.92173
1.1503
0.87018
1.0498
1.0299
1.0949
1.1443
0.94688
1.2239
0.92439
0.89107
1.1414
1.1387
1.1453
1.2055
0.91932
1.0871
0.93006
0.84091
1.1645
1.0318
0.9214
1.0601
0.78677
1.1179
1.0873
0.80608
1.1138
0.88546
1.1601
1.1561
0.99561
1.035
1.1247
1.1814
0.87344
1.0913
0.74798
0.72435
0.81526
0.78259
1.0758
0.88847
0.92515
0.6106
0.7301
0.90424
0.97196
0.83974
1.2945
0.99385
1.0396
1.221
1.0106
0.79074
0.99856
1.0634
0.66134
1.1011
0.95972
0.77996
1.036
1.1177
0.84043
1.0907
0.90557
0.9267
1.0682
1.2409
1.0848
1.1286
1.2177
1.0667
1.1394
1.0028
1.0949
0.92576
1.2064
0.8367
1.1801
1.0758
0.96685
1.0747
0.8062
0.77136
1.0426
1.2498
1.1286
0.74907
1.0438
0.91691
1.0289
1.0574
1.1197
1.2424
1.0966
0.79775
1.0271
1.1154
0.95433
0.91818
0.92998
0.9859
0.93766
1.0826
1.3784
1.0804
1.1318
0.56638
0.7138
1.2485
1.1887
0.63341
1.0752
0.91987
0.81093
0.89934
1.1361
1.3035
1.0253
0.76343
0.88007
1.0035
1.0699
0.97521
0.64745
1.0986
0.95548
1.0968
0.88024
0.97771
0.95332
1.1765
0.99577
1.2559
1.1315
1.1139
1.1339
1.0367
0.93499
0.80109
0.949
0.95286
1.3227
1.0602
1.1452
1.008
1.1791
0.91872
0.96698
0.85141
0.61565
0.99282
1.0913
1.2816
1.0213
1.0545
0.56581
1.0194
0.79822
1.1758
1.1036
0.99322
0.87324
1.026
1.1398
0.7397
0.69482
0.86908
1.1432
0.97728
0.85414
1.0529
0.81143
0.85741
0.96897
0.68329
0.79543
0.93527
0.80937
0.85537
1.1136
0.99929
1.105
1.3269
0.97335
1.159
0.94965
0.69334
0.81153
0.83126
0.94303
1.1345
0.97467
1.1291
1.0641
1.0574
1.1856
0.75776
1.0137
0.93231
0.8675
0.95342
0.85822
1.1297
1.1784
1.0135
1.0001
0.90796
1.0861
1.1241
1.0838
1.0269
1.1341
1.2285
0.92062
1.0032
0.98281
0.66537
1.2144
1.0825
1.1068
0.82522
1.1432
0.87375
1.085
1.0619
1.1614
0.96052
1.1892
1.1925
0.90478
0.93419
0.76266
1.0442
1.1945
0.99039
1.1713
0.86051
1.065
0.84211
0.81898
1.0175
1.0506
0.92743
0.7138
0.8378
1.273
1.1029
1.0529
1.2169
1.2149
1.0511
1.0164
0.70124
0.83092
0.99077
0.96037
1.1905
0.98099
0.82921
1.1486
0.63933
0.87955
1.1318
1.114
1.1581
1.1053
0.99236
1.2813
1.1241
0.64109
0.83905
0.90957
0.96324
1.0188
1.0769
0.95181
0.87377
1.0645
0.92632
1.0637
1.0033
1.0132
0.81355
1.0656
0.9914
0.84847
0.85047
1.2136
1.0249
1.1342
1.2481
0.97513
1.0935
0.77754
1.2567
1.0617
1.2054
0.95793
0.94223
0.67054
1.2316
1.1847
0.96507
0.97607
0.98103
1.2282
0.87924
1.1372
1.3589
0.97506
0.96486
1.1229
1.1807
1.0988
1.2296
0.96377
0.82487
0.97925
1.0803
0.8547
0.99409
1.1957
0.96331
0.70989
1.1809
1.0258
1.1978
1.0618
0.88075
1.1591
1.0874
1.0485
1.1154
0.70712
1.1759
1.115
1.2653
0.66072
1.2298
0.87526
1.1116
1.131
0.852
1.0293
1.0666
1.0959
1.0879
1.115
1.0485
1.099
0.5979
1.1718
1.0771
0.93542
0.79451
0.94619
1.2777
0.9081
1.1652
1.07
1.1278
1.0981
1.1885
0.95545
0.96958
1.2282
1.1209
0.98993
0.86406
0.84456
0.91765
0.9052
0.89828
1.3409
1.0911
1.0859
1.035
1.011
0.98779
1.009
1.0208
0.949
0.75521
0.63299
1.1369
1.2619
1.2167
0.42939
1.1954
0.98396
1.0442
1.1299
0.85645
0.67659
1.0799
1.0623
0.9136
0.70187
1.0979
1.2058
0.70592
1.2539
0.87593
1.2904
1.1058
0.90336
1.0627
0.85192
1.021
0.98908
0.95703
0.72777
0.86597
1.0792
1.1742
1.0602
1.1563
1.0611
1.0124
1.2368
1.0807
0.77064
1.2894
0.95514
0.71507
0.99972
1.0085
1.0081
0.94662
0.57652
0.99458
1.051
0.9106
1.0208
0.91321
1.0999
1.0466
0.78953
1.319
1.0202
0.9576
1.0764
0.97095
1.0235
0.72136
0.96188
1.1463
0.81871
0.93741
0.75475
1.1642
1.306
1.0223
0.95252
1.0532
1.2392
1.1188
1.0866
0.88479
1.0566
0.9879
0.94553
0.77473
1.1422
1.0395
1.1434
1.2903
1.0568
1.1669
1.0344
1.0602
1.149
0.94515
0.92965
0.93448
1.0037
1.1076
0.3228
0.92973
1.1234
1.2035
1.2613
1.029
1.031
1.2379
1.1457
0.72772
0.84332
1.0269
0.92467
1.1617
0.85476
0.88418
0.95756
1.165
0.78278
1.2609
0.95019
0.75737
1.0235
1.0248
1.1034
0.85709
0.68792
1.0745
0.95599
1.1765
0.57141
1.1335
1.0762
0.9737
1.1222
1.1506
0.94846
1.1562
0.99475
0.95385
1.1336
1.0793
1.1
0.98748
0.94587
0.98008
1.1231
0.85189
1.0295
0.88448
0.84762
0.97008
0.95655
0.89231
0.86344
1.2206
1.0088
1.1419
1.2052
1.3181
0.84781
0.90691
1.1537
0.92571
0.85009
0.94004
1.0317
1.1302
1.2599
1.1629
1.0194
0.76497
1.2844
1.0178
1.1277
1.0383
0.77949
1.1448
0.98296
0.8444
0.87094
1.0522
1.0343
1.211
1.0643
1.0183
1.1039
1.0575
1.1648
0.9958
0.87465
0.90103
0.62557
1.1113
0.86829
1.071
1.2036
0.59679
0.99857
0.99659
0.9482
0.80245
1.1549
1.0661
0.83593
0.80275
0.9449
0.86725
0.98192
1.1605
0.98497
1.0386
0.83175
0.77146
1.2258
0.8628
0.87868
0.93923
1.1511
0.9067
1.104
1.1774
0.83947
1.0187
1.1443
1.1781
1.0742
0.98842
0.84461
1.1044
1.0946
1.0767
1.3007
0.75346
0.87767
1.1098
1.0552
1.0199
0.71101
1.1319
1.1941
0.92126
1.109
0.93496
0.86839
1.0752
1.1599
0.92409
1.1065
1.131
0.67216
0.76166
0.86772
0.67718
1.0078
1.3322
1.2198
0.95894
0.89596
0.94447
0.81164
0.97622
1.09
0.98349
0.91518
1.1437
0.73283
1.0174
0.88858
1.1771
1.1422
1.4777
0.90149
0.93346
1.1111
0.85069
0.80859
1.043
0.8869
1.17
0.68833
0.92823
1.324
1.0653
1.0505
0.85931
0.8092
0.5967
1.2864
0.97421
1.0403
0.75891
1.103
1.128
0.67522
1.3149
1.0246
1.0953
1.145
1.2515
0.98865
0.94342
0.82942
0.96097
0.82462
1.2858
1.0695
0.77616
0.99141
1.162
1.0719
1.0711
0.71741
0.89118
1.1599
0.97453
1.1035
0.8568
0.86179
1.148
0.82063
0.93158
0.87528
1.1383
0.95279
0.90791
1.024
0.95962
1.0281
1.0838
0.97568
1.0435
0.88807
1.0951
1.1742
1.0116
0.94541
1.0189
0.96555
0.95263
1.2872
0.91734
1.1301
0.76077
0.97515
1.2448
1.003
0.61528
1.0803
1.0698
1.0517
1.073
0.76977
0.83134
1.1638
1.0183
0.70804
1.2412
0.69484
0.69431
1.1262
0.77398
1.1625
0.6649
1.0089
0.9864
1.0455
1.0931
0.71825
1.1586
1.0648
1.1798
0.79866
1.3711
1.0281
1.1398
1.0998
1.2732
1.0043
0.72563
1.0179
0.8854
1.1576
0.90752
0.91077
0.99332
1.073
1.0624
1.1967
1.2229
0.96964
1.0552
0.768
0.73182
1.2361
0.98275
1.177
0.74062
0.77307
0.95353
0.94959
1.1444
0.97965
0.88289
0.71011
1.125
1.1905
0.971
1.0915
0.7948
0.89264
1.2866
0.82894
0.93335
0.78256
0.85046
1.2542
0.94169
1.0082
1.0076
0.93907
1.1159
0.92836
1.1013
1.0965
1.0401
1.0005
0.94802
0.795
1.1766
0.83274
0.93001
0.95414
0.68239
1.1018
0.70524
0.78324
1.0652
0.80972
1.0119
1.1569
0.86348
0.97758
0.90003
0.87412
0.84624
1.2273
1.0401
0.9219
1.277
1.032
1.0983
1.0757
1.044
1.0537
0.78172
0.92942
1.0919
0.81299
1.2865
1.27
0.84926
0.86153
1.0829
0.96838
0.94853
1.1051
1.1678
1.107
1.0131
1.0878
1.2227
1.0915
1.2386
0.90431
1.3052
1.2406
1.0925
0.97481
0.96035
1.1189
0.84028
0.97047
0.84681
1.1405
0.95845
0.81246
1.137
1.0135
1.1141
1.2229
1.1605
1.1365
0.72681
1.207
0.92484
1.0541
0.99435
1.0573
1.2564
0.96021
0.96933
1.0142
1.0604
1.117
1.0386
1.1673
0.70024
1.0275
0.94413
0.81034
1.1928
1.0556
1.1535
0.83693
0.94752
0.82826
1.0805
0.90582
1.0572
1.1647
0.85093
0.87312
0.903
1.207
1.1254
1.1214
1.0197
1.0239
0.83113
0.93737
1.1585
0.73401
0.79896
0.80126
1.0141
0.99979
1.0856
1.021
1.2448
1.1327
1.3034
0.88349
1.1233
1.1469
0.90522
0.70017
0.84292
0.94179
0.82733
0.99961
0.95264
1.1351
1.038
1.1167
1.0334
1.1676
0.99964
1.0126
0.86871
0.70529
1.0957
1.143
0.9056
1.2656
1.0816
1.1907
1.0972
1.1859
1.3596
1.0618
0.84606
0.9842
1.1315
1.1895
1.1416
1.1349
0.97789
1.1504
0.81043
1.2114
1.2096
0.78924
0.75017
0.6261
0.96638
0.9059
1.0171
1.1631
1.2409
0.95184
1.0397
1.1306
0.72964
1.1742
0.99804
0.65377
0.97341
1.172
1.1101
1.0826
0.85842
0.9205
1.1191
0.49523
0.81332
1.2387
1.1101
0.77689
0.87999
1.0264
1.1248
0.82865
0.58955
0.63455
0.84667
1.0019
0.95936
0.76971
1.0928
1.066
0.81097
1.092
1.1723
1.1352
0.9609
0.99123
1.3391
0.91417
0.86783
0.90644
1.0379
0.70743
0.7559
1.0425
0.92727
0.88646
1.0454
1.2117
1.116
0.9687
1.0169
0.97647
0.95454
1.1414
0.93131
1.005
0.90926
0.91186
1.2391
0.76876
0.9405
1.0874
1.3033
0.47455
0.90429
0.96942
1.2387
0.97523
1.1422
1.1718
0.52319
1.0401
1.0666
0.80721
0.67216
1.2351
1.0512
0.99727
1.025
1.1365
0.818
1.1408
0.68589
1.0633
1.0302
1.1524
1.1933
1.1027
0.95805
1.2157
1.2877
0.91229
1.0353
0.75937
0.85964
0.81481
0.88785
0.67488
1.0088
0.87215
1.1445
1.1559
0.99682
0.87822
0.94441
0.6315
1.0516
0.68414
1.0305
1.1744
1.0578
0.75537
0.99716
1.0329
1.2206
0.67211
1.1903
0.74409
0.62567
0.79019
1.0611
1.2828
1.0138
1.0578
1.0837
1.1374
1.2308
1.1013
0.97885
0.90761
1.0843
0.57565
1.0056
1.224
1.1078
1.193
0.77074
0.78401
0.90772
0.97055
0.9145
1.1849
0.9813
0.59936
1.0516
0.98962
0.78804
0.92255
0.86003
0.64053
0.83474
1.0328
0.76755
0.54787
1.0995
0.8152
1.1178
0.98947
1.1321
0.91642
0.84947
1.109
0.86289
1.1188
0.86207
1.0672
0.74651
1.276
1.1283
0.71477
0.93317
1.072
1.0023
0.92298
1.2649
0.995
1.1377
0.94331
1.083
1.0159
1.1728
0.95135
1.0744
1.0009
0.85408
1.172
0.74562
0.74698
0.54999
0.79413
0.86552
1.23
1.0162
1.0832
1.3345
0.87519
1.1988
1.0308
0.95676
0.92318
0.90738
0.87752
1.1518
1.1965
0.90536
1.085
0.98812
0.8998
0.94581
0.99407
0.93468
1.1412
0.98529
1.1335
1.2499
0.68242
0.78479
0.93991
0.99166
1.0517
1.273
0.76034
0.85419
1.0743
1.0447
0.66418
1.2247
1.0428
0.94104
0.83997
1.0328
0.52179
1.0184
0.99902
1.0239
1.1076
1.2317
1.1398
1.0601
0.88551
0.849
0.74091
0.99105
0.76281
1.128
1.0822
1.1322
1.0303
0.83628
0.9516
1.0394
1.0806
0.91731
1.1392
1.1129
1.1014
0.65124
1.0592
0.94469
1.0992
1.046
1.2542
0.99514
0.70372
1.0826
1.0397
0.89507
1.288
1.1008
1.0886
1.196
0.99893
1.1164
0.9268
0.85061
1.1617
0.78215
0.83946
1.0366
1.0603
1.0925
1.218
1.0168
1.013
1.1022
0.7119
0.99645
1.2394
1.0163
0.87085
1.045
1.0059
0.97625
0.68501
1.2166
1.0515
0.87825
0.90374
1.0776
1.1779
0.99761
0.73102
1.1817
0.97993
0.95864
1.2704
0.84341
0.93245
1.0995
1.0739
1.2364
0.87285
1.0504
0.99105
1.094
0.81725
1.2127
1.076
0.90291
1.1696
1.244
1.0837
1.0693
0.68959
1.2909
1.0934
1.1048
0.90475
1.1935
1.012
1.2744
1.1885
0.75766
0.81811
1.1223
1.0976
1.2487
0.89692
0.90634
1.1942
1.0427
0.81567
1.1658
1.0476
1.0073
1.2709
0.84445
1.1666
0.93505
0.60718
1.0437
0.96487
0.93591
0.76212
0.91702
1.1876
0.87881
0.94811
0.77509
1.065
0.92812
0.91779
1.0435
0.98027
0.71303
0.87668
1.027
0.89932
1.1995
1.0029
0.8997
1.0148
0.83556
0.79782
0.94887
0.66607
1.2979
1.0732
1.0867
0.86449
1.0646
1.0461
0.92852
1.0759
1.1647
1.0207
0.73636
0.88581
0.76321
0.95614
1.0675
1.1823
1.074
0.94671
0.99682
0.98389
0.97292
0.76418
0.74353
0.79049
0.9363
1.2413
1.0075
1.2565
0.63604
1.1614
0.92454
1.2891
0.96463
1.1143
1.249
1.1699
0.74462
1.1099
0.77786
1.0087
1.1388
0.57413
0.8966
0.72023
0.83657
1.0072
1.052
0.78572
1.0133
1.1603
1.0564
1.1987
1.0325
1.0685
0.87768
1.0943
1.1467
0.87056
0.98388
0.90105
1.2015
1.1126
1.0267
1.1421
0.89617
1.1532
1.1423
1.1733
0.9623
0.82597
0.60861
1.0126
0.99572
1.1265
1.1837
0.9411
0.96881
1.1339
1.0739
1.1863
1.0823
1.0896
1.0813
1.1381
0.90823
0.56347
0.75731
0.50745
0.85201
0.94499
1.096
1.1604
1.0321
0.99248
0.99848
1.0531
1.2204
1.1796
1.1317
0.91425
0.9245
0.93445
1.2008
1.2163
1.1677
1.1934
0.70488
1.0295
0.58308
0.88593
1.2644
0.81358
1.0455
0.73174
0.91708
1.0215
1.043
0.85193
0.87062
1.2384
1.3204
0.77137
1.0192
1.0211
0.80956
1.2479
0.97604
0.81461
0.82531
1.1172
0.99203
0.89569
1.1343
1.0485
0.88403
1.123
1.2255
1.0403
1.1668
1.1064
0.99056
1.0094
1.2114
0.86798
0.78292
1.115
1.0765
1.1531
1.0102
0.73947
0.74527
1.052
1.158
0.79828
0.94861
0.70854
0.93839
0.97179
1.1053
1.0793
0.88096
0.902
1.0294
1.058
0.98616
0.65458
0.82733
0.93787
0.83208
1.2354
0.82503
1.2642
0.91755
0.97877
1.1075
0.88865
0.93284
1.03
0.95555
1.1464
1.1627
0.78235
1.0196
1.1372
1.2056
1.0803
1.2361
1.1302
0.94332
1.062
0.9082
1.0233
1.1177
1.1189
1.2528
1.0719
0.98555
0.91498
1.1845
0.90439
0.94822
0.83571
1.0959
0.95059
0.98353
1.1241
1.2641
1.1859
1.1423
0.46924
0.83702
1.2148
1.1412
1.1349
0.93836
0.7878
1.0457
1.2103
0.98908
1.0048
1.2171
0.87071
0.78924
1.1412
0.76677
1.2987
0.95115
0.99889
0.69847
1.0582
1.023
0.95252
1.0519
0.93916
0.84618
0.69985
0.99272
0.70438
1.1454
1.0199
1.2002
1.1497
0.99951
1.2636
0.84567
0.99153
0.8046
0.83116
0.81429
1.2473
1.0662
1.249
0.87057
0.75694
0.59032
1.0165
0.70267
0.40863
1.0977
0.89941
0.99114
0.68506
0.83233
0.97475
1.139
0.7581
0.9553
1.118
1.1217
1.0473
0.84303
0.78936
0.87335
1.1567
0.92035
0.64552
1.2448
0.80231
1.2006
1.1412
0.96574
0.80266
0.99545
0.64544
0.71734
0.94856
1.1651
1.2315
1.0873
1.0491
1.1627
0.9886
1.2131
0.65956
0.98472
1.0893
1.0567
1.0636
1.0986
0.98561
0.72699
1.272
0.91992
1.1529
1.0588
1.173
1.0835
1.2606
0.94034
1.1473
1.0307
0.85107
0.9588
1.2217
0.95397
0.75104
1.0873
0.75368
0.74732
0.98063
1.281
1.3163
1.2192
0.64945
1.1064
1.1726
0.89417
1.1162
1.0705
0.99322
1.0372
0.70604
0.90022
1.1248
0.8335
0.53865
0.96262
0.98746
1.2704
1.1631
1.0867
0.80153
0.38835
1.0392
1.5217
0.95213
0.96019
0.7948
0.97989
1.0754
1.0995
1.2634
0.94455
1.0622
1.1319
1.1349
1.1397
0.88677
1.053
0.94215
0.7984
0.79734
1.2224
1.406
1.0112
1.1557
1.0594
0.93024
1.1305
0.90262
1.0755
0.87045
0.59691
1.119
1.0375
0.84892
1.1009
0.71948
0.4495
1.0732
0.91792
0.97057
1.0339
0.89138
1.0479
0.55248
0.7179
0.8376
0.92346
1.2102
0.85982
1.0312
1.0006
0.83858
0.97346
1.0351
1.1282
1.0497
0.90555
1.3081
0.99175
0.99399
0.81094
1.0225
0.98851
0.85133
0.81985
1.0968
1.1402
1.0512
0.95508
1.0411
1.1065
0.90756
1.3302
0.73658
0.97962
1.3028
1.1891
0.90225
1.0534
1.0998
1.018
0.8323
0.79957
0.81716
1.1504
1.0461
1.0991
0.77988
1.0992
1.071
0.9513
0.93534
1.2355
1.2488
0.86707
0.89479
0.58633
1.1281
0.76027
1.1665
1.1947
1.1265
1.1121
0.84532
1.0212
0.99688
1.4131
1.1683
1.1341
1.1736
1.1864
1.0981
0.96373
1.008
0.91775
0.99638
0.91802
0.9395
1.2573
1.0601
0.89138
1.1921
0.92725
0.74921
1.216
0.99254
1.1495
1.0761
0.66274
0.98687
1.2493
1.0122
1.0786
1.1824
1.1286
1.1235
0.97951
1.0759
1.1015
1.1338
0.80184
1.0478
0.93971
0.94565
0.85361
0.92475
1.2474
1.1252
0.93895
1.2404
1.0795
1.235
1.3408
0.88306
0.71148
0.89836
0.89569
0.9755
1.1374
0.98591
1.0302
0.85463
0.97627
1.002
0.75895
0.74249
0.84184
1.0877
1.1156
0.93197
1.2114
0.8261
0.95542
1.1359
0.84153
1.1114
0.81421
1.0954
1.0555
0.85223
1.2494
1.2455
0.80536
1.1849
1.0603
1.2634
0.91985
0.99115
0.81026
1.0043
0.64664
1.0583
0.90403
1.1829
1.2371
1.0485
1.1244
0.94819
1.0734
1.3375
0.74611
0.96729
1.0157
1.3503
1.089
0.88669
0.93492
1.0118
1.0851
0.91779
0.94738
0.74244
0.90924
1.1643
1.2114
1.0215
0.84266
0.99985
1.1324
1.3067
1.0412
1.0655
0.88006
0.71369
0.86202
0.59754
0.94398
0.92762
1.003
0.81532
1.1006
1.0128
0.7093
0.68783
0.78153
0.87015
1.1584
0.696
0.50158
0.94906
0.41154
0.96797
1.0856
1.1348
0.85352
1.0431
1.3609
0.91191
1.324
0.91837
1.1634
0.8574
0.99642
0.97732
0.6393
0.87814
1.1145
1.1411
1.0153
1.0985
0.93525
1.0558
0.83801
1.2543
1.1172
1.1271
0.76156
0.97404
0.76035
0.86032
1.2055
0.85257
1.2789
1.2749
0.89483
0.96216
1.097
1.1606
1.092
1.1938
1.1369
0.99038
0.96077
1.1372
0.90816
1.1737
1.0379
0.98133
1.1065
0.77824
0.884
1.0155
0.84062
0.94039
1.1522
0.94898
1.2766
0.94794
1.2885
1.0978
0.96734
1.2056
0.78402
0.79986
0.93997
1.3339
1.0969
1.1339
1.1188
1.1146
1.0422
0.91505
0.86829
0.94162
0.98581
1.0215
0.96413
1.1599
0.80093
0.95481
0.84977
1.3387
0.91652
1.251
0.98056
1.1957
0.95505
1.2428
0.98011
1.0854
1.0563
0.8073
1.0916
0.84411
1.2556
1.29
1.1614
0.93791
0.74625
0.87122
1.0967
1.1555
1.067
1.0578
1.0172
1.0279
0.77542
1.0772
0.58746
0.83832
0.98313
1.1693
1.1477
0.95142
0.68702
1.1021
0.82583
0.52286
1.1732
0.97514
1.0322
0.94754
0.85266
0.75561
0.987
1.0437
1.1336
1.1292
1.1808
1.2271
1.0141
1.1983
1.0338
1.0831
0.94694
0.86289
1.2005
1.1927
0.94762
1.1462
0.88783
1.3092
1.0095
1.0289
0.79639
1.144
1.0076
0.64868
0.85473
1.2171
1.1228
1.0827
0.96965
1.0732
1.1143
1.1447
0.89182
0.82075
0.86498
1.1456
1.2287
1.0493
0.76374
1.2324
0.95046
1.2233
1.0031
0.91238
0.78315
0.95668
1.0103
0.89785
0.94422
1.042
0.96756
0.85705
1.1926
1.1179
0.85301
1.3247
1.0629
0.95062
1.1131
0.8668
0.79691
1.2352
0.88222
1.1739
0.78018
1.0358
1.0834
1.17
1.179
1.1486
0.84082
0.92382
1.0333
1.037
0.48535
0.97626
0.85597
1.1245
1.0059
0.816
0.86363
0.73033
1.1926
1.0876
0.9164
0.95823
1.0861
0.97792
0.94724
0.94237
1.1073
1.1477
0.99288
0.85041
1.2666
1.0336
1.1114
0.78754
0.89009
0.96794
0.70182
1.2718
1.3042
1.1278
1.105
1.1474
0.97901
1.0856
1.0279
1.0614
1.1107
0.98618
1.1411
1.0617
0.94452
1.0573
0.98569
0.77699
0.8305
0.79057
0.7757
1.0237
1.1493
1.2079
0.87053
1.1579
1.0879
0.97289
1.0358
1.109
0.76871
0.82626
1.0236
0.98279
0.84657
0.86261
1.2409
1.0146
1.3394
0.87123
1.164
0.89227
1.092
1.1537
0.90576
1.0858
0.94804
1.0779
0.91374
1.1246
1.0917
0.94499
0.85129
1.0823
0.73201
1.2442
1.0656
0.77474
1.0839
0.81547
0.59685
0.86051
0.74775
1.2617
1.2431
1.0201
1.0581
1.1025
1.3542
0.96652
1.0853
1.0652
0.98841
1.1704
0.98811
1.1142
1.1988
1.0794
1.1346
1.1018
1.0139
0.84559
1.1752
1.0029
1.1932
1.1004
0.92547
0.81454
0.9776
1.0703
1.1775
0.6954
0.96138
0.97831
1.0479
1.118
0.67192
1.1302
1.1305
1.1109
1.0002
1.1079
1.1011
1.0832
0.88369
0.86381
1.1021
1.0019
0.97843
0.67191
0.9856
1.0071
0.86054
1.0403
1.1072
1.0272
0.87705
0.95852
0.83633
0.87537
0.90663
1.0892
0.98627
1.1653
1.0529
0.69522
1.146
1.1405
1.0154
0.90728
1.2247
1.0321
0.70419
1.2794
1.092
1.2237
0.97145
0.77343
0.98062
0.98215
0.85932
0.72344
0.73832
0.82896
1.0494
1.2512
0.86019
1.0398
0.89139
0.76011
1.0368
1.1796
0.98384
1.2746
1.0133
1.0139
1.095
0.93649
0.90472
0.96329
1.0007
1.188
0.86467
1.0889
0.52471
0.87884
1.3105
1.0472
0.94696
0.89325
1.2314
1.0136
1.4224
0.65267
1.1232
1.1625
0.9474
1.0542
1.0823
1.1519
0.95495
0.65775
0.79536
1.0184
1.1115
0.7433
0.95441
1.0571
1.1216
1.066
0.89653
1.1426
0.9821
1.1194
1.079
1.0572
0.87209
1.2961
1.108
1.1018
1.0542
1.0738
1.0031
1.0614
0.94438
1.1082
1.2217
1.031
0.75058
0.70495
0.9259
1.0682
1.0065
1.1878
1.0567
0.87874
0.94947
1.2081
1.068
0.75317
0.88094
1.2148
0.94006
0.93397
0.96143
1.1672
1.0526
1.1722
0.8417
0.69331
1.1985
0.99961
1.1387
1.1032
0.60285
0.89317
1.0472
1.156
0.96513
1.0979
1.3179
0.89373
0.93267
1.0656
0.82588
1.2609
1.0117
1.1652
0.88161
0.94018
1.1713
1.1012
0.94751
0.73181
0.97087
1.0197
0.83981
0.83209
1.1326
1.1163
1.0652
1.1069
0.9913
1.1197
0.95271
0.99116
1.098
1.155
0.83724
0.94905
0.98158
1.1919
0.85909
1.0288
1.0426
0.35108
0.98951
1.1565
0.85324
1.0956
0.80488
0.98358
0.92528
0.80749
1.0249
0.89865
1.1021
0.89239
0.91891
1.171
1.0579
1.1497
1.3004
1.0924
1.0853
1.2026
0.86174
0.74848
1.2016
1.2656
0.62583
0.73803
1.0228
0.74208
0.97575
0.94828
1.0157
0.83456
1.1344
1.1508
0.79786
1.0923
1.2678
1.1442
0.74412
0.95402
0.99224
0.82083
1.1385
1.2037
0.92735
0.98928
1.0231
1.0124
1.3023
0.96065
1.2327
1.152
1.208
0.68366
0.80479
1.0942
0.91484
0.89771
0.88065
0.69966
0.9455
1.0562
0.97019
0.87325
1.0195
0.94764
1.0185
1.0292
1.0966
0.89192
1.246
0.88568
1.0199
1.1834
1.0276
1.0668
1.0433
0.77544
0.82369
0.8973
0.93936
1.1216
1.0585
0.98809
1.2504
1.033
0.72769
1.2195
1.0032
1.244
0.96636
1.0408
1.0759
0.97725
1.0068
0.85449
0.83599
0.75485
1.0496
0.82937
0.90236
1.0393
1.0094
1.0114
0.83835
0.60071
1.0641
0.99754
1.0908
0.88182
0.8413
1.1942
0.99242
1.1713
0.63185
1.0224
1.1975
1.1323
1.1519
0.88927
0.97743
1.1013
0.8149
0.75877
1.1432
1.1108
0.97613
0.98131
1.1101
0.90886
1.1542
1.1102
0.97783
1.2314
0.916
0.95749
1.2274
0.723
1.0785
1.216
1.0211
1.0378
0.84022
1.16
1.0803
1.1742
1.1252
0.73533
1.2292
0.65518
0.9415
1.2005
0.99159
0.91777
0.78202
0.97001
1.1095
1.1329
1.1661
0.90473
0.88389
0.75991
0.89932
1.0809
0.95022
1.2148
0.92869
0.94504
0.92169
0.82278
1.0885
1.036
1.0807
1.0768
0.9813
1.1582
1.1384
1.053
1.2433
0.82389
1.0616
0.89698
0.9381
0.97869
1.0054
0.88592
0.85957
0.88962
1.2414
1.0612
0.77951
0.82587
1.1492
0.68966
0.9324
1.212
1.0765
1.0447
1.1162
0.9174
1.1027
0.93319
0.79718
1.1084
1.1579
0.65472
1.0705
1.1305
0.85239
1.2437
1.0403
0.88214
1.2206
1.1368
0.69897
1.0186
0.74673
1.2427
0.80385
1.1244
0.94546
0.57876
0.87169
1.1607
1.0643
1.1126
0.64239
0.9021
0.93069
0.77479
0.8019
1.2842
1.093
1.3199
0.74341
0.78982
0.74337
0.94625
0.94614
0.95
0.50393
1.0663
0.9232
0.81394
0.89921
1.086
0.97303
1.01
1.1965
0.91005
0.74476
0.57945
1.0417
1.0091
1.3094
1.3124
1.1488
1.0254
1.0978
0.97888
0.95454
1.1133
0.9164
1.1621
1.027
0.90725
1.1091
1.2074
1.0179
0.49818
0.92743
0.98178
0.99274
0.77347
0.68965
1.1393
1.2997
0.93994
0.98263
1.2451
0.91859
0.95992
1.2437
0.9502
1.184
0.74701
0.85283
0.8815
1.1893
1.1857
1.2397
0.96215
1.0646
1.2444
1.1366
0.91984
1.1892
0.61604
0.96354
0.77208
1.2114
0.92604
1.0333
1.0883
1.0726
0.71315
0.9815
1.1829
1.111
0.85603
1.2051
1.248
1.3103
1.1168
1.2784
0.8636
1.1059
1.1454
0.79913
1.1758
1.0205
1.0943
0.68123
1.0549
1.0668
0.99687
0.58678
1.1011
0.91831
1.1366
1.1859
1.0851
0.76595
1.0951
1.0459
1.0377
0.95186
0.84002
1.0397
0.77863
1.0322
0.90398
0.93025
1.0263
1.0444
0.76781
1.1474
1.239
0.56488
0.89018
0.73103
1.0438
1.0821
1.0585
0.75717
0.9924
1.077
1.127
1.027
1.0819
1.0566
0.73834
1.2672
0.76526
1.2054
1.2085
1.1489
0.9588
1.0238
0.83602
0.90564
1.0714
1.0182
0.66824
0.74446
1.0845
0.83832
1.0284
1.2746
0.86138
1.0291
0.51997
1.0535
0.79611
1.054
1.199
0.888
1.2893
1.0521
1.2077
0.93695
0.88281
0.47588
1.1094
0.6181
1.0583
1.0866
0.9681
0.7156
0.93487
1.013
0.96572
0.75749
0.96957
0.78856
1.0778
1.2115
0.95826
0.86122
1.0871
1.1194
1.2496
1.1322
1.1378
1.0092
1.1074
0.98375
1.0854
1.1136
0.67974
0.99495
0.99282
0.82212
1.1188
0.60597
0.96449
0.82543
0.62262
1.2261
0.94931
0.96661
0.8755
1.1202
0.93984
1.0572
0.55615
1.07
1.0634
1.0146
1.0632
1.0048
0.78976
0.9668
1.0011
1.1897
0.90681
0.80093
1.2643
0.82898
0.93235
1.0256
0.89274
0.52217
0.97222
1.1254
1.0477
0.91984
0.61801
0.55333
0.87258
0.99512
1.2005
1.0337
1.0539
1.2033
1.0713
1.2539
1.094
1.1715
0.68362
0.83321
0.91058
0.78964
1.176
1.2561
1.1192
1.1721
1.0346
1.0708
1.0679
1.1025
0.80566
1.0502
1.0939
1.1502
1.3061
0.97312
1.1902
0.7704
1.1464
1.1577
1.0966
1.1802
1.1759
1.1261
0.95752
0.87959
1.2765
0.99617
1.1341
1.1658
0.65813
1.0451
1.0883
0.92514
1.219
0.95464
1.0549
1.0157
1.0492
1.1069
1.1357
1.1111
1.1066
0.94906
0.59892
0.91691
0.92742
0.90997
0.95234
0.82999
1.0667
0.65961
0.71988
1.2835
0.75005
0.97037
0.91635
1.0487
0.80324
0.88509
1.1696
1.323
1.1147
0.83141
0.94263
0.87711
1.2414
0.83409
1.1432
1.1989
0.97602
0.74425
0.92619
0.87484
1.0241
1.2002
1.2089
1.0813
0.87651
1.2771
1.0485
0.98748
0.99112
0.94501
0.82854
0.76023
1.0756
0.94007
0.95298
1.0434
0.94057
0.88926
1.018
1.0924
0.78261
1.117
0.96112
0.92986
1.066
1.1512
0.92844
0.95998
1.3727
1.0061
1.0152
1.0418
1.116
0.93138
0.93255
1.0675
0.89534
1.2173
1.0376
0.7081
1.1451
0.80136
0.95416
1.2615
1.1208
1.0005
0.92736
0.94873
1.0879
0.66203
1.2726
1.1421
0.93531
0.97173
1.1457
0.86214
1.0065
1.0278
0.98009
0.98856
0.98137
1.0018
1.3002
1.0711
1.0468
1.0974
0.52857
0.73575
1.1668
0.95857
0.87043
0.83096
1.1289
0.94655
1.0886
1.2243
1.0132
0.90163
1.1234
0.95032
1.0679
1.0719
1.2398
1.0478
1.1379
1.2064
0.95027
0.82528
1.2206
0.82797
0.97221
0.90032
0.93657
0.79729
1.0698
1.1224
0.93917
1.062
0.90378
1.0744
0.81477
0.79461
0.98546
1.2309
0.9033
0.7465
1.0031
0.89847
1.2458
0.88026
0.88234
1.0229
0.99911
1.0601
0.78534
0.85838
1.0353
0.97116
0.64956
0.4644
1.0056
0.83831
0.78387
1.0256
0.94516
0.63548
0.90157
0.82361
1.1432
0.98441
1.0389
0.79666
1.0904
1.0476
1.2875
1.2243
0.64493
0.68197
1.2349
0.75424
0.91186
0.98286
1.111
0.84256
1.1485
1.0595
1.2778
1.0539
0.93295
1.0703
0.94129
1.22
1.0384
1.0972
1.0213
1.2053
0.99831
0.97531
1.0578
0.60766
0.81969
0.96342
1.1773
1.2518
1.0401
0.91067
1.1435
0.95486
1.1494
1.0367
1.2467
1.1762
1.33
0.58608
1.0898
1.1447
0.85238
0.9724
1.0329
0.80558
0.82666
1.1016
0.87791
0.92587
0.93016
0.99899
1.1374
0.75571
1.034
1.1351
0.75393
1.3385
1.0023
0.85731
0.86765
1.1779
0.84356
0.96912
0.66229
1.0858
0.97586
1.1441
0.86653
0.8051
0.87871
0.80859
0.85663
1.1314
1.1015
1.09
0.78149
0.95825
0.84206
1.0937
1.1996
0.99666
1.1335
1.1928
0.83938
1.0411
1.1904
1.0104
1.1183
1.0332
0.74341
1.0066
0.90393
0.68521
0.90765
0.35709
0.99889
1.1912
1.1253
1.0001
1.1488
1.0352
1.0579
0.80056
1.106
0.88842
0.96267
0.97112
1.0529
1.1598
1.1112
0.9873
1.0213
0.92324
1.3076
0.65728
1.1464
1.1099
0.78848
1.3661
1.1715
1.153
1.3706
0.42782
0.878
0.87885
1.078
1.1411
0.90274
1.1213
0.86702
0.64753
1.1098
1.0063
1.1691
1.1092
0.88727
0.98552
0.99539
1.1583
1.2511
0.95857
1.11
0.88022
1.1838
1.1979
0.71294
0.99475
1.0337
0.8096
1.0976
1.2744
1.0271
0.76943
1.0911
0.88057
1.1042
0.9203
0.43264
1.0881
0.95701
1.1622
0.41887
1.1178
0.82111
0.91851
1.0625
0.87626
0.99513
1.2358
0.95928
1.0744
0.98364
0.99807
1.0295
1.0048
0.6255
1.122
0.95365
0.99267
0.65251
0.81484
1.12
0.77374
1.1383
1.2108
0.97768
1.0344
1.0744
0.82521
0.74231
0.86131
0.80538
1.0431
0.80057
1.0894
0.90493
1.0071
0.53038
1.0597
1.0115
0.94163
1.1256
1.2399
1.0274
1.2859
1.1829
0.82533
1.018
1.266
0.99141
1.0881
0.77159
1.0668
1.1365
1.2016
0.95464
1.0493
0.95804
1.1261
1.0417
1.2265
1.1012
0.99621
0.96962
0.94419
0.85633
0.83172
0.84123
0.86485
0.97337
1.0761
1.1822
1.264
1.0657
1.2486
1.2314
0.83011
1.0961
1.0472
0.62066
0.97336
1.1093
1.0559
1.0779
1.2652
0.74549
1.0369
1.1047
1.1077
1.0679
0.74473
1.195
1.0625
0.57126
0.7936
1.0166
0.76055
1.0079
1.034
1.1855
1.109
1.2901
1.0913
0.91496
1.1219
0.90595
1.0134
1.0021
0.99332
1.0221
1.2254
1.1514
1.1759
1.0596
1.0482
0.81812
1.2117
0.86742
1.3007
1.0609
0.83037
1.0934
0.86883
1.2081
1.2931
1.1447
0.93994
1.0175
0.95734
1.1148
1.0291
0.87377
0.95145
1.2458
1.0565
1.0401
0.77053
1.1724
1.0458
1.2202
1.0522
1.0282
1.1628
0.8943
0.83592
0.99875
0.96448
1.2479
1.0772
1.1557
1.0573
1.0219
1.2208
0.83325
1.1203
1.0877
0.97571
0.78396
0.53108
1.1406
1.1377
1.1842
0.84645
0.92408
0.87208
1.1478
1.0556
0.73202
1.0068
1.2925
1.1151
0.91078
1.0284
0.72434
0.95931
1.0784
1.0604
0.89173
1.1259
1.1206
0.89355
1.0246
0.68791
0.71328
1.1295
0.93353
1.0573
0.93836
0.87491
1.192
0.94353
1.0575
0.99229
1.2435
1.0916
1.0971
1.1819
1.0627
0.73714
1.0382
0.67761
1.0792
1.0698
1.1977
0.94992
1.03
1.0934
1.0356
0.63206
0.82815
0.88273
1.2076
0.92159
1.0387
0.8462
0.95538
1.1767
0.87717
0.75878
1.0186
1.1327
0.66011
0.99866
1.2115
0.94963
0.8788
0.93201
0.69561
1.1671
1.1058
1.0077
1.0645
0.78052
1.266
1.0532
1.0651
0.76448
1.1963
1.2066
0.80406
1.0308
1.0055
1.0763
0.82887
0.82406
0.72756
1.2155
1.1157
0.76838
1.2134
0.84136
0.85595
0.90085
0.65839
0.90489
1.0032
0.97577
1.0695
0.76315
1.0557
0.93471
0.78276
1.3914
1.2235
1.0174
0.93438
0.82997
0.98897
1.102
1.1147
0.9377
0.48668
1.0051
0.74983
1.2409
0.82639
0.94349
1.3442
0.98599
1.0275
0.89359
0.80701
1.0108
0.4589
1.1944
1.1337
1.0986
0.596
0.86209
1.0084
1.3673
0.99088
1.1035
0.66655
0.94715
0.94452
1.0581
0.89606
1.0991
1.0337
0.69554
1.2754
1.0875
1.1823
1.1219
0.99435
0.85139
0.95955
1.3435
0.91534
0.87897
1.0125
0.97401
0.96245
0.83644
0.9679
0.99531
1.0933
0.87199
0.93719
0.89414
1.1517
0.56626
0.93125
0.77505
0.96606
0.86168
1.1702
1.0372
0.9546
0.92375
1.2197
1.1137
0.76935
1.0923
1.1152
1.0994
0.93688
1.2446
0.59726
1.0099
0.73706
1.0369
1.1326
0.95806
1.1974
1.2418
1.1647
1.1934
0.73059
0.70431
0.66032
1.1549
0.97465
0.97116
1.0318
0.79761
1.1119
0.80598
0.85866
1.0963
0.78426
1.1076
0.98684
1.0119
1.0465
1.1588
0.81926
1.3104
1.1526
0.85504
0.79403
1.0666
0.93843
0.79675
1.0612
1.2159
0.98744
1.2564
1.0245
1.226
0.6782
0.99681
0.8536
1.1769
1.1168
1.0889
0.94929
0.95558
0.98613
1.1773
0.96347
0.75855
0.97494
0.9857
0.80498
1.0933
1.0996
1.0257
1.2918
0.94307
0.92092
0.97094
0.6909
0.79958
0.88224
1.1597
0.88945
0.78522
1.1785
1.2643
0.90912
0.96745
1.0348
0.98695
1.0018
1.0716
0.89561
0.83247
0.86951
1.0584
1.1013
0.80307
0.89488
1.2354
0.85868
0.77738
0.87164
1.1924
0.96855
1.2886
1.1629
0.97723
1.0659
0.82141
0.85408
0.87726
1.1179
1.0848
1.0037
1.0903
0.72102
0.66851
0.96257
1.0769
0.89788
1.0732
1.4646
0.9457
1.0351
0.64379
1.2309
1.3053
0.88731
1.1117
1.1338
1.2078
1.0647
0.77194
1.1432
0.89661
0.76547
1.074
0.92827
0.99771
0.83188
1.1386
1.2558
0.89442
1.0875
0.75894
1.1406
1.003
1.1187
1.0488
1.1674
0.94698
0.50665
0.81119
1.0741
0.67636
1.0496
1.1678
1.044
1.2488
1.0831
0.97432
1.1559
0.73782
0.80307
1.1548
0.78967
0.79049
1.0642
1.1032
0.88326
0.99612
1.0208
1.1126
0.89951
0.74384
1.2452
0.73493
1.2509
0.93378
1.1819
1.1693
1.0521
1.018
1.1279
1.0226
1.0968
1.1051
1.0465
1.1622
1.1131
1.1512
0.97858
0.6405
1.1014
1.2143
0.7975
1.0158
1.0643
1.1643
0.97093
1.2123
1.0885
0.79108
0.81933
0.98561
0.99434
1.0771
0.96882
1.1829
1.1756
1.0248
1.1905
0.87656
0.94494
1.0644
0.64632
0.85985
0.87625
0.99554
0.86522
1.2286
0.97007
0.57471
1.0317
0.96194
1.0145
1.0072
0.91077
1.0449
1.1411
1.0821
0.8031
0.86133
1.0533
0.77201
1.0954
0.99153
0.97119
0.73535
0.71654
0.85443
0.7877
1.0805
1.0337
1.0917
0.68012
0.85937
1.0664
0.92566
1.1556
1.1684
0.86805
0.78475
0.88858
0.57161
0.4375
0.96375
0.86815
0.97358
0.75576
1.1271
0.90909
1.2808
1.1101
1.2565
1.1603
1.037
0.97173
0.93769
1.0701
0.85445
1.0971
1.1815
1.044
0.82832
1.1668
1.0963
1.0326
1.2515
1.0061
1.0516
0.97453
1.0931
0.83884
0.91003
0.96101
1.2366
0.87387
1.0645
1.025
1.0685
1.1366
1.075
1.1117
0.86146
1.0952
1.0515
1.068
0.93404
0.97789
1.1212
0.79754
0.97588
1.0866
0.86878
1.1405
0.99618
1.0411
1.1382
0.91949
1.0296
0.73564
1.1785
1.184
0.88477
0.87633
0.91944
0.77978
1.0517
0.67525
0.99348
0.98745
1.0408
0.98915
1.2271
0.81286
1.0087
0.77507
1.3206
1.0096
0.64255
1.0002
0.80632
1.0823
1.0169
0.75453
0.79846
0.80519
0.83634
0.95388
1.225
0.95201
1.0908
0.88783
1.0988
0.90538
1.0211
1.2072
0.60636
1.1483
1.0632
1.0224
1.2892
1.1476
1.0268
0.93825
0.71165
1.0262
0.99648
0.9925
0.94136
0.84897
1.2679
1.131
0.68628
0.86605
1.1176
1.1556
0.73435
1.05
1.0326
1.0984
1.1826
0.93552
0.95552
0.95569
1.1704
1.1165
0.8432
1.14
1.363
1.1053
1.0026
0.87038
0.96122
1.1609
1.027
1.0023
0.99855
0.85397
1.146
1.0796
0.78238
0.69485
0.94721
0.94232
1.2703
0.82517
1.0873
1.0553
1.1283
1.0877
1.1862
1.0406
1.0718
1.3637
1.1818
1.003
0.96576
1.0358
0.77449
1.059
1.0053
0.73484
0.95545
1.097
1.0056
0.98899
1.0215
1.0693
0.744
1.0679
1.0985
0.96798
1.2137
1.0277
1.1182
1.1994
1.0244
0.77603
1.2634
1.1287
0.75731
0.9946
1.3175
1.0092
1.0558
1.1983
0.70955
1.0246
0.80862
0.86711
1.0968
1.141
1.0624
1.2066
0.92448
1.1482
1.2673
1.1982
1.2447
1.1155
1.0981
0.80441
0.90533
0.723
0.83172
1.0201
0.9867
1.0851
1.2565
1.0987
1.0796
0.50545
1.3414
0.79574
1.0414
0.95672
0.85844
0.84002
0.61558
0.82099
0.87647
1.0574
0.68266
1.0126
0.96894
0.94073
0.91476
0.78873
1.0562
1.0226
1.2312
0.98974
0.87056
0.75611
1.1304
1.0702
1.0095
1.1181
1.1772
1.0953
1.0829
0.70516
0.67984
1.1596
1.2666
0.99687
0.88479
0.85929
1.1957
0.99716
0.89857
0.952
1.0606
0.82977
0.74584
1.0425
1.108
0.82242
0.91088
0.98473
1.0587
1.1904
0.87062
1.1739
1.3487
1.0045
1.2017
1.0167
0.91758
0.89772
0.92637
0.83441
1.0681
0.81126
0.87078
1.0091
0.70905
1.179
0.87246
0.37065
0.58533
1.3073
0.86951
1.1679
0.97731
1.0397
1.1551
1.2202
1.0174
0.82029
1.2262
0.94868
1.1266
0.67188
1.2394
0.97733
0.89781
0.49698
0.85497
0.93087
1.1669
1.1301
1.052
0.89806
0.87432
0.62674
1.0911
1.1326
1.1978
0.98687
1.0664
1.029
0.92213
0.95899
1.1338
1.0748
1.1953
1.2309
0.98253
1.0919
0.8872
1.088
0.89552
0.91773
0.92365
1.053
1.2275
1.0551
0.74281
1.1331
0.82905
1.0693
1.1371
1.3477
0.79502
1.0982
1.0177
0.89394
1.1118
1.0751
1.017
0.90486
1.0882
1.0171
1.0932
1.0864
1.2384
1.2593
0.63592
1.0793
0.64369
1.2031
1.088
0.87839
1.0925
1.3069
0.84957
1.0326
0.94745
0.71589
1.2102
1.3037
0.78699
1.0364
1.2554
0.89719
0.52061
1.2151
0.73407
1.0342
0.91658
0.73268
1.1314
0.89728
0.98855
0.78168
1.0373
1.0311
0.75264
0.89152
0.71302
1.1367
1.1679
1.0534
1.0851
1.2132
0.93145
1.1815
0.81845
1.1522
1.283
1.126
0.99131
1.0897
0.89742
0.95241
0.88737
0.7913
1.196
0.7101
1.0359
0.6939
0.88482
1.0423
1.3144
1.1629
0.9215
0.85465
1.0224
0.87326
0.78717
0.72432
1.1014
1.1157
0.59225
0.95415
1.0919
0.80528
0.98573
0.5945
1.2113
0.99053
0.8457
1.3649
0.72752
1.109
1.0535
1.1779
1.1719
1.1828
1.0071
0.67895
1.0392
0.80519
0.97328
0.9238
1.1388
0.77049
1.1013
0.97306
0.98463
0.96874
1.0177
1.0839
1.0611
0.90088
0.88687
0.92498
1.037
0.76529
1.1031
0.95055
0.85468
1.061
0.98716
0.94415
0.9144
0.79947
1.0945
1.1083
1.0027
1.1682
1.2912
0.81207
0.93493
0.95562
0.84136
1.1167
1.082
1.0213
1.2472
1.0075
1.1684
0.9599
1.2547
0.95634
0.65889
0.91728
1.0752
0.98953
1.042
1.185
0.90802
1.0412
1.1025
0.73277
1.0594
1.1495
1.2802
1.0181
1.2214
0.9532
1.1133
1.1683
0.63937
0.91999
1.049
0.77726
1.0828
0.91108
0.93721
0.98516
0.84619
0.99852
1.0313
1.0546
0.78632
1.0607
1.356
1.178
0.99697
1.0031
1.0213
0.72078
0.9304
1.0812
1.1638
1.0887
0.99281
0.71987
1.1431
1.0041
1.0054
0.75763
0.8455
1.1171
0.48535
1.1483
1.0802
1.0659
1.0126
0.92853
1.0514
0.74893
1.1493
0.88766
1.1503
0.89811
1.015
0.95108
1.1177
1.1857
0.63339
0.99627
1.1487
1.0452
1.1106
1.1712
1.2043
0.9601
0.91269
1.1088
1.0899
1.1051
0.94372
1.0642
1.3963
1.1031
0.97692
1.0881
1.2404
0.96305
0.93462
0.91498
0.89587
0.82165
0.98358
1.0595
0.6232
1.2205
0.93642
0.82141
0.85874
0.69717
1.1964
0.82339
0.72073
0.86362
0.73219
0.99913
0.97215
1.1022
0.6907
0.38427
1.1298
1.1075
0.74666
0.75707
1.191
0.94329
0.81247
1.1422
1.1828
1.1024
1.0189
0.99506
1.0758
1.2324
0.92036
0.86508
1.1177
1.0617
1.0323
0.86734
0.68283
0.81843
1.1215
1.1663
1.2696
1.1423
1.1081
1.0812
1.0576
1.2209
0.94922
0.83882
1.1938
0.66561
0.76743
1.1882
1.0017
1.2641
1.0364
1.1339
0.80777
0.7718
0.84535
1.0147
0.84721
1.2974
0.86226
1.0641
1.0594
1.0145
0.95407
0.94638
1.194
0.83385
1.0899
1.1222
0.90752
0.3665
1.2616
1.0019
1.0377
0.9686
1.105
0.84371
1.0605
0.46557
1.0787
1.0437
0.93332
0.98427
1.0648
1.1242
0.91427
1.025
0.87196
0.92396
0.93303
1.1036
1.2185
1.1285
1.0955
1.0998
1.2651
1.0358
0.9319
0.96234
0.8499
1.1079
1.0477
1.2915
0.84297
0.97372
0.80223
1.2101
0.66155
1.0905
0.83029
0.88632
0.84047
0.94744
1.0102
1.1748
0.84433
1.1585
1.0496
0.97822
1.178
0.88137
1.047
0.76351
1.0824
0.74436
1.0739
0.98062
1.0307
0.8487
0.9909
0.91913
0.83254
1.2203
0.96812
1.1434
0.86901
0.97366
0.949
0.76423
0.91712
1.1617
1.0597
1.0168
1.2466
1.0922
0.97277
0.66876
1.0659
1.158
0.78463
0.86813
1.2241
1.2308
0.88376
0.66363
1.1111
0.91814
0.98602
0.9494
1.1875
0.91863
0.57111
0.85453
0.95309
0.96684
1.0904
1.014
0.95505
1.0234
1.1768
0.73186
1.0247
0.998
1.2065
0.9613
1.066
0.81326
1.0628
1.0278
0.84103
0.91436
1.151
0.6485
1.1509
0.93139
1.3227
1.2464
1.0726
0.98956
1.1053
1.0085
1.0024
1.0575
1.1535
1.12
0.884
1.0885
0.78749
0.78431
0.92055
1.04
0.99779
1.011
1.0193
0.80398
1.0312
0.79916
0.89689
0.74501
0.89631
1.0468
0.83571
0.8982
1.0722
0.92335
1.2764
1.0329
0.99758
0.79407
1.021
1.1105
0.90966
0.60434
0.96639
0.98896
1.0916
0.79369
1.0101
0.90097
1.1302
1.0292
1.0626
1.0086
0.98641
1.2747
1.2139
1.1306
1.2435
0.872
0.95546
0.63131
1.0377
1.002
0.97173
1.1857
0.98126
0.99594
1.0129
0.9325
1.0362
0.94533
1.1016
1.2542
1.2143
1.1995
1.033
0.8652
0.86071
1.0016
1.3582
0.76519
1.0163
0.78363
1.1118
1.0427
0.97836
1.1593
0.94626
0.98083
1.0819
1.0398
1.1284
0.9339
0.93677
0.9701
0.87688
1.2606
1.2402
0.9505
0.71342
0.6724
1.0309
0.94407
1.0953
1.1155
1.2715
0.98175
0.99381
1.0611
0.8948
1.1497
0.74194
0.96114
1.1216
0.77962
1.2383
0.80357
1.029
1.2642
1.0524
1.002
0.99588
0.90348
0.91652
0.88967
0.90636
1.051
0.90831
0.7411
1.1587
1.2535
1.0639
1.041
0.92351
1.1377
1.0313
0.9395
0.65069
1.221
1.0165
1.1922
0.96358
0.76328
0.99148
1.0967
0.60093
1.0428
0.9901
1.141
0.78832
0.96228
0.96453
1.3294
1.0612
0.97148
0.81205
0.95208
1.0944
1.1006
0.98861
0.94022
1.0937
0.91344
0.743
0.97056
0.82432
1.2085
1.2856
1.1297
1.0564
0.92659
0.69566
0.87363
0.96815
0.77429
1.0135
0.81868
1.0272
1.0779
1.1585
0.99112
0.66516
0.9882
0.94532
0.90035
1.1007
0.81916
1.1264
1.1032
1.0826
0.98843
0.76402
0.95179
0.95854
1.0455
1.0997
0.87985
1.2012
1.2445
0.71818
1.0345
1.0322
0.83711
0.8771
0.47846
0.81381
0.81028
0.83048
0.85418
0.96084
0.73724
0.99278
1.1785
1.141
1.2774
1.3074
0.79937
1.1292
1.0775
0.94021
0.80895
1.073
1.1877
1.0141
0.97041
0.78596
0.8449
0.91927
1.0221
0.79821
0.93067
1.0012
0.7187
0.80705
1.0461
0.99985
1.0644
1.1872
1.2678
1.0093
1.0896
1.0479
0.75496
1.2349
1.2036
1.2851
1.1257
1.0897
1.0647
0.96184
0.9925
0.82602
0.9546
0.75854
0.99696
1.0672
1.0846
0.91409
0.87526
1.0906
0.70008
1.1123
1.0228
1.0695
0.97167
1.062
1.1639
0.95657
1.141
1.1258
1.2393
0.895
1.1066
0.71551
1.0847
0.79488
0.63269
0.79175
1.1224
1.01
0.94146
1.1553
0.95865
0.92959
1.0027
0.97079
1.0689
1.1857
0.92366
0.97783
1.0861
1.2589
0.76226
0.94596
1.1238
0.96148
0.93096
0.92743
0.88056
0.85516
0.6955
1.0831
1.1176
1.0828
1.1644
1.1148
1.0812
0.87031
0.78194
1.0689
0.65542
1.1139
1.1375
1.119
1.0492
0.62914
0.91842
0.812
0.62069
1.1289
0.97266
1.1376
1.0645
1.1989
0.93665
1.2692
1.276
1.0181
0.91857
0.96493
1.1483
0.98425
0.97879
0.84279
1.0437
1.0314
1.2563
0.93749
0.64509
1.0964
1.1134
0.80179
0.99765
1.0242
0.89726
1.2278
1.0649
1.185
0.98366
1.1326
0.6743
1.1197
1.114
1.0859
0.86134
0.75716
1.1184
1.143
0.90419
1.0709
1.0026
0.94268
1.1355
0.99797
0.9748
1.155
1.0031
0.85252
1.1522
1.0211
1.2571
0.86054
0.91972
0.83629
1.1161
1.3172
1.2014
0.70942
0.86614
1.134
0.81568
1.2034
1.1181
1.1081
1.0398
0.8685
0.78808
1.1684
0.85916
0.74851
1.3012
1.0606
1.0317
1.0652
0.79632
0.98842
1.0419
0.88974
0.80417
1.0375
1.0887
0.97674
0.98691
0.93791
1.0432
1.0407
0.88644
0.94856
0.79283
0.64297
0.75975
1.062
1.1989
1.1368
1.0366
1.0461
0.91304
1.0879
1.3093
0.87233
0.51006
0.81956
0.96967
0.80991
0.74579
0.82444
1.1011
0.9991
0.88953
0.65969
1.0665
1.2779
1.0137
0.94815
1.1321
1.0785
0.9664
1.0129
0.99789
1.2908
1.0285
1.1494
1.2024
1.0141
1.0958
0.99142
1.3424
1.1058
1.1622
1.1292
0.88883
1.2345
1.1004
0.95688
1.1791
0.8513
1.0712
1.0881
0.97715
0.46287
1.1035
1.1307
0.88016
0.70544
1.0798
0.79892
0.90822
1.0491
0.78797
1.0899
1.0623
0.83215
0.68828
0.95244
1.0456
0.56201
1.11
1.1302
0.87874
0.88577
0.90601
1.25
0.87994
0.88883
0.83016
1.0471
1.1081
1.0194
0.97137
1.1649
1.2244
0.987
1.0227
0.82226
1.0496
0.94361
0.9392
1.1323
0.70035
1.1232
1.0697
1.0811
1.0444
1.0421
0.89964
0.72069
1.1183
1.0134
1.0876
0.61615
1.1217
1.1402
1.0551
0.92143
1.0568
0.9785
1.0095
1.0221
1.1718
0.90655
1.3286
0.99254
1.1131
1.119
1.2037
0.9658
0.97291
0.88489
1.3288
1.01
1.0274
0.8144
1.2626
1.106
1.0731
1.0763
0.93605
0.98745
0.88709
1.0411
0.99026
1.2472
1.0664
1.2113
0.98905
1.1133
1.0778
0.80401
0.94246
1.0166
1.0943
0.97436
0.81684
0.71299
0.74365
1.232
1.3173
1.1101
1.3603
1.0768
0.80659
1.0967
1.1234
0.73399
1.0605
0.97758
1.122
0.91012
0.88797
1.2492
1.2287
1.0743
1.0701
0.80918
1.0294
0.77487
0.93347
0.87512
1.1687
0.66648
1.0151
1.0565
1.0357
0.7302
1.0599
1.1012
0.8978
1.1882
1.0442
1.1904
1.0036
1.0048
0.95729
1.1016
0.9412
0.73981
0.9007
0.78167
1.1471
1.2935
1.0654
0.95337
0.93107
1.2124
0.91555
1.1068
0.97458
1.143
1.1049
0.82547
1.2926
0.82504
0.82545
1.2211
1.0067
0.76337
0.79222
1.1812
0.9769
0.79997
1.083
0.88949
0.64507
1.0222
1.0286
0.5337
1.0715
0.83149
1.2267
0.99676
0.91153
0.86251
1.1985
1.2889
1.0369
1.067
0.9119
0.78113
0.92388
0.72242
0.99112
1.1736
0.92648
0.89355
1.1742
0.90287
0.70546
0.90266
1.0092
1.1959
1.0538
0.93077
1.0766
1.1757
0.69244
0.98381
1.1152
1.1065
1.1427
1.0981
0.8984
1.1481
1.1441
1.0301
0.72551
0.85246
1.1433
0.57755
0.9703
0.91742
1.1149
0.80781
1.0222
0.94198
0.83246
1.1099
1.1353
0.99206
1.1171
1.1441
1.2653
0.48116
0.67484
0.83508
0.99168
1.175
1.0577
0.99407
0.99246
1.1346
1.057
0.78535
1.1246
0.89295
1.0845
0.9089
1.1344
0.72493
0.72793
0.68376
1.0392
0.80812
1.0828
1.191
0.81922
0.94215
0.91909
0.97416
0.92556
1.238
0.8139
0.91765
1.0492
0.93793
0.96877
1.0407
0.68368
0.80383
1.2619
0.71135
0.8514
1.1797
1.228
1.2188
0.76772
1.216
0.93767
0.99191
0.89425
0.80836
0.89788
0.90235
1.193
0.8301
0.80297
0.84266
0.90957
1.0381
1.0119
1.2792
1.137
1.0792
1.0311
1.1328
0.72357
1.1812
0.88332
0.98532
1.1898
0.92377
0.84773
0.80162
1.1954
0.7715
0.8991
1.0773
0.99334
0.65166
1.2867
0.90865
0.97838
1.0897
0.87633
1.0952
1.1384
1.0171
0.75236
1.1302
1.1011
0.80094
1.2455
1.0943
1.0407
0.97491
1.0788
0.84253
1.2824
0.9676
0.73579
1.166
0.96743
1.0324
1.0815
1.0988
0.75657
0.87375
0.91063
1.1623
0.91549
0.48169
0.92658
0.99361
1.1255
1.2308
0.77243
1.1084
0.93147
0.6332
0.76751
0.7056
0.7148
1.3782
0.95901
1.0708
0.70956
0.90505
0.7854
0.92178
1.0142
0.70183
0.96617
0.96019
0.87028
1.0397
0.9073
1.1751
1.2959
0.5589
0.7578
1.0212
1.1102
0.97314
1.015
1.0902
1.1928
0.94232
1.0496
0.98793
1.0282
0.57745
0.89974
0.93736
0.99177
1.1791
1.2114
0.76677
1.0858
1.0105
1.2189
1.0163
1.016
1.2318
1.271
0.87871
0.89085
1.1335
0.98235
1.1094
1.0709
1.186
0.84744
0.86662
1.0457
1.1971
0.71287
1.0358
1.0207
1.119
1.0109
0.79094
1.009
0.71351
0.87111
1.0426
0.95457
1.075
0.77234
1.0276
0.96198
0.84438
0.74632
0.88214
0.99962
1.0013
1.0186
0.69987
1.1458
0.8866
1.1109
1.3199
1.013
1.1537
1.1243
1.0241
0.89498
1.2527
1.1027
1.1989
1.044
0.72482
0.89341
1.0883
0.97765
0.53972
1.119
0.57977
1.0505
1.0597
0.96328
0.63441
1.2882
1.0817
1.1278
0.81566
0.89819
1.1771
1.2051
1.1787
1.009
1.0621
0.85861
0.87105
0.89741
1.2306
0.72459
0.99284
0.77978
0.89627
1.0916
0.84887
0.74591
0.66384
0.98146
0.8612
1.2295
0.83139
0.89774
0.98268
1.0792
0.99542
1.1886
1.0612
0.51853
0.93032
1.2231
0.62969
0.91045
0.79532
1.256
1.013
0.76274
0.93702
0.98445
0.92072
1.0067
0.99753
1.3109
0.926
0.96597
1.0355
1.1039
1.3442
0.87575
0.79949
0.93855
1.0329
0.44109
1.0195
0.79159
1.186
1.1554
1.0883
0.94427
0.90653
0.93858
0.82498
1.0782
1.0319
0.92143
0.7791
1.0281
1.1144
0.68258
0.94536
0.83229
1.0153
1.1886
0.84643
0.90543
0.88015
0.84395
0.93376
0.97622
0.92815
1.1055
1.2277
1.1073
0.83316
1.2444
0.8562
1.0728
1.0141
0.99153
0.9836
1.0135
1.0412
0.9164
0.72346
1.1666
1.0314
0.79872
1.0141
0.95357
0.89899
0.86256
1.2411
0.84268
1.1407
1.0744
0.95614
1.2394
0.68683
1.0174
0.95277
1.0431
0.9222
0.96461
0.44898
0.86535
1.0445
1.0922
1.0849
1.0451
0.9138
0.87552
0.96374
0.93736
0.9928
0.95921
0.99414
1.052
0.81025
1.2799
1.1974
1.0877
0.85198
1.093
1.0239
0.68767
1.3522
1.1295
1.0124
0.90229
1.0953
1.1351
1.1266
0.67622
1.0163
0.97484
1.1007
1.2563
1.2405
1.2175
0.89696
0.91762
1.1537
1.0534
0.78551
0.96438
0.84942
1.1723
0.87788
1.1234
0.64988
1.1122
1.0024
0.94545
1.0884
0.94847
0.94691
0.94859
0.89859
1.2397
1.2065
1.0017
0.67648
0.6922
1.1013
0.79379
1.0151
0.89738
1.0908
1.0211
1.1993
1.0266
1.1011
0.99247
0.69153
0.74917
0.74119
1.1412
1.1783
1.0525
0.84606
0.85855
0.77846
1.2063
0.84461
0.95926
1.1998
1.2539
1.1049
0.83446
0.98307
0.83141
0.91
0.81409
1.147
1.1181
1.0225
0.93938
0.8698
1.2299
0.92811
1.1104
0.82473
1.1207
1.3761
1.1477
1.1816
0.98214
1.2339
1.0856
0.87409
1.0121
1.0288
0.66454
1.0177
1.0971
0.7889
0.90228
0.84512
0.88561
0.8562
1.1415
1.1252
0.60003
0.5064
1.0673
1.0338
0.80972
1.0138
0.74367
0.94944
1.0639
0.83238
0.69307
0.79485
1.0435
0.99818
1.139
1.1412
1.0474
1.1625
0.89467
1.1031
0.94569
0.96521
0.78958
0.74306
1.063
0.58661
0.61373
1.0566
0.94529
1.1783
1.1616
0.97738
0.67893
1.3322
0.89924
1.0155
1.2624
1.1053
1.0042
0.58892
1.2268
1.1439
1.1464
1.314
1.0082
1.052
0.8839
0.53896
0.63202
0.67265
0.98289
0.85104
1.1316
0.97195
1.2168
1.3211
1.1318
0.84231
1.1264
0.88799
1.2397
1.0532
1.2472
1.0924
0.93058
0.75994
1.1708
1.1358
1.0775
1.1803
1.0642
0.35885
0.9586
1.1265
0.97685
0.54815
0.89861
0.99676
0.96387
0.96153
0.9605
1.0046
1.195
0.99061
1.0821
0.99638
1.1351
1.1665
1.0907
0.99711
0.81168
0.94295
0.71987
1.0294
0.57422
1.1663
0.64783
1.0355
1.0068
1.1515
1.1751
1.0288
0.6264
1.0228
1.1193
0.91753
0.98698
1.1372
0.62759
0.99289
0.80341
0.70095
0.88068
1.1002
0.9937
1.0473
1.1512
0.9244
1.1862
1.1858
1.1045
1.1125
1.184
1.1614
0.95977
1.1879
1.2587
1.0418
0.91892
1.119
1.1208
1.1317
1.0123
0.80192
1.1434
0.89713
0.79965
1.0232
1.0805
1.2036
1.1069
1.015
1.0335
0.8397
1.0858
0.72886
0.57236
1.2215
0.9941
0.74983
0.86399
1.1689
1.0431
1.2924
1.08
1.2838
1.0056
1.2043
0.83493
0.93768
0.97599
1.0672
1.0134
1.0262
1.1059
1.0414
1.1149
0.90231
0.83186
0.6988
0.99649
1.0135
1.1084
1.1007
0.79056
0.94094
1.0303
1.0708
0.75154
1.0552
0.92881
0.9434
1.1606
0.82952
0.67524
1.1695
0.86045
1.1513
0.96009
1.0265
1.0346
1.1728
1.1221
1.0577
1.2364
0.88084
0.68403
1.0942
1.105
1.2973
1.2452
1.309
0.96881
1.0735
1.0686
0.78837
0.93193
1.0185
0.81046
1.1585
1.228
1.0481
0.76509
0.81613
1.2357
1.2348
0.79474
1.3305
1.0062
0.99363
0.75288
1.2277
0.87928
0.77306
1.0535
0.93537
1.2208
1.1998
0.62365
0.81873
0.96937
1.0504
1.245
0.95132
0.81637
1.1672
0.91268
1.1489
1.0274
0.72593
1.1239
0.99218
0.9123
1.0032
1.0411
1.0561
1.1371
1.1406
0.70989
0.83486
0.99713
0.89049
0.8972
1.0718
0.74298
0.69971
0.69146
1.1562
1.3073
1.08
1.163
1.0475
1.1655
0.70118
1.189
1.1221
1.2454
0.92301
0.89872
0.8383
0.83637
0.61022
0.92133
1.0779
1.2813
0.77406
1.1065
1.0928
0.8962
0.8695
1.2334
0.93453
0.98783
1.1099
1.1449
1.2425
1.227
0.833
0.89842
0.9614
1.2369
1.0951
1.1764
0.97925
0.52947
1.1084
0.86448
1.0901
0.9056
1.1686
1.0596
0.78898
1.1962
0.98077
0.90334
1.0911
1.0111
1.2721
0.98484
1.0583
1.2332
1.0296
1.1901
1.1488
0.81978
1.0935
1.0417
0.86616
0.92586
0.80839
1.1261
1.0143
1.0048
1.0739
1.1633
1.1147
1.0626
1.3883
0.85926
0.77359
0.40668
0.77304
1.2361
1.0871
0.94221
1.0099
0.94915
1.0819
0.64941
1.2017
1.2064
1.252
0.89977
1.0681
1.0528
0.94457
1.0592
1.0644
0.88662
0.68286
0.92191
1.1386
1.2897
1.1442
1.1146
0.87077
0.69131
1.2228
1.0345
0.93255
0.82303
0.83305
0.94629
1.1197
0.98419
0.78691
0.85628
1.0571
1.2366
1.0127
1.1862
1.0775
0.71378
1.1842
0.89473
0.97603
1.1455
1.148
0.91053
1.4546
1.1225
1.1796
0.55547
1.1001
1.0879
1.0772
1.0375
1.2909
1.1438
1.0326
0.86359
1.1799
0.68791
0.96401
0.96462
1.0443
1.132
1.0498
0.82395
0.84144
0.81885
1.1151
1.1124
0.89717
1.1468
1.0142
1.0552
0.86953
0.90081
1.0575
1.05
0.84246
0.95827
0.74636
0.82727
0.75731
1.2965
0.89375
0.96545
1.0679
1.1449
0.96856
1.0707
0.78543
1.0474
0.94095
0.8822
0.7935
0.82739
1.0925
1.1647
0.86833
0.85553
0.99731
0.92729
1.222
0.85927
0.68965
0.93177
1.07
0.79941
0.97589
1.0436
1.2625
0.86788
1.1352
1.0439
0.99576
1.087
1.0672
1.0847
0.86086
1.0438
1.1011
0.83954
0.98025
1.0516
0.89465
0.74837
1.044
0.77072
0.7672
1.0367
1.1409
0.82796
1.0909
1.0561
1.1933
1.2993
0.93329
0.71462
1.1703
0.96456
1.013
1.1817
0.48646
1.0817
1.2536
1.0358
0.81067
1.2918
1.0588
0.88913
1.1382
1.1361
1.2451
0.99102
0.83647
0.60866
1.1983
0.99142
0.95603
1.0792
0.9014
1.0411
0.61504
1.0427
0.56179
0.90717
1.16
0.7375
1.1193
0.96504
0.97177
1.0028
1.0065
0.99517
0.69305
1.0005
0.85298
0.99047
0.75809
1.1047
1.0533
0.95974
0.87722
1.0137
0.9755
1.0903
1.0206
0.90926
1.0985
0.85637
0.89507
0.57814
0.59479
0.59686
0.9597
0.9305
0.9591
0.72601
0.86713
1.2776
1.1439
0.84943
0.79614
0.79022
0.88935
0.92532
0.85729
0.78064
1.0472
1.0679
0.99149
1.1432
0.99698
1.0908
1.0859
1.1809
0.66944
0.72096
1.1361
0.9441
0.89156
1.2084
0.92651
1.1268
1.065
1.0084
1.3133
0.93534
1.2651
1.1769
1.2053
0.94862
1.0133
0.97823
1.0711
0.99381
0.89007
1.2035
1.0971
1.2418
1.1407
1.0485
0.99142
1.2274
0.73353
0.86001
1.0385
1.1301
0.95554
0.87927
1.1443
1.2528
0.78684
0.97099
1.2009
1.2055
0.93691
0.85637
0.80777
0.95507
0.98844
1.1811
0.85691
1.0811
0.83353
1.109
1.0661
1.0496
1.1468
0.80214
0.90433
1.1517
1.0417
1.028
0.58133
0.75314
1.1662
0.83027
1.2514
0.48437
0.83698
0.97979
0.96482
1.1021
0.91408
0.91275
0.86568
0.9538
1.1243
1.0261
0.99539
1.0105
0.65751
0.78091
0.98493
0.94876
1.0321
1.0013
1.1383
1.0433
0.55308
0.69515
0.89484
1.1876
1.1527
0.6904
1.0225
0.82852
0.9576
1.1412
0.78946
0.98172
0.8226
1.1603
1.0117
0.81786
0.80517
0.42861
0.70491
0.94131
1.0939
0.80485
1.1197
1.2041
1.0583
0.98761
1.055
0.92166
0.859
0.91188
1.0692
0.74694
1.1358
1.0194
1.1463
1.0046
1.044
1.1791
1.0484
0.93443
1.0574
1.1549
0.89234
0.82501
1.075
0.94778
0.8156
1.0224
0.96462
1.1232
1.2446
1.0169
0.87662
1.0791
1.1864
0.82428
0.70402
1.2037
0.80796
0.65872
1.102
1.0382
1.2481
1.2042
0.95334
0.80933
1.0814
1.0571
1.2516
1.0947
0.96076
0.98684
1.2241
1.0887
1.1992
0.71579
0.93716
0.96683
1.0361
0.71976
1.2786
0.73345
0.82725
0.66859
1.0049
1.1369
1.0421
1.2152
1.3564
0.91579
1.111
0.80882
1.1661
1.0219
0.88198
0.93089
1.0268
1.0442
0.92709
1.2279
1.0839
0.7332
1.3316
1.1664
0.91045
0.77135
0.85985
1.0354
1.2065
1.0244
1.0592
0.81176
0.7289
1.0795
0.66519
0.8433
0.81364
0.94484
0.5539
1.0885
1.0227
0.98083
1.286
0.88625
0.79573
0.76624
1.1194
1.0386
1.0929
0.93167
1.2097
1.031
0.7527
0.79645
1.1542
1.0659
1.0127
0.72763
0.44325
1.1385
0.79738
1.178
0.75214
0.9851
1.1374
1.1165
1.0843
1.363
0.95735
0.80967
0.93756
0.87125
1.0069
1.1191
1.3508
1.1621
1.0032
1.0558
0.92539
0.91728
1.3148
1.1199
1.1496
1.0023
0.71755
0.78621
0.76677
1.0937
0.79572
0.84633
1.1166
1.1679
1.0197
0.99182
0.90608
1.0397
1.0077
0.93807
0.91679
0.93814
0.69095
0.88097
0.8582
1.0294
1.0733
1.07
0.89774
1.1415
1.0194
1.1643
0.94534
1.1264
1.1887
1.107
0.83781
1.0623
0.87546
0.93559
0.94092
1.0932
1.1122
1.168
1.2419
1.0712
0.91286
0.92666
0.95091
1.0677
0.51151
0.92241
1.2562
0.93104
1.1518
0.8689
0.87032
0.82914
0.89671
0.9052
1.0378
1.1443
1.2447
0.98575
0.95262
0.9726
0.55885
1.085
1.1386
1.3471
1.1357
1.1111
1.2788
1.1558
0.96142
1.0664
0.973
1.2086
0.82452
0.74823
1.1495
1.1139
1.2011
1.4105
0.87723
1.025
1.1008
0.81767
0.94342
0.83715
0.55928
0.73317
1.0969
0.81543
0.81972
1.0334
0.58123
0.83966
1.1555
0.94323
1.0839
0.75992
0.94129
1.1253
0.85901
1.1502
0.88007
0.76669
1.0451
0.94666
0.96071
0.93352
1.0561
0.97445
1.3212
0.89308
0.91565
1.1802
0.80415
0.81919
0.82914
1.1073
1.0836
0.99639
0.78352
0.94423
1.2129
1.0596
1.1886
0.84953
1.2286
1.0783
0.99131
1.2972
0.94145
1.1237
1.1266
0.88707
1.2092
1.0115
1.0035
0.8902
1.0131
1.1894
1.2621
1.0027
0.93542
0.93096
1.1419
1.1608
1.1358
1.217
0.99693
0.65009
0.99054
0.95573
1.0695
0.8378
0.86581
0.96197
0.86319
1.0744
1.0963
1.1437
0.98228
0.8318
1.0281
0.90396
0.98609
1.0233
0.9164
1.0833
1.1599
1.0539
0.88915
1.0319
1.0307
0.93139
1.0793
1.1245
0.83591
1.0013
1.0458
0.80213
1.0251
0.95158
0.96977
0.9137
0.83456
1.2172
1.2627
0.95702
1.0582
0.72789
0.7777
0.82055
0.96849
0.78383
0.7352
0.87422
0.61412
0.75591
1.2463
1.0472
1.2115
1.0944
0.95502
1.1075
0.96246
0.98123
1.0277
0.88178
0.97499
0.93875
1.0207
0.96266
1.0702
1.0028
0.6798
0.72493
0.71722
0.94723
1.0378
1.1814
1.2387
0.61065
1.0566
0.94947
1.1718
0.90303
1.0005
1.0564
0.78665
1.1573
0.72396
0.93066
1.2029
0.60268
1.0129
0.86422
1.0658
1.0599
0.95791
0.95289
1.0322
1.0884
0.87433
1.0291
0.75157
0.67942
1.1751
1.1982
1.2246
1.0853
1.0029
0.98217
1.0182
0.98758
1.1896
1.0753
1.2349
1.0583
1.0907
1.0534
1.0315
0.93053
0.79282
1.1504
1.0899
0.91041
0.98256
0.85217
1.0206
1.0812
1.1533
1.308
1.0544
1.2761
1.1067
0.94996
1.0546
1.1201
0.94033
1.1099
0.83066
0.56376
1.014
1.1648
1.1151
1.1534
0.96608
0.91578
1.1754
1.124
0.96352
0.81403
1.0735
1.1626
1.0773
0.79469
0.71303
1.102
0.69295
0.66215
1.167
0.69337
0.98411
1.2993
0.90412
0.92268
1.2901
1.0457
1.0175
0.87187
0.69167
0.85816
0.75907
0.82925
0.85685
0.83101
0.99315
0.89371
1.3215
0.99969
1.1341
0.91709
1.2411
0.9467
1.1964
1.0376
0.90707
1.2011
1.1627
1.0794
1.0016
0.79762
1.0118
1.1813
0.65795
0.71081
1.0544
1.1007
0.40389
0.97192
0.81305
1.0341
1.0862
1.105
1.1676
1.1142
1.1067
0.92236
1.1511
1.1537
0.88161
0.87862
0.86787
1.0539
0.87019
1.2172
1.0202
1.0591
1.1377
0.95593
1.0781
0.87946
0.99983
1.1317
1.094
0.86727
1.0156
1.283
1.1071
1.1232
1.1211
1.0536
1.0445
1.1247
0.92445
1.1113
0.61663
0.91297
1.1528
1.0078
1.0799
0.99114
1.2886
0.96231
1.2541
1.0888
1.1674
1.169
1.1651
1.0208
1.1532
0.91229
0.75899
1.0507
0.78324
1.0856
0.74136
0.85769
0.99369
0.90716
0.88151
1.0257
1.0438
0.82595
1.0438
1.2134
0.82774
0.97071
0.74034
1.3719
1.2609
1.0238
1.1097
0.93666
0.72723
1.1874
1.1364
0.98046
1.0275
1.0714
1.0282
1.2689
0.92513
1.3569
0.84961
0.98613
0.56062
1.133
0.5348
1.0498
0.59051
1.096
0.97076
1.1773
1.1604
1.0231
0.84041
1.1929
0.96122
1.0722
1.0551
1.1643
1.0719
1.1589
1.0522
1.1446
0.86446
0.8191
1.3093
1.1529
0.86363
0.96502
0.99362
0.85932
1.0098
0.94075
1.1251
0.75329
1.0022
1.0574
1.0631
0.85724
0.95854
1.0355
1.0799
1.0975
1.0774
0.65806
0.96926
0.90534
1.1831
0.9693
1.1248
1.2858
0.96046
1.4115
0.85785
1.1491
0.93509
1.0822
1.1768
0.95652
1.0555
0.87779
1.0817
1.1744
0.74614
1.2971
1.0382
0.966
0.93574
0.8717
0.73307
1.0213
0.82243
0.97248
0.76926
1.1178
0.60732
1.0851
0.83063
0.99364
0.9616
0.80162
1.2225
1.0362
0.90603
0.65715
1.2851
1.1184
1.042
1.135
1.1446
1.198
1.0577
1.1824
0.66243
1.0555
0.80995
1.0496
1.0917
0.84367
0.95777
0.90781
0.97704
1.1344
0.72945
1.1671
0.81772
1.0036
0.88891
1.084
0.87579
0.95799
1.0328
0.96497
1.1156
0.93615
1.1424
0.9782
0.81678
1.2196
0.8355
0.99331
0.97015
0.91518
1.0347
1.0975
1.0376
0.8899
1.0238
1.0399
0.78871
1.0893
0.95534
0.60461
0.98713
1.1533
0.85127
0.93797
0.94317
1.2791
1.0316
1.0328
1.0379
0.56819
0.87038
0.98647
1.0223
1.0445
0.92951
0.99585
1.0947
0.62561
0.91271
1.1134
0.95381
0.73088
1.1438
0.91643
1.281
0.78474
1.1848
0.97993
1.2106
1.2162
1.2275
1.0877
1.0637
1.0289
0.97067
0.79729
1.016
0.86041
1.2877
0.93282
0.85738
0.64343
0.9448
1.2395
0.82302
0.70547
1.0846
0.94244
1.0034
1.0749
1.0035
1.026
0.92026
0.86398
1.1556
0.84532
0.86177
0.96761
0.71028
1.1303
1.2069
0.8991
0.89804
1.0062
0.7183
1.3558
0.87979
1.0818
1.2638
1.1438
0.96643
0.91879
0.92737
0.67862
0.83745
1.1792
0.92853
0.75703
1.0975
1.221
0.98788
1.0888
1.0919
1.0154
0.93736
1.1113
0.8589
1.0368
1.074
0.89028
1.0027
1.1897
0.77912
0.90874
0.99837
1.0316
1.0252
1.3352
0.77018
1.1551
0.89965
0.93533
0.68642
0.99499
0.76141
0.75373
0.95053
1.0407
0.98845
0.53715
0.95859
0.79114
1.0025
1.0176
0.71615
0.86347
0.99512
1.1528
0.53685
1.2043
0.89745
1.1378
1.0182
0.88993
0.76516
0.75518
1.0787
0.69604
0.86592
0.87556
1.1005
1.0117
1.1455
0.91973
0.96628
1.0217
0.58712
0.95276
1.2018
0.96639
0.89558
1.0212
1.092
1.1062
1.0718
1.2893
1.0651
0.72523
0.95704
0.90455
1.0486
0.82465
1.2697
1.147
1.0559
1.3111
1.0884
0.80672
1.2164
0.63901
0.9961
0.75999
1.3851
1.0926
0.68301
0.85818
1.1083
1.0904
0.66242
1.0162
0.76012
0.87759
0.82457
1.1306
1.0114
1.1078
1.098
0.79239
0.89593
0.91687
1.1291
0.98481
1.0954
1.13
1.1435
1.2385
0.91882
1.0718
0.93146
0.78944
1.0371
1.1288
0.95838
0.85648
0.88835
1.0616
0.94271
0.83712
1.0651
1.0012
0.84256
1.2308
0.93289
1.2235
0.87551
1.0201
1.0784
1.2445
1.1612
1.1165
1.0568
1.1152
1.2293
0.95133
1.1339
1.0614
0.77951
0.85966
1.1871
1.0558
1.097
0.68084
0.96884
1.0302
1.0549
0.7591
0.94451
0.74295
0.88522
1.0427
0.92628
1.0122
0.92248
1.2952
0.81299
0.98979
1.0673
1.0809
0.86337
0.98523
1.104
1.2533
0.65485
0.92855
1.0464
0.91952
0.93475
0.75599
0.83357
0.81033
0.84013
0.78949
0.81834
1.1096
0.94167
0.80962
1.1598
1.0364
0.71498
0.99
0.93297
0.87513
0.95619
1.1802
1.0837
0.8817
0.87486
1.262
1.1267
1.0485
0.95702
1.029
0.99299
0.95209
0.87266
0.9898
0.71596
0.47153
1.0768
1.015
1.0132
1.0032
0.67736
0.92811
0.93379
1.1717
1.1666
1.0815
1.0495
1.1876
0.72071
1.2231
1.2342
0.81082
0.96005
0.85821
0.67303
0.83493
0.88586
0.88176
0.88913
1.0186
0.90864
1.0309
1.1122
0.91863
1.2537
0.5701
1.2416
0.99772
1.259
1.1112
1.3208
0.87626
0.9947
1.2575
1.1496
1.1743
0.85206
0.89784
1.0542
1.0024
0.93315
0.81244
0.9265
1.1178
1.2836
0.78648
0.87389
0.67489
0.87044
1.1255
1.1554
1.1191
0.70817
0.93702
0.68534
1.086
1.079
0.81
1.2752
0.85638
0.98716
0.98629
0.83176
1.1477
0.75968
0.99887
0.94346
1.091
1.1544
1.2172
1.1095
0.99387
0.94216
1.0857
1.0685
1.0334
1.1475
0.67605
0.78032
1.0069
1.2547
0.83472
1.2103
0.97679
1.1447
0.79718
1.1046
0.85931
0.83975
0.86081
1.1066
1.2373
1.0507
0.84501
1.1927
1.1038
0.90296
0.7711
1.2232
0.87904
0.92881
0.96339
0.63492
0.71142
1.1208
0.96206
0.98049
1.141
0.82073
0.9236
1.0433
0.90681
1.0785
1.1885
0.75448
1.2523
1.1746
1.1754
1.1154
1.127
1.0516
1.1989
1.1462
1.1822
0.65819
1.0536
1.0398
1.1073
0.78062
0.96677
1.1009
1.2427
1.0455
0.96816
0.85782
1.3014
0.631
0.898
1.0887
1.2011
0.99065
0.93683
1.1582
0.91665
1.1901
0.81536
0.94063
1.0377
1.2215
0.9507
0.92535
1.2468
1.0819
1.176
1.0571
1.267
1.1253
0.99798
1.3026
0.67906
1.0182
1.1855
1.2295
0.44852
0.72569
0.92173
0.74303
1.0794
1.0952
0.96207
1.1314
1.1162
0.93578
0.91518
1.071
1.0469
0.75427
1.2055
1.1211
0.58075
1.1089
0.99071
0.77514
0.81508
0.76206
1.0635
0.87578
0.78234
1.0641
1.004
0.78269
0.84783
1.0034
0.48875
0.77199
1.1816
1.0698
1.0851
1.0497
1.1002
0.91294
1.0184
0.71263
0.98929
1.1181
1.1939
1.1598
0.58902
1.1092
0.83372
1.2495
1.0337
0.83398
0.76019
1.15
0.94759
0.96254
1.0155
0.8655
1.0798
0.8486
1.0713
1.1515
1.0922
1.1178
0.8697
0.62802
1.0934
1.0449
0.88354
1.1616
0.94461
1.037
0.69839
0.90371
1.0701
0.78614
1.28
0.97339
0.891
0.79542
1.2592
0.98125
1.0312
1.1617
0.92264
1.0274
0.84567
1.1415
1.0135
1.0059
0.91941
0.79899
1.2663
1.0916
0.90852
1.1271
1.2061
1.0742
1.3597
1.1479
0.97224
1.1687
1.0801
0.8715
1.2971
0.91756
0.97271
1.1592
0.85005
0.91413
1.1629
1.2354
0.97113
0.90276
1.1366
1.0926
1.1777
0.55529
1.1871
0.91395
1.1795
1.0064
0.94834
0.93476
1.0932
1.1242
1.282
1.2154
0.93389
0.9346
0.95185
0.88643
0.95358
1.069
0.57087
1.1052
0.99053
1.1887
1.094
0.7951
0.6623
0.90093
0.95076
1.1202
0.87834
1.1144
0.85176
1.1068
0.97021
0.93558
0.87122
0.94996
0.95509
1.0274
0.86611
1.1029
0.98112
0.83823
0.74593
1.2006
1.3224
0.86039
0.84183
0.84445
1.0089
1.2471
0.95394
0.81492
1.0409
0.65188
1.0019
1.1296
0.52517
1.1773
1.2226
1.0285
0.94208
1.0236
0.97152
1.0403
1.0991
1.138
0.56964
1.115
0.95575
0.90845
1.107
1.2018
0.89292
1.1301
1.0401
0.93515
1.1485
0.96551
0.87955
1.21
1.1023
1.1556
1.2418
0.95322
1.0204
1.1842
0.92925
0.93423
1.0883
1.1159
1.2201
1.0321
0.73528
1.216
0.9651
0.92656
0.77608
0.85058
0.87943
0.99736
0.76383
0.90008
1.0669
1.1682
0.9635
0.81964
1.0257
0.83018
0.92441
0.83512
1.1908
0.88747
0.95814
1.2613
1.1413
1.0533
0.74971
1.1396
0.6778
0.92236
0.98314
0.84917
1.065
1.0704
0.83505
0.84404
0.89325
1.118
1.1688
0.79324
1.0856
0.91892
1.0212
1.1035
1.0618
0.77688
0.83179
1.0826
1.2459
1.1312
0.81846
1.2329
1.1361
0.86284
1.0793
1.1371
0.82695
1.0604
1.0338
1.1314
1.1963
1.0225
1.0541
1.2007
0.84542
1.1125
0.99663
1.0646
0.91102
1.2602
0.86116
0.78207
0.95161
0.96421
1.0791
1.1897
1.0085
0.95238
0.95993
0.92391
0.8306
1.3658
0.7786
0.98422
1.1954
0.69604
0.85197
1.0231
0.90137
0.92975
0.97173
1.059
1.1805
0.99174
0.8931
0.7879
0.83867
0.71314
1.0997
1.054
1.068
1.3032
0.92643
1.0115
1.2053
0.97383
1.0238
0.99602
1.1907
1.0413
1.0266
0.89353
1.167
0.75215
1.0557
1.3167
1.0322
1.1665
0.85382
0.94421
1.0723
1.1415
1.0131
0.99303
0.85027
1.3379
1.0911
0.80004
0.90977
0.87024
0.91226
1.1268
0.58336
1.0586
0.82114
1.1838
0.64937
1.254
0.90236
1.2388
1.2709
1.1267
0.96329
1.2799
1.2501
1.1419
1.0149
1.122
1.1266
1.2137
0.91229
0.95031
0.77588
1.1096
1.0569
0.73827
0.83496
1.2796
0.75972
1.1696
0.82661
0.73948
1.0129
1.1804
1.1195
0.91991
1.1489
1.1633
0.77149
0.79203
0.94333
1.1158
0.99458
0.89654
0.95851
1.1354
1.1675
1.1918
0.95756
0.55424
1.0342
1.0321
1.0928
0.82796
1.1418
0.79952
0.77674
1.0775
0.77837
0.64064
1.0896
0.90451
1.1025
1.1689
0.96843
1.0195
0.89777
0.81925
0.67063
1.0341
0.84472
0.8749
1.0154
1.0391
1.2664
0.99039
0.89598
1.0673
1.0592
1.0277
1.1326
1.0351
1.21
1.0082
1.0741
1.1662
1.0362
0.55973
1.0089
1.1482
1.1626
0.95309
1.1131
0.95732
0.87568
0.9333
1.2848
1.1802
0.94105
0.57143
1.1958
0.83911
0.60964
1.3211
1.0188
1.2776
0.74375
1.1975
0.85242
0.81334
1.1628
1.1627
0.9165
1.0297
1.1442
1.0103
1.101
1.0527
1.1827
1.0335
1.134
0.78667
1.0174
0.95543
1.0633
0.96325
0.6667
1.157
0.85191
0.90678
0.91844
1.0233
0.97816
0.96578
0.92004
1.201
0.75481
1.1661
0.80378
1.0554
1.0793
1.1186
0.88497
0.81109
1.1405
0.86015
1.2341
1.0695
1.0533
0.86907
1.0307
0.5816
0.93787
1.0991
0.92357
0.8506
1.1594
1.1153
1.2221
1.13
1.0417
0.62513
1.2685
1.15
0.93014
0.94892
1.0838
1.192
0.93144
1.0698
0.52636
1.0591
1.1282
1.1089
0.99225
0.96215
1.1542
0.83233
0.83477
1.1626
0.97488
0.97026
0.91845
0.96684
1.1521
1.0958
0.76744
1.0565
1.1303
0.93249
0.68818
0.92824
1.0814
1.0472
0.98959
1.0575
1.0634
1.1265
0.83838
1.0566
1.1228
1.0186
1.0882
1.0909
0.94365
1.1233
0.72733
0.91526
1.1738
1.1347
0.73853
0.76014
0.92714
1.1155
0.84349
1.0932
1.0854
0.7899
0.72874
1.1101
0.65272
1.0968
0.93857
0.74898
0.72357
0.62728
1.0309
0.68036
0.93723
1.0497
0.93554
1.1471
1.028
0.89498
0.97717
1.1606
0.88386
1.1147
1.2395
1.1878
0.62814
1.0067
0.89474
0.92071
0.93534
0.74224
1.3183
1.1457
1.0544
0.77175
0.88346
0.873
1.0798
1.1674
1.1477
0.72374
1.2684
0.76183
0.52562
0.89603
0.8236
1.0033
1.017
1.1527
1.0875
0.96681
0.90444
0.69227
1.1589
0.82473
1.1429
1.241
0.82064
1.0316
1.0573
0.94626
0.84404
1.163
1.2267
0.70386
0.85451
1.0719
0.93384
1.0388
0.94519
1.1476
1.0973
0.91383
0.99482
0.66854
0.71211
1.2394
0.78916
1.1483
1.0235
0.67695
0.78779
1.2876
0.96414
0.79273
1.2382
0.92271
1.0091
1.1528
1.1758
1.0435
1.1924
0.68752
0.7615
1.0266
1.1916
0.7696
1.154
0.71516
1.1124
1.0663
0.91454
0.71408
0.94978
1.2178
0.96
0.93353
1.2732
1.0844
0.96815
1.0922
0.77597
0.88522
1.0414
1.2681
1.194
1.0984
1.1489
1.0646
1.0195
0.84806
1.0216
0.96159
1.0488
1.0315
0.92961
1.1602
1.0159
1.0588
0.66789
1.2322
0.78217
0.74404
0.79457
0.70704
1.2039
1.0915
0.83693
0.96077
0.52891
1.2461
0.58634
1.0654
0.87579
1.11
1.1635
1.0535
1.045
1.1378
0.91534
0.93173
1.0429
1.2597
1.1471
1.2779
0.89627
0.92306
1.1451
1.1667
0.93686
1.1145
1.1195
1.0421
0.98458
0.81057
1
1.044
0.96138
1.0558
0.69783
0.80204
0.96913
1.116
1.1764
1.0507
0.76222
1.1973
0.97176
0.73897
0.90048
0.61029
0.90419
0.99345
0.87408
1.0721
1.1729
1.1652
1.1224
0.87409
0.91436
1.2286
1.1826
0.89078
0.83403
1.0886
0.98689
1.0728
0.7873
0.8132
1.1227
0.7447
0.85979
1.2019
0.88592
1.0532
0.94296
0.66871
1.1318
1.0443
0.98466
1.14
0.82304
0.98108
1.2199
1.1327
0.90221
0.90269
0.88183
1.077
0.83761
1.064
0.70072
1.1168
0.39249
1.1366
1.0071
1.0218
0.80142
0.95848
1.0576
1.1674
0.99235
0.7913
0.72197
0.78229
1.307
1.0485
0.98353
0.88248
0.98242
0.92394
0.92724
0.96036
1.0451
0.90457
1.003
1.1775
1.0856
1.1759
1.0755
0.95661
1.1359
0.87121
0.74997
1.1224
1.0682
1.0494
1.0942
0.64277
0.80021
1.1899
0.99359
1.14
0.80645
1.1104
0.96258
0.65383
1.0926
0.71253
1.1108
0.84079
0.91234
0.95924
1.0602
0.84804
1.1774
0.90131
1.1738
0.92593
0.98264
1.03
1.2993
1.052
0.83541
1.0364
1.1603
0.96887
0.86627
1.1436
0.99818
1.0662
1.137
1.1208
0.92162
1.0504
1.1601
1.1678
0.78585
0.88569
1.1511
0.78615
0.93146
1.1895
0.96086
1.0119
0.98733
1.2442
1.087
1.2239
1.1418
1.162
1.0373
1.0059
1.1473
1.3145
0.73443
1.0046
0.9296
0.49901
1.1976
0.47252
0.85773
1.2638
1.1253
1.2185
1.2396
0.86018
0.81753
0.80278
1.0578
0.8384
0.87103
1.0355
1.0361
1.2055
0.83911
0.85974
0.97473
1.1136
1.0433
1.1727
1.0512
0.98074
1.0275
0.9879
0.88588
1.0982
1.1248
1.1345
1.3789
1.0556
1.0955
1.2915
0.94624
0.93486
1.1478
1.0868
1.1483
0.98657
0.83714
0.76269
1.0872
1.06
1.0684
1.1498
1.1161
0.64744
0.85141
1.0422
1.0616
1.2475
0.87525
0.98253
0.92786
1.2398
0.89681
0.87448
0.91569
0.90071
1.1422
0.84866
1.1972
0.9866
1.3123
1.0056
1.0273
1.2298
0.81424
0.55374
1.1004
0.99726
0.93242
1.0218
1.1946
0.62016
1.1191
1.1358
0.99657
0.96394
1.167
1.1219
1.0631
1.0397
0.99838
0.68696
0.87485
1.1665
0.77473
1.1684
1.1431
1.0176
0.75543
1.0148
1.0799
1.0872
0.98684
0.9593
1.0387
1.108
0.8941
1.1535
1.0893
1.0333
1.0561
1.0385
1.2012
0.99064
1.0589
1.0903
1.0874
1.0807
1.0848
1.1024
0.80157
0.95423
1.0374
0.90571
0.95717
0.86759
0.67458
0.90434
0.99067
0.90481
0.9781
1.4268
0.83613
1.263
0.95248
0.78333
0.89778
0.85223
1.2691
0.84396
1.1399
0.93893
0.77383
0.78492
1.1372
1.1823
0.85367
1.0702
1.1772
1.2257
1.127
1.1363
0.9841
0.69433
0.83217
1.0465
1.1256
0.90426
0.94862
1.1358
1.0765
0.42484
0.98666
0.81499
1.2249
0.91779
1.0785
1.0499
0.5609
1.2343
1.2241
0.95763
0.84794
0.71619
0.95988
1.0595
0.75751
1.355
0.83907
1.0094
1.0934
0.84944
1.0011
0.97967
1.1488
0.85325
0.94778
0.98335
0.95915
1.0611
0.97374
0.86738
1.2089
0.98848
0.58298
0.87923
0.82251
0.98499
1.066
1.1077
1.072
0.93814
0.86666
0.82551
1.2087
1.0516
1.0579
0.98202
0.6774
1.1136
1.0413
1.1984
1.1334
0.7832
0.79825
1.2412
0.92501
1.3746
0.97782
0.9772
1.1166
1.0425
1.1741
0.97442
0.67393
1.1166
1.075
0.43016
1.1551
0.53991
1.1444
1.0495
0.85136
1.1628
1.0966
1.1047
1.3141
0.88679
0.62848
1.0542
1.1255
0.96687
0.94264
0.7627
0.93505
0.92786
0.89869
1.2957
0.83794
0.92339
0.85408
0.45176
1.0657
1.0154
0.66434
1.0833
0.86587
1.1004
0.54771
0.9526
1.1562
1.0214
0.99375
0.87634
1.1393
0.68542
0.94198
1.1521
0.96153
0.77431
0.77483
1.1299
0.88926
1.0811
0.92874
0.98003
0.81475
1.0868
1.2478
0.96528
1.1916
0.88645
1.159
0.99402
0.98053
1.1414
0.78269
1.0622
0.92948
1.0946
1.282
1.2871
0.67231
1.1849
1.1752
0.9991
1.1381
0.74528
0.89911
0.99233
0.63094
0.92495
1.0152
1.1587
0.61741
0.68484
0.86741
1.1869
1.0853
1.1204
1.1557
0.97469
1.0311
1.2788
1.2695
0.70648
1.188
0.93484
0.89205
0.90912
0.73248
1.0131
0.82981
1.158
1.0631
1.2172
0.9312
1.1656
1.2309
1.2
0.72936
0.79822
0.99654
1.165
1.3428
1.1105
0.99697
0.73513
0.92332
0.86015
1.0488
0.65599
0.78216
1.2401
0.96875
1.2488
1.0867
1.111
0.82142
1.1753
0.96789
1.0984
0.85081
1.1533
0.7142
0.85296
0.95085
1.0719
1.1815
0.88379
1.1347
0.8594
0.992
1.0637
1.0212
0.82651
1.201
1.2906
1.1712
1.4658
1.0159
0.85822
0.93484
1.162
0.90503
1.084
0.89945
0.65313
1.1984
1.0007
1.0234
0.9204
1.1532
1.1538
0.87169
1.2736
0.9826
0.96706
0.90608
0.99171
1.0893
1.1418
1.2309
1.1613
0.88919
0.83504
1.0733
1.0724
1.129
0.91945
0.87839
1.1325
0.87763
0.74539
1.142
0.66649
1.1912
0.93915
1.0113
0.7645
0.8522
1.1999
0.80814
0.83397
0.87024
0.96391
0.64624
0.99264
1.0298
0.90653
1.127
1.0292
1.0332
0.89991
0.97787
1.1131
0.96381
0.93347
0.76554
0.82784
0.7562
0.90409
1.0451
1.054
0.93828
0.74379
0.93277
0.98382
0.98094
1.0065
1.2524
1.0584
0.92932
0.99069
0.82511
0.92036
1.0325
1.1004
0.77209
1.2503
0.94138
0.49538
1.0792
0.93514
0.97341
1.0211
1.2194
0.6899
1.11
1.1182
0.94631
0.87377
0.76963
1.1922
0.98798
1.101
1.1613
1.2177
1.1408
1.0315
1.1192
0.97088
1.0099
0.98298
1.1086
1.2586
0.84566
0.70391
1.2722
1.0369
0.89283
0.7892
0.88922
1.2034
1.0897
0.88628
0.61367
1.0722
0.93894
1.0511
1.1145
1.147
0.95252
0.98564
1.1479
1.1407
1.2316
0.94642
0.81834
0.80378
1.1907
0.86226
0.89046
0.94221
1.2583
0.73677
0.86662
0.94938
1.0787
1.1754
1.1192
0.73116
1.1283
0.72016
0.97485
0.69753
1.0108
0.94987
1.2655
0.89369
0.90397
1.1739
1.2071
0.80972
1.0055
0.86261
1.1704
1.0997
1.0843
1.1164
0.79951
0.86039
0.53725
0.47762
0.77202
0.92874
1.2005
0.96348
1.281
0.98622
0.75331
0.92793
1.1701
1.1533
0.92994
0.87902
0.88147
1.039
1.0436
0.88317
0.99792
1.0547
1.03
1.0238
0.98641
0.69461
0.80106
0.81967
1.1943
1.0062
0.95016
0.8465
0.70035
1.3607
1.1752
1.0087
0.6935
1.205
0.82304
1.075
1.1238
0.90282
0.70191
0.74935
0.96294
1.1214
0.85323
1.3237
1.041
0.72664
0.69162
0.78772
0.7951
0.97728
1.0372
0.98247
1.0681
0.9897
0.77477
1.0406
1.1036
0.93809
0.99059
1.1325
1.0195
1.05
0.98251
0.87413
1.0456
1.1465
1.085
1.0426
1.0499
1.0992
0.88979
1.2866
0.99471
1.2171
1.0107
1.1477
1.0793
1.0975
0.99667
1.2615
0.63319
1.2251
1.1098
1.1869
0.85802
1.0648
1.158
0.9848
1.1709
1.0177
1.1805
1.0284
1.0759
1.2296
1.1743
0.86895
0.97435
0.86067
1.2187
1.2809
0.99494
0.96813
0.86464
1.0889
0.96479
0.93032
1.0364
1.0774
1.1845
0.51325
1.1572
0.81647
1.2732
1.165
0.77108
1.0236
0.91269
0.95962
1.022
0.8385
1.1023
1.0854
0.72215
0.86843
1.0289
1.0557
0.96076
0.94141
1.0679
1.1747
0.94048
0.94583
1.126
0.9569
1.0324
1.2994
0.84707
1.0422
1.0407
1.2554
0.94237
0.91645
0.8485
1.3098
1.0605
1.2195
0.85698
1.1801
0.9895
0.90544
0.67464
1.0552
1.0631
0.91122
0.75031
0.78382
1.1581
1.0798
1.0491
1.1012
1.1636
0.93002
1.092
0.95439
0.89387
0.86562
1.0158
0.82439
0.88743
0.87089
1.0329
1.0484
1.0217
0.48595
1.0682
0.72007
1.1241
0.84628
1.0423
0.755
0.96828
0.8837
1.1454
0.70688
1.1584
0.96443
1.0401
0.93935
0.89955
0.82603
0.82647
1.1576
0.87125
0.9954
0.88585
1.0395
0.92271
1.0375
1.0265
1.0864
1.0371
1.0935
0.94503
0.96265
0.79363
0.72917
0.88683
1.2441
1.1117
0.8962
1.0498
1.2716
0.95545
1.1448
1.1796
0.75247
1.2643
1.0862
1.1479
1.0455
1.1651
1.1699
1.1055
0.69841
1.1591
0.80088
1.1568
1.0002
0.95073
0.93241
1.0819
0.91303
0.8793
0.95412
0.92901
1.0679
0.97492
0.7088
0.83875
1.0243
0.87173
0.84188
1.0893
1.2838
1.103
1.2183
0.96303
1.0839
1.0713
0.56338
1.0021
1.0869
0.74344
0.80622
1.0365
1.1595
1.0867
1.1389
0.97593
1.1816
1.1282
0.74575
1.1887
1.0857
1.096
0.89002
0.80551
1.19
0.88975
1.1735
1.175
1.0685
0.87567
1.2417
0.99927
1.1021
0.99984
0.77444
0.94728
0.99228
0.95501
1.0854
0.90099
1.2765
1.1432
0.85382
0.9197
0.96843
1.1458
0.80174
1.1086
0.89664
1.0604
0.90445
1.3479
0.90663
1.2539
0.91675
1.09
0.98937
1.1584
1.1052
0.99492
1.1756
0.91761
0.91672
0.63681
1.0451
1.2403
0.83727
0.68685
0.99483
1.0639
0.82679
0.92655
1.2819
0.9269
0.95408
0.96697
0.76049
1.0456
1.0371
0.96191
0.84842
1.1806
0.63559
1.146
0.98418
1.0251
1.1451
0.84732
1.0658
0.9297
0.77011
1.0527
1.0109
1.1009
1.2382
1.0702
1.0743
1.2059
1.0124
1.1822
1.0626
0.93635
1.0017
0.91645
0.82466
1.0389
1.1844
0.80962
1.1263
0.96789
0.87993
1.0178
1.1131
1.0471
0.97146
0.97543
0.75803
1.2075
0.96413
1.1777
1.2912
0.98879
0.61519
1.0341
0.86406
0.90355
0.97048
0.95082
0.85622
0.96575
0.85973
0.98593
0.95956
0.98985
0.94075
0.77807
0.92716
1.2892
1.1524
0.91438
0.55679
0.88488
1.1708
1.0062
0.90049
1.0675
0.89431
0.94569
0.83216
0.96069
0.7665
1.111
0.86278
0.99475
1.2351
0.67608
0.98641
0.84873
0.94064
1.0017
1.0082
0.88495
0.91085
0.79121
1.2648
1.1058
1.1803
1.1636
0.94406
1.0546
0.731
1.1075
1.1029
1.0488
1.0825
0.90334
1.1583
0.72264
1.1574
1.0263
0.70973
0.76028
0.98208
1.0789
1.0389
1.0174
1.0488
0.82738
0.97664
0.74727
1.0576
1.1162
1.1323
1.0647
1.1484
0.85939
0.93423
0.90227
0.97066
0.83481
0.99272
0.77304
1.0783
0.93933
0.73293
1.0386
0.97792
1.0175
1.0554
0.84146
0.79354
1.0553
0.986
0.83994
0.50085
0.97641
0.8944
0.63084
1.1279
1.1442
0.8658
0.81493
1.0012
0.8465
0.89273
0.91251
1.0189
1.1995
1.1079
0.91054
0.88542
1.2306
0.78826
0.638
0.89019
1.1133
0.71063
1.1376
0.97193
0.88912
0.88677
1.0386
1.0919
0.70919
0.91239
1.1758
1.0358
1.2896
0.97427
0.88043
0.86799
0.83311
0.96118
0.9358
0.9452
1.1215
0.66745
0.74603
1.3069
0.79153
0.86861
0.80927
1.1972
1.0847
0.93382
0.64148
0.82338
1.0387
1.127
1.0885
1.0212
1.004
0.96932
0.95238
0.82067
0.99699
1.1744
0.69838
1.084
0.97599
1.0163
0.92284
0.90228
0.70118
0.91789
1.0079
1.102
0.75485
0.8629
1.1005
1.1676
1.1593
1.1799
0.94892
1.1803
1.1697
0.51889
0.99379
1.1723
1.1364
1.2474
0.79822
0.93947
0.78588
1.0565
0.88801
1.066
1.1471
0.6876
1.1505
0.75083
1.1908
0.71249
1.0895
1.049
1.0658
1.094
1.0595
1.111
1.0279
1.1023
0.84615
0.94616
1.3187
1.0329
1.145
1.2092
0.57906
1.0438
0.99616
1.1461
1.0584
0.80401
0.68065
0.8021
0.9527
1.1474
1.1923
1.2445
0.97707
1.1283
1.0469
1.1475
0.90558
0.87256
1.2515
0.96787
1.3065
1.0401
1.1077
1.063
0.87957
1.2562
0.8891
0.86738
1.2523
0.92361
1.0117
0.87301
1.3225
1.454
1.1848
0.92564
0.79406
1.0624
0.92639
1.3354
0.73806
0.79986
1.1766
1.0335
0.95277
1.0312
1.2108
0.90956
0.89082
0.9494
1.2364
0.96598
0.85109
0.70565
1.1895
0.95957
1.1451
1.0906
0.59782
0.90864
1.3258
0.6488
1.0999
1.0385
0.84849
1.0965
0.8889
0.92498
0.99807
0.96918
1.0011
1.1218
1.1144
1.1083
1.0638
1.0965
1.0158
0.89594
1.1997
1.314
1.1031
1.1478
1.1004
1.2117
1.1105
0.73557
1.0293
1.0713
0.87274
1.0124
1.1232
1.1748
1.2953
1.0537
1.233
0.70836
0.59657
0.87101
0.94837
0.7454
0.96752
0.70282
0.96075
1.0878
1.1018
0.78297
0.90086
0.7807
0.69964
0.95747
0.9444
0.96001
1.0429
0.98937
1.0835
1.0239
0.99824
1.2145
1.1727
1.0627
0.94106
1.0609
1.1105
0.9746
0.97299
1.0007
0.51893
1.0013
0.95728
1.3132
1.1883
0.86442
0.90134
0.80016
0.96706
1.1147
1.1885
1.0688
1.1191
1.3008
1.1865
0.9855
0.93904
0.96121
1.1996
1.0218
1.0361
0.72676
0.81831
1.1212
1.0732
1.0102
0.94738
1.1254
1.0909
1.0258
0.95932
1.0451
1.0669
0.80865
1.1149
1.0607
0.92126
1.0899
1.3659
1.0821
0.68529
1.0587
0.90493
0.89368
0.8479
0.77797
0.86842
1.1119
1.3082
1.1155
0.90188
0.83233
0.93568
1.0497
0.94076
0.93134
1.0174
0.66945
0.96477
1.1076
1.1772
0.92814
0.9989
1.1768
1.1115
1.0145
1.2011
1.3522
1.0181
0.74857
0.77766
0.94765
0.99456
1.2659
0.90168
0.78793
0.99935
1.1547
0.90991
0.61344
1.1462
1.1458
1.2032
0.97552
1.0446
0.89799
1.0374
0.85199
1.0131
1.1139
0.65815
1.0808
0.86231
1.0385
1.0099
0.94585
0.93167
0.90828
0.90611
0.76569
0.91385
1.0841
0.93592
0.7138
0.94409
0.58282
0.818
1.3116
1.1414
0.89339
1.1122
0.92203
1.0626
0.97272
0.81866
1.3063
0.91785
0.82247
1.0137
1.0313
1.0559
0.82342
1.3358
1.0125
0.7957
0.89982
0.94287
0.81498
1.2284
1.0226
0.79629
0.77718
1.0097
1.0351
1.0745
0.99317
0.72468
1.0319
1.1095
0.92476
1.2009
0.95319
0.95217
1.2909
1.0308
1.1039
1.0789
0.91864
0.75508
1.0329
0.93762
0.97633
1.2213
0.97727
1.0149
1.0389
1.2395
1.0818
0.88455
0.99637
1.1582
0.9085
0.99616
1.1351
1.0521
1.0661
1.0602
0.73403
1.0168
0.9809
0.70489
0.89235
1.0129
1.0728
1.1012
1.012
0.84255
0.81412
0.95847
0.98455
1.0882
0.97542
1.0266
1.1584
1.0324
0.98012
0.6484
1.0427
1.0867
0.9098
1.1839
1.0848
0.95286
0.77286
0.9474
0.75118
0.86438
1.0444
0.97043
0.92781
0.81235
0.87553
0.62398
0.75862
0.85335
1.1385
0.91342
1.27
1.0091
1.129
0.96355
1.1641
1.1015
1.2231
1.1274
1.2446
