0.58301
0.86073
0.68937
0.77298
0.69964
0.75188
0.83596
0.65561
0.62816
0.82167
0.77487
0.78264
0.49943
0.6293
0.49011
0.30948
0.7284
0.75358
0.82038
0.86313
0.89827
0.76499
0.805
0.6856
0.56639
0.65505
0.60375
0.89126
0.72725
0.62384
0.94292
0.57696
0.69903
0.61972
0.68727
0.82843
0.65251
0.67465
0.68878
0.60641
0.76603
0.77077
0.67751
0.61145
0.68338
0.95534
0.96233
0.79589
0.70877
0.64396
0.63262
0.85225
0.70622
0.93122
0.97526
0.85735
0.85892
0.59158
0.70253
0.61774
0.77045
0.69156
0.57101
0.6409
0.75427
0.61726
0.69629
0.70041
0.71587
0.61247
0.80109
0.67008
0.90953
0.92841
0.52041
0.68102
0.71152
0.71389
0.79222
0.74231
0.73218
0.98314
0.7204
0.76029
0.78121
0.82677
0.75593
0.78061
0.67008
0.93437
0.62071
0.63709
0.70602
0.88358
0.65235
0.58749
0.55629
0.76155
0.7866
0.85676
0.92384
0.70598
0.81893
0.78076
0.49305
0.83528
0.59198
0.93161
0.76632
0.80958
0.49666
0.76988
0.66915
0.80058
0.83405
0.85342
0.63424
0.64091
0.75724
0.62596
0.76795
0.65527
0.90799
0.64012
0.74989
0.6015
0.5625
0.6526
0.92306
0.5994
0.5637
0.80007
0.89868
0.78836
0.62227
0.7693
0.7489
0.61095
0.77395
0.72074
0.66268
0.62838
0.63172
0.69916
0.59182
0.66995
0.70957
0.66198
0.85337
0.82059
0.84542
0.59583
1.0054
0.7254
0.60702
0.76495
0.83645
0.61508
0.75015
0.90913
0.81944
0.88687
0.3965
0.66022
0.4974
0.85393
0.75198
0.44697
0.61681
0.61298
0.86908
0.6307
0.78269
0.61707
0.59723
0.96259
0.77345
0.55403
0.63184
0.8921
0.92165
0.8278
0.70139
0.80166
0.55474
0.77402
0.79686
0.692
0.44742
0.63459
0.74784
0.94509
1.0371
0.67776
0.8262
0.92638
0.54715
0.85573
0.54707
0.68702
0.80503
0.74929
0.57467
0.82264
0.75876
0.47647
0.8124
0.98287
0.90181
0.73778
0.88776
0.72041
0.90773
0.47076
0.90525
0.83784
0.70412
0.82553
0.51316
0.53154
0.52569
0.50251
0.7076
0.97133
0.60671
0.60904
0.70915
0.83782
0.89788
0.53323
0.74607
0.81657
0.88715
0.88279
0.59601
0.75328
0.80237
0.76801
0.61759
0.82933
0.71685
0.72531
0.79581
0.56688
0.86711
0.59296
0.53849
0.83549
0.79351
0.83249
0.93487
0.82112
0.62216
0.56463
0.52816
0.7946
0.67439
0.81377
0.4105
0.65521
0.70581
0.7612
0.85836
0.79444
0.54405
0.6426
0.79595
0.70695
0.75504
0.79826
0.79155
0.52228
0.79537
0.56395
0.73072
0.64167
0.78514
0.64752
0.79538
0.70904
0.87739
0.59412
0.87764
0.66403
0.89831
0.62062
0.6665
0.93637
0.62404
0.54325
0.59771
0.79528
0.76633
0.82756
0.82449
0.71981
0.57333
0.84477
0.75797
0.87088
0.80396
0.70792
0.62874
0.88082
0.53526
0.68843
0.78762
0.87199
0.72506
0.64338
0.79602
0.94403
0.69211
0.4762
0.52647
0.70427
0.86477
0.73768
0.81762
0.88838
0.62214
0.42116
0.76674
0.6022
0.70564
0.83072
0.6928
0.65967
0.83508
0.69772
0.90141
0.63179
0.79186
0.84979
0.61135
0.82324
0.75616
0.83271
0.78561
0.80788
0.42851
0.66373
0.80595
0.5763
0.88023
0.66626
0.84686
0.91959
0.61152
0.87721
0.68738
0.86779
0.97109
0.51762
0.67611
0.81613
0.69717
0.50621
0.72419
0.54468
0.9986
0.92964
0.88422
0.80067
0.80435
0.58861
0.9913
0.65311
0.63017
0.54627
0.51457
0.78873
0.76264
0.61148
0.7615
0.69619
0.73354
0.91514
0.85144
0.94002
0.75582
0.81512
0.6923
0.52676
0.68596
0.7431
0.78683
0.79706
0.70293
0.78588
0.96016
0.85978
0.63878
0.72714
0.80908
0.66418
0.6572
0.56612
0.69174
0.71399
0.91086
0.78401
0.72323
0.73354
0.84233
0.81669
0.63166
0.91884
0.89942
0.94575
0.72687
0.68657
0.76918
0.85085
0.93457
0.75197
0.8521
0.98124
0.68263
0.71483
0.61054
0.71043
0.74452
0.84091
0.71149
1.0866
0.69294
0.66283
0.68544
0.45578
0.83169
0.75897
0.73731
0.99256
0.80999
0.68042
0.56225
0.401
0.71784
0.85331
0.64978
0.73569
0.91995
0.67292
0.67403
0.80992
0.69537
1.0317
0.68458
0.72533
0.76884
0.64632
0.57935
0.8364
0.6823
0.58917
0.8395
0.53958
0.68614
0.78493
0.61232
0.81767
0.77503
0.81812
0.68908
0.3293
0.59211
0.65967
0.89736
0.75479
0.85079
0.75833
0.61298
0.85979
0.45048
0.70783
0.63325
0.51533
0.8346
0.76529
0.96053
0.81782
0.81597
0.82491
0.36318
0.7337
0.59311
0.82444
0.95413
0.87527
0.70084
0.81201
0.75539
0.74915
0.86091
0.75074
0.86966
0.51073
0.70368
0.7959
1.0331
0.83049
0.60575
0.56184
0.84693
0.73623
0.68212
0.63929
0.5549
0.69115
0.79601
0.92065
0.71149
0.84551
0.64511
0.93259
0.868
0.89772
0.7271
0.69792
0.61042
0.72604
0.6691
0.83819
0.74217
0.97532
0.63256
0.8014
0.78151
0.60461
0.64834
0.68773
0.80753
0.78323
0.59532
0.88025
0.95005
0.68368
0.89044
0.71325
1.0869
0.66042
0.87391
0.73222
0.54617
0.42915
0.80769
0.65229
0.72204
0.63113
0.65001
0.60406
0.7639
0.62673
0.87408
0.63322
0.53908
0.54046
0.71464
0.6032
0.61153
0.80487
0.69734
0.76908
0.6184
0.58581
0.77792
0.785
0.82807
0.72119
0.57498
0.86707
0.49894
1.0249
0.88423
0.70888
0.81672
0.76124
0.76473
0.76276
0.6674
0.66934
0.69035
0.79185
0.6869
0.74571
0.81542
0.91838
0.51619
0.85907
0.78349
0.78424
0.82248
0.78147
0.49733
0.95833
0.75007
0.93018
0.62979
0.84634
0.74881
0.81191
0.82282
1.0073
0.74432
0.73609
0.66673
0.67582
0.65308
0.60293
0.88526
0.74307
0.70631
0.6178
0.7617
0.81469
0.58791
0.69556
0.61503
1.0434
0.71999
0.82506
0.67053
0.74268
0.85278
0.68888
0.86905
0.6438
0.88475
0.78274
0.85343
0.83985
0.79337
0.93058
0.80916
0.7788
0.76499
0.82095
0.69637
0.49772
0.86276
0.66649
0.64842
0.66543
0.44061
0.73559
0.87297
0.85539
0.63641
0.81348
0.73342
0.46206
0.63592
0.68001
0.61352
0.60672
0.80793
0.94182
0.71515
0.62775
0.62615
0.83182
0.7577
0.88437
0.65305
0.60592
0.76252
0.76672
0.56543
0.86633
0.5692
0.60613
0.8612
0.88568
0.48803
0.86238
0.91767
0.65224
0.90653
0.69166
0.81192
0.52843
0.80791
0.76755
0.67232
0.76172
0.70065
0.75321
0.72019
0.8646
0.94536
0.44198
0.79312
0.4908
0.61039
0.81068
0.83919
1.0867
0.60036
0.84732
0.52973
0.49218
0.76091
0.66077
0.70086
0.77097
0.86391
0.60626
0.80124
0.69904
0.90501
0.53763
0.71664
0.69003
0.60613
0.77059
0.81027
0.66849
0.95269
0.71534
0.76578
0.56507
0.79269
0.6186
0.66208
0.86158
0.67888
0.81826
0.74785
0.58234
0.65436
0.92161
0.54077
0.96644
0.83243
0.5061
0.73513
0.88105
0.78995
0.9272
0.65319
0.76167
0.66047
0.8857
0.71214
0.76971
0.59221
0.74637
0.38448
0.63384
0.6633
0.49185
0.72033
0.62997
0.65489
0.63609
0.68595
0.59534
0.63821
0.8726
0.85574
0.85857
0.84784
0.91451
0.75097
0.89918
0.74437
0.55302
0.95827
0.89413
0.7
0.63047
0.67325
0.80874
0.91826
0.7124
0.59469
0.71069
0.36394
0.73326
0.40219
0.85088
0.81583
0.57479
0.58433
0.83062
0.90811
0.92661
0.95951
0.55019
0.88898
0.764
0.54387
0.6901
0.94353
0.90409
0.74622
0.63407
0.84546
0.59592
1.0431
0.82767
0.81865
0.88841
0.84458
0.95341
0.73892
0.94245
0.6938
0.90904
0.67044
0.61771
0.59666
0.66284
0.6648
0.64021
0.58444
0.83362
0.69472
0.71407
0.80999
0.59864
0.36344
0.77213
0.79474
0.69626
0.82052
0.85793
0.71179
0.63297
0.47633
0.79424
0.76976
0.72545
0.61555
0.86313
0.84927
0.91685
0.23276
0.75205
0.88194
0.63831
0.76581
0.81588
0.454
0.47991
0.75745
0.88101
0.57259
0.6811
0.70585
0.82331
0.64261
0.84036
0.95468
0.8302
0.76449
0.64847
0.70786
0.70988
0.66068
0.68596
0.70131
0.84233
0.50974
0.82497
0.81887
0.7912
0.64868
0.81808
0.85672
0.94044
0.64266
0.62523
0.59009
0.74919
0.74661
0.85487
0.82991
0.82233
0.96939
0.64789
0.97633
0.6866
0.58314
0.56717
0.39771
0.4938
0.51057
0.73503
0.79868
0.88735
0.7416
0.82188
0.77259
0.37523
0.76343
0.72181
0.87403
0.82677
0.82573
0.68532
0.91067
0.86492
0.7652
0.61726
0.50492
0.80938
0.73815
0.8495
0.84077
0.96085
0.45546
0.56585
0.63802
0.8099
0.77816
0.76915
0.86425
0.83015
0.78683
0.83152
0.83459
0.84122
0.65415
0.67678
0.67456
0.91509
0.72416
0.64233
0.68886
0.6859
0.98527
0.67786
0.74414
0.94596
0.44258
0.59148
0.75148
0.7654
0.61202
0.76071
0.71829
0.43796
0.86943
0.71309
0.84847
0.75041
0.55724
0.48327
0.62376
0.7102
0.90007
0.80111
0.66224
0.66327
0.62593
0.86436
0.89213
0.78688
0.67929
0.82797
0.78159
0.78817
0.72412
0.84879
0.8692
0.72821
0.74415
0.93565
0.74112
0.86599
0.72703
0.79793
0.50509
0.59063
0.64522
0.78905
0.68522
0.77913
0.78779
0.81636
0.66875
0.56019
0.56983
0.70162
0.7969
1.0324
0.70657
0.78017
0.72595
0.78218
0.68144
0.88635
0.56906
0.65665
0.95835
0.61147
0.90536
0.92136
0.69065
1.0337
0.76325
0.76824
0.91627
0.97448
0.81357
0.76089
0.58538
0.64924
0.66879
0.68788
0.92908
0.71741
0.5189
0.85523
0.7845
0.82215
0.82486
0.67718
0.72841
0.7106
0.64769
0.72665
0.40219
0.71681
0.94722
0.75254
0.87308
0.73729
0.65728
0.85355
0.35538
0.83781
0.72247
0.8256
0.69534
0.83373
0.59703
0.90257
0.66283
0.7497
0.77939
1.0184
0.65445
0.87975
0.6042
0.74929
0.8696
0.68718
0.84869
0.86812
0.80469
0.8043
0.81478
0.68203
0.98185
0.91608
0.73639
0.71123
0.80296
0.69498
0.80397
0.82232
0.7026
0.6043
0.85969
0.6647
0.45974
0.59128
0.78524
0.78287
0.72606
0.49165
0.63147
0.70739
0.69747
0.64782
0.92545
0.76821
0.61004
0.76981
0.73395
0.65693
0.8143
0.48701
0.82331
0.59526
0.61861
0.61651
0.87736
0.70547
0.52986
0.79353
0.71714
0.41484
0.86088
0.66264
0.72167
0.85038
0.81006
0.87936
0.68884
0.59338
0.84796
0.83159
0.92412
0.92604
0.60931
0.86553
0.72577
0.78495
0.8921
0.80561
0.92077
0.82029
0.72476
0.7318
0.73982
0.83565
0.89284
0.5718
0.81852
0.64052
0.81445
0.78883
0.79284
0.75132
0.70124
0.94778
0.99487
0.58077
0.68953
0.52018
0.56339
0.30952
0.48939
0.81726
0.73534
0.75745
0.7695
0.59313
0.67802
0.95772
0.72363
0.84383
0.80429
0.77616
0.79054
0.66212
0.69845
0.65282
0.81682
0.67835
0.7114
0.66409
0.98139
0.85246
0.95291
0.74736
0.77296
0.66621
0.75904
0.82167
0.82438
0.62888
0.58842
0.74889
0.81026
0.8304
0.71766
0.67716
0.75145
0.73145
0.58391
0.91134
0.44908
0.84719
0.88636
0.566
0.60697
0.81298
0.79495
0.48464
0.51332
0.97091
0.68192
0.90866
0.70196
0.53472
0.79018
0.52367
0.7614
0.69748
0.79106
0.70799
0.70803
0.39762
0.79137
0.50112
0.87899
0.74076
0.58009
0.70594
0.84841
0.55969
0.7405
0.42837
0.73576
0.96653
0.83438
0.83327
0.84781
0.80731
0.64172
0.76521
0.75985
0.73139
0.9554
0.81653
0.8511
0.74481
0.87539
0.5589
0.76774
0.78631
0.82995
0.54058
0.74863
0.60842
0.50802
0.89797
0.86494
0.44302
0.77983
0.70122
0.55914
0.82223
0.83538
1.0027
0.43969
0.81766
0.79701
0.6207
0.62486
0.7679
0.58995
0.75703
0.99821
0.60304
0.80805
0.86024
0.76243
0.71353
0.81047
0.61227
0.6017
0.75436
0.69192
0.58332
0.64556
0.77577
0.34787
0.67746
0.45175
0.76739
0.65427
0.56455
0.63666
0.79137
0.71109
0.62685
0.77729
0.61977
0.79096
0.77265
0.43947
0.69009
0.73017
0.88302
0.52868
0.4153
0.58154
0.90046
0.76664
0.58391
0.57347
0.6363
0.86836
0.91877
0.94391
0.7328
0.96263
0.7197
0.76344
0.54516
0.9381
0.6776
0.82397
0.69868
0.7913
0.93969
0.62759
0.69705
0.69451
0.74018
0.78501
0.87151
0.59996
0.76671
0.6149
0.84426
0.79545
0.7954
0.94027
0.90902
0.7301
0.74517
0.60837
0.98612
0.57476
0.76786
0.72708
0.99962
0.66198
0.67002
0.28157
0.75591
0.80107
0.97549
0.42577
0.7221
1.0108
0.82048
0.61024
0.84876
0.75678
0.51185
0.95568
0.79408
0.71201
0.81469
0.66923
0.68593
0.55429
0.69817
0.82728
0.65332
0.82971
0.69896
0.70379
0.75581
0.36532
0.81816
0.66088
0.71238
0.68407
0.88601
0.56801
0.69096
0.61828
0.33755
0.81379
1.0285
0.49928
0.76634
0.94943
0.60381
0.7696
0.63429
0.71346
0.48141
0.87178
0.76174
0.65164
0.61901
0.81753
0.57908
0.69547
0.58961
0.69902
0.89468
0.92223
0.60555
0.90104
0.78843
0.83401
0.67619
0.58441
0.54232
0.58856
0.89028
0.69261
0.7612
0.69518
0.58352
0.89246
0.57556
0.51597
0.84413
0.7651
0.66135
0.69953
0.8134
0.75404
0.83341
0.59322
0.61831
0.69917
0.65019
0.58008
0.64922
0.76516
0.59958
0.30199
0.69541
0.68281
0.77831
0.55539
0.92901
0.57276
0.81023
0.53519
0.75832
0.4048
0.79158
0.68079
0.58469
0.60742
0.75197
0.78594
0.56476
0.88019
0.67931
0.78036
0.92995
0.56138
0.90332
0.84062
0.87967
0.82277
0.8845
0.62983
0.64215
0.49685
0.7113
0.89786
0.76347
0.79243
0.77473
0.71593
0.66015
0.74894
0.87915
0.69064
0.66636
0.84779
0.3775
0.73019
0.7447
0.56794
0.75673
0.7001
0.65452
0.72142
0.65039
0.60701
0.7072
0.78989
0.67196
0.76206
0.69878
0.59679
0.91559
0.58424
0.69731
0.90778
0.84821
0.61562
0.65357
0.59615
0.64413
0.7837
0.68947
1.0008
0.62773
0.9201
0.85896
0.75574
0.79636
0.75305
0.88163
0.60765
0.88824
0.81151
0.72328
0.63855
0.76014
0.87896
0.53261
0.79898
0.95817
0.49314
0.927
0.66246
0.7936
0.75026
0.71455
0.86363
0.82166
0.42054
0.93859
0.58996
0.79724
0.71139
0.71041
0.83352
0.74849
0.43558
0.75738
0.75502
0.6327
0.60364
0.68929
0.79291
0.70891
0.67906
0.82974
0.7627
0.73709
0.87557
0.95308
0.84733
0.77329
0.71668
0.79291
0.81994
0.61008
0.50411
0.70631
0.83797
0.67061
0.64628
0.68212
0.8313
0.90091
0.93187
0.70045
0.87208
0.82513
0.6655
0.44408
0.6568
0.62138
0.67949
0.72654
0.88868
0.67386
0.80237
0.74205
0.65041
0.70255
0.56509
0.61094
0.47133
0.68059
0.56808
0.7466
0.6904
0.61582
0.57883
0.84409
0.74834
0.92505
0.404
0.85768
0.5243
0.60857
0.77017
0.65244
0.81587
0.53884
0.90452
0.69673
0.67598
0.72421
0.78164
0.68187
0.60728
0.78749
0.81717
0.63548
0.49874
0.69353
0.96473
0.79529
0.96535
0.52038
0.49256
0.76107
0.77759
0.89354
0.50176
0.77527
0.81707
0.69672
0.82021
0.79563
0.8554
0.52904
0.83514
0.72934
0.84007
0.87213
0.75943
0.79978
0.71107
0.75104
0.91589
0.66978
0.62228
0.64212
0.65012
0.86763
0.87392
0.60893
0.54354
0.67511
0.58713
0.73876
0.92714
0.82433
0.62421
0.55933
0.50036
0.83119
0.91953
0.82898
0.45465
0.71444
0.98115
0.82641
0.91821
0.87111
0.64629
0.6172
0.7701
0.81708
0.75952
0.82434
0.58461
0.6723
0.74625
0.76817
0.69358
0.51986
0.8218
0.76284
0.54703
0.83755
0.61972
0.73694
0.76937
0.65583
0.66579
0.85812
0.87947
0.67291
0.88584
0.81386
0.72019
0.74656
0.6436
0.50313
0.69874
0.55621
0.9213
0.843
0.86259
0.87182
0.61785
0.59913
0.80408
0.70242
0.49297
0.81609
0.94585
0.74006
0.54275
0.72853
0.85377
0.75363
0.47625
0.61835
0.95225
0.87047
0.84268
0.74592
0.79658
0.58523
0.83317
0.7983
0.59063
0.7378
0.66408
0.66827
0.88852
0.82152
0.93076
0.88842
0.74544
0.9434
0.78402
0.50599
0.83271
0.77531
0.85702
0.83776
0.78094
0.8103
0.67971
0.79292
0.76086
0.61282
0.6112
0.68534
0.7676
0.82474
0.72115
0.69136
0.62692
0.81649
0.67582
0.54348
0.48112
0.34843
0.46461
0.98804
0.55938
0.52267
0.79081
0.9159
0.89187
0.84947
0.65607
0.96256
0.59829
0.67929
0.55429
0.67231
0.77931
0.60256
0.91922
0.72433
0.67534
0.87935
0.79676
0.59596
0.61844
0.74743
0.81047
0.62022
0.73362
0.61873
0.80083
0.68425
0.63496
0.61556
0.69101
0.5956
0.68016
0.89177
0.841
0.62972
0.79892
0.69807
0.52103
0.84608
0.86155
0.91571
0.78625
0.62815
0.62162
0.53598
0.79376
0.70996
0.54658
0.55022
0.59144
0.75212
0.57877
0.91061
0.67736
0.75968
0.735
0.84789
0.86068
0.58982
0.75322
0.64959
0.5689
0.5742
0.68964
0.94795
0.54086
0.77335
0.83219
0.49911
0.61292
0.9987
0.70168
0.81446
0.82533
0.7871
0.76178
0.72158
0.36974
0.95523
0.61038
0.86999
0.87159
0.66003
0.50647
0.71384
0.6177
0.83783
0.77005
0.87344
0.84107
0.37339
0.74682
0.63273
0.85209
0.52233
0.83399
0.7709
0.65021
0.84072
0.81914
0.69567
0.94433
0.60433
0.85571
0.76491
0.77235
0.80654
0.95409
0.74162
0.75638
0.58388
0.876
0.61002
0.7745
0.69188
0.2707
0.87732
0.83013
0.73493
0.75509
0.54001
0.61099
0.8917
0.76525
0.8074
0.6063
1.0975
0.57427
0.80348
0.74266
0.87835
0.77242
0.87424
0.85941
0.56113
0.80005
0.72216
0.54574
0.88512
0.75277
0.70065
0.78993
0.60857
0.73139
0.7668
0.73095
0.46954
0.93023
0.60614
0.55819
0.93204
0.62745
0.84209
0.77821
0.49261
0.41256
0.87648
0.64278
0.37705
0.53722
0.80655
0.83323
0.79959
0.72807
0.94802
0.57887
0.7896
0.90156
0.63296
0.58113
0.69418
0.75736
0.65359
0.69743
0.65588
0.52003
0.74321
0.81226
0.76271
0.84764
0.71621
0.77533
0.70924
0.72086
0.81564
0.86924
0.55794
0.75457
0.64479
0.47567
0.88686
0.80693
0.75542
0.48786
0.76488
0.68858
0.55091
0.69212
0.67562
0.60796
0.67029
0.75306
0.82648
0.79294
0.80965
0.64525
0.85394
0.81112
0.51198
0.42772
0.64232
0.86543
0.84562
0.82006
0.87506
0.81002
0.6798
0.59417
0.68947
0.8076
0.83855
0.8176
0.71906
0.85738
0.83148
0.80507
0.81811
0.38739
0.80164
0.86879
0.91296
0.79223
0.95579
0.85456
0.81781
0.56423
0.93897
0.5804
0.86207
0.71842
0.84299
0.90365
0.63469
0.68057
0.79605
0.67277
0.78016
0.59648
0.93918
0.84573
0.64782
0.63304
0.58235
0.52543
0.42165
0.79566
0.75114
0.80399
0.949
0.90129
0.67151
0.59386
0.67388
0.73435
0.66016
0.62647
0.54548
0.7434
0.67021
0.64057
0.50188
0.80134
0.8998
0.81877
0.62346
0.80642
0.73211
0.89653
0.67989
0.99115
0.55991
0.60844
0.67007
0.97598
0.86206
0.67915
0.82204
0.79728
0.8745
0.73062
0.50747
0.69209
0.66276
0.83371
1.0123
0.80597
0.57329
0.84519
0.91174
0.80624
0.6188
0.84664
0.4778
0.81968
0.6587
0.69109
0.66723
0.80307
0.54864
0.8915
0.60297
0.58789
0.70165
0.75627
0.77772
0.78317
0.79576
0.71218
0.40409
0.63145
0.94986
0.83508
0.75198
0.87976
0.62328
0.81541
0.46495
0.57384
0.42753
1.0029
0.53014
0.64706
0.52821
0.77646
0.55848
0.45412
0.50763
0.59866
0.70467
0.57796
0.77143
0.57732
0.68414
0.62164
0.87146
0.53981
0.69194
0.77601
0.45236
0.33565
0.48466
0.86195
0.64418
0.70758
0.67528
0.48928
0.29922
0.70239
0.85238
0.85751
0.74889
0.92545
0.74299
0.74976
0.5954
0.58693
1.057
0.5542
0.65056
0.79591
0.59912
0.67459
0.70791
0.64403
0.78994
0.93875
0.80081
0.69844
0.90342
0.67738
0.77113
0.89279
0.75177
0.76285
0.79922
0.82014
0.91459
0.67632
0.74488
0.49528
0.56184
0.81472
0.93286
0.77337
0.82828
0.67639
0.75287
0.80984
0.68964
0.71044
0.44777
0.96163
0.86407
0.87439
0.73266
0.6466
0.75156
0.59155
0.38189
0.63507
0.69927
0.69222
0.75051
0.54795
0.67426
0.70143
0.85506
0.9236
0.54978
0.55521
0.77513
0.57607
0.73968
0.68293
0.84809
0.35395
0.66238
0.60558
0.56779
0.6031
0.54959
0.84411
0.61543
0.93932
0.47627
0.54256
0.89392
0.67303
0.56985
0.5494
0.47736
0.73763
0.84961
0.60399
1.0378
0.88415
0.63285
0.82308
0.88749
0.69636
0.55366
0.81411
0.55968
0.93134
0.57544
1.02
0.87787
0.85584
0.58771
0.80731
0.62923
0.49505
0.73713
0.72905
0.89747
0.74912
0.72148
0.67407
0.81981
0.79857
0.93381
0.72112
0.63207
0.75346
0.82092
0.90669
0.54719
0.8187
0.65255
0.88263
0.80559
0.68667
0.48068
0.82681
0.8697
0.91527
0.69664
0.78015
0.76253
0.70084
0.90222
0.56116
0.90923
0.70472
0.78204
0.77304
0.82653
0.58188
0.67316
0.64342
0.64268
0.65906
0.68705
0.96896
0.8458
0.88418
0.56295
0.57362
0.65027
0.87865
0.60353
0.71171
0.67623
0.80634
0.65069
0.5406
0.73107
0.81328
0.77828
0.60814
0.94289
0.90197
0.48584
0.64553
0.66388
0.81046
0.49951
0.84205
0.6423
0.8405
0.73531
0.91143
0.82201
0.79503
0.69497
0.8893
0.78137
0.6662
0.92949
0.80186
0.63335
0.81262
0.77641
1.026
0.81229
0.84402
0.62973
0.78996
0.54292
0.95855
0.7853
0.7858
0.71553
0.79413
0.68392
0.66461
0.69601
0.77936
0.84357
0.54533
0.72893
0.96144
0.66622
0.58884
0.68576
0.83691
0.51218
0.4819
0.99012
0.71765
0.79409
0.86318
0.71261
0.80393
0.8513
0.90785
0.71611
0.80967
0.96619
0.78352
0.65234
0.88628
0.84659
0.6451
0.70105
0.74877
0.65195
0.52426
0.90279
0.96287
0.76204
0.46691
1.031
0.50948
0.64843
0.38457
0.64033
0.71359
0.72707
0.55298
0.99474
0.7862
0.75709
0.90149
0.7444
0.91903
0.52729
0.42526
0.88184
0.63955
0.74079
0.90957
0.72214
0.90688
0.69084
0.65246
0.77466
0.92094
0.71584
0.57005
0.58721
0.61729
0.84723
0.76961
0.7977
0.80591
0.87299
0.75229
0.559
0.65414
0.78741
0.77484
0.84977
0.68974
0.91508
0.75644
0.6034
0.69602
0.81122
0.6258
0.73735
0.86277
0.65204
0.79013
0.43718
0.88312
0.64379
0.79562
0.79091
0.82602
0.73683
0.68876
0.96291
0.69334
0.98322
0.91728
0.46517
0.84563
0.8739
0.80025
0.64821
0.95283
0.74399
0.7856
0.75096
0.69833
0.83457
0.55693
0.71548
0.68494
0.80338
0.60157
0.70937
0.72888
0.82409
0.75689
0.66696
0.82039
0.78525
0.79618
0.62507
0.84603
0.50323
0.75549
0.76531
0.75336
0.82397
0.83362
0.84928
0.87511
0.7864
0.91749
0.76973
0.63788
0.7572
0.76794
0.69166
0.5978
0.92396
0.69393
0.70937
0.72541
0.69821
0.85513
0.63318
0.86024
0.64669
0.85659
0.81824
0.77965
0.60169
0.94707
0.73841
0.72972
0.83424
0.74855
0.57857
0.69844
0.8393
0.89173
0.57762
0.49788
0.97945
1.0813
0.78635
0.52549
0.58025
0.93477
0.48386
0.79205
0.94011
0.48633
0.70846
0.70173
0.45506
0.75804
0.69642
0.93026
0.53575
0.70828
0.88466
0.51744
0.8635
0.42509
0.5999
0.92207
0.61649
0.73217
0.69274
0.67227
0.87581
0.28485
0.69499
0.62127
0.70984
0.65888
0.81093
0.64767
0.82097
0.57241
0.94016
0.64315
0.79434
0.78638
0.88202
0.67136
0.81386
0.88066
0.5937
0.64897
0.68937
0.6671
0.64562
0.48218
0.8344
0.87353
0.92506
0.44994
0.84438
0.85199
0.74462
0.78006
0.8051
0.70265
0.65827
0.53429
0.72397
0.84123
0.7028
0.50896
0.76869
0.9227
0.72227
0.7473
0.58041
0.74445
0.85221
0.82741
0.74165
0.32198
0.80974
0.83435
0.63504
0.93019
0.73493
0.85782
0.57953
0.80591
0.65891
0.65427
0.45246
0.76253
0.81837
0.44796
0.57023
0.58431
0.76878
0.69517
0.97093
0.95379
0.66398
0.82426
0.40513
0.86756
0.62826
0.60636
0.54808
0.62047
0.79181
0.889
0.81393
0.88984
0.8547
0.68484
0.62848
0.89125
0.88603
0.82754
0.43253
0.47621
0.61189
0.53878
0.94505
1.0132
0.79598
0.71447
0.9034
0.61377
0.52442
1.0216
0.53604
0.82025
0.848
0.74329
0.48486
0.68621
0.86809
0.83443
0.70759
0.61654
0.82109
0.67415
0.87666
0.76444
0.81387
0.87184
0.6431
0.78126
0.73011
0.45707
0.83482
0.84659
0.86846
0.86167
0.77643
0.71135
0.54946
0.91085
0.82777
0.29084
0.86554
0.83964
0.82715
0.83534
0.75075
0.66022
0.71378
0.81354
0.80283
0.75528
0.67985
0.7929
0.68881
0.64485
0.89006
0.82402
0.59418
0.57276
0.68453
0.955
0.65886
0.66727
0.59376
0.5054
0.80636
0.77212
0.88293
0.88334
1.0239
0.7977
0.75833
0.64238
0.60846
0.74367
0.70574
0.86652
0.71818
0.62168
0.75745
0.72984
0.69574
0.842
0.93691
0.64045
0.63248
0.78855
0.69273
0.80229
0.88376
0.72233
0.34828
0.50476
0.84752
0.67213
0.84691
0.79161
0.86774
0.63609
0.46356
0.46827
0.66927
0.80526
0.63834
0.59886
0.4946
0.79768
0.72883
0.90698
0.63643
0.48448
0.72319
0.99307
0.52749
0.76932
0.76462
0.59998
0.77692
0.70236
0.83664
0.9302
0.98122
0.83328
0.70751
0.68257
0.82272
0.91281
0.55712
0.88388
0.82568
0.74874
0.83133
0.53827
0.80875
0.58168
0.81872
0.86679
0.7227
0.80303
0.58744
0.79767
0.56738
0.88963
0.85693
0.64125
0.79178
0.64118
0.83224
0.707
0.48564
0.53933
0.81044
0.48898
0.37754
0.86462
0.68237
0.80272
0.71388
0.83037
0.51201
0.98255
0.70272
0.6015
0.83874
0.63585
0.67405
0.82456
0.55483
0.82904
1.0339
0.70045
0.21231
0.78578
0.65189
0.72328
0.61319
0.64534
0.74728
0.65776
0.52996
0.68063
0.65042
0.83951
0.70826
0.59051
0.7566
0.55746
0.60005
0.73052
0.37992
0.75074
0.83372
0.64756
0.87282
0.75649
0.78185
0.82933
0.84856
0.86978
0.72203
0.65443
0.6721
0.82545
0.64958
0.93536
0.72846
0.37965
0.33074
0.62558
0.56719
0.80712
0.71409
0.65689
0.76492
0.89376
0.76855
0.74307
0.68372
0.60192
0.75907
1.0158
0.26662
0.64034
0.66103
0.85263
0.6591
0.75263
0.90309
0.74434
0.73743
0.84195
0.80274
0.8025
0.74283
0.6228
0.70517
0.63232
0.64318
0.85147
0.79771
0.96259
0.68788
0.52781
0.85853
0.79746
0.86861
0.96594
0.6062
0.91119
0.68446
0.90755
0.82548
0.71832
0.81313
0.74136
0.69143
0.71044
0.76127
0.8113
0.78127
0.59489
0.78573
0.66015
0.89962
0.76125
0.91092
0.56759
0.81416
0.89356
0.37741
0.57328
0.55756
0.82256
0.86622
0.66474
0.96463
0.83401
0.56236
0.92228
0.76887
0.84927
0.64156
0.73666
0.77539
0.87618
0.52442
0.77912
0.51963
0.6485
0.81526
0.75308
0.5226
0.62394
1.0295
0.54103
0.95227
0.57702
0.85065
0.64919
0.55942
0.66434
0.58737
0.66488
0.71692
0.88669
0.8719
0.63858
0.7282
0.707
0.73817
0.96852
0.77842
0.76769
0.8879
0.74605
0.58884
1.0842
0.51056
0.61772
0.82683
0.66926
0.78671
0.68098
0.68344
0.42779
0.6224
0.7977
0.48257
0.67387
0.8866
0.71622
0.78475
0.85391
0.76893
0.70332
0.68298
0.70498
0.68897
0.94784
0.73812
0.82045
0.65502
0.45473
0.42857
0.61185
0.93029
0.4159
0.47806
0.6971
0.62538
0.71369
0.86094
0.65828
0.57938
0.74211
0.70313
0.30315
0.76439
0.5173
0.7038
0.70228
0.70306
0.75728
0.6833
0.9075
0.89077
0.68577
0.58779
0.5159
0.80195
0.9431
0.94498
0.80523
0.70548
0.65325
0.67328
0.75568
0.9542
0.55071
0.72845
0.64409
0.86448
0.71626
0.4348
0.89143
0.82359
0.79177
0.63376
0.73614
0.8432
0.78487
0.82355
0.36104
0.73738
0.95299
0.65263
0.90633
0.60468
0.70679
0.75202
0.83012
0.69909
0.64312
0.64949
0.69981
0.87673
0.73369
0.53944
0.6108
0.78685
0.65076
0.35488
0.86663
0.83962
0.79158
0.61496
0.91182
0.71069
0.53322
0.83847
0.77693
0.75749
0.79174
0.65612
0.71911
0.67128
0.90419
0.60396
0.82238
0.80581
0.68306
0.39417
0.86691
0.72925
0.60394
0.44183
0.8126
0.53084
0.86265
0.88018
0.77838
0.95713
0.84887
0.74431
0.85316
0.67637
0.89582
0.65326
0.58024
0.78184
0.69393
0.815
0.83946
0.80121
0.77643
0.75587
0.53073
0.90245
0.39633
0.94009
0.77027
0.86548
0.68812
0.8273
0.32355
0.83791
0.65252
0.62588
0.81931
0.4644
0.91047
0.76034
0.77949
0.7697
0.79267
0.8009
0.81905
0.81671
0.78562
0.94217
0.93867
0.83018
0.67579
0.93151
0.55079
0.55325
0.66326
0.60312
0.71747
0.60135
0.76109
0.76804
0.65257
0.67137
0.73403
0.51926
0.49926
0.80449
0.65177
0.76033
0.62984
0.73246
0.88418
0.96268
0.90945
0.56811
0.6501
0.55492
0.59973
0.38895
0.62464
0.40022
0.9246
0.57683
0.7387
0.71049
0.77366
0.7098
0.74177
0.95008
0.86973
0.71724
0.68298
0.8231
0.59888
0.83707
0.3837
0.73182
0.93077
0.77255
0.85685
0.91615
0.78484
0.75095
0.55519
1.0233
0.87271
0.98523
0.87103
0.60567
0.74377
0.78248
0.95875
0.7351
0.6497
0.82295
0.78351
0.76408
0.78349
0.41231
0.65571
0.70173
0.93845
0.81176
0.66951
0.98476
0.61742
0.75449
0.54626
0.58687
0.80905
0.5963
0.59272
0.75515
0.70958
0.6788
0.73786
0.90485
0.755
0.52533
0.90153
0.2163
0.88328
0.83488
0.78625
1.0441
0.74076
0.77068
0.94528
0.76918
0.70836
0.72537
0.84244
0.86873
0.68584
0.48535
0.69813
0.65535
0.63762
0.79529
0.71073
0.72406
0.86134
0.86658
0.56302
0.7552
0.9492
0.6817
0.69906
0.94196
0.6275
0.87334
0.73119
0.84983
0.79591
0.70036
0.57094
0.86272
0.7418
0.77325
0.88133
0.66638
0.54958
0.54809
0.55468
0.65206
0.98428
0.67219
0.72453
0.59541
1.0113
0.89347
0.73079
0.96112
0.81496
0.80159
0.9698
0.94322
0.55801
0.64516
0.84425
0.78628
0.97876
0.55034
0.67302
0.81222
0.73033
0.71854
0.67769
0.68883
0.84875
0.76269
0.65636
0.54781
0.6191
0.67575
0.80627
0.62077
0.87344
0.68873
0.74887
0.54439
0.82575
0.85139
0.71404
0.82242
0.78756
0.62251
1.0185
0.76031
0.75564
0.56292
0.65903
0.48216
0.66126
0.60745
0.63654
1.0019
0.92571
0.7232
0.6381
0.8415
1.017
0.52329
0.96307
0.81884
0.59353
0.86225
0.41737
0.86523
0.53085
0.5089
0.88321
0.64532
0.60511
0.94517
0.73871
0.69219
0.36519
0.76207
0.59227
0.69411
0.82415
0.66501
0.58298
0.40034
0.83881
0.66297
0.52839
0.7833
0.93257
0.57923
0.53417
0.75492
0.6621
1.0148
0.92948
0.60808
0.8746
0.5948
0.8497
0.71372
0.82135
0.8955
0.92652
0.77905
0.49617
0.82228
0.86066
0.44092
0.69682
0.85629
0.68895
0.74934
0.80673
0.94818
0.75549
0.75947
0.87283
0.69259
0.65766
0.73325
0.28678
0.61374
0.59067
0.4502
0.4241
0.7532
0.55086
0.90687
0.71416
0.55868
1.0281
0.73793
0.83138
0.59567
0.64281
0.77391
0.53032
0.70585
0.52064
0.82673
0.82629
0.70042
0.79995
0.79779
0.82391
0.65891
0.58866
0.30311
0.69675
0.58016
0.75526
0.39704
0.74908
0.48792
0.61993
0.41279
0.74485
0.79403
0.7449
0.80638
0.69598
0.59631
0.90246
0.85353
0.50932
0.74663
0.46962
0.84098
0.76694
0.78616
0.74174
0.73017
0.58979
0.69897
0.66352
0.87105
0.66738
0.6222
0.8296
0.60548
0.52403
0.91737
0.66537
0.72054
0.92826
0.55889
0.68351
0.63065
0.75051
0.63157
0.76739
0.89476
0.77613
0.636
0.7252
0.77243
0.89311
0.79012
0.67454
0.6287
0.86336
0.55949
0.81065
0.68669
0.72594
0.74703
0.75413
0.81364
0.85228
0.95022
0.65826
0.58477
0.43806
0.7189
0.69661
0.6828
0.76957
0.6982
0.80645
0.92442
0.50347
0.38173
0.74019
0.73012
0.71647
0.75908
0.96314
0.67659
0.46218
0.55886
0.74684
0.44664
0.91916
0.64454
0.73883
0.49963
0.68674
0.69566
0.5861
0.61485
0.92287
0.75734
0.85483
0.69422
0.98819
0.66204
0.66193
0.77984
0.78258
0.69161
0.678
0.73993
0.70222
0.37295
0.91436
0.66576
0.82032
0.81642
0.66124
0.57618
0.75717
0.92808
0.92656
0.72954
0.77013
0.91237
0.67139
0.73033
0.43195
0.5991
0.64757
0.64694
0.93622
0.82921
0.38492
0.44784
0.93934
0.6039
0.7162
0.73608
0.83874
0.74033
0.53447
0.85422
0.59164
0.82342
0.52089
0.93051
0.55245
0.58615
0.904
0.53973
0.60674
0.90717
0.79605
0.76328
0.84343
0.587
0.78106
0.79529
0.79458
0.7534
0.71185
0.7245
0.74538
0.63449
1.0002
0.73312
0.68799
0.81625
0.7199
0.59698
0.72309
0.82358
0.69928
0.88274
0.45697
0.74203
0.5102
0.64535
0.70804
0.64425
0.67538
0.61453
0.90612
0.657
0.82673
0.70121
0.71358
0.81319
0.83679
0.87324
0.78613
0.80902
0.66045
0.64773
0.75595
0.6209
0.70879
0.76707
0.62505
0.87873
0.6474
0.79074
0.65557
0.80764
0.58666
0.46868
0.56985
0.58848
0.69725
0.85398
0.66964
0.81537
0.77604
0.7914
0.86211
0.65953
0.81707
0.8142
0.67525
0.68161
0.76985
0.94738
0.75849
0.61448
0.79789
0.63284
0.90426
0.81766
0.6354
0.61749
0.71044
0.8501
0.52898
0.54738
0.74455
0.83713
0.89666
0.55079
0.71364
0.73964
0.64742
0.72875
0.69437
0.55445
0.49579
0.86567
0.69853
0.84048
0.55214
0.89369
0.79857
0.88842
0.92554
0.9346
0.87595
0.58849
0.56923
0.71675
0.90892
0.61579
0.78914
0.83408
0.73404
0.95878
0.83054
0.59501
0.77999
0.40233
0.74376
0.6009
0.88363
0.65549
0.96611
0.91043
0.81657
0.42019
0.69096
0.90985
0.84621
0.79482
0.83508
0.71015
0.45401
0.82158
0.6779
0.81448
0.79118
0.89341
0.79906
0.75099
0.78747
0.58854
0.69603
0.55381
0.74232
0.71213
0.68474
0.88299
0.73258
0.72227
0.82145
0.74171
0.7052
0.70268
0.71903
0.60722
0.73963
0.62426
0.84495
0.71003
0.61064
0.843
0.78596
0.69376
0.62901
0.95081
0.77249
0.83089
0.69272
0.88843
0.76372
0.61409
0.84445
0.83962
0.93442
0.72487
0.93575
0.78618
0.81623
0.53945
0.92831
0.46647
0.82954
0.83529
0.57742
0.76818
0.78479
0.73359
0.59279
0.70154
0.83136
0.67124
0.74494
0.60206
0.94781
0.88877
0.6829
0.75912
0.61589
0.83066
0.92923
0.65703
0.76011
0.92277
0.89346
0.67192
0.52291
0.8237
0.90955
0.78541
0.66746
0.61388
0.91806
0.83129
0.70523
0.74587
0.74999
0.71197
0.49717
0.78884
0.77805
0.73275
0.72835
0.82442
0.92197
0.82863
0.53089
0.86157
0.46286
0.81089
0.63162
0.72032
0.48057
0.86171
0.38884
0.82774
0.55032
0.78925
0.80907
0.66562
0.77047
0.51054
0.91094
0.85807
0.75574
0.67775
0.83186
0.8424
0.83345
0.78195
0.77382
0.73758
0.67835
0.51495
0.52326
0.70282
0.86358
0.60242
0.81462
0.84697
0.58556
0.7996
0.8468
0.6856
0.82787
0.5207
0.85141
0.56753
0.81369
0.8173
0.5103
0.91182
0.8425
0.77924
0.89933
0.7904
0.65147
0.79061
0.71818
0.71223
0.43987
0.86019
0.43306
0.8353
0.73917
0.87023
0.8217
0.67751
0.65583
0.65273
0.98719
0.77007
0.63674
0.87993
0.73216
0.84261
0.90217
0.7402
0.92562
0.73351
0.7764
0.27361
0.72426
0.64773
0.50048
0.74322
0.71515
0.73613
0.75168
0.67045
0.56143
0.7521
0.54398
0.5302
0.80285
0.71651
0.65532
0.92771
0.85026
0.77454
0.78384
0.99109
0.80946
0.49844
0.80221
0.70774
0.72534
0.8012
0.70524
1.0194
0.6919
0.45499
0.67748
0.75553
0.52456
0.86583
0.8304
0.76347
0.8636
0.72625
0.69175
0.84267
0.7502
0.57705
0.82791
0.77586
0.70423
0.59695
0.96267
0.4935
0.97332
0.52535
0.41841
0.55506
0.64863
0.71064
0.83569
0.95171
0.4346
0.80007
0.6422
0.4907
0.71696
0.88479
0.79136
0.74976
0.75836
0.77592
0.84254
0.65462
0.79209
0.95796
0.45538
0.75039
0.8836
0.73204
0.69996
0.60405
0.78515
0.77136
0.70627
0.82762
0.76709
0.85128
0.70809
0.70643
0.42707
0.92673
0.63552
0.8241
0.71499
0.91129
0.7727
0.4629
0.86625
0.78591
0.77653
0.58494
0.68918
0.62971
0.77038
0.86235
0.7826
0.71475
0.76456
0.80227
0.58769
0.7785
0.72849
0.70092
0.7423
0.53142
0.50385
0.67349
0.88096
0.55046
0.8868
0.57475
0.73845
0.59402
0.77856
0.88894
0.61343
0.66202
0.68174
0.66953
0.60585
0.73703
0.64922
0.89501
0.80297
0.6069
0.54229
0.51156
0.88264
0.84815
0.73049
0.63616
0.47634
0.54881
0.62437
0.79758
0.8097
0.74251
0.67391
0.5078
0.71874
0.56622
0.95341
0.61571
0.80122
0.59228
0.30674
0.50706
0.72907
0.4396
0.54238
0.44186
0.66863
0.64669
0.81711
0.83513
0.69918
0.66819
0.80116
0.61554
0.71574
0.71724
0.80357
0.87946
0.78882
0.91918
0.81902
0.40018
0.86544
0.66483
0.76936
0.87334
0.87449
0.73355
0.70608
0.90615
0.62144
0.81477
0.64361
0.87444
0.81817
0.50241
0.86056
0.79599
0.8113
0.56836
0.69377
0.79408
0.92833
0.89167
0.45575
0.7594
0.7595
0.56703
0.59277
0.98719
0.62213
0.75862
0.26286
0.79776
0.87523
0.55947
0.94177
0.56252
0.70342
0.51676
0.61231
0.91056
0.75443
0.9337
0.87524
0.72666
0.76204
0.59455
0.81771
0.72216
0.8022
0.90342
0.69517
0.69573
0.89714
0.76155
0.87463
0.79242
0.49848
0.97203
0.54051
0.72263
0.71908
0.70099
0.49319
0.68486
0.55884
0.70252
0.7948
0.58681
0.67128
0.79087
0.8698
0.74965
0.29901
0.68698
0.82561
0.97007
0.9651
0.84479
0.73619
0.74897
0.72648
1.0643
0.73752
0.71629
0.72508
0.70926
0.86851
0.85947
0.97153
0.65743
0.75634
0.58915
0.81414
0.86397
0.62026
0.5825
0.69545
0.4674
0.71104
0.61722
0.66883
0.80754
0.64933
0.70534
0.64593
0.83199
0.47071
0.92505
0.75326
0.54852
0.61396
0.5166
0.85191
0.80945
0.89157
0.82743
0.696
0.72451
0.6479
0.59996
0.69988
0.63601
0.69538
0.63691
1.0834
0.70523
0.88246
0.62695
0.86162
0.66538
0.76688
0.60882
0.61988
0.80068
0.70955
0.72947
0.94753
0.66494
0.69205
0.62933
0.8731
0.54473
0.77671
0.70148
0.82203
0.95758
0.83054
0.63992
0.81657
0.33819
0.56624
0.50294
0.82228
0.93223
0.62416
0.6796
0.70019
0.78325
0.98063
0.89961
0.56529
0.48023
0.62734
0.56183
1.0295
0.91769
0.80134
0.92125
0.65543
0.82659
0.50769
0.72226
0.71002
0.59522
0.59792
0.73619
0.80793
0.91622
0.53197
0.9372
0.70498
0.91375
0.80344
1.123
0.53462
0.61857
0.87905
0.80535
0.67988
0.69201
0.67024
0.73172
0.65916
0.78102
0.7978
0.92726
0.7185
0.61139
0.47164
0.88403
0.72408
0.78941
0.94594
0.76363
0.76598
0.75872
0.72275
0.59639
0.79266
0.67042
0.61513
0.41665
0.81938
0.64423
0.89281
0.57445
0.86092
0.82674
0.55269
0.93723
0.69484
0.62292
0.90403
0.80159
0.7486
0.63624
0.53095
0.89
0.73365
0.8073
0.88586
0.74684
0.83561
0.85358
0.81601
0.66697
0.69628
0.88384
0.35646
0.69551
0.61953
0.88211
0.65605
0.51163
0.87906
0.74384
0.47667
0.73333
0.76513
0.66009
0.94183
0.88498
0.71597
0.7901
0.73784
0.67568
0.66372
0.73433
0.70613
0.78566
0.77761
0.76841
0.63876
0.8317
0.43417
0.52528
0.58123
0.47106
0.74557
0.64913
0.53274
0.70964
0.64003
0.50431
1.0009
0.39311
0.83574
0.68966
0.59621
0.56755
0.73549
0.74084
0.56626
0.57718
0.75099
0.77888
0.75187
0.78996
0.69177
0.72494
0.7926
0.56716
0.73801
0.95384
0.68555
0.6901
1.068
0.76094
0.67003
0.73342
0.91817
0.78775
0.46196
0.77466
0.86755
0.81431
0.79031
0.73368
0.68347
0.89698
0.51235
0.83323
0.94203
0.6283
0.50858
0.56205
0.84491
0.77147
0.84546
0.85955
0.67131
0.73203
0.66516
0.81789
0.71963
0.88455
0.42384
0.88021
0.95066
0.61674
0.53836
0.56126
0.68561
0.8693
0.86308
0.53634
0.63362
0.78229
0.49054
0.67385
0.62584
0.90007
0.85563
0.76367
0.72737
0.62198
0.76888
0.68164
0.65365
0.82111
0.67903
0.42353
0.88908
0.76963
0.50967
0.69023
0.84981
0.69639
0.64895
0.69194
0.63977
0.59811
0.69731
0.81247
0.84245
0.87058
0.47916
0.74046
0.76364
0.66946
0.62493
0.8041
0.4482
0.75806
0.78124
0.75484
0.52327
0.63395
0.70104
0.72828
0.58149
0.69401
0.84906
0.72403
0.91545
0.9083
0.80107
0.44032
0.65921
0.61715
0.50205
0.80357
0.7929
0.69672
0.87182
0.60903
0.78297
0.51872
0.78292
0.75178
0.61881
0.7603
0.72168
0.5587
0.60285
0.69879
0.68947
0.40932
0.85235
0.81296
0.65684
0.8632
0.68546
0.85341
0.94041
0.62982
0.67454
0.62996
0.76997
0.83116
0.66557
0.79016
0.87231
0.6169
0.80854
0.92583
0.75659
0.71888
0.85061
0.76538
0.49838
0.70999
0.64905
0.52274
1.0234
0.95481
0.75924
0.73606
0.76003
0.8053
0.9318
0.60066
0.7411
0.74573
0.82239
0.95486
0.82796
0.7576
0.75567
0.89997
0.78505
0.43118
0.95945
0.61438
0.65126
0.654
0.75664
0.76919
0.75132
0.9007
0.73606
0.57994
0.75482
0.59183
0.81563
0.6199
0.72348
0.70471
0.84274
0.84479
0.90859
0.82211
0.56088
0.473
0.75929
0.54825
0.77636
0.76712
0.66311
0.89583
0.83245
0.91903
0.86124
0.88183
0.81642
0.3677
0.8086
0.56371
0.82663
0.61522
0.39264
0.70683
0.6704
0.85298
0.73015
0.67939
0.61499
0.70437
0.90713
0.98108
0.83952
0.88358
0.85022
0.87602
0.72161
0.83085
0.81163
0.71678
0.85815
0.79496
0.61372
0.71835
0.81122
0.81687
0.60662
0.77942
0.75908
0.8004
0.75626
0.87265
0.74964
0.95597
0.3231
0.61406
0.34018
0.73554
1.0684
0.77194
0.83644
0.74077
0.83854
0.84786
0.93229
0.79772
0.68695
0.65739
0.79863
0.67391
0.6062
0.67385
0.70515
0.64503
0.85014
0.50222
0.7068
0.7924
0.78976
0.96946
0.75699
0.57152
0.44566
0.70593
0.64756
0.44632
0.55219
0.69469
0.63422
0.76148
0.78556
0.88452
0.73167
0.67241
0.74007
0.62067
0.68824
0.87793
0.94057
0.88015
0.7355
0.32549
0.74893
0.85085
0.82143
0.81143
0.51336
0.86236
0.49178
0.66869
0.41263
0.71038
0.7639
0.99766
0.68377
0.73096
0.82062
0.88836
0.84897
0.50312
0.69411
0.68221
0.58377
0.76944
0.72441
0.6824
0.73542
0.81318
0.6382
0.60249
0.53548
0.76134
0.7866
0.43714
0.80085
0.78494
0.52041
0.57789
0.73683
0.83268
0.73581
0.74476
0.73235
0.54506
0.86854
0.72414
0.87374
0.59632
0.68231
0.45024
0.99925
0.83767
0.80427
0.69871
0.74564
0.74414
0.41668
0.93803
0.78941
0.81039
0.69422
0.87847
0.7694
0.6354
0.6559
0.59116
0.74859
0.71515
0.87198
0.77114
0.66213
0.87666
0.75245
0.83411
0.5059
0.96821
0.87703
0.60062
0.57378
0.61905
0.68088
0.63043
0.50066
0.61086
0.37122
0.74974
0.5822
0.64989
0.80523
0.93511
0.66968
0.76703
0.71129
0.81664
0.75008
0.83562
0.56293
0.60342
0.74477
0.93583
0.61961
0.60065
0.6405
0.8397
0.75922
0.45188
0.76023
0.84696
0.76704
0.4564
0.6858
1.0057
0.85513
0.66264
0.78095
0.72859
0.63718
0.80668
0.81345
0.59109
0.46427
0.59339
0.78188
0.53224
0.85477
0.70162
0.97043
0.75157
0.70584
0.73077
0.39864
0.54003
0.60847
0.65892
0.61658
0.64381
0.86185
0.38491
0.86699
0.71069
0.94506
0.65819
0.50402
0.73209
0.84317
0.71537
0.68696
0.68093
0.82519
0.66333
0.56754
0.72339
0.76949
0.90436
0.91863
0.56516
0.62314
0.71304
0.94497
0.71344
0.85599
0.58718
0.78931
0.52412
0.77402
0.6856
0.82171
0.38912
0.80375
0.68811
0.56808
0.6483
0.33983
0.8006
0.89345
0.5756
0.9331
0.75437
0.5991
0.80762
0.60132
0.7812
0.51588
0.66884
0.69382
0.93585
0.67794
0.58403
0.85327
0.81595
0.86932
0.88394
0.75829
0.52589
0.66787
0.67279
0.70242
0.69765
0.518
0.70585
0.79322
0.68186
0.78783
0.66377
0.74174
0.83209
0.78154
0.84417
0.74353
0.62431
0.577
0.65117
0.87224
0.70717
0.87428
0.69471
0.76776
0.79833
0.60808
0.73007
0.91084
0.66945
0.67606
0.76911
0.82751
0.66023
0.55128
0.98346
0.70549
0.73091
0.55194
0.65101
0.51073
0.73525
0.59493
0.95439
0.78984
0.79532
0.7782
0.8786
0.46672
0.84871
0.72438
0.39053
0.93986
0.80325
0.81292
0.81643
0.69388
0.75412
0.62474
0.77819
0.36707
0.85839
0.76469
0.37192
0.51916
0.67805
0.5876
0.60626
0.55252
0.8534
0.78662
0.70028
0.82744
0.62339
0.8381
0.44537
0.50026
0.78456
0.91277
0.69512
0.95616
0.77862
0.69624
0.65424
0.8584
0.6689
0.75293
0.84198
0.58402
0.87286
0.93142
0.77797
0.71463
0.83471
0.57
0.73676
0.68391
0.74046
0.4861
0.84487
0.69283
0.89183
0.96042
0.77147
0.36051
0.70827
0.52766
0.74945
0.72269
0.59647
0.69294
0.77486
0.45
0.60132
0.88617
0.51471
0.97544
0.73405
0.65314
0.79147
0.95798
0.77586
0.75487
0.45214
0.86133
0.69778
0.90442
0.96314
0.63775
0.55287
0.72126
0.88185
0.87197
0.71087
0.77343
0.76635
1.0846
0.75907
0.65789
0.77923
0.93609
0.82587
0.87345
0.79666
0.62432
0.72144
0.77545
0.83081
0.61913
0.62439
0.7401
0.70705
0.79185
0.74126
0.60667
0.78473
0.84492
0.93015
0.71158
0.59141
0.64918
0.59949
0.60875
0.53263
0.69746
0.74706
0.40438
0.67494
0.61078
0.70689
0.82728
0.35633
0.80543
0.45001
0.5747
1.0598
0.81513
0.79573
0.55939
0.84579
0.76942
0.87635
0.7245
0.6168
0.69494
0.84957
0.79864
0.56426
0.73788
0.99129
0.67908
0.68539
0.75879
0.93238
0.74181
0.6854
0.81035
0.9749
0.67484
0.66534
0.99499
0.81002
0.83475
0.81159
0.76748
0.83112
0.69932
0.50087
0.61028
0.64901
0.70082
0.82063
0.70065
0.61608
0.79015
0.73705
0.51627
0.63903
0.98889
0.80155
0.76361
0.82397
0.93445
0.87818
0.54876
0.52563
0.6811
0.92264
0.76529
0.8651
0.76725
0.77778
0.71831
0.32052
0.71424
0.55787
0.77972
0.60375
0.6562
0.41602
0.78
0.90804
0.74357
0.83118
0.80249
0.61417
0.74541
0.71386
0.80915
0.58518
0.52683
0.8095
0.61539
0.88777
0.7512
0.41641
1.0197
0.8816
0.74309
0.72075
0.89654
0.39343
0.40132
0.73519
0.81288
0.7197
0.45962
0.73995
0.5921
0.7763
0.6554
0.62249
0.80852
0.85651
0.62759
0.74356
0.89246
0.76763
0.82034
0.90405
0.56732
0.62925
0.82894
0.73637
0.61396
0.40837
0.40824
0.70499
0.66395
0.72732
0.59217
0.73176
0.55852
0.83075
0.66816
0.67603
0.3478
0.60819
0.60861
0.76364
0.74402
0.92658
0.7569
0.40531
0.71888
0.81593
0.64221
0.73428
0.96415
0.77708
0.81187
0.82237
0.65803
0.96067
0.53001
0.72541
0.53553
0.82143
0.63836
0.52417
0.90028
0.80684
1.0038
0.78546
0.58544
0.70769
0.42529
0.69454
0.84506
0.72665
0.66546
0.62817
0.32568
0.90751
0.65424
0.8398
0.65655
0.56336
0.79088
0.86278
0.77333
0.85591
0.9026
0.81236
0.82399
0.65177
0.64816
0.67294
0.61727
0.76385
0.72058
0.92487
0.92474
0.89276
0.49768
0.38841
0.68728
1.0198
0.39404
0.74634
0.7413
0.81817
0.64911
0.8869
0.85734
0.512
0.72134
0.80421
0.66146
0.56041
0.74753
0.91325
0.86825
0.51254
0.89026
0.70774
0.65928
0.74491
0.89891
0.74303
0.91397
0.59366
0.72152
0.73233
0.91504
0.81072
0.65397
0.69502
0.96664
0.75921
0.87378
0.63628
0.80041
0.88915
0.8963
0.79334
0.86427
0.64613
0.78225
0.64719
0.77087
0.54654
0.75105
0.58122
0.84903
0.74865
0.62648
0.64334
0.89243
0.77538
0.94626
0.71001
0.83142
0.45848
0.78607
0.62205
0.75318
0.5365
0.66589
0.8288
0.95185
0.70147
0.69527
0.91034
0.80462
0.71456
0.65869
0.62138
0.69471
0.78017
0.86317
0.67878
0.80572
0.74288
0.58532
0.83794
0.71442
0.72472
0.54275
0.82593
0.7398
0.74909
0.7206
0.80457
0.60761
0.74051
0.78549
0.50098
0.57307
0.59388
0.88748
0.62792
0.75438
0.77794
0.82554
0.81579
0.76819
0.74436
0.75882
0.82683
0.66569
0.55911
0.6759
0.50105
0.3833
0.95617
0.77958
0.90108
0.73663
0.70892
0.72355
0.80794
0.59804
0.908
0.71056
0.74068
0.68744
0.33011
0.82244
0.8193
0.82974
0.80191
0.54799
0.94985
0.7131
0.70159
0.78519
0.81343
0.55525
0.5826
0.88537
0.55727
0.69296
0.55266
0.79931
0.7015
0.7932
0.48414
0.86198
1.0319
0.65848
0.86762
0.80433
0.91268
0.5952
0.51038
0.71123
0.81962
0.67103
0.90117
0.95878
0.38332
0.85534
0.90517
0.62196
0.58018
0.78557
0.69753
0.67309
0.59999
0.48119
0.88655
0.6412
0.64903
0.70863
0.75402
0.79168
0.7189
0.35034
0.74459
0.86645
0.81341
0.58354
0.77422
0.63218
0.74301
0.45779
0.86348
0.55761
1.123
0.82863
0.71479
0.79438
0.58612
0.76337
0.57632
0.82463
0.85291
0.70036
0.76419
0.52202
0.79672
0.92799
0.86685
0.67741
0.6614
0.50253
0.70443
0.62844
0.88309
0.84843
0.63875
0.71576
0.68699
0.67877
0.84607
0.69867
0.71252
0.69759
0.93399
0.75308
0.56323
0.93264
0.79497
0.86855
0.7693
0.55131
1.0071
0.74727
0.79089
0.69194
0.75402
0.92181
0.9052
0.79373
0.63489
0.65166
0.70038
0.89615
0.8427
0.55244
0.47101
0.67188
0.86649
0.60463
0.69882
0.71335
0.59389
0.67147
0.86775
0.76179
0.78257
0.49032
0.57457
0.68508
0.52088
0.7893
0.60693
0.63809
0.62033
0.60414
0.64938
0.93899
0.63649
1.0087
0.74256
0.61367
0.71188
0.52094
0.85193
0.78562
0.81889
0.78415
0.68832
0.4149
0.58105
0.58285
0.75079
0.93652
0.61645
1.032
0.77642
0.62335
0.87049
0.65158
0.70092
1.0068
0.74032
0.81795
0.62396
0.77908
0.86148
0.87074
0.5432
0.89187
0.65449
0.65088
0.86944
0.72628
0.77526
0.70712
0.59628
0.77844
0.85453
0.90529
0.7265
0.74545
0.46982
0.56594
0.58921
0.6912
0.95794
0.707
0.65009
0.64541
0.81302
0.81623
0.79264
0.69519
0.78351
0.67169
0.78866
0.72929
0.94099
0.48282
0.81018
0.86927
0.88006
0.81376
0.89991
0.79613
0.68034
0.73404
0.77325
0.59381
0.50405
0.64862
0.92443
0.68434
0.89788
0.73321
0.60444
0.67367
0.87612
0.95669
0.71494
0.84383
0.83891
0.64411
0.58765
0.60775
0.79122
0.60673
0.50181
0.80873
0.87351
0.75476
0.80342
0.55287
0.81009
0.58966
0.55063
0.70607
0.64806
0.66206
0.67476
0.84071
0.81874
0.72185
0.59114
0.85727
0.74538
0.63205
0.75434
0.67386
0.79638
0.71983
0.571
0.63348
0.76774
0.70485
0.78211
0.64873
0.70473
0.69626
0.65542
0.8114
0.79177
0.73533
0.70918
0.62485
0.73482
0.66163
0.79898
0.71283
0.76252
0.91325
0.67739
0.80856
0.74475
0.70097
0.72572
0.59442
0.72189
0.45463
0.80966
0.78209
0.69462
0.98292
0.46
0.7393
0.89897
0.8404
0.66537
0.83526
0.69489
0.80224
0.66944
0.73085
0.85388
0.67617
0.81361
0.94624
0.36596
0.9439
0.38122
0.87826
0.75921
0.889
0.49131
0.80365
0.84036
0.66882
0.88098
0.66102
0.9546
0.71647
0.6075
0.82152
0.87
0.81065
0.51228
0.58203
0.53671
0.8297
0.87468
0.8533
0.84558
0.82748
0.95411
0.61637
0.50496
0.54804
0.52591
0.70204
0.45701
0.24479
1.0061
0.94154
0.65127
0.93112
0.86823
0.57938
0.67646
0.79402
0.75845
0.88965
0.81154
0.5761
0.59573
0.82972
0.78413
0.91256
0.6022
0.83286
0.93777
0.86339
0.75787
0.83723
0.5989
0.88439
0.91547
0.87497
0.59909
0.58095
0.74755
0.61412
0.73662
0.85697
0.86069
0.91485
0.52824
0.98022
0.70648
0.6979
0.77498
0.77361
0.82787
0.76211
0.60732
0.49128
0.59092
0.73245
1.0139
0.73023
0.62676
0.66987
0.89751
0.67396
0.52436
0.64254
0.51038
0.68733
0.77681
1.0061
0.85779
0.81298
0.82078
0.71686
0.90642
0.87232
0.71382
0.56658
0.81538
0.66108
0.71643
0.58295
0.61663
0.66145
0.78447
0.72435
0.60148
0.40762
0.55199
0.42803
0.95953
0.7072
0.6358
0.81399
0.71736
0.74067
0.62037
0.57267
0.89829
0.72268
0.58778
0.88282
0.86833
0.61272
0.94505
0.6957
0.74184
0.78825
0.58244
0.72191
0.30237
0.68437
0.649
0.68903
0.5152
0.58894
0.82492
0.77461
0.80335
0.75859
0.60667
0.78988
0.80013
0.80455
0.73243
0.7158
0.74922
0.47641
0.82859
0.68056
0.70594
0.76687
0.76197
0.74158
0.71132
0.94097
0.70611
0.60027
0.93912
0.64678
0.84784
0.8825
0.37854
0.77436
0.66534
0.85795
0.76758
0.41874
0.84122
0.64665
0.52332
0.72398
0.76617
0.66259
0.41413
0.76914
0.54789
0.73774
0.86516
0.62476
0.5006
0.74403
0.74175
0.71545
0.76102
0.85167
0.73517
0.49403
0.83236
0.66578
0.65674
0.6787
0.88576
0.47295
0.836
0.88821
0.72094
0.83227
0.69664
0.76694
0.86787
0.84198
0.67268
0.59411
0.80995
0.67874
0.88536
0.7663
0.86911
0.75921
0.80638
0.68297
0.82932
0.5217
0.76122
0.91574
0.97399
0.64139
0.76202
0.68534
0.84156
0.81608
0.65842
0.703
0.69862
0.72164
0.75725
0.7676
0.82286
0.88342
0.63902
0.55107
0.99142
0.77558
0.77386
0.93862
0.6078
0.83804
0.78853
0.80625
0.76499
0.71688
0.86495
0.78334
0.64784
0.59795
0.68562
0.57596
0.7313
0.73915
0.58779
0.37435
0.3548
0.69799
0.74242
0.77036
0.33899
0.84545
0.7409
0.55669
0.77176
0.72237
0.92858
0.86334
0.72878
0.89709
0.66242
0.54869
0.71452
0.78638
0.64491
0.75366
0.68534
0.53995
0.89042
0.78829
0.81302
0.88957
0.81543
0.47395
0.50758
0.96969
0.85661
0.55583
0.79467
0.46142
0.88951
0.63292
0.77932
0.88953
0.79791
0.8246
0.76382
0.78669
0.59793
0.80056
0.70405
0.5771
0.81081
0.60478
0.83332
0.57132
0.84581
0.69773
0.75878
0.70307
0.87786
0.69099
0.59349
0.46094
0.63273
0.80652
0.70168
0.5365
0.79066
0.72046
0.49754
0.68473
0.72896
0.96055
0.77621
0.635
0.75916
0.63147
0.85397
0.78083
0.40804
0.8889
0.76791
0.78506
0.88185
0.83849
0.97788
0.82751
0.68538
0.75739
0.73779
0.77827
0.82159
0.89837
0.78266
0.82162
0.59295
0.73544
0.84718
0.60251
0.86036
0.72386
0.9469
0.91005
0.77607
0.89011
0.41352
0.69526
0.8602
0.5416
0.65991
0.82184
0.8879
0.63444
0.71569
0.92319
0.87031
0.41004
0.85464
0.51764
0.68848
0.67669
0.77089
0.73436
0.54327
0.3865
0.82857
0.76961
0.85042
0.84629
0.86907
0.93984
0.88676
0.71684
0.62697
0.74679
0.50677
0.85188
0.63536
0.62821
0.86036
0.97726
0.98833
0.7103
0.70006
0.90622
0.66533
0.60407
0.89947
0.7715
0.68661
0.58668
0.78576
0.77299
0.62243
0.80975
0.724
0.82371
0.90644
0.91195
0.94646
0.73319
0.81158
1.0341
0.67774
0.82289
0.763
0.73376
0.91636
0.77348
0.58524
0.74579
0.65884
0.83889
0.75783
0.55878
0.62347
0.75687
0.68548
0.75005
0.77784
0.88542
0.7292
0.79345
0.70826
0.83888
1.0085
0.79498
0.71804
0.81266
0.61333
0.89883
0.85378
0.73869
0.62796
0.54344
0.66342
0.83665
0.74395
0.99888
0.62946
0.85971
0.68731
0.67419
0.83048
0.65212
0.68654
0.87466
0.81403
0.56828
0.9411
0.8189
0.74544
0.5245
0.67234
0.97596
0.80008
0.55665
0.61517
0.74488
0.83045
0.65478
0.7518
0.73667
0.5459
0.50418
0.90995
0.62518
0.8373
0.70867
0.90871
0.77128
0.49436
0.82525
0.78331
0.67408
0.96173
0.87657
0.78266
0.93002
0.66139
0.93429
0.71954
0.78506
0.98572
0.77341
0.68095
0.52977
0.9486
0.80368
0.55362
0.7322
0.72645
0.73069
0.64095
0.89952
0.8086
0.82834
0.8089
0.71367
0.61586
0.57704
0.92739
0.74744
0.66743
0.84315
0.56005
0.65728
0.89345
0.95111
0.50746
0.65612
0.51807
0.83798
0.81371
0.6276
0.81929
0.94129
0.73172
0.71676
0.72397
0.84808
0.79943
0.6814
0.83084
0.84276
0.69477
0.88803
0.79162
0.84604
0.85823
0.79394
0.83405
0.43872
0.85553
0.73182
0.75633
0.70715
0.91029
0.80354
0.79621
0.55018
0.68376
0.777
0.77222
0.4793
0.75212
0.52716
0.95793
0.68712
0.79139
0.6828
0.92048
0.78945
0.4838
0.56899
0.8262
0.48619
0.9905
0.84674
0.71717
0.67742
0.63761
0.62226
0.78289
0.77449
0.76859
0.94339
0.61199
0.66061
0.60798
0.84612
0.74819
0.85044
0.76344
0.71383
1.0348
0.78324
0.79341
0.98487
1.0043
0.85068
0.63531
0.63693
0.61277
0.8657
0.90092
0.62389
0.63561
0.8407
0.86951
0.38076
0.76181
0.69044
0.65361
0.56149
0.76062
0.95177
0.79987
1.0204
0.92784
0.84458
0.78577
0.80582
0.6937
1.0012
0.46321
0.64683
0.70641
0.96917
0.83323
0.54571
0.71625
0.93481
0.61623
0.77033
0.8574
0.90195
0.64314
0.77818
0.64811
0.8778
0.87251
0.97112
0.83774
0.7081
0.8041
0.5817
0.60215
0.71004
0.91272
0.8872
0.9027
0.77073
0.61651
0.50389
0.77916
0.93161
0.50272
0.57255
0.6547
0.61436
0.33959
0.70507
0.55931
0.86207
0.68762
0.71715
0.71957
0.75642
0.89902
0.74604
0.61831
0.63359
0.66603
0.84715
0.55882
0.58497
0.63913
0.90017
0.47061
0.79461
0.84012
0.6479
0.68843
0.45759
0.94272
0.75902
0.82582
0.81698
0.78689
0.76297
0.79013
0.85375
0.86975
0.73096
0.51728
0.59787
0.64846
0.65274
0.73409
0.84079
0.7496
0.81095
0.60204
0.46073
0.75977
0.64274
0.57669
0.76169
0.78543
0.75761
0.89752
0.96968
0.6692
0.91667
0.74779
1.0243
0.74785
0.66524
0.78716
0.7481
0.69484
0.42939
0.67793
0.58203
0.53782
0.78092
0.66567
0.63998
0.67436
0.75512
0.80522
0.84023
0.66356
0.64457
0.67669
0.64505
0.73873
0.68498
0.58682
0.76722
0.71438
0.56808
0.54007
0.8089
0.73859
0.67164
0.85146
0.5267
0.95869
0.78361
0.94612
0.57891
0.79375
0.54925
0.37086
0.459
0.80258
0.7564
0.82022
0.46279
0.79462
0.77886
0.61378
0.64857
0.69779
0.86883
0.50857
0.8536
0.91776
0.926
0.91222
0.78182
0.88867
0.88634
0.82299
0.6307
0.7152
0.99708
1.0171
0.88733
0.66698
0.73387
0.6299
0.87785
0.62269
0.79851
0.68002
1.0362
0.77121
0.78812
0.80001
0.62221
0.78939
0.99501
0.56075
0.8127
0.71842
0.66227
0.50933
0.54427
0.69985
0.86728
0.81351
0.54935
0.84663
0.63014
0.81293
0.60052
0.82287
0.5524
0.68776
0.59968
0.74221
0.69446
1.0012
0.74872
0.75445
0.77854
0.87791
0.85584
0.69529
0.65519
0.81072
0.69705
0.73441
0.82107
0.77103
0.59667
0.64613
0.70929
0.77616
0.68616
0.90543
0.63633
0.63082
0.75759
0.98691
0.75522
0.66967
0.87113
0.5196
0.71175
0.68473
0.51155
0.63734
0.81009
0.64228
0.84027
0.54703
0.81517
0.73299
0.79328
0.69831
0.82352
0.8497
0.65234
0.84474
0.60041
0.81357
0.78368
0.88796
0.89203
0.90389
0.79169
0.59761
0.7751
0.85078
0.8461
0.77772
0.41948
0.74679
0.68319
0.51538
0.66394
0.8157
0.70265
0.58348
0.72161
0.77936
0.907
0.67693
0.6111
0.8859
0.70095
0.66215
0.73342
0.68226
0.90446
0.55137
0.63016
0.64334
0.77164
0.82471
0.71512
0.76864
0.8129
0.92011
0.83171
0.73195
0.76319
0.70665
0.83333
0.65677
0.9048
0.60164
0.63182
0.8216
0.92092
0.49269
0.49641
0.59638
0.99273
0.81271
0.51653
0.90459
0.53804
0.92002
0.90002
0.72107
0.70411
0.55966
0.57148
0.97084
0.82339
1.0385
0.68834
0.57921
0.76565
0.96704
0.87512
0.81077
0.77916
0.72628
0.77692
0.77266
0.84835
0.61473
0.74739
0.56131
0.71625
0.93914
0.89302
0.94409
0.73381
0.66865
0.76917
0.8343
0.57321
0.72629
0.7428
0.65966
0.92456
0.75242
0.84324
0.77158
0.75418
0.98175
0.56333
0.68674
0.93965
0.67165
0.6958
0.84456
0.54922
0.59874
0.94005
0.8973
0.65998
0.66358
0.8993
0.65314
0.85628
0.81881
0.76625
0.61168
0.60506
0.83533
0.67127
0.56904
0.53063
0.82387
0.82671
0.63135
0.6723
0.76721
0.75139
0.77477
0.83889
0.69048
0.60821
0.78755
0.69234
0.79757
0.88606
0.71884
0.78649
0.80616
0.74002
0.68881
0.91307
0.63401
0.7418
0.71456
0.84731
0.49449
0.83148
0.83262
0.48669
0.89613
0.48612
0.77121
0.40516
0.75807
0.94329
0.91321
0.54092
0.93702
0.84983
0.92646
0.68527
0.7876
0.63042
0.69131
0.69913
0.82306
0.69338
0.58821
0.692
0.75133
0.53343
0.7751
0.6417
0.79384
0.5081
0.67579
0.74052
0.71835
0.88143
0.76938
0.62155
0.8594
0.61257
0.63852
0.55626
0.67053
0.51795
0.56111
0.74412
0.42867
0.86368
0.6574
0.84094
0.50178
0.73277
0.53483
1.0052
0.74768
0.73168
0.96489
0.73911
0.63382
0.9158
0.70072
0.87922
0.64199
0.71947
0.35172
0.46738
0.71499
0.62828
0.55962
0.54914
0.81575
0.70252
0.78998
0.5579
0.78179
0.79782
0.88782
0.55321
0.65556
1.0243
0.56649
0.71087
0.55579
0.78064
0.69851
0.8576
0.87205
0.72021
0.66547
0.73808
0.7641
0.56225
0.72031
0.63032
0.58334
0.8087
0.86468
0.86814
0.58042
0.85005
0.71436
0.75081
0.89145
0.84956
0.72207
0.77136
0.93692
0.81189
0.99601
0.39298
0.94654
0.75455
0.71751
0.70473
0.84509
0.81854
0.80835
0.81222
0.74688
0.63376
0.39502
0.79752
0.82174
0.64259
0.87071
0.79923
0.75452
0.86522
0.56435
0.74595
0.81809
0.57335
0.89964
0.6674
0.65557
0.74369
0.65308
0.72273
0.81716
0.81196
0.54644
0.68426
0.75826
0.37272
0.49708
0.69321
0.76019
0.56866
0.87229
0.68205
0.82118
0.67719
0.80268
0.72577
0.5748
0.78686
1.0329
0.65247
0.65417
0.25129
0.80589
0.90694
0.61062
0.7683
0.7257
0.47334
0.72813
1.0144
0.91084
0.8029
0.67671
0.64149
0.6255
0.71301
0.60061
0.89796
0.84072
0.868
0.85674
0.77849
0.74101
0.44767
0.75105
0.68875
0.73186
0.83115
0.81555
0.64555
0.83722
0.44549
0.66885
0.58294
0.61392
0.80823
0.66148
0.79629
0.47505
0.76377
0.74223
0.7282
0.63025
0.65402
0.81389
0.76809
0.49102
0.69238
0.77594
0.71915
0.76847
0.63348
0.73967
0.74797
0.50864
0.78399
0.71929
0.73754
0.72124
0.66132
0.67506
0.84584
0.92519
0.69826
0.5728
0.73996
0.77275
0.62636
0.68715
0.61951
0.75545
0.78384
0.88872
0.75048
0.78414
0.78796
0.58386
0.53188
0.61072
0.8006
0.65569
0.71008
0.73624
0.59234
0.52149
0.8533
0.62933
0.57205
0.64534
0.71284
0.77064
0.85509
0.85245
0.6412
0.72871
0.86432
0.83924
1.0162
0.63376
0.9013
0.77307
0.88673
0.75988
0.6807
0.76847
0.76172
0.72236
0.7317
0.40859
0.88795
0.85523
0.82551
0.84794
0.79099
0.64285
0.50851
0.81625
0.67618
0.71565
0.73279
0.52952
0.8699
0.67657
0.70464
0.62627
0.4825
0.84182
0.73245
0.83101
0.74812
0.8584
0.91788
0.9311
0.53218
0.73389
0.71658
0.75091
0.79271
0.57451
0.52536
0.66096
0.88959
0.5059
0.88004
0.71084
0.54885
0.62168
0.76186
0.99785
0.64562
0.73744
0.66516
0.47302
0.46804
0.69111
0.83312
0.56944
0.78598
0.75435
0.824
0.38275
0.80784
0.88097
0.77791
0.92957
0.83576
0.67069
0.67629
0.90552
0.79072
0.83232
0.68841
0.68206
0.82984
0.74677
0.55462
0.70444
0.72742
0.77942
0.7379
0.64652
0.80991
0.67969
0.85791
0.54069
0.62372
0.73577
0.56747
0.76218
0.79357
0.47799
0.66998
0.8291
0.67438
0.85946
0.70343
0.55464
0.83864
0.71511
0.72041
0.80205
0.65245
0.63915
0.54299
0.79846
0.72402
0.6498
0.88703
0.7878
0.80074
0.63107
1.0114
0.90149
0.69275
0.91557
0.85898
0.71471
0.37958
0.78295
0.96422
0.80011
0.42289
0.74864
0.72145
0.81029
0.66609
0.79106
0.85961
0.67991
0.95211
0.83404
0.85195
0.75727
0.68336
0.91297
0.66678
0.64766
0.8134
0.84826
0.59682
0.79913
0.91333
0.85995
0.99602
0.8696
0.58872
0.64464
0.55945
0.6907
0.74926
0.70922
0.69863
0.44526
0.55699
0.6134
0.72306
0.90851
0.7386
0.72826
0.79545
0.80556
0.85482
0.76146
0.24974
0.58211
0.6532
0.88872
0.56109
0.66088
0.73748
0.59984
0.89568
0.92437
0.69157
0.84103
0.67333
0.69304
0.88063
0.77301
0.57225
0.63313
0.81287
0.95756
0.7246
0.78507
0.81454
0.85972
0.67896
0.75118
0.79272
0.84725
0.60624
0.70676
0.7328
0.66182
0.95657
0.96307
0.4748
0.74303
0.56934
0.63172
0.9348
0.7862
0.58871
0.74464
0.85439
0.70424
0.76942
0.65153
0.60437
0.79768
0.90066
0.74785
0.80428
0.76085
0.78069
0.94802
0.62144
0.71632
0.52591
0.58259
0.62774
0.76849
0.48928
0.75853
0.71173
0.82966
0.7776
0.79478
0.69149
0.67294
0.50425
1.1006
0.76762
0.74645
0.77134
0.66143
0.46623
0.71007
0.87842
0.65296
0.72646
0.52107
0.7807
0.81822
0.7549
0.48397
0.82426
0.8754
0.70881
0.68012
0.90096
0.8755
0.73528
0.6561
0.55883
0.87539
0.76996
0.55023
0.80422
0.70882
0.85842
0.67736
0.73126
0.85185
0.76206
0.79947
0.83691
0.68815
0.55446
0.82463
0.68954
0.81724
0.61338
0.87512
0.78452
0.67915
0.57678
0.58844
0.8814
0.77128
0.72577
0.73208
0.61233
0.70742
0.83318
0.84768
0.69963
0.82416
0.5098
0.96568
0.6017
0.88787
0.47093
0.74804
0.85359
0.71086
0.73485
0.69545
0.77667
0.50897
0.73718
0.95333
0.89118
0.78195
0.81063
0.66065
0.85433
0.8176
0.50898
0.64934
0.93931
0.44032
0.7831
0.74502
0.6138
0.73312
0.92953
0.82607
0.76819
0.9133
0.77808
0.58362
0.72223
0.90102
0.84972
0.8199
0.65718
0.78618
0.6182
0.75478
0.66778
0.86309
0.87963
0.77523
0.42706
0.58729
0.7396
0.7193
0.74651
0.74723
0.77866
0.89875
0.41246
0.92273
0.75502
0.72669
0.63231
0.72307
0.84429
0.63865
0.83316
0.63559
0.90547
0.56329
0.65549
0.58003
0.7128
0.79401
0.65245
0.61179
0.96273
0.66081
0.81602
0.75155
0.7056
0.92591
1.0109
0.93876
0.69916
0.55321
0.82106
0.97227
0.47206
0.62123
0.73354
0.58966
0.57638
0.95135
0.81749
0.68099
0.51605
0.8035
0.86186
0.75436
0.85969
0.57555
0.64266
0.66025
0.82101
0.77127
0.74899
0.79276
0.69054
0.88177
0.67321
0.63132
0.64264
0.70321
0.76077
0.77729
0.62859
0.91205
0.72598
0.74621
0.79262
0.67968
1.0644
0.84809
0.79415
0.69221
1.0498
0.68838
0.80979
0.65225
0.89229
0.77461
0.98058
0.77472
0.66942
0.7947
0.66443
0.87461
0.80982
0.85166
0.54877
0.81006
0.73886
0.91923
0.75661
0.63911
0.55349
0.92909
0.92186
0.83216
0.86312
0.68537
0.80984
0.76955
0.43545
0.6731
0.6674
0.80718
0.85159
0.40094
0.45836
0.87985
0.79759
0.68446
0.83106
0.90539
0.77514
0.88842
0.95335
0.75557
0.93982
0.82967
0.72339
0.49165
0.82912
0.65191
0.79488
0.67264
0.84425
0.69427
0.76579
0.73106
0.71994
0.9534
0.64384
0.95131
0.63413
0.80932
0.65347
0.54239
0.8481
0.89499
0.76823
0.85388
0.7578
0.63023
0.5544
0.59336
0.77852
0.62063
0.56894
0.72102
0.8531
0.56195
0.87132
0.59482
0.68309
0.67885
0.79116
0.74137
0.81289
0.93868
0.84539
0.87151
0.72564
0.867
0.76264
0.8365
0.64693
0.6386
0.85168
0.84444
0.93565
0.47745
0.52422
0.66043
0.81841
0.6431
0.87741
0.60508
0.63729
0.73423
0.88046
0.74352
1.0779
0.76766
0.40225
0.91522
0.9322
0.80112
0.53726
0.78951
0.92583
0.65795
0.85487
0.51984
0.44497
0.63566
0.99188
0.749
0.79023
0.71098
0.62826
0.26362
0.91915
0.93972
0.7839
0.89314
0.61801
0.55805
0.80437
0.85752
1.0278
0.84426
0.71448
0.46379
0.71705
0.73409
0.46701
0.58076
0.73743
0.72008
0.89152
1.0206
0.90364
0.55658
0.62633
0.87389
0.82586
0.62404
0.82099
0.84125
0.63098
0.94026
0.59111
0.78456
0.84178
0.86504
0.83918
0.68464
0.54253
0.95119
0.79166
0.80769
0.58449
0.92516
0.84613
0.86052
0.96377
0.51891
0.69348
0.8375
0.95143
0.62633
0.7312
0.87533
0.72708
0.80533
0.60355
0.45736
0.41177
0.49146
0.88098
0.85386
0.99222
0.62647
0.77339
0.71828
0.7804
0.74496
0.75327
0.75991
0.61903
0.74961
0.72793
0.75895
0.83224
0.67645
0.80568
0.76354
0.58239
0.76294
0.8057
0.53738
0.73343
0.59394
0.68614
0.7479
0.75254
0.60767
0.97796
0.74831
0.78831
0.92978
0.75936
0.46606
0.89317
0.88387
0.67381
0.71919
0.52895
0.75519
0.87115
0.81301
0.79092
0.88434
0.78403
0.80754
0.76738
0.65408
0.33245
1.0573
0.55936
0.82706
0.66328
0.78674
0.71697
0.62736
0.7829
0.84121
0.81206
0.80975
0.61373
0.61357
0.7615
0.7686
0.74144
0.78947
0.6689
0.75378
0.6455
0.93022
0.80244
0.64033
0.70429
0.82297
0.68118
0.93389
0.61611
0.80729
0.77886
0.74383
0.83098
0.59854
0.50804
0.97557
0.78167
0.79702
0.66014
0.78547
0.76057
0.83578
0.64276
0.3766
0.74911
0.41789
0.74745
0.53329
0.68492
0.70441
0.41187
0.82854
0.71233
0.77701
0.91962
0.58442
0.5873
0.8508
0.59942
0.62717
0.62348
0.93115
0.88418
0.52667
0.81835
0.46215
0.67505
1.0351
0.89941
0.55084
0.87983
0.79586
0.68917
0.56108
0.79157
0.72626
0.76406
0.85619
0.88065
0.99514
0.65253
0.77509
0.89938
0.70214
0.722
0.74248
0.96964
0.6969
0.70385
0.66268
0.67129
0.8688
0.67866
0.91393
0.77972
0.7054
0.81833
0.76645
0.60617
0.81961
0.62823
1.0133
0.81807
0.73728
0.76298
0.55764
0.83588
0.78866
0.72894
0.36139
0.72436
0.68925
0.875
0.96285
0.78273
0.6233
0.68594
0.7937
0.76397
0.8503
0.74036
0.61147
0.86573
0.89542
0.76008
0.89916
0.80856
0.69621
0.75611
0.65757
0.67842
0.64161
0.52397
0.82023
0.79046
0.59231
0.62139
0.64352
0.76519
0.84999
0.58799
0.6942
0.93833
0.53538
0.77395
0.43752
0.75482
0.63386
0.67148
0.83446
0.75043
0.84749
0.75083
0.97
0.81893
0.61453
0.57986
0.86863
0.69916
0.87666
0.71478
0.87524
0.82563
0.56641
0.75751
0.7054
0.85006
0.62906
0.74463
0.70425
0.93215
0.684
0.78515
0.63045
0.30805
0.93514
0.84727
0.80567
0.98687
0.81497
0.87411
0.76514
0.77449
0.76613
0.20413
0.7961
0.91822
0.6903
0.82746
0.62928
0.65004
0.7364
0.72832
0.51766
0.68526
0.81413
0.59975
0.78176
0.84463
0.76993
0.89793
0.87939
0.591
0.78005
0.81631
0.69709
0.84602
0.76029
0.72389
0.91845
0.50738
0.89662
0.71855
0.91726
0.7051
0.7131
0.94197
0.82503
0.60148
0.75965
0.69518
0.68627
0.62394
0.86029
0.70227
0.94594
0.8186
0.71712
0.62288
0.68329
0.58861
0.90934
0.54383
0.5392
0.85051
0.60604
0.74358
0.86671
0.93484
0.86484
0.78259
0.66216
0.88151
0.50093
0.87972
0.78145
0.74309
0.76708
0.73116
0.80259
0.78785
0.82621
0.51005
0.89641
0.86529
0.51214
0.83871
0.8551
0.82458
0.87561
0.4043
0.84312
0.69171
0.84342
0.53139
0.73428
0.57265
0.58274
0.59372
0.56192
0.78555
0.58247
0.91283
0.73293
0.72398
0.69258
0.77486
0.82811
0.82606
0.52274
0.58815
0.73047
0.57138
0.77533
0.56873
0.43034
0.54524
0.70472
0.98456
0.7734
0.79632
0.75251
0.51696
0.69189
0.91811
0.82909
0.66275
0.54856
0.88041
0.77771
0.86792
0.7454
0.72138
0.55653
0.78236
0.55635
0.9974
0.43633
0.85504
0.4763
0.75084
0.85532
0.74037
0.83629
0.71859
0.82774
0.66558
0.65337
0.74648
0.70843
0.82354
0.70654
0.75705
0.88779
0.68471
0.63216
0.77587
0.65863
0.9156
0.73957
0.58518
0.80652
0.71433
0.84324
0.80537
0.84649
0.6584
0.83442
0.52059
0.69862
0.4547
0.87302
0.67272
0.61616
0.75193
0.89734
0.5889
0.87483
0.72568
0.76336
0.81863
0.8023
0.5235
0.54648
0.72084
0.80172
0.64668
0.67031
0.75373
0.80663
0.7984
0.88264
0.88291
0.9327
0.61688
0.93389
0.67335
0.66206
0.83226
0.76189
0.5922
0.84087
0.83088
0.80218
0.65822
0.79737
0.60567
0.64371
0.76385
0.33016
0.64159
0.80197
0.58473
0.74699
0.65289
0.66346
0.83375
0.85199
0.86598
0.88245
0.74797
0.69987
0.73275
0.75006
0.73466
0.84682
0.7273
0.63494
0.82621
0.7964
0.84048
0.83048
0.72192
0.48624
0.76829
0.65929
0.3989
0.61406
0.77606
0.60964
0.71595
0.77846
0.22326
0.51081
0.78212
0.70151
0.68773
0.59987
0.82088
0.52429
0.72418
0.63187
0.79521
0.62426
0.66994
0.92783
0.4889
0.90408
0.49819
0.84184
0.59736
0.69187
0.9407
0.84337
0.80947
0.54958
0.85046
0.81041
0.44584
0.7552
0.91509
0.72965
0.99935
0.7622
0.46089
0.88354
0.65115
0.72756
0.71327
0.69676
0.73649
0.70103
0.65777
0.78762
0.81926
0.68885
0.43623
0.70833
0.79004
0.59769
0.92714
0.75734
0.57979
0.82462
0.68858
0.74541
0.63447
0.81006
0.84777
0.94903
0.67347
0.86251
0.67234
0.52621
0.72471
0.72309
0.65166
0.40827
0.66757
0.86345
0.92344
0.75377
0.80861
0.80144
0.85407
0.89565
0.77719
0.49352
0.88212
0.78345
0.53572
0.57729
0.6339
0.79005
0.58579
0.98935
0.76
0.4348
0.72887
0.84162
0.32304
0.6139
0.97881
0.66507
0.567
0.65496
1.0513
0.686
0.73686
0.46613
0.82249
0.80344
0.60092
0.93265
0.77576
0.54503
0.76972
0.78784
0.44558
0.64627
0.89651
0.57329
0.87658
0.58014
0.62359
0.81647
0.73383
0.67162
0.79605
0.42194
0.97099
0.58722
0.73987
0.82609
0.92114
0.78232
0.3958
0.67768
0.78848
0.57634
0.62719
0.75738
0.82006
0.63719
0.73865
0.94682
0.83867
0.72693
0.87662
0.89039
0.74979
0.83946
0.6424
0.68882
0.53491
0.93398
0.66263
0.88271
0.54866
0.61025
0.73674
0.7613
0.84198
0.87221
0.23859
0.77472
0.89792
0.6539
0.61093
0.95357
0.68848
0.70514
0.59369
0.67632
0.65688
0.77627
0.62571
0.61778
0.94858
0.7385
0.89254
0.71225
0.79443
0.4368
0.58165
0.72627
0.58646
0.54812
0.89214
0.82888
0.46597
0.80542
0.92098
0.62129
0.95565
0.57351
0.93057
0.63384
0.98656
0.82294
0.71445
0.56622
0.49983
0.65757
0.8895
0.85415
0.83972
0.59053
0.54243
0.7167
0.99839
0.93682
0.65665
0.78536
0.72483
0.69098
0.59747
0.70511
0.80185
0.62868
0.53094
0.81823
0.90147
0.65856
0.68025
0.82948
0.89726
0.74716
0.55459
0.83649
0.78849
0.74593
0.82964
0.77361
0.9394
0.88392
0.88168
0.74356
0.64863
0.6736
0.66513
0.31704
0.55997
0.90571
0.732
0.6175
0.90791
0.75897
0.81376
0.62617
0.63482
0.72271
0.82958
0.90041
0.64943
0.7657
0.75417
0.91665
0.39184
0.87997
0.81962
0.6515
0.69858
0.84688
0.76456
0.78568
0.54238
0.77192
0.81331
0.91363
0.86532
0.8204
0.86184
0.5983
0.70336
0.76193
0.76539
0.864
1.0153
0.75148
0.74516
0.5691
0.87998
0.75597
0.68871
0.67671
0.81775
0.85867
0.42443
0.93533
0.54016
0.52187
0.55498
0.73484
0.82953
0.64425
0.69913
0.77772
0.81413
0.57569
0.83866
0.74658
0.72885
0.47151
0.67469
0.78353
0.61939
0.55407
0.41536
0.81213
0.74765
0.67412
0.75782
0.68075
0.64569
0.91804
0.8176
0.82268
0.75455
0.83447
0.7825
0.59072
0.68565
0.65296
0.7239
0.69763
0.80505
0.86479
0.78072
0.74324
0.59839
0.79094
0.7258
0.48812
0.82456
0.70069
0.56888
0.89051
0.62534
0.82183
0.78319
0.59199
0.93591
0.52425
0.71914
0.78725
0.68535
0.68122
0.62919
0.71243
0.76546
0.75402
0.7267
0.75203
0.64731
0.74662
0.84123
0.6268
0.88214
0.8658
0.54122
0.86175
0.94327
0.69481
0.69427
0.88914
0.73127
0.80471
0.57914
1.0037
0.96159
0.87509
0.88509
0.60156
0.64536
0.58301
0.59739
0.82218
0.79656
0.79002
0.68461
0.83214
0.7519
0.76417
0.6364
0.51538
0.6763
0.66359
0.85645
0.5894
0.68963
0.4483
0.85776
0.61949
0.74126
0.70218
0.94173
0.7202
0.79412
0.70007
0.84275
0.84142
0.69549
0.61412
0.52158
0.71692
0.72744
0.8314
0.75305
0.58994
0.8897
0.60985
0.51242
0.65976
0.67839
0.60041
0.65136
0.69244
0.49575
0.81509
0.66051
0.8456
0.70709
0.67993
0.87239
0.82576
0.84518
0.632
0.70549
0.61918
0.96362
0.7232
0.91445
0.87745
0.5358
0.54773
0.851
0.6837
0.84987
0.73809
0.87947
0.8148
0.87014
0.69295
0.81769
0.49663
0.70266
0.85285
0.61843
0.61838
0.79271
0.82131
0.84698
0.81136
0.81137
0.69659
0.7091
0.62373
0.66157
0.53308
0.80549
0.62373
0.89756
0.7568
0.80377
0.87186
0.45727
0.63484
0.73648
0.95335
0.62919
0.48191
0.79903
0.79545
0.49612
0.71754
0.60957
0.68815
0.43672
0.78874
0.79367
0.71736
0.82381
0.78462
0.75374
0.66616
0.89433
1.0014
0.71298
0.59223
0.73197
0.81013
0.87517
0.6133
0.72578
0.97324
0.97951
0.69412
0.82622
0.43973
0.60938
0.87228
0.8961
0.64483
0.48217
0.55832
0.92859
0.78711
0.3775
0.50539
0.78483
0.73712
0.69819
0.68636
0.97542
0.8594
0.59909
0.85963
0.73682
0.75653
0.87128
0.80805
0.79038
0.68229
0.74352
0.97176
0.93587
0.68624
0.69165
1.1239
0.8283
0.86007
1.0266
0.69534
0.72556
0.59869
0.57926
0.84227
0.31319
0.60686
0.96045
0.81109
0.32954
0.65735
0.69166
0.69631
0.58862
0.63499
0.70111
0.67956
0.6339
0.60288
0.69796
0.77033
0.83907
0.71118
0.64959
0.70404
0.70865
0.80549
0.80541
0.65269
0.72639
0.55726
0.72697
0.69413
0.94609
0.86599
0.86844
0.70991
0.78189
0.73846
0.90209
0.98761
0.569
0.73876
0.60719
0.74375
0.66281
0.84507
0.68089
0.80962
0.94667
0.87231
0.5612
0.64823
0.93916
0.79059
0.70491
0.67399
0.59524
0.76778
0.87188
0.76841
0.83574
0.67716
0.92006
0.82395
0.52935
0.79525
0.80771
0.90717
0.88387
0.77676
0.69401
0.8148
0.90356
0.62029
0.61904
0.4497
0.84951
0.83506
0.79309
0.7625
0.82413
0.71957
0.96605
0.81068
0.70314
0.8738
0.73457
0.7673
0.72889
0.65975
0.90496
0.81644
0.77293
0.84065
0.67637
0.60893
0.8066
0.84337
0.85638
0.92591
0.88987
0.80809
0.41314
0.71602
0.48967
0.49835
0.57276
0.89959
0.78987
0.6146
0.75579
0.77916
0.60848
0.83622
0.77086
0.80083
0.89586
0.82826
0.76088
0.74499
0.8403
0.87377
0.80391
0.75876
0.74277
0.84108
0.78118
0.89553
0.7595
0.77393
0.78206
0.76002
0.59396
0.82128
0.6496
0.75964
0.91234
0.86855
0.68792
0.82765
0.5454
0.68925
0.64525
0.46488
0.71087
0.73887
0.63885
0.76637
0.50234
0.84431
0.84982
0.76679
0.78346
0.79314
0.61031
0.81625
0.71699
0.68201
0.72076
0.7283
0.72105
0.63526
0.59759
1.0199
0.41105
0.63459
0.51519
0.72198
0.47535
0.70076
0.60755
0.64717
0.72826
0.93049
0.86506
0.50131
0.62325
0.73586
0.69923
0.5186
0.74303
0.72911
0.69755
0.79497
0.75779
0.89278
0.69983
0.66542
0.63852
0.65705
0.45177
0.67538
0.63102
0.69768
0.78833
0.81187
0.71963
0.82411
0.49472
0.73493
0.56307
0.52329
0.80934
0.71413
0.69431
0.71084
0.59277
1.0051
0.7383
0.68176
0.61156
0.8766
0.86353
0.97169
0.68665
0.91006
0.44314
0.61513
0.75498
0.9255
0.83684
0.57037
0.78879
0.92086
0.98568
0.8372
0.56207
0.90481
0.74856
0.79167
0.84099
0.74769
0.82824
0.76971
0.7295
0.60011
0.72425
0.81646
0.63137
0.89585
0.81787
0.4572
0.24715
0.79718
1.0738
0.84067
0.45393
0.76107
0.62199
0.52855
0.52358
0.59232
0.65408
0.62905
0.87659
0.60364
0.8263
0.83127
0.73384
0.80754
0.72589
0.88423
0.50369
0.44418
0.84234
0.66153
0.89302
0.90584
0.85456
0.83919
0.65375
0.77869
0.53586
0.63487
0.90674
0.88176
0.82363
0.63667
0.72291
0.752
0.73016
0.90218
0.69247
0.62724
0.73451
0.6589
0.79011
0.71788
0.70464
0.80441
0.7958
0.68831
0.60385
0.4661
0.87339
0.59793
0.52881
0.76538
0.82452
0.80278
0.51349
0.7436
0.54171
0.80676
0.58562
0.86059
0.78475
0.83022
0.65519
0.70064
0.74564
0.83662
0.90239
0.77945
0.81078
0.5596
0.70051
0.90391
0.49776
0.88735
0.60297
1.0177
0.4369
0.85355
1.0194
0.70685
0.64613
0.8105
0.91838
0.82935
0.69594
0.70111
0.65406
0.89405
0.819
0.72609
0.64159
0.75085
0.91917
0.58977
0.91116
0.75286
0.76757
0.5777
0.84562
0.61424
0.44221
0.66119
0.81864
0.84967
0.87867
0.92856
0.80654
0.9099
0.84298
0.93042
0.76158
1.0132
0.90274
0.76557
0.67208
0.92264
0.74562
0.8271
0.86627
0.54888
0.95206
0.67646
0.75833
0.79887
0.70875
0.67612
0.86254
0.62009
0.61152
0.99778
0.94821
0.85182
0.92148
0.77546
0.72123
0.93135
0.7352
0.7059
0.89627
0.75985
0.74299
0.46801
0.62868
0.76443
0.6016
0.81076
0.88047
0.77098
0.88567
0.61377
0.92865
0.66003
0.74708
0.7211
0.61119
0.84215
0.15158
0.73807
0.50494
0.87754
0.7783
0.5896
0.61143
0.81352
0.83501
0.71074
0.63728
0.77104
0.55963
0.77144
0.86763
0.62418
0.84358
0.85578
0.5502
0.9836
0.85584
0.84857
0.85913
0.82398
0.9043
0.7573
0.8429
0.79658
0.93282
0.55695
0.74032
0.72131
0.67427
0.95309
0.65211
0.85469
0.52207
0.938
0.95047
0.75421
0.66193
0.90436
0.7413
0.61335
0.51245
0.45505
0.67844
0.90116
0.7805
0.70167
0.94555
0.58625
0.90952
0.46155
0.8023
0.78029
0.60887
0.33193
0.83543
0.63985
0.73138
0.82399
0.60985
0.69216
0.92478
0.78094
0.68029
0.69788
0.85237
0.82742
0.74803
0.59348
0.77979
0.71178
0.85474
0.75467
0.86662
0.81958
0.61641
0.5004
0.54592
0.81467
0.56842
0.787
0.86386
0.92153
0.64701
0.42646
1.0046
0.76079
0.97947
0.77812
1.0056
0.47932
0.72437
0.57028
0.85215
0.91647
0.56349
0.60423
0.71989
0.67927
0.86227
0.86521
0.73497
0.55622
0.54447
0.61009
0.57175
0.66565
0.68128
0.45258
0.80115
0.57952
0.71443
0.80134
0.79671
0.61261
0.66705
0.65783
0.63184
0.86251
0.85548
0.78706
0.63436
0.4766
0.91473
0.8543
0.69512
0.72121
0.83308
0.78284
0.48589
0.72879
1.0491
0.6135
0.76544
0.96358
0.68152
0.79834
0.95996
0.77762
0.79165
0.92159
0.70912
0.77345
0.54254
0.70489
0.48045
0.91271
0.72609
0.62789
0.98448
0.82653
0.66489
0.7211
0.616
0.69804
0.68329
0.73685
0.87444
0.54468
0.72954
0.61917
0.70227
0.69203
0.64846
0.91799
0.80318
0.94845
0.62841
0.80751
0.83037
0.76014
0.72504
0.58341
0.89634
0.80425
0.60026
0.60329
0.81815
0.91048
0.67182
0.54554
0.54229
0.72027
0.64357
0.47456
0.70801
0.73837
0.88388
0.76602
0.71867
0.77349
0.67853
0.61221
0.59481
0.71102
0.6896
0.91593
0.43529
0.73134
0.66128
0.55231
0.68071
0.58642
0.8423
0.67288
0.68291
0.83531
0.69821
0.87744
0.73573
0.70851
0.95206
0.72058
0.89636
0.62872
0.70522
0.94937
0.7861
0.91736
0.41344
0.62791
0.51817
0.50885
0.67697
1.021
0.76554
0.48819
0.78632
0.83416
0.57456
0.97406
0.68086
0.75517
0.77846
0.80556
0.77602
0.94813
0.97042
0.51283
0.90921
0.69784
0.82681
0.64702
0.77061
0.84581
0.83044
0.80329
0.72899
0.70641
0.81793
0.68905
0.67646
0.94335
0.42075
0.98239
0.65588
0.72641
0.74846
0.69266
0.88557
0.57649
0.92088
0.6938
0.86462
0.78221
0.71268
0.50806
0.77863
0.77851
0.75346
0.80324
0.51176
0.49882
0.43812
0.86906
0.64248
0.76529
0.58183
0.86871
0.8843
0.84085
0.62543
0.73761
0.78327
0.77417
0.69778
0.8245
0.80007
0.76893
0.66018
0.75667
0.39275
0.82966
0.60026
0.79308
0.68732
0.7288
0.97975
0.81916
0.88915
0.77877
0.91021
0.84243
0.95021
0.83173
0.83963
0.56425
0.54166
0.71882
0.96352
0.62978
0.57037
0.53098
0.72751
0.83864
0.89058
0.82531
0.66458
0.65473
0.61105
0.86245
0.74277
0.6654
0.77396
0.86706
0.61622
0.69786
0.49629
0.84533
0.39567
0.70469
0.85989
0.50559
0.63806
0.43823
0.61751
0.79364
0.64032
0.79834
0.90992
0.54651
0.72738
0.7892
0.80279
0.83405
0.73137
0.93328
0.82985
0.62228
0.68493
0.82014
0.8357
0.57969
0.43682
0.93207
0.85457
0.74758
0.83037
0.76076
0.81714
0.65701
0.90009
0.81944
0.94643
0.79817
0.62129
0.50415
0.85031
0.70132
0.61218
0.79893
0.87845
0.74851
0.70586
0.78966
0.71979
0.84444
0.90637
0.98859
0.88352
0.54355
0.58498
0.85716
0.72698
0.84377
0.87673
0.68834
0.94884
0.75542
0.73638
0.66059
0.4791
0.76082
0.75401
0.58515
0.79675
0.84445
0.74038
0.62739
0.63192
0.87584
0.79711
0.66806
0.65739
0.65452
0.47608
0.81002
0.73181
0.64072
0.87039
0.79198
0.52548
0.81428
0.62102
0.69701
0.63337
0.70831
0.89111
0.57947
0.77747
0.56577
0.68299
0.79022
0.79266
0.75362
0.60664
0.85418
1.0372
1.049
0.74724
0.73187
0.8411
0.83724
0.71655
1.0076
0.77852
0.55735
0.64649
0.77274
0.63572
0.57917
0.67059
0.44366
0.55862
0.71033
0.66903
0.77562
0.64188
0.8761
0.80036
0.83675
0.8886
0.50971
0.73858
0.42301
0.72363
0.63384
0.70147
0.76757
0.55203
0.76774
0.94246
0.79933
0.44089
0.49896
0.48543
0.56374
0.79121
0.97498
0.67901
0.73444
0.82803
0.3662
0.85246
0.78228
0.4332
0.7346
0.65059
0.69613
0.81072
0.80457
0.63
0.72937
0.68384
0.58895
0.84833
0.7021
0.6829
0.78704
0.63704
0.82258
1.0075
0.69941
0.77152
0.78952
0.61768
0.42537
0.88279
0.92004
0.70817
0.78018
0.80207
0.5635
0.41462
0.60876
0.8413
0.84576
0.76153
0.387
0.84922
0.72431
0.76113
0.66094
0.79929
0.60656
0.76859
0.58209
0.66987
0.69045
0.83299
0.7428
0.8195
0.90435
0.63889
0.5434
0.7657
0.55907
0.76646
0.83903
0.60576
0.48436
0.55467
0.54796
0.74804
0.78712
0.75576
0.42546
0.78129
0.76362
0.48832
0.7741
0.88601
0.72169
0.62152
0.69331
0.66523
0.83533
0.71065
0.91919
0.70369
0.8298
0.80343
0.51252
0.62636
0.84267
0.46916
0.63957
0.8776
0.77452
0.82165
0.48943
0.68009
0.64677
0.90436
0.8924
0.74405
0.87209
0.69102
0.63469
0.53778
0.97213
0.7984
0.75983
0.59192
0.77471
0.75758
0.48734
1.0411
0.59865
0.81913
0.95243
1.0466
0.7157
0.59516
0.70291
0.95664
0.82093
0.73561
0.84145
0.55894
0.53859
0.65024
0.8406
0.37468
0.64904
0.84702
0.47485
0.58513
0.62958
0.80942
0.77526
0.93516
0.56265
0.85377
0.69764
0.62831
0.76082
0.72295
0.61238
0.79545
0.82588
0.68107
0.73024
0.78247
0.73478
0.74509
0.60684
0.84967
0.84293
0.65374
0.82582
0.63414
0.71928
0.69137
0.50407
0.67089
0.67834
0.84166
0.7453
0.96657
0.55772
0.91069
0.78999
0.64088
0.88881
0.83328
0.66815
0.49294
0.75294
0.66061
0.4794
0.953
0.76124
0.58279
0.44067
0.79315
0.73808
0.76022
0.79778
0.62929
0.71352
0.95076
0.7687
0.73085
0.62191
0.50357
0.78451
0.64936
0.67512
0.42237
0.78566
0.76964
0.69909
0.53818
0.81337
0.69222
0.75775
0.63873
0.8327
0.72559
0.71287
0.82863
0.87994
0.89012
0.7394
0.82545
0.82963
0.44887
0.65027
0.71269
0.72011
0.95455
0.84607
0.81963
0.68904
0.84904
0.46594
0.89102
0.68234
0.91883
0.63895
0.89055
0.63197
0.92373
0.87267
0.51851
0.71703
0.93689
0.74714
0.67174
0.54172
0.66673
0.82151
0.80991
0.75643
0.80993
0.91944
0.63103
0.77266
0.86897
0.7428
0.67483
0.77394
0.48533
0.75308
0.62536
0.84863
0.59899
0.73547
0.75902
0.50231
0.59052
0.84563
0.76509
0.67986
0.59276
0.85539
0.7097
0.45552
0.77454
0.79135
0.66062
0.90037
0.94397
0.64069
0.80577
0.5902
0.8325
0.37356
0.78437
0.89272
0.59776
0.65663
0.40538
0.71806
0.75682
0.37729
0.74966
0.70068
0.78719
0.67417
0.64985
0.71766
0.75287
0.78475
0.57273
0.64144
0.69614
0.8559
0.87386
0.71996
0.60569
0.73923
0.55955
0.79018
0.80248
0.71674
0.68322
0.98528
0.79144
0.79758
0.76264
0.75962
0.56763
0.62822
0.81069
0.68915
0.52899
0.80794
0.89904
0.75163
0.77472
0.60981
0.90695
0.73892
0.83745
0.94476
0.72687
0.87117
0.64342
0.43532
0.75092
0.64748
0.74615
0.62799
0.78451
0.73429
0.91204
0.69124
0.83911
0.76026
0.92069
0.82474
0.4798
0.58843
0.40743
0.78107
0.99145
0.57516
0.64863
0.79199
0.71745
0.82991
0.93956
0.59456
0.9583
0.62853
0.95119
0.82905
0.43851
0.69266
0.97342
0.83887
0.5702
0.83858
0.66346
0.7047
0.81828
0.85094
0.79087
0.80213
0.80198
0.87615
0.64478
0.79109
0.4178
0.63294
0.77009
0.88841
0.6697
0.73187
0.73491
0.70094
0.70905
0.72441
0.63939
0.92015
0.93335
0.71969
0.6361
0.78503
0.79669
0.79717
0.76785
0.68786
0.70486
0.49523
0.67358
0.48544
0.84627
0.77328
0.87834
0.8239
0.77688
0.76706
0.83346
0.80319
0.56856
0.56913
0.50669
0.95582
0.44817
0.60332
0.70206
0.82478
0.7034
0.81453
0.53333
0.51386
0.79166
0.89575
0.65131
0.89827
0.95799
0.55437
0.44003
0.74445
0.66125
0.9948
0.71477
0.35919
0.89827
0.82621
0.72566
0.77154
0.75292
0.43127
0.74236
0.39854
0.84742
0.69421
0.7366
0.81646
0.88724
0.6861
0.35825
0.86596
0.88741
0.80239
0.69728
0.80932
0.40373
0.83985
0.72562
0.70722
0.5758
0.70673
0.70661
0.7097
0.57248
0.66555
0.98504
0.61663
0.70097
0.63294
0.63541
0.7736
0.64129
0.72484
0.65891
0.6443
0.59957
0.85219
0.85682
0.67527
0.88036
0.7029
0.88558
0.95859
0.76181
0.82
0.7406
0.80871
0.765
0.69837
0.79353
0.8041
0.65683
0.81281
0.81601
0.5054
0.83208
0.77034
0.85462
0.71829
0.93154
0.90569
0.72133
0.83013
0.68543
0.65561
0.91324
0.58497
0.66885
0.81889
0.69834
0.82471
0.71004
0.62646
0.22509
0.85659
0.73801
0.79412
0.78261
0.7321
0.61074
0.78654
0.8261
0.82699
0.85785
0.67039
0.70371
0.69259
0.75694
0.85404
0.60884
0.57955
0.67332
0.76426
0.98397
0.61041
0.73487
0.67864
0.86653
0.63447
0.9448
0.77027
0.66487
0.82374
0.71157
0.59975
0.7826
0.80188
0.68861
0.76198
0.6989
0.76798
0.79008
0.81206
0.8218
0.65944
0.55683
0.93029
0.83538
0.8012
0.73855
0.83028
0.67145
0.96535
0.54898
0.63221
0.77346
0.82296
0.85493
0.80526
0.79133
0.76501
0.79425
0.84524
0.90005
0.81997
0.49764
0.71451
0.76347
0.80465
0.88008
0.7628
0.83005
0.80917
0.92353
0.77505
0.6196
0.76283
0.7307
0.47755
0.77059
0.75819
0.79447
0.65538
0.8101
0.72091
0.75861
0.58113
0.82758
0.80128
0.65879
0.61714
0.73734
0.51807
0.61354
0.59281
0.66934
0.79584
0.9499
0.92688
0.78638
0.85694
0.79043
0.67785
0.72722
0.82358
0.5564
0.65142
0.63293
0.7009
0.72747
0.67892
0.50702
0.6623
0.70927
0.79916
0.87017
0.82335
0.83998
0.77914
0.8164
0.58347
0.73692
0.84552
0.5953
0.82592
0.66501
0.58606
0.79194
0.81783
0.90048
0.80372
0.74381
0.92704
0.87557
0.53104
0.62005
0.82151
0.67601
0.94897
0.53892
0.59452
0.77826
0.77689
0.92524
0.81165
0.78713
0.83503
0.64358
0.73206
0.80334
0.84682
0.67558
0.51432
0.8404
0.52031
0.93384
0.49383
0.77645
0.85704
0.93182
0.94079
0.77922
0.53214
0.75987
0.67012
0.74912
0.83002
0.6972
0.39328
0.8516
1.0082
0.65723
0.95353
0.85871
0.71773
0.7919
0.72653
0.67581
0.88031
0.79354
0.58105
0.73476
0.62921
0.78632
0.67286
0.71015
0.76326
0.80639
0.90327
0.67752
0.47797
0.73685
0.95658
0.88254
0.79495
0.64836
0.82777
0.73528
0.74372
0.67023
0.57367
0.82924
0.75164
0.74601
0.59911
0.74063
0.7918
0.40354
0.72255
0.57889
0.78004
0.86408
0.75809
0.80402
0.65387
0.75498
0.69257
0.71634
0.61351
0.80268
0.76337
0.6063
0.91805
0.81317
0.95572
0.82194
0.82631
0.68531
0.96122
0.82186
0.85386
0.70806
0.79556
0.88647
0.81972
0.57978
0.8766
0.83134
0.83366
0.77513
0.84482
0.76163
0.9041
0.63682
0.83597
0.59107
0.79436
0.47921
0.68134
0.80711
0.71845
0.71653
0.85314
0.70788
0.69072
0.70177
0.79212
0.77932
0.73964
0.70608
0.49356
0.53126
0.74398
0.8518
0.68769
0.73248
0.78801
0.7896
0.66385
0.5745
0.78059
0.36292
0.84643
0.7701
0.6544
0.53121
0.79679
0.79582
0.93781
0.70273
0.86776
0.7753
0.67745
0.68362
0.59884
0.65015
0.75249
0.79627
0.72385
0.76685
0.79332
0.66393
0.40278
0.86866
0.81278
0.6653
0.65972
1.0314
0.85565
0.59269
0.82635
0.81337
0.83937
0.91564
0.52697
0.63428
0.84524
0.53531
0.81906
0.915
0.7143
0.6842
0.48766
0.54965
0.69849
0.44668
0.84972
0.65165
0.63079
0.85331
1.0046
0.72358
0.59868
0.6748
0.6738
0.83407
0.76165
0.93941
0.86169
0.70115
0.74394
0.63936
0.6736
0.55661
0.67317
0.80405
0.62637
0.95911
0.40678
0.65476
0.68551
0.83686
0.81334
0.52491
0.79679
0.77491
0.72989
0.85262
0.60621
0.77145
0.9123
0.53674
0.80371
0.40992
0.86615
0.81734
0.66106
0.62933
0.77552
0.2948
0.88751
0.94556
0.75261
1.0143
0.61561
0.68475
0.90872
0.79411
0.74913
0.71698
0.84439
0.77861
0.67421
0.56227
0.674
0.91579
0.92096
0.65297
0.87061
0.43056
0.38019
0.73963
0.76601
0.68801
0.56778
0.70336
0.39384
0.48651
0.51074
0.60707
0.47908
0.86196
0.7861
0.76126
0.81079
0.84154
0.69899
0.81698
0.43639
0.84563
0.70343
0.69784
0.78731
0.59594
0.85623
0.76061
0.58061
0.67328
0.6741
0.42065
0.75283
0.52428
0.85493
0.60726
0.71354
0.59022
0.83201
0.9155
0.67119
0.80998
0.84591
0.89426
0.74584
0.91507
0.56952
0.52082
0.7763
0.87102
0.98587
0.80741
0.90093
0.78848
0.81952
0.59273
0.77783
0.83507
0.41852
0.65462
0.79401
0.89605
0.67388
0.77011
0.83773
0.94931
0.57869
0.70848
0.61213
0.8221
0.70008
0.71467
0.4773
0.73822
0.93756
0.46311
0.53813
0.73354
0.63719
0.6454
0.714
0.942
0.74094
0.5964
0.51089
0.56137
0.68662
0.8481
0.81913
0.64749
0.92801
0.65656
0.32814
0.7889
0.90359
0.82156
0.62508
0.55419
0.95965
0.6632
0.81629
0.8638
0.7521
0.63224
0.64078
0.92641
0.85988
0.83629
0.91981
0.7965
0.70918
0.7152
0.95426
0.7264
0.61606
0.93896
0.82954
0.87773
0.85113
0.86143
0.70063
0.84901
0.81943
0.99579
0.8605
0.68881
0.72456
0.70279
0.8431
0.54412
0.9343
0.7532
0.7915
0.53138
0.87769
0.95798
0.717
0.67995
0.89123
0.54553
0.5396
0.75001
0.80084
1.0347
0.59614
0.73957
0.50058
0.6486
0.67281
0.88698
0.834
0.58385
0.73132
0.69836
0.6863
0.61463
0.85316
0.71053
0.72852
0.8564
0.94756
0.60765
0.53922
0.80484
0.3315
0.70828
0.50645
0.7515
0.70336
0.87024
0.9186
0.57144
0.80816
0.99749
0.83311
0.94524
0.80761
0.80084
0.66278
0.67763
0.64954
0.69004
0.71489
0.72814
0.78723
0.58686
0.79585
0.73036
0.90403
0.69824
0.76908
0.74912
0.84254
0.91867
0.85312
0.79484
0.80637
0.4198
0.661
0.69277
0.86392
0.81027
0.8068
0.93162
0.73473
0.66824
0.79261
0.8272
0.62649
0.79876
0.86844
0.68516
0.78425
0.8823
0.82793
0.82623
0.55148
0.92291
0.91894
0.72318
0.88286
0.64985
0.68387
0.61673
0.88429
0.52837
0.8614
0.8132
0.68144
0.81046
0.89047
0.40278
0.61947
0.73724
0.48148
0.80905
0.95612
0.62858
0.56301
0.65413
0.95938
0.8349
0.56557
0.58711
0.65714
0.92934
0.67538
0.85902
0.85195
0.71184
0.81076
0.50412
0.86301
0.76847
0.67635
0.52688
0.69787
0.81433
0.87955
0.71463
0.53444
0.85099
0.6912
0.76452
0.90375
0.49571
0.68961
0.6845
0.71366
0.83157
0.727
0.6706
0.68147
0.93021
0.84837
0.8205
0.71199
0.76633
0.59317
0.72092
0.70116
0.64933
0.55461
0.74846
0.78387
0.73271
0.60204
0.95222
0.59343
0.73258
0.55707
0.41649
0.70876
0.72193
0.85876
0.76196
0.69834
0.81641
0.84073
0.82915
0.89966
0.49309
0.87415
0.705
0.69341
0.31636
0.64073
0.88908
0.78002
0.53563
0.72289
0.69851
0.65065
0.66729
0.701
0.58852
0.64929
0.61458
0.69284
0.83957
0.69875
0.65355
0.86276
0.70874
0.5363
0.82546
0.61865
0.64162
0.63424
0.69295
0.90948
0.91081
0.9152
0.91764
0.82972
0.70263
0.86219
0.31074
0.6009
0.71141
0.73717
0.63598
0.88923
0.83425
0.82488
0.61441
0.78356
0.63732
0.32776
0.62022
0.82002
0.68393
0.72888
0.8466
0.70815
0.69099
0.59218
0.64523
0.87667
0.66218
0.89117
0.71358
0.83662
0.75494
0.74995
0.78775
0.78289
0.47865
0.59122
0.7004
0.65596
0.49997
0.67355
0.96836
0.77109
0.53815
0.71416
0.62586
0.76535
0.53242
0.79863
0.73463
0.53339
0.77853
0.84031
0.79568
0.62442
0.84858
0.92776
0.6668
0.54674
0.82921
0.83483
0.66313
0.52647
0.72871
1.0205
0.82117
0.83935
0.78956
0.37787
0.95018
0.79794
0.50343
0.79903
0.47235
0.66852
0.64769
0.65339
0.82576
0.69993
0.73055
0.74773
0.80735
0.6458
0.74762
0.6181
0.82809
0.83172
0.7876
0.73207
0.5283
0.71745
0.83525
0.52284
0.64471
0.78442
0.65008
0.81796
0.83008
0.44095
0.83761
0.72713
0.54463
0.72392
0.66416
0.69324
0.72207
0.74682
0.60556
0.79932
0.45553
0.59956
0.62515
0.65952
0.65659
0.67523
0.63451
0.71669
0.86427
0.63459
0.86841
0.71859
0.68902
0.91471
0.81044
0.41826
0.85662
0.48116
0.55233
0.70733
0.75216
0.85206
0.85061
0.87534
0.86123
0.6553
0.65088
0.62406
0.85995
0.89647
0.62152
0.91412
0.94802
0.72238
0.74633
0.93153
0.83123
0.70667
0.41008
0.78588
0.78686
0.56058
0.6108
0.63325
0.89351
0.76701
0.67179
0.74553
0.7357
0.66228
0.69764
0.69381
0.63263
0.62385
0.55744
0.70976
0.82285
0.72079
0.77155
0.73867
0.75632
0.72508
0.41803
0.96988
0.50764
0.65399
0.72995
0.62733
0.66603
0.86724
0.91616
0.79346
0.39895
0.78383
0.80451
0.88976
0.40881
0.69219
0.75929
0.62414
0.45561
0.33142
0.83637
0.73758
0.68716
0.4769
0.84984
0.79336
0.77312
0.82606
0.65475
0.81062
0.74688
0.59753
0.60567
0.89211
0.63586
0.99414
0.84522
0.74127
0.83906
0.69197
0.84025
0.81491
0.65544
0.996
0.70867
0.87168
0.87532
0.62011
0.69
0.89488
0.74058
0.8601
0.90278
0.88953
0.80628
0.83592
0.51856
0.5858
0.72657
0.63024
0.64536
0.84487
0.57421
0.67309
0.92549
0.76912
0.67292
0.37371
0.81366
0.75559
0.96671
0.81973
0.65736
0.90454
0.88991
0.76676
0.34469
1.0394
0.89384
1.0428
0.65802
0.80514
0.47149
0.65654
0.81027
0.44189
0.57028
0.60509
0.60533
0.71075
0.78625
0.85497
0.78089
0.57405
0.66239
0.9664
0.7461
0.35034
0.94901
0.62308
0.77333
0.46709
0.76461
0.55237
0.71586
0.77329
0.73126
0.63653
0.73231
0.57168
0.80361
0.71968
0.91818
0.89113
0.71122
0.64479
0.78766
0.64594
0.69404
0.84122
0.89248
0.861
0.80187
0.45372
0.64144
0.558
0.56663
0.70375
0.76471
0.76766
0.57596
0.87611
0.68477
0.88939
0.411
0.75166
0.5845
0.63223
0.72101
0.6519
0.82769
0.82233
0.78102
0.77861
0.67976
0.78595
0.64207
0.82899
0.75848
0.44345
0.83506
0.85333
0.7776
0.63873
0.5212
0.86778
0.8095
0.62988
0.83759
0.7462
0.82123
0.57915
0.96597
0.78507
0.60409
0.94086
0.55254
0.72466
0.79385
0.88191
0.8903
0.68885
0.62935
0.71554
0.87386
0.74059
0.6039
0.86387
0.55128
0.75614
0.68117
0.56948
0.79357
0.76458
0.9403
0.86222
0.70374
0.75795
0.67367
0.79887
0.83011
0.73938
0.88901
0.58428
0.74825
0.48765
0.67959
0.65295
0.55998
0.74132
0.69414
0.95367
0.63896
0.8904
0.70916
0.87042
0.78542
0.67357
0.60843
0.71666
0.51065
0.90239
0.6383
0.90413
0.7733
0.64364
0.68559
0.69028
0.63127
0.52816
0.56616
0.91076
0.62642
0.54484
0.75143
0.55933
0.73226
0.56612
0.75772
0.65567
0.65047
0.51139
0.59722
0.64042
0.62785
0.68904
0.83941
0.54692
0.61061
0.71996
0.70421
0.78364
0.64222
0.75216
0.7088
0.80114
0.70093
0.73593
0.57512
0.78591
0.69809
0.59366
0.91664
0.65428
0.90363
0.77623
0.65972
0.7442
0.71056
0.76902
0.67107
0.83017
0.6728
0.73981
0.82369
0.83366
0.75412
1.027
0.57633
0.84635
0.51669
0.47059
0.74771
0.55705
0.74486
0.54018
0.71814
0.99509
0.72756
0.59499
0.84625
0.80094
0.87176
0.74608
0.67815
0.93032
0.87117
0.70383
0.68753
0.72704
0.41493
0.53741
0.5607
0.72628
0.39142
0.82755
0.75394
0.73354
0.62535
0.73205
0.6976
0.60934
0.71988
0.82525
0.63448
0.71346
0.68951
0.76205
0.78477
0.7958
0.84862
0.54083
0.67068
0.916
0.46868
0.8156
0.53824
0.88978
0.86322
0.8712
0.93022
0.4989
0.80634
0.87867
0.81514
0.66145
0.85435
0.58596
0.75145
0.855
0.64221
0.75544
0.83494
1.0333
0.69065
0.70332
0.86583
0.93229
0.82076
0.90133
0.73312
0.50822
0.66809
0.59363
0.86516
0.80721
0.49258
0.3629
0.51132
0.70594
0.73036
0.55869
0.56274
0.55377
0.6069
0.83275
0.68513
0.54501
0.78989
0.67798
0.81471
0.5613
0.94456
0.71751
0.71908
0.75239
0.53148
0.64416
0.97971
0.95918
0.48245
0.46067
0.87679
0.82116
0.81055
0.69381
0.70402
0.40523
0.96254
0.92479
0.73014
0.81659
0.48836
1.0252
0.71868
0.85025
0.79629
0.85982
0.87351
0.7462
0.41901
0.99003
0.76866
0.7082
0.92011
0.89106
0.81401
0.60836
0.67454
0.67369
0.46963
0.62876
1.0213
0.74749
