0.58055
0.76304
0.43197
0.93461
0.59932
0.67647
0.44093
0.64919
0.89399
0.6157
0.69801
0.70076
0.5947
0.66769
0.61805
0.54565
0.23071
0.54401
0.59242
0.54595
0.84937
0.66886
0.6695
0.64605
0.58949
0.56975
0.82593
0.68063
0.61097
0.76506
0.62054
0.51398
0.83869
0.73305
0.4634
0.70112
0.36347
0.78989
0.81929
0.72044
0.75055
0.79614
0.79629
0.6758
0.62032
0.73137
0.70827
0.52551
0.94222
0.62924
0.77205
0.55142
0.58381
0.63381
0.6245
0.48724
0.66743
0.78743
0.70044
0.62934
0.64641
0.47368
0.50704
0.39247
0.63589
0.51529
0.65074
0.50889
0.81962
0.54305
0.80541
0.6695
0.39951
0.6535
0.65776
0.77791
0.68753
0.56593
0.82808
0.78626
0.78184
0.73697
0.5983
0.75047
0.60491
0.78048
0.58196
0.51532
0.64615
0.57034
0.79182
0.80407
0.85692
0.52307
0.46488
0.72172
0.54768
0.68378
0.75919
0.77278
0.63582
0.86913
0.60564
0.57175
0.50847
0.81142
0.60844
0.50767
0.4721
0.81943
0.59428
0.56132
0.50615
0.4966
0.83262
0.52534
0.79223
0.65276
0.4878
0.73754
0.63456
0.39932
0.62529
0.29937
0.4765
0.24219
0.71271
0.6093
0.81543
0.77226
0.62492
0.70372
0.56112
0.63231
0.35777
0.47529
0.56405
0.74156
0.80921
0.51554
0.6841
0.81904
0.5721
0.8125
0.47375
0.81216
0.4928
0.57853
0.81174
0.59269
0.66717
0.53013
0.51813
0.74419
0.79759
0.67492
0.69693
0.58894
0.50304
0.32392
0.67574
0.74581
0.75435
0.61196
0.74497
0.5685
0.61465
0.51118
0.59452
0.74329
0.70512
0.80178
0.7417
0.75781
0.66205
0.70145
0.84877
0.72147
0.44982
0.47104
0.4762
0.77457
0.7783
0.42195
0.75085
0.64461
0.4901
0.77688
0.7475
0.71886
0.58662
0.49237
0.63573
0.41654
0.47809
0.58178
0.7948
0.53613
0.70961
0.68601
0.51252
0.52294
0.59315
0.67209
0.45269
0.71209
0.84672
0.7966
0.86979
0.79412
0.50897
0.57639
0.65022
0.47285
0.25266
0.65882
0.69677
0.73595
0.47126
0.59634
0.73635
0.63967
0.73784
0.75022
0.71971
0.75763
0.58048
0.74336
0.66739
1.0029
0.62811
0.74447
0.66489
0.85777
0.28677
0.50633
0.85868
0.72539
0.6835
0.86562
0.8715
0.86858
0.78253
0.81274
0.69888
0.86635
0.72544
0.78444
0.50946
0.74119
0.47396
0.79163
0.6955
0.77409
0.52229
0.62052
0.70628
0.57039
0.86499
0.46402
0.84431
0.51171
0.69489
0.52422
0.47651
0.841
0.49878
0.70979
0.75725
0.71501
0.71023
0.73609
0.82779
0.44982
0.79922
0.39651
0.44214
0.58125
0.67066
0.69998
0.66659
0.54507
0.71404
0.62871
0.78151
0.78661
0.5585
0.76502
0.577
0.72117
0.91403
0.66094
0.54784
0.67873
0.56175
0.72172
0.86933
0.51204
0.44683
0.71116
0.50915
0.66781
0.36322
0.71815
0.5409
0.70638
0.68982
0.76738
0.64151
0.53683
0.52804
0.84892
0.69904
0.45198
0.76326
0.60839
0.67934
0.71255
0.59327
0.64036
0.43365
0.72164
0.58008
0.74003
0.70638
0.27147
0.64275
0.57848
0.95841
0.53874
0.6356
0.80116
0.62053
0.7097
0.44704
0.50164
0.75489
0.60369
0.70605
0.80106
0.78841
0.85399
0.63062
0.54327
0.71291
0.66328
0.52908
0.35405
0.57084
0.76315
0.62857
0.73463
0.82381
0.63614
0.6294
0.56044
0.82038
0.52998
0.85067
0.84823
0.76249
0.59339
0.74693
0.54146
0.84995
0.56028
0.6078
0.77486
0.69686
0.81027
0.62843
0.80577
0.57343
0.81871
0.76345
0.53837
0.86468
0.67051
0.7432
0.87126
0.65467
0.32769
0.6422
0.56182
0.69883
0.72655
0.69311
0.80037
0.49858
0.84479
0.84153
0.65043
0.76307
0.60034
0.58396
0.68808
0.85771
0.39272
0.53306
0.62101
0.75876
0.45923
0.62068
0.67471
0.65033
0.77216
0.6011
0.63076
0.64122
0.79876
0.66624
0.78401
0.68373
0.47092
0.55635
0.56235
0.5615
0.3123
0.73564
0.57459
0.69664
0.491
0.75932
0.5053
0.48302
0.71955
0.88662
0.45842
0.716
0.64425
0.64882
0.7538
0.41946
0.7419
0.60788
0.67715
0.77047
0.84615
0.80453
0.64953
0.81555
0.43786
0.60742
0.70356
0.66633
0.62555
0.39714
0.45868
0.83892
0.61076
0.73485
0.74051
0.57729
0.72187
0.65774
0.74853
0.53343
0.70464
0.70283
0.73329
0.60457
0.6644
0.84108
0.73146
0.37002
0.59512
0.78336
0.60173
0.44228
0.86696
0.82005
0.55978
0.62867
0.70037
0.7616
0.85008
0.56936
0.59754
0.49384
0.78264
0.75746
0.27592
0.70998
0.78472
0.4884
0.6261
0.66618
0.31496
0.50705
0.66805
0.52585
0.63153
0.78621
0.69366
0.67824
0.49151
0.69523
0.36335
0.87845
0.65382
0.46816
0.44914
0.64704
0.35662
0.71195
0.46996
0.75336
0.53273
0.59755
0.61013
0.80006
0.69556
0.66317
0.70105
0.53268
0.59467
0.37738
0.4512
0.62783
0.72437
0.63973
0.54229
0.54594
0.52747
0.6082
0.59809
0.65858
0.9002
0.56825
0.78861
0.67918
0.73589
0.49395
0.62054
0.72602
0.66896
0.79811
0.38797
0.70862
0.70562
0.78805
0.65433
0.56276
0.59092
0.74611
0.83416
0.38433
0.79087
0.8699
0.50142
0.69441
0.7467
0.9572
0.87128
0.60325
0.66844
0.60569
0.8433
0.62387
0.67334
0.40159
0.74867
0.8673
0.71633
0.60136
0.70809
0.3637
0.92027
0.82611
0.67336
0.69399
0.70093
0.82964
0.59153
0.74838
0.66924
0.4986
0.58461
0.62535
0.70468
0.71195
0.67773
0.85085
0.51008
0.66084
0.81256
0.87818
0.78329
0.61446
0.5344
0.73239
0.80112
0.47145
0.59156
0.74843
0.64033
0.61939
0.70998
0.74135
0.74001
0.66177
0.68731
0.72699
0.70148
0.55001
0.65436
0.61798
0.72261
0.77714
0.69555
0.96614
0.54947
0.58013
0.70885
0.59968
0.5061
0.64451
0.52546
0.53712
0.58151
0.40357
0.85596
0.55269
0.43048
0.65369
0.5755
0.35005
0.60733
0.7834
0.45969
0.636
0.55578
0.46576
0.84873
0.43363
0.7534
0.81276
0.86107
0.65804
0.64562
0.4924
0.71423
0.75571
0.83538
0.86492
0.69216
0.73569
0.69287
0.82527
0.79839
0.58255
0.84764
0.573
0.78643
0.73472
0.461
0.941
0.67972
0.78801
0.71561
0.67821
0.65409
0.84421
0.71419
0.6917
0.7526
0.83934
0.35519
0.563
0.74629
0.57327
0.75181
0.70799
0.7187
0.73563
0.70167
0.78437
0.59278
0.68408
0.58571
0.73244
0.78332
0.73365
0.533
0.79498
0.48072
0.6479
0.30062
0.66042
0.78921
0.65073
0.49195
0.45651
0.70458
0.31738
0.69959
0.57707
0.3855
0.73376
0.94379
0.57201
0.52882
0.65891
0.57384
0.80695
0.22584
0.56713
0.78111
0.4109
0.5131
0.64042
0.75149
0.62442
0.55947
0.61957
0.66884
0.76614
0.56552
0.66781
0.6647
0.73614
0.59333
0.65919
0.63351
0.79518
0.73356
0.71384
0.5565
0.42276
0.49404
0.84043
0.88386
0.76459
0.6938
0.50958
0.65533
0.8191
0.82917
0.67902
0.59103
0.65973
0.76717
0.82541
0.6603
0.56741
0.59264
0.71004
0.74772
0.61976
0.75713
0.79499
0.37854
0.56711
0.82338
0.59419
0.64829
0.6365
0.49163
0.46716
0.72464
0.61746
0.59565
0.35256
0.75659
0.70953
0.56291
0.66453
0.44861
0.6049
0.77938
0.60472
0.82813
0.6564
0.44033
0.84076
0.53243
0.92065
0.86267
0.58665
0.58816
0.65903
0.55117
0.62021
0.70278
0.56032
0.2826
0.51363
0.69215
0.55095
0.8243
0.92228
0.55012
0.74712
0.6697
0.68629
0.65469
0.87682
0.86026
0.64187
0.65172
0.7107
0.6407
0.64665
0.51061
0.65133
0.96226
0.6716
0.56537
0.4258
0.64887
0.82264
0.68265
0.58859
0.50236
0.56027
0.60361
0.81347
0.70982
0.61992
0.56976
0.60438
0.73596
0.74282
0.84829
0.64578
0.5531
0.56408
0.84156
0.71922
0.63644
0.73042
0.90998
0.66192
0.68989
0.57899
0.5002
0.74008
0.67583
0.69689
0.62803
0.66848
0.73455
0.74319
0.89526
0.67777
0.55941
0.86181
0.84985
0.42969
0.77266
0.67381
0.71067
0.73054
0.49681
0.86628
0.67862
0.38076
0.92545
0.65448
0.59883
0.77386
0.34344
0.69847
0.749
0.84449
0.77087
0.69035
0.7616
0.81108
0.44733
0.67504
0.46162
0.61596
0.96952
0.81395
0.65309
0.33243
0.67324
0.65347
0.70407
0.7656
0.64528
0.57146
0.84635
0.35266
0.56787
0.59821
0.82207
0.38349
0.71998
0.78402
0.42857
0.57065
0.57118
0.78966
0.71959
0.62609
0.7132
0.78848
0.51352
0.42649
0.67014
0.50611
0.72506
0.56546
0.75393
0.58484
0.74222
0.61315
0.62702
0.58274
0.63946
0.62554
0.79042
0.55268
0.64636
0.63348
0.72773
0.70633
0.76959
0.61438
0.59194
0.5963
0.74579
0.65522
0.71077
0.68121
0.54806
0.64065
0.73032
0.56688
0.62339
0.6722
0.73685
0.68554
0.72286
0.47549
0.63868
0.44584
0.61643
0.80404
0.54618
0.66778
0.66129
0.86437
0.87859
0.63446
0.26292
0.65875
0.81464
0.84957
0.66943
0.46656
0.78135
0.5089
0.57009
0.82428
0.76468
0.6286
0.7802
0.8759
0.6691
0.85369
0.75036
0.6906
0.47103
0.79087
0.47047
0.62632
0.67415
0.77783
0.5968
0.43334
0.83684
0.6292
0.3472
0.77468
0.75985
0.45334
0.45172
0.64791
0.57776
0.77164
0.66673
0.50872
0.55085
0.71503
0.51816
0.41243
0.61391
0.76166
0.60321
0.68127
0.70439
0.39539
0.67067
0.38123
0.76747
0.71117
0.47313
0.72042
0.72944
0.7143
0.62094
0.85389
0.84774
0.71672
1.0314
0.50773
0.67736
0.7262
0.61997
0.64738
0.66535
0.64575
0.76967
0.75579
0.7653
0.95695
0.73101
0.52383
0.81497
0.56999
0.81754
0.88374
0.67513
0.68864
0.74807
0.93135
0.60208
0.55153
0.50912
0.87404
0.87911
0.67479
0.33567
0.87497
0.85249
0.60922
0.77951
0.21377
0.28666
0.81022
0.73638
0.46589
0.52496
0.47621
0.65677
0.79853
0.6147
0.62757
0.77054
0.82243
0.62252
0.78678
0.67225
0.75234
0.67867
0.40771
0.41547
0.83731
0.67529
0.70955
0.64189
0.45799
0.72155
0.69296
0.69202
0.25583
0.74834
0.90557
0.76255
0.68686
0.44094
0.62561
0.64822
0.73372
0.72604
0.42651
0.61241
0.74507
0.64397
0.48551
0.65431
0.48525
0.63662
0.67603
0.76552
0.76193
0.78695
0.68676
0.81764
0.6847
0.85408
0.71066
0.56964
0.73405
0.64549
0.73755
0.69655
0.45003
0.70966
0.63531
0.68333
0.56019
0.65478
0.76325
0.70272
0.45671
0.67548
0.73124
0.81947
0.80938
0.47047
0.80601
0.73086
0.79992
0.49088
0.82221
0.84626
0.67947
0.66563
0.61783
0.73501
0.65942
0.68015
0.65552
0.47749
0.82139
0.69485
0.68404
0.70468
0.56656
0.88472
0.63119
0.76488
0.81921
0.56147
0.71111
0.778
1.0435
0.5746
0.5493
0.49038
0.66732
0.58262
0.69965
0.74701
0.3975
0.60019
0.72923
0.77568
0.72514
0.86801
0.64813
0.54776
0.59507
0.63169
0.56865
0.60131
0.8051
0.62175
0.7702
0.66884
0.5631
0.62521
0.57237
0.5843
0.34263
0.32673
0.80775
0.67981
0.54708
0.75845
0.68831
0.73946
0.64497
0.67679
0.58614
0.51891
0.68949
0.69466
0.55348
0.70416
0.76158
0.92411
0.60244
0.55898
0.73896
0.64294
0.52052
0.72829
0.87011
0.82671
0.76009
0.70786
0.7332
0.68727
0.81545
0.5669
0.81209
0.45046
0.73624
0.73158
0.8793
0.52278
0.82348
0.40028
0.76853
0.55488
0.73686
0.81155
0.71876
0.65907
0.61423
0.66957
0.7581
0.62915
0.45476
0.63316
0.72879
0.5859
0.53505
0.70001
0.80223
0.55226
0.72378
0.7476
0.72283
0.65841
0.69556
0.467
0.78565
0.6504
0.53951
0.46775
0.71702
0.54954
0.33521
0.44907
0.66899
0.72308
0.50692
0.55857
0.65598
0.7089
0.64387
0.5992
0.6528
0.68194
0.5297
0.70236
0.48482
0.43053
0.55211
0.54167
0.74768
0.53926
0.73139
0.49892
0.53248
0.36658
0.71379
0.78073
0.6543
0.70844
0.66535
0.66473
0.69085
0.75624
0.63187
0.44579
0.66933
0.59905
0.84681
0.72053
0.67284
0.89597
0.69005
0.67964
0.60106
0.68729
0.76387
0.65036
0.68478
0.80718
0.72504
0.66574
0.60247
0.75146
0.70602
0.71283
0.87541
0.93522
0.88551
0.60473
0.68448
0.321
0.63614
0.80331
0.43986
0.80575
0.77272
0.70923
0.67573
0.4616
0.64977
0.43798
0.43406
0.61641
0.67781
0.80265
0.31252
0.67323
0.61328
0.90121
0.708
0.33911
0.58744
0.74379
0.81681
0.72409
0.76671
0.64462
0.54609
0.59173
0.81258
0.36017
0.87532
0.56197
0.51162
0.54604
0.82711
0.61456
0.45519
0.66722
0.76289
0.53013
0.57552
0.87594
0.68082
0.70086
0.45651
0.65425
0.74437
0.90185
0.62668
0.48741
0.68366
0.58344
0.43363
0.53332
0.66824
0.57047
0.56146
0.60542
0.31907
0.60777
0.50086
0.63216
0.66806
0.80561
0.60077
0.5807
0.68268
0.6786
0.84292
0.69296
0.57505
0.69156
0.53879
0.69501
0.67011
0.78994
0.2861
0.55222
0.5313
0.41147
0.38512
0.84311
0.52835
0.73878
0.62671
0.74867
0.6521
0.65817
0.56326
0.94413
0.43233
0.4669
0.51888
0.56401
0.32961
0.53039
0.81903
0.72832
0.66232
0.75368
0.76692
0.7777
0.59077
0.51725
0.53631
0.74339
0.64569
0.65062
0.54873
0.67625
0.75435
0.7342
0.69264
0.59119
0.81535
0.78128
0.65063
0.70349
0.60731
0.56765
0.75288
0.67091
0.54467
0.92725
0.83262
0.81358
0.72712
0.5318
0.57367
0.72265
0.40281
0.69042
0.81342
0.77942
0.75147
0.73023
0.54437
0.77591
0.42096
0.66923
0.74989
0.59925
0.62275
0.85539
0.66186
0.68698
0.76211
0.31831
0.46018
0.785
0.65413
0.75842
0.39633
0.67971
0.53163
0.5303
0.5863
0.67314
0.78642
0.65319
0.47324
0.40334
0.78876
0.62078
0.64671
0.82159
0.68966
0.43315
0.86516
0.65734
0.82876
0.60363
0.76515
0.89452
0.60489
0.84728
0.59812
0.61987
0.53169
0.74259
0.78922
0.56491
0.6777
0.71967
0.7092
0.64409
0.50111
0.7725
0.55444
0.82458
0.68665
0.68377
0.691
0.57864
0.51898
0.6198
0.738
0.64379
0.50082
0.63833
0.73248
0.47051
0.84095
0.66387
0.85888
0.4079
0.73994
0.67659
0.82991
0.68178
0.58675
0.56142
0.52851
0.81453
0.571
0.72381
0.86026
0.55155
0.64304
0.8288
0.87991
0.68488
0.52302
0.48343
0.44339
0.64477
0.64847
0.72449
0.84563
0.54384
0.7348
0.95903
0.75119
0.53596
0.46741
0.69829
0.80623
0.64594
0.62373
0.79727
0.81779
0.43093
0.67186
0.55636
0.56896
0.5769
0.71228
0.80342
0.9042
0.58772
0.71063
0.63067
0.62609
0.40085
0.6367
0.45664
0.52334
0.49621
0.70177
0.61403
0.79726
0.88021
0.57763
0.54561
0.40249
0.38007
0.46091
0.59017
0.80943
0.83372
0.50443
0.80574
0.6877
0.57736
0.41025
0.85581
0.55463
0.68201
0.17504
0.65845
0.655
0.58889
0.41026
0.5475
0.48101
0.47926
0.64779
0.67279
0.59014
0.46854
0.7297
0.45405
0.54632
0.8853
0.55019
0.7773
0.48209
0.48693
0.7121
0.62948
0.60285
0.83371
0.758
0.77684
0.76856
0.77638
0.4966
0.54848
0.74256
0.64774
0.49558
0.63141
0.57927
0.59105
0.7196
0.8846
0.69202
0.73991
0.59556
0.68458
0.86178
0.60088
0.57884
0.76018
0.80328
0.87076
0.73615
0.6409
0.60883
0.68013
0.77942
0.69985
0.57631
0.66418
0.65667
0.62576
0.78684
0.68277
0.7949
0.86198
0.47291
0.75068
0.51017
0.56146
0.738
0.73584
0.70822
0.62398
0.7144
0.74087
0.51965
0.70044
0.80482
0.58677
0.57069
0.66685
0.81306
0.58736
0.62576
0.68338
0.65076
0.94597
0.81333
0.76498
0.65715
0.57964
0.87873
0.93576
0.76149
0.79201
0.70743
0.56487
0.53496
0.72385
0.69339
0.49454
0.92909
0.86583
0.58039
0.50509
0.25024
0.45964
0.60024
0.67638
0.67141
0.51105
0.51094
0.59614
0.56242
0.74181
0.5752
0.4016
0.65732
0.56704
0.65578
0.76467
0.33336
0.87059
0.76098
0.53152
0.66282
0.59339
0.74517
0.77924
0.59894
0.62966
0.39433
0.76529
0.65372
0.61681
0.59622
0.61832
0.69935
0.68724
0.67669
0.61628
0.41952
0.63005
0.56338
0.57052
0.84506
0.65737
0.60161
0.79808
0.581
0.59786
0.65569
0.49605
0.71135
0.42747
0.48312
0.71145
0.68532
0.49729
0.69405
0.95175
0.41511
0.68009
0.73306
0.40274
0.41503
0.49275
0.59947
0.63415
0.70631
0.66054
0.57368
0.6396
0.61212
0.56662
0.54971
0.56184
0.61931
0.544
0.72963
0.6825
0.71745
0.43188
0.79567
0.86948
0.58233
0.77656
0.46886
0.80133
0.60559
0.31468
0.53347
0.66181
0.63342
0.7231
0.69001
0.63038
0.80673
0.56455
0.71077
0.8389
0.70999
0.56882
0.37124
0.86152
0.61076
0.62348
0.40433
0.63229
0.64863
0.65457
0.83979
0.67828
0.61978
0.69614
0.56959
0.68359
0.69799
0.31313
0.17523
0.66243
0.55308
0.5776
0.71095
0.51736
0.6403
0.71199
0.76918
0.60012
0.71062
0.59085
0.75278
0.83644
0.66711
0.53487
0.5458
0.57242
0.49245
0.7745
0.69406
0.65847
0.73604
0.65164
0.79091
0.71588
0.56996
0.61381
0.24427
0.78573
0.34089
0.84831
0.62067
0.87997
0.59492
0.5477
0.7337
0.53844
0.57833
0.7178
0.64799
0.72752
0.64509
0.80119
0.40705
0.52064
0.68387
0.55399
0.45269
0.453
0.60043
0.80646
0.47145
0.64239
0.71457
0.55205
0.56624
0.65796
0.85453
0.32767
0.45404
0.65607
0.46742
0.58036
0.54606
0.8348
0.5855
0.72298
0.58251
0.38063
0.72217
0.68049
0.8397
0.44684
0.40975
0.55877
0.62803
0.47197
0.5742
0.7814
0.73255
0.60167
0.32024
0.57284
0.5617
0.65548
0.70529
0.62865
0.95596
0.68796
0.74398
0.63485
0.41647
0.69183
0.50797
0.51508
0.33797
0.55368
0.45656
0.54879
0.59421
0.78398
0.7394
0.79225
0.66561
0.73699
0.70525
0.63445
0.86166
0.31942
0.54869
0.62987
0.60917
0.80263
0.59164
0.48592
0.87678
0.64674
0.39649
0.54433
0.67305
0.75367
0.49574
0.33637
0.78855
0.8156
0.74473
0.40883
0.60385
0.83489
0.4773
0.70232
0.68022
0.68458
0.88805
0.68837
0.62862
0.6213
0.51855
0.72215
0.60086
0.64564
0.63614
0.59342
0.14825
0.78405
0.7077
0.56684
0.80698
0.54548
0.66606
0.77987
0.49456
0.23912
0.31185
0.39107
0.59887
0.72388
0.7986
0.76053
0.54701
0.39099
0.68237
0.73243
0.89847
0.88611
0.75104
0.59128
0.5853
0.67984
0.4363
0.48202
0.56507
0.83777
0.80195
0.68173
0.76593
0.84409
0.38187
0.75942
0.5091
0.68431
0.41634
0.54702
0.73016
0.69847
0.77874
0.61325
0.50582
0.70188
0.53953
0.70714
0.72112
0.57182
0.7483
0.71046
0.71817
0.77851
0.71077
0.56511
0.56608
0.68056
0.50876
0.42236
0.7931
0.82232
0.58584
0.55491
0.48511
0.73746
0.71988
0.52712
0.80643
0.73767
0.81966
0.66845
0.6277
0.85752
0.55667
0.77875
0.83833
0.89439
0.59836
0.70373
0.61261
0.48207
0.58662
0.64527
1.0329
0.57558
0.44578
0.4756
0.80444
0.6999
0.79242
0.78725
0.66964
0.47294
0.57498
0.68603
0.55854
0.7868
0.67925
0.69711
0.58684
0.73278
0.7039
0.68446
0.53841
0.75055
0.66951
0.69332
0.52756
0.95747
0.54626
0.6778
0.94103
0.65761
0.8457
0.70805
0.71899
0.57085
0.36877
0.78343
0.71273
0.56341
0.51161
0.52109
0.72494
0.57218
0.61079
0.64853
0.71003
0.7486
0.66943
0.54556
0.74599
0.34896
0.47462
0.59727
0.66989
0.66473
0.72987
0.75834
0.53753
0.59545
0.70507
0.53475
0.53829
0.83538
0.71894
0.56401
0.47431
0.54922
0.65945
0.52761
0.7506
0.59882
0.65088
0.66152
0.51877
0.50706
0.77903
0.59297
0.59796
0.74906
0.67421
0.66177
0.35487
0.749
0.70326
0.70896
0.53452
0.63733
0.62449
0.54921
0.50774
0.63058
0.84276
0.65069
0.62261
0.63876
0.49278
0.44629
0.6209
0.66286
0.45067
0.46928
0.60603
0.57909
0.61283
0.89747
0.67637
0.35173
0.42283
0.61171
0.69024
0.57304
0.81815
0.66215
0.78098
0.44948
0.74047
0.66851
0.50411
0.74213
0.68593
0.62956
0.74795
0.6611
0.71905
0.7788
0.65378
0.74245
0.66042
0.65593
0.78481
0.7119
0.55316
0.82723
0.66612
0.60795
0.84814
0.93091
0.77756
0.34154
0.66809
0.55575
0.68026
0.56961
0.66845
0.55906
0.69653
0.75015
0.3435
0.64111
0.54231
0.66901
0.68205
0.61031
0.42427
0.67659
0.68848
0.81591
0.72846
0.75429
0.52282
0.56914
0.74028
0.6079
0.86006
0.66611
0.78442
0.6866
0.76097
0.34228
0.69136
0.5046
0.51537
0.54058
0.35961
0.52828
0.71795
0.77382
0.61565
0.59413
0.53389
0.92139
0.72334
0.55414
0.80251
0.87011
0.59744
0.52178
0.69107
0.60758
0.68594
0.88995
0.46226
0.67464
0.59654
0.51656
0.53009
0.53884
0.61011
0.71227
0.54084
0.87362
0.61239
0.77161
0.78739
0.67119
0.72904
0.71559
0.59297
0.74195
0.64335
0.42446
0.63953
0.77052
0.56606
0.68394
0.67105
0.65067
0.61622
0.6564
0.76975
0.73095
0.6192
0.58938
0.7234
0.47541
0.47077
0.6789
0.53134
0.72388
0.4051
0.7964
0.67846
0.69171
0.69237
0.85022
0.74645
0.77852
0.66754
0.63823
0.5803
0.38187
0.7021
0.68786
0.71848
0.741
0.80034
0.71867
0.44977
0.70906
0.82849
0.84769
0.6788
0.60481
0.5155
0.77202
0.63794
0.73214
0.61227
0.51908
0.51615
0.63096
0.52807
0.40447
0.25027
0.6144
0.73474
0.49334
0.65471
0.66344
0.65701
0.73235
0.70769
0.54824
0.47581
0.69643
0.45448
0.70546
0.57514
0.8112
0.68228
0.70175
0.82239
0.62254
0.82749
0.7456
0.78993
0.57133
0.57912
0.54958
0.71222
0.63897
0.73109
0.48711
0.6592
0.63243
0.70375
0.69406
0.52108
0.88991
0.62407
0.48578
0.60074
0.60276
0.74639
0.58469
0.69629
0.8895
0.68178
0.73071
0.82929
0.51436
0.61213
0.74263
0.69798
0.60233
0.7639
0.89922
0.54348
0.7139
0.50851
0.56698
0.5636
0.69282
0.52808
0.60306
0.46657
0.7482
0.72657
0.66483
0.32327
0.8033
0.66268
0.74953
0.73608
0.49154
0.72001
0.94967
0.7815
0.6776
0.7155
0.42864
0.65907
0.65754
0.47082
0.68521
0.78469
0.68482
0.80561
0.78918
0.64184
0.67867
0.51497
0.76903
0.7339
0.69697
0.80701
0.62441
0.70209
0.69927
0.65818
0.75322
0.70472
0.40211
0.60721
0.71296
0.72289
0.59421
0.56083
0.49523
0.6577
0.29124
0.72096
0.69855
0.51282
0.70801
0.6298
0.53393
0.50865
0.63717
0.69388
0.43377
0.80187
0.47195
0.68656
0.40217
0.67344
0.76224
0.52653
0.68368
0.60998
0.77774
0.67501
0.4633
0.71038
0.69851
0.66638
0.59116
0.54729
0.67506
0.5713
0.79441
0.7861
0.72461
0.53462
0.69299
0.56438
0.76663
0.65087
0.57364
0.8421
0.52579
0.5758
0.63611
0.7098
0.65086
0.59051
0.86534
0.72256
0.60462
0.42612
0.78217
0.57404
0.53557
0.22647
0.63773
0.78875
0.46551
0.66557
0.65447
0.70709
0.64513
0.52685
0.58166
0.39627
0.59652
0.71518
0.72396
0.71015
0.67175
0.65512
0.65349
0.72849
0.61986
0.75366
0.60468
0.37537
0.67802
0.72944
0.84415
0.81127
0.68299
0.61824
0.42672
0.38535
0.80347
0.62389
0.86315
0.72607
0.83288
0.36584
0.88239
0.88516
0.76216
0.55807
0.59399
0.80804
0.54255
0.85081
0.6136
0.46967
0.67078
0.79048
0.68705
0.7409
0.80121
0.90147
0.5869
0.68271
0.51212
0.5822
0.74516
0.74167
0.50825
0.662
0.66225
0.79824
0.66431
0.81774
0.4155
0.73581
0.78839
0.61163
0.40745
0.67765
0.44054
0.83851
0.72562
0.4922
0.92851
0.78594
0.80879
0.5741
0.68916
0.33468
0.62036
0.70459
0.79153
0.59525
0.76825
0.74208
0.8132
0.80781
0.63698
0.55282
0.62842
0.71096
0.71494
0.91896
0.52678
0.72965
0.69282
0.56783
0.73538
0.57657
0.81292
0.80654
0.57149
0.5532
0.74542
0.59378
0.57431
0.64364
0.69789
0.50115
0.77041
0.59365
0.83883
0.70435
0.64665
0.5914
0.36257
0.71205
0.72741
0.7948
0.61649
0.58274
0.90255
0.52538
0.72268
0.36061
0.87586
0.54937
0.61894
0.61371
0.76899
0.6248
0.78743
0.44938
0.90384
0.65017
0.67085
0.95056
0.55819
0.88535
0.75369
0.72111
0.91099
0.89129
0.55294
0.76595
0.58073
0.66929
0.79836
0.73674
0.4098
0.5992
0.49972
0.29874
0.68121
0.68284
0.67823
0.70646
0.70833
0.79322
0.72828
0.74071
0.62515
0.68317
0.80356
0.54011
0.5593
0.46884
0.52042
0.80535
0.68801
0.68538
0.81965
0.52356
0.76078
0.56423
0.64223
0.77647
0.72732
0.6838
0.79635
0.62606
0.60038
0.54283
0.48511
0.67828
0.78835
0.59423
0.49477
0.63223
0.61454
0.82169
0.66138
0.66388
0.62675
0.65908
0.37881
0.47432
0.30401
0.77612
0.32089
0.6592
0.54632
0.80597
0.71301
0.69979
0.64374
0.53373
0.78545
0.83247
0.52224
0.64422
0.72889
0.59176
0.42242
0.59896
0.55915
0.58059
0.74589
0.73326
0.51591
0.48477
0.57741
0.84973
0.75359
0.56296
0.49619
0.52116
0.68647
0.6043
0.82374
0.79642
0.6987
0.65748
0.6229
0.49828
0.70358
0.62409
0.49585
0.72845
0.58872
0.72959
0.88529
0.36997
0.84413
0.66564
0.79168
0.65332
0.81961
0.74756
0.66751
0.74485
0.75928
0.63638
0.76218
0.73635
0.70382
0.57016
0.47883
0.56026
0.66529
0.61373
0.41867
0.77252
0.60426
0.48469
0.64537
0.4629
0.48096
0.72273
0.6395
0.70048
0.32844
0.73831
0.71413
0.23473
0.34856
0.58437
0.68633
0.58669
0.78703
0.76721
0.56664
0.45323
0.64972
0.36982
0.63567
0.61354
0.60728
0.72303
0.55671
0.66088
0.74715
0.71156
0.66296
0.66423
0.52322
0.47362
0.84956
0.55272
0.73555
0.77301
0.73621
0.68512
0.59427
0.77216
0.80878
0.74125
0.58988
0.59041
0.53236
0.56835
0.67144
0.69414
0.57434
0.70244
0.71492
0.7899
0.70188
0.54187
0.71875
0.71978
0.75457
0.50954
0.64052
0.67908
0.76284
0.88952
0.75245
0.66613
0.58869
0.71821
0.47668
0.67171
0.69573
0.73529
0.74456
0.58921
0.51264
0.44187
0.74036
0.81081
0.6025
0.7973
0.78263
0.75293
0.75573
0.91808
0.32309
0.59153
0.6308
0.59951
0.83534
0.55354
0.67968
0.53143
0.73573
0.7313
0.69546
0.88958
0.6002
0.50212
0.7785
0.69416
0.37555
0.47182
0.74116
0.72002
0.57611
0.66379
0.56215
0.77729
0.64947
0.64063
0.78089
0.37772
0.54099
0.82454
0.59049
0.83358
0.62988
0.69416
0.67769
0.58054
0.51187
0.44738
0.87784
0.41413
0.72248
0.81036
0.80674
0.2949
0.84577
0.66372
0.795
0.72985
0.61402
0.80214
0.54221
0.66638
0.73033
0.65876
0.79199
0.76713
0.61951
0.75878
0.86738
0.52729
0.35982
0.63543
0.70782
0.60189
0.5532
0.6103
0.39309
0.71227
0.42069
0.56628
0.68112
0.72084
0.50696
0.64098
0.59822
0.58283
0.81597
0.90497
0.72226
0.67574
0.65373
0.51924
0.82027
0.7006
0.68503
0.36617
0.52769
0.5332
0.66699
0.71401
0.48947
0.51209
0.74806
0.84723
0.36831
0.69553
0.60112
0.5778
0.69333
0.58991
0.63571
0.79921
0.49502
0.69428
0.89059
0.61678
0.77453
0.5471
0.80777
0.75017
0.75099
0.79129
0.59922
0.81946
0.70091
0.75918
0.72209
0.63079
0.4415
0.559
0.65358
0.70866
0.72596
0.67683
0.49989
0.20968
0.63854
0.69803
0.74106
0.71585
0.89445
0.71705
0.4404
0.64772
0.77815
0.8971
0.72667
0.6234
0.39366
0.50919
0.29769
0.6714
0.84875
0.47716
0.51416
0.52206
0.69867
0.81761
0.56971
0.65932
0.87941
0.76317
0.6768
0.5764
0.7101
0.62545
0.50899
0.65901
0.60853
0.90973
0.68889
0.85223
0.88666
0.67903
0.74345
0.84
0.7459
0.74499
0.4014
0.7362
0.93384
0.75047
0.79943
0.45757
0.98
0.52065
0.85988
0.65118
0.53288
0.56416
0.55257
0.69265
0.81483
0.74337
0.67977
0.63125
0.60198
0.58977
0.86342
0.45202
0.5871
0.58514
0.86424
0.68139
0.71347
0.63021
0.68575
0.66323
0.81082
0.7486
0.50052
0.52706
0.58871
0.67546
0.76992
0.62191
0.60128
0.73302
0.66626
0.73319
0.4508
0.46252
0.75791
0.44028
0.82409
0.53919
0.5861
0.80179
0.54192
0.83463
0.62874
0.70708
0.86054
0.59834
0.54543
0.51529
0.6442
0.55514
0.57032
0.65221
0.71028
0.7149
0.58453
0.56154
0.64192
0.67103
0.95514
0.76012
0.77319
0.79307
0.57985
0.66017
0.73138
0.73574
0.75019
0.59876
0.60993
0.55511
0.72355
0.68485
0.80123
0.53737
0.50921
0.6733
0.50842
0.87135
0.86702
0.66771
0.54738
0.49815
0.81756
0.63956
0.59846
0.43018
0.49414
0.83002
0.68368
0.61231
0.67208
0.56222
0.45035
0.66829
0.67577
0.77137
0.58907
0.53165
0.62385
0.667
0.74298
0.79075
0.71524
0.54375
0.64024
0.54945
0.40281
0.61197
0.6488
0.5043
0.4596
0.65347
0.84344
0.5959
0.60137
0.73555
0.75096
0.62357
0.69311
0.80237
0.65889
0.55963
0.93767
0.58131
0.69608
0.75027
0.75692
0.52744
0.81553
0.85827
0.80579
0.89553
0.52404
0.68867
0.59558
0.76421
0.64711
0.78788
0.79533
0.75909
0.75536
0.45441
0.42965
0.85076
0.69668
0.84031
0.55353
0.87601
0.57122
0.80117
0.60348
0.60696
0.44494
0.60781
0.46642
0.76329
0.58133
0.58945
0.66961
0.43386
0.75765
0.66369
0.67168
0.68851
0.73376
0.62259
0.47483
0.74906
0.70463
0.74039
0.81119
0.72163
0.62536
0.49088
0.81663
0.39298
0.38563
0.64887
0.50819
0.56389
0.72272
0.48185
0.6272
0.69497
0.65936
0.74498
0.72612
0.38203
0.5206
0.69585
0.95525
0.62202
0.4526
0.33447
0.80064
0.59761
0.49199
0.68136
0.65144
0.68821
0.81446
0.58904
0.71558
0.42209
0.71562
0.50299
0.78356
0.70853
0.57975
0.65141
0.57
0.55605
0.49413
0.62469
0.57734
0.64977
0.58714
0.65613
0.66643
0.82514
0.34744
0.69716
0.20335
0.6951
0.70954
0.58582
0.5241
0.53655
0.49937
0.64385
0.57488
0.69361
0.61634
0.63538
0.56903
0.38664
0.60427
0.90464
0.6679
0.61704
0.43356
0.61094
0.91683
0.67027
0.5066
0.65175
0.58003
0.75596
0.82009
0.50505
0.65073
0.72953
0.54865
0.44019
0.62201
0.65243
0.56515
0.54732
0.37116
0.7791
0.56109
0.79414
0.66282
0.60186
1.0306
0.89069
0.60561
0.6306
0.734
0.92689
0.48494
0.6971
0.62195
0.70102
0.80281
0.51643
0.88184
0.70861
0.62401
0.70982
0.82071
0.63352
0.43728
0.85364
0.62074
0.85111
0.80772
0.58607
0.44193
0.57321
0.65302
0.70994
0.34381
0.6287
0.58693
0.41234
0.43056
0.77913
0.59551
0.71546
0.66199
0.57988
0.85995
0.7791
0.6025
0.55523
0.49311
0.52271
0.56785
0.74684
0.69508
0.7764
0.7873
0.66853
0.8415
0.73842
0.68453
0.53774
0.73506
0.37707
0.37721
0.81655
0.75407
0.62792
0.76658
0.77229
0.63076
0.73113
0.66949
0.65186
0.59064
0.84566
0.81645
0.72929
0.86133
0.48186
0.69943
0.69815
0.80687
0.5843
0.61834
0.57425
0.8506
0.63908
0.85179
0.54099
0.74952
0.74308
0.83518
0.58368
0.78934
0.81089
0.31615
0.66613
0.91444
0.57576
0.63846
0.56553
0.52604
0.75119
0.78064
0.71777
0.70379
0.68326
0.30824
0.59463
0.49174
0.70999
0.67319
0.647
0.65611
0.78714
0.93622
0.47161
0.8451
0.40975
0.77464
0.70205
0.7363
0.53795
0.74845
0.64203
0.86013
0.83539
0.64149
0.59104
0.59294
0.69434
0.70129
0.50736
0.42672
0.40521
0.72008
0.44371
0.70924
0.50537
0.67861
0.73211
0.8945
0.34625
0.76212
0.47007
0.48636
0.1926
0.53445
0.88189
0.58082
0.61534
0.57695
0.51904
0.5956
0.7235
0.80653
0.58225
0.63412
0.53163
0.22199
0.74264
0.83492
0.8465
0.76055
0.60823
0.53608
0.46198
0.65624
0.86485
0.75788
0.44881
0.55907
0.54243
0.84145
0.57761
0.58531
0.81772
0.71365
0.71384
0.5525
0.6063
0.67361
0.61595
0.68972
0.84591
0.56506
0.61545
0.77669
0.60667
0.63233
0.75088
0.66648
0.78452
0.74051
0.55804
0.39741
0.5612
0.70279
0.87577
1.0087
0.77315
0.64308
0.88319
0.55791
0.44914
0.5886
0.89721
0.67213
0.44001
0.58009
0.64357
0.62437
0.80258
0.91463
0.83313
0.77502
0.82871
0.70155
0.80909
0.60725
0.75469
0.7989
0.58614
0.68453
0.44518
0.79609
0.44574
0.51044
0.57896
0.56317
0.65081
0.72236
0.70188
0.52227
0.77717
0.42546
0.71581
0.76237
0.93183
0.36254
0.30163
0.67432
0.45046
0.66268
0.72462
0.44045
0.55546
0.56231
0.80588
0.59721
0.84061
0.67969
0.51276
0.42376
0.85044
0.97379
0.6806
0.88206
0.9521
0.86323
0.53286
0.50212
0.64182
0.52312
0.52431
0.48323
0.43516
0.75539
0.60752
0.37261
0.68919
0.74239
0.75815
0.68018
0.51184
0.66852
0.51874
0.72699
0.62875
0.75107
0.38583
0.79441
0.62365
0.61123
0.57071
0.74882
0.64607
0.73785
0.89175
0.84629
0.64746
0.62391
0.6294
0.66598
0.75059
0.49409
0.7178
0.82473
0.5458
0.35355
0.7451
0.6997
0.59304
0.62142
0.56638
0.48213
0.70202
0.63013
0.8034
0.44678
0.29142
0.68466
0.69894
0.90025
0.73123
0.42073
0.67782
0.67273
0.84711
0.49251
0.50658
0.70368
0.66636
0.54413
0.86006
0.76177
0.89043
0.78301
0.74205
0.61167
0.66227
0.35668
0.73365
0.73449
0.68698
0.31502
0.82051
0.58408
0.62592
0.7488
0.64373
0.63954
0.5684
0.41999
0.55377
0.6737
0.38534
0.81665
0.73209
0.66848
0.4413
0.46664
0.72866
0.59468
0.64206
0.65303
0.74733
0.67721
0.55213
0.6213
0.8858
0.84812
0.96809
0.40444
0.69277
0.73365
0.78323
0.76344
0.40073
0.51525
0.52732
0.39984
0.74088
0.37279
0.62258
0.81095
0.64452
0.9228
0.52755
0.45514
0.61041
0.83601
0.71317
0.55874
0.74137
0.54277
0.59285
0.69678
0.74512
0.60087
0.82355
0.63732
0.7598
0.7089
0.67494
0.63972
0.47802
0.69516
0.89412
0.6724
0.31982
0.69794
0.74328
0.63376
0.55463
0.66367
0.60641
0.77762
0.65543
0.64075
0.54682
0.5465
0.75883
0.77143
0.443
0.65609
0.87129
0.75957
0.62166
0.77208
0.78008
0.74589
0.82974
0.44331
0.58599
0.37173
0.46789
0.66173
0.66582
0.54678
0.52947
0.8489
0.76383
0.64801
0.46833
0.64962
0.5614
0.71408
0.81138
0.61524
0.56187
0.69746
0.68612
0.64401
0.51533
0.76841
0.58131
0.62094
0.73973
0.6511
0.50144
0.68014
0.75106
0.77479
0.5571
0.58897
0.72851
0.51063
0.61025
0.4824
0.86434
0.62232
0.90712
0.83902
0.67372
0.56195
0.46401
0.54191
0.80572
0.6454
0.53702
0.36895
0.50527
0.68522
0.41003
0.72653
0.45709
0.84123
0.83347
0.67525
0.59707
0.74633
0.84333
0.348
0.60356
0.88254
0.63788
0.62178
0.60836
0.29473
0.76507
0.64748
0.76234
0.91279
0.65042
0.58272
0.68611
0.87702
0.83109
0.42574
0.54493
0.77111
0.64666
0.56424
0.90461
0.74791
0.65583
0.74529
0.70356
0.62031
0.65855
0.63872
0.53794
0.58943
0.58034
0.76831
0.55683
0.59667
0.49722
0.78677
0.72399
0.71249
0.70788
0.70136
0.58314
0.6172
0.38112
0.31244
0.77813
0.65756
0.68509
0.61166
0.80285
0.47142
0.68342
1.0319
0.58695
0.83201
0.79653
0.85762
0.59594
0.64992
0.64551
0.71103
0.48154
0.79339
0.7963
0.61809
0.6223
0.65742
0.81769
0.67072
0.73114
0.71805
0.49335
0.69724
0.6904
0.60985
0.74668
0.6592
0.67109
0.83247
0.61072
0.57504
0.83877
0.7622
0.73199
0.75662
0.68622
0.45362
0.58136
0.66528
0.7313
0.37972
0.51179
0.75767
0.70704
0.63902
0.61669
0.63973
0.72098
0.76373
0.66801
0.5494
0.78931
0.66602
0.43448
0.67325
0.6574
0.53812
0.81307
0.79994
0.8375
0.60409
0.61549
0.59335
0.71931
0.61157
0.48647
0.60968
0.75312
0.41267
0.84022
0.72126
0.80725
0.34262
0.49703
0.58377
0.68428
0.85691
0.84556
0.69213
0.66597
0.96617
0.56353
0.64776
0.72311
0.40443
0.68714
0.43626
0.49017
0.72672
0.74904
0.9162
0.67195
0.81163
0.50672
0.44894
0.54308
0.4568
0.54685
0.47292
0.59628
0.48517
0.45317
0.51563
0.32982
0.2963
0.61463
0.65776
0.70689
0.73119
0.78663
0.42165
0.76596
0.71397
0.63662
0.81063
0.72224
0.77214
0.90442
0.51727
0.7193
0.45532
0.63072
0.76791
0.65124
0.4897
0.6677
0.67043
0.5293
0.46495
0.33308
0.58274
0.65302
0.88532
0.43251
0.68935
0.50436
0.46849
0.64684
0.67001
0.59054
0.62484
0.63264
0.37756
0.54068
0.80591
0.63256
0.36995
0.69828
0.72742
0.67969
0.50666
0.4014
0.97747
0.68887
0.65769
0.75545
0.71854
0.81198
0.6584
0.81562
0.73395
0.37564
0.59841
0.81548
0.36942
0.42576
0.70046
0.6929
0.41834
0.71813
0.73944
0.46692
0.68324
0.62706
0.6809
0.33813
0.7381
0.44765
0.50599
0.77162
0.65512
0.69207
0.66627
0.53781
0.77678
0.62132
0.52289
0.75833
0.53296
0.65075
0.60691
0.53055
0.74575
0.70043
0.47424
0.48489
0.69772
0.73899
0.74244
0.70863
0.90492
0.44172
0.55829
0.73155
0.57974
0.73552
0.6832
0.48981
0.81875
0.76267
0.71242
0.45732
0.90094
0.55314
0.70368
0.544
0.74891
0.66413
0.60124
0.59346
0.75971
0.61683
0.38456
0.91831
0.48089
0.82519
0.64626
0.32064
0.55523
0.65341
0.49719
0.69613
0.72805
0.72092
0.47958
0.68988
0.73709
0.57902
0.61983
0.53807
0.71947
0.59024
0.79764
0.86024
0.4889
0.59064
0.69113
0.6191
0.64933
0.71944
0.48944
0.51963
0.59643
0.70124
0.43964
0.57394
0.49591
0.75449
0.77322
0.87285
0.80385
0.39554
0.5785
0.7869
0.67188
0.7666
0.94801
0.55314
0.65974
0.77912
0.56663
0.537
0.45832
0.74969
0.70578
0.7585
0.84005
0.53656
0.51114
0.46264
0.64367
0.459
0.35152
0.46243
0.80371
0.83165
0.75417
0.50662
0.30933
0.31612
0.6166
0.69719
0.55177
0.51509
0.77796
0.82589
0.57898
0.31096
0.50572
0.73776
0.60552
0.55927
0.69766
0.65147
0.7854
0.8233
0.70692
0.68573
0.77986
0.72378
0.75573
0.74816
0.81596
0.33469
0.66061
0.42411
0.57049
0.4124
0.73487
0.47613
0.63798
0.73939
0.58147
0.61907
0.77167
0.74447
0.61083
0.3038
0.81538
0.79204
0.49714
0.79633
0.65089
0.90186
0.63237
0.66795
0.80888
0.80451
0.15402
0.42008
0.81584
0.81841
0.71884
0.62074
0.46684
0.66626
0.83044
0.83412
0.69065
0.69226
0.5264
0.40147
0.67359
0.53151
0.7481
0.74349
0.7129
0.7122
0.68097
0.65961
0.51212
0.59015
0.65518
0.88938
0.62771
0.80058
0.65276
0.48047
0.6153
0.66925
0.7597
0.61444
0.3486
0.63179
0.61844
0.75044
0.70945
0.42923
0.48311
0.74962
0.84329
0.61297
0.79535
0.60558
0.55205
0.6301
0.35733
0.69692
0.63951
0.70011
0.61238
0.52011
0.81194
0.77001
0.76598
0.66636
0.42518
0.79666
0.68071
0.8502
0.524
0.56838
0.64154
0.64513
0.72567
0.74562
0.57894
0.75066
0.66371
0.54664
0.78732
0.85559
0.59998
0.62231
0.64535
0.81805
0.56934
0.53497
0.40974
0.66527
0.71483
0.65006
0.67486
0.41933
0.78168
0.83121
0.52943
0.77962
0.52694
0.69955
0.64216
0.78256
0.21157
0.56097
0.75622
0.93243
0.65283
0.79303
0.83847
0.72437
0.60894
0.83814
0.83781
0.55422
0.69974
0.65778
0.54068
0.60986
0.71062
0.75112
0.91288
0.6511
0.85414
0.59681
0.38838
0.40409
0.6718
0.59335
0.50186
0.68748
0.45519
0.54049
0.58279
0.83985
0.71424
0.77486
0.6086
0.67289
0.61072
0.62792
0.75716
0.72063
0.53803
0.7423
0.45395
0.5989
0.79156
0.78686
0.66412
0.6943
0.49932
0.83506
0.87966
0.4988
0.55291
0.70888
0.75717
0.58271
0.6166
0.63759
0.55871
0.55741
0.59623
0.66257
0.50279
0.47028
0.74858
0.47011
0.64257
0.69096
0.63319
0.54474
0.78174
0.6342
0.43833
0.69082
0.67125
0.78561
0.74866
0.7175
0.771
0.47091
0.74177
0.45107
0.84104
0.76078
0.71623
0.75017
0.47486
0.65631
0.78216
0.80031
0.67582
0.68545
0.90639
0.65529
0.75794
0.73851
0.9073
0.61381
0.27993
0.34579
0.83054
0.57243
0.81534
0.41541
0.80515
0.56648
0.71186
0.80452
0.66645
0.57681
0.44534
0.67659
0.8018
0.90684
0.90259
0.62331
0.77686
0.63728
0.78575
0.6123
0.65633
0.68844
0.58425
0.48314
0.68911
0.33748
0.45521
0.68032
0.5201
0.70754
0.8874
0.76461
0.57413
0.7894
0.22161
0.82309
0.65243
0.72327
0.81085
0.66221
0.65868
0.93413
0.45369
0.77876
0.53782
0.57896
0.57278
0.68741
0.68008
0.62777
0.66464
0.56585
0.73342
0.59639
0.67638
0.92674
0.62045
0.36592
0.86074
0.47591
0.54239
0.85787
0.67008
0.8963
0.77764
0.58613
0.72323
0.69559
0.91018
0.58157
0.47832
0.64639
0.85172
0.7028
0.55847
0.7135
0.62961
0.54084
0.68499
0.67024
0.34327
0.67954
0.77372
0.59648
0.46186
0.37614
0.85594
0.75283
0.80035
0.71566
0.56587
0.70999
0.57675
0.67998
0.82512
0.77549
0.77959
0.70474
0.41252
0.51445
0.67353
0.56048
0.72003
0.72254
0.56193
0.81006
0.82058
0.62997
0.6533
0.79266
0.53225
0.53391
0.57071
0.55899
0.70982
0.53794
0.60192
0.47376
0.9192
0.66036
0.74057
0.62638
0.49373
0.38223
0.6396
0.73424
0.54686
0.91193
0.67989
0.58685
0.71781
0.65837
0.73112
0.65437
0.52327
0.47894
0.6922
0.82515
0.59492
0.57536
0.40136
0.75555
0.77967
0.52907
0.74949
0.89621
0.76274
0.54329
0.46486
0.82334
0.7073
0.80845
0.66806
0.65166
0.83823
0.54866
0.88139
0.79278
0.67858
0.64857
0.51742
0.52063
0.87649
0.74432
0.6553
0.6217
0.68624
0.58076
0.93934
0.79569
0.75013
0.56977
0.64948
0.73888
0.30237
0.57144
0.29511
0.68763
0.53034
0.71369
0.65367
0.70335
0.61307
0.48883
0.78097
0.63451
0.59573
0.83198
0.76344
0.60919
0.80878
0.66538
0.53484
0.54155
0.80076
0.54183
0.66919
0.84726
0.72434
0.88274
0.4732
0.42659
0.49167
0.90475
0.86974
0.57541
0.51192
0.73056
0.58586
0.71392
0.71617
0.60206
0.63788
0.44651
0.61688
0.73135
0.47599
0.69295
0.64347
0.63972
0.57517
0.60734
0.65427
0.7861
0.73995
0.79512
0.59255
0.6813
0.66199
0.57694
0.82682
0.74759
0.39978
0.60375
0.66183
0.57485
0.78502
0.72583
0.63376
0.64688
0.52874
0.50514
0.51594
0.49648
0.63991
0.83968
0.64655
0.56882
0.23963
0.6783
0.65434
0.32391
0.71893
0.6724
0.98123
0.66341
0.82512
0.42807
0.56049
0.51002
0.63416
0.51481
0.55576
0.743
0.58697
0.65465
0.56155
0.90593
0.62747
0.64774
0.49883
0.54244
0.72174
0.70743
0.69784
0.54267
0.73258
0.63841
0.7883
0.73968
0.44911
0.58809
0.46023
0.49101
0.48289
0.75531
0.68277
0.39574
0.66425
0.7474
0.85339
0.72756
0.67566
0.7737
0.68678
0.53794
0.60332
0.6266
0.49246
0.64173
0.46454
0.67212
0.77083
0.83306
0.37839
0.43607
0.33774
0.87111
0.56742
0.86116
0.506
0.67753
0.69754
0.7653
0.61339
0.69905
0.53975
0.6045
0.6848
0.72536
0.55034
0.59862
0.41868
0.55075
0.39305
0.55121
0.79278
0.70623
0.51836
0.29629
0.70692
0.51734
0.77658
0.34789
0.63461
0.65457
0.67606
0.81556
0.69745
0.69164
0.63845
0.71849
0.61161
0.63065
0.66726
0.45915
0.59811
0.72673
0.6401
0.7511
0.79867
0.39642
0.5625
0.67429
0.86323
0.61756
0.81129
0.74289
0.70723
0.6692
0.59424
0.53128
0.7176
0.67002
0.52695
0.54632
0.80671
0.45679
0.67504
0.58553
0.61601
0.45524
0.55845
0.60286
0.66766
0.72566
0.78456
0.61699
0.36737
0.82491
0.74498
0.33854
0.75475
0.33918
0.78834
0.54071
0.5166
0.56336
0.63502
0.62196
0.87256
0.65715
0.70945
0.249
0.68496
0.6913
0.94562
0.7387
0.72912
0.42246
0.72522
0.82754
0.58711
0.60593
0.5566
0.45694
0.53559
0.46779
0.58713
0.85146
0.47318
0.72073
0.64947
0.52009
0.66852
0.71484
0.64616
0.47405
0.77826
0.58763
0.7825
0.79977
0.72204
0.56678
0.72486
0.48284
0.45915
0.58084
0.58869
0.57986
0.69183
0.73777
0.74163
0.61697
0.57495
0.70893
0.78308
0.64731
0.72148
0.68233
0.68146
0.5435
0.41061
0.36877
0.50895
0.52269
0.86291
0.53259
0.75664
0.69475
0.6861
0.81964
0.47172
0.47784
0.75864
0.73398
0.51336
0.62055
0.65091
0.56272
0.91272
0.79414
0.81337
0.64979
0.57982
0.59059
0.66186
0.86061
0.87401
0.81947
0.51422
0.57855
0.84167
0.8414
0.52054
0.54418
0.54443
0.7943
0.49725
0.40161
0.51716
0.6044
0.65863
0.3429
0.78546
0.75099
0.66572
0.48971
0.72898
0.46114
0.78219
0.69612
0.57767
0.55521
0.75466
0.64574
0.52713
0.70228
0.74756
0.63945
0.23234
0.67959
0.52939
0.46222
0.62283
0.78744
0.64539
0.66792
0.65955
0.74809
0.43913
0.54282
0.51392
0.32941
0.70197
0.42862
0.79851
0.58328
0.59723
0.62317
0.62439
0.70596
0.64511
0.40722
0.77903
0.58391
0.5351
0.6373
0.63205
0.62543
0.4828
0.53595
0.65833
0.7209
0.62046
0.48915
0.69874
0.7176
0.42106
0.57736
0.76465
0.70262
0.68846
0.50777
0.58393
0.55848
0.72811
0.68389
0.54212
0.51128
0.6177
0.64934
0.25685
0.64901
0.73817
0.70924
0.76884
0.38841
0.55802
0.53587
0.526
0.67411
0.50605
0.71569
0.49787
0.36894
0.72418
0.46628
0.69395
0.77327
0.69015
0.68615
0.82623
0.45806
0.65125
0.61207
0.53397
0.68164
0.62224
0.51451
0.4447
0.64118
0.73816
0.62152
0.66957
0.61864
0.8046
0.46805
0.70599
0.75278
0.58732
0.78237
0.64007
0.58701
0.84692
0.51771
0.75977
0.6059
0.79083
0.77409
0.7179
0.88621
0.94056
0.88315
0.5872
0.62557
0.75694
0.5414
0.51738
0.72319
0.72998
0.53753
0.72799
0.60459
0.91845
0.79582
0.71833
0.70394
0.74607
0.83307
0.75743
0.58393
0.94516
0.90968
0.15236
0.44713
0.70102
0.49467
0.58189
0.75099
0.6362
0.67341
0.9099
0.68053
0.54422
0.72182
0.67657
0.77676
0.37962
0.68757
0.63749
0.61615
0.72664
0.71303
0.80619
0.70556
0.62425
0.75348
0.3676
0.72139
0.61867
0.62849
0.67253
0.6876
0.75306
0.78308
0.80123
0.38943
0.6689
0.80221
0.84614
0.75602
0.70263
0.661
0.71034
0.51268
0.59785
0.96912
0.45577
0.60612
0.71741
0.73059
0.5952
0.43333
0.35181
0.7277
0.48078
0.46321
0.56762
0.67091
0.54368
0.70294
0.78434
0.81022
0.8116
0.72192
0.35147
0.67775
0.68973
0.84882
0.72872
0.63954
0.35712
0.65497
0.49773
0.53546
0.49562
0.75536
0.73077
0.66681
0.77643
0.8162
0.73592
0.56544
0.6524
0.623
0.50328
0.70382
0.71265
0.6766
0.53957
0.51187
0.85583
0.78608
0.5363
0.71447
0.58859
0.92234
0.71438
0.55923
0.70991
0.65249
0.62306
0.70592
0.83365
0.29794
0.44105
0.83989
0.87112
0.6353
0.61704
0.41788
0.62676
0.83357
0.63375
0.67376
0.75594
0.73146
0.76398
0.813
0.58314
0.65493
0.80161
0.65552
0.57655
0.59968
0.45638
0.64569
0.33254
0.56317
0.66346
0.70628
0.74092
0.50142
0.76112
0.51116
0.72455
0.46368
0.82216
0.69749
0.59386
0.43466
0.4821
0.88836
0.78452
0.70414
0.58847
0.72383
0.80825
0.68421
0.39719
0.58127
0.65656
0.55564
0.49331
0.65035
0.62319
0.65522
0.49
0.68033
0.60064
0.76174
0.73829
0.45594
0.6361
0.62202
0.77038
0.76559
0.66916
0.4698
0.91343
0.37757
0.63269
0.54284
0.55513
0.76578
0.45898
0.67852
0.52321
0.43687
0.48697
0.60875
0.77487
0.95174
0.66013
0.83897
0.62564
0.82822
0.67368
0.59256
0.6795
0.73492
0.84152
0.60077
0.24601
0.48952
0.63613
0.50847
0.6147
0.3977
0.59416
0.34634
0.64984
0.54733
0.62861
0.76771
0.80789
0.50744
0.66817
0.71372
0.75809
0.63102
0.59482
0.62263
0.9124
0.49094
0.508
0.47461
0.62273
0.69267
0.74941
0.72196
0.26444
0.69225
0.62844
0.708
0.45695
0.55589
0.92151
0.53252
0.75681
0.61001
0.62721
0.71813
0.51285
0.64448
0.92556
0.45929
0.70131
0.89843
0.70581
0.6887
0.67934
0.88904
0.72935
0.63661
0.58817
0.80709
0.56
0.71271
0.45901
0.63498
0.54211
0.76522
0.7149
0.81051
0.84516
0.44997
0.85611
0.4859
0.74126
0.43947
0.70532
0.44846
0.56937
0.69691
0.63227
0.71248
0.7035
0.84474
0.55085
0.69015
0.6758
0.86639
0.74533
0.60063
0.58036
0.76789
0.8579
0.59376
0.63147
0.71839
0.81389
0.79195
0.6126
0.71338
0.79212
0.58683
0.7496
0.7322
0.609
0.73093
0.33012
0.51817
0.69758
0.63665
0.83037
0.60217
0.7038
0.59685
0.37299
0.41254
0.86607
0.64385
0.74966
0.82868
0.80857
0.63458
0.73084
0.80204
0.68679
0.42253
0.51683
0.77214
0.87581
0.53716
0.83691
0.76188
0.78839
0.5663
0.83258
0.73049
0.64835
0.70572
0.81031
0.8601
0.85584
0.3801
0.76612
0.64117
0.79805
0.65701
0.77906
0.68232
0.64191
0.71693
0.7647
0.7032
0.61294
0.60627
0.71106
0.65855
0.68305
0.45623
0.74967
0.77169
0.83786
0.64927
0.65541
0.89052
0.64658
0.74456
0.49337
0.79542
0.33682
0.66658
0.56351
0.69765
0.6606
0.81268
0.61821
0.71209
0.65308
0.74358
0.50585
0.58489
0.60035
0.669
0.64649
0.31216
0.38152
0.43917
0.53801
0.43576
0.45752
0.44902
0.87286
0.74092
0.65172
0.78509
0.73649
0.69818
0.73801
0.73451
0.70568
0.61526
0.78101
0.83557
0.84526
0.64197
0.73658
0.48333
0.52993
0.55959
0.76488
0.55183
0.61832
0.43614
0.63619
0.78191
0.74025
0.40298
0.64858
0.75909
0.75886
0.87562
0.70386
0.71828
0.42
0.85607
0.61562
0.54774
0.48434
0.65902
0.73924
0.39656
0.76588
0.61557
0.56313
0.68571
0.51813
0.69678
0.8924
0.88214
0.67318
0.83921
0.73743
0.65454
0.68481
0.67836
0.54789
0.72391
0.48537
0.57031
0.61414
0.9001
0.86266
0.74789
0.57698
0.66519
0.61265
0.7421
0.72575
0.35964
0.44265
0.33758
0.77634
0.90343
0.89312
0.62703
0.90047
0.52563
0.80807
0.6917
0.45385
0.48854
0.66141
0.68141
0.70808
0.51394
0.57076
0.63232
0.65703
0.84497
0.46692
0.82857
0.74649
0.37504
0.63552
0.63543
0.86013
0.65325
0.42731
0.90898
0.62728
0.52905
0.63209
0.84881
0.49954
0.71148
0.66136
0.72495
0.56293
0.58098
0.81069
0.74595
0.67361
0.7005
0.72668
0.60892
0.79428
0.50211
0.60228
0.81195
0.68744
0.52451
0.90802
0.79404
0.42995
0.64533
0.67403
0.85438
0.66309
0.40483
0.58791
0.80215
0.65167
0.37637
0.83201
0.644
0.74252
0.68841
0.79192
0.86838
0.84544
0.76898
0.76668
0.58288
0.73778
0.46206
0.60647
0.46828
0.65328
0.62547
1.006
0.68646
0.6319
0.53198
0.53723
0.21886
0.66071
0.6462
0.63141
0.49314
0.69124
0.57421
0.62285
0.64846
0.64616
0.87839
0.63559
0.79459
0.61977
0.64274
0.77492
0.62618
0.79723
0.69615
0.77513
0.56989
0.37079
0.60067
0.61614
0.48396
0.70487
0.75732
0.57943
0.79893
0.45752
0.2912
0.6358
0.60351
0.61951
0.75628
0.84353
0.65154
0.63826
0.69155
1.0316
0.51527
0.61331
0.87388
0.64283
0.3096
0.63648
0.52403
0.73034
0.62686
0.55062
0.29903
0.43177
0.68671
0.53917
0.29975
0.66675
0.48505
0.54159
0.70493
0.62245
0.7225
0.609
0.89902
0.79657
0.85396
0.85872
0.83282
0.84154
0.66205
0.93196
0.66705
0.64703
0.54233
0.71583
0.78318
0.53186
0.69074
0.61806
0.72849
0.6569
0.62234
0.41819
0.44138
0.70575
0.51621
0.81814
0.62379
0.6302
0.72532
0.63294
0.44168
0.55671
0.59637
0.88952
0.63283
0.90691
0.28479
0.52757
0.77949
0.78211
0.75987
0.73977
0.75055
0.47357
0.80948
0.24754
0.7728
0.66282
0.72437
0.49128
0.75566
0.70963
0.56747
0.8234
0.64904
0.47104
0.62999
0.66649
0.65846
0.4589
0.64254
0.58445
0.60897
0.67894
0.89909
0.22074
0.72524
0.85327
0.86396
0.73712
0.52179
0.76533
0.77703
0.49562
0.59116
0.51735
0.64693
0.50831
0.71549
0.88305
0.71942
0.67606
0.50524
0.80342
0.84409
0.93015
0.56544
0.75222
0.4019
0.87294
0.56893
0.68843
0.38105
0.84514
0.70532
0.75899
0.61328
0.50568
0.76225
0.90565
0.79364
0.95464
0.81255
0.63012
0.6671
0.35175
0.73761
0.44932
0.63631
0.60262
0.4519
0.62778
0.57899
0.78176
0.33261
0.40616
0.7261
0.55072
0.75837
0.76096
0.62604
0.57533
0.60597
0.7795
0.51668
0.73861
0.68991
0.74991
0.53917
0.6462
0.82136
0.44744
0.73168
0.77241
0.52885
0.65411
0.58239
0.86247
0.59946
0.5386
0.68835
0.93741
0.80768
0.72495
0.65812
0.64821
0.59026
0.64634
0.69756
0.83744
0.395
0.37661
0.66018
0.6231
0.61766
0.60163
0.58507
0.72102
0.8197
0.36562
0.68777
0.66511
0.79815
0.69403
0.72404
0.67826
0.69975
0.75551
0.71951
0.56771
0.53297
0.82173
0.43323
0.854
0.3784
0.60458
0.48792
0.51914
0.81266
0.88534
0.39642
0.99661
0.66116
0.7686
0.50495
0.70221
0.80347
0.71067
0.70527
0.64679
0.6954
0.48076
0.91661
0.80339
0.75934
0.47768
0.63974
0.46798
0.43066
0.46913
0.84546
0.77248
0.57051
0.49909
0.62804
0.82066
0.76062
0.81315
0.48642
0.45111
0.65244
0.77561
0.69135
0.77665
0.52628
0.56378
0.84076
0.36631
0.86258
0.55198
0.49099
0.42716
0.78604
0.76495
0.58179
0.88521
0.63348
0.67705
0.63653
0.56844
0.93608
0.71498
0.79209
0.48067
0.75435
0.6434
0.73566
0.89685
0.84247
0.74879
0.56966
0.64055
0.88734
0.83186
0.65006
0.77004
0.60501
0.57839
0.54258
0.88098
0.68096
0.78891
0.64986
0.6808
0.72168
0.69037
0.55545
0.62258
0.71407
0.40129
0.39085
0.64833
0.64307
0.53125
0.64202
0.88957
0.86513
0.74145
0.70613
0.84014
0.69667
0.74908
0.69142
0.57952
0.70633
0.79865
0.47456
0.69807
0.64867
0.64529
0.59061
0.75147
0.57666
0.68654
0.81187
0.66035
0.75928
0.67316
0.44456
0.58371
0.53948
0.58533
0.65605
0.78594
0.61309
0.83852
0.67665
0.31496
0.81694
0.37403
0.81508
0.50335
0.56425
0.75321
0.8012
0.3868
0.68594
0.53302
0.61962
0.5901
0.37183
0.68441
0.53237
0.22726
0.57672
0.70554
0.77879
0.74574
0.77685
0.38743
0.89508
0.63992
0.44276
0.82717
0.70362
0.55921
0.8585
0.72421
0.49888
1.0142
0.75585
0.39377
0.82482
0.39509
0.57886
0.68966
0.60666
0.56835
0.85685
0.36058
0.48328
0.7115
0.8035
0.59725
0.6009
0.68182
0.72045
0.59334
0.52586
0.89277
0.7434
0.7905
0.80514
0.62786
0.63387
0.71799
0.65574
0.60875
0.8024
0.90115
0.45612
0.44692
0.79717
0.53045
0.34545
0.78087
0.70139
0.67373
0.66407
0.40789
0.66041
0.69426
0.64503
0.77091
0.78854
0.39691
0.6652
0.66071
0.78734
0.76388
0.83838
0.51748
0.68825
0.67617
0.51676
0.61942
0.55144
0.55277
0.48262
0.59161
0.39515
0.76484
0.3576
0.75925
0.64944
0.68248
0.51153
0.6163
0.64431
0.76785
0.83575
0.71524
0.42698
0.61602
0.82736
0.57066
0.53286
0.61222
0.57709
0.7124
0.70949
0.57618
0.53622
0.82209
0.88643
0.84176
0.78101
0.40525
0.7349
0.69888
0.72625
0.76556
0.53293
0.78536
0.51635
0.61786
0.62323
0.65482
0.63863
0.71357
0.64424
0.81809
0.68055
0.63945
0.78696
0.63133
0.67095
0.80591
0.56104
0.65252
0.74249
0.42202
0.85138
0.75825
0.771
0.70534
0.70247
0.69524
0.79802
0.50382
0.51092
0.50292
0.85513
0.74725
0.4164
0.23706
0.73523
0.71693
0.47195
0.61325
0.81524
0.60762
0.61674
0.65595
0.64034
0.48813
0.48255
0.5988
0.7406
0.65431
0.56977
0.50667
0.47844
0.70775
0.79884
0.77402
0.75146
0.64856
0.66501
0.66931
0.83283
0.65498
0.73899
0.59295
0.59495
0.80126
0.44525
0.39616
0.502
0.89733
0.62868
0.60467
0.58915
0.6905
0.57387
0.3234
0.52007
0.7711
0.60213
0.73206
0.5277
0.55345
0.76198
0.79444
0.6539
0.74308
0.66923
0.6853
0.56765
0.64618
0.56846
0.77571
0.80766
0.66348
0.9155
0.50952
0.77735
0.75358
0.66832
0.72967
0.75267
0.80329
0.75323
0.46812
0.65317
0.68314
0.59106
0.68286
0.61561
0.67928
0.68399
0.686
0.92773
0.68327
0.62908
0.70719
0.77009
0.66924
0.58806
0.71307
0.61846
0.50584
0.73435
0.61015
0.50977
0.61266
0.82292
0.82707
0.60064
0.52736
0.40827
0.53066
0.6313
0.76525
0.80178
0.60112
0.46139
0.39659
0.47481
0.79563
0.75636
0.65435
0.55699
0.44464
0.54866
0.64616
0.27453
0.8238
0.49853
0.84192
0.64092
0.7189
0.49398
0.37361
0.46852
0.63758
0.70706
0.67846
0.48644
0.66021
0.41105
0.77382
0.72882
0.41925
0.55338
0.82563
0.52995
0.6102
0.64278
0.86119
0.61875
0.69874
0.54065
0.70646
0.61575
0.48241
0.49733
0.56078
0.5674
0.58904
0.76274
0.78946
0.6146
0.77943
0.54727
0.73683
0.68339
0.59213
0.47383
0.54153
0.671
0.77543
0.6439
0.76345
0.8514
0.62066
0.50018
0.79537
0.60183
0.89095
0.67852
0.75215
0.45544
0.63669
0.63619
0.69564
0.46544
0.81322
0.74093
0.80183
0.21581
0.41085
0.63718
0.73958
0.82448
0.76769
0.73102
0.67295
0.5954
0.69988
0.67552
0.56252
0.50271
0.68008
0.76356
0.46335
0.67894
0.75687
0.70762
0.73119
0.70705
0.75888
0.83012
0.66071
0.67875
0.61527
0.38608
0.78006
0.60445
0.72705
0.51788
0.3419
0.57415
0.6742
0.49918
0.78683
0.50525
0.5205
0.8521
0.79202
0.60795
0.74831
0.51017
0.58687
0.58595
0.6099
0.66048
0.82232
0.74087
0.79368
0.46912
0.65821
0.80567
0.75803
0.67411
0.46766
0.51121
0.70034
0.49983
0.51933
0.4762
0.41791
0.84682
0.96473
0.45705
0.47175
0.65965
0.53101
0.8003
0.44436
0.76669
0.66632
0.45171
0.54989
0.68873
0.72164
0.65368
0.80884
0.58078
0.80049
0.33729
0.66934
0.74822
0.65199
0.51394
0.3626
0.83606
0.55389
0.48031
0.78029
0.81905
0.70384
0.64836
0.67264
0.82787
0.55424
0.67338
0.8282
0.67552
0.71938
0.63813
0.62529
0.71506
0.55193
0.73101
0.75717
0.51491
0.76006
0.69599
0.69203
0.93102
0.73815
0.55197
0.8321
0.50049
0.91635
0.41174
0.6477
0.81369
0.77379
0.60364
0.76545
0.65111
0.52744
0.87884
0.52041
0.83645
0.73266
0.71268
0.50747
0.66267
0.81844
0.55254
0.65684
0.74067
0.66378
0.76003
0.47977
0.74913
0.66542
0.45496
0.85789
0.58255
0.88455
0.71978
0.61854
0.61007
0.85723
0.75737
0.78125
0.70686
0.61635
0.476
0.56678
0.71923
0.53508
0.34211
0.42889
0.68725
0.60389
0.87817
0.6175
0.62189
0.42152
0.83976
0.84111
0.40682
0.68973
0.77192
0.57664
0.78727
0.7817
0.30948
0.63996
0.45646
0.49035
0.62663
0.58739
0.51777
0.7712
0.85806
0.62988
0.48543
0.75564
0.63224
0.70178
0.55434
0.67066
0.74609
0.58286
0.83179
0.64118
0.61895
0.85902
0.55688
0.40155
0.73671
0.62209
0.51789
0.82709
0.65159
0.72637
0.7136
0.74729
0.77551
0.59234
0.64183
0.53224
0.39294
0.48208
0.55754
0.73629
0.70775
0.83553
0.84232
0.69498
0.38242
0.79279
0.77702
0.91146
0.81024
0.71841
0.69279
0.57693
0.50454
0.31155
0.61302
0.48994
0.51481
0.67812
0.77292
0.43274
0.52927
0.72048
0.61862
0.52429
0.37567
0.78628
0.39532
0.5679
0.76126
0.80362
0.32817
0.35113
0.5751
0.67439
0.51599
0.90708
0.43874
0.70407
0.88107
0.61001
0.72909
0.74479
0.45241
0.71454
0.50033
0.68008
0.84436
0.35262
0.63927
0.65177
0.78957
0.73144
0.40816
0.75924
0.54729
0.72842
0.8961
0.61995
0.3368
0.72222
0.5784
0.76834
0.74188
0.54041
0.39248
0.58891
0.7238
0.46276
0.25214
0.57898
0.49098
0.65882
0.47874
0.30716
0.70135
0.73555
0.45504
0.47944
0.56461
0.8057
0.73966
0.50039
0.58921
0.76393
0.3778
0.59215
0.92951
0.55592
0.56386
0.46728
0.69523
0.87454
0.59163
0.79224
0.7314
0.76712
0.56741
0.77226
0.43851
0.42518
0.79668
0.76608
0.42956
0.70459
0.91059
0.6061
0.75889
0.53149
0.52691
0.63274
0.88814
0.44985
0.61778
0.7027
0.63913
0.52181
0.8377
0.38333
0.60525
0.46975
0.57813
0.54119
0.61375
0.48696
0.64164
0.79548
0.80307
0.74621
0.69767
0.57287
0.67786
0.54472
0.55274
0.64542
0.58178
0.58204
0.57562
0.4614
0.57084
0.39196
0.53783
0.68342
0.64154
0.61893
0.75117
0.66942
0.53052
0.94161
0.9838
0.69404
0.59069
0.98182
0.84354
0.85399
0.75186
0.72145
0.67294
0.62876
0.51604
0.64967
0.52107
0.37966
0.64438
0.72664
0.62353
0.33572
0.65449
0.80934
0.51361
0.67748
0.71705
0.77694
0.56365
0.49589
0.61828
0.63492
0.86627
0.2739
0.79867
0.76818
0.5745
0.69317
0.8179
0.35727
0.7949
0.76438
0.70407
0.56344
0.61836
0.37528
0.84322
0.84637
0.61571
0.37002
0.68764
0.79024
0.76229
0.66866
0.78367
0.71478
0.36987
0.75044
0.78219
0.73107
0.77544
0.61967
0.73053
0.8588
0.2369
0.66239
0.55727
0.58547
0.69821
0.50657
0.60408
0.33408
0.65865
0.71347
0.81189
0.73106
0.72151
0.48792
0.94851
0.77417
0.99509
0.76032
0.77515
0.64013
0.49159
0.67249
0.51789
0.75876
0.67237
0.71303
0.73552
0.50404
0.56345
0.68715
0.60462
0.44948
0.71957
0.65801
0.82669
0.37311
0.59904
0.65625
0.58418
0.68519
0.66569
0.70153
0.29102
0.78919
0.49263
0.83538
0.68342
0.80672
0.6262
0.7557
0.58955
0.4843
0.685
0.79164
0.78864
0.74054
0.74555
0.61966
0.49525
0.78594
0.54875
0.90378
0.53816
0.56079
0.45461
0.65072
0.75628
0.67941
0.61465
0.65471
0.56364
0.74214
0.73415
0.43516
0.66375
0.31345
0.669
0.76844
0.88766
0.74856
0.64668
0.61606
0.5872
0.79982
0.59852
0.67092
0.7132
0.74186
0.83179
0.72259
0.60322
0.77833
0.90323
0.60879
0.61145
0.57572
0.81459
0.77537
0.39772
0.71079
0.67425
0.76479
0.55394
0.82954
0.76982
0.49831
0.55401
0.59728
0.71567
0.57678
0.71958
0.7478
0.61826
0.47708
0.71022
0.48003
0.63499
0.84597
0.57885
0.7556
0.62783
0.84528
0.50343
0.81532
0.69409
0.74547
0.81589
0.69606
0.57341
0.55768
0.72657
0.85244
0.77599
0.64732
0.73507
0.89601
0.63557
0.52187
0.5882
0.66807
0.83025
0.76118
0.91267
0.61891
0.73907
0.56404
0.67187
0.51516
0.52575
0.99771
0.68199
0.71107
0.67662
0.61407
0.65393
0.73719
0.57085
0.73665
0.67266
0.72442
0.88678
0.87916
0.74002
0.7278
0.71604
0.82784
0.69354
0.53283
0.79007
0.59568
0.71939
0.69759
0.85614
0.53622
0.41169
0.59228
0.77946
0.59094
0.65592
0.60843
0.723
0.76045
0.55889
0.47229
0.68882
0.79052
0.64666
0.44272
0.6739
0.80932
0.49689
0.79548
0.74829
0.63917
0.59141
0.64111
0.5954
0.62304
0.83881
0.84632
0.66027
0.30043
0.52397
0.52239
0.83752
0.57534
0.21535
0.70142
0.87386
0.4442
0.45719
0.68984
0.79568
0.75762
0.51813
0.82137
0.60969
0.50716
0.57397
0.72924
0.57215
0.87837
0.65085
0.6336
0.44547
0.69686
0.77016
0.63806
0.43551
0.55263
0.80297
0.69063
0.45404
0.4952
0.77386
0.86872
0.7101
0.64122
0.78842
0.6631
0.67332
0.75927
0.49891
0.5205
0.82393
0.92181
0.63569
0.76186
0.47877
0.7774
0.35886
0.50382
0.45647
0.85612
0.60685
0.61712
0.37093
0.55994
0.36983
0.63056
0.74119
0.8196
0.6128
0.73464
0.67344
0.78802
0.45035
0.91451
0.44545
0.67215
0.7028
0.52937
0.75031
0.54769
0.61997
0.61509
0.75659
0.70693
0.64332
0.85748
0.71992
0.78272
0.46554
0.70888
0.78588
0.72287
0.57325
0.70609
0.52129
0.88345
0.79873
0.65636
0.4321
0.60535
0.56597
0.76075
0.62549
0.62187
0.68503
0.69117
0.64734
0.66013
0.49135
0.72705
0.56732
0.51173
0.55441
0.87584
0.71353
0.56717
0.64619
0.55939
0.68519
0.76289
0.45379
0.69977
0.67389
0.73681
0.30401
0.48891
0.62469
0.70462
0.76187
0.59899
0.60805
0.78068
0.56239
0.71489
0.73196
0.68911
0.70228
0.93011
0.48857
0.48773
0.73366
0.56045
0.53906
0.61709
0.82656
0.80359
0.74143
0.60261
0.63266
0.71381
0.57789
0.53291
0.83462
0.79524
0.73132
0.67138
0.74224
0.78311
0.65487
0.68396
0.59496
0.43192
0.84135
0.74661
0.52115
0.62462
0.66607
0.64573
0.76988
0.72123
0.945
0.64534
0.62707
0.76959
0.7097
0.7222
0.39024
0.64542
0.33076
0.73338
0.7364
0.57729
0.53953
0.57665
0.4626
0.4796
0.58512
0.65706
0.63408
0.57843
0.74941
0.48965
0.78775
0.81029
0.53268
0.73577
0.49254
0.78836
0.60868
0.87223
0.55867
0.80152
0.68176
0.50926
0.53069
0.58172
0.80042
0.66144
0.63186
0.74378
0.86094
0.63963
0.52352
0.70603
0.70345
0.96273
0.683
0.5303
0.67403
0.4533
0.7716
0.52099
0.6836
0.65264
0.74949
0.5941
0.55635
0.56315
0.68036
0.65453
0.85274
0.81692
0.54693
0.54331
0.38206
0.64818
0.58177
0.49631
0.68316
0.71387
0.36298
0.53208
0.79912
0.58473
0.77184
0.7158
0.72599
0.85843
0.25047
0.7939
0.74993
0.59618
0.85949
0.66248
0.67171
0.74103
0.60476
0.60119
0.88188
0.64353
0.90687
0.8403
0.86598
0.43634
0.53704
0.493
0.49063
0.46085
0.66828
0.56567
0.96405
0.47095
0.89544
0.52414
0.73571
0.9432
0.96158
0.77109
0.81953
0.80966
0.56733
0.80625
0.75906
0.52044
0.61436
0.58893
0.63852
0.93509
0.3451
0.58582
0.62348
0.82786
0.72222
0.69886
0.55416
0.33794
0.79011
0.6957
0.7261
0.49004
0.60867
0.49255
0.792
0.51494
0.63887
0.43757
0.59895
0.67995
0.90198
0.63755
0.80644
0.89476
0.75965
0.76532
0.73767
0.68617
0.6605
0.37531
0.50853
0.74531
0.68831
0.65246
0.37395
0.78427
0.78761
0.78293
0.46338
0.51433
0.66777
0.63915
0.77352
0.6352
0.8348
0.47474
0.65633
0.81782
0.5727
0.53388
0.56774
0.5789
0.62425
0.33566
0.57236
0.67897
0.59847
0.79059
0.73272
0.581
0.78598
0.83842
0.55273
0.82293
0.63543
0.66489
0.66195
0.40834
0.21583
0.42795
0.74583
0.72988
0.71829
0.6127
0.50909
0.71449
0.76838
0.57466
0.66896
0.59224
0.90526
0.52524
0.69854
0.59429
0.5543
0.76674
0.74725
0.70076
0.64999
0.62278
0.30393
0.43908
0.59916
0.58619
0.76469
0.62268
0.57278
0.60914
0.61838
0.61576
0.65071
0.694
0.75898
0.5569
0.85989
0.75976
0.49965
0.83524
0.61861
0.71572
0.71461
0.49777
0.8522
0.58494
0.51436
0.58276
0.41194
0.66825
0.67614
0.68153
0.43732
0.57906
0.63959
0.53928
0.57874
0.38228
0.79973
0.59244
0.52533
0.7185
0.75033
0.67903
0.45543
0.70787
0.42657
0.57296
0.77148
0.70627
0.53695
0.63047
0.83842
0.52442
0.37371
0.72784
0.70953
0.61481
0.78034
0.62092
0.61265
0.47482
0.23063
0.70575
0.61694
0.61027
0.53457
0.49297
1.016
0.76673
0.46967
0.50719
0.54747
0.84727
0.75877
0.68286
0.48811
0.51858
0.75748
0.63744
0.69418
0.7464
0.5648
0.87238
0.59655
0.81619
0.49574
0.71653
0.72697
0.48175
0.51767
0.58581
0.52066
0.5994
0.32275
0.56626
0.55938
0.85787
0.47301
0.88175
0.83392
0.84353
0.54671
0.72804
0.7592
0.58109
0.62047
0.79252
0.60648
0.34705
0.78472
0.94699
0.48497
0.69714
0.66284
0.56382
0.59931
0.70671
0.77453
0.54554
0.59919
0.6714
0.66179
0.60344
0.28968
0.83047
0.61202
0.51735
0.66406
0.90562
0.8464
0.5964
0.53951
0.4762
0.48922
0.56665
0.9266
0.53345
0.6006
0.68576
0.77622
0.59188
0.39416
0.67837
0.80685
0.81317
0.643
0.76476
0.78425
0.63148
0.68516
0.85978
0.51839
0.50416
0.71323
0.53262
0.69994
0.74503
0.36738
0.72659
0.67209
0.78148
0.63714
0.52342
0.5069
0.42831
0.6188
0.46998
0.60282
0.58765
0.75728
0.71622
0.68005
0.79353
0.44768
0.73482
0.84318
0.93746
0.54987
0.43919
0.8017
0.8196
0.66859
0.6851
0.74034
0.74534
0.94514
0.84331
0.79544
0.61649
0.77547
0.57603
0.58197
0.58102
0.60833
0.63696
0.62796
0.50974
0.61691
0.47725
0.54606
1.0641
0.41679
0.73884
0.63761
0.75716
0.29497
0.24586
0.77269
0.49343
0.64831
0.54717
0.79109
0.55752
0.52644
0.53362
0.75879
0.47464
0.34524
0.55909
0.65108
0.81266
0.65939
0.84061
0.46186
0.63971
0.38087
0.68153
0.57836
0.75161
0.94817
0.65931
0.54373
0.79929
0.74772
0.54015
0.47174
0.30813
0.42449
0.43351
0.59997
0.24896
0.61452
0.79641
0.61493
0.43553
0.81359
0.76513
0.79215
0.48505
0.78263
0.66302
0.66286
0.55217
0.56235
0.6016
0.72071
0.71117
0.59708
0.81259
0.52691
0.51424
0.68711
0.38274
0.5985
0.69502
0.66551
0.57371
0.33888
0.49144
0.34773
0.66924
0.70113
0.63264
0.63457
0.91173
0.47604
0.69762
0.71803
0.4834
0.58364
0.60778
0.76777
0.35437
0.33431
0.51396
0.70139
0.44435
0.46339
0.48795
0.81039
0.69105
0.87254
0.49368
0.72394
0.52966
0.84927
0.82239
0.75415
0.72192
0.9437
0.40133
0.4249
0.55384
0.84771
0.66612
0.84814
0.73639
0.70001
0.57873
0.64664
0.45098
0.6501
0.57327
0.85188
0.60002
0.66407
0.6627
0.63088
0.62027
0.59992
0.54956
0.71772
0.6697
0.65836
0.64355
0.64323
0.9321
0.30315
1.0337
0.5579
0.58833
0.60927
0.53925
0.46958
0.64992
0.60349
0.76931
0.66074
0.74045
0.47894
0.72182
0.58
0.70702
0.79718
0.6606
0.62593
0.63802
0.63027
0.73879
0.57116
0.6507
0.95403
0.53245
0.9014
0.49769
0.84215
0.69359
0.55779
0.57605
0.86469
0.56261
0.58988
0.59191
0.57451
0.44816
0.62994
0.35458
0.71707
0.6395
0.75684
0.60927
0.51276
0.76408
0.62738
0.67733
0.78194
0.70207
0.69922
0.73212
0.51404
0.56149
0.62773
0.68604
0.73792
0.77484
0.71638
0.78011
0.62456
0.57378
0.36748
0.44392
0.92521
0.54686
0.66142
0.72985
0.42004
0.69004
0.57179
0.32634
0.7015
0.58545
0.71075
0.79469
0.67246
0.84722
0.81627
0.70444
0.74446
0.72689
0.56308
0.57397
0.80054
0.80915
0.58041
0.60007
0.4577
0.8653
0.69176
0.55705
0.63471
0.61189
0.66907
0.71023
0.67314
0.68901
0.65434
0.90151
0.32317
0.73905
0.72556
0.82246
0.67935
0.5485
0.7201
0.67261
0.7249
0.5662
0.58242
0.76189
0.68114
0.7277
0.63144
0.40161
0.59554
0.60736
0.67567
0.76579
0.68987
0.57876
0.88311
0.34975
0.77833
0.26676
0.47658
0.78158
0.32636
0.58424
0.8254
0.7557
0.53713
0.61782
0.62205
0.72763
0.63086
0.51348
0.66269
0.37983
0.66905
0.7084
0.36488
0.74945
0.7455
0.71727
0.67217
0.6715
0.89628
0.57748
0.5575
0.51602
0.82563
0.68767
0.82589
0.70789
0.59886
0.39978
0.57441
0.7309
0.65793
0.7578
0.56362
0.6359
0.88265
0.76013
0.69606
0.82762
0.7671
0.60581
0.76898
0.40653
0.7339
0.44057
0.59322
0.51181
0.82446
0.70222
0.29645
0.62025
0.78371
0.6761
0.69103
0.72274
0.47409
0.71465
0.39292
0.44611
0.59326
0.78236
0.69024
0.66604
0.61495
0.68423
0.59466
0.67275
0.5364
0.57045
0.76642
0.5095
0.7923
0.7721
0.49701
0.60335
0.86686
0.48278
0.86438
0.74268
0.45729
0.7967
0.79399
0.61286
0.61073
0.57516
0.69638
0.71151
0.60032
0.68152
0.63983
0.37794
0.55657
0.76705
0.69212
0.58282
0.70686
0.77481
0.77106
0.73373
0.67534
0.78852
0.8327
0.82794
0.34412
0.84147
0.45496
0.5635
0.64608
0.71306
0.58679
0.66007
0.72933
0.72061
0.75363
0.70127
0.62094
0.66518
0.49605
0.68022
0.79325
0.55608
0.66634
0.82418
0.68987
0.85595
0.83072
0.92619
0.67558
0.55512
0.62465
0.44708
0.79079
0.54507
0.66883
0.60884
0.44964
0.50791
0.4905
0.41993
0.63403
0.52713
0.83157
0.7224
0.6677
0.84244
0.78025
0.49853
0.50423
0.56155
0.83213
0.515
0.74049
0.77416
0.49407
0.89723
0.52987
0.44403
0.40402
0.56666
0.53148
0.76962
0.8498
0.59633
0.61743
0.76895
0.51271
0.33575
0.71331
0.80002
0.81454
0.4981
0.69056
0.52794
0.58095
0.6121
0.42999
0.49452
0.94094
0.79999
0.30777
0.60138
0.71711
0.69235
0.48721
0.65312
0.89731
0.69499
0.70287
0.82203
0.70832
0.45175
0.66163
0.50521
0.71428
0.83249
0.64126
0.54636
0.42471
0.52218
0.71518
0.57362
0.70776
0.65523
0.82248
0.67037
0.76907
0.71964
0.56899
0.51742
0.64542
0.74279
0.5349
0.5723
0.53048
0.71305
0.67685
0.5861
0.7123
0.64189
0.72128
0.58578
0.71621
0.72373
0.61465
0.73537
0.91368
0.42392
0.46747
0.86272
0.44977
0.63274
0.84982
0.90035
0.73962
0.52778
0.58678
0.67416
0.73711
0.45947
0.91491
0.44648
0.80456
0.72583
0.80751
0.47522
0.60843
0.6845
0.86671
0.70904
0.74161
0.68915
0.33066
0.82445
0.55905
0.70004
0.65226
0.22492
0.70282
0.41723
0.58849
0.63787
0.65945
0.6301
0.70064
0.51679
0.69258
0.67172
0.57127
0.78799
0.53387
0.52103
0.64119
0.75251
0.63038
0.66511
0.73201
0.84644
0.63437
0.93908
0.75448
0.68507
0.34322
0.69617
0.62103
0.30378
0.72232
0.76739
0.47037
0.3917
0.64432
0.65367
0.67114
0.82266
0.76071
0.7326
0.80612
0.59062
0.69049
0.55564
0.36206
0.6097
0.52444
0.57255
0.60303
0.65942
0.63884
0.62174
0.8458
0.71905
0.56042
0.83519
0.64987
0.50493
0.74368
0.58839
0.64238
0.77215
0.77817
0.52478
0.6172
0.47956
0.66101
0.47312
0.66588
0.5984
0.5734
0.39301
0.75915
0.64922
0.6581
0.69233
0.67019
0.65977
0.49925
0.96257
0.57294
0.84654
0.56685
0.59965
0.5759
0.78789
0.79458
0.87019
0.61294
0.47252
0.68914
0.46549
0.47194
0.32828
0.36542
0.45806
0.80167
0.72958
0.70449
0.79186
0.65054
0.79724
0.55707
0.52811
0.53189
0.60934
0.6127
0.58106
0.6635
0.77651
0.71402
0.86618
0.94657
0.64439
0.58163
0.70724
0.50938
0.57482
0.78596
0.67043
0.61965
0.45937
0.56826
0.44127
0.66536
0.81487
0.77988
0.78287
0.83368
0.79819
0.44493
0.52157
0.51319
0.50275
0.68555
0.5328
0.51001
0.21126
0.56291
0.7498
0.83535
0.80482
0.74217
0.51656
0.74966
0.73403
0.57046
0.54503
0.94333
0.76632
0.58241
0.54094
0.55477
0.82157
0.77248
0.66101
0.68299
0.66018
0.50002
0.69975
0.61071
0.75371
0.5758
0.71909
0.57325
0.77107
0.76702
0.84984
0.53105
0.64809
0.63184
0.8232
0.74016
0.62907
0.17797
0.60396
0.56079
0.95999
0.81358
0.31877
0.6675
0.58552
0.95286
0.69764
0.45895
0.54054
0.76638
0.65381
0.81634
0.52184
0.60803
0.6275
0.67121
0.66728
0.77017
0.61654
0.7673
0.74418
0.6646
0.54768
0.72989
0.50022
0.62536
0.66201
0.36358
0.66937
0.53397
0.51305
0.5697
0.31802
0.75763
0.63781
0.69114
0.71991
0.69212
0.64399
0.50025
0.6836
0.85308
0.56026
0.72763
0.51922
0.63945
0.40399
0.61194
0.79245
0.71896
0.44079
0.64283
0.45853
0.67697
0.79892
0.56009
0.41215
0.68058
0.59318
0.67529
0.79171
0.67608
0.66075
0.67252
0.66359
0.58176
0.76777
0.82563
0.75193
0.67565
0.60049
0.86246
0.78706
0.54434
0.77161
0.54998
0.59069
0.62626
0.55097
0.72017
0.71129
0.66679
0.87007
0.48986
0.69031
0.49638
0.66041
0.72468
0.84781
0.88798
0.59967
0.59998
0.53618
0.74541
0.7839
0.57563
0.32832
0.56924
0.50044
0.59966
0.79612
0.76373
0.84005
0.80434
0.66518
0.67837
0.53242
0.58649
0.50984
0.73059
0.55582
0.83021
0.80429
0.69307
0.57649
0.53962
0.65569
0.61219
0.5782
0.90984
0.80375
0.77711
0.8548
0.61901
0.88033
0.5321
0.53842
0.68601
0.77584
0.65389
0.51889
0.64493
0.25376
0.61018
0.32203
0.75126
0.75969
0.66496
0.59738
0.56028
0.62645
0.70663
0.61506
0.78185
0.74674
0.72241
0.45819
0.67755
0.96715
0.80658
0.49421
0.56084
0.54133
0.53594
0.67648
0.62658
0.76026
0.5113
0.63508
0.71758
0.6433
0.67803
0.92742
0.68822
0.46512
0.78412
0.79104
0.64148
0.69282
0.41602
0.72546
0.65826
0.54825
0.57615
0.60936
0.73112
0.66129
0.45143
0.751
0.88061
0.68875
0.6783
0.90302
0.66703
0.81121
0.80499
0.85412
0.6203
0.37881
0.52427
0.8581
0.72681
0.66552
0.60841
0.49081
0.31672
0.6827
0.54812
0.50681
0.29115
0.53958
0.7802
0.80259
0.65247
0.80985
0.93082
0.55146
0.82622
0.58841
0.50081
0.50397
0.66659
0.45137
0.3985
0.41657
0.62597
0.78332
0.82444
0.54573
0.69409
0.80889
0.81557
0.81389
0.45983
0.67833
0.79373
0.6214
0.55853
0.76988
0.65508
0.57673
0.67668
0.6073
0.34811
0.46314
0.80186
0.75017
0.44588
0.71568
0.64042
0.78565
0.44391
0.67816
0.79944
0.76322
0.67532
0.55909
0.43532
0.37473
0.83466
0.74897
0.38036
0.48067
0.94221
0.76815
0.54976
0.74802
0.70034
0.47919
0.65563
0.96188
0.73282
0.68607
0.5956
0.52665
0.86699
0.34902
0.42023
0.78279
0.55163
0.66424
0.80314
0.66845
0.449
0.50091
0.45878
0.27187
0.64432
0.68094
0.42719
0.89421
0.64242
0.79357
0.78306
0.73115
0.73404
0.91912
0.7397
0.72814
0.81786
0.38415
0.78618
0.8582
0.65582
0.72239
0.60749
0.67873
0.64924
0.7912
0.65751
0.79692
0.6007
0.77775
0.8925
0.69475
0.84757
0.59811
0.44906
0.43897
0.36383
0.45463
0.84192
0.68097
0.62319
0.70497
0.52491
0.6721
0.82454
0.57938
0.69378
0.4959
0.69373
0.31336
0.63318
0.53068
0.81175
0.66163
0.89761
0.81701
0.76887
0.5144
0.67627
0.61063
0.7107
0.61883
0.81965
0.74385
0.81946
0.76787
0.62276
0.65705
0.88447
0.79256
0.52973
0.67478
0.43021
0.83216
0.54754
0.63632
0.64482
0.72068
0.62759
0.63186
0.5764
0.96007
0.76854
0.72332
0.67451
0.6648
0.82893
0.63113
0.54557
0.77649
0.56569
0.49616
0.89622
0.82677
0.61944
0.62686
0.55958
0.80617
0.74407
0.46536
0.61211
0.61871
0.44312
0.61165
0.32926
0.57279
0.84834
0.76106
0.41422
0.79747
0.60885
0.7072
0.83913
0.34609
0.68549
0.51751
0.82137
0.88441
0.68196
0.78416
0.67941
0.53893
0.85801
0.66356
0.57173
0.56522
0.61015
0.70445
0.59637
0.41633
0.70011
0.7976
0.53263
0.4847
0.758
0.5228
0.47422
0.56688
0.67268
0.83836
0.63698
0.71817
0.85101
0.4861
0.85916
0.65677
0.46128
0.53224
0.40762
0.55248
0.62589
0.59192
0.54887
0.41444
0.58069
0.82017
0.60848
0.57316
0.52301
0.67609
0.76693
0.69935
0.60523
0.77976
0.46434
0.7767
0.86489
0.66448
0.80328
0.57324
0.58971
0.44222
0.7056
0.90265
0.5961
0.59283
0.61063
0.69063
0.55556
0.50344
0.46677
0.77038
0.65939
0.66782
0.58126
0.57683
0.72047
0.71673
0.67985
0.79395
0.44113
0.57215
0.56562
0.68558
0.59551
0.60816
0.66341
0.43199
0.5037
0.9124
0.51944
0.49636
0.78813
0.75861
0.61205
0.82969
0.86514
0.54114
0.60974
0.51787
0.71274
0.7269
0.68828
0.65735
0.80689
0.508
0.39247
0.77388
0.55028
0.8373
0.76973
0.7547
0.56859
0.71086
0.83973
0.5584
0.55721
0.36324
0.66451
0.68508
0.62546
0.7938
0.68603
0.7245
0.83394
0.60691
0.81045
0.55799
0.35864
0.65099
0.5022
0.55744
0.76813
0.69355
0.62819
0.66067
0.50767
0.82459
0.66328
0.71056
0.5024
0.64562
0.77414
0.85259
0.58787
0.49441
0.79628
0.50112
0.65871
0.80497
0.74111
0.71447
0.58279
0.54169
0.45157
0.73878
0.97314
0.68871
0.4962
0.82095
0.47505
0.64689
0.64017
0.94399
0.58978
0.60807
0.64684
0.58504
0.40307
0.73298
0.39819
0.56531
0.93366
0.44466
0.73253
0.81312
0.74455
0.66111
0.74436
0.28347
0.55776
0.83474
0.60607
0.58445
0.64537
0.73431
0.8503
0.36488
0.79701
0.57535
0.79727
0.59046
0.77325
0.68325
0.86357
0.71844
0.71034
0.61038
0.5556
0.69688
0.69751
0.557
0.57067
0.79453
0.79753
0.6997
0.72938
0.73651
0.54808
0.66116
0.60344
0.72145
0.818
0.43862
0.82282
0.47942
0.74132
0.86168
0.8371
0.78883
0.80912
0.6462
0.71217
0.5838
0.79508
0.55924
0.67343
0.76464
0.75663
0.57958
0.61844
0.633
0.50931
0.60232
0.77554
0.57585
0.62636
0.75229
0.23329
0.49384
0.62255
0.78956
0.53896
0.49095
0.63904
0.93692
0.80428
0.56242
0.54274
0.79697
0.35545
0.56713
0.57734
0.831
0.82172
0.78761
0.70338
0.46835
0.59591
0.7521
0.68186
0.77971
0.89417
0.47238
0.52056
0.72218
0.45287
0.67367
0.6169
0.91042
0.88595
0.80321
0.39013
0.6753
0.71768
0.49479
0.56335
0.59055
0.60024
0.81595
0.55568
0.50569
0.47458
0.77677
0.31079
0.94314
0.71946
0.49289
0.61855
0.76316
0.90266
0.5996
0.89801
0.71685
0.65572
0.74488
0.66915
0.57367
0.5604
0.64486
0.42201
0.46873
0.63193
0.71875
0.45166
0.7504
0.26324
0.88214
0.511
0.41852
0.2261
0.5972
0.60255
0.91095
0.55948
0.86676
0.72757
0.62774
0.51236
0.6913
0.48782
0.65432
0.68593
0.66317
0.539
0.81725
0.83757
0.54684
0.69634
0.51406
0.56572
0.59934
0.60546
0.66805
0.7059
0.57243
0.52779
0.67563
0.34865
0.66414
0.59593
0.62592
0.60963
0.65457
0.50601
0.59584
0.45139
0.60578
0.44143
0.65271
0.62406
0.65348
0.73942
0.49439
0.669
0.70323
0.59628
0.47061
0.85004
0.77042
0.71665
0.87262
0.7121
0.78505
0.48038
0.75669
0.54047
0.67379
0.55162
0.90136
0.61539
0.74765
0.62563
0.57219
0.56698
0.53886
0.80755
0.72717
0.75355
0.43975
0.74916
0.76661
0.4322
0.61332
0.559
0.52402
0.59633
0.65867
0.86352
0.59506
0.63947
0.68349
0.71795
0.65267
0.52725
0.45092
0.5493
0.60015
0.52917
0.93414
0.72593
0.75909
0.96495
0.61887
0.56406
0.56451
0.836
0.68704
0.49669
0.54253
0.84234
0.48605
0.56507
0.71726
0.69447
0.62207
0.79811
0.4239
0.78792
0.76989
0.54951
0.43294
0.67086
0.67624
0.64341
0.95157
0.25358
0.44947
0.76957
0.65654
0.67441
0.67346
0.56672
0.78421
0.48266
0.70972
0.7165
0.59698
0.52228
0.53001
0.65315
0.36429
0.69571
0.72927
0.63151
0.5827
0.52661
0.80226
0.50522
0.8779
0.66811
0.74467
0.49124
0.83781
0.68961
0.75234
0.8517
0.73885
0.49367
0.69108
0.47321
0.53661
0.53718
0.63524
0.88554
0.64768
0.67501
0.89499
0.43574
0.74713
0.73416
0.4072
0.50577
1.0601
0.40073
0.43341
0.74444
0.52247
0.767
0.75838
0.51461
0.22694
0.60008
0.78987
0.63992
0.65508
0.8545
0.57166
0.67032
0.49906
0.63554
0.31026
0.5857
0.73833
0.65066
0.72916
0.47379
0.88229
0.68366
0.7158
0.59573
0.59617
0.434
0.6621
0.80385
0.80711
0.7158
0.50577
0.97035
0.64602
0.84935
0.56667
0.59204
0.73101
0.60733
0.72825
0.73806
0.65476
0.8527
0.57751
0.48444
0.60467
0.42304
0.84084
0.51819
0.94054
0.49648
0.67448
0.58805
0.53357
0.77348
0.52129
0.65149
0.58455
0.84043
0.52518
0.57408
0.6841
0.68824
0.66723
0.68522
0.58348
0.67265
0.61269
0.6599
0.81826
0.55011
0.36779
0.54083
0.87462
0.7048
0.57628
0.58649
0.80731
0.60954
0.50321
0.90727
0.75135
0.8106
0.81621
0.83944
0.75022
0.52445
0.66006
0.6872
0.68276
0.73869
0.73577
0.71673
0.74543
0.81114
0.55274
0.80021
0.56104
0.70391
0.60101
0.70798
0.49258
0.5683
0.57892
0.53232
0.61904
0.71789
0.33381
0.7709
0.52322
0.70408
0.41825
0.81647
0.50841
0.75961
0.50151
0.62904
0.56091
0.90331
0.83332
0.78675
0.77363
0.69697
0.70504
0.71984
0.75402
0.65324
0.57355
0.60485
0.80625
0.74821
0.57202
0.51634
0.60128
0.57907
0.61731
0.64951
0.6762
0.50737
0.50141
0.83819
0.81886
0.31439
0.85411
0.87205
0.51489
0.50331
0.6111
0.56785
0.60839
0.65425
0.78556
0.56609
0.6733
0.81303
0.51785
0.55445
0.73046
0.68839
0.46078
0.92762
0.68791
0.44373
0.87238
0.66457
0.79079
0.5269
0.42233
0.88007
0.77568
0.73947
0.47265
0.80649
0.70433
0.51853
0.55981
0.68896
0.55804
0.69484
0.6859
0.63348
0.50308
0.76436
0.56433
0.56756
0.62875
0.63608
0.87597
0.86322
0.47133
0.51712
0.44604
0.64069
0.67934
0.87477
0.99227
0.92207
0.71366
0.70308
0.54486
0.65595
0.45986
0.69517
0.74612
0.75983
0.67229
0.56832
0.84391
0.49316
0.6986
0.66011
0.58325
0.35158
0.65122
0.56341
0.66691
0.67522
0.84101
0.66899
0.6605
0.5756
0.42296
0.71274
0.4043
0.71511
0.61479
0.56525
0.8612
0.56497
0.65763
0.87092
0.75133
0.77564
0.53216
0.6266
0.51296
0.61334
0.83314
0.92455
0.46788
0.767
0.38779
0.60225
0.68136
0.72237
0.84544
0.72447
0.77204
0.68399
0.77889
0.60123
0.619
0.51137
0.57699
0.79047
0.49669
0.61535
0.68632
0.41962
0.58177
0.84275
0.39228
0.72494
0.59067
0.72085
0.81341
0.65977
0.53936
0.63308
0.65864
0.38592
0.57225
0.72057
0.47916
0.65185
0.64095
0.60359
0.63735
0.38507
0.52426
0.83423
0.50326
0.50806
0.48677
0.70422
0.69313
0.69818
0.5134
0.87654
0.65004
0.5006
0.64222
0.61175
0.9045
0.69503
0.79874
0.79174
0.5507
0.42506
0.71629
0.53543
0.73049
0.7419
0.84475
0.76236
0.80826
0.5216
0.66051
0.52147
0.50793
0.64194
0.4622
0.59747
0.3963
0.7319
0.65112
0.69725
0.76481
0.64882
0.68002
0.68997
0.80604
0.85615
0.89044
0.63755
0.69703
0.77188
0.60108
0.67873
0.78
0.51402
0.63089
0.70376
0.70502
0.59934
0.66918
1.0093
0.61158
0.81027
0.63027
0.79905
0.5891
0.54642
0.36538
0.54676
0.66997
0.69116
0.89911
0.66204
0.69427
0.73213
0.42809
0.68834
0.51509
0.74171
0.67938
0.37711
0.7462
0.5494
0.69487
0.70614
0.71906
0.42203
0.54921
0.58826
0.45813
0.66114
0.73058
0.77808
0.28744
0.63948
0.54352
0.49204
0.58108
0.57373
0.35278
0.75048
0.80828
0.64641
0.79536
0.57014
0.69664
0.33983
0.71382
0.81701
0.69595
0.77345
0.54855
0.5315
0.46556
0.89141
0.78424
0.70924
0.75419
0.61647
0.58446
0.47529
0.74463
0.78882
0.78942
0.64956
0.90173
0.75803
0.67808
0.74297
0.72312
0.58934
0.71297
0.40598
0.88674
0.67136
0.7102
0.61944
0.686
0.36961
0.42296
0.84408
0.72926
0.66302
0.57174
0.57617
0.72494
0.61705
0.5863
0.7451
0.76897
0.70954
0.82271
0.67944
0.45265
0.585
0.65
0.78128
0.61008
0.78047
0.74789
0.49385
0.69982
0.87514
0.70787
0.84025
0.69805
0.78738
0.67841
0.54482
0.5047
0.74277
0.64704
0.74
0.42318
0.46381
0.71743
0.71961
0.68732
0.36916
0.50394
0.61551
0.72047
0.57318
0.54243
0.50244
0.60746
0.60414
0.50849
0.82601
0.55691
0.81353
0.83543
0.63311
0.8333
0.78916
0.65898
0.27935
0.56332
0.71232
0.75448
0.62209
0.61037
0.67149
0.71924
0.37582
0.79066
0.48397
0.64554
0.77247
0.68892
0.64819
0.39295
0.64814
0.54812
0.52678
0.85308
0.46475
0.73338
0.80172
0.77376
0.38889
0.53737
0.79972
0.70879
0.56763
0.89099
0.58804
0.87645
0.72539
0.43083
0.60339
0.56542
0.57455
0.77487
0.50738
0.60816
0.57393
0.68831
0.26936
0.78734
0.76067
0.77685
0.70339
0.77145
0.64944
0.30691
0.54497
0.45874
0.88179
0.53932
0.70151
0.57599
0.66555
0.68054
0.53557
0.71683
0.68631
0.57875
0.52629
0.57241
0.49586
0.67231
0.62912
0.74256
0.55268
0.64442
0.82475
0.89774
0.63043
0.6904
0.39242
0.66932
0.60414
0.46511
0.7438
0.80772
0.68981
0.60194
0.78198
0.72871
0.43458
0.71962
0.3101
0.7853
0.60163
0.56916
0.50438
0.74024
0.5635
0.69808
0.78192
0.63495
0.90155
0.65428
0.58969
0.47024
0.55075
0.67494
0.63512
0.71682
0.55356
0.69773
0.4545
0.66974
0.88785
0.78492
0.80892
0.72699
0.70367
0.67722
0.8461
0.4687
0.45507
0.79189
0.81889
0.59297
0.54572
0.68735
0.51206
0.6588
0.78733
0.6948
0.48297
0.61412
0.65642
0.80363
0.31003
0.68382
0.84106
0.8795
0.71619
0.58697
0.84598
0.69645
0.7946
0.62099
0.64804
0.81819
0.70768
0.69927
0.72126
0.48468
0.59583
0.61167
0.67541
0.81733
0.35004
0.27749
0.38957
0.7136
0.68622
0.87054
0.51232
0.74496
0.58081
0.73051
0.76178
0.79264
0.63547
0.72336
0.49443
0.67256
0.53559
0.57017
0.51569
0.66442
0.81928
0.78307
0.40998
0.60346
0.72505
0.72901
0.55449
0.66554
0.63833
0.784
0.45295
0.71458
0.68955
0.83232
0.47684
0.56832
0.6337
0.60368
0.67683
0.47169
0.51816
0.49536
0.74374
0.61213
0.68177
0.49714
0.71245
0.75028
0.50767
0.25096
0.64145
0.64908
0.88616
0.74133
0.60148
0.57839
0.78892
0.62856
0.65662
0.52913
0.50038
0.77827
0.66421
0.37512
0.71416
0.53141
0.62402
0.7499
0.59735
0.64806
0.49712
0.55737
0.79978
0.5594
0.71133
0.36298
0.75123
0.7299
0.52277
0.86198
0.41651
0.6356
0.89225
0.71855
0.55414
0.72347
0.44321
0.47708
0.63851
0.62964
0.66827
0.61827
0.7167
0.73013
0.4104
0.63867
0.6717
0.82008
0.4987
0.55281
0.56369
0.71629
0.62501
0.54113
0.61297
0.47604
0.37777
0.69053
0.6857
0.62089
0.74347
0.60467
0.79355
0.79237
0.64541
0.6775
0.69313
0.80788
0.75178
0.58848
0.6466
0.75127
0.64746
0.59772
0.89452
0.59389
0.59243
0.79143
0.67999
0.56992
0.86094
0.78034
0.74899
0.64215
0.46677
0.67616
0.71056
0.49766
0.63048
0.84763
0.75367
0.42015
0.68253
0.38128
0.17834
0.84943
0.39106
0.58114
0.8106
0.74697
0.80253
0.47501
0.60052
0.81684
0.51221
0.64143
0.64826
0.74286
0.46944
0.7206
0.66253
0.63943
0.73582
0.57912
0.5562
0.68509
0.69762
0.70192
0.78642
0.50575
0.87273
0.55074
0.58656
0.58267
0.62183
0.75203
0.77071
0.62068
0.66072
0.69703
0.72127
0.65734
0.58993
0.67132
0.70559
0.6152
0.75204
0.55762
0.41531
0.38976
0.61801
0.52245
0.84811
0.65804
0.769
0.66474
0.73009
0.66162
0.79918
0.71662
0.90057
0.62396
0.906
0.678
0.87898
0.77956
0.55832
0.58878
0.71912
0.95571
0.59582
0.70714
0.53982
0.65178
0.80204
0.68197
0.61619
0.71889
0.65216
0.78546
0.73751
0.78956
0.55673
0.55194
0.66264
0.5656
0.74558
0.53955
0.64934
0.53443
0.74467
0.73657
0.81174
0.54817
0.90367
0.87158
0.43035
0.39837
0.795
0.52779
0.35684
0.90614
0.67597
0.50571
0.72825
0.70959
0.6025
0.55258
0.75515
0.77407
0.82814
0.80948
0.30877
0.52578
0.39123
0.8407
0.40036
0.60939
0.66033
0.71775
0.56521
0.76467
0.87834
0.5993
0.59459
0.75204
0.52876
0.55758
0.68587
0.59289
0.59484
0.53803
0.56371
0.64392
0.72873
0.69076
0.61029
0.43868
0.66042
0.74579
0.71864
0.60102
0.75722
0.41653
0.79879
0.70256
0.75147
0.5486
0.48961
0.44886
0.90603
0.33541
0.74869
0.78278
0.63171
0.60782
0.5824
0.63678
0.80198
0.89366
0.85128
0.68401
0.76595
0.58986
0.84342
0.79
0.71668
0.79695
0.82631
0.72997
0.66493
0.8465
0.3426
0.61768
0.55287
0.70852
0.37677
0.59401
0.56227
0.49455
0.66518
0.61864
0.44376
0.64023
0.65698
0.75263
0.39108
0.55142
0.58785
0.59632
0.65243
0.83388
0.69467
0.59987
0.57724
0.70028
0.62514
0.733
0.63303
0.46212
0.66352
0.74964
0.80801
0.53022
0.56212
0.63311
0.53149
0.83308
0.50039
0.58979
0.45877
0.77771
0.72719
0.66858
0.61829
0.34447
0.55717
0.75431
0.871
0.78913
0.48741
0.81209
0.55046
0.54348
0.39334
0.57593
0.9692
0.6705
0.43839
0.30151
0.52876
0.79954
0.79116
0.55167
0.55807
0.72563
0.67804
0.86483
0.5505
0.85111
0.61121
0.51074
0.34965
0.67806
0.43792
0.61913
0.54998
0.73836
0.65425
0.66968
0.46873
0.83906
0.74656
0.42172
0.67019
0.59603
0.7892
0.53924
0.69567
0.71368
0.65412
0.49362
0.53519
0.77859
0.74934
0.78967
0.61859
0.76897
0.79895
0.5256
0.43212
0.74328
0.80868
0.66176
0.42255
0.53017
0.651
0.83048
0.78539
0.5464
0.79674
0.60875
0.54062
0.2881
0.59445
0.62951
0.70782
0.55208
0.76101
0.76022
0.58245
0.72795
0.73988
0.75513
0.68859
0.58231
0.51971
0.64286
0.6295
0.65631
0.58056
0.7216
0.40696
0.661
0.53585
0.47728
0.70299
0.92031
0.83367
0.71574
0.6812
0.72868
0.80056
0.55085
0.45608
1.0508
0.52039
0.84346
0.74667
0.7285
0.51494
0.62469
0.77597
0.68705
0.67053
0.64604
0.69717
0.7406
0.59162
0.65477
0.83946
0.41959
0.82306
0.17778
0.86548
0.40343
0.77757
0.6527
0.51021
0.62931
0.78054
0.52101
0.79649
0.53355
0.75908
0.75545
0.68461
0.67945
0.64899
0.60795
0.62078
0.63984
0.95098
0.7982
0.69795
0.58282
0.60875
0.29037
0.44818
0.76924
0.55758
0.63969
0.74395
0.60127
0.77322
0.77851
0.59294
0.85335
0.74997
0.57073
0.45815
0.74295
0.73373
0.79031
0.67717
0.88054
0.75107
0.78397
0.8017
0.57173
0.63748
0.45434
0.61295
0.6388
0.36795
0.94622
0.46593
0.45463
0.54084
0.46641
0.82603
0.74227
0.69324
0.75583
0.55339
0.68272
0.48003
0.35993
0.59504
0.87018
0.71388
0.56105
0.93648
0.67504
0.86477
0.71304
0.73485
0.80098
0.80681
0.90346
0.72744
0.4585
0.75454
0.82943
0.92595
0.62849
0.42833
0.7201
0.84519
0.68607
0.62343
0.47198
0.55181
0.80144
0.67435
0.77921
0.39052
0.65073
0.79884
0.50779
0.55995
0.52271
0.69966
0.56278
0.56582
0.77811
0.62063
0.51599
0.55404
0.69633
0.7438
0.88864
0.76593
0.56305
0.73568
0.6072
0.81098
0.783
0.50745
0.47918
0.47809
0.68828
0.9337
0.59489
0.60271
0.45832
0.81721
0.74843
0.77398
0.36154
0.67464
0.80409
0.49443
0.80312
0.60874
0.82588
0.67693
0.28228
0.73866
0.74644
0.73894
0.5476
0.57283
0.72015
0.51137
0.79681
0.4554
0.61205
0.66852
0.38125
0.73137
0.6434
0.80376
0.62992
0.49127
0.89568
0.34969
0.69249
0.63066
0.72733
0.76275
0.49815
0.52063
0.47565
0.64463
0.68426
0.55734
0.50264
0.59337
0.78442
0.92124
0.79438
0.7355
0.57351
0.88771
0.67074
0.48728
0.55471
0.72575
0.84881
0.76556
0.51555
0.69273
0.49135
0.71813
0.8603
0.56664
0.66318
0.68811
0.82231
0.66312
0.89843
0.92932
0.5484
0.89919
0.45173
0.7134
0.76096
0.74718
0.6114
0.77415
0.85681
0.63496
0.73535
0.37577
0.64755
0.74689
0.56112
0.82079
0.56317
0.59416
0.57889
0.87479
0.77059
0.63149
0.93725
0.82239
0.866
0.79231
0.88278
0.91941
0.77338
0.57939
0.71168
0.50144
0.56383
0.77062
0.61356
0.59782
0.66074
0.6897
0.78531
0.75435
0.82563
0.82203
0.59861
0.35724
0.45197
0.77158
0.46964
0.84071
1.0035
0.61206
0.45828
0.42786
0.65438
0.38256
0.62778
0.79189
0.72068
0.7196
0.96678
0.70562
0.46001
0.4896
0.74105
0.78609
0.88216
0.58274
0.60265
0.66238
0.68337
0.57348
0.85782
0.79649
0.68813
0.78197
0.6046
0.75713
0.61096
0.77042
0.60041
0.59309
0.53528
0.75739
0.67087
0.78541
0.76284
0.76292
0.607
0.79385
0.84622
0.62742
0.49181
0.93021
0.79962
0.64519
0.62432
0.66979
0.85136
0.33967
0.55182
0.63978
0.48902
0.87511
0.68317
0.78058
0.75657
0.77087
0.47546
0.41444
0.66602
0.47016
0.63352
0.75119
0.68597
0.69117
0.62814
0.78768
0.62264
0.64445
0.72127
0.73551
0.60634
0.45595
0.57631
0.63493
0.84004
0.70884
0.63859
0.5171
0.49469
0.61151
0.68724
0.27235
0.79265
0.74046
0.74143
0.71375
0.32383
0.71123
0.52776
0.66765
0.73852
0.68048
0.71728
0.76616
0.63452
0.58137
0.76188
0.72903
0.62263
0.74949
0.41894
0.35909
0.69312
0.7141
0.83896
0.6991
0.40257
0.55107
0.53054
0.83733
0.77522
0.78258
0.84655
0.80843
0.83002
0.30826
0.59241
0.64539
0.35161
0.73168
1.0096
0.76832
0.50848
0.6958
0.76094
0.70272
0.71454
0.57252
0.79385
0.75692
0.78259
0.48953
0.86882
0.47322
0.5888
0.66085
0.56177
0.81666
0.91421
0.78624
0.79452
0.54689
0.70121
0.59754
0.71684
0.63562
0.62728
0.84064
0.6548
0.79609
0.79625
0.93927
0.64618
0.63221
0.69002
0.622
0.47794
0.26449
0.71505
0.61707
0.69829
0.55631
0.62198
0.65242
0.76154
0.76607
0.79092
0.82663
0.75074
0.79873
0.82348
0.61361
0.6223
0.45658
0.91244
0.74316
0.67088
0.67198
0.58497
0.61456
0.60609
0.6901
0.69684
0.56408
0.51603
0.75743
0.81522
0.91047
0.18515
0.77536
0.46502
0.29082
0.73715
0.75231
0.66582
0.51609
0.58669
0.56529
0.7036
0.87037
0.57851
0.23554
0.71791
0.64424
0.66476
0.49496
0.51447
0.37675
0.74983
0.89507
0.65409
0.59707
0.68925
0.856
0.70164
0.36395
0.88631
0.78443
0.71577
0.65525
0.59528
0.49596
0.65372
0.70486
0.31435
0.72855
0.63134
0.80269
0.71835
0.67651
0.31452
0.62874
0.5662
0.65445
0.5637
0.58068
0.60159
0.39109
0.73325
0.80688
0.82684
0.86523
0.79875
0.8043
0.89961
0.90096
0.37245
0.58182
0.63873
0.38096
0.88189
0.4745
0.88791
0.55539
0.83773
0.34926
0.54839
0.70922
0.70527
0.67465
0.71352
0.64741
0.55547
0.66936
0.81614
0.62544
0.54902
0.5176
0.82485
0.5592
0.71449
0.63257
0.67797
0.51916
0.67481
0.67752
0.74136
0.6713
0.48182
0.84164
0.36564
0.64594
0.44534
0.73977
0.7178
0.43814
0.50388
0.8403
0.90041
0.58432
0.59802
0.58964
0.62396
0.57584
0.5003
0.65347
0.80961
0.57472
1.0643
0.76047
0.68146
0.47425
0.53854
0.74723
0.33524
0.80679
0.50538
0.59811
0.6619
0.66538
0.91375
0.69381
0.63117
0.37409
0.66075
0.53502
0.43135
0.91849
0.70052
0.26302
0.19865
0.71801
0.78713
0.72757
0.50794
0.63821
0.62578
0.55678
0.82215
0.63435
0.61513
0.75558
0.68703
0.80778
0.47499
0.45645
0.71114
0.77583
0.58513
0.50215
0.79059
0.61763
0.48362
0.77756
0.46147
0.67697
0.68723
0.4321
0.35297
0.64225
0.60987
0.78121
0.76549
0.66292
0.50637
0.73724
0.71253
0.42802
0.6929
0.83606
0.68692
0.80607
0.57716
0.71968
0.54999
0.757
0.87169
0.60376
0.63039
0.66909
0.77939
0.51167
0.70515
0.68598
0.69836
0.57939
0.56362
0.40425
0.5493
0.50281
0.58657
0.83352
0.71576
0.77066
0.81399
0.77845
0.58497
0.71875
0.60676
0.71101
0.52568
0.45896
0.5638
0.5484
0.71973
0.65644
0.60414
0.68481
0.88203
0.85399
0.85098
0.78176
0.47266
0.79759
0.72017
0.74854
0.81399
0.50454
0.34128
0.4991
0.79164
0.41953
0.81894
0.92389
0.80113
0.64914
0.82588
0.7215
0.69299
0.56284
0.82414
0.61867
0.45835
0.61219
0.39236
0.7767
0.67602
0.60454
0.50542
0.59255
0.58137
0.75547
0.58529
0.61452
0.81161
0.83497
0.54652
0.46212
0.40821
0.62038
0.54325
0.63921
0.66476
0.71404
0.32745
0.75647
0.62506
0.54029
0.63277
0.72613
0.84893
0.74339
0.44385
0.41423
0.53558
0.33361
0.65921
0.39646
0.44677
0.60904
0.39547
0.85164
0.49767
0.62762
0.8979
0.68251
0.44147
0.71286
0.65448
0.65784
0.81123
0.56225
0.79951
0.84265
0.44893
0.58259
0.55666
0.57745
0.64983
0.64139
0.67647
0.51605
0.62007
0.71656
0.67789
0.22238
0.79054
0.70174
0.68553
0.7754
0.45993
0.7475
0.69696
0.64906
0.7424
0.47345
0.73027
0.62237
0.62252
0.81931
0.83646
0.80401
0.60896
0.62657
0.59618
0.88149
0.80715
0.8322
0.66312
0.88327
0.61738
0.65316
0.75819
0.96028
0.65548
0.65624
0.58073
0.84041
0.85882
0.57127
0.84483
0.64593
0.81463
0.71635
0.62344
0.56452
0.52522
0.74323
0.59417
0.89192
0.57592
0.30642
0.68375
0.71444
0.27035
0.68108
0.71641
0.73122
0.88255
0.82585
0.52701
0.58166
0.38018
0.6371
0.75034
0.51189
0.48883
0.78833
0.50002
0.7103
0.58207
0.67141
0.71529
0.63384
0.7288
0.67571
0.62418
0.74383
0.59027
0.56742
0.69917
0.67336
0.71539
0.73521
0.71923
0.39767
0.7297
0.72095
0.69498
0.32241
0.5361
0.7525
0.79222
0.81296
0.66341
0.64083
0.69376
0.85669
0.65799
0.74474
0.74345
0.31762
0.5708
0.54861
0.57067
0.64262
0.6895
0.65487
0.56042
0.57716
0.47172
0.59455
0.85064
0.75373
0.77598
0.46939
0.30082
0.61295
0.38051
0.19489
0.75574
0.82185
0.54424
0.46579
0.80157
0.74087
0.7394
0.67362
0.39053
0.67654
0.62659
0.65956
0.62704
0.54795
0.4912
0.44551
0.42756
0.76569
0.62
0.83974
0.47593
0.51648
0.86305
0.47231
0.73022
0.51954
0.5935
0.60577
0.72107
0.43491
0.60603
0.78556
0.76408
0.62479
0.3091
0.55125
0.69361
0.75018
0.75251
0.80103
0.49976
0.80571
0.43951
0.75509
0.56509
0.54552
0.72721
0.39159
0.63176
0.64318
0.70421
0.76624
0.6582
0.65411
0.78647
0.48947
0.78408
0.53769
0.67299
0.62936
0.53347
0.89291
0.54837
0.58134
0.65859
0.46877
0.65559
0.74644
0.9054
0.55879
0.68971
0.97653
0.3727
0.51875
0.50815
0.6407
0.58639
0.40669
0.83449
0.77404
0.70845
0.49657
0.76852
0.81702
0.50414
0.59437
0.60003
0.73747
0.51308
0.75872
0.61157
0.54605
0.65342
0.63436
0.69788
0.63839
0.61967
0.44404
0.8374
0.90495
0.90364
0.78299
0.80016
0.73635
0.36719
0.65333
0.67829
0.73973
0.81827
0.49618
0.66512
0.6866
0.89682
0.60696
0.74994
0.60608
0.3147
0.68045
0.60193
0.59373
0.58538
0.34038
0.68444
0.48903
0.74857
0.75888
0.47452
0.99389
0.89162
0.71774
0.60841
0.70284
0.76409
0.54405
0.80787
0.65308
0.63685
0.50747
0.66708
0.50571
0.73942
0.62522
0.5836
0.63417
0.73318
0.5673
0.5257
0.53659
0.89222
0.67022
0.42016
0.4278
0.5388
0.57873
0.49363
0.74374
0.59011
0.72504
0.56702
0.72505
0.62916
0.78317
0.59508
0.68353
0.56418
0.68224
0.61125
0.58215
0.76592
0.66828
0.69288
0.82667
0.57269
0.71104
0.75178
0.55052
0.69656
0.74749
0.62769
0.78928
0.6096
0.61346
0.47457
0.71214
0.60637
0.68813
0.72693
0.74791
0.71689
0.44907
0.72584
0.55375
0.60563
0.59494
0.77441
0.61197
0.75272
0.58542
0.57435
0.63038
0.65565
0.61657
0.80575
0.62618
0.35508
0.68225
0.85558
0.6222
0.5687
0.89026
0.42208
0.84137
0.66469
0.76463
0.50149
0.44143
0.84351
0.64516
0.87646
0.77464
0.67059
0.786
0.81183
0.83502
0.7127
0.6366
0.73028
0.74626
0.57621
0.75008
0.628
0.61302
0.66701
0.76373
0.63405
0.69369
0.65959
0.7957
0.62577
0.8196
0.60872
0.79966
0.56486
0.1614
0.49122
0.66784
0.70823
0.43002
0.63909
0.65955
0.62045
0.79767
0.60514
0.77119
0.81932
0.64392
0.86916
0.80113
0.45063
0.74828
0.76236
0.69748
0.54878
0.57274
0.58422
0.67813
0.69381
0.52064
0.80801
0.29555
0.60778
0.67752
0.68871
0.74426
0.60352
0.45544
0.57098
0.72611
0.51854
0.62477
0.84605
0.61572
0.75317
0.65724
0.55659
0.62383
0.68102
0.67681
0.71891
0.82066
0.58647
0.82384
0.46982
0.70914
0.86052
0.74159
0.71878
0.76876
0.76914
0.73197
0.60096
0.83037
0.67875
0.52187
0.69604
0.68689
0.55272
0.73204
0.59946
0.74626
0.59657
0.79644
0.50226
0.71679
0.71564
0.70333
0.81569
0.62078
0.7645
0.73302
0.35536
0.50628
0.38648
0.89163
0.75194
0.5418
0.7613
0.69615
0.67511
0.58886
0.66483
0.56766
0.80069
0.4762
0.5658
0.7563
0.50992
0.84305
0.46033
0.37412
0.87673
0.58691
0.52561
0.35596
0.42057
0.78015
0.60734
0.49684
0.56122
0.73848
0.67813
0.79141
0.68267
0.68255
0.75235
0.85802
0.33263
0.55689
0.62496
0.5408
0.74709
0.60625
0.85411
0.54137
0.73047
0.8153
0.58262
0.44957
0.81969
0.89522
0.53861
0.48946
0.59625
0.79834
0.60925
0.42828
0.4509
0.27836
0.56735
0.72468
0.63357
0.54038
0.61878
0.6085
0.7941
0.74528
0.72976
0.58668
0.53619
0.72432
0.52598
0.70328
0.53327
0.5648
0.54704
0.56394
0.83525
0.56392
0.45988
0.64219
0.74602
0.79445
0.60978
0.56856
0.65778
0.60104
0.73496
0.65044
0.88634
0.71106
0.64372
0.67579
0.53944
0.51838
0.81234
0.71986
0.60524
0.72791
0.75965
0.82581
0.73367
0.72959
0.46334
0.57453
0.89593
0.46287
0.47997
0.68691
0.54937
0.71433
0.51045
0.85429
0.51563
0.47569
0.86867
0.78949
0.56451
0.80383
0.6046
0.7569
0.8264
0.56745
0.82184
0.61072
0.75274
0.76652
0.6745
0.74108
0.43226
0.71672
0.77875
0.66688
0.6629
0.64966
0.68091
0.49869
0.59365
0.44181
0.69784
0.74357
0.57507
0.71112
0.61404
0.55514
0.66659
0.50148
0.71663
0.68463
0.64769
0.40462
0.66621
0.33623
0.66553
0.52769
0.66454
0.44705
0.6152
0.53632
0.45005
0.86964
0.64143
0.69458
0.72093
0.63396
0.67578
0.78553
0.76384
0.5291
0.84554
0.80787
0.47277
0.67212
0.63186
0.42224
0.66087
0.48016
0.80678
0.4268
0.72365
1.0213
0.40736
0.57638
0.50793
0.68204
0.53244
0.60057
0.66834
0.34852
0.50437
0.66676
0.55063
0.65595
0.66762
0.54115
0.3537
0.78515
0.6562
0.6811
0.72077
0.69087
0.74363
0.46188
0.58496
0.54664
0.64477
0.66402
0.73115
0.68772
0.80769
0.61804
0.57008
0.63031
0.5658
0.60823
0.61517
0.59764
0.81382
0.67357
0.55766
0.58584
0.76474
0.88446
0.64088
0.97072
0.56189
0.53949
0.77527
0.7725
0.64426
0.5933
0.50432
0.67051
0.40682
0.6798
0.68641
0.47364
0.3972
0.627
0.49839
0.64517
0.51282
0.6936
0.66575
0.67834
0.76559
0.86151
0.45461
0.72128
0.37178
0.60521
0.92726
0.83323
0.83221
0.76765
0.76543
0.63363
0.70598
0.40606
0.71934
0.76154
0.51986
0.78344
0.72825
0.59487
0.63137
0.74402
0.54551
0.62941
0.84192
0.64079
0.82924
0.50281
0.76523
0.46445
0.74563
0.85755
0.72991
0.53182
0.88137
0.64264
0.57026
0.58127
0.78364
0.56476
0.73735
0.70653
0.66745
0.85254
0.82501
0.39844
0.61558
0.67459
0.67012
0.46957
0.60723
0.71448
0.54544
0.41696
0.57411
0.557
0.85822
0.59415
0.55024
0.65433
0.82661
0.72547
0.92297
0.75919
0.88827
0.44536
0.5419
0.63549
0.71089
0.46229
0.71323
0.39663
0.92747
0.50773
0.67646
0.62011
0.64968
0.78707
0.71588
0.57734
0.72038
0.72354
0.88409
0.55523
0.60506
0.43728
0.52167
0.65244
0.84285
0.50845
0.58434
0.42584
0.79029
0.71678
0.82807
0.65467
0.70098
0.89327
0.49727
0.75008
0.54334
0.45512
0.68242
0.94643
0.59637
0.55375
0.63998
0.6223
0.72055
0.39708
0.56468
0.30438
0.61151
0.82036
0.6236
0.53072
0.44162
0.5442
0.49854
0.80168
0.86787
0.7139
0.54528
0.56287
0.53171
0.32976
0.7381
0.79007
0.71672
0.56813
0.71213
0.67375
0.70842
0.76649
0.4519
0.54935
0.6984
0.50093
0.73718
0.74274
0.42343
0.65797
0.44954
0.54638
0.76793
0.63418
0.76166
0.56038
0.79725
0.77321
0.6881
0.32727
0.65881
0.61998
0.82899
0.54543
0.67976
0.66811
0.68461
0.52225
0.82254
0.56583
0.74422
0.56888
0.93424
0.45741
0.55719
0.57603
0.33551
0.66821
0.63438
0.28799
0.4682
0.69638
0.61791
0.61699
0.71698
0.84721
0.85453
0.50304
0.67989
0.88466
0.3409
0.78096
0.32327
0.52017
0.47683
0.69805
0.57656
0.75078
0.76757
0.36336
0.79223
0.69649
0.84497
0.84913
0.76159
0.66145
