1.0796
0.74166
0.86526
0.7001
0.91705
0.90675
0.89211
0.71561
0.56752
1.0101
0.58538
0.67395
0.89719
0.75339
0.80592
0.84721
0.60715
0.68458
0.68772
0.9715
0.76336
0.70817
0.84573
0.63536
0.75861
0.9379
0.7284
0.74417
0.62638
0.96135
0.60856
0.91272
0.8699
0.69778
0.85929
0.71547
0.90616
0.95169
0.62424
0.84186
1.0041
0.50836
0.67573
0.80953
0.87629
0.83671
0.70064
0.95044
0.79369
0.58834
0.90095
0.97333
0.50597
0.41273
0.71388
0.77029
0.95335
1.0505
0.60161
0.87431
0.89218
1.0212
0.84849
0.34885
0.34862
0.87762
0.51949
0.87028
0.66944
0.62002
0.8706
0.53655
0.6175
0.78943
0.74718
0.87619
0.74541
0.73902
0.88211
0.71451
0.70857
0.81943
0.98783
0.94188
0.86817
0.75106
0.84122
0.5436
0.90029
0.39453
0.74728
0.81764
0.53232
0.83819
0.93241
0.94699
0.70228
0.94834
1.0205
0.77347
0.83063
0.76072
1.0146
0.79434
0.92813
0.65597
0.92328
0.67599
0.93968
0.86712
0.61429
0.90045
0.85751
0.95833
0.9545
0.54073
0.60329
0.81259
0.93653
0.53723
0.90473
0.86216
0.78966
0.84177
0.91874
0.97833
0.74858
0.76598
0.9219
0.77086
1.0159
0.9774
0.67113
0.44898
0.78567
1.1929
0.80984
0.72238
0.73533
1.1183
0.92043
0.64335
0.90529
0.79135
0.89112
0.60371
0.60416
0.83237
0.90744
0.91404
0.52205
0.843
0.78052
0.77801
0.81356
0.85608
0.89922
0.76077
0.89794
0.83286
0.84148
0.74463
0.7955
1.1253
0.88211
0.91058
0.86323
0.84743
0.88672
0.71201
0.76355
0.54706
0.69048
0.83903
0.62851
0.58378
1.0136
0.71371
0.84417
0.69441
0.90861
1.0903
0.71421
1.0719
0.83133
0.57669
0.91643
0.6767
0.75691
0.93533
0.85303
0.99596
0.61225
0.81274
0.88823
0.77257
0.79111
0.84396
0.60784
0.85753
1.0039
0.31413
0.78112
0.81057
0.77947
0.96021
0.71431
0.8862
0.63328
0.58151
0.73673
0.87093
0.72659
0.99038
0.89679
0.93111
0.7026
0.92351
0.88353
0.90585
0.87756
0.82983
0.99711
0.85257
0.61502
0.92704
0.92107
0.79451
0.67278
0.86489
0.892
1.0096
0.95498
0.66225
0.648
0.68957
0.74302
0.74357
0.67552
0.63345
0.67153
0.79833
0.67311
0.78091
0.80213
0.34122
0.51856
0.76554
0.91239
0.87946
1.0568
0.80699
0.88012
0.54144
1.0597
0.68773
0.49824
0.5782
0.8871
0.78409
0.94111
0.87799
1.1774
1.0383
0.82833
0.81407
0.86774
0.94245
0.95188
0.77681
0.76389
0.60074
1.0093
0.96262
0.88123
0.86801
0.88409
0.65072
0.82083
0.33322
0.81333
0.96336
0.96378
0.6292
0.86295
0.85687
0.89344
0.91525
0.80641
0.66584
0.57987
0.83234
0.96349
0.86287
1.0768
0.75213
0.71347
0.61072
0.61634
0.84589
0.88856
0.71829
0.73475
0.69275
0.95347
0.85143
0.68359
0.79878
0.73789
0.56567
0.7992
0.92343
1.022
1.0259
1.0755
0.71255
0.6818
0.76222
0.84695
0.6498
0.93849
0.88716
0.74044
1.0226
0.8965
0.83136
0.6653
0.72282
0.62217
0.94863
0.88112
0.78025
0.74721
0.83471
0.99981
0.75057
0.87167
0.86683
0.82287
0.78214
0.87447
0.47475
0.66573
0.71021
0.77609
0.91383
0.78851
0.75121
0.89921
0.82026
0.67246
0.81254
0.71014
0.92043
0.85238
0.56093
0.41492
0.6824
0.5517
0.99697
0.80972
0.80787
0.90323
1.0988
1.0235
0.87671
0.6316
0.64775
0.7945
0.88574
0.84447
0.99122
0.79372
0.46969
0.72015
0.57999
0.5994
0.96952
0.92325
0.42747
0.77382
0.42189
0.97708
0.46887
1.0229
0.70092
0.81907
0.90849
0.65137
0.84974
0.74259
0.72182
0.93957
1.1383
0.92659
0.75084
0.77646
0.35528
0.9442
0.69376
0.72717
0.90603
0.77855
0.70812
1.0069
0.43775
0.85404
0.91273
1.1455
0.84204
0.87987
0.50091
0.99608
1.0893
0.7952
0.92101
0.82935
1.0113
0.75487
0.5842
0.76829
0.90405
0.77623
0.64999
0.87574
0.82355
0.87998
0.97155
0.90386
0.87142
0.79015
0.69574
0.63883
0.85281
0.79948
0.88273
0.73287
0.8598
0.80099
0.83272
0.76729
0.92296
0.65009
0.89691
0.45307
0.90982
0.91346
0.72869
0.79275
0.78865
0.62864
0.70065
0.8447
0.87605
0.64901
0.81795
0.98172
0.67822
0.98942
0.79852
0.68855
0.66566
0.65409
1.0135
0.52018
0.75039
0.70613
0.81308
0.60814
0.87105
0.66071
0.89349
0.56192
0.98281
0.85612
0.55184
0.85703
0.94008
0.66034
0.8279
0.73809
0.98611
0.58789
0.62457
0.64408
0.98319
0.57606
0.81544
0.80473
0.62236
0.83403
1.037
0.88866
0.83353
1.0543
0.81623
0.75467
0.94044
0.76449
0.87345
0.66706
0.84582
0.94232
0.76715
0.81733
0.88474
0.85907
1.0406
1.0352
0.85991
0.55921
0.59362
0.55942
1.1395
0.8961
0.56118
0.81235
1.0523
0.86475
1.056
0.79027
0.86994
0.89741
0.81503
1.1328
0.84229
0.5818
0.97448
0.88895
0.6868
0.6531
0.52899
0.98533
0.53043
0.92428
0.88753
0.27982
0.94635
0.79262
0.70747
0.90719
0.90024
0.80225
0.40718
0.82275
0.71947
0.97679
0.69605
1.0382
0.95203
0.76497
0.55039
0.79008
0.51754
0.95895
0.53245
0.62446
0.73942
0.98024
0.75495
0.7376
0.59261
0.74292
0.92155
0.56628
0.52773
0.9936
0.88022
0.59055
0.636
1.0246
1.0631
0.79433
0.47621
0.45944
0.71464
0.89284
0.93741
0.70613
1.0468
0.94427
0.83213
0.68471
0.92728
0.90031
0.81286
0.70942
0.95194
1.0191
0.54684
1.0261
0.69548
0.88866
0.81592
0.75391
0.78615
0.99544
1.0398
0.93595
0.77061
0.55415
0.97295
1.1289
0.90148
0.63456
0.99125
0.70249
0.87228
0.98934
0.90692
0.7942
0.84087
0.82917
0.74293
0.58034
0.71703
0.88671
0.81204
0.81756
0.84017
0.18355
0.62319
0.74053
0.96039
0.91811
0.76272
0.92254
1.0548
0.82354
0.70998
0.76708
0.53772
0.59533
0.80036
0.93522
0.6476
0.69055
0.65157
0.719
0.86636
0.69581
0.79239
0.7568
0.3556
0.78347
0.61772
0.81176
0.61969
0.77478
1.0226
0.81754
0.55878
0.8304
0.68143
0.83056
0.80241
0.5387
0.83326
0.74253
0.89466
0.73271
0.94799
0.76268
0.9356
1.1029
0.8995
0.74167
0.57439
0.51573
0.5608
0.7949
0.65095
0.83395
0.88604
0.73182
0.9781
0.81372
1.0089
0.63798
0.99288
0.66874
0.93895
0.74989
1.0971
0.71764
0.30637
1.0542
0.90832
0.704
1.1111
0.79307
0.67131
0.81129
0.66353
0.64433
0.72715
0.92239
0.65385
0.56266
0.7201
0.87809
1.0179
0.81156
0.87656
0.68726
0.76913
1.0725
0.70556
0.70524
0.77062
0.72576
0.97678
0.80544
0.65117
0.95209
1.1122
1.0783
1.0301
0.69124
1.1299
0.87656
0.56626
0.98594
0.92837
0.75621
0.96149
1.0177
0.5475
0.73959
0.80584
0.71516
0.62652
1.1288
0.95382
0.60396
0.8319
0.37351
0.54622
0.85802
0.93853
0.8846
0.7112
1.0211
0.37552
0.72971
0.68084
0.64008
1.1708
0.91672
0.57051
0.98842
0.85041
0.88864
1.0924
0.89518
0.87657
0.4906
0.59098
0.94586
1.0231
0.59998
1.1041
0.94128
0.58624
0.51449
0.90042
0.78548
0.60796
0.93419
1.0003
0.84853
0.89794
0.63058
0.82291
0.734
0.79318
0.97077
0.88505
0.70147
1.0189
0.71761
0.62806
0.9163
0.97611
0.78794
0.83997
0.78783
0.94566
0.96166
1.0791
0.71369
0.84574
0.70391
0.79461
0.84944
0.94885
0.6611
0.80817
0.86769
0.77704
0.40776
0.8499
0.80198
1.0808
0.73349
0.43056
0.79534
0.82859
0.82258
0.76329
0.96677
0.87129
1.0474
1.0691
0.98479
0.91729
0.67144
0.75147
0.83707
0.81666
0.80875
0.92507
0.90347
0.8951
0.73555
0.56381
0.715
0.74808
0.95793
0.98904
0.92455
0.9104
1.063
0.88289
1.0139
0.87246
0.82015
0.72659
0.90415
0.65411
0.62956
0.59075
0.58263
0.89532
1.1644
0.99933
0.62153
0.65763
0.48176
0.77555
0.95401
0.92083
0.72324
0.98033
0.82068
0.73429
0.76668
0.88295
0.79965
1.146
0.71639
1.0184
0.71175
0.70357
0.84991
0.66263
0.79403
1.0387
0.63351
0.67555
0.78926
0.8558
0.53827
0.89193
1.1538
0.64098
0.51822
0.77939
0.80248
0.92141
0.68935
0.82941
0.67778
1.0002
0.91387
0.6227
0.68925
0.60307
0.40354
0.69769
0.92118
0.7512
0.71183
0.58804
0.3698
0.78364
0.65017
0.82796
0.69801
0.72706
0.6189
0.5632
0.58877
0.99537
0.87496
0.70959
0.70541
1.1545
0.98785
0.64236
0.72314
0.73376
0.7019
0.72771
0.59848
0.57322
0.80475
0.78687
1.1341
0.79823
0.97263
1.0414
0.72291
0.77302
0.3749
0.8862
0.79171
0.66549
0.78234
0.79571
0.71646
0.63819
0.62021
0.88187
0.70558
0.66371
0.92137
0.79352
0.72508
0.87872
0.84176
0.93029
0.90009
0.82173
0.65922
0.9003
1.0391
0.7216
0.82608
0.49554
1.0054
0.70051
0.89556
0.85025
0.82431
0.52183
0.7694
0.99655
0.59451
0.8769
0.61272
0.82358
0.74727
0.68287
0.90506
1.1713
0.69742
0.67159
0.82326
0.80408
1.0562
0.87256
0.6593
0.78273
0.55592
0.80019
0.87198
0.9162
0.85082
0.89751
0.86245
0.80655
0.49588
0.6736
0.91771
0.80003
0.99574
0.87791
0.82402
0.83595
0.61508
0.89407
1.0195
0.73636
0.63473
0.75556
1.0096
0.43831
0.58973
0.60657
0.42767
0.82257
0.82811
0.69552
0.71799
0.79624
0.93742
0.79083
0.89583
1.0462
0.2681
0.91508
0.99821
0.60177
0.95813
0.81594
0.85465
0.68702
0.90205
0.78255
0.96047
0.95394
0.44157
0.9757
0.8595
0.98316
0.76533
0.87836
0.89444
0.68357
0.89761
0.82247
0.8299
0.87779
1.0171
1.0445
0.83775
0.55836
0.91558
0.9746
0.78601
0.61888
0.50894
0.77038
0.56619
1.0353
1.0349
0.81639
0.64598
0.73338
0.76834
0.82222
0.62566
0.75987
0.7072
0.89818
0.72387
0.49079
0.72319
0.75343
0.89059
0.68461
0.91378
0.59636
0.71555
0.67535
1.0102
0.98109
0.5576
0.79575
0.85052
0.9358
0.59579
0.59212
0.82828
0.71525
0.93884
0.88212
0.5219
0.75461
0.64718
0.70794
0.64577
0.69522
0.93829
0.62944
0.95051
0.93034
0.7329
0.67024
0.76689
0.91895
0.68311
0.51834
0.39964
0.67158
0.62593
0.91541
0.65708
0.94248
0.80272
0.62347
0.50973
0.47444
0.73879
0.66769
0.56518
1.0763
0.86753
0.95866
0.89446
1.0189
0.69966
0.73404
0.6816
0.88422
0.4403
0.60918
0.774
0.76359
0.45838
0.83454
0.67022
0.6923
0.75089
0.80587
0.75711
0.80606
0.89011
0.56751
0.74688
0.90356
0.61939
0.40084
0.65905
0.6783
1.1663
0.74531
0.63143
0.95029
0.66915
0.86314
0.51688
0.61962
0.82439
1.0416
0.64392
0.70235
0.7917
0.91896
0.53488
0.91871
0.90617
0.9942
0.85336
1.0238
0.8848
0.68409
0.79399
0.89501
0.88956
0.91514
0.83002
0.85256
0.65706
0.86036
0.91617
0.85006
0.4779
0.34746
1.1119
0.72751
0.76708
0.7986
0.38684
1.1048
0.84518
0.78577
0.99096
0.9904
0.53773
0.93849
0.73392
0.65277
0.56471
0.75086
0.81693
0.70113
0.58628
0.92911
0.62932
0.78999
0.57604
0.88694
0.84781
0.75667
1.0249
0.61733
0.96011
0.9211
1.0777
0.83802
0.94122
0.96074
0.79254
0.86837
0.3936
0.93917
0.52472
0.66579
0.88537
0.82515
0.46839
0.84167
0.85489
0.95224
1.0764
0.98344
0.82879
0.67302
0.89746
0.68262
0.84227
0.84491
0.70764
1.0478
0.90196
0.83808
0.70555
0.87115
0.73982
0.65637
0.71194
0.74031
0.57864
0.61281
0.85437
0.47595
0.65045
0.6681
0.99869
0.73962
0.67615
0.7173
0.89268
0.86033
0.71848
1.0214
0.87642
0.80731
0.61401
0.96388
0.81945
0.62517
0.73041
0.91102
0.55661
1.0241
0.85601
0.89884
0.86106
0.64544
0.81455
1.0957
0.9114
0.75014
0.82793
0.68087
0.34505
0.91744
0.71847
0.95412
0.79689
0.99609
0.48818
0.85593
0.79703
0.92717
0.65757
0.55958
0.48017
0.72909
0.76322
0.60217
0.89124
0.72307
0.6682
0.62837
0.6451
0.64342
0.94671
0.60963
0.99922
0.88925
0.96328
0.76346
0.97594
0.80055
0.4526
0.95147
0.97484
0.93152
0.4727
0.53323
0.80648
0.85779
0.76758
0.88709
0.49634
0.88737
0.88698
0.9576
1.0443
0.77316
0.91064
0.43792
0.64817
0.97017
0.99345
0.3789
0.56614
0.56745
0.73187
0.84135
1.0676
0.5668
0.94362
0.67351
0.82126
0.71657
0.85486
1.0193
0.74902
0.77737
0.43296
0.92013
0.61594
0.76984
0.74598
0.82173
0.92162
0.70938
0.94854
0.6733
0.80022
0.46105
0.47167
0.68044
0.58706
0.52987
0.79614
0.87554
0.94192
0.62134
0.81995
0.90875
0.55851
1.0674
0.47147
0.82789
1.0268
0.77243
1.0646
0.84179
0.65285
0.46693
0.72028
0.43171
1.0945
0.5185
0.73329
0.66198
0.84341
0.9537
0.82801
0.36807
0.54325
0.85272
1.1092
0.97275
0.81475
0.86277
1.0821
0.92149
0.74577
0.82751
0.50808
0.85785
1.0205
0.75202
0.76512
0.70016
0.74322
0.69311
0.6518
0.62431
0.51372
0.40113
0.88255
0.72373
0.83589
0.59084
0.72343
0.66966
0.85758
0.76524
0.83725
0.66812
0.97006
0.60661
0.73959
1.0322
1.0555
0.45289
1.0762
0.62549
0.36656
0.7532
1.1126
0.96126
0.72435
0.88824
0.90385
0.46614
1.1047
0.85334
0.94449
0.93472
0.5891
0.87345
0.79528
0.68957
0.86046
0.91828
1.0408
0.54127
0.80148
0.54948
0.67432
0.77914
0.77136
0.64149
0.79401
0.49818
0.77624
0.76844
0.82495
0.69952
0.56953
0.45474
0.95922
0.61572
0.67035
0.91348
0.61034
1.1692
0.50613
0.87003
0.82024
0.5851
1.1194
0.95238
0.73072
0.69649
0.96269
0.78599
0.74303
0.80505
0.93406
1.025
0.70412
0.44095
1.072
0.98177
0.66629
0.57529
0.49652
1.2077
0.46355
0.8226
0.81153
0.54187
0.54569
0.70964
1.0608
0.73622
0.8332
0.96175
0.66632
0.48721
0.94678
1.0139
1.0424
0.50548
0.91978
0.77094
0.64645
1.0237
0.81651
0.77131
0.71298
0.85708
0.75932
0.58986
0.9251
0.45267
0.80961
0.66848
0.86637
0.4654
0.86663
0.52398
0.3992
1.0302
0.49148
0.56644
0.76181
0.94754
0.92058
0.85917
0.73059
0.57486
1.0909
0.57313
0.892
1.1439
0.72948
0.72432
1.0853
0.83594
1.1459
0.86871
0.81859
0.6731
0.76401
0.92986
0.71171
0.88645
0.97264
0.59707
0.86182
0.73378
0.98639
0.76205
0.54008
0.57349
0.75071
0.85496
1.0089
0.45658
0.97866
0.84452
0.74799
0.91519
0.83843
0.73897
0.96887
0.85593
0.57621
0.67689
0.77937
0.5523
0.87013
0.77071
0.76073
0.62314
0.73149
0.98447
0.93713
0.4822
0.93068
1.0127
1.0927
0.58852
0.75533
0.72068
0.7552
1.1046
0.77889
0.68617
0.75493
0.91015
0.64811
0.82015
0.66124
0.47161
0.74519
0.68235
0.53349
1.1529
0.97355
0.73107
0.66876
0.98098
0.78126
0.88283
0.50316
0.86037
0.91324
0.73452
0.77922
1.0475
0.4549
0.87429
0.72893
0.71084
0.88805
1.0168
0.88812
0.99452
0.97173
0.69337
0.87778
0.83618
0.52526
0.86095
0.86456
0.80379
0.73709
0.50138
0.57028
0.56496
0.85748
0.81249
0.77237
0.89006
0.93751
0.83227
0.66383
1.0271
0.93816
0.50643
0.6373
1.1246
0.91302
0.93709
0.88076
0.8234
0.93887
0.86409
0.61732
0.71104
0.58505
0.76543
0.81822
0.96528
0.94997
0.87444
0.82643
0.63474
1.1655
0.93534
0.98731
0.61233
0.69486
0.7859
1.0236
0.28737
0.77043
0.85504
0.42469
0.65128
0.76827
0.40636
0.88534
0.80475
0.89259
0.53034
0.63499
0.74745
0.79094
0.82949
0.73491
0.99308
0.79038
0.454
0.57556
0.71686
0.7083
0.85308
0.51277
0.64814
0.96772
0.76425
0.46587
0.66314
0.14637
0.90159
1.0121
0.62623
0.85188
0.74461
0.99473
0.76383
0.82784
0.69311
0.50393
0.80953
0.6566
0.75085
1.0392
0.68728
0.72545
0.76907
0.76453
0.62631
0.75293
0.91916
0.88319
0.56975
1.148
0.92885
0.79951
0.91622
0.70492
0.74493
0.81355
0.51837
1.1724
0.51051
0.6632
0.70755
0.89816
0.80905
0.9104
0.65457
0.57797
0.78615
0.95897
0.79175
1.0284
0.84606
0.94518
0.71097
0.66563
0.61523
0.73231
0.80278
0.81559
0.74442
1.0007
0.80902
0.9223
0.70761
0.83366
1.0807
0.46281
0.49068
1.0411
0.74234
1.1047
0.71241
1.0504
0.91877
0.61401
0.67062
0.79477
0.69961
0.73263
0.85342
0.75845
0.79598
0.74765
0.64251
0.78129
1.0373
0.90976
1.0509
0.83142
0.81327
0.54291
0.90202
0.98704
0.9301
0.92599
0.75662
0.49965
0.57132
0.86112
0.57
0.92238
0.96408
0.6262
0.9207
0.91275
0.81909
0.64913
0.90981
0.59823
0.66939
0.7597
0.91352
0.86434
1.0413
1.0248
0.84729
0.61489
0.78708
0.71685
0.5154
0.77341
0.84954
0.72712
0.87723
0.81316
1.0125
0.91195
1.067
0.99214
0.99112
0.64657
0.73871
0.95091
1.0992
0.66084
0.95382
0.62721
0.93564
1.0848
0.70495
0.80835
1.0091
0.66907
0.92925
0.5211
0.65162
0.65805
0.61654
0.93254
0.90461
0.94157
0.55542
0.94135
0.61591
1.1918
0.74272
0.78366
0.71883
0.73272
0.83206
1.1745
1.0605
0.73729
1.0201
0.71795
0.96817
0.7664
0.74377
0.75094
0.88738
0.56242
0.81164
0.58003
0.37278
1.0546
0.69055
0.89318
0.89593
0.8716
0.74775
0.93127
0.76291
0.74295
0.44151
0.97072
0.75689
0.79142
1.0479
0.89036
0.8057
0.88871
0.85554
0.93304
0.52385
0.86404
0.99473
0.78871
0.67976
0.6996
0.66479
0.67983
0.37411
0.60122
1.0772
0.56261
0.70107
0.78517
0.9639
0.86254
0.72692
0.95134
0.92026
0.93098
0.67552
0.89169
0.78777
0.63038
0.65945
0.9374
0.86067
0.82132
0.90639
1.0687
0.9617
0.80265
0.85909
0.71303
1.0387
0.42658
1.0321
0.99975
1.0557
0.75839
0.88657
0.62803
0.67567
1.0868
0.67103
0.90425
0.89346
0.76012
0.58679
0.88397
0.89223
0.71216
0.87792
0.57827
0.45622
1.0157
0.57065
0.93686
0.52315
0.76273
0.76691
1.1597
0.81966
0.83111
0.61418
0.43045
0.37428
0.82026
0.68037
0.55331
0.79534
0.93391
0.52225
0.59931
0.77866
0.89577
0.7481
0.80594
0.88176
0.62468
0.56901
0.98813
0.57323
0.96343
0.61578
0.83151
0.78081
1.0157
0.93333
0.84739
0.76961
0.7046
1.0061
0.92076
1.0039
0.93185
0.85244
0.87521
0.9189
0.88423
0.76147
0.62948
0.65987
0.88246
0.67262
0.74515
0.76591
0.9126
0.83571
0.675
0.76804
0.93287
0.97386
0.55009
1.0109
0.45796
0.78906
0.90779
0.51904
0.72037
1.0408
0.95545
0.77562
0.93475
0.65615
0.73034
0.95422
0.72773
0.54064
0.71643
0.89273
0.97784
0.78312
0.83958
0.73166
0.79858
0.51044
0.7841
0.97807
0.77951
0.82765
0.60125
0.86976
0.84126
0.77669
1.0491
0.75664
1.0465
0.6447
0.9918
0.83564
0.76509
0.76864
0.40172
0.82066
0.83809
0.82751
0.77427
0.48323
0.59364
0.75309
0.88497
0.44387
0.57287
0.45196
0.61879
1.1478
0.82158
1.0475
0.96817
0.74233
0.73121
0.71892
0.80069
0.50092
0.57308
0.79416
0.94225
0.82053
1.0179
0.87716
1.0457
0.90658
0.63515
0.71801
0.49245
0.5083
0.95371
0.90479
0.85849
0.55165
0.7251
0.80023
0.84993
0.87565
0.76404
0.47376
0.82085
0.70407
0.63621
0.77322
0.8648
0.71344
0.69104
0.94373
0.81746
0.83162
0.99707
0.95512
0.73445
0.79791
0.75315
1.2067
0.78353
0.82124
0.75164
0.58185
0.64812
0.68987
0.61307
0.64377
0.75942
0.62803
0.75648
0.70503
0.79547
0.79513
0.8988
1.0073
0.79471
0.6301
0.94928
0.92482
0.83754
0.99111
0.97575
0.6605
0.94598
0.60277
0.47953
0.69431
0.79146
0.84472
0.89098
0.74068
0.97682
0.69723
0.55624
0.74084
0.78627
0.80189
0.64305
0.66719
0.57625
0.45575
0.49743
0.75525
0.69014
0.49123
0.91798
0.76979
0.88583
0.7551
0.73183
0.77371
0.73061
0.81481
0.78446
0.59498
0.52836
0.7801
0.40032
0.99314
0.86276
0.61321
0.6086
0.70681
0.93907
0.88372
0.74367
0.66665
0.73177
0.64409
0.7492
0.66143
0.6003
0.87216
0.98734
0.7312
0.66687
0.57272
0.91368
0.96312
0.86952
0.68773
0.96556
0.6207
0.51161
0.4562
0.97066
0.8313
0.64231
0.74611
0.7379
0.88214
0.65652
0.97538
0.6916
0.83634
0.51393
0.47067
0.92934
0.80201
0.95722
0.96862
0.72384
0.57281
1.0539
1.0349
0.95557
0.59647
0.76627
0.84874
0.86176
0.86778
0.82065
0.72505
0.91545
0.84113
0.85805
0.46131
0.86891
0.62659
0.79857
0.85123
0.85295
0.75806
1.0391
0.95009
0.80434
0.6733
0.78962
0.54155
1.0373
0.56148
0.84243
0.70206
0.69852
0.80827
0.92539
0.79532
0.87421
0.84669
0.92187
0.8681
0.92074
0.95964
0.93101
0.91002
0.91096
0.99623
0.94169
1.1048
0.85406
0.96951
0.51725
0.85095
0.72997
0.65957
0.9249
0.75348
0.69917
0.932
0.89794
0.82953
0.67588
0.878
0.4957
1.0201
0.61649
0.79975
0.86245
0.53932
0.7165
0.54026
0.84292
0.69754
0.86876
0.62754
0.86673
0.82048
0.72635
0.93588
0.76031
0.65555
0.76225
0.63299
0.64773
0.93501
0.64727
1.1267
0.73929
0.79336
0.81428
0.39751
0.5924
0.88596
1.013
0.9783
0.80764
1.0382
0.94659
0.85502
0.76638
0.91983
0.69711
0.95398
0.96244
0.69908
1.0028
0.72935
0.7411
0.9447
0.82553
0.79201
0.99862
0.26206
0.88121
0.49807
0.94353
0.96916
0.59439
0.70578
0.91655
0.52918
0.59633
0.6916
0.90271
0.92788
0.81126
0.86862
0.36787
1.0046
0.88878
0.81575
1.0693
0.83611
0.74419
0.84441
0.77487
1.1834
0.73931
0.66576
0.69704
0.47126
0.71696
0.69102
0.91727
0.96728
0.44003
0.83326
0.80084
0.95053
0.83774
0.76869
0.61798
0.90544
0.96612
0.66839
0.60182
0.89381
0.65786
0.90338
0.95895
0.6487
0.92977
0.86774
0.96782
0.61815
0.96595
0.80508
0.80554
0.45196
0.85719
0.57084
0.77056
0.78865
0.83435
0.9268
0.86489
0.81614
1.1006
0.78046
0.89823
0.82244
0.88555
0.92555
0.92079
0.53951
0.53761
0.92117
0.85345
0.88006
0.87317
0.80769
1.0752
1.0686
0.72892
0.96819
0.87172
0.81601
1.001
0.51166
0.77375
0.36522
0.9616
0.64913
0.65853
0.72835
0.63369
0.74156
0.64718
0.75798
0.60885
0.58183
1.055
0.85569
0.89928
0.85469
0.74898
1.0837
0.86562
0.81326
0.76956
0.85313
0.84945
0.77085
0.80185
0.87525
0.96481
1.0574
0.67269
0.89472
0.52401
1.0066
0.80233
0.96417
0.7613
0.82763
0.72507
0.68065
0.76075
0.89172
0.69742
0.73068
1.0114
0.64043
0.802
0.64529
0.65354
0.68669
0.96635
1.0947
0.82238
0.67884
0.68825
0.6035
0.72895
0.52122
1.0745
0.954
0.6768
1.0496
0.99479
0.9895
0.8893
1.0197
0.94915
0.83342
0.86982
0.84742
0.72182
0.99313
0.98657
0.91098
0.79033
0.90431
1.0577
1.0212
0.42931
0.86294
0.8001
0.81807
0.58975
0.66338
1.0064
0.86547
0.61937
0.78581
0.89408
0.73922
0.80304
0.59566
0.87087
0.89659
0.90905
1.0988
0.77843
0.64627
0.91755
0.62657
0.64573
0.67793
0.69536
0.56778
0.59248
0.82515
0.90131
1.1123
0.87859
0.78952
0.81762
0.81265
1.1202
0.78646
0.90213
0.57523
0.80645
0.80114
0.79468
0.84238
0.79894
1.0482
0.60861
0.48939
0.85543
0.92988
0.97867
0.86243
0.80034
0.76592
0.42344
0.67851
0.78389
0.95416
1.0951
0.92273
0.79473
0.53295
1.0153
0.7753
0.79055
0.88866
0.50288
0.71517
0.63578
0.8332
0.69277
0.70029
0.93197
0.56332
0.75894
0.91151
0.86168
0.92335
0.76868
0.6593
0.71433
0.73994
0.75188
0.60947
0.44755
0.58605
1.0039
0.7389
0.3843
0.88841
0.33963
0.7789
0.88018
0.9134
0.72211
1.0907
0.74594
1.0384
0.74961
0.96676
0.75444
0.69032
0.54955
0.82262
0.75884
0.89164
0.78512
0.94546
0.85061
0.62818
0.68165
0.71526
0.89312
0.7465
0.52333
0.69167
0.87935
0.93355
0.95488
0.57267
0.40822
0.9077
0.93673
0.80687
0.92779
0.77496
1.0254
0.8412
0.76623
0.96407
0.74253
0.84312
0.77064
0.70113
1.0082
0.73683
0.61841
0.76604
0.46012
0.74785
0.94135
0.93783
0.71623
0.6035
0.51298
0.76371
0.7701
1.0561
0.62314
0.4365
0.97018
1.0251
0.80519
0.88917
1.0787
0.70526
1.0358
0.57548
0.33116
0.83041
0.57348
0.98147
0.79743
0.67929
0.98482
1.1167
0.71741
1.0478
0.78562
1.0223
0.68699
0.85806
0.63425
0.92266
0.72851
0.44923
0.74333
0.99739
1.0984
0.89259
0.85848
0.69816
0.86134
0.59202
0.40762
0.84055
0.81873
0.71142
0.8593
0.5527
0.81116
0.84739
0.60366
1.0093
0.99592
0.88258
0.5328
0.90472
1.0122
0.7852
0.44029
0.87796
0.77759
0.52258
0.80977
0.64863
0.73636
0.58834
0.97539
0.81975
0.64137
0.58101
0.84352
0.8784
0.87493
0.27613
0.99478
0.9498
0.82459
0.95307
0.95018
0.84148
0.7729
0.91195
0.76934
0.88707
0.9453
0.9049
0.61456
1.0295
0.95468
0.82894
0.86639
1.0232
0.84182
0.88328
0.894
0.7956
0.62126
0.88251
0.69246
0.94582
0.92056
0.7849
1.0724
0.89532
1.1346
0.78999
0.78484
0.89597
0.87815
0.71523
0.75078
0.50859
0.87279
0.88081
0.74338
0.90967
0.73297
0.84221
0.78558
0.72167
0.72108
0.73646
0.91299
0.82667
0.97127
0.72942
0.56234
0.86076
1.0226
0.52037
0.81281
0.90093
0.63313
0.74481
0.91534
0.98184
0.74347
0.81029
0.81957
0.58865
0.86615
0.6511
0.68699
0.93871
0.53573
0.59919
0.80757
0.75124
0.8901
0.84567
0.70068
0.54249
0.78659
1.1376
1.0342
0.78113
0.32657
1.0502
0.91125
0.66405
0.79034
0.81858
1.0081
0.90581
0.46516
0.93953
0.30599
0.87955
0.71058
0.83616
0.72261
0.75276
0.84581
0.57887
0.72901
0.70846
0.4779
0.6057
0.83806
0.98657
0.80122
0.95984
0.59041
0.82898
0.92007
1.0533
0.54177
0.59454
0.79501
0.93089
0.84068
0.63695
0.64296
0.90425
0.82888
0.47226
0.62989
0.73291
0.8427
0.97317
0.53676
0.89902
0.90607
0.80845
0.76074
0.86806
0.95662
0.58218
0.78876
0.90203
1.0626
0.79382
0.80233
0.80282
0.86626
0.65613
0.75256
0.65065
0.65813
0.84855
1.0352
0.68585
0.7769
0.96404
0.79646
0.87078
0.74925
0.96226
0.8029
0.63207
0.48369
0.65175
0.98912
0.87049
0.39431
0.77978
0.9499
0.75265
0.82826
0.68687
0.99658
0.49495
0.85558
0.82442
1.0392
0.95549
1.0773
0.69054
0.9294
0.4156
0.79411
0.9819
0.75011
0.8705
0.72425
1.0344
0.77976
0.86676
0.67762
1.0768
0.85232
0.76138
0.87044
0.80655
1.039
0.81532
0.75688
0.75586
0.87124
0.99654
0.83404
1.1336
0.66228
0.89851
0.946
0.87721
0.82362
0.69673
0.9569
0.81626
0.88776
0.94086
0.59509
0.88638
0.87002
0.78188
0.83886
0.85645
0.67029
0.84927
0.87676
1.0468
0.75335
0.64275
0.68256
0.63472
0.76062
0.8353
0.67285
0.71455
0.91074
0.85988
0.84437
0.83989
0.86859
0.83705
0.8035
0.58044
0.42325
0.74189
0.755
0.89833
0.78703
0.63859
0.94026
0.97267
0.95686
0.68698
0.97235
0.57838
0.79791
0.86852
0.24802
0.8487
0.88644
0.78567
1.0122
0.98263
0.74667
0.81242
0.69036
0.82909
0.98526
0.99445
0.92729
0.66907
1.0056
0.58967
0.79498
0.88396
0.50244
0.85038
0.83919
0.81331
0.66789
0.85083
0.78191
0.879
0.73949
0.79497
0.70694
0.36393
1.0253
0.69595
0.88129
0.72883
0.90747
0.96333
0.74545
0.75862
1.0646
0.81348
0.88153
0.40342
1.1185
1.0439
0.56475
0.81243
0.71128
0.84767
0.92799
0.83602
0.85799
0.83976
0.74771
0.77828
0.73376
0.54092
0.88592
0.50126
1.014
0.44041
0.89303
0.90118
0.61822
0.42078
0.99305
0.66469
0.97047
0.81908
1.0174
0.51537
0.66168
0.59804
0.8943
0.72964
0.89122
0.65065
0.92386
0.75983
1.0458
0.76694
0.76891
0.81084
1.0058
0.64881
0.98659
0.73203
0.7483
0.9064
0.70746
0.75743
1.0222
0.84022
0.79043
0.96687
0.89531
0.57649
0.96787
0.84046
0.38682
0.75816
0.93573
0.8765
0.58925
0.84784
0.79892
0.83211
0.68039
0.65847
0.68274
0.75958
0.82933
0.64917
0.81739
0.76322
0.6752
0.90249
0.82866
0.86245
0.73816
0.76388
0.76959
0.76224
0.79727
0.74012
0.81774
0.87878
0.68524
0.4101
0.45534
0.62383
0.77387
0.79609
0.93947
0.75683
0.67131
0.99999
1.0479
0.92476
0.80362
0.69649
0.93081
0.63936
0.97428
0.60252
0.49264
0.88783
0.54658
0.43627
0.99534
0.33866
0.83655
0.89802
0.90606
0.37458
0.57973
0.77862
0.93528
0.75097
0.61532
0.45118
0.88438
1.0872
0.70006
0.68773
0.8042
0.58192
0.59573
0.81117
0.79144
0.80734
0.87796
1.06
0.92219
0.80399
0.91335
0.66945
0.64446
0.92515
0.92885
0.94622
0.66826
0.86661
0.76384
0.80904
0.96045
0.7768
0.55956
0.7188
0.88113
0.91943
0.81612
1.0234
0.87029
0.68987
0.56267
1.2557
0.64448
0.45673
0.85384
0.96095
0.75835
0.8857
0.77796
0.63893
0.741
0.72703
0.64654
0.72857
0.86364
0.87989
0.98516
0.69509
0.69203
0.61905
0.65064
0.92761
0.81035
0.84334
0.65373
0.99123
0.60693
1.0285
1.047
0.65853
0.96404
1.0242
0.97334
0.63148
0.8654
0.84825
0.63234
0.72032
0.63944
0.92623
0.75879
0.88212
0.37024
0.72829
0.87846
0.73858
0.77999
0.76247
0.88158
0.78061
0.82202
0.70355
0.72975
0.64866
0.79002
0.84145
0.91091
0.81769
0.72896
1.1213
0.67125
0.85119
0.74704
0.68814
0.99862
0.90057
0.62668
0.84384
0.92595
0.43033
0.88501
1.0706
0.65132
0.92158
0.67056
0.73429
0.87874
0.64352
0.73463
0.91865
1.0306
0.78013
0.66658
0.71704
0.75949
0.92613
0.78161
0.92304
0.53175
0.95813
0.73235
0.49653
0.87575
0.93367
1.0509
0.8023
1.0756
0.93613
0.96785
0.77999
0.44528
0.70227
1.0152
0.85531
1.0346
0.95842
0.75864
0.59526
0.6443
0.71151
0.87383
0.65231
0.97604
0.73278
1.0725
0.58496
0.70784
0.781
0.8539
1.0557
0.93176
1.0798
0.78373
0.90796
0.68821
0.82879
0.75228
0.61749
0.72249
1.0792
0.9589
0.71385
0.75686
1.012
0.69389
0.68815
0.9083
0.67158
0.94664
0.59986
0.85687
0.64371
0.63387
0.91688
0.86299
0.82751
0.44318
0.86418
0.7339
0.44526
0.8386
0.81098
0.90012
0.8551
0.72401
0.84633
0.8015
0.7252
0.91008
0.93603
0.86365
0.95651
0.7864
0.87414
0.42011
0.76055
0.8362
0.74201
0.3675
1.0152
0.5481
0.69463
0.93226
0.86581
0.64972
0.91993
0.42864
0.46959
0.54209
0.84212
0.77148
0.73959
0.7764
0.45653
1.0247
0.77954
0.83195
0.86502
0.83748
1.0427
0.83988
0.87512
0.93759
0.81628
0.95264
0.86859
0.66667
0.92852
0.65496
0.85758
0.76891
0.91797
0.92469
0.53526
0.63272
0.49947
0.85879
0.68429
0.75901
0.73398
0.88238
0.78529
0.72646
0.78017
0.93762
0.80094
0.83486
0.95217
0.617
0.68966
0.94703
0.67727
0.55395
0.77489
0.83792
0.7596
0.612
0.59687
0.68117
0.82644
0.84084
0.9974
0.87205
0.85669
0.71933
0.47312
0.72855
0.94597
0.81757
0.90784
0.67191
0.61597
0.48258
0.75371
0.59216
0.62847
0.63388
1.049
0.76217
1.1337
0.56286
0.72226
0.85954
0.8954
0.84707
0.78086
0.46939
0.90951
0.42572
1.1221
0.4931
0.71846
1.1428
0.76326
0.95493
0.86707
1.0522
0.85886
0.77635
0.95855
0.6391
0.72382
1.0993
0.566
0.96809
0.94453
0.89552
0.67734
0.87556
0.49219
0.74991
0.9053
0.83263
0.93391
0.82655
0.83106
0.54646
0.80165
0.81485
0.97163
0.56731
0.8056
0.78865
0.90353
0.88355
0.95772
1.0591
0.79846
0.56321
0.86429
1.0295
0.6658
0.72306
0.82831
0.92073
0.62164
0.85829
1.0606
0.96158
0.29388
0.91542
0.82904
0.50056
0.7897
0.78236
0.55817
0.95062
0.66875
1.0475
0.9973
0.62691
0.87075
0.91501
0.91681
0.81013
1.0524
0.81685
0.79133
0.99357
0.90801
0.96652
0.76544
0.66646
0.76003
0.37095
0.77328
0.29148
0.60999
1.0166
1.0544
1.097
0.53666
0.67784
0.65436
0.64312
0.97392
0.70907
0.76634
0.68312
0.96509
0.91896
0.20561
0.84953
0.74025
0.70903
0.88641
0.9301
1.0465
0.60754
0.73407
0.90256
0.97013
0.6541
0.94545
0.93155
0.49587
0.95658
0.82031
0.85886
0.92719
0.89945
1.1198
0.90539
0.49295
0.84955
0.42494
0.69157
0.42247
0.89273
0.7912
0.32428
0.94622
0.76256
0.71399
1.0486
1.015
0.66505
0.45017
0.82791
0.94531
0.85232
0.85993
0.88331
0.78657
0.88453
0.79915
0.80451
0.71741
0.6709
0.83953
0.7418
0.86665
0.45854
0.5612
0.94978
1.0182
0.96183
0.44643
0.96379
0.88989
0.67223
0.70266
0.62169
0.69321
0.92183
0.90823
0.57061
0.88387
0.61563
1.0536
0.88544
1.0436
0.75927
0.79191
0.83832
1.0652
0.74851
0.63941
0.91094
0.71273
0.55947
0.90535
0.8537
0.95455
0.87399
0.9348
0.93063
0.80103
0.7997
0.68821
0.86004
0.78073
0.44322
0.97948
0.58849
0.79252
0.59958
0.92197
0.83842
0.88097
0.93267
0.34251
0.7478
0.69692
0.88759
0.24987
0.80896
0.92815
0.94535
0.86269
0.77314
0.89376
0.67464
1.037
0.72864
0.56707
0.79363
0.75584
0.84693
0.90122
0.86535
0.33102
0.71395
1.038
0.60455
0.46759
0.90921
0.52521
0.58391
0.92865
0.84883
0.31969
1.054
0.80975
0.78505
0.83971
1.0396
0.90469
0.68413
0.68242
0.82709
0.5359
0.99804
0.82671
0.8488
0.98019
0.47336
0.60472
1.0837
0.52
0.74174
0.63001
0.88116
1.0666
0.63032
0.89051
0.91939
0.87841
0.92626
0.79845
0.91213
0.6346
0.86096
0.8968
0.77088
0.63643
0.84207
0.99717
0.76551
0.43412
0.87899
0.9419
1.0151
1.0549
1.0191
1.0853
0.77543
0.88214
0.90274
0.86842
0.90349
0.44494
0.88491
0.52706
0.83457
0.65122
0.83778
0.73729
0.90362
0.81346
0.85748
1.0615
0.78327
0.67932
0.68428
0.89907
0.8203
0.59899
0.44728
0.84297
1.0143
1.0363
0.79153
0.56278
0.88112
0.58245
0.62612
0.75915
1.0561
0.89632
0.73693
0.88755
0.71867
0.80678
0.52576
0.87906
0.71482
0.7805
0.76744
0.6026
1.0098
0.53173
0.87811
0.68799
0.86928
0.67168
0.75443
0.68769
1.0751
0.95049
1.0659
0.82145
0.64001
0.78809
0.62759
0.65946
0.73444
0.72354
0.9264
0.77802
0.64207
0.76946
0.82999
0.84765
0.96106
0.86387
0.68696
0.58365
0.98229
0.83926
0.85577
0.90173
0.7753
0.79136
1.1507
1.1202
0.68023
0.91676
0.73223
0.69967
0.64583
0.80789
0.97216
1.0184
0.77749
0.85721
0.76242
0.95213
0.42117
0.86783
0.93973
0.88922
0.70051
0.63435
0.92968
0.80479
0.52334
0.77063
0.44132
1.1093
0.70158
0.59126
0.82837
0.7189
0.78567
0.93884
0.99499
0.9801
0.73129
1.0242
0.86173
0.87736
0.61627
0.99266
1.0054
0.94901
0.78353
0.88014
0.78532
0.75039
0.93996
0.47467
0.82531
0.83195
0.65157
0.94631
0.68953
0.63267
0.56473
0.93076
0.79741
0.52499
0.90089
0.9169
0.67482
0.75033
0.62476
0.82487
0.81877
0.71554
0.83901
0.73875
0.61869
0.70799
0.66094
0.76857
0.62564
0.72257
0.68447
0.73537
0.95572
1.0846
0.79077
0.77935
0.82095
0.76661
0.87318
0.39803
0.7797
0.9817
0.95553
0.66141
0.51195
0.70199
0.8591
0.94667
0.63898
0.763
0.72446
0.67458
0.87817
0.71019
0.78648
0.44855
1.0457
0.81071
1.0372
0.80899
0.79774
0.73116
0.84867
0.9236
1.0859
0.67483
0.81873
0.82032
0.74712
0.51592
0.8464
1.0201
0.82507
0.67346
0.57169
0.75539
0.58757
1.0376
0.62577
0.24489
0.79157
0.68374
1.153
0.76196
0.91004
0.47709
0.8499
1.0302
0.69802
0.31716
1.013
0.63937
1.0275
0.73361
0.58401
0.71229
0.61212
0.64583
0.61684
0.97922
0.79256
0.70407
0.75509
0.73062
0.86009
0.87504
0.49993
0.3919
0.68593
0.76879
1.025
0.58648
0.78352
0.97329
0.93427
0.80851
0.73163
0.78151
0.43978
0.35984
0.8185
0.63875
0.73466
0.78461
0.73301
0.8498
0.90785
1.132
0.82966
0.68205
0.91297
0.99152
0.93264
1.0087
0.76476
0.9284
0.71796
0.98498
0.79043
1.0658
0.84167
0.66708
0.90381
0.85134
0.5697
0.83103
0.76341
0.76363
0.85983
0.79226
0.69085
0.80139
0.72856
0.99656
0.63819
0.76755
0.64777
0.65967
0.73365
0.58242
0.68192
0.82965
0.66638
0.38262
0.37183
0.83577
0.87889
0.81627
0.92031
0.8256
0.78077
0.96767
0.79174
1.0303
0.69696
0.86604
0.90935
0.9596
0.78023
0.84151
0.95575
0.75361
0.62713
0.9779
0.89288
0.91975
0.35441
0.87961
0.57595
0.96938
0.94006
1.0207
1.0283
0.52045
0.72339
0.74347
0.98271
0.90519
0.86771
0.33559
0.81148
1.1697
0.71438
0.67851
0.92721
0.63281
0.9519
0.63781
0.91125
0.82814
0.74044
0.89242
1.0634
0.77099
0.81681
0.69275
0.45221
0.65652
0.51157
0.59197
0.79642
0.84294
1.1163
1.0597
0.4556
0.96715
0.62312
0.87234
0.69807
0.8629
0.91987
0.80307
0.73122
0.80947
0.71704
0.76789
0.87075
0.53076
0.85
0.85908
0.70377
0.93469
0.31805
0.73217
0.57417
0.66946
0.93429
0.80419
0.85666
0.796
0.92681
0.96243
0.45457
0.86944
0.92517
0.6609
0.97201
0.55064
0.88273
0.70838
0.41608
0.63901
0.91764
0.74765
0.9216
0.90117
0.91295
0.62006
1.1689
0.96833
0.72695
0.56297
0.46204
0.95026
0.51427
0.78803
0.88263
0.73611
0.81294
0.80401
0.37881
0.99619
1.0818
0.81916
0.51151
0.40823
0.88105
0.63164
0.98741
1.0092
0.88618
0.67495
0.64729
0.62114
0.91951
0.91563
1.0555
0.70966
0.62811
0.72006
0.64095
1.0101
0.93088
0.78621
0.82189
0.66452
0.846
0.51586
0.62475
1.0027
0.77968
0.69025
0.63007
0.76471
0.99112
0.62887
0.60793
0.37603
1.0079
0.65363
0.56087
0.82825
0.75741
0.86949
0.61846
0.98636
0.69994
0.6856
0.82762
0.70057
0.69955
0.61068
0.801
0.92062
0.97198
0.6766
1.0172
0.89795
0.88537
1.0226
0.47851
0.99112
0.82071
0.81254
0.85667
0.68848
0.77668
0.82732
0.69664
0.69065
0.83754
1.0706
0.67501
0.64288
0.80103
0.98246
0.88923
0.91641
0.98013
0.86216
0.68951
1.0034
0.64643
0.86426
0.86653
1.1107
0.6659
0.7715
0.56565
0.47947
0.93963
0.64143
0.9541
0.56798
0.80229
1.0123
0.88469
0.89187
0.57211
0.3751
0.94921
0.28692
0.91589
0.90696
0.60748
0.75094
0.73825
0.95791
0.88177
0.75479
0.82594
1.0241
0.81162
0.40431
0.85475
0.88527
0.82504
0.72512
1.0097
1.0245
0.71115
0.82162
0.61091
0.70089
0.70396
0.90551
1.027
0.71811
0.65434
0.84511
0.87249
1.0885
1.117
1.0166
0.71302
0.39783
0.60985
0.95111
0.4295
0.88084
0.6406
1.0133
1.0096
0.85414
1.0254
0.8638
0.84588
0.84391
0.74742
0.84035
0.87309
1.0767
0.73279
0.7752
0.59612
0.92767
0.8801
0.82017
0.49905
0.91428
0.84468
0.92382
0.99718
0.79165
0.96632
0.88119
0.73662
0.79953
0.93385
0.73485
0.64281
0.76482
0.79064
0.96447
0.9692
0.63178
0.49422
0.94234
0.96075
0.96584
0.5183
0.79031
0.49075
0.65597
0.85008
0.923
0.79419
0.73769
0.82842
0.94275
0.59716
0.78337
0.81456
0.97925
0.71845
0.96435
0.89234
0.56913
0.51793
0.62246
0.65627
0.77164
0.78709
0.65934
0.78468
0.76382
0.91041
0.80882
0.68307
0.72262
0.71464
0.79324
0.94287
0.6262
0.58995
0.89986
0.81574
0.95352
0.5252
0.69293
0.64635
0.86527
0.57668
0.63388
0.74633
0.99217
0.9262
0.54667
0.86201
0.64342
0.98713
0.83075
0.77293
0.64698
0.91136
0.66851
0.9163
0.95983
0.63588
1.1027
0.75552
0.83386
0.96134
0.4824
0.92381
0.98553
0.78844
0.79593
0.86702
0.80239
0.72934
0.74877
0.96088
0.93583
0.81809
0.81194
0.91827
0.78645
0.78408
0.57693
0.46286
0.93486
0.84299
0.72926
0.37165
0.68593
0.93248
1.1133
0.98243
0.71941
0.88717
0.98884
0.83062
0.95868
0.82401
1.1451
0.59006
0.88461
0.88285
0.92092
0.58888
0.82826
0.89115
0.8056
0.43114
0.7851
0.80612
0.94497
0.47612
0.89957
0.77322
0.99594
0.74733
0.88756
0.54296
0.85894
0.70108
1.1093
1.0336
0.61529
0.36872
0.46097
0.83762
0.78372
0.81545
0.86506
0.63259
0.66072
0.81557
0.98994
0.83413
0.56402
0.49168
0.84997
0.73228
0.63282
0.84531
0.85976
1.0017
0.88327
0.88919
0.85513
0.71958
0.42849
0.31974
0.68289
0.89554
0.78162
0.63992
0.76335
0.80258
0.7008
0.46572
0.66671
0.74891
0.58083
0.87674
0.82919
0.95597
0.86752
0.99405
0.63658
0.60076
0.93367
0.56739
0.67792
0.88606
0.86838
0.88351
0.80039
0.85494
0.76036
0.77178
0.74945
0.8149
0.81605
1.1146
0.52853
0.81275
0.70269
0.66863
0.99713
0.92164
0.84342
0.97877
0.82517
0.75567
0.76014
0.76815
0.9039
0.73416
0.69371
0.86693
0.98404
0.66492
0.69129
0.50606
1.0932
0.5232
0.94547
1.0387
0.51035
0.94734
0.78245
0.65473
0.47643
1.0673
0.63862
0.72118
0.67197
0.8999
0.61882
1.0278
0.86024
0.7679
0.94518
1.0752
0.42837
0.64367
0.96294
0.87553
0.82846
1.078
1.1926
0.55649
0.68648
0.74527
1.0509
0.89226
0.81951
0.71463
0.88511
0.78075
0.77181
0.73567
0.71153
0.72613
0.50862
0.93578
0.53414
0.47744
0.94494
0.69593
0.48423
0.76537
0.86171
0.33765
0.66404
0.8524
0.96709
0.56028
0.71461
0.74936
1.0706
0.77596
0.89432
0.59737
0.91251
0.54957
0.7014
1.0125
0.78178
1.0029
0.67686
0.84473
0.68263
0.78791
0.59706
0.97075
0.75745
0.89976
0.43643
0.89986
0.72238
0.9781
0.70335
0.54225
0.99888
0.62681
1.01
0.6978
0.58632
0.67403
0.89482
0.59506
0.66822
0.92469
0.83332
0.61342
0.85458
0.83721
0.86899
0.83278
0.67767
0.70544
0.91521
0.84417
0.5586
0.70515
0.78186
0.54291
0.57715
0.89683
0.71194
0.77665
0.8733
0.70802
0.85903
0.61459
0.78817
0.73426
0.81034
0.46088
1.0086
0.89644
0.59756
0.86583
1.1609
0.53737
0.47506
0.59121
0.51349
0.76295
0.82253
0.56598
0.99948
0.76415
0.68871
0.8476
0.79324
0.79673
0.90236
0.8068
0.85468
0.68709
0.6661
0.6032
0.79363
0.5855
1.0778
0.68845
0.91281
0.86488
1.1193
0.72262
0.55972
0.95317
0.77345
0.8311
0.85381
0.95147
0.62327
0.72637
0.64486
0.93336
0.8736
0.66564
0.84666
0.99009
0.66197
0.48913
0.95594
0.63566
0.37173
0.74343
0.71669
1.1257
0.66488
0.41843
0.91462
0.73128
0.68859
0.75944
0.66489
0.81338
0.53106
1.0053
0.76518
0.74202
0.94506
0.8233
0.75247
0.48393
0.73587
0.94992
0.78
0.86467
0.69623
0.86348
0.67478
0.69726
1.0706
0.8179
0.72342
0.76527
0.83322
0.55092
0.67751
1.0862
0.98138
0.65537
0.83864
0.75287
0.92411
0.81168
0.58212
1.1052
0.88428
0.86744
0.89395
0.91078
0.93799
0.97463
0.79131
0.64881
0.74391
0.58252
0.60408
0.84436
0.90387
0.98162
0.60211
1.0915
0.83344
0.92597
0.55538
0.95844
0.52333
0.68677
1.154
0.73322
0.69245
0.7447
0.855
0.87436
0.88646
1.0231
0.71916
0.74515
1.074
0.66813
0.8469
0.85495
0.82158
0.97392
0.83824
0.82259
0.56369
0.91477
1.0809
0.75214
0.86201
0.77606
0.70291
0.53697
0.8313
1.0896
0.77047
0.88194
0.93698
0.6041
0.96854
0.86831
0.74602
0.96017
0.77871
0.86567
0.64695
0.93907
0.61442
0.7802
0.70315
0.46498
0.81892
0.63172
0.80748
0.9593
1.052
0.95566
1.0621
0.82198
1.0959
0.6431
0.88259
1.0161
0.67905
0.77076
0.68638
0.76113
1.0125
0.68937
1.0303
0.8979
1.0203
1.1021
0.49765
0.30652
0.53125
0.6411
0.66719
0.90531
0.78781
0.77989
0.45276
0.76016
0.88775
0.84968
0.7997
0.84596
0.8037
0.76594
0.88723
0.67335
0.89019
0.80338
1.0556
0.84897
0.70635
1.0946
0.79715
0.65212
0.72232
0.79419
0.8975
0.93241
0.93984
0.79263
0.77329
0.84662
0.89107
0.95094
0.39992
0.77006
0.78269
0.79692
0.74936
0.83284
0.59011
0.74402
0.52406
0.64574
0.62182
0.76367
0.91537
0.79536
0.62517
0.82769
0.82111
0.68575
0.72081
0.79605
0.78383
0.82678
0.92094
1.2945
0.9409
0.44105
0.59755
0.7208
0.79791
0.89508
0.66281
0.97569
0.92118
0.57886
0.48621
1.0699
0.91984
0.79746
0.84731
0.96632
0.97388
0.69612
0.72776
0.78378
0.83425
0.55829
0.70031
0.78131
0.68624
0.96114
0.98288
0.61888
0.86145
0.93877
0.57746
0.76574
0.68673
0.87295
0.85331
0.58538
0.85069
0.80126
0.74576
0.83153
0.70148
0.54982
0.8006
0.789
0.80873
0.88313
0.76927
0.71061
1.0506
0.87526
0.75863
0.93649
0.60741
0.81945
0.74856
0.95997
0.67343
0.70683
0.42471
0.9611
0.69694
0.64306
0.67263
0.63611
0.66834
0.83361
0.86484
0.78614
0.61547
0.85214
0.85631
0.51789
0.61577
0.78466
0.66908
1.0319
0.77429
0.8725
0.93583
1.0866
0.71684
0.83115
0.57486
0.72133
0.94417
0.97363
0.87934
0.97113
0.55491
0.8823
1.1141
0.86722
0.61318
0.34104
0.60419
0.72949
0.80681
0.53041
0.76474
0.7282
0.49053
0.48183
0.8306
0.74665
0.82726
1.1413
1.0454
0.67062
0.96797
0.97778
0.91582
0.66365
1.0843
0.79189
0.87006
0.87424
0.95713
0.63798
0.93133
0.69955
0.29549
0.98663
0.81702
0.35084
0.63757
0.85411
1.0003
0.80435
0.87956
0.9008
0.85313
0.58683
0.70168
0.76304
0.81975
0.80563
0.78713
0.95112
0.83603
0.3364
0.71636
0.9031
0.6858
0.91383
0.91083
1.0451
0.41349
0.70371
0.40491
0.91474
0.86053
0.66157
0.8169
0.81384
0.65401
0.81441
0.33342
0.65714
0.96823
0.80268
0.89002
0.91849
0.86723
1.0794
0.66484
0.84311
0.72406
0.55812
0.8463
0.54158
0.91828
0.9007
0.92214
0.57981
0.96511
0.86967
1.0131
0.63694
1.0017
0.96199
0.68409
0.80726
1.0504
0.49163
1.0466
0.71013
0.87001
0.95569
1.0206
0.67482
0.70654
0.7822
0.74932
0.84812
0.61527
0.97592
0.90682
0.62011
0.90186
0.82797
0.72358
0.69932
0.78465
0.98591
0.77074
0.77906
0.55798
0.76566
1.1755
0.45664
0.81224
0.85044
0.48407
0.9224
0.79263
0.82004
0.55708
0.62099
0.80669
0.68302
0.90365
0.77861
0.80009
0.79034
0.87305
0.58348
0.84289
1.0496
0.81602
0.85009
0.84143
0.89108
0.7464
0.6043
0.59897
0.90583
0.97857
0.7682
1.0311
0.81216
0.92054
0.78552
0.79735
0.90336
0.92411
0.59857
0.7985
0.99281
0.82556
0.82602
0.90476
1.0168
0.60019
0.53404
0.8819
0.58963
0.81373
0.58721
0.74189
0.65461
0.71984
0.81964
0.82157
0.90951
0.93973
0.95773
0.77039
0.84533
0.79282
0.96921
0.83803
0.85548
0.66386
0.59628
0.8262
0.54654
0.74658
0.63917
0.99096
0.97043
0.83836
0.68427
0.65241
0.83573
0.85329
0.77427
0.81363
0.95573
0.92834
0.75316
0.88489
1.0367
0.80515
0.53642
0.73742
0.46759
0.5109
0.7375
0.89185
0.76601
0.93844
0.84072
0.89129
0.5554
0.48537
0.99471
0.83162
0.97862
0.74405
0.88131
0.82658
0.77025
0.67966
0.7835
0.63047
0.66931
0.80078
0.75847
0.76924
0.68987
0.58505
0.75666
0.85473
0.53847
1.0052
0.67456
0.93519
0.81568
0.72442
0.96361
0.68601
0.82841
0.74312
0.90074
0.68449
0.79165
1.0025
0.88829
0.94612
0.82573
0.87469
0.91366
0.99939
1.0391
1.0918
0.7946
0.38201
0.74903
0.61144
0.98068
1.0417
0.71956
0.84144
0.46891
0.59242
0.55503
0.7337
0.80906
0.96335
0.8691
0.67453
0.68468
0.58622
0.83779
0.69087
0.83316
0.83898
0.83075
0.7309
0.67425
1.0663
0.85249
0.5901
0.84814
0.64261
0.75475
0.92548
0.9928
0.39183
0.86497
0.58306
0.66621
0.91583
0.56429
0.90794
0.6473
0.87871
0.85692
0.74101
0.58768
0.83782
0.841
0.86171
0.95975
0.54902
0.63226
0.77761
0.59327
1.0097
0.78367
0.82412
0.58065
0.96142
0.71487
0.80466
0.87125
0.96044
0.62187
0.81439
0.95121
0.90334
0.42674
0.966
0.92558
0.82856
0.44429
0.68531
0.64334
0.7702
0.84118
0.83131
0.79358
0.79831
0.709
0.7158
0.76739
0.82278
0.53138
0.79647
0.76242
0.65478
0.81202
1.0662
0.61199
0.93807
0.51752
0.93439
0.86692
1.015
0.80033
0.66633
0.92488
0.69897
0.55384
0.48426
0.90836
0.57653
0.94186
0.70332
0.66325
0.74579
0.8599
0.63265
0.76811
0.67429
0.92495
0.782
0.98919
0.89531
0.66949
0.92755
0.66699
0.97204
0.9437
0.55243
1.1049
0.54906
0.82313
0.99716
1.0243
0.89327
1.0083
0.78397
0.68474
0.72365
0.94058
0.4413
0.78285
0.91272
0.56001
0.8572
0.73529
0.67165
0.98489
0.6762
0.45182
0.925
0.74392
0.52567
0.92496
0.71113
0.84767
0.85291
0.77718
0.89466
0.62834
0.23745
0.75926
0.7588
0.87362
0.84282
0.98508
0.68589
0.63536
0.82344
1.0435
1.0555
0.62623
0.78981
1.0104
0.9578
0.99451
0.76138
0.67854
1.0034
0.62462
0.90983
0.88787
0.59968
0.69038
1.0092
0.77034
0.807
0.91359
0.83394
1.0303
0.88478
0.68756
0.82926
0.9099
0.9217
0.85493
0.57671
0.87046
0.71738
0.71726
0.61065
0.92258
0.6736
0.82818
0.79271
0.88087
0.51158
0.54147
0.9245
0.56026
0.65936
0.78628
1.0613
1.0683
0.86864
0.96643
0.88778
0.96957
1.18
0.76962
0.83443
0.69897
0.88532
0.52002
0.61741
0.96141
0.37974
1.0134
0.71309
1.0528
0.93208
0.72164
0.95052
0.76162
1.0353
0.55317
0.8557
0.93575
0.19683
1.03
0.61001
0.96355
1.008
0.9605
0.53842
1.0148
0.96763
0.81759
0.90808
0.9274
0.92435
0.94272
0.83298
0.78797
0.48073
0.38188
1.0008
0.89041
1.007
0.60706
0.55644
0.99465
0.65958
0.70964
0.50133
0.75127
0.29317
0.88311
0.89378
0.60725
1.0544
0.86213
0.8758
1.036
0.78708
0.91625
0.86924
0.73157
0.93613
0.76683
0.71872
0.879
1.0132
0.79737
0.89785
0.88665
0.70419
0.45427
0.59505
0.86438
0.78745
0.50497
0.77094
1.0862
0.70217
0.98913
0.78464
0.81917
0.58074
0.64667
0.53321
0.63102
1.0904
0.8463
0.5785
0.65762
1.0036
0.83878
0.7397
0.65489
0.70579
0.69134
0.75637
0.85621
0.85535
0.99385
0.57041
0.78115
0.52764
0.70623
0.70817
0.54363
0.89715
0.97807
0.82738
0.84863
1.0618
0.97304
0.86835
0.86195
0.74195
0.83789
0.97361
1.1354
1.0674
1.1023
0.77113
1.0251
0.66445
0.96134
0.99612
0.89403
0.65738
0.63186
0.69262
0.84129
0.76586
0.95599
1.0556
0.82511
0.85772
0.69567
0.76691
0.79762
0.97255
0.87135
0.62723
0.65378
0.64601
0.81156
0.85816
0.73115
0.62347
0.6501
0.58751
0.77283
0.75384
0.86832
0.95983
0.66781
0.88875
0.71164
0.62936
0.84463
0.55357
1.193
0.77516
0.69119
0.68843
0.8318
0.97823
0.91019
0.68355
0.52205
0.8452
0.7922
0.66773
0.89841
0.78078
0.82839
0.80842
0.97638
0.9071
0.98994
0.5018
0.65325
0.67525
0.99186
0.82815
0.72343
0.39024
0.83225
0.90175
0.84102
0.59709
1.015
1.0794
0.71807
0.52247
0.61696
0.44359
0.94114
0.86741
1.1485
0.86115
0.7233
0.35644
1.0216
0.89705
0.82602
0.73606
0.76049
0.72712
0.54471
0.40702
0.83558
0.65435
0.75716
0.91622
0.83895
1.0731
0.69486
0.79733
0.82386
1.0466
0.66888
0.90362
0.99074
0.81085
0.82181
0.70207
0.82554
0.84665
0.85538
0.88437
0.38168
0.73153
0.63392
0.43253
0.73857
0.63258
0.80562
1.0077
0.67778
0.62097
0.80133
0.68478
0.54501
0.88036
0.70742
0.36097
0.83431
0.43778
0.48856
0.67079
0.67315
0.70993
0.64733
0.72056
0.72761
0.74937
1.0439
0.82075
1.0225
0.89692
0.3826
0.56794
0.58501
0.91574
0.50603
0.91565
0.76729
0.96137
0.95112
0.98128
0.92185
0.81793
0.92271
1.0169
0.94451
0.98715
0.9467
0.79549
0.81105
0.83694
0.94049
0.9308
0.59234
0.89414
0.77204
0.82436
0.80035
0.72915
0.94667
1.1633
0.57964
0.95315
0.92253
0.71376
0.66313
0.58021
0.76553
0.87178
1.0055
0.64247
0.86325
0.44662
0.86455
0.51353
0.99196
0.65014
0.66471
0.73049
0.82814
1.0234
0.78678
0.79911
0.93245
0.74898
0.92552
0.84747
0.70691
0.88378
0.98833
0.90092
0.93925
0.8059
1.0596
0.55801
0.78062
0.78158
0.82961
0.97144
0.8728
0.94909
0.69273
0.95466
0.64092
0.69453
0.81738
1.0228
1.0459
0.93544
0.57306
0.62414
0.74251
0.68413
0.83561
1.0618
0.90546
0.98605
0.58649
0.81104
0.71823
0.96175
0.98748
0.91976
0.80549
0.97622
0.52925
0.79543
0.80943
0.79941
0.62478
0.69219
0.49477
0.71344
0.72524
0.59117
1.0014
0.86396
1.0398
0.78688
0.83631
1.0606
0.79364
0.97223
0.7861
0.82703
0.61677
0.81588
0.80042
0.80179
0.87016
0.77032
0.53746
0.71892
0.94617
0.45926
0.89131
0.89083
0.69886
0.49138
0.82368
1.0295
0.91616
0.74524
0.68394
0.69317
0.95675
0.67549
0.5316
0.74462
0.86056
0.81228
0.85027
0.8366
0.95131
1.0404
0.31638
0.71684
0.52088
0.608
0.7195
0.77118
0.7875
0.71286
0.57105
0.73643
0.50893
1.0169
0.64571
0.53277
0.55437
0.68446
0.48724
0.732
0.86439
1.114
0.97822
0.68023
0.93638
0.74484
0.9225
0.91856
0.57887
0.75777
0.89244
0.81719
0.81393
0.89366
0.87615
0.65706
0.90834
0.91243
0.75807
0.75914
0.95979
0.96769
1.0643
0.91263
0.71498
0.66877
0.92729
0.95076
0.3571
0.37982
0.94115
0.95521
0.93191
0.8371
0.73434
0.60829
0.75374
0.86259
0.85671
0.76358
1.0177
0.72178
0.80036
0.79133
0.82259
0.6916
1.1336
0.81394
0.4922
1.0911
0.85849
0.92286
0.50008
0.95685
0.81142
0.9557
0.42461
0.76466
0.83496
0.62615
1.1497
0.66258
0.83856
0.82704
0.78616
0.86521
0.82112
0.75536
0.65921
0.72516
0.12329
0.78137
0.71662
0.71425
0.8564
0.9017
0.88365
0.99442
0.34191
0.81978
0.71138
0.69174
0.8058
0.68642
0.94553
0.66683
0.76621
0.76636
0.69256
0.6537
0.84361
0.44346
0.88892
0.79421
0.77303
0.69232
0.9574
0.86455
1.006
0.85039
0.55322
0.53681
0.8864
1.0191
0.49512
0.78843
0.82368
0.74748
0.59949
0.79545
0.6009
0.79587
0.46108
0.53783
0.72448
0.50582
0.62922
0.93219
0.71604
0.79826
0.9207
0.71733
1.0685
0.51334
0.95949
0.77468
0.86007
0.55557
1.0738
0.5568
0.76856
0.78398
0.87852
0.72853
0.73999
1.0233
0.63444
0.72186
0.54119
0.59885
0.4826
0.72275
0.86979
0.72133
0.50579
0.5996
0.92499
0.94288
1.0267
0.80838
1.0082
0.83779
0.79465
0.5779
0.84505
0.59751
0.93854
0.7273
0.78725
0.629
0.69983
0.78825
0.96559
0.89386
0.7794
0.93196
0.4909
0.49772
0.81907
0.55526
1.0806
1.0175
0.67003
0.49792
1.003
1.0084
0.45661
0.80779
0.85202
0.45937
0.67669
0.85998
1.1422
0.90186
0.82517
1.0155
0.81425
0.79042
0.71934
0.96407
0.81794
0.88769
1.0112
1.1255
0.74712
0.76197
0.94267
0.8
0.676
1.0072
0.73636
1.1116
0.8943
0.66922
0.78595
0.77712
0.50469
0.82622
0.88817
0.85126
0.59072
1.1082
0.88611
0.77017
0.66056
0.84935
0.9433
0.84746
0.71703
0.71158
0.55052
0.74066
0.70491
0.79504
0.84352
0.92027
0.78414
0.50482
1.0039
0.75523
0.84303
0.73873
0.6262
0.64322
0.35808
0.80027
0.75953
0.65003
0.90533
1.0788
0.6772
0.88916
0.96775
0.83712
0.67622
0.65206
0.8766
0.82362
0.91671
0.91945
0.59622
0.63409
0.97314
0.63857
0.65699
0.78173
0.93278
0.72527
0.69454
0.80375
0.83904
0.51935
0.82417
0.66305
0.97233
0.98294
0.88627
0.81556
0.77529
0.91252
1.0746
0.86551
0.90704
0.71066
0.58289
0.58602
0.86292
0.98624
0.51295
0.80331
0.80222
0.79564
0.97196
0.61982
0.83747
0.67684
0.41802
0.60259
0.4935
0.73172
0.67623
0.76468
0.66158
0.6227
0.84817
0.608
0.8507
0.72825
0.57477
0.64809
0.47789
0.8606
0.78588
0.54747
0.64313
0.6603
0.8547
0.61227
0.89795
0.87557
0.50127
0.89614
0.63728
0.89831
0.75123
1.0207
0.67508
1.0716
0.63003
0.78068
0.92447
0.64958
0.70799
0.81702
0.7221
0.93844
0.63406
0.59207
0.67007
0.71956
1.0275
0.53249
0.81548
0.61464
1.0418
0.6633
0.71392
0.42648
1.0014
0.8564
0.99041
0.54242
0.78356
0.80593
0.5086
0.57517
0.8381
0.81758
1.0233
1.0921
0.52528
0.61968
0.78212
0.72402
0.86861
0.88188
0.8473
1.0015
0.87997
0.70778
0.5733
0.65979
1.2322
1.0292
0.93394
0.67841
0.70285
0.85926
0.77086
0.81429
0.72849
0.95966
0.90716
0.72272
0.53256
0.8774
0.7465
0.88277
0.85935
0.60285
0.9517
0.62258
0.74186
0.54551
0.92422
1.035
0.71975
0.94325
1.0559
0.72606
0.73175
0.64456
0.56642
0.84971
0.82759
1.0094
0.59379
0.69205
1.1926
0.75082
0.94531
0.91017
0.90967
0.63457
0.86962
0.7837
0.83269
0.91348
0.50184
0.71052
0.75532
0.85899
0.82472
0.67769
0.71208
0.70873
0.6672
0.91107
0.94345
0.79379
0.78252
0.6917
0.88315
0.72852
0.71665
0.90788
0.84642
0.61811
0.66755
0.84308
0.868
0.71258
0.724
0.57756
0.89062
0.95071
0.97198
1.0207
0.64198
0.67358
0.81862
0.84163
0.3138
0.59346
0.99087
0.97582
0.92197
0.39913
0.96062
0.77238
0.56051
0.85287
0.82446
0.89785
0.44708
0.90974
0.90252
0.99007
0.71686
0.85515
0.8755
0.84327
0.86729
0.71351
0.29773
0.9631
0.5456
0.95008
0.75334
0.76307
0.82401
0.97456
0.80712
0.44765
0.70092
0.76311
0.53331
1.0525
0.85067
0.79956
0.89779
0.89408
1.0377
0.73767
0.92646
0.89781
0.8668
0.92016
0.93497
0.85797
1.0175
0.65225
0.81428
0.71499
0.64837
0.92594
0.98819
0.39421
0.59517
0.63085
0.84678
0.78524
0.45429
0.75321
1.168
0.75502
0.84065
0.88979
1.0299
0.81036
0.85799
0.85296
0.99288
0.99345
0.67735
0.83253
0.84195
0.94871
0.82041
0.87673
1.0325
0.7817
0.63167
1.025
0.90898
0.82835
0.64621
0.8801
1.0083
0.72621
0.73613
0.75945
0.8499
0.95676
0.78906
1.087
0.46302
0.9378
0.99492
0.84202
0.99754
0.72698
0.76509
0.91494
0.89538
0.64041
0.68786
0.75477
0.42217
0.94554
0.73871
0.63731
0.77261
0.98129
0.82071
0.7955
0.74202
0.89688
0.82018
0.63403
0.93326
0.91938
0.90467
0.76069
0.71345
1.0095
0.75502
0.78427
0.55278
0.4145
0.97922
0.94975
0.75606
0.67435
0.8005
0.80582
0.76134
0.75671
0.81138
0.64984
0.75482
0.69657
0.91748
0.32218
0.74347
0.72304
0.79017
0.81101
0.72863
0.68196
0.55214
0.82576
0.96031
0.77536
0.97539
0.92497
0.73962
0.6441
0.66743
0.90255
0.83725
1.069
0.79422
0.60993
0.77855
0.72438
0.63655
0.86898
0.60411
0.60157
0.53482
0.84095
0.82256
0.83873
0.84466
0.84285
0.84357
0.78178
0.5961
0.86595
0.95242
0.74461
0.90751
0.51156
0.76357
0.85977
0.93028
0.79253
0.52758
0.94252
0.64425
0.87179
0.59749
0.96054
0.91573
1.0395
0.67838
0.82042
0.55262
1.2515
0.57565
0.97253
0.47261
0.86221
0.54352
0.47718
0.76085
0.98066
0.70035
0.74032
1.0075
0.65177
0.95152
0.74517
0.96371
0.94178
0.63198
0.83059
0.75
0.82593
0.86281
0.46835
0.80771
0.70846
0.56468
0.45284
0.54572
1.0044
0.85979
0.49455
0.63875
0.62522
0.82282
0.96423
0.84009
0.96785
0.72666
0.95459
0.74896
0.96353
0.87453
0.81307
0.74145
0.40164
1.0294
0.88664
0.92229
1.0076
0.6397
0.95833
0.60441
0.42515
0.85172
0.77085
0.67927
0.33401
0.92942
0.90607
0.58322
0.76921
0.83895
0.77537
0.79997
0.62856
0.9763
0.92054
0.49669
0.66432
0.87837
0.61111
0.92442
0.84935
0.75158
0.96589
0.70475
0.90114
0.74194
0.83414
1.0372
0.82607
0.71916
0.76039
0.91221
0.97795
0.6868
0.65652
0.85641
0.90688
0.49008
0.74014
0.66752
0.9883
0.77042
0.88274
0.38615
0.94023
0.44031
0.46766
0.80415
0.83273
1.0015
0.86447
0.68072
0.90884
0.77644
0.66504
0.81106
0.94037
0.74431
0.61864
0.71115
0.89543
0.59741
0.65122
0.74057
0.67066
0.90726
0.75772
0.86859
0.77577
0.81096
0.74279
0.8689
0.80479
0.72743
0.8341
0.56974
1.0762
0.90177
0.95898
0.90527
1.0532
0.82524
0.69672
0.86632
0.90153
0.81831
0.7843
0.9081
0.85644
0.80637
0.92213
0.9519
0.53565
0.76123
1.0103
0.38797
0.83371
0.48961
0.81091
0.49769
0.71018
0.95538
0.86293
0.86966
1.04
0.54986
0.64458
0.80765
0.83948
0.67653
0.84521
0.87901
0.66833
0.73837
0.70463
0.91139
0.85144
0.86906
0.81325
0.77983
0.47903
0.66703
1.0003
0.91512
1.0237
0.88734
0.84065
0.77676
0.87159
1.0517
0.95069
0.66383
0.93934
0.87026
0.96531
0.7268
0.76955
1.0055
0.66712
1.0099
1.0418
0.61547
0.89787
0.7066
0.53345
0.5653
0.84157
1.0605
0.74825
0.91361
0.52176
0.68827
0.83176
0.716
1.0192
0.8303
0.79491
0.82739
0.85011
0.6887
0.75963
0.95176
0.76311
1.0296
0.72348
0.67305
0.52827
0.87926
0.60435
1.036
0.55129
0.96506
0.79866
0.87158
0.8013
0.70669
0.71473
0.99552
0.52487
0.55141
0.82973
0.67832
1.0014
0.78988
0.7464
0.50351
0.84011
0.65656
0.87882
0.78223
0.69072
0.82677
0.85545
0.60323
0.76741
0.88134
0.61882
0.90404
0.72563
0.77486
0.60692
0.76959
0.65039
0.7126
0.81201
0.72118
0.81938
0.82477
0.87987
0.62656
0.59079
0.8522
0.33508
0.57083
0.88798
0.66903
0.83648
1.0211
0.93301
0.8067
0.95471
0.82257
1.025
0.79832
0.69922
0.56441
1.0808
0.57179
0.61626
1.1036
0.93408
0.63622
0.7775
0.8168
0.67452
0.90417
0.96781
0.7206
0.68132
0.91642
0.77691
0.8725
0.82189
0.53591
0.9115
0.97931
0.87085
0.79365
0.73825
1.0626
0.80857
0.84882
0.44586
0.78039
0.59364
1.1154
0.59378
0.71618
0.79653
0.94947
1.083
0.8904
0.75837
0.96302
0.96558
0.65276
0.8378
0.75711
0.78563
0.79444
0.71867
0.81661
0.48878
0.94128
0.46153
0.99188
1.0656
0.8918
0.67008
0.58923
1.0442
0.53224
0.8566
0.76147
1.1801
1.0139
0.9925
0.94308
1.1106
0.56944
0.69846
0.97366
0.73896
0.80487
0.94503
0.64676
0.66285
0.83967
0.95876
0.90706
0.99446
0.70094
0.77542
0.95799
0.87932
0.63288
0.52506
0.76005
0.77438
0.55091
0.61663
0.98902
0.8625
0.70421
0.54623
0.68325
0.59939
0.87829
0.36233
0.83166
0.9913
0.78436
0.80187
0.68618
0.72871
0.82879
0.79642
0.80139
0.90664
0.80569
0.76374
0.6557
0.86023
0.9667
1.0413
1.1982
0.95985
0.75492
0.72211
0.81932
0.81369
0.60213
1.0055
0.51818
0.67545
0.55171
0.63892
0.82536
0.73991
0.89187
0.6889
0.59957
0.88119
0.54083
0.64173
0.66933
0.96473
0.85029
0.86132
0.73652
0.82722
0.72818
1.0153
1.1446
0.83789
0.87692
0.40391
0.86014
0.90839
0.69987
0.82054
1.1073
1.0879
0.65864
0.96459
0.73551
0.78021
1.1292
0.84231
0.66181
0.52181
0.88422
0.64254
0.74314
0.82841
1.1263
0.82545
0.74598
1.2091
1.0546
0.82008
0.77702
0.84394
0.49161
0.62332
0.85779
0.95937
0.94701
1.0131
0.81052
0.90741
0.66065
0.56405
0.55045
1.1165
0.9984
1.0095
0.53865
0.98076
0.68465
0.85752
0.84253
0.86443
0.78293
0.83077
0.65906
0.88785
0.51641
0.65794
0.8942
0.84151
0.84595
0.77154
0.52135
0.74923
0.66939
0.4693
0.76238
0.54453
0.79459
0.48329
0.75459
0.64291
0.72352
0.84426
0.65802
0.88515
0.47438
0.93462
0.96284
0.53064
0.78886
0.73766
0.83268
0.66111
0.79169
1.1435
0.95775
1.0202
0.91589
0.76096
0.63777
0.8873
0.85397
0.8399
0.91516
0.74552
0.56418
0.19032
0.92731
0.82349
0.53809
1.0044
0.96726
1.1703
0.67501
1.0362
0.87426
0.99397
0.90757
0.72953
0.89791
0.94519
0.57598
0.6682
0.55166
0.84756
1.0075
0.67193
0.65873
0.82821
0.77029
0.5172
0.69352
0.78395
0.58569
0.58745
0.73692
1.0209
0.95715
0.71901
0.56878
0.7977
0.55871
0.96953
0.98349
0.70295
0.85162
0.86016
1.0579
0.94878
1.04
0.78354
0.71372
0.93596
0.71337
0.60745
0.61459
0.83035
0.69669
0.86114
0.76637
0.57057
0.81828
0.72402
0.78748
0.95135
0.90807
0.90174
0.5878
0.7374
0.52745
0.64613
0.81481
0.85944
0.69553
1.0181
0.90639
1.0699
0.5392
0.5302
0.56285
0.81877
0.88088
0.7003
0.78153
0.88685
0.91505
0.99503
0.64218
0.91062
0.83357
0.64493
0.84067
0.71217
0.64418
0.72417
1.0654
0.50974
0.964
0.91997
0.81718
0.79149
0.78867
0.89576
0.77433
0.96716
0.8914
0.68527
0.95802
0.81768
0.94736
0.9631
0.3081
0.69849
0.63343
0.6921
0.57309
0.82265
0.90068
0.5426
0.83612
0.70807
0.79662
0.71433
0.95272
0.80675
0.62272
0.78006
0.68868
0.97679
0.72951
0.76913
1.024
0.57478
0.70935
0.89816
0.60895
0.91987
1.0003
0.97003
0.66624
0.80889
0.77143
0.773
0.89933
0.9884
0.97498
0.92202
0.76898
1.074
0.8949
0.74407
0.75926
0.92615
0.86123
0.91146
0.87635
0.88725
0.79134
0.76663
0.78445
0.9246
0.758
0.43074
0.35026
0.63065
0.89609
0.89187
0.84283
0.51108
1.0225
0.87425
0.95729
0.92481
0.58436
0.85909
0.46432
0.91139
0.36099
0.71059
0.65865
0.96577
0.67708
0.39749
0.62562
0.83508
0.77958
0.62807
0.89106
0.67068
0.71993
0.99201
1.0165
0.85421
0.67957
0.73249
0.68922
0.68501
0.99187
0.58152
0.5863
0.51867
1.0985
0.93856
0.73242
0.89076
0.77494
0.73221
0.71906
0.80322
0.71342
0.78317
0.73454
0.6766
0.69699
0.90144
0.75327
0.69666
0.8616
0.87526
0.85932
0.80792
0.7184
0.6851
0.90652
0.75818
0.71589
0.93815
0.66293
0.84407
0.8827
0.84714
0.5178
0.98166
0.67798
0.54773
0.98868
0.75279
1.0355
0.87831
0.61013
0.90094
0.97083
0.38727
0.7927
0.78277
0.77923
0.93373
0.53801
0.56338
0.50619
0.50368
0.8462
0.71483
0.89942
0.88912
0.65227
0.85095
0.77524
1.0316
0.58963
0.65554
0.55209
1.0803
0.81605
0.42555
0.76678
0.77469
0.78378
0.72791
0.54599
0.8122
0.69824
0.54842
0.87542
0.58228
0.85101
0.70186
0.71645
0.76206
1.0268
1.041
0.93869
0.76413
0.66435
0.71024
0.67915
0.95891
0.54039
0.56398
0.52867
0.53223
0.80459
1.0393
0.92035
0.82409
1.1348
0.73782
0.6925
0.9575
0.78195
0.74134
0.69441
0.88693
0.85914
1.0337
1.0888
0.78172
0.94762
1.0079
0.77074
0.77731
0.90043
0.57228
0.88305
0.91065
1.0123
1.093
0.49511
1.0193
0.59281
1.0195
0.58254
0.80848
0.79521
0.89845
0.7826
0.97037
1.0519
0.801
0.96131
0.74354
0.48866
0.82179
0.44992
1.0806
0.90161
0.94548
0.8012
0.70815
0.87666
0.73023
0.62784
0.63229
0.81884
0.94373
0.75793
0.89386
0.80889
0.45872
0.672
0.84183
0.80635
0.98834
0.76865
0.76287
0.54554
0.87746
0.65975
0.95287
0.3708
0.58192
0.65646
0.84857
0.66314
0.74799
1.0095
1.0326
0.73397
0.56925
1.0833
0.73572
0.59979
0.83282
0.79292
0.86412
1.0015
0.86997
0.77276
0.40121
0.79483
1.0075
0.90229
0.91398
0.77163
0.85416
0.60782
1.0316
0.81765
0.89061
0.62844
0.67683
1.0219
0.85435
0.90009
0.44605
0.90312
0.69074
0.79616
0.86726
0.79348
0.62009
0.76166
0.79549
0.73421
0.92203
0.30234
0.6183
0.97474
0.93461
0.89623
0.57969
0.59171
0.78176
0.78164
0.7
0.8464
0.63398
0.80305
0.82752
0.74681
0.90663
0.63861
0.87242
1.115
0.57282
0.61938
0.65069
1.0084
0.93147
0.69501
0.72716
0.70779
0.86262
0.9983
0.41162
0.81766
0.81776
1.0314
0.86963
1.0017
0.55912
0.6749
0.94253
0.80835
0.9693
0.76304
0.42229
0.71698
0.8154
0.36316
0.98551
0.90082
0.70365
0.81784
0.52014
1.2191
0.93401
0.85001
0.76337
0.62137
0.98381
0.85738
0.7679
0.72611
0.72957
0.95906
0.42493
0.80865
0.64131
0.67315
0.57904
0.54527
0.96056
1.0191
0.88462
0.76171
0.71331
0.86163
0.69716
0.681
0.83723
0.8124
0.92162
0.73425
0.87399
1.0041
0.79707
1.0861
0.91975
0.25661
0.90709
0.99384
0.97267
0.23179
0.61137
0.9921
0.83191
0.78786
0.87046
0.9682
0.44223
0.6977
0.93858
0.51203
1.005
0.88764
0.91115
0.86112
0.93583
0.62366
0.89649
0.84677
0.90859
0.9008
0.44435
0.88218
0.92468
0.94998
0.96309
0.89818
0.83566
1.0132
0.69911
0.97484
0.43731
0.62908
0.85776
0.71728
0.85274
0.78186
0.6092
0.80361
0.71804
0.75286
0.68021
0.8503
0.93707
1.0007
0.79994
0.71442
0.41503
0.95161
0.77385
0.60976
0.8524
0.77361
0.91167
0.80853
0.80189
0.83308
0.84716
0.77121
0.91521
0.63071
1.0769
0.5331
0.77831
0.83121
0.9199
0.81464
0.61409
0.90459
0.44375
0.69989
1.0185
0.87878
0.58845
0.61732
0.87699
1.0752
0.85449
0.45692
0.39628
0.74784
0.84346
0.6457
0.49906
0.85081
0.91679
0.74173
0.88101
0.92882
0.78792
0.65207
0.96817
0.7873
0.89511
0.28661
0.76273
0.68016
0.86666
0.84453
0.57589
0.81452
0.60902
0.72905
0.94047
0.905
0.93947
1.0342
0.96321
0.94201
0.95313
0.84888
0.52966
0.88363
0.87144
0.5932
0.78829
0.69063
0.78086
0.88762
0.88751
0.74342
0.82183
0.74584
0.80878
0.86811
0.86821
1.1668
1.0279
0.77211
0.66444
0.80183
0.6964
0.84718
0.8078
0.53228
0.79967
0.66328
0.86372
0.72689
0.69261
0.98253
0.6126
0.84812
0.47176
0.76696
1.0888
0.71174
0.5569
1.0096
0.6731
1.0299
0.79583
0.99019
1.0419
0.85918
0.8119
0.894
0.78051
1.026
0.83167
0.8973
0.77513
0.77899
0.91936
1.0872
0.89689
0.89792
0.71094
0.83396
0.51431
0.92856
1.1049
0.72055
0.81881
0.76438
1.0696
0.86092
0.7767
1.0932
1.0583
0.81
0.93496
0.52941
0.86259
0.55341
0.67947
0.85637
0.48726
0.75805
0.91307
0.66957
0.88454
0.81976
0.87643
0.68111
0.7757
0.85446
0.8478
0.58643
0.77335
0.71921
0.63782
0.54142
0.80718
0.9559
0.98482
0.7751
0.92767
1.0413
0.99677
0.80958
0.72384
1.0088
0.87618
0.82928
0.92536
0.80162
0.99588
0.55857
0.86858
0.97202
0.94237
0.86089
0.78774
0.93929
0.71159
0.74142
0.92151
0.77168
0.39433
0.98569
0.59466
0.84068
0.6132
0.9111
0.94048
1.0635
0.79493
0.66542
0.7717
0.82496
0.89997
0.67425
0.74108
0.79574
0.54066
1.1066
0.69237
0.5965
0.9495
0.93289
0.55872
0.76581
0.89033
0.483
0.85011
0.99081
0.63209
0.72201
0.81276
0.73287
0.79015
0.83503
0.71455
0.94323
0.58361
0.6434
1.0286
0.549
0.91455
0.82707
0.83234
1.0086
0.93247
1.0025
0.75998
0.92661
0.82447
0.56784
0.59976
0.9317
0.75317
0.61865
0.73447
0.91157
0.45861
0.9577
0.87246
0.74075
0.39909
0.89606
0.70162
0.69821
0.9367
0.65954
0.8986
0.99835
0.76253
0.69618
0.61538
1.0359
0.78625
0.91771
0.80555
0.85787
0.5781
1.031
0.73898
1.0225
0.75503
0.83563
0.66249
0.89861
0.91162
0.92151
0.7572
0.85938
0.87179
0.80677
0.93474
0.70889
0.70286
0.86784
0.86238
0.75462
0.87358
0.6953
0.62003
0.79507
0.70527
0.61482
0.82298
0.45765
0.87582
0.7861
1.1069
0.66245
0.97744
0.72931
0.81131
0.63567
0.79293
0.97523
0.58759
1.1335
0.61643
0.825
0.92563
0.83476
0.89178
0.62204
0.72893
0.80361
0.9685
0.87108
0.53475
0.7936
0.9779
0.96993
0.877
0.96941
0.6659
0.69038
0.50178
0.76907
0.98643
0.82
0.84792
0.85317
0.85693
0.71057
0.59433
0.84909
0.81697
0.84768
0.70892
0.50944
0.89452
0.7171
0.8794
0.89578
0.85261
0.86686
0.89278
1.0071
0.91897
0.76363
0.83161
0.70602
0.55413
0.6249
0.98765
0.95422
0.86959
0.94938
0.79478
0.67096
0.77334
0.81058
1.0149
0.74253
0.48122
0.72979
0.78629
1.1109
0.96033
0.90177
1.1106
0.92358
0.85619
0.7124
0.94455
1.0191
0.78399
0.72905
0.61886
0.64765
0.731
0.39309
1.0021
0.72682
0.85178
0.93335
0.65531
0.83127
0.56227
0.84968
0.91712
0.80039
0.91011
0.93492
0.79486
0.86488
0.76877
0.59355
0.64335
0.90243
0.44705
0.65215
1.2111
1.0998
1.0002
0.76815
0.73153
0.65279
0.63605
0.81801
0.86018
0.44735
0.69901
0.96071
1.0216
0.69592
0.7239
0.95783
0.60838
0.63346
0.83155
0.57759
0.91259
0.78911
0.71636
0.45518
0.87541
0.7834
0.5368
1.0343
0.65286
0.77259
0.92908
0.9061
0.57448
0.97118
1.1265
0.73668
0.64475
0.63181
0.61479
0.755
0.94267
0.99534
0.56605
0.8667
0.87551
0.80754
0.78197
0.77758
0.5419
0.83341
1.0449
0.96973
0.95218
0.70949
0.8545
0.87233
0.64803
0.64064
0.98842
0.6276
0.87162
0.8013
0.69866
0.68427
0.76645
0.80638
0.91965
0.48658
1.0075
0.92043
0.55299
0.77903
0.80527
0.81407
0.84224
0.90153
0.94932
0.50832
0.68359
0.87894
0.89482
0.84731
0.83064
1.0703
0.8803
0.73604
0.40486
1.0456
0.59489
0.9618
0.91758
0.74679
0.63487
0.72525
0.70719
0.60172
0.53819
0.79247
0.24475
0.7548
0.85423
0.91662
0.60932
0.90634
0.73212
0.66695
0.49883
0.8501
0.75596
0.54965
0.97801
0.96004
0.73461
0.67636
0.90405
0.75282
0.78985
0.995
0.86485
0.55611
0.75661
0.76518
0.90643
0.79977
0.26291
0.84458
0.86073
0.49166
0.87079
0.67305
0.78437
0.69866
0.75623
0.89328
0.82124
0.82619
0.88768
0.54461
0.85664
0.88623
0.7802
0.78831
0.80986
0.50636
0.74516
0.41419
0.95432
0.90631
0.9449
0.71668
0.98303
0.72578
0.98524
0.85208
0.67393
0.50752
0.42268
0.69257
0.49915
0.69539
0.94223
0.89038
0.94714
0.55448
0.66421
0.49282
0.62801
0.74029
0.86477
0.88594
0.94937
0.75093
0.69336
0.52642
0.79606
0.95113
0.74757
0.74845
0.8179
0.9673
0.94025
0.63603
0.61707
0.76795
0.89817
0.80614
0.79632
0.92083
0.9682
0.93864
0.96453
0.6056
0.72851
0.90927
0.69135
0.86851
0.70536
1.0895
0.79785
0.73547
0.87263
0.61946
0.78841
0.69151
0.93507
0.51296
0.93885
0.91704
1.0606
0.62184
0.69421
0.86024
0.75273
0.88141
0.66182
0.39249
0.7138
0.41023
0.6572
0.8931
0.78403
0.86272
0.69075
0.46605
0.67899
0.4335
0.57892
0.82606
0.86867
0.58154
0.93236
0.50281
0.91213
0.79788
0.71758
0.77129
0.92716
0.66295
0.5441
0.54696
0.85014
0.8175
0.71192
0.67322
0.63106
0.86241
0.89982
0.68402
0.83258
0.78234
0.79386
0.89591
0.85161
0.80199
0.64146
0.92401
1.2292
0.62016
1.2044
0.66429
0.34246
0.59797
0.98586
0.68174
0.73384
0.64112
0.83212
0.54368
0.87077
0.68903
0.97778
0.81864
0.98191
0.91375
0.71553
1.0863
0.88744
0.7975
0.83661
0.76768
0.83075
0.61371
0.49627
0.8645
0.90787
0.73844
0.51489
1.0693
0.45979
0.75673
0.97198
0.77605
0.95222
0.69305
0.85061
0.91348
0.77383
0.83398
0.85866
0.68637
0.65579
0.80546
0.88098
0.77016
0.75807
0.8406
0.937
0.80608
0.79061
0.88056
0.5189
1.0103
0.61964
0.71175
0.63321
0.87127
0.33692
0.63121
0.55647
0.88685
0.64837
0.66822
0.75051
0.72967
0.40746
0.91298
0.67405
0.97342
0.73509
0.87993
0.63399
1.0591
0.52912
1.0036
0.77323
1.0251
0.65159
0.73082
0.94271
0.52515
1.0618
0.70031
1.0318
0.84836
0.95012
0.71673
0.84773
0.99374
0.70718
0.86462
0.88693
0.86082
1.0268
0.69052
0.88256
0.74035
1.0773
0.88301
0.68952
0.6934
0.85623
0.94499
0.88318
0.69807
0.60197
0.85603
0.37737
0.70397
0.87519
1.0593
0.88146
0.91245
0.80182
0.81418
0.79041
0.80903
0.70789
0.82223
0.81455
0.83896
0.96496
0.72231
0.76572
0.76507
0.64635
0.98997
0.88436
1.1509
0.82152
0.85277
0.46783
0.59538
0.96411
0.65583
1.0146
0.82611
0.67916
0.78671
0.46258
0.85052
0.94217
0.59894
0.6235
0.59546
0.89613
0.59353
0.71989
0.83328
0.36074
0.72439
0.80219
0.86267
0.91816
0.75243
0.74991
0.83736
0.6308
0.61525
0.68958
0.8262
0.61703
0.58391
0.88498
0.86918
0.67241
0.88494
1.0406
0.74214
0.71314
0.44941
1.0332
0.73716
0.27527
0.72273
0.77088
0.69064
0.71072
0.79491
0.82379
0.99243
0.88561
0.58755
0.57732
0.78278
1.072
0.42513
0.88467
0.55894
0.94129
0.9079
0.92973
0.65602
1.0063
0.7659
0.58936
1.0377
0.93684
0.93335
1.0038
0.73714
0.77106
0.95332
0.93395
0.61386
0.69369
0.72819
0.5478
0.82355
0.59024
0.56778
0.94435
0.7108
0.68029
0.55688
0.76108
0.73144
0.61838
0.73723
1.0052
0.89138
0.63214
0.74735
0.91124
0.84113
0.65001
0.76443
0.76966
0.78842
0.75622
0.66748
0.40914
0.66913
0.78989
1.0136
0.82816
0.91746
0.93136
0.70765
0.6896
0.58395
0.87489
0.58878
0.84737
0.78069
0.84224
0.70281
0.90928
0.90879
0.82137
0.72089
0.71059
0.93374
0.60781
1.0202
0.63217
0.99301
0.75766
0.8269
0.53441
0.89142
0.69681
0.84536
0.91857
1.0316
0.83797
0.58358
0.85065
0.91462
0.8532
0.92784
0.67474
0.72534
0.95489
0.48892
0.98531
0.97268
0.55713
0.75095
0.96502
0.67984
0.67104
0.71151
0.74831
0.89632
0.59049
0.91701
0.66816
0.64406
0.69859
0.9057
0.94319
0.58089
0.49646
0.4856
0.82028
0.7708
0.92289
1.0193
0.82747
0.89954
0.696
0.88309
0.61171
0.57193
0.69584
0.76395
0.86941
0.56247
0.64939
0.73604
0.87907
0.71901
0.40426
0.34526
0.79989
0.60197
0.60541
0.87876
1.024
0.61593
0.96525
0.54565
0.87282
0.69543
0.90799
0.74535
0.76277
0.6163
0.9339
0.57684
0.90482
0.64725
0.88453
0.85488
1.0102
0.40939
0.68616
0.64506
1.0837
0.86236
0.93188
0.955
0.90147
0.75497
1.1435
0.8009
0.75504
0.79072
0.73365
0.58236
0.73479
0.77391
0.89978
0.79615
0.53242
0.98246
0.51984
1.0192
0.76987
0.82965
0.86264
0.38749
0.53685
0.88813
0.47966
0.85282
0.61694
1.0122
0.63285
0.59075
0.70429
0.78204
0.69112
0.81606
0.68008
0.87603
0.51943
0.88817
0.7498
0.68492
0.7484
0.85567
0.70152
0.80616
0.74846
0.83818
1.027
0.70404
0.49257
0.7741
0.93523
0.60311
0.75944
1.0641
0.32997
0.59495
0.54009
0.55927
0.81937
0.91581
0.65945
0.74523
0.70993
0.93012
0.89706
0.9145
0.88042
0.71513
0.78736
0.7803
0.93183
1.026
0.73143
0.55215
0.68842
0.93809
0.80044
0.52853
0.87648
0.81477
0.93389
0.82042
0.77137
0.60224
0.97695
0.91897
0.5818
0.83563
0.98845
0.82453
0.77927
0.74368
0.85589
0.9047
0.95063
0.9032
0.73168
0.88648
0.92761
0.56818
0.7299
0.73198
0.57817
0.88107
0.81994
0.76876
0.57999
0.78653
0.56996
1.0158
0.85632
0.8589
0.68788
0.87573
0.75531
0.93213
0.86252
1.124
0.58094
0.65579
0.97703
1.0509
0.78189
0.78677
0.91052
0.56582
1.0872
0.49971
0.50094
0.75275
0.95257
0.83435
0.85058
0.84987
0.92318
0.83379
0.78265
0.93918
0.69331
0.5354
0.74139
0.38759
0.67554
0.83135
0.3758
0.88884
0.90117
0.5263
0.32141
0.54094
0.81953
1.0915
0.58465
0.6361
0.71193
0.71213
1.1112
0.50739
0.62732
0.86216
0.5616
0.44108
0.93035
0.66003
0.8493
0.97726
0.67021
0.84678
0.70532
0.92657
0.5567
1.0225
0.60754
0.92155
0.83684
0.7667
0.81311
0.85768
1.0189
0.90407
0.85929
0.32595
0.79204
1.0746
0.92516
0.92008
0.66332
0.7559
0.93252
0.64813
0.87387
0.82578
1.0284
0.93434
0.81807
0.98202
0.73121
0.76219
1.0301
0.87554
0.7967
0.80577
0.78448
0.70341
0.61263
0.94432
0.94439
0.70814
0.75369
0.66279
1.0201
0.90275
0.9405
0.83993
1.1012
0.93749
0.57757
0.75807
0.81821
0.66536
0.66148
0.83813
0.92201
0.75595
0.91952
0.9685
0.75537
0.86071
0.90126
0.72752
0.87081
0.56467
0.97327
0.53458
0.54075
1.1388
0.62887
0.81047
0.95184
0.71266
0.8565
1.0308
0.60329
0.54319
0.74372
0.76138
0.484
0.83515
0.74028
0.77207
0.97488
0.55343
0.72651
1.0113
0.71909
1.0344
0.55567
0.49122
0.77612
0.87584
0.82594
0.98072
1.0303
0.5247
0.77898
0.81955
0.9752
0.85083
0.90731
0.93655
0.76998
0.98325
0.84587
0.82917
1.0081
0.6655
0.72145
0.25805
0.8929
0.71624
0.97263
0.94929
1.0867
0.80518
0.51907
0.87181
0.78685
0.92752
0.82829
1.1052
0.85347
0.6976
0.89376
0.6946
0.85092
0.73071
0.80109
0.68507
0.95175
0.53547
0.70694
0.78418
0.35381
0.91963
1.0199
0.59867
0.99886
0.80601
0.78985
0.78558
0.83893
0.87899
0.87464
0.99422
0.87459
0.96665
0.87886
0.99368
0.74414
0.83237
0.3933
1.301
0.47615
0.76863
0.77285
0.81235
0.8002
0.73236
0.717
0.92712
0.7578
0.65939
0.93575
1.075
0.66359
0.74413
0.87448
1.0957
0.94101
0.79482
0.93684
0.6154
0.81804
0.52799
0.65406
0.54137
0.71589
0.51302
0.68154
0.58408
0.85907
0.95952
0.49292
1.0554
0.77958
0.74727
0.57942
0.56328
0.73656
0.71618
1.0904
1.1231
0.88433
0.9022
0.85593
0.91155
0.70511
0.53747
0.60055
0.56508
0.72249
0.78374
0.63517
1.0331
0.71383
0.80934
0.82261
0.97234
0.65734
0.90081
0.93895
0.81752
0.53977
0.7269
0.91482
0.86394
0.65114
0.58612
0.80416
0.92447
0.91763
0.82649
0.98442
0.77531
0.70833
0.9249
0.75737
0.86928
0.996
1.016
0.73395
0.92666
1.0402
1.002
0.78577
0.8573
0.92532
0.60692
0.69266
0.87491
0.54594
0.92121
0.85076
0.54027
0.86619
0.9421
0.947
0.57212
0.9331
0.96124
0.93796
0.71674
0.4049
0.51225
0.81898
0.63463
0.52879
0.73571
0.90888
0.78121
0.72388
0.35304
0.53254
0.76746
1.0414
0.79749
0.74586
0.77242
0.3678
0.72021
0.89944
0.72295
0.92926
0.6464
0.73153
0.64191
1.1128
0.61254
0.60722
0.78938
0.68326
0.84924
0.81819
0.95256
0.62272
1.0492
1.0987
0.80749
0.90388
0.99459
0.93305
0.70327
1.0377
0.84661
1.0107
0.91815
0.83621
0.88934
0.47601
0.91066
0.68441
0.64115
1.0128
1.1345
0.64416
0.82015
0.87533
0.68671
0.9696
0.69896
0.53047
1.0523
0.67216
0.72359
0.93549
0.85148
0.85732
0.61949
0.97103
0.85872
0.27299
0.34137
0.87679
0.8883
0.87531
0.5884
0.95778
0.90236
0.73008
0.62119
0.79441
0.59048
0.76845
0.7223
0.67799
0.92267
0.84789
0.8261
0.72245
0.92622
0.85246
0.86884
0.73582
1.1283
0.86006
0.63368
0.6652
1.214
0.7375
0.50517
0.70684
0.69949
0.89618
0.78674
1.0786
0.65327
1.0046
0.63401
0.68918
0.70609
0.87004
0.80541
1.0193
0.70498
0.68721
0.82175
0.44215
0.98354
0.57089
0.92531
0.6755
0.60532
0.86329
0.93728
0.64637
0.77128
0.8331
0.99191
0.17327
0.81281
0.64274
1.0384
0.80725
0.83284
0.87823
0.62155
0.94232
0.76137
0.78967
0.78007
0.80382
0.53401
0.60645
0.73661
0.57757
0.59578
0.7729
0.65926
0.49727
0.50398
0.34464
0.75349
0.36939
0.95893
0.7445
0.85313
0.86582
0.94352
0.94091
1.1672
0.74545
0.62473
0.94031
1.1142
1.0448
0.65134
1.0069
0.99266
0.86267
0.77162
0.54996
0.78086
0.92002
0.51164
0.92235
0.74345
0.89882
0.75302
1.1327
0.69102
0.44725
0.79262
0.8368
0.962
0.82684
0.3541
0.79833
0.78562
0.9505
0.5807
0.74903
0.69299
0.74428
0.5378
0.46304
0.57659
0.74478
0.59915
0.62758
0.78436
0.83742
0.68212
0.66324
0.56875
0.86739
0.81124
0.91089
0.79206
1.0097
0.51907
0.69414
0.92081
0.69573
0.47274
0.8393
0.85302
0.86746
0.66211
1.0369
0.84304
0.90351
1.0734
0.51862
0.70798
0.65092
0.82105
0.85825
0.44931
0.90449
0.5909
0.8435
0.5976
0.9693
0.97107
0.70998
0.71911
0.60242
0.95681
0.84386
0.76894
0.89621
1.0578
0.6496
0.6181
0.59275
0.86113
1.0556
0.65516
0.68922
0.75178
0.75544
0.82721
0.90994
0.66561
0.86559
0.82278
0.7009
0.75244
0.87684
0.83184
0.787
0.84943
0.88633
0.96542
0.73023
0.75445
0.90916
0.71541
0.75879
0.6986
0.88165
1.0913
0.84441
0.78904
0.63201
0.91234
0.32151
0.4506
0.76989
0.61009
0.6974
1.1121
0.68326
0.97563
0.97391
0.80759
0.85432
0.97044
0.54
0.91744
0.8654
0.49172
0.64456
0.85788
0.88095
0.75093
0.59674
0.86457
0.82529
0.92026
0.63327
0.70688
0.82214
0.97407
0.51514
0.68183
0.94269
0.6718
0.62323
0.77423
0.66149
0.6649
0.88125
0.92017
0.96151
0.65581
0.71037
0.75772
0.82698
1.0738
0.87142
1.0251
0.59435
0.76168
0.91766
0.62095
0.93083
0.81922
0.66193
0.68638
0.84861
0.90761
0.72678
0.8747
0.99715
0.74327
0.82775
0.90086
0.69977
0.8962
0.78079
0.80357
1.0805
0.9429
0.96241
0.6888
0.51898
0.51893
0.6943
0.81837
0.60633
0.91966
0.93713
0.66471
0.83002
0.6585
0.97917
0.61802
1.1162
0.71469
0.7697
0.66256
0.59317
0.7607
0.87749
0.8355
0.80091
0.81373
0.86189
1.0577
0.45654
0.64296
0.9859
0.69071
0.66411
0.89149
0.40511
0.74934
0.86792
0.88313
0.57128
0.88332
0.80999
0.96373
0.57793
0.77448
0.72316
0.8466
1.0087
0.4889
1.0445
0.73672
0.89332
0.59335
0.49045
0.62993
0.9672
0.51833
0.56463
0.90637
0.79728
0.79707
0.66447
0.7357
0.9965
0.75035
0.75656
0.75542
0.767
0.59089
0.85492
0.61538
0.92485
0.40793
0.86722
0.79849
0.57631
0.79877
0.65049
0.93653
0.54867
1.0167
0.75688
1.1478
1.1008
0.71812
0.51743
0.9872
0.79608
0.95243
0.77625
0.59264
0.67414
0.85454
0.60019
0.67306
0.53516
0.98059
0.9513
0.7193
0.77174
1.0295
0.63791
0.60093
0.6737
0.44934
0.91307
0.66838
0.94154
0.5055
0.81409
0.8538
0.88017
0.94558
0.70022
0.84159
0.89685
1.0129
0.78955
0.88173
0.93903
0.74705
0.94069
0.86642
0.79373
0.40701
0.91827
0.80001
0.78953
0.97803
0.75905
0.77228
0.90635
0.68133
0.91306
0.8659
1.1546
0.95563
1.1136
0.89897
0.76779
0.54066
0.98809
0.72168
0.85822
0.3385
0.70451
0.95711
0.86529
1.0655
0.65774
0.98028
0.52218
0.67677
0.66412
1.0399
0.53964
0.95163
0.55404
0.72782
0.70461
0.92896
0.93958
0.94342
1.1122
0.31959
0.89855
0.82363
1.1322
0.64304
0.63502
0.68623
1.2153
0.81163
0.96164
0.80062
0.6697
0.67144
0.77948
1.0129
0.83369
0.79569
0.7434
0.49654
0.61206
0.5404
0.84759
0.79535
0.58093
1.0272
0.57033
0.68822
0.8717
0.92716
0.96622
0.71721
0.83369
0.41253
0.88491
0.83348
0.59563
0.62921
0.91351
0.45859
0.74105
0.65221
0.85443
0.58697
0.98026
0.85163
0.91631
0.52669
0.7461
0.56328
0.667
0.78511
0.97472
0.66448
1.0364
0.74505
0.37705
0.83053
0.54926
0.87459
1.0471
0.83357
0.92101
0.5946
0.87035
0.96605
0.71343
0.63808
0.84612
0.918
0.83485
0.87102
0.88998
0.75404
0.8637
0.94143
0.82643
0.79426
0.92422
0.87931
0.5606
0.71028
0.60412
0.81302
0.79588
0.55703
0.9576
0.61368
0.86697
0.87162
0.90445
0.83036
0.90696
0.83068
0.67502
0.91117
0.58179
0.86483
0.65955
0.61064
0.92274
0.8138
0.67323
0.87516
0.92152
0.70616
0.78033
0.66599
0.82779
1.0339
0.66283
0.62754
0.65226
0.94002
0.78824
0.69996
0.94337
0.90489
0.78167
0.60513
0.93289
0.91934
0.80452
0.55748
0.57679
0.49718
0.84996
1.0479
0.47283
0.67674
0.67597
0.5883
0.64353
0.96059
0.77346
0.88067
1.0143
0.70303
0.91468
1.015
1.093
0.86799
0.52096
0.7719
0.53642
0.88229
0.83509
0.94865
1.1576
1.0537
0.52892
0.77553
0.88896
0.95062
0.91997
0.7161
0.57942
0.7514
0.52668
0.95619
0.72347
0.80085
0.6501
0.73177
0.80776
0.94556
0.95884
0.90577
0.87055
0.56269
0.82353
0.92908
0.76716
0.82945
0.84576
1.0453
0.8215
0.90168
0.86377
0.79863
0.96378
0.83905
0.67126
0.77352
1.0154
0.70444
0.84256
0.75408
0.9116
0.70665
0.82487
1.0908
0.69045
0.99169
0.90055
1.0169
0.6658
0.45362
0.89444
0.74119
0.76766
0.88461
1.0551
0.97769
0.47236
0.57933
1.0695
0.75335
0.93432
0.89903
0.9921
0.6229
0.77354
0.94902
0.73029
0.76192
0.90224
0.73766
0.75956
0.86793
0.90012
0.64455
0.92672
0.59296
0.90133
0.82887
0.61834
0.81493
0.91212
0.76662
0.70622
0.87828
0.81888
0.6672
0.81229
0.82894
0.76797
0.90817
0.84077
0.9663
0.62126
0.73318
0.94929
0.87592
0.61512
0.6094
0.66175
0.93874
0.87824
0.64923
0.71568
0.91897
0.83734
0.71055
1.1361
0.7276
0.79582
0.69087
0.92741
0.99891
0.55679
0.81462
0.90507
0.91264
1.097
0.94973
0.86864
0.73762
0.69648
0.91641
0.85238
0.62558
0.98543
0.48414
0.83625
0.87206
0.73911
0.58049
0.67813
0.71849
0.92689
0.51324
0.80957
0.83168
0.82503
0.81852
0.9096
0.86228
0.87619
0.83651
0.57436
0.56905
0.89766
0.52367
0.73521
0.77131
0.94046
0.7976
0.66
0.78066
0.56334
0.82437
0.38184
1.0388
0.99503
0.59435
0.81719
0.61476
0.6331
0.68257
0.93846
0.91945
0.6361
0.89373
1.1569
0.62712
0.51766
0.76879
0.49548
0.66057
0.82049
0.96563
0.88182
0.7779
0.75094
0.84014
0.85546
0.84427
1.0014
0.90474
0.44875
0.76675
0.4176
0.69005
0.4425
0.75529
0.75193
0.60757
0.70241
0.67293
0.65091
0.6433
0.91966
0.85368
1.1139
0.72261
0.41825
0.63028
0.91481
0.98625
0.62787
1.044
1.0423
0.86739
0.76259
0.91017
0.66953
0.70735
0.62182
0.75853
0.92737
0.82396
0.79691
0.62244
1.0116
0.76681
0.89758
0.92605
1.0499
1.0867
0.62803
0.71163
0.79788
0.86856
0.72707
0.79731
0.63909
1.0885
0.81776
0.67988
0.56489
0.52347
0.71989
0.85803
0.61214
0.80456
0.68235
0.90092
0.58026
0.81682
0.58605
0.73236
0.95653
0.71493
0.71283
0.9792
0.56102
0.99671
0.88702
0.81589
0.75504
0.51037
0.91721
0.85661
0.55224
0.84569
0.46477
0.73806
0.58818
0.90943
0.88284
0.98898
0.85736
0.87836
0.64192
0.52705
0.7033
0.87028
0.89136
0.6071
0.78394
0.81001
0.91421
0.71257
0.76813
0.53275
0.55077
0.57109
0.83728
0.81047
0.58291
0.88938
0.95868
0.799
1.0084
1.089
0.74162
0.71537
0.79297
0.80729
0.90441
0.89715
0.42422
0.58564
0.74944
1.0113
0.83631
0.94412
0.73738
0.7309
0.78031
0.81271
0.6389
0.65501
0.61244
0.56212
0.94396
0.90225
0.86953
0.8145
0.98589
0.85942
0.59949
0.55048
0.58122
0.76631
0.75182
0.88105
1.0383
0.86334
0.81899
0.85651
0.51342
0.46951
0.92734
1.1423
1.0175
0.88788
0.95629
0.64482
0.7208
0.48326
1.0746
0.66193
0.6289
0.55567
0.91639
0.66974
0.88912
0.51681
0.87042
0.69538
0.53453
0.76873
0.8801
0.56424
0.38074
0.94665
1.0008
0.75972
0.46388
0.82472
0.7375
1.0015
0.92527
0.45598
0.89327
0.60511
0.92758
0.60109
0.74864
1.0893
0.65689
0.64566
0.45238
0.7872
0.7535
0.57991
0.75411
0.80898
0.6718
0.61861
0.88557
0.42338
0.91298
0.71219
0.67008
0.92883
0.61801
0.70745
0.9376
0.93113
0.78669
0.83893
0.94668
0.75725
0.81173
0.76916
0.71586
0.64072
0.4302
1.0233
0.81698
0.80684
0.63019
0.92041
0.55081
0.76378
0.59772
0.70964
0.64424
0.75808
0.65157
0.98696
0.74381
0.64343
0.63477
0.79821
0.69006
0.892
0.56219
0.72127
0.77315
0.99574
1.0484
0.93271
0.78249
0.54316
0.67806
0.79211
0.92386
0.73138
1.0784
0.9287
0.73045
0.5569
0.73618
1.0079
0.83693
0.53121
0.98763
0.49021
0.78178
0.92316
0.74724
0.59931
0.73183
0.66645
0.64627
0.66061
0.78102
1.089
0.65133
0.57818
0.61707
0.85001
0.59299
0.92329
0.69019
0.77616
0.74056
0.51142
1.0426
0.9121
1.0434
0.90043
1.0431
0.71404
0.89719
0.76205
0.98531
0.72778
0.71405
0.77397
0.77484
0.99462
0.84487
0.75976
0.90442
0.97398
0.67242
0.93637
0.66756
1.0256
0.85267
1.1157
0.75154
0.64372
0.8029
0.6848
0.50899
0.99801
0.9464
0.5033
0.37046
0.89548
0.51894
0.80918
0.83999
0.8619
0.61625
0.93027
0.74165
0.63946
0.66744
1.103
0.92413
0.96393
0.57453
0.7802
0.78839
0.80832
0.82483
1.0647
0.95277
0.70159
0.94472
0.58694
0.71112
0.83209
0.44813
0.56861
0.5828
0.73203
0.9108
0.71486
0.72409
0.59285
0.92455
0.89227
0.85562
0.73902
0.7024
0.70511
0.93233
0.86528
0.54906
0.83722
0.84757
0.60187
0.78899
1.0137
0.94546
0.95952
0.68927
0.96007
0.53817
0.50626
0.79268
0.83634
0.82997
0.73056
0.94215
0.55383
0.89961
0.89909
1.027
0.8227
0.80214
0.54686
0.73131
0.79093
0.65981
0.50874
0.68913
0.9356
0.90402
0.79731
0.75915
0.56278
0.63502
0.62704
0.98329
0.70207
0.79338
1.0997
0.86971
0.74453
0.59973
0.73898
0.78512
0.76811
0.69477
0.63256
0.77973
0.47004
0.59122
0.8782
0.97976
0.59301
0.73876
0.6536
0.83125
0.82034
0.80765
0.67565
0.64672
0.81571
0.62973
0.51289
0.8477
0.64916
0.70699
0.60872
0.73695
0.74819
0.66949
0.62126
0.95174
1.037
0.78006
0.68933
0.99553
0.99889
0.64187
0.86442
0.85615
0.56852
0.88414
0.77083
0.67618
1.0088
0.86525
0.79091
0.83616
0.44919
0.37375
0.35308
0.64676
0.59548
0.6483
1.0833
0.9968
0.74011
1.1115
0.64918
0.79298
0.42693
0.78399
0.60074
0.84616
0.91335
0.82496
0.86573
0.85411
0.7882
1.0275
0.68342
0.75886
0.63507
0.69397
0.88814
0.73806
0.65473
0.62256
0.81483
0.76648
0.68532
0.85642
0.95686
0.88519
0.94627
0.78508
0.73803
0.78066
0.74396
0.80842
0.76562
0.69924
1.0901
0.6343
0.69286
0.86653
0.76329
0.666
0.93013
0.79032
0.65489
1.0024
0.59852
0.93637
0.59254
0.37383
0.87987
0.80988
0.5034
0.54583
1.1138
0.72245
0.58657
0.77842
0.89901
0.73884
0.84517
0.73937
0.71978
0.89012
0.7446
0.88774
0.9775
1.1152
0.96131
0.5685
0.75998
0.45817
1.0047
0.93077
0.81301
0.31273
0.65667
0.75401
0.71191
0.5341
0.74364
0.87628
0.95602
0.56679
0.94936
0.64788
0.89815
0.69271
0.88337
0.95141
0.78855
0.32786
0.78729
0.79883
0.87402
0.40564
0.95818
0.66661
0.8136
1.1069
0.79314
0.8783
0.74078
0.61098
0.76979
0.41947
0.80407
0.86792
0.40862
0.50797
0.6479
0.81778
0.88434
0.86905
0.54974
0.62981
0.87143
0.62664
0.92002
0.54576
0.44673
0.99027
0.79613
0.64511
0.90158
0.99045
0.42821
0.65593
0.65049
0.80133
0.80271
1.0818
0.78336
0.91046
0.99329
0.71851
0.71976
0.99555
0.81222
1.0177
0.81384
1.0036
0.64891
0.5657
0.74513
0.78861
0.98802
0.60256
0.80553
0.59246
0.93751
0.86039
0.81543
0.90911
1.0687
0.66401
0.59881
0.84585
1.0562
0.67165
0.88835
0.51196
0.95121
0.62313
0.89203
0.68079
0.73553
0.65852
0.72524
0.46761
0.90504
0.66263
0.66832
0.78734
0.55551
0.8081
0.93989
1.016
0.83639
0.8126
0.86284
0.70735
0.83138
0.80043
0.75639
0.68797
0.75774
0.88744
0.76841
0.625
0.71016
0.78127
0.85449
0.85376
0.7309
0.65417
0.75227
0.82837
1.0509
0.65586
0.82781
0.80741
0.75368
1.0282
0.36404
0.50605
0.83138
0.86593
0.40412
0.83842
0.48068
0.73885
0.73556
0.62537
0.96877
0.64818
0.82863
0.91176
0.75484
0.80935
0.81665
0.69981
0.99657
0.91927
0.99325
0.74829
0.69625
0.77609
0.74027
0.90658
0.98374
0.70469
1.0056
0.98849
1.0102
0.58028
0.94064
0.922
0.80692
0.74526
0.68475
0.93668
1.0753
0.91306
0.6501
0.91369
0.65418
0.82472
0.8279
0.81404
0.81172
0.62193
0.75352
0.89194
1.1219
0.85891
0.94787
0.79594
0.36186
0.839
0.97813
0.74279
0.66714
0.91518
0.90027
0.72066
1.1876
0.79529
0.76
0.82397
0.7658
0.65363
0.91498
0.57326
0.47216
0.88101
0.66422
0.96743
0.97041
0.73309
0.8038
0.94458
0.58843
0.75119
0.69548
0.93917
0.97797
0.87247
0.90964
0.98697
0.63046
0.69757
1.0077
0.88785
0.86138
1.0843
0.79996
0.99949
0.56491
0.64394
0.92956
0.85158
0.89207
0.9254
0.65593
0.62572
0.62187
0.95554
0.28086
0.45877
0.8044
0.93025
1.1955
1.0294
0.70142
0.62768
0.51682
1.0224
0.81003
0.70258
0.87589
0.99416
0.69429
0.52649
0.9743
0.55256
0.82544
0.75312
0.91993
0.83326
0.94148
0.71858
0.98858
1.0057
1.0652
0.99405
0.72876
0.81962
0.81274
0.69025
0.8226
0.86582
1.0843
0.85248
0.63836
0.84923
0.96678
0.91492
0.89967
0.55891
0.6806
0.83238
0.84171
0.79246
0.73616
0.89887
0.60416
0.88619
0.46658
0.73989
1.0793
0.50983
0.62173
0.84569
0.69065
1.1156
0.92762
0.82008
0.79797
0.93118
0.63582
0.94984
0.71524
0.79324
0.64435
0.62757
1.0063
0.69789
1.0188
0.90052
0.89701
0.64761
0.73417
0.7704
0.84807
0.59413
0.74484
0.92106
0.8569
0.71202
0.79708
0.87346
0.90231
0.81065
0.85918
0.91193
0.71233
0.53322
0.64996
0.19875
1.0742
0.96645
0.87708
0.75437
0.81214
0.66945
0.94076
0.66878
0.69362
1.0736
0.7617
0.70575
0.76678
0.82524
0.74281
0.89939
0.59812
0.58656
0.75136
0.74223
1.0405
0.80664
0.85132
1.116
0.72589
0.69749
0.78932
0.85536
0.53699
0.62778
1.0558
0.48978
0.89934
0.80713
0.88555
0.59263
0.89715
0.7192
1.0288
0.51845
0.27834
0.95138
0.961
0.89947
0.8559
1.0216
0.71225
0.66665
0.86276
0.82444
0.40074
0.79553
0.73884
0.65163
0.7039
0.81492
0.92067
0.62573
0.63991
0.8233
0.82678
0.50562
1.0056
1.0848
0.88788
0.57482
0.94963
0.81668
0.66487
0.58389
0.62322
0.79113
0.60894
0.80828
0.69411
0.52006
0.83117
0.80787
0.95725
0.83628
0.67259
0.63691
0.93947
0.45466
0.84009
0.76037
0.80707
0.95927
0.44878
0.6777
0.96636
0.77081
0.76285
1.0918
1.0884
0.4138
0.88176
0.80537
0.93731
0.69752
0.65856
0.60539
0.67868
0.90951
0.43621
0.92591
0.4785
0.39262
0.52215
0.82219
0.68575
0.52801
0.81106
0.67828
0.69898
0.88259
0.69398
0.60445
0.76187
1.1002
0.80534
0.8934
0.83658
0.76108
0.79884
0.68521
0.58563
0.76279
0.75673
0.63488
1.0735
0.77528
0.96993
0.90929
0.78127
0.98597
0.46464
0.81033
0.95894
0.77097
1.0449
0.81187
0.86575
0.56436
0.87874
0.76337
0.5305
0.68188
0.88432
0.6524
0.86085
0.92016
0.50431
0.57425
0.69159
0.78428
0.72908
0.81238
0.91501
0.97456
0.80892
0.91011
0.87953
0.92069
0.81612
0.88037
0.54692
0.74501
1.0252
0.91999
0.42381
1.0023
0.69405
0.44579
0.95536
0.76049
1.0379
0.50756
0.96587
0.79742
0.34129
0.72096
0.90818
0.59924
0.71491
0.99759
1.0014
0.6738
0.82287
0.78971
0.8142
0.72691
1.0387
0.74244
0.92246
1.1094
0.83901
0.86967
0.72975
0.67279
0.85839
0.96386
0.64642
0.74418
0.88296
1.1002
0.90814
0.68046
1.0974
0.94293
0.85198
1.0683
0.88514
0.91867
1.0289
0.64837
0.66311
0.60866
0.7209
0.85073
0.64667
0.98121
0.45683
0.97796
0.83325
0.79897
0.73228
0.86111
0.92737
0.9185
0.76209
0.75452
0.76257
1.01
0.73239
0.99991
0.73449
1.0174
0.3203
0.87835
1.0669
0.74483
1.0756
0.82451
0.91374
0.60954
0.5305
0.63742
0.80309
0.73684
0.9227
0.7548
0.84975
0.88761
1.0452
0.5846
0.85919
0.74189
0.93042
0.55055
0.59676
0.4717
0.94541
0.62601
0.90981
0.60591
0.6264
0.69084
0.77693
0.59754
1.0499
0.7162
0.81258
0.39572
0.58343
0.98697
0.74321
1.0348
0.80946
0.5916
0.84644
0.95908
0.82872
0.75519
0.71293
0.97969
0.65933
0.81935
0.70531
0.83765
0.6917
0.90333
0.99821
0.88674
0.54283
0.68807
0.91016
0.63574
0.74738
0.93276
0.75045
0.61055
0.55454
0.81949
0.74765
1.0512
0.81791
0.95906
0.81548
0.58358
0.77505
0.62902
0.97463
0.7695
0.88969
0.79957
0.89334
0.67626
0.72776
0.6223
0.98857
0.90506
0.66279
0.79589
0.88453
0.64397
0.89113
0.79163
0.9458
0.83178
0.80657
0.81744
0.7933
0.66312
0.82306
0.83355
0.68719
0.80894
0.70972
0.89133
1.0794
0.71408
0.82949
0.99331
0.6283
0.73137
0.57048
0.89833
0.66765
0.58053
0.81854
0.68605
0.58504
0.81474
1.0101
0.81813
0.90265
0.44181
0.80125
0.91657
0.85887
0.88132
1.065
1.0244
0.75679
0.82718
0.95187
0.53357
0.79008
0.72592
0.89811
0.7607
0.67597
0.61274
0.70734
0.91902
0.72223
0.77613
0.59017
0.90961
0.85378
0.25132
0.85456
0.76459
0.72133
0.57109
0.48543
0.79701
0.76973
0.58917
0.77347
0.71325
0.90568
1.0264
0.64497
0.65208
0.93952
0.63897
1.0635
0.94831
0.83201
0.7401
0.83102
0.78638
0.81043
0.53004
0.7019
0.98929
0.61064
1.0307
1.0729
0.74037
0.69518
0.44762
0.90975
0.72315
0.71252
0.8827
0.59889
0.83989
0.83284
1.0437
0.84919
0.76922
0.97839
0.62358
0.86778
0.78379
0.98221
1.186
0.9299
0.55263
0.96127
0.78667
0.39404
0.82745
0.70697
0.75412
0.63006
0.63292
0.91533
0.57321
0.94071
0.31522
0.86266
0.74937
1.039
0.69034
0.85462
0.60691
0.85061
0.57809
0.58029
0.76338
0.56572
0.81239
0.83165
0.98613
0.69175
0.63678
0.75192
0.84419
0.67001
0.91897
0.95284
0.75184
0.74756
0.75641
0.91671
0.80345
0.28139
0.66164
0.57642
0.96472
1.0409
1.1318
0.91978
1.0368
0.75203
0.63923
0.97754
0.80217
0.54726
1.0423
0.70693
0.77067
0.81317
0.77988
0.77428
0.6452
0.76352
0.95013
0.68701
0.53545
0.78317
0.81477
0.47092
0.89516
0.98313
0.89551
0.87554
0.49644
0.80876
0.77742
0.93775
0.71101
0.77849
1.0468
0.83743
0.73226
1.0927
0.85232
0.73376
0.95396
0.67917
1.0136
0.86266
0.90908
0.98594
0.36946
0.99648
0.95562
0.71556
0.60365
0.87436
0.85924
0.69772
1.1292
0.99761
0.89117
0.55754
0.94575
1.1182
0.85308
0.87811
0.73414
0.92256
0.95249
0.74422
0.75307
0.92043
1.0239
0.50792
0.67812
0.78669
0.77983
0.69118
0.69427
0.53205
0.78548
0.32707
0.67552
0.55833
0.88944
0.61551
0.53279
1.1488
0.91094
0.88625
0.57659
0.64958
0.96239
0.84893
0.55396
0.67254
0.67047
0.58087
0.98459
0.82114
1.0025
0.86862
0.65651
0.60977
0.79545
0.67112
0.64905
0.91106
0.61063
0.66117
0.73229
0.73227
0.86185
0.82472
0.73766
1.0003
0.95914
0.89956
0.76276
0.60673
0.95032
0.8177
0.56414
0.75081
0.76097
0.87947
0.71746
0.98757
0.97477
0.90588
0.72128
0.78475
0.76526
0.85034
0.99863
0.51026
0.77488
0.91063
0.48004
0.60703
0.85463
0.65161
0.81713
0.78897
0.62994
0.88824
1.1769
0.77682
0.5776
0.86222
0.81172
0.93278
0.93082
0.82955
0.8606
0.65558
0.80611
0.75187
0.67427
0.74304
1.2202
0.65395
0.752
0.92808
0.56427
0.90956
0.87789
0.4263
0.90789
0.72165
0.55137
0.86507
0.93915
0.82853
0.92405
0.58819
0.44565
1.0814
0.78756
0.77739
0.76778
1.005
0.55023
0.91835
0.85749
1.0746
0.78447
0.69169
0.95883
0.92272
0.82139
0.28119
0.87378
0.53827
0.76934
0.72817
0.92575
0.55739
1.0119
0.87972
1.1184
0.98962
0.74907
0.86644
0.93338
0.7541
0.42238
0.5058
0.83435
0.70812
0.54853
0.5121
0.67958
0.86281
0.90395
0.96116
0.83811
0.64059
0.86645
0.92534
0.53068
0.66412
0.47706
0.89609
0.69555
0.88239
0.87652
0.68519
0.77243
0.98984
0.98549
0.80714
0.71702
0.66093
0.6872
0.4394
0.86442
1.1131
0.62257
1.0394
0.69002
1.1388
0.9791
0.80568
0.9423
0.59813
0.85099
0.76371
0.67012
0.94229
0.78713
0.72636
0.76434
0.74199
0.62667
0.89483
0.71428
0.94515
0.79693
1.0422
0.89251
1.0932
0.95221
0.58859
1.0042
0.99108
0.7143
0.5358
0.83773
0.76733
0.47301
0.78151
0.63412
0.45964
0.761
0.66277
0.7797
0.47163
0.86642
0.88543
0.88031
0.93223
0.68357
0.58172
0.9092
1.0005
0.9065
0.73196
0.47965
0.25133
0.58336
0.79665
0.78864
0.86272
0.77027
0.86843
0.78704
0.73963
0.72223
0.53016
0.62253
0.65917
1.0009
0.79856
0.7636
0.55033
1.0167
0.85666
1.0581
0.77878
0.55732
0.97577
0.89471
0.97542
0.80517
0.85296
0.65412
0.56381
0.68779
0.53306
0.76336
0.34931
0.86139
0.74767
0.8906
0.60582
0.75248
0.54361
0.94888
0.56138
0.94376
0.9937
0.88175
0.831
0.80225
0.90698
0.91632
0.4615
0.6241
0.80569
0.72999
0.91865
0.973
0.85906
1.089
0.96358
0.97786
0.81755
0.8821
0.82677
0.60642
0.60189
0.81138
0.90001
0.8475
0.46993
0.63348
0.93047
0.67173
1.0124
0.59426
0.72947
0.8867
0.57443
0.9497
0.32426
0.63132
1.1183
0.90112
0.85961
0.71086
0.76552
0.64296
0.69805
0.67112
1.0274
0.59437
0.9167
0.57532
0.75537
0.60002
0.77056
0.92143
0.92307
0.71189
0.80958
1.0104
0.71837
0.77001
0.93635
0.83557
0.87282
0.99759
0.89563
0.86373
0.69396
0.5822
0.74034
0.73521
0.78654
0.87135
0.89178
0.76345
0.78381
0.98725
1.0089
0.7136
0.81672
0.65717
0.92107
0.87136
1.074
0.80273
0.78939
0.91242
0.82738
0.67022
0.89643
0.4336
0.74713
0.96265
0.87678
0.6943
0.84734
0.78599
0.81746
0.94106
0.66558
0.52908
0.61941
0.93175
0.7003
0.95296
0.81672
1.0262
1.1644
0.76345
0.74489
0.91325
0.9253
0.918
0.89354
0.54985
0.65266
0.86822
1.0206
0.96628
0.88142
0.97766
0.75078
0.69192
0.85853
0.82612
1.0361
0.84494
0.99057
0.69891
0.75928
0.88787
0.65391
0.78615
0.65818
0.97888
0.66327
0.61825
1.0344
0.86004
0.8822
0.92563
0.65924
0.76503
0.54218
0.79957
0.8319
0.87406
0.94543
0.86861
0.94029
0.69003
0.64038
0.71575
0.83272
0.74102
0.63942
0.94606
0.83694
0.65075
0.70385
0.9082
0.68795
0.73316
1.1516
0.85805
0.70015
0.72302
0.51161
0.72117
0.65092
0.89596
0.98108
1.0324
0.61206
0.67589
0.93531
0.78749
0.6814
0.49882
0.76982
0.75693
1.0332
0.95608
0.66826
0.89406
0.97842
0.84225
1.1403
0.97086
0.85328
0.97816
0.8621
0.76405
0.78982
0.79447
0.94806
0.96683
0.68254
0.60119
0.92431
0.92733
0.75959
0.6712
0.91641
0.72461
0.85113
0.79461
0.81783
0.80449
0.6167
0.74904
0.53894
1.1331
0.80433
0.60077
0.72464
0.92333
0.75519
0.8988
0.85728
0.55686
0.92092
0.50202
0.94473
0.85647
0.85972
0.77369
0.68438
0.72593
0.85071
0.76596
0.89284
0.93905
0.94652
0.50623
0.79028
0.55679
0.83621
0.89749
0.74684
0.81497
0.89829
0.62241
0.85488
0.75936
0.74207
0.58518
0.35125
0.80528
0.84324
0.59517
0.53515
0.21939
0.83263
0.90752
1.0918
0.82244
0.80036
0.77522
0.67324
0.92141
0.84154
0.79761
0.80416
1.0221
0.62205
0.48027
0.62277
0.88154
0.90706
0.9998
0.79887
0.36625
1.1019
0.83209
1.0036
0.71642
0.75346
0.89293
0.60474
0.89143
0.84431
0.92299
0.7937
0.82493
0.87312
0.66437
0.55143
0.778
0.53783
0.78132
0.76685
0.90714
0.79996
0.57406
0.9127
0.37753
0.78749
0.75343
0.95807
0.70366
0.84825
0.71351
0.82697
0.81564
0.78194
0.90413
0.88354
0.60305
0.82534
0.78859
0.76931
0.89652
0.94393
1.0844
0.69779
0.81772
0.7092
0.91383
0.72669
0.68582
0.66297
1.0458
0.99354
0.85273
0.62738
0.73282
0.8395
0.74561
0.80729
0.71833
0.9799
0.64247
0.85096
1.0213
0.8009
0.94241
0.96106
0.7188
1.0355
0.88646
0.55497
0.45369
0.45363
0.8607
0.75601
0.89853
0.82892
0.85401
0.55407
0.68483
0.83821
0.86176
0.86917
0.89116
0.89859
0.81165
0.81259
0.80516
1.0666
0.70947
0.54435
0.91531
0.44732
0.68879
0.8029
0.72069
0.72862
0.69705
0.98048
0.64352
0.63359
0.6905
0.67378
0.72835
0.72445
0.80514
0.5046
0.64188
0.74268
0.71794
0.81756
0.93818
0.92661
0.77631
0.87738
0.4896
0.54659
0.72159
0.82721
1.0353
0.80477
0.90186
0.94087
0.78159
0.63608
0.82447
0.53605
0.83334
0.52689
0.58468
0.91212
0.48663
0.77188
0.45858
0.99024
0.78574
0.5852
0.85211
1.027
1.0311
0.89769
0.81901
0.75838
1.0468
0.66303
0.90039
0.98276
1.0517
0.64897
0.61548
0.93758
1.026
0.94383
0.79146
0.7625
1.0655
0.99433
0.87299
0.97593
0.86067
0.86447
1.0079
0.51078
0.78306
0.78311
0.6892
0.93282
0.66978
0.7703
0.6933
1.0166
0.88894
0.7322
0.72438
1.0357
0.74754
0.73243
0.69563
1.0836
0.85315
0.69284
0.85405
0.85099
0.66434
0.6602
0.64626
0.89894
0.76838
0.78776
0.78041
0.58238
0.72613
0.80219
0.6949
0.62832
0.95534
0.77078
0.84128
