0.89077
0.70067
0.66842
0.8112
0.70852
0.54866
0.55661
0.68182
0.64829
0.46388
0.81972
0.80745
0.83083
0.82533
0.80275
0.67195
0.539
0.75261
0.78905
0.71267
0.52095
0.84498
0.71333
0.63232
0.70657
0.73541
0.78717
0.75749
0.59555
0.5595
0.67001
0.78694
0.70294
0.53571
0.59161
0.70436
0.62861
0.75037
0.6751
0.65723
0.36427
0.80992
0.73463
0.62297
0.75083
0.81258
0.86007
0.82302
0.79253
0.57417
0.72705
0.67339
0.6772
0.50515
0.52806
0.73474
0.65841
0.42525
0.68238
0.76458
0.74923
0.52771
0.72139
0.8487
0.86591
0.81472
0.74027
0.65356
0.72948
0.74805
0.68085
0.71488
0.71967
0.6009
0.61177
0.87566
0.56711
0.78776
0.70146
0.71765
0.77577
0.73582
0.30138
0.5338
0.64192
0.6095
0.72853
0.71439
0.86959
0.76972
0.88413
0.91824
0.83186
0.7088
0.72522
0.54173
0.77276
0.74251
0.636
0.89045
0.72969
0.78772
0.52768
0.601
0.63961
0.78828
0.68581
0.88804
0.68164
0.89656
0.67576
0.85576
0.66057
0.87549
0.57613
0.52369
0.82019
0.8216
0.6639
0.74923
0.6798
0.88006
0.60486
0.70008
0.74997
0.78273
0.80305
0.64275
0.63752
0.48809
0.53702
0.723
0.82365
0.65839
0.6448
0.79869
0.71183
0.73205
0.74339
0.67963
0.43523
0.65313
0.4675
0.77622
0.70178
0.6828
0.76369
0.65387
0.68648
0.70304
0.69239
0.70142
0.73898
0.57323
0.73715
0.5221
0.72855
0.78546
0.64992
0.61842
0.65018
0.59087
0.5747
0.85489
0.67167
0.79014
0.59524
0.64021
0.68042
0.72912
0.88249
0.77339
0.69982
0.63155
0.8893
0.68456
0.67615
0.66304
0.74081
0.64051
0.69107
0.78647
0.81862
0.41388
0.85611
0.49585
0.72074
0.668
0.64305
0.61491
0.57984
0.69511
0.58591
0.73264
0.85131
0.46213
0.68488
0.86159
0.75113
0.59538
0.6766
0.80221
0.72362
0.72425
0.40651
0.89783
0.81388
0.51987
0.81855
0.67089
0.54501
0.86653
0.58872
0.75752
0.66253
0.72789
0.47493
0.79181
0.84244
0.56739
0.59934
0.70548
0.66331
0.85785
0.69749
0.63731
0.80092
0.67672
0.55694
0.40652
0.47879
0.75932
0.76849
0.66718
0.7353
0.75743
0.97985
0.76316
0.67738
0.41129
0.66828
0.71224
0.64741
0.74547
0.66386
0.78389
0.54925
0.56532
0.77064
0.55269
0.87007
0.78585
0.67738
0.74672
0.83625
0.68392
0.74179
0.60707
0.52582
0.67563
0.48504
0.47976
0.75824
0.91829
0.53895
0.81813
0.77399
0.3744
0.85828
0.71854
0.68754
0.58245
0.6317
0.81474
0.46077
0.54152
1.0127
0.49793
0.43231
0.99691
0.59453
0.76912
0.73477
0.74661
0.58272
0.70124
0.64478
0.86227
0.91365
0.79704
0.6573
0.78865
0.563
0.62719
0.66418
0.60842
0.56559
0.71024
0.63749
0.73533
0.57684
0.51788
0.54387
0.7779
0.57655
0.66305
0.81636
0.42649
0.78499
0.8182
0.84244
0.47213
0.76856
0.72114
0.75536
0.62419
0.74549
0.40608
0.63864
0.68395
0.84722
0.60793
0.77741
0.84501
0.71383
0.76222
0.63517
0.87869
0.65453
0.82821
0.65965
0.76707
0.5626
0.81602
0.72714
0.91869
0.49311
0.70271
0.63332
0.83458
0.53094
0.73076
0.7029
0.28682
0.49512
0.70784
0.73221
0.73066
1.0291
0.71794
0.94344
0.87272
0.7606
0.74743
0.39896
0.69295
0.83626
0.6526
0.73653
0.77294
0.73751
0.2767
0.81861
0.77692
0.82941
0.74414
0.57866
0.75016
0.59774
0.46667
0.77244
0.57452
0.85066
0.50304
0.76406
0.86354
0.71539
0.88542
0.66296
0.77999
0.79611
0.77
0.5814
0.83929
0.80247
0.74779
0.5124
0.64996
0.60034
0.78678
0.5402
0.55304
0.6341
0.85252
0.66515
0.71423
0.60244
0.49538
0.59421
0.55533
0.54937
0.67165
0.71334
0.72474
0.86698
0.64718
0.73446
0.77769
0.70267
0.61343
0.66747
0.70981
0.5448
0.89178
0.63648
0.59844
0.63556
0.75179
0.58234
0.83513
0.55459
0.70026
0.55741
0.61522
0.70918
0.69676
0.37332
0.60014
0.59415
0.63851
0.81259
0.82826
0.65221
0.75843
0.76575
0.57501
0.59128
0.63376
0.75223
0.81036
0.65036
0.5702
0.71339
0.56665
0.57342
0.62258
0.68216
0.57054
0.92845
0.75659
0.55124
0.64676
0.76431
0.7313
0.8855
0.71211
0.69786
0.51935
0.82221
0.59743
0.67558
0.58054
0.63348
0.70814
0.707
0.67201
0.84455
0.77052
0.70396
0.45481
0.91512
0.57176
0.85038
0.64914
0.72486
0.82319
0.78494
0.61228
0.81436
0.54737
0.56007
0.67267
0.71458
0.88661
0.86501
0.44744
0.59609
0.99529
0.75986
0.6176
0.74982
0.71489
0.84555
0.58191
0.79381
0.84691
0.53841
0.72026
0.68613
0.67961
0.5204
0.59156
0.59246
0.62822
0.79643
0.36992
0.8851
0.82601
0.83251
0.57081
0.74032
0.58891
0.67341
0.76119
0.57726
0.6159
0.70573
0.68044
0.66383
0.77669
0.65355
0.59413
0.84874
0.75949
0.97681
0.59054
0.83898
0.82274
0.62623
0.54189
0.74638
0.83644
0.6898
0.53297
0.70141
0.88399
0.8805
0.80361
0.80139
0.72582
0.72718
0.56082
0.73537
0.73753
0.74008
0.6471
0.73477
0.77281
0.72828
0.67546
0.71011
0.87254
0.72181
0.66695
0.67773
0.74841
0.7062
0.32989
0.81996
0.62889
0.5016
0.46993
0.63264
0.78707
0.70192
0.50288
0.69912
0.61516
0.60221
0.87095
0.61488
0.5386
0.80272
0.68768
0.55665
0.85044
0.81123
0.67207
0.59181
0.76082
0.65381
0.64307
0.81617
0.73281
0.68279
0.70352
0.70802
0.8246
0.75495
0.85255
0.9167
0.65538
0.90169
0.69752
0.75479
0.81216
0.88152
0.76291
0.65027
0.67916
0.75359
0.77501
0.63318
0.7833
0.79324
0.91772
0.58759
0.69064
0.49497
0.61826
0.51309
0.82248
0.64517
0.67273
0.74459
0.89216
0.63043
0.61104
0.67547
0.35311
0.846
0.63801
0.442
0.60785
0.7405
0.62833
0.36211
0.6931
0.79121
0.72666
0.61705
0.85567
0.85
0.72006
0.58696
0.70732
0.77881
0.68275
0.62816
0.70194
0.64241
0.60112
0.84173
0.87031
0.96169
0.73436
0.72678
0.67445
0.7076
0.57779
0.73592
0.87415
0.88045
0.78539
0.61264
0.55094
0.73898
0.87823
0.81718
0.67834
0.65131
0.46566
0.61742
0.76004
0.58447
0.63398
0.616
0.8059
0.91847
0.95892
0.7336
0.64719
0.6633
0.84183
0.68785
0.73849
0.70231
0.73265
0.63708
0.87994
0.70751
0.7649
0.67698
0.91558
0.81235
0.46777
0.8481
0.63612
0.70689
0.20149
0.65008
0.66614
0.75092
0.80411
0.71991
0.54994
0.76996
0.80339
0.38663
0.54829
0.88963
0.92352
0.59269
0.79006
0.77847
0.78146
0.85406
0.73621
0.74543
0.81512
0.8538
0.54629
0.53676
0.79168
0.68754
0.69909
0.87498
0.79741
0.6613
0.5043
0.83237
0.59003
0.77957
0.50797
0.75302
0.87065
0.68769
0.81631
0.61518
0.72563
0.63977
0.85501
0.50367
0.55435
0.63625
0.7663
0.72418
0.54177
0.79673
0.77725
0.86763
0.77757
0.65178
0.50955
0.79383
0.66628
0.52593
0.7627
0.49726
0.50463
0.93297
0.62042
0.63917
0.67903
0.64347
0.71531
0.67184
0.47303
0.82219
0.68839
0.70135
0.81629
0.56457
0.72867
0.61494
0.85842
0.77667
0.73637
0.64129
0.80483
0.73224
1.0056
0.67192
0.80651
0.83328
0.56549
0.50564
0.84526
0.62493
0.23522
0.68378
0.8056
0.59767
0.7406
0.63261
0.56951
0.64997
0.9158
0.74564
0.64601
0.61091
0.722
0.7066
0.73746
0.8578
0.75142
0.79926
0.76374
0.78818
0.74512
0.6584
0.74127
0.91769
0.52729
0.66074
0.70079
0.7583
0.62033
0.71002
0.81173
0.5446
0.47612
0.79619
0.7152
0.61664
0.62033
0.70698
0.76592
0.87104
0.45097
0.68622
0.74566
0.65567
0.58609
0.68509
0.55698
0.64568
0.56612
0.37542
0.73969
0.60324
0.60517
0.49038
0.53749
0.72658
0.63576
0.61877
0.67839
0.6822
0.36611
0.74095
0.48665
0.60457
0.7289
0.67944
0.88968
0.79865
0.6653
0.89014
0.77837
0.77764
0.5799
0.62747
0.89175
0.79776
0.87109
0.7379
0.43982
0.82881
0.69582
0.5363
0.79606
0.8539
0.81017
0.71863
0.72858
0.76538
0.95952
0.8985
0.78927
0.50801
0.7538
0.66219
0.84512
0.94913
0.80975
0.62663
0.36984
0.60662
0.85581
0.77843
0.73043
0.72263
0.75426
0.45762
0.74819
0.87421
0.7724
0.6942
0.71772
0.68872
0.80172
0.5715
0.60248
0.85719
0.82573
0.89445
0.79295
0.52896
0.84048
0.83686
0.52287
0.61422
0.45718
0.76429
0.67557
0.7433
0.70744
0.56211
0.62899
0.61163
0.60992
0.70222
0.76703
0.61146
0.81878
0.4782
0.59918
0.82283
0.60779
0.58788
0.67384
0.70884
0.6835
0.6223
0.5541
0.86867
0.5744
0.67639
0.76711
0.6253
0.54553
0.78397
0.69339
0.62791
0.82003
0.74597
0.82823
0.69032
0.86773
0.92384
0.85544
0.6064
0.63076
0.6451
0.77548
0.60081
0.74054
0.32156
0.8756
0.62743
0.74293
0.63253
0.69478
0.5164
0.49386
0.58841
0.93384
0.72943
0.75713
0.79271
0.71832
0.82847
0.81657
0.73962
0.8153
0.44938
0.76455
0.7244
0.65584
0.87019
0.87433
0.47839
0.73576
0.69934
0.83489
0.59286
0.6199
0.6556
0.59207
0.54551
0.63628
0.52935
0.7962
0.67647
0.84493
0.73911
0.6203
0.7816
0.77904
0.86783
0.81267
0.82735
0.5738
0.71368
0.6163
0.63993
0.81551
0.54474
0.74145
0.88295
0.71981
0.65744
0.61654
0.60747
0.75213
0.77628
0.64828
0.5193
0.77199
0.47829
0.7226
0.54092
0.62731
0.52149
0.63838
0.73796
0.77708
0.80454
0.65737
0.93123
0.77267
0.7211
0.59884
0.75769
0.70162
0.4718
0.66042
0.85486
0.54886
0.53225
0.80745
0.78016
0.65319
0.78163
0.78517
0.37314
0.74534
0.84296
0.78458
0.78545
0.81474
0.86941
0.53752
0.6406
0.69959
0.77476
0.89748
0.75671
0.68899
0.87552
0.66235
0.61413
0.56537
0.98491
0.65556
0.72794
0.79688
0.69235
0.67309
0.87918
0.78981
0.7294
0.75595
0.66077
0.36791
0.39082
0.85951
0.62624
0.64997
0.39116
0.79646
0.5912
0.7199
0.63008
0.7448
0.65929
0.81931
0.56011
0.75824
0.39159
0.87268
0.6862
0.83191
0.7652
0.58158
0.75457
0.61712
0.72938
0.79008
0.88089
0.34665
0.83779
0.795
0.82065
0.71182
0.85418
0.63934
0.58834
0.52598
0.78147
0.70951
0.76069
0.39227
0.62288
0.93541
0.60079
0.66227
0.65998
0.71758
0.44872
0.81078
0.7116
0.80006
0.72699
0.62631
0.66636
0.56266
0.70078
0.7843
0.61229
0.61833
0.70359
0.68825
0.67846
0.5937
0.74128
0.76146
0.63324
0.73203
0.73768
0.80884
0.81684
0.77017
0.80278
0.78319
0.80067
0.63627
0.70712
0.6274
0.61363
0.78638
0.62915
0.62166
0.64997
0.69085
0.73373
0.77932
0.73129
0.67029
0.89052
0.66721
0.66278
0.7374
0.72838
0.8378
0.68306
0.71635
0.67404
0.69617
0.79111
0.67595
0.69147
0.58088
0.67549
0.48558
0.72875
0.78234
0.83873
0.54308
0.90682
0.80628
0.57927
0.81941
0.74184
0.77083
0.35858
0.75738
0.75768
0.74149
0.85925
0.61018
0.60652
0.73748
0.86237
0.82083
0.74686
0.65341
0.66659
0.86083
0.68381
0.75874
0.9058
0.92596
0.76678
0.62456
0.8417
0.80743
0.80222
0.51024
0.67166
0.72624
0.38799
0.62185
0.72429
0.76695
0.65961
0.48381
0.72846
0.65007
0.75411
0.90329
0.5502
0.83401
0.58913
0.50221
0.75191
0.77779
0.58128
0.64386
0.86944
0.78282
0.48271
0.57648
0.56029
0.76935
0.55665
0.60061
0.82378
0.8944
0.49949
0.61013
0.75329
0.69224
0.68557
0.79538
0.61012
0.84799
0.7374
0.51133
0.615
0.73459
0.49891
0.59662
0.81635
0.61875
0.68276
0.8484
0.52722
0.76785
0.77772
0.87187
0.74549
0.69561
0.68065
0.71919
0.71255
0.80983
0.37058
0.728
0.65165
0.70324
0.82699
0.77977
0.89408
0.74606
0.82185
0.67761
0.418
0.87726
0.68565
0.43158
0.74202
0.63709
0.67777
0.62182
0.75071
0.60077
0.38147
0.91032
0.62889
0.56516
0.66977
0.62526
0.70627
0.80249
0.67776
0.67636
0.62206
0.53765
0.67491
0.84441
0.79106
0.83625
0.63291
0.90362
0.71461
0.6352
0.54591
0.70238
0.82536
0.59195
0.52778
0.80664
0.76361
0.91085
0.89909
0.74246
0.92867
0.69357
0.67062
0.64279
0.84947
0.62637
0.84476
0.56925
0.72755
0.91713
0.6519
0.7922
0.58415
0.46816
0.58061
0.79114
0.72733
0.57537
0.86446
0.72854
0.65161
0.67001
0.8067
0.46742
0.78771
0.82007
0.58405
0.84316
0.62
0.64938
0.39119
0.81216
0.69698
0.76577
0.82533
0.74794
0.67942
0.66432
0.51747
0.58022
0.85277
0.65417
0.72503
0.51828
0.63909
0.36856
0.76709
0.69289
0.72486
0.66498
0.94259
0.73286
0.76744
0.72731
0.75132
0.72377
0.81329
0.83865
0.57558
0.67401
0.71882
0.80023
0.4792
0.76253
0.81149
0.63531
0.68896
0.61034
0.92538
0.65867
0.87955
0.76215
0.64428
0.73158
0.88385
0.74968
0.92949
0.78628
0.78461
0.56041
0.70136
0.80164
0.60611
0.76002
0.46774
0.89802
0.52431
0.7348
0.81813
0.74357
0.60092
0.9426
0.58214
0.55114
0.92265
0.56073
0.86713
0.74675
0.73069
0.70749
0.64468
0.67313
0.56767
0.86886
0.76204
0.55143
0.56071
0.5107
0.6115
0.66928
0.72558
0.72289
0.73019
0.65105
0.77032
0.79972
0.63272
0.82331
0.63138
0.61716
0.79483
0.69804
0.65413
0.58798
0.47139
0.6022
0.57698
0.83312
0.48319
0.92255
0.70761
0.47399
0.69803
0.82412
0.77482
0.67146
0.66879
0.68461
0.68833
0.70135
0.5935
0.65346
0.6129
0.83829
0.492
0.83759
0.82928
0.71489
0.74895
0.56957
0.83475
0.74593
0.53464
0.78555
0.686
0.66116
0.59108
0.63763
0.81448
0.79312
0.60883
0.59353
0.8342
0.61283
0.66942
0.51178
0.56488
0.86838
0.71875
0.57071
0.74611
0.74842
0.38762
0.5955
0.69516
0.66524
0.79772
0.71877
0.62707
0.72366
0.56431
0.6334
0.77433
0.70386
0.87372
0.76011
0.78406
0.66062
0.68899
0.83616
0.54839
0.58529
0.75873
0.48211
0.76933
0.8284
0.79373
0.64513
0.73714
0.46566
0.772
0.65082
0.72035
0.56645
0.75131
0.54579
0.62258
0.69021
0.85365
0.78006
0.71406
0.80877
0.61582
0.78877
0.50682
0.74792
0.92257
0.83532
0.8327
0.4612
0.58738
0.57932
0.67822
0.64245
0.63673
0.79747
0.59536
0.61048
0.28602
0.83513
0.52817
0.66802
0.54658
0.73323
0.77735
0.76133
0.63835
0.76046
0.64698
0.48364
0.34281
0.84485
0.80903
0.65606
0.78016
0.76887
0.75353
0.87908
0.56641
0.56229
0.44144
0.80815
0.70143
0.5861
0.85151
0.8242
0.89501
0.54896
0.6611
0.67481
0.61852
0.85056
0.74776
0.46832
0.61691
0.67779
0.66805
0.70748
0.43199
0.6056
0.82636
0.87792
0.81867
0.73847
0.62943
0.69878
0.72783
1.0179
0.81322
0.66414
0.8288
0.79748
0.67355
0.70726
0.7634
0.46069
0.66432
0.88254
0.57477
0.74879
0.83987
0.72427
0.82171
0.70343
0.69597
0.68089
0.61583
0.6333
0.87647
0.59898
0.66448
0.67687
0.70226
0.60545
0.69213
0.56206
0.76274
0.95657
0.67914
0.65188
0.50194
0.66013
0.77746
0.74816
0.77255
0.82091
0.67896
0.70329
0.85051
0.5868
0.81718
0.74144
0.49132
0.54284
0.7705
0.71728
0.74391
0.77089
0.54289
0.52922
0.77696
0.75345
0.61871
0.43459
0.52674
0.44854
0.55508
0.61907
0.62385
0.57076
0.82256
0.61775
0.45923
0.49209
0.79471
0.73369
0.67316
0.65177
0.81013
0.60129
0.65923
0.51996
0.68836
0.68995
0.91746
0.87477
0.79276
0.72076
0.7207
0.64617
0.7476
0.68535
0.81836
0.91413
0.72662
0.62813
0.75272
0.74764
0.52068
0.65082
0.92658
0.5673
0.70382
0.76879
0.69222
0.77118
0.56169
0.63034
0.59909
0.70011
0.61051
0.86027
0.72581
0.57355
0.65729
0.66335
0.6229
0.26559
0.68283
0.79514
0.60162
0.82308
0.78549
0.77057
0.63231
0.41099
0.85625
0.68705
0.78409
0.61245
0.51564
0.74752
0.83184
0.69555
0.56785
0.8316
0.74162
0.61584
0.60081
0.69156
0.74294
0.59889
0.65708
0.62469
0.68353
0.80509
0.43506
0.80566
0.42222
0.61735
0.66003
0.67003
0.74741
0.7137
0.52013
0.62001
0.5532
0.82363
0.62179
0.71977
0.57264
0.83164
0.96932
0.787
0.96083
0.71609
0.91417
0.53176
0.75829
0.86946
0.56625
0.95236
0.53314
0.83452
0.77312
0.74237
0.83759
0.46793
0.68269
0.73425
0.87287
0.94503
0.53496
0.45398
0.80718
0.582
0.74638
0.53685
0.76541
0.90188
0.45721
0.83957
0.62246
0.69079
0.68867
0.71803
0.64406
0.53638
0.6562
0.62289
0.73603
0.77243
0.71004
0.61692
0.82554
0.69681
0.66054
0.85586
0.87591
0.69547
0.80085
0.70125
0.38391
0.7888
0.69748
0.89027
0.65018
0.72932
0.75473
0.91875
0.54395
0.61002
0.68733
0.64193
0.64089
0.86257
0.47343
0.76182
0.73302
0.60799
0.7979
0.77199
0.81033
0.68232
0.77254
0.63065
0.85633
0.86531
0.76555
0.62979
0.34541
0.77518
0.61708
0.76657
0.64159
0.62908
0.69161
0.85056
0.75251
0.7578
0.52568
0.69657
0.91432
0.76863
0.58737
0.92843
0.73443
0.87681
0.3623
0.81371
0.69089
0.80505
0.57847
0.70515
0.70969
0.50271
0.77176
0.67116
0.82515
0.58438
0.63156
0.46281
0.65194
0.89095
0.64858
0.94165
0.43612
0.73691
0.65333
0.81328
0.83422
0.76708
0.46011
0.70534
0.52715
0.71472
0.59195
0.73105
0.54244
0.81903
0.76916
0.78445
0.80766
0.79925
0.60985
0.70928
0.6585
0.79975
0.7484
0.59678
0.81723
0.50542
0.73641
0.60752
0.69728
0.93424
0.77504
0.59831
0.78559
0.82871
0.80427
0.75489
0.85574
0.78389
0.71217
0.85279
0.40903
0.7709
0.74587
0.82922
0.72335
0.79104
0.65316
0.8368
0.51773
0.6929
0.76665
0.798
0.81202
0.6819
0.82648
0.74
0.81544
0.72122
0.70335
0.88162
0.9308
0.84792
0.51754
0.73717
0.62851
0.81265
0.83508
0.64869
0.58871
0.71008
0.48214
0.88533
0.66032
0.73054
0.67413
0.6006
0.63385
0.64224
0.72649
0.75035
0.65696
0.46719
0.75939
0.47013
0.49974
0.75077
0.75561
0.6573
0.39101
0.70988
0.67598
0.82301
0.75824
0.52222
0.62128
0.65163
0.74495
0.93795
0.81537
0.52794
0.63617
0.42626
0.74825
0.65064
0.72757
0.8383
0.69463
0.70013
0.78828
0.76082
0.70536
0.53347
0.81665
0.67822
0.77402
0.50234
0.68896
0.52079
0.87142
0.42754
0.63541
0.90436
0.93433
0.60725
0.48183
0.82895
0.65181
0.53619
0.76964
0.69082
0.71967
0.77921
0.80237
0.76484
0.67116
0.54551
0.81399
0.78106
0.76899
0.78286
0.67536
0.75369
0.66768
0.6405
0.72598
0.74172
0.49448
0.59613
0.81981
0.77908
0.56961
0.65405
0.45757
0.78905
0.80427
0.89417
0.8485
0.72394
0.66453
0.63553
0.69631
0.69217
0.51878
0.81991
0.74303
0.6911
0.6343
0.83999
0.63848
0.79468
0.71624
0.90818
0.53648
0.55688
0.67336
0.31944
0.69546
0.74476
0.6978
0.633
0.6813
0.62771
0.75539
0.4456
0.6007
0.89687
0.81403
0.67829
0.83397
0.66642
0.82241
0.82707
0.64868
0.73526
0.7192
0.61689
0.64928
0.7404
0.62112
0.74024
0.90017
0.66413
0.74227
0.63366
0.79872
0.78982
0.46736
0.61415
0.62986
0.68872
0.63805
0.77357
0.64376
0.6361
0.59708
0.53447
0.78076
0.73472
0.6359
0.64572
0.77391
0.88431
0.81962
0.7816
0.8382
0.65569
0.76185
0.74669
0.80584
0.83203
0.66174
0.83251
0.65353
0.69678
0.78892
0.70077
0.68502
0.93935
0.68319
0.55345
0.74488
0.7399
0.6291
0.56656
0.76408
0.6128
0.65544
0.79675
0.63229
0.39896
0.7231
0.82935
0.55902
0.84821
0.58902
0.76607
0.83205
0.53372
0.81182
0.81352
0.70707
0.50935
0.67111
0.63143
0.4518
0.81789
0.663
0.47494
0.79809
0.68038
0.62373
0.46883
0.62755
0.44764
0.98735
0.60419
0.6033
0.51418
0.75749
0.74438
0.76949
0.59429
0.75598
0.79832
0.79692
0.65193
0.61715
0.79738
0.80775
0.44988
0.6526
0.83739
0.77591
0.6787
0.70869
0.80407
0.65291
0.58709
0.77074
0.75273
0.70065
0.85322
0.5546
0.4644
0.70984
0.83166
0.8101
0.76903
0.60516
0.72469
0.95166
0.72964
0.79126
0.59858
0.62576
0.60198
0.84118
0.90233
0.79412
0.69359
0.72521
0.60202
0.4894
0.63406
0.82776
0.82294
0.66625
0.64286
0.5541
0.5492
0.65378
0.89948
0.776
0.62985
0.68166
0.68645
0.82491
0.67679
0.73946
0.56174
0.83218
0.59164
0.78436
0.66088
0.59807
0.50679
0.56622
0.70799
0.7284
0.7129
0.68416
0.49052
0.80807
0.72576
0.74863
0.87549
0.6401
0.56197
0.63587
0.91411
0.57018
0.9084
0.82885
0.65891
0.2546
0.57638
0.63948
0.81342
0.86459
0.70132
0.72852
0.80786
0.71241
0.75281
0.75704
0.56816
0.72955
0.69188
0.85692
0.55681
0.96082
0.61233
0.513
0.71745
0.77899
0.71571
0.77654
0.51493
0.85575
0.56015
0.75937
0.67832
0.87913
0.72122
0.49713
0.74482
0.75289
0.65488
0.6767
0.77107
0.72307
0.41152
0.43028
0.90618
0.43493
0.9637
0.53056
0.70861
0.86277
0.58266
0.8344
0.51582
0.84375
0.79824
0.93851
0.54573
0.85997
0.79791
0.63634
0.8684
0.80982
0.62084
0.59911
0.80781
0.56877
0.63593
0.68319
0.50212
0.73636
0.66352
0.78888
0.80302
0.88429
0.85124
0.6538
0.70892
0.50126
0.4793
0.86925
0.63628
0.75064
0.5807
0.7024
0.6911
0.87749
0.66774
0.51051
0.41831
0.80672
0.40473
0.60877
0.76786
0.66394
0.62605
0.76885
0.88527
0.68638
0.70244
0.66123
0.85424
0.84048
0.9614
0.62179
0.51179
0.61931
0.93058
0.78323
0.69016
0.5533
0.51996
0.76364
0.66724
0.74729
0.63247
0.72784
0.83528
0.80692
0.78828
0.77129
0.70768
0.41147
0.74604
0.86165
0.64434
0.49728
0.71474
0.72134
0.88835
0.76725
0.96135
0.88608
0.77851
0.64457
0.58902
0.6811
0.60258
0.82358
0.77597
0.43016
0.93868
0.93105
0.78618
0.52241
0.72977
0.3584
0.8236
0.7492
0.75067
0.62061
0.66465
0.54382
0.82837
0.6944
0.81179
0.65995
0.72528
0.78583
0.84233
0.3935
0.82299
0.47444
0.54569
0.61375
0.53486
0.66762
0.93181
0.56244
0.62633
0.72511
0.6796
0.63316
0.75982
0.84939
0.76248
0.71069
0.63916
0.69811
0.74242
0.62767
0.68432
0.66631
0.43831
0.40208
0.57041
0.75264
0.9081
0.63713
0.90039
0.6612
0.68025
0.74555
0.72016
0.64477
0.76669
0.71195
0.68691
0.64018
0.74013
0.78545
0.7947
0.69874
0.61121
0.70703
0.61877
0.78539
0.77574
0.75028
0.67295
0.89354
0.53311
0.84189
0.76176
0.77934
0.70182
0.98185
0.75665
0.71652
0.63597
0.65816
0.62705
0.63904
0.74014
0.74177
0.87939
0.87946
0.56999
0.82416
0.58404
0.69405
0.73228
0.74325
0.77946
0.79389
0.94993
0.76262
0.88099
0.57497
0.75981
0.73001
0.74627
0.72169
0.49483
0.54974
0.7909
0.68811
0.93461
0.80389
0.75331
0.4982
0.84029
0.54269
0.71819
0.8814
0.62771
0.74475
0.49348
0.51878
0.68846
0.57749
0.59257
0.6339
0.71905
0.28372
0.73627
0.81995
0.68955
0.84181
0.72307
0.47035
0.89863
0.70161
0.69352
0.79708
0.74573
0.61095
0.58114
0.87417
0.65035
0.78725
0.56651
0.55087
0.52044
0.49298
0.66859
0.607
0.56392
0.54945
0.75448
0.51448
0.64974
0.60213
0.76628
0.64423
0.75618
0.75051
0.67236
0.56186
0.7409
0.58277
0.71423
0.73917
0.61462
0.73945
0.68262
0.56595
0.86339
0.85792
0.89015
0.81224
0.5882
0.8857
0.78833
0.58073
0.65772
0.64724
0.85387
0.66301
0.97383
0.41994
0.74261
0.94334
0.73294
0.59421
0.78882
0.62726
0.7618
0.4387
0.48194
0.71363
0.6346
0.59338
0.73746
0.88612
0.64366
0.80324
0.75856
0.76359
0.86092
0.64439
0.39669
0.60953
0.89867
0.72768
0.6009
0.77591
0.83226
0.6144
0.45531
0.64119
0.54461
0.62614
0.55783
0.73535
0.76312
0.49366
0.73685
0.77405
0.55547
0.80345
0.79906
0.76493
0.91736
0.8338
0.80068
0.66315
0.56613
0.70605
0.76329
0.84274
0.62639
0.65352
0.54835
0.23053
0.79058
0.51066
0.84368
0.28334
0.93346
0.65925
0.69775
0.71514
0.34098
0.65359
0.66722
0.85663
0.59181
0.60488
0.64066
0.73113
0.73254
0.84731
0.84622
0.60404
0.52176
0.75957
0.70154
0.64312
0.71747
0.92387
0.77967
0.93466
0.61324
0.65687
0.66193
0.61048
0.90499
0.78048
0.60977
0.66471
0.66898
0.72174
0.75228
0.70017
0.61556
0.50817
0.63246
0.57005
0.77965
0.6657
0.75441
0.7078
0.68002
0.86802
0.57227
0.89434
0.68985
0.71375
0.68927
0.86489
0.83085
0.81617
0.51007
0.59797
0.8081
0.77593
0.82596
0.61412
0.65423
0.56456
0.77035
0.43441
0.75724
0.8596
0.90341
0.79448
0.55454
0.70565
0.82432
0.80021
0.86983
0.69527
0.68914
0.71125
0.60989
0.81305
0.66945
0.51223
0.61
0.74268
0.86559
0.77146
0.77756
0.44449
0.47308
0.62174
0.79537
0.45487
0.79341
0.63582
0.75039
0.69125
0.64893
0.67673
0.52187
0.65729
0.57029
0.81509
0.50058
0.99735
0.75415
0.77159
0.69498
0.47507
0.84148
0.54221
0.61559
0.54487
0.81563
0.75246
0.76003
0.75774
0.84488
0.5773
0.67477
0.72326
0.75348
0.80623
0.7928
0.80857
0.84156
0.85173
0.71845
0.66663
0.81201
0.75218
0.65462
0.67459
0.45537
0.77914
0.88996
0.69756
0.80938
0.66297
0.59958
0.69331
0.84787
0.64087
0.7358
0.50496
0.75093
0.71937
0.74415
0.72869
0.66905
0.74551
0.67061
0.63461
0.55506
0.82457
0.90064
0.46317
0.7555
0.70189
0.91507
0.62667
0.63663
0.53041
0.68728
0.77314
0.89937
0.63136
0.61204
0.73995
0.65926
0.4295
0.57809
0.79554
0.75862
0.8221
0.68701
0.77426
0.56822
0.49319
0.89095
0.75716
0.78011
0.72516
0.5994
0.81121
0.6231
0.69387
0.81137
0.7851
0.84057
0.60829
0.47836
0.65174
0.76573
0.83289
0.45875
0.48941
0.82476
0.96941
0.57895
0.74725
0.71183
0.80696
0.68891
0.57179
0.6403
0.727
0.95883
0.63703
0.55512
0.81488
0.59763
0.70286
0.64735
0.73999
0.9486
0.78418
0.7913
0.747
0.3077
0.67106
0.58724
0.7769
0.81658
0.53062
0.90024
0.71968
0.74111
0.63554
0.81798
0.48624
0.55917
0.66602
0.6025
0.59935
0.69085
0.75483
0.66128
0.53512
0.68831
0.9933
0.59474
0.78592
0.82536
0.64229
0.70468
0.38579
0.92684
0.52913
0.78776
0.75516
0.63254
0.53161
0.66297
0.70766
0.84454
0.63914
0.78784
0.65893
0.90264
0.56144
0.78222
0.52228
0.76791
0.60847
0.5307
0.40745
0.7345
0.62046
0.77603
0.58457
0.73486
0.67994
0.72428
0.59878
0.55744
0.72132
0.5774
0.61675
0.7109
0.4049
0.79028
0.41707
0.82477
0.52108
0.84232
0.71219
0.80024
0.92049
0.74357
0.84151
0.84117
0.72811
0.73643
0.86096
0.61481
0.68713
0.77487
0.52192
0.54257
0.7562
0.78585
0.64363
0.49455
1.0325
0.68802
0.64244
0.80433
0.53325
0.70291
0.64691
0.67517
0.67172
0.8509
0.70168
0.85991
0.75668
0.74658
0.75843
0.64716
0.77376
0.73457
0.94758
0.66432
0.78211
0.76863
0.69462
0.86217
0.64252
0.60437
0.61158
0.61732
0.63393
0.72915
0.48298
0.67945
0.62638
0.75403
0.77202
0.44515
0.54153
0.68184
0.70284
0.60771
0.66814
0.6605
0.80308
0.70311
0.50641
0.85213
0.63908
0.76073
0.69783
0.5415
0.70523
0.53454
0.76563
0.53061
0.70777
0.77844
0.78485
0.77404
0.67148
0.70135
0.5811
0.49501
0.82969
0.48172
0.65997
0.68735
0.70969
0.63979
0.71747
0.682
0.71632
0.72629
0.68612
0.76006
0.75884
0.63558
0.80199
0.80114
0.81836
0.72215
0.80462
0.8273
0.8395
0.73456
0.68696
0.63141
0.73963
0.91513
0.4538
0.62968
0.27199
0.74492
0.84079
0.64006
0.83047
0.76977
0.78546
0.63666
0.5766
0.87399
0.78057
0.70663
0.76051
0.74173
0.85677
0.5395
0.74728
0.5601
0.69458
0.82616
0.83791
0.82671
0.69204
0.56228
0.69587
0.46429
0.80553
0.80686
0.78553
0.7199
0.60791
0.47241
0.65067
0.41595
0.43377
0.52574
0.79606
0.8087
0.80367
0.70997
0.63381
0.62353
0.60616
0.55285
0.85417
0.4336
0.47823
0.68398
0.89733
0.58387
0.84395
1.0445
0.53852
0.60594
0.6549
0.5524
0.48238
0.81967
0.38394
0.8119
0.74406
0.96145
0.69927
0.62811
0.8368
0.61364
0.67226
0.69923
0.80483
0.66109
0.79935
0.40315
0.6506
0.63776
0.72403
1.0017
0.55663
0.82378
0.95936
0.83537
0.64509
0.8311
0.49728
0.40474
0.57243
0.4379
0.78433
0.71761
0.79828
0.63114
0.57054
0.82001
0.52441
0.54949
0.72874
0.62877
0.69382
0.60507
0.41986
0.4517
0.80461
0.61206
0.63321
0.57544
0.81854
0.63379
0.54634
0.77279
0.81719
0.64814
0.79012
0.83411
0.73648
0.68827
0.53724
0.81556
0.75448
0.7433
0.69383
0.70222
0.7973
0.53483
0.68495
0.76424
0.79625
0.69344
0.79331
0.82781
0.91121
0.76413
0.72168
0.49344
0.81287
0.76062
0.78041
0.86504
0.52033
0.65226
0.90565
0.66778
0.54374
0.75442
0.76703
0.84304
0.8034
0.74006
0.77383
0.75071
0.80329
0.87687
0.66133
0.84913
0.81468
0.92008
0.69136
0.78506
0.82214
0.73791
0.83808
0.70242
0.69991
0.66028
0.5831
0.42826
0.57024
0.77582
0.6109
0.37051
0.75376
0.6644
0.75161
0.76674
0.73881
0.73142
0.85985
0.46172
0.79404
0.61483
0.66362
0.72553
0.57739
0.77303
0.70852
0.64057
0.67305
0.74102
0.52844
0.53314
0.59541
0.82442
0.24314
0.76367
0.89171
0.53452
0.73485
0.55648
0.79561
0.37887
0.64638
0.64331
0.76977
0.60037
0.55177
0.39107
0.63136
0.68375
0.78756
0.71722
0.6813
0.71911
0.71666
0.72194
0.77319
0.54233
0.60416
0.77189
0.64223
0.65141
0.67499
0.91255
0.63693
0.70962
0.69862
0.95082
1.0034
0.68726
0.76694
0.62573
0.70555
0.64579
0.74756
0.63434
0.50811
0.58025
0.47979
0.77839
0.76583
0.70021
0.70146
0.44048
0.3611
0.51305
0.8564
0.6546
0.74607
0.61564
0.7109
0.66717
0.40214
0.70227
0.87316
0.74347
0.80874
0.69698
0.64016
0.57685
0.95679
0.82925
0.60351
0.83732
0.69934
0.66286
0.81315
0.57036
0.69075
0.61454
0.69335
0.72534
0.5536
0.62156
0.795
0.70745
0.65844
0.55377
0.61865
0.82325
0.60487
0.76599
0.79589
0.71832
0.74767
0.74737
0.95777
0.79173
0.81261
0.77221
0.79006
0.94915
0.77432
0.6609
0.62292
0.61022
0.91156
0.76103
0.77312
0.61621
0.63973
0.6554
0.73429
0.59843
0.80105
0.69636
0.74666
0.65832
0.50334
0.38272
0.76417
0.68433
0.64137
0.61999
0.68994
0.64577
0.44038
0.75713
0.71366
0.71448
0.39211
0.45662
0.31678
0.7491
0.93204
0.85298
0.67038
0.887
0.80934
0.71657
0.73796
0.83063
0.68236
0.90431
0.63908
0.63668
0.61048
0.86318
0.77373
0.56175
0.68876
0.67075
0.44569
0.63957
0.81561
0.7883
0.5854
0.65743
0.76862
0.8634
0.78752
0.54963
0.77399
0.84665
0.71128
0.66899
0.72506
0.97762
0.58675
0.64672
0.54957
0.6815
0.7214
0.76377
0.5361
0.6843
0.72263
0.99358
0.71116
0.88289
0.83724
0.74707
0.66258
0.9237
0.33445
0.57262
0.58245
0.86144
0.92845
0.7581
0.60381
0.5897
0.91245
0.87035
0.43299
0.70714
0.66001
0.49533
0.70915
0.74926
0.59043
0.60826
0.83866
0.66648
0.613
0.46745
0.71975
0.65464
0.59203
0.86129
0.60071
0.73232
0.4927
0.89365
0.68492
0.78559
0.48747
0.7809
0.51715
0.62514
0.58215
0.74682
0.87428
0.71991
0.64148
0.70026
0.75535
0.74214
0.73089
0.51784
0.62156
0.46343
0.74143
0.68532
0.62408
0.71606
0.60056
0.614
0.61044
0.73371
0.83234
0.93925
0.87198
0.67388
0.57292
0.76025
0.55153
0.59848
0.79396
0.66013
0.82595
0.78019
0.82937
0.66771
0.61973
0.5024
0.78979
0.56813
0.73847
0.6066
0.54108
0.83301
0.76305
0.77332
0.83952
0.74193
0.65447
0.62764
0.96095
0.80649
0.71961
0.88107
0.63589
0.61826
0.5836
0.74729
0.64729
0.77853
0.89526
0.88557
0.62907
0.68133
0.91666
0.46112
0.68867
0.85029
0.68318
0.59242
0.72734
0.79162
0.89412
0.71371
0.73803
0.59556
0.60234
0.66417
0.78139
0.84004
0.83622
0.59846
0.75703
0.87038
0.67246
0.62341
0.76463
0.89557
0.80658
0.76626
0.73812
0.77763
0.48432
0.81939
0.73392
0.87888
0.68985
0.64251
0.66685
0.75598
0.86981
0.70492
0.78144
0.78617
0.77388
0.69752
0.50749
0.77747
0.4336
0.4025
0.63953
0.7122
0.79609
0.67994
0.61572
0.78275
0.86844
0.87691
0.68424
0.74081
0.72486
0.64642
0.7183
0.93219
0.5892
0.55597
0.59276
0.55407
0.6402
0.62287
0.46154
0.87572
0.55346
0.72973
0.81385
0.62011
0.86328
0.59121
0.68856
0.78251
0.73828
0.69972
0.6687
0.60367
0.92606
0.82654
0.81175
0.69908
0.78181
0.37634
0.89128
0.7826
0.71452
0.353
0.76129
0.7556
0.72928
0.75202
0.5099
0.57062
0.76503
0.55277
0.82627
0.95592
0.66176
0.67576
0.62855
0.68521
0.84908
0.69368
0.79781
0.91655
0.44506
0.57831
0.79257
0.66058
0.65562
0.94227
0.76778
0.69004
0.73724
0.73694
0.8023
0.90546
0.70382
0.70018
0.56186
0.68993
0.6394
0.95059
0.85041
0.80924
0.71475
0.98504
0.83431
0.85102
0.64072
0.7284
0.66752
0.94003
0.69059
0.70625
0.80707
0.63992
0.62823
0.6537
0.85658
0.40831
0.91183
0.78658
0.68848
0.62027
0.94093
0.8446
0.66547
0.87167
0.92327
0.65608
0.60402
0.71715
0.86312
0.82329
0.83209
0.59628
0.94662
0.69997
0.69425
0.7298
0.76493
0.71274
0.74881
0.62726
0.87184
0.704
0.6793
0.4441
0.70977
0.72643
0.58404
0.95094
0.68529
0.63569
0.76253
0.77207
0.87449
0.35962
0.48985
0.74215
0.53882
0.70885
0.68329
0.45962
0.5752
0.77057
0.59986
0.66301
0.94902
0.90734
0.69266
0.80301
0.776
0.66887
0.79862
0.91956
0.73894
0.5551
0.70941
0.70485
0.80906
0.76928
0.66603
0.71209
0.79433
0.6063
0.85976
0.60433
0.69167
0.87659
0.83071
0.6532
0.56713
0.7651
0.78457
0.56651
0.88873
0.67442
0.78465
0.55761
0.6798
0.83248
0.63954
0.95451
0.43206
0.67753
0.88973
0.64186
0.70307
0.78322
0.78132
0.92841
0.2688
0.71833
0.57537
0.84714
0.63056
0.76217
0.63696
0.49165
0.90525
0.70895
0.45308
0.71963
0.64193
0.68509
0.63917
0.76505
0.84494
0.83852
0.62366
0.69977
0.76113
0.72699
0.82874
0.92499
0.55853
0.4693
0.80282
0.79957
0.69547
0.51981
0.5321
0.81829
0.66314
0.65733
0.7829
0.52418
0.86283
0.82517
0.78603
0.88916
0.69903
0.70998
0.78231
0.4738
0.67495
0.70597
0.8777
0.76404
0.73928
0.548
0.66934
0.77179
0.5664
0.59596
0.79091
0.48506
0.5959
0.6047
0.90085
0.62835
0.81181
0.59316
0.66644
0.78057
0.84211
0.65983
0.85778
0.70439
0.76891
0.73784
0.79664
0.78628
0.81844
0.81957
0.73831
0.82654
0.86931
0.66982
0.59542
0.75411
0.81217
0.6495
0.50449
0.54067
0.55432
0.65087
0.71602
0.56128
0.73994
0.69569
0.86455
0.62567
0.69191
0.71073
0.47098
0.8201
0.60986
0.6395
0.62887
0.74001
0.41171
0.36421
0.55602
0.74238
0.68124
0.70306
0.70449
0.83975
0.81035
0.6769
0.82955
0.63959
0.9372
0.72881
0.64978
0.80935
0.51774
0.41362
0.83376
0.56138
0.74549
0.67354
0.75621
0.68701
0.76093
0.72818
0.7761
0.94263
0.76221
0.62562
0.72085
0.77253
0.48631
0.67902
0.63826
0.72715
0.58736
0.64459
0.7383
0.57694
0.76557
0.79454
0.76697
0.74063
0.54389
0.60164
0.7605
0.55608
0.89364
0.86234
0.6844
0.65223
0.8804
0.74436
0.87528
0.55014
0.80826
0.83123
0.67264
0.48045
0.73906
0.74718
0.75973
0.72906
0.36962
0.54502
0.41291
0.45685
0.64215
0.70999
0.8468
0.79089
0.68747
0.74267
0.57102
0.69075
0.71314
0.52679
0.70018
0.82303
0.78017
0.87282
0.73764
0.74019
0.42521
0.56052
0.59149
0.76282
0.85557
0.71817
0.62954
0.67388
0.80013
0.52022
0.7277
0.73687
0.64514
0.78648
0.65588
0.70167
0.77214
0.73796
0.79783
0.56499
0.74642
0.6288
0.72091
0.70175
0.81517
0.61803
0.87021
0.91293
0.60177
0.67493
0.72824
0.79861
0.64083
0.81622
0.50488
0.81892
0.77777
0.50211
0.59098
0.71415
0.68937
0.62631
0.78736
0.81009
0.45216
0.76581
0.46982
0.79632
0.56788
0.81068
0.81999
0.58138
0.79871
0.75349
0.39902
0.72887
0.66861
0.57558
0.68359
0.62912
0.83713
0.71213
0.76279
0.7481
0.78826
0.68577
0.86488
0.77358
0.67067
0.78048
0.67063
0.6932
0.7005
0.75921
0.63914
0.76786
0.77025
0.69375
0.76264
0.61511
0.72764
0.73176
0.77016
0.88656
0.74131
0.69903
0.69963
0.78768
0.60798
0.69729
0.38695
0.78844
0.69404
0.6216
0.77661
0.68573
0.47931
0.56711
0.77353
0.64002
0.55681
0.5672
0.73007
0.68364
0.45066
0.71117
0.73552
0.77623
0.79474
0.6794
0.73294
0.62225
0.78263
0.30498
0.65462
0.68787
0.89303
0.74749
0.77251
0.67701
0.69584
0.59878
0.81417
0.86802
0.82422
0.79412
0.72605
0.67317
0.66942
0.77227
0.63027
0.75298
0.75248
0.76851
0.67273
0.83346
0.64629
0.81932
0.60685
0.47558
0.68822
0.63893
0.5382
0.5485
0.75844
0.56768
0.71617
0.83357
0.81218
0.59767
0.52211
0.72442
0.7364
0.53609
0.6557
0.57829
0.79269
0.71319
0.50156
0.74066
0.7269
0.70674
0.55821
0.5126
0.7477
0.50735
0.46422
0.79637
0.56042
0.72126
0.75538
0.85771
0.73066
0.82199
0.78163
0.65476
0.78527
0.94137
0.52266
0.63996
0.44009
0.55674
0.61652
0.76312
0.69917
0.83145
0.59589
0.659
0.79087
0.86892
0.20062
0.78576
0.84298
0.66434
0.54339
0.80871
0.61716
0.73371
0.61505
0.84501
0.72778
0.71342
0.59361
0.57429
0.59537
0.56778
0.72954
0.42712
0.54714
0.92409
0.54313
0.66572
0.69998
0.81343
0.61294
0.61203
0.50992
0.46084
0.44911
0.81664
0.60583
0.64956
0.77642
0.65511
0.69198
0.56748
0.72481
0.58736
0.49134
0.5881
0.4962
0.64318
0.63617
0.91393
0.50591
0.59505
0.79992
0.89666
0.63607
0.71473
0.56404
0.77742
0.88203
0.73712
0.58774
0.48635
0.62204
0.92434
0.8461
0.54542
0.96333
0.7139
0.84978
0.71836
0.53996
0.72085
0.7131
1.0039
0.79996
0.52851
0.7052
0.29681
0.79291
0.54245
0.49115
0.8238
0.44782
0.87019
0.53758
0.97463
0.7599
0.80262
0.79324
0.68208
0.72607
0.85535
0.62466
0.84316
0.65095
0.75297
0.83448
0.71701
0.39559
0.39186
0.50629
0.62166
0.80513
0.786
0.77621
0.51093
0.95922
0.83231
0.50625
0.74819
0.8711
0.69058
0.64204
0.4318
0.50829
0.81776
0.59131
0.78731
0.73894
0.78899
0.68201
0.39898
0.64139
0.79787
0.75336
0.67089
0.82651
0.63585
0.61554
0.53623
0.52225
0.64449
0.96049
0.60411
0.7606
0.73005
0.69582
0.60063
0.63695
0.60055
0.65911
0.79915
0.56574
0.81207
0.89942
0.78314
0.73602
0.79296
0.7909
0.53049
0.72784
0.82744
0.63091
0.54616
0.82486
0.82838
0.51951
0.71201
0.79051
0.33079
0.39676
0.5555
0.69709
0.66219
0.95441
0.63354
0.73502
0.86687
0.87151
0.57821
0.81074
0.62324
0.87154
0.44713
0.86727
0.50465
0.52178
0.50677
0.73116
0.79837
0.58982
0.39245
0.57861
0.5689
0.81788
0.83079
0.68806
0.70621
0.92308
0.71903
0.7238
0.63066
0.81447
0.79577
0.63495
0.54481
0.6861
0.57437
0.79011
0.92763
0.30955
0.76656
0.78906
0.75027
0.74814
0.59044
0.83738
0.89686
0.70101
0.83198
0.81419
0.74122
0.70283
0.65237
0.5034
0.48347
0.67324
0.61743
0.72683
0.73963
0.88526
0.77381
0.7767
0.85623
0.63217
0.5487
0.76482
0.55727
0.71897
0.67214
0.79102
0.75674
0.86978
0.61267
0.58215
0.81015
0.56333
0.86414
0.63758
0.77598
0.68588
0.69838
0.55603
0.7514
0.56488
0.57341
0.74214
0.64014
0.72578
0.66639
0.40192
0.74129
0.74018
0.54995
0.84202
0.63843
0.61618
0.53874
0.70145
0.57432
0.7963
0.61182
0.47384
0.5117
0.79644
0.71463
0.73886
0.70297
0.54861
0.62479
0.81777
0.72373
0.83101
0.82245
0.77202
0.61936
0.83955
0.52349
0.73926
0.73781
0.7573
0.85244
0.89771
0.62166
0.78147
0.4338
0.7624
0.68485
0.64466
0.73852
0.71508
0.61681
0.69097
0.85121
0.89089
0.823
0.73894
0.6307
0.68624
0.60021
0.76465
0.57423
0.78052
0.83409
0.93684
0.90492
0.58448
0.67967
0.54846
0.76129
0.72682
0.57356
0.77613
0.63046
0.60652
0.57384
0.63724
0.38124
0.708
0.67995
0.39377
0.70331
0.5986
0.52494
0.70148
0.67351
0.41066
0.69025
0.89819
0.71737
0.88096
0.69109
0.86995
0.46597
0.63973
0.75747
0.66213
0.58285
0.83598
0.49529
0.66929
0.64021
0.53358
0.5234
0.86823
0.80672
0.65702
0.74538
0.57388
0.63831
0.7986
0.85274
0.6661
0.89236
0.66379
0.74239
0.78515
0.71971
0.7466
0.68197
0.86065
0.53107
0.6771
0.76329
0.68458
0.76828
0.61119
0.76055
0.85669
0.39651
0.85773
0.90452
0.7573
0.79613
0.78196
0.55039
0.89459
0.69282
0.58254
0.78628
0.71557
0.66523
0.62961
0.70884
0.83374
0.75752
0.47827
0.65154
0.57838
0.87985
0.65791
0.71954
0.83008
0.91026
0.64472
0.62309
0.80376
0.83456
0.49929
0.65555
0.75886
0.75515
0.5675
0.75375
0.89849
0.76324
0.70027
0.76366
0.66384
0.8329
0.7373
0.5234
0.80766
0.70031
0.5143
0.91205
0.71529
0.86505
0.83747
0.92027
0.73196
0.71402
0.65981
0.44332
0.77182
0.49317
0.78171
0.51908
0.59699
0.8652
0.70946
0.8122
0.72146
0.83236
0.62349
0.79096
0.65557
0.84385
0.65828
0.68116
0.79917
0.62966
0.78852
0.76145
0.56466
0.66535
0.76798
0.65977
0.67319
0.69244
0.82628
0.59497
0.71435
0.73519
0.66415
0.74559
0.90419
0.5995
0.64607
0.65673
0.6635
0.77874
0.81872
0.82064
0.7176
0.89878
0.55079
0.71165
0.59584
0.74687
0.72421
0.80443
0.59477
0.81237
0.67695
0.79517
0.85857
0.78444
0.79455
0.52773
0.72608
0.64703
0.62861
0.4327
0.5408
0.6293
0.79816
0.63538
0.7059
0.83957
0.62335
0.85766
0.73436
0.62461
0.63474
0.69613
0.3913
0.69012
0.69625
0.60903
0.83984
0.60509
0.83118
0.68615
0.8105
0.67562
0.71324
0.73299
0.52305
0.69572
0.93845
0.82072
0.67926
0.75139
0.75557
0.6323
0.6026
0.86552
0.81369
0.81563
0.85036
0.70095
0.64691
0.46492
0.45361
0.71215
0.85084
0.80047
0.54353
0.56127
0.81284
0.53898
0.79515
0.88669
0.65847
0.76001
0.73879
0.31425
0.85854
0.83295
0.79829
0.88108
0.27572
0.81345
0.72531
0.83123
0.6748
0.729
0.59135
0.69607
0.6305
0.61099
0.73688
0.91948
0.81764
0.71881
0.69907
0.86018
0.85816
0.87631
0.74589
0.63467
0.75787
0.83047
0.77831
0.64434
0.56483
0.68505
0.65765
0.62065
0.65209
0.60603
0.74111
0.76744
0.65158
0.70843
0.77407
0.39002
0.78844
0.8093
0.81415
0.70082
0.65516
0.68114
0.85303
0.65319
0.97144
0.62288
0.68713
0.72937
0.76891
0.65288
0.54947
0.34204
0.64436
0.5505
0.40338
0.7058
0.6945
0.65241
0.51527
0.5315
0.5271
0.57646
0.59342
0.65121
0.90234
0.75272
0.72286
0.82528
0.86935
0.76373
0.72953
0.68716
0.74993
0.54071
0.72946
0.71061
0.86713
0.63557
0.81339
0.76589
0.80602
0.69708
0.72807
0.65554
0.73556
0.70844
0.73411
0.85135
0.67939
0.63471
0.68287
0.86241
0.4263
0.76487
0.70365
0.54002
0.68724
0.7312
0.9666
0.64282
0.76358
0.8707
0.65397
0.89235
0.52291
0.5961
0.67414
0.74953
0.72127
0.56638
0.45705
0.49522
0.91038
0.43466
0.85577
0.5349
0.59586
0.74182
0.46668
0.82682
0.57357
0.56607
0.66999
0.58912
0.73502
0.48825
0.65508
0.64431
0.8764
0.66166
0.73736
0.5212
0.67651
0.7795
0.70803
0.78449
0.76695
0.65708
0.82219
0.81008
0.74073
0.65389
0.5545
0.55439
0.45933
0.69593
0.83492
0.72165
0.52125
0.5964
0.7297
0.71444
0.80896
0.68248
0.69071
0.77918
0.78088
0.87179
0.42441
0.70282
0.57552
0.65714
0.90715
0.71375
0.71691
0.82174
0.87206
0.75031
0.84747
0.58704
0.86965
0.606
0.87745
0.84953
0.76311
0.67209
0.7794
0.88367
0.69236
0.82107
0.45414
0.70166
0.68328
0.72156
0.68373
0.77217
0.76367
0.83239
0.67064
0.41897
0.73234
0.65656
0.70261
0.62304
0.80657
0.78328
0.8401
0.62873
0.83482
0.86449
0.72028
0.67519
0.85209
0.64003
0.63369
0.62893
0.77002
0.66445
0.82981
0.76078
0.51462
0.48717
0.69837
0.86918
0.63414
0.68849
0.65441
0.77586
0.81027
0.85941
0.70104
0.82762
0.78675
0.54433
0.89316
0.74835
0.70772
0.83589
0.80716
0.82685
0.90597
0.75695
0.77254
0.65685
0.66493
0.52807
0.79606
0.49581
0.62571
0.7122
0.91813
0.51386
0.65775
0.67664
0.39238
0.81836
0.73118
0.78123
0.6633
0.78508
0.56785
0.5966
0.76807
0.58449
0.84344
0.74453
0.77435
0.57055
0.64883
0.72893
0.86694
0.69062
0.53672
0.66916
0.74951
0.70512
0.56951
0.62507
0.64989
0.43172
0.63999
0.76576
0.76673
0.65933
0.8541
0.75088
0.75251
0.71481
0.79599
0.76099
0.76608
0.73423
0.45202
0.64639
0.70207
0.80372
0.8624
0.52933
0.61979
0.86413
0.65635
1.0215
0.69593
0.38966
0.67293
0.45921
0.65171
0.72929
0.88515
0.68645
0.82886
0.73046
0.76411
0.56993
0.84443
0.67616
0.75567
0.70354
0.56757
0.6006
0.73585
0.84243
0.81096
0.74025
0.68708
0.66283
0.59268
0.55442
0.67061
0.645
0.52904
0.87174
0.70429
0.65571
0.70844
0.60193
0.53504
0.38298
0.82515
0.66029
0.57818
0.67689
0.47669
0.79925
0.68773
0.64663
0.74559
0.83031
0.57954
0.54444
0.6205
0.74772
0.75159
0.58371
0.48825
0.82865
0.80602
0.67166
0.63024
0.8118
0.87855
0.74077
0.62134
0.62748
0.46255
0.79272
0.80554
0.52748
0.48767
0.75794
0.61072
0.55005
0.92771
0.62272
0.8232
0.64192
0.85883
0.81775
0.65658
0.84563
0.76292
0.83351
0.72213
0.78099
0.79514
0.48604
0.64912
0.60327
0.75428
0.88118
0.95627
0.79762
0.66038
0.7199
0.53779
0.81764
0.54341
0.72965
0.76155
0.83561
0.60658
0.57302
0.65987
0.67833
0.81944
0.6506
0.76935
0.93096
0.79136
0.7633
0.37233
0.65228
0.81195
0.75069
0.38149
0.74371
0.81301
0.58858
0.75589
0.75443
0.53167
0.97111
0.42489
0.73201
0.48283
0.5479
0.84728
0.61211
0.43328
0.61048
0.58111
0.6881
0.70166
0.87416
0.56166
0.92168
0.64009
0.87737
0.5378
0.71627
0.76736
0.60694
0.68137
0.59271
0.74699
0.84399
0.77573
0.87774
0.80927
0.53413
0.55963
0.72091
0.73737
0.81099
0.73309
0.78787
0.9402
0.84308
0.81951
0.3633
0.53275
0.41094
0.70211
0.80386
0.72761
0.79535
0.67703
0.75335
0.74478
0.60665
0.53316
0.6845
0.72032
0.71585
0.66322
0.64878
0.7735
0.72125
0.5252
0.58324
0.62097
0.64923
0.46679
0.83849
0.71734
0.69397
0.59528
0.85127
0.51246
0.51865
0.59518
0.58831
0.57321
0.65772
0.84421
0.65264
0.78191
0.6269
0.73611
0.77715
0.84635
0.6846
0.67
0.65401
0.65231
0.539
0.8144
0.69486
0.76831
0.64309
0.88581
0.8138
0.86599
0.68279
0.83496
0.67557
0.61459
0.67087
0.70315
0.56635
0.77563
0.58941
0.62583
0.67792
0.80218
0.90651
0.68986
0.60404
0.42296
0.59472
0.56229
0.79938
0.6096
0.65613
0.40525
0.57987
0.93017
0.64992
0.88516
0.82
0.56198
0.5458
0.8271
0.64234
0.75457
0.66013
0.57751
0.52773
0.71233
0.70855
0.77422
0.50024
0.84464
0.73339
0.7777
0.43007
0.84357
0.75843
0.64936
0.71615
0.92975
0.59911
0.75848
0.62748
0.41018
0.50117
0.62498
0.94331
0.91206
0.66242
0.55204
0.7502
0.43813
0.63283
0.75762
0.6094
0.78054
0.72293
0.6903
0.7676
0.88931
0.76393
0.60342
0.79601
0.55921
0.8353
0.82545
0.59089
0.77031
0.6496
0.69074
0.86912
0.49204
0.78417
0.66012
0.83975
0.87154
0.73381
0.71002
0.78478
0.80679
0.83449
0.82822
0.8483
0.83713
0.64602
0.74042
0.85934
0.72982
0.83334
0.65408
0.78337
0.81514
0.81636
0.66231
0.65579
0.71746
0.79846
0.57257
0.48954
0.72514
0.47839
0.81377
0.81107
0.64411
0.73397
0.84394
0.62475
0.93635
0.85164
0.71809
0.48073
0.64417
0.55448
0.63517
0.65572
0.82448
0.65299
0.82692
0.76717
0.6446
0.70162
0.66031
0.68506
0.9485
0.59278
0.6776
0.48602
0.56655
0.65515
0.89309
0.59659
0.75854
0.77844
0.64412
0.73947
0.7031
0.75725
0.59977
0.49576
0.6296
0.70717
0.84327
0.91537
0.63332
0.64714
0.6338
0.69541
0.90461
0.72895
0.75981
0.49494
0.47299
0.56145
0.75134
0.7322
0.55888
0.73709
0.66989
0.79296
0.73373
0.77421
0.69509
0.67569
0.66378
0.54366
0.81956
0.61439
0.80068
0.88184
0.46037
0.76443
0.75005
0.82493
0.64738
0.68377
0.62072
0.53536
0.65962
0.82311
0.44331
0.80811
0.78075
0.64985
0.515
0.94787
0.48596
0.83726
0.30669
0.72888
0.60187
0.80534
0.49683
0.65927
0.5984
0.536
0.63128
0.81839
0.79638
0.60292
0.562
0.72175
0.52069
0.70073
0.79638
0.5896
0.64286
0.6388
0.78357
0.69123
0.70991
0.90184
0.83326
0.80512
0.6792
0.7615
0.80058
0.79034
0.58578
0.53719
0.76843
0.56064
0.54513
0.59097
0.71014
0.62404
0.69114
0.73927
0.6525
0.74234
0.8472
0.83008
0.59052
0.53508
0.8369
0.5215
0.88109
0.54059
0.7844
0.68194
0.62782
0.76959
0.69819
0.76843
0.8772
0.73934
0.69743
0.65523
0.4061
0.54356
0.67687
0.60038
0.79279
0.66708
0.87833
0.80428
0.68094
0.50444
0.63602
0.79311
0.74616
0.85056
0.81474
0.64468
0.64528
0.78793
0.55677
0.81635
0.8702
0.80994
0.74946
0.66444
0.88212
0.63044
0.69682
0.53778
0.71453
0.38589
0.71791
0.95662
0.63004
0.42356
0.63818
0.79782
0.76866
0.78266
0.86
0.56924
0.63129
0.8303
0.59116
0.8447
0.71751
0.7018
0.8182
0.73861
0.76098
0.69494
0.45048
0.56747
0.65672
0.49973
0.84001
0.59462
0.49506
0.66504
0.78525
0.79009
0.59769
0.72764
0.85299
0.53718
0.60511
0.59231
0.72252
0.88635
0.58107
0.80343
0.79987
0.60993
0.80624
0.78316
0.67213
0.58947
0.69583
0.63068
0.69539
0.68362
0.93455
0.92152
0.83016
0.842
0.72179
0.45672
0.78739
0.70178
0.79121
0.63575
0.69564
0.7054
0.6825
0.63394
0.68459
0.4158
0.72452
0.86009
0.85588
0.63169
0.53556
0.71607
0.65166
0.58083
0.49597
0.66873
0.79743
0.84582
0.80748
0.62232
0.85959
0.87605
0.38609
0.64578
0.84921
0.60698
0.77361
0.75175
0.65747
0.50577
0.64164
0.68885
0.72511
0.8093
0.94225
0.53827
0.61835
0.9041
0.87662
0.7238
0.79823
0.46102
0.75439
0.42683
0.7542
0.70481
0.81751
0.60664
0.55274
0.82741
0.55005
0.81754
0.83704
0.77665
0.65789
0.80372
0.64667
0.80516
0.63788
0.82845
0.70864
0.77745
0.80895
0.81661
0.49579
0.5677
0.88328
0.90449
0.8184
0.7763
0.67839
0.71022
0.67602
0.6532
0.74313
0.56953
0.38051
0.41068
0.62305
0.75072
0.69157
0.70882
0.907
0.70595
0.69613
0.76465
0.74254
0.56808
0.60573
0.46421
0.69596
0.89398
0.73794
0.45703
0.93186
0.72736
0.73228
0.73215
0.325
0.58998
0.57259
0.80571
0.64955
0.91753
0.8839
0.51611
0.67942
0.80286
0.58844
0.6761
0.60022
0.44697
0.74937
0.60693
0.73705
0.6164
0.72086
0.70156
0.68995
0.96451
0.63909
0.74576
0.84472
0.63033
0.7757
0.41528
0.81398
0.70427
0.55992
0.78901
0.83186
0.6079
0.87397
0.62908
0.79392
0.87572
0.72328
0.76718
0.65731
0.84683
0.79408
0.919
0.67418
0.63011
0.79131
0.65256
0.59878
0.87307
0.5772
0.58607
0.64439
0.62982
0.70516
0.69047
0.59408
0.53812
0.81376
0.62247
0.76435
0.8129
0.65003
0.74836
0.62474
0.64543
0.64489
0.73443
0.64827
0.52213
0.76401
0.88951
0.69898
0.72526
0.85386
0.57963
0.88526
0.6848
0.64114
0.74148
0.76558
0.44449
0.47956
0.81238
0.61417
0.65967
0.82157
0.67432
0.50314
0.74602
0.5461
0.74693
0.49757
0.72905
0.48712
0.86033
0.73893
0.79715
0.67981
0.79121
0.73172
0.71472
0.95402
0.75591
0.64021
0.42224
0.74243
0.65353
0.5846
0.59692
0.51217
0.68161
0.83755
0.59389
0.74182
0.69699
0.43425
0.88332
0.71716
0.60875
0.60907
0.79703
0.5742
0.67232
0.7387
0.60596
0.65888
0.81584
0.86185
0.7475
0.48058
0.75833
0.85481
0.76746
0.59768
0.79157
0.51859
0.96809
0.70199
0.67075
0.61579
0.64071
0.83852
0.71013
0.50431
0.63818
0.65893
0.57514
0.62257
0.72133
0.68627
0.85055
0.67732
0.77885
0.83367
0.64389
0.73703
0.53183
0.58047
0.81776
0.79153
0.83375
0.5756
0.56855
0.78425
0.46593
0.82825
0.63141
0.77007
0.70333
0.79822
0.73365
0.37128
0.66571
0.65555
0.58347
0.71956
0.78059
0.76707
0.903
0.60342
0.5883
1.0056
0.71923
0.59134
0.47544
0.92316
0.66735
0.46993
0.63401
0.89521
0.75553
0.48705
0.68248
0.53033
0.77535
0.77973
0.66902
0.60208
0.69782
0.73532
0.67958
0.48556
0.67047
0.93484
0.76095
0.69656
0.66483
0.73457
0.64033
0.74482
0.70486
0.70987
0.47524
0.49361
0.55913
0.65565
0.78543
0.62642
0.70548
0.55574
0.70761
0.70094
0.55442
0.57186
0.45412
0.57321
0.7702
0.84329
0.65382
0.74293
0.63238
0.83221
0.72879
0.51054
0.68168
0.70289
0.75873
0.62005
0.74074
0.81663
0.76694
0.54499
0.73343
0.4209
0.62509
0.64463
0.61603
0.66447
0.69409
0.80902
0.44644
0.34269
0.78842
0.73211
0.89677
0.80147
0.6559
0.61828
0.62488
0.83483
0.6917
0.73783
0.77652
0.62637
0.6278
0.60772
0.68573
0.91115
0.66931
0.67294
0.65004
0.75263
0.73971
0.83098
0.96576
0.65107
0.62025
0.71742
0.70206
0.69324
0.75219
1.0822
0.71172
0.59841
0.75589
0.71349
0.74216
0.65246
0.69931
0.56271
0.60428
0.52464
0.85978
0.65283
0.55784
0.52525
0.45523
0.78723
0.63409
0.6465
0.84085
0.84829
0.76165
0.76664
0.87824
0.76711
0.7375
0.48163
0.6452
0.77049
0.92807
0.73242
0.64712
0.69818
0.75059
0.88598
0.82416
0.73654
0.73747
0.73658
0.76938
0.77216
0.79868
0.79382
0.71629
0.81847
0.48772
0.66643
0.80657
0.76706
0.50457
0.7044
0.73127
0.75527
0.60102
0.5093
0.73423
0.50031
0.89659
0.54103
0.84186
0.45645
0.74378
0.62132
0.60331
0.78222
0.73766
0.72848
0.66373
0.8235
0.64724
0.78514
0.8081
0.83679
0.80661
0.72493
0.85628
0.7925
0.64665
0.92904
0.58928
0.80742
0.38541
0.82245
0.59908
0.52444
0.74797
0.57373
0.79112
0.43749
0.63231
0.59514
0.78745
0.49901
0.85046
0.70219
0.71004
0.79984
0.80939
0.69446
0.77108
0.49643
0.57144
0.54705
0.58838
0.77191
0.94345
0.85494
0.7473
0.71987
0.61701
0.66768
0.69281
0.72202
0.6787
0.91894
0.36549
0.70655
0.5072
0.39198
0.53854
0.69214
0.7606
0.69355
0.6487
0.62755
0.86726
0.73054
0.67368
0.38962
0.63042
0.51421
0.73474
0.88287
0.71948
0.7462
0.73439
0.77212
0.4677
0.73115
0.80484
0.66533
0.61409
0.55747
0.50574
0.60907
0.77028
0.7629
0.89097
0.5169
0.84746
0.65748
0.72481
0.88233
0.88949
0.69847
0.78217
0.88857
0.64536
0.73189
0.71985
0.69924
0.53599
0.60265
0.64311
0.77195
0.72799
0.60907
0.87478
0.56474
0.54255
0.79509
0.7782
0.61293
0.75772
0.65929
0.65504
0.77181
0.60028
0.80683
0.53547
0.75954
0.78795
0.72017
0.71519
0.8707
0.49664
0.50291
0.82984
0.7782
0.69798
0.61957
0.72555
0.78122
0.46862
0.74348
0.7469
0.59224
0.63126
0.80815
0.55265
0.67573
0.84455
0.42713
0.79176
0.67212
0.58416
0.77281
0.6953
0.73338
0.61344
0.89234
0.67494
0.69063
0.54756
0.74582
0.64953
0.66059
0.56207
0.75081
0.80895
0.79075
0.80199
0.48499
0.73404
0.62555
0.707
0.97486
0.72944
0.62092
0.74012
0.35132
0.6127
0.54924
0.81824
0.84594
0.83791
0.64475
0.75193
0.80298
0.78998
0.6683
0.6733
0.82751
0.59352
0.80416
0.82041
0.63014
0.84608
0.51916
0.78448
0.81728
0.83662
0.85612
0.63272
0.81826
0.91612
0.4994
0.89014
0.49018
0.62023
0.77392
0.68994
0.83643
0.84198
0.67706
0.82763
0.58991
0.56137
0.80361
0.66305
0.70022
0.88651
0.6563
0.70646
0.67962
0.68105
0.77848
0.40608
0.47494
0.617
0.87477
0.70647
0.74834
0.55289
0.86883
0.75067
0.60789
0.73123
0.43194
0.60804
0.58571
0.66678
0.63567
0.62691
0.89329
0.89754
0.59162
0.83674
0.69635
0.68479
0.92803
0.65009
0.8294
0.63338
0.30205
0.657
0.5573
0.68236
0.7591
0.54265
0.67592
0.82034
0.48896
0.6772
0.7842
0.81131
0.79563
0.782
0.29073
0.70806
0.83493
0.66367
0.68614
0.92643
0.92251
0.6832
0.47784
0.61423
0.52185
0.37325
0.75568
0.86245
0.80271
0.76157
0.74466
0.84924
0.78054
0.74247
0.85568
0.86037
0.5577
0.7697
0.7066
0.69198
0.69342
0.85161
0.66018
0.75558
0.58066
0.62357
0.67444
0.66092
0.62957
0.79913
0.83396
0.87234
0.72321
0.58007
0.86646
0.60882
0.58913
0.72938
0.63318
0.66514
0.66067
0.76091
0.895
0.65665
0.76645
0.66639
0.65715
0.70294
0.8829
0.75721
0.62728
0.81593
0.74743
0.86481
0.62697
0.69346
0.65589
0.48608
0.54512
0.62033
0.46192
0.71948
0.71304
0.48218
0.84269
0.77055
0.92793
0.64565
0.72466
0.76714
0.86014
0.78652
0.91642
0.7028
0.48292
0.79624
0.78371
0.75352
0.69877
0.77815
0.81726
0.24629
0.56494
0.69332
0.46879
0.62245
0.74645
0.60578
0.78031
0.67856
0.65516
0.8127
0.77729
0.77739
0.63567
0.88191
0.73087
0.83999
0.69739
0.68682
0.67073
0.56916
0.51501
0.85258
0.59805
0.89893
0.87748
0.65402
0.75051
0.62245
0.51337
0.74109
0.63482
0.65192
0.5859
0.90813
0.75463
0.46421
0.46761
0.75877
0.75929
0.64146
0.55633
0.67182
0.8325
0.67648
0.79006
0.78904
0.8277
0.69103
0.57599
0.71929
0.81575
0.78491
0.82436
0.65852
0.92027
0.88097
0.68941
0.34492
0.67195
0.77502
0.49506
0.55192
0.42633
0.62989
0.75948
0.65407
0.79088
0.75056
0.87401
0.67403
0.79039
0.48132
0.79115
0.68974
0.45939
0.5758
0.80227
0.56164
0.6391
0.70453
0.54392
0.84717
0.81402
0.6978
0.67273
0.67692
0.70645
0.5796
0.63536
0.57152
0.60913
0.65147
0.81803
0.60653
0.85768
0.80177
0.59194
0.62129
0.62445
0.62787
0.70266
0.3771
0.74466
0.86702
0.89801
0.78002
0.60984
0.75306
0.55324
0.80231
0.6293
0.67161
0.78404
0.80046
1.0135
0.62507
0.6114
0.54398
0.85143
0.60105
0.61653
0.69065
0.7162
0.69055
0.58806
0.79264
0.71008
0.68386
0.53083
0.55707
0.58407
0.41479
0.88095
0.83785
0.77403
0.78587
0.81535
0.59605
0.81542
0.88003
0.69576
0.68709
0.69304
0.60087
0.59637
0.8231
0.79616
0.57838
0.5383
0.55511
0.70144
0.72775
0.82074
0.73472
0.86081
0.65576
0.76622
0.76597
0.65908
0.67328
0.79717
0.65704
0.73486
0.62983
0.71029
0.73108
0.33027
0.74997
0.90349
0.66462
0.61497
0.79161
0.63144
0.88846
0.81799
0.61451
0.77691
0.74725
0.60728
0.78454
0.56268
0.46668
0.53752
0.70014
0.68932
0.43253
0.56893
0.87832
0.63638
0.7355
0.78584
0.68719
0.82625
0.83989
0.68477
0.73118
0.47174
0.81979
0.57981
0.48316
0.733
0.45227
0.87535
0.88226
0.84731
0.74331
0.62205
0.36935
0.73054
0.84778
0.85054
0.7797
0.70198
0.77444
0.63669
0.52878
0.89747
0.71055
0.65726
0.82937
0.75558
0.92779
0.61669
0.83877
0.77569
0.42083
0.6476
0.83842
0.73907
0.77018
0.6596
0.6071
0.75321
0.76271
0.84013
0.63571
0.64664
0.71152
0.84115
0.9309
0.57022
0.52157
0.72678
0.70016
0.78138
0.68971
0.62092
0.69492
0.51529
0.75068
0.79907
0.75995
0.65875
0.62591
0.81065
0.7469
0.7348
0.78344
0.87395
0.74972
0.52715
0.46555
0.76249
0.57084
0.78797
0.73186
0.55551
0.77075
0.50402
0.54109
0.57668
0.59818
0.84765
0.79563
0.48071
0.61439
0.67728
0.73324
0.77992
0.58925
0.75134
0.80878
0.77084
0.70982
0.6464
0.46702
0.41428
0.91624
0.66272
0.66261
0.83837
0.8531
0.78428
0.78643
0.722
0.8367
0.61349
0.56584
0.59802
0.79095
0.75896
0.46586
0.50639
0.74854
0.9705
0.64833
0.62938
0.48524
0.59199
0.76702
0.82605
0.78024
0.84967
0.72225
0.73589
0.72088
0.70822
0.59217
0.55686
0.50061
0.69074
0.61698
0.95374
0.65473
0.79584
0.7468
0.74475
0.46006
0.61143
0.68442
0.65091
0.783
0.77601
0.67544
0.80594
0.70683
0.81372
0.47125
0.79709
0.89047
0.66194
0.91097
0.82586
0.70778
0.6249
0.93548
0.74791
0.71042
0.58534
0.74705
0.54464
0.7699
0.50442
0.71551
0.73386
0.66276
0.52812
0.50477
0.45602
0.67361
0.66994
0.61361
0.78224
0.81305
0.54938
0.71096
0.81045
0.79676
0.93183
0.62818
0.4966
0.67292
0.68107
0.75457
0.69785
0.49365
0.7635
0.48959
0.80269
0.76403
0.76214
0.76765
0.58705
0.55388
0.46771
0.81757
0.43718
0.61385
0.74711
0.79215
0.40158
0.79061
0.4306
0.77494
0.76118
0.79704
0.69722
0.63289
0.47738
0.68299
0.61418
0.78595
0.66741
0.76094
0.99929
0.81263
0.73881
0.42495
0.52759
0.6853
0.8186
0.66821
0.84776
0.5838
0.72542
0.74044
0.76432
0.72211
0.67333
0.80872
0.58992
0.72389
0.57084
0.69811
0.47729
0.53138
0.68838
0.81494
0.59931
0.73377
0.77849
0.65457
0.53034
0.73495
0.57503
0.75855
0.58596
0.76888
0.81723
0.69169
0.77529
0.68812
0.88042
0.45394
0.67093
0.64466
0.58177
0.84015
0.63576
0.77969
0.72516
0.54378
0.66108
0.78769
0.57655
0.87686
0.6861
0.57417
0.6748
0.52647
0.72373
0.82856
0.64707
0.84519
0.5034
0.5943
0.84882
0.58609
0.90737
0.63265
0.48307
0.55913
0.70002
0.91569
0.61273
0.81835
0.68383
0.82735
0.30663
0.55845
0.8164
0.6906
0.86251
0.6552
0.73453
0.75507
0.84971
0.77158
0.9547
0.5003
0.71667
0.91243
0.67728
0.67334
0.71364
0.69766
0.57347
0.44066
0.54699
0.69831
0.7946
0.70559
0.75994
0.76642
0.88065
0.60644
0.81413
0.78898
0.5622
0.57243
0.77041
0.42793
0.74373
0.8821
0.49011
0.4588
0.72067
0.56535
0.71702
0.82265
0.64965
0.72434
0.72818
0.68271
0.55782
0.78941
0.84473
0.656
0.51432
0.74908
0.76417
0.67568
0.55434
0.90242
0.78862
0.77645
0.60766
0.77865
0.75526
0.61698
0.6332
0.90674
0.62804
0.38845
0.78237
0.70431
0.67195
0.6666
0.52558
0.7312
0.64524
0.77946
0.73614
0.7742
0.70681
0.63993
0.67404
0.65283
0.63019
0.79749
0.48246
0.74051
0.60967
0.85397
0.80693
0.69909
0.85783
0.54297
0.77898
0.77859
0.80851
0.91427
0.6017
0.6806
0.77402
0.59792
0.71902
0.62039
0.79321
0.52335
0.60038
0.87816
0.70509
0.59314
0.67345
0.68958
0.7567
0.70444
0.52817
0.77443
0.7587
0.59221
0.56331
0.58585
0.8475
0.61137
0.57366
0.63803
0.48
0.55194
0.52419
0.53342
0.75277
0.68969
0.76747
0.78513
0.63268
0.5506
0.77658
0.89035
0.60766
0.71781
0.73632
0.84708
0.65421
0.77835
0.21474
0.54417
0.75451
0.66959
0.6413
0.80741
0.53796
0.47437
0.402
0.84829
0.8359
0.777
0.68481
0.68212
0.89072
0.76635
0.63303
0.58759
0.87038
0.56339
0.6584
0.41917
0.55122
0.78588
0.65229
0.69067
0.43372
0.58792
0.62803
0.72782
0.62063
0.78114
0.65651
0.7232
0.92023
0.74988
0.8415
0.74955
0.8995
0.65371
0.58396
0.56202
0.6476
0.74911
0.78181
0.75687
0.73625
0.80821
0.61831
0.83401
0.5829
0.89287
0.63067
0.76589
0.82436
0.79974
0.57608
0.76488
0.67864
0.54051
0.50897
0.37067
0.58613
0.58692
0.66822
0.34816
0.79208
0.65048
0.74753
0.81498
0.59001
0.61511
0.63342
0.52537
0.81611
0.75952
0.77758
0.67311
0.77066
0.7535
0.66177
0.53922
0.69839
0.76871
0.58457
0.71706
0.54328
0.66827
0.72196
0.80958
0.70878
0.66674
0.62817
0.56721
0.70329
0.54578
0.76511
0.45202
0.72239
0.69471
0.46562
0.82417
0.77574
0.87391
0.76614
0.90522
0.71366
0.65856
0.77922
0.58134
0.78807
0.9587
0.66014
0.63698
0.75881
0.63681
0.77679
0.84825
0.76039
0.7351
0.53465
0.74174
0.70348
0.80117
0.73883
0.74185
0.47915
0.83477
0.53854
0.6855
0.65913
0.96174
0.5747
0.79717
0.27255
0.81206
0.64906
0.52
0.82941
0.64455
0.76498
0.7887
0.69321
0.50709
0.58662
0.71267
0.66443
0.66895
0.69955
0.67087
0.53598
0.45879
0.68335
0.69194
0.73324
0.78697
0.64145
0.58584
0.71937
0.68906
0.87023
0.79241
0.7499
0.68804
0.72805
0.75613
0.86211
0.45201
0.53617
0.70961
0.6926
0.61098
0.80108
0.71654
0.71726
0.87681
0.9175
0.65378
0.7853
0.64787
0.68824
0.76536
0.79294
0.66709
0.45991
0.75507
0.69685
0.89039
0.64686
0.63749
0.81593
0.58156
0.87766
0.74115
0.79281
0.47025
0.45997
0.71837
0.48168
0.56062
0.84988
0.69819
0.83579
0.71962
0.60306
0.54316
0.7647
0.69096
0.61872
0.47488
0.70219
0.68571
0.69851
0.64705
0.8737
0.79872
0.74774
0.55392
0.64179
0.73766
0.47235
0.7033
0.65356
0.79571
0.71863
0.77417
0.85827
0.51967
0.66436
0.81774
0.49073
0.78795
0.68143
0.7958
0.84469
0.72342
0.83442
0.73619
0.91589
0.68683
0.77343
0.7743
0.72982
0.71148
0.70797
0.43838
0.46775
0.64232
0.90217
0.72627
0.54757
0.64332
0.4661
1.0456
0.59263
0.66531
0.66213
0.73439
0.55617
0.46821
0.71379
0.72022
0.68985
0.79933
0.61142
0.52244
0.7817
0.77893
0.61171
0.64688
0.72049
0.91477
0.7381
0.77189
0.79901
0.72276
0.70053
0.63959
0.7651
0.70362
0.75251
0.74206
0.66721
0.80767
0.51031
0.68021
0.47585
0.94403
0.56014
0.80857
0.89543
0.68747
0.67205
0.84116
0.50491
0.89446
0.70537
0.63658
0.80529
0.74916
0.73919
0.85206
0.71196
0.73906
0.47895
0.48973
0.92196
0.79708
0.58982
0.70634
0.72939
0.3405
0.50243
0.48429
0.64784
0.84379
0.71687
0.71234
0.47862
0.67856
0.78932
0.64924
0.67823
0.61505
0.89156
0.86964
0.41521
0.65076
0.60648
0.36907
0.84373
0.61364
0.80504
0.61073
0.37946
0.84026
0.71838
0.86624
0.63473
0.64471
0.49802
0.77565
0.70541
0.6697
0.79539
0.90896
0.44736
0.56651
0.36581
0.81346
0.74837
0.76219
0.42869
0.60575
0.69817
0.57689
0.89982
0.56207
0.62665
0.62598
0.82782
0.54243
0.68733
0.74331
0.79505
0.69837
0.47204
0.78083
0.57222
0.74213
0.72623
0.79381
0.87923
0.59266
0.62451
0.76091
0.78827
0.82993
0.57273
0.71857
0.71173
0.84861
0.62672
0.69276
0.67486
0.71828
0.83533
0.64578
0.62435
0.58097
0.49278
0.59368
0.58386
0.53452
0.79206
0.88301
0.5295
0.62203
0.90793
0.49814
0.6508
0.68335
0.79933
0.65029
0.64067
0.51503
0.61441
0.64157
0.44895
0.76846
0.87562
0.52077
0.67533
0.66572
0.67188
0.67937
0.6633
0.61166
0.88816
0.5675
0.67997
0.90649
0.82529
0.65487
0.82955
0.6753
0.70283
0.56624
0.73347
0.74086
0.31702
0.76446
0.61647
0.70624
0.46791
0.84743
0.4476
0.849
0.82664
0.60936
0.69142
0.70633
0.82374
0.78456
0.66186
0.79785
0.74258
0.77558
0.59835
0.76227
0.65371
0.76411
0.78629
0.52293
0.6901
0.73348
0.86362
0.76178
0.47987
0.78015
0.81106
0.79839
0.74715
0.93354
0.77593
0.79243
0.69665
0.62497
0.76279
0.86781
0.56429
0.78389
0.69627
0.51016
0.62857
0.67545
0.72693
0.80026
0.59714
0.75916
0.68662
0.82157
0.76198
0.60168
0.79245
0.78878
0.86421
0.58924
0.713
0.71944
0.63376
0.62695
0.70652
0.84562
0.5757
0.93418
0.4558
0.7828
0.56937
0.71364
0.86867
0.53202
0.4458
0.80439
0.68388
0.67806
0.62414
0.83018
0.76826
0.63431
0.55423
0.74394
0.7199
0.81381
0.74078
0.59584
0.72606
0.58092
0.7401
0.68106
0.64948
0.86073
0.56977
0.66936
0.8342
0.57473
0.81469
0.68119
0.80213
0.56654
0.83773
0.70366
0.89166
0.6823
0.71006
0.51939
0.85163
0.67822
0.70034
0.79848
0.8247
0.8346
0.61638
0.89105
0.78087
0.37048
0.80108
0.73724
0.69655
0.63579
0.6236
0.73594
0.64245
0.66158
0.69008
0.7338
0.68299
0.65916
0.60535
0.48004
0.6542
0.63121
0.73958
0.51252
0.74675
0.74598
0.74627
0.76014
0.71222
0.76321
0.70935
0.73642
0.68572
0.85328
0.90801
0.72794
0.71352
0.78263
0.91081
0.88051
0.702
0.67942
0.77183
0.58061
0.58204
0.96553
0.81106
0.66279
0.66498
0.81916
0.71411
0.7918
0.65455
0.56164
0.54253
0.87669
0.65994
0.53706
0.66882
0.56773
0.77809
0.43617
0.95508
0.35106
0.63463
0.82782
0.71397
0.54988
0.72378
0.65773
0.82525
0.74286
0.81962
0.65259
0.67228
0.65802
0.73807
0.65415
0.51905
0.89268
0.64402
0.64724
0.78963
0.81483
0.78216
0.78557
0.71409
0.60013
0.7699
0.47118
0.69391
0.91625
0.65023
0.71936
0.59809
0.722
0.59175
0.75854
0.64642
0.88226
0.81617
0.46286
0.69294
0.5054
0.66428
0.70094
0.67898
0.7772
0.82799
0.68259
0.73719
0.79322
0.77162
0.41574
0.78508
0.60671
0.63623
0.77535
0.7275
0.65727
0.79396
0.8591
0.87247
0.85082
0.96336
0.70381
0.65237
0.74201
0.70517
0.78561
0.70067
0.71481
0.94112
0.68998
0.80507
0.67683
0.77686
0.60891
0.72649
0.80611
0.84208
0.73212
0.8376
0.74036
0.82344
0.6131
0.55442
0.6582
0.66456
0.59507
0.61246
0.88004
0.75752
0.62285
0.74068
0.84203
0.61701
0.51041
0.62094
0.79775
0.71996
0.32654
0.57786
0.49737
0.53353
0.70226
0.85108
0.94856
0.74487
0.74819
0.98294
0.71164
0.80964
0.41541
0.84609
0.65763
0.69187
0.79243
0.76203
0.70125
0.5148
0.67112
0.79959
0.75133
0.70846
0.71036
0.85548
0.58542
0.83121
0.8605
0.58357
0.84723
0.90554
0.83268
0.60128
0.53968
0.74706
0.79845
0.73178
0.60692
0.55601
0.85413
0.72379
0.66591
0.63808
0.48941
0.66322
0.72461
0.63326
0.74518
0.48607
0.59916
0.54326
0.67621
0.63746
0.46561
0.8143
0.88989
0.40105
0.68146
0.59182
0.83643
0.46835
0.53251
0.78695
0.84001
0.45524
0.81504
0.68306
0.46612
0.74368
0.68125
0.51585
0.66339
0.67646
0.60621
0.71787
0.6022
0.7319
0.45527
0.6143
0.65537
0.79338
0.73735
0.51755
0.84172
0.64194
0.89966
0.67498
0.72667
0.63509
0.60202
0.72097
0.83358
0.76619
0.74024
0.76478
0.63947
0.49478
0.87495
0.7732
0.79688
0.65035
0.71066
0.68804
0.9338
0.61218
0.73159
0.85305
0.85979
0.80168
0.68422
0.62894
0.78805
0.82444
0.65958
0.83528
0.94623
0.67473
0.57277
0.76177
0.71374
0.77134
0.70546
0.7362
0.77235
0.9468
0.78164
0.69651
0.71057
0.40246
0.68554
0.72818
0.77768
0.62299
0.80494
0.78504
0.62786
0.66976
0.28858
0.83065
0.57633
0.66349
0.74137
0.80421
0.56119
0.95815
0.77954
0.65615
0.82171
0.84463
0.78483
0.62917
0.84158
0.79666
0.77615
0.64659
0.8589
0.71265
0.62349
0.63874
0.72246
0.69861
0.78469
0.74176
0.62211
0.81779
0.4786
0.84621
0.50145
0.82278
0.7384
0.66772
0.57788
0.83488
0.62027
0.70011
0.56604
0.77966
0.76523
0.67866
0.72587
0.74514
0.70001
0.69778
0.49027
0.67028
0.67676
0.5354
0.90787
0.6649
0.63788
1.0547
0.7646
0.6219
0.77629
0.5162
0.78547
0.55401
0.55782
0.90841
0.66422
0.75575
0.66168
0.64005
0.87825
0.76922
0.7007
0.69036
0.83329
0.49641
0.80717
0.6067
0.79753
0.68223
0.62541
0.5916
0.69745
0.61883
0.78707
0.46813
0.78121
0.52225
0.50117
0.68619
0.77122
0.82815
0.76146
0.69767
0.59408
0.70447
0.96464
0.53339
0.6079
0.66151
0.74085
0.43048
0.76857
0.77962
0.6271
0.82352
0.49803
0.76908
0.71605
0.77667
0.80389
0.63217
0.43572
0.73554
0.68576
0.72541
0.43356
0.52443
0.68454
0.79465
0.82297
0.49401
0.57925
0.58178
0.87179
0.80403
0.7083
0.54275
0.70709
0.66707
0.70589
0.70815
0.71643
0.64189
0.61595
0.48764
0.6152
0.67369
0.74082
0.79281
0.56603
0.81771
0.67832
0.72148
0.87244
0.4716
0.56937
0.65734
0.76601
0.74403
0.82668
0.79436
0.5172
0.72034
0.6143
0.64359
0.88209
0.85758
0.8154
0.76854
0.61956
0.557
0.71733
0.72228
0.57973
0.8177
0.78722
0.63444
0.88131
0.56768
0.94753
0.60702
0.73501
0.80854
0.76439
0.57056
0.73049
0.48979
0.88429
0.76267
0.83974
0.53713
0.60164
0.58162
0.60111
0.79981
0.75885
0.83903
0.59305
0.67177
0.63957
0.82234
0.52903
0.86262
0.87036
0.43256
0.95179
0.67858
0.80272
0.58599
0.81836
0.82842
0.60297
0.70864
0.88492
0.80792
0.705
0.73006
0.61415
0.57939
0.79604
0.39439
0.87585
0.51944
0.38986
0.72438
0.79582
0.79148
0.41951
0.68489
0.72326
0.55337
0.63295
0.81217
0.72657
0.68877
0.57089
0.76268
0.60989
0.76381
0.7809
0.95465
0.71225
0.55202
0.70298
0.87843
0.49005
0.87585
0.55568
0.81734
0.3541
0.77912
0.934
0.62488
0.72354
0.56896
0.67277
0.7592
0.82825
0.57426
0.70254
0.73318
0.85543
0.53308
0.51176
0.98763
0.64153
0.89095
0.66137
0.63174
0.85428
0.81329
0.81501
0.66177
0.76101
0.79443
0.70111
0.73753
0.73284
0.70516
0.6117
0.6435
0.73282
0.58638
0.65723
0.71165
0.66835
0.54581
0.70914
0.82769
0.57992
0.57441
0.78844
0.77498
0.86161
0.73612
0.95097
0.79986
0.68151
0.65572
0.54285
0.81002
0.65193
0.80581
0.84011
0.65329
0.63736
0.61876
0.75127
0.67582
0.80086
0.72319
0.87539
0.6859
0.37741
0.80391
0.86272
0.41793
0.78709
0.52724
0.86387
0.55344
0.85489
0.80741
0.84547
0.88865
0.8197
0.70691
0.67697
0.78952
0.65438
0.90279
0.74275
0.80835
0.85269
0.78703
0.81213
0.77584
0.82804
0.68563
0.70881
0.54523
0.79145
0.80994
0.82828
0.84675
0.81103
0.71858
0.64388
0.44476
0.69387
0.74971
0.46156
0.6056
0.68058
0.94633
0.87997
0.58467
0.65227
0.85573
0.52313
0.69119
0.67958
0.98555
0.7702
0.75524
0.52535
0.76888
0.63294
0.62601
0.78541
0.83073
0.79332
0.78014
0.5015
0.72372
0.69472
0.73311
0.66908
0.90779
0.42306
0.70128
0.61905
0.77951
0.68587
0.82737
0.37338
0.71677
0.36315
0.77
0.60131
0.59555
0.44882
0.81683
0.66882
0.72305
0.84452
0.66527
0.71609
0.47342
0.56252
0.69577
0.66041
0.64231
0.75091
0.7829
0.47641
0.37477
0.82697
0.75831
0.73953
0.62346
0.64815
0.6121
0.67008
0.62863
0.71566
0.85271
0.74997
0.85023
0.95566
0.56613
0.58829
0.54289
0.81241
0.48304
0.86092
0.83405
0.65343
0.50619
0.69569
0.78753
0.73851
0.59203
0.52108
0.78664
0.65048
0.58351
0.74531
0.66961
0.83533
0.72412
0.71857
0.82913
0.77032
0.38461
0.81807
0.65925
0.77514
0.70239
0.69112
0.61195
0.79325
0.69009
0.64171
0.67363
0.60763
0.63238
0.5661
0.69242
0.57427
0.76618
0.49938
0.89311
0.42492
0.4278
0.85201
0.71433
0.41844
0.39795
0.7388
0.71748
0.59436
0.60499
0.51264
0.88616
0.81614
0.76671
0.7954
0.53885
0.56338
0.86093
0.81063
0.57559
0.72592
0.73366
0.54842
0.73738
0.69106
0.66449
0.65419
0.68479
0.57092
0.87025
0.90193
0.77905
0.37314
0.62907
0.66131
0.85749
0.84267
0.60677
0.65561
0.73755
0.60381
0.62302
0.60286
0.55253
0.4062
0.68345
0.83232
0.69583
0.72603
0.8774
0.79163
0.68982
0.65299
0.8667
0.60133
0.56562
0.60026
0.55118
0.69003
0.57027
0.80548
0.54118
0.61909
0.71461
0.72803
0.34659
0.69069
0.63369
0.7781
0.76934
0.78736
0.78839
0.55642
0.89349
0.63029
0.67213
0.54503
0.81297
0.55413
0.76426
0.82587
0.7469
0.76249
0.93163
0.76019
0.59601
0.71171
0.5334
0.68957
0.58867
0.46618
0.69041
0.54864
0.67517
0.64188
0.60941
0.72419
0.71282
0.78833
0.89207
0.63564
0.5275
0.7441
0.80278
0.8272
0.80392
0.48431
0.69963
0.43096
0.61552
0.54365
0.8774
0.4893
0.73078
0.87503
0.66661
0.59275
0.66369
0.57843
0.58526
0.41208
0.67332
0.97433
0.62508
0.72538
0.67192
0.83342
0.85567
0.51368
0.54313
0.6757
0.83701
0.81198
0.48904
0.66799
0.50069
0.65954
0.68673
0.75044
0.77853
0.73071
0.52734
0.68596
0.77712
0.63095
0.82194
0.91328
0.90005
0.7146
0.56934
0.69419
0.49218
0.77764
0.85161
0.56466
0.75371
0.84537
0.88085
0.80351
0.76838
0.65821
0.57696
0.7863
0.82845
0.72188
0.5135
0.44143
0.76453
0.78837
0.45739
0.4557
0.65582
0.81004
0.68978
0.54196
0.70055
0.52041
0.76331
0.6827
0.86984
0.51238
0.83094
0.43373
0.60966
0.817
0.79984
0.7859
0.57752
0.54791
0.85324
0.776
0.76188
0.8025
0.91124
0.6627
0.99209
0.58094
0.72817
0.64867
0.79574
0.71801
0.72763
0.61689
0.65831
0.87523
0.59227
0.64124
0.4934
0.70936
0.82302
0.42858
0.70153
0.57645
0.74979
0.6241
0.80497
0.63635
0.81643
0.74857
0.64725
0.61017
0.54308
0.678
