0.72273
0.5354
1.0376
0.91318
1.061
1.0235
0.70249
1.0891
0.86373
1.0281
0.9921
1.1339
0.98511
0.6336
0.79744
1.1971
0.89998
1.0264
1.0315
0.82721
0.96986
0.60148
0.95486
0.63589
1.0416
0.59746
1.0357
1.0276
0.983
1.1998
0.97551
1.0192
0.85866
0.89033
1.099
0.72843
0.65806
1.0948
0.88398
0.73368
0.54171
1.0235
0.93732
0.62421
0.94026
0.94241
0.96428
1.0912
1.0102
1.006
1.1094
0.80962
0.86281
1.0607
1.0102
1.1014
0.74254
0.71781
0.64218
0.99982
0.79861
1.0027
0.9935
0.9529
1.1959
1.0322
1.0939
0.72054
0.92894
1.0701
0.9052
0.64138
0.58261
1.1071
0.97891
1.0194
0.89148
0.93591
0.91478
1.0883
0.90393
0.91062
1.2787
0.85964
0.91902
0.75125
1.0561
0.9914
1.1043
1.0458
1.3131
0.86875
0.84283
0.96902
1.0221
0.55634
0.96286
1.0831
0.89419
0.94779
1.0419
0.90798
1.0858
1.0092
0.89983
0.97341
0.92597
1.1198
0.9247
1.1757
0.77426
0.87743
1.0888
0.8199
1.0147
0.96887
1.1779
1.1651
0.81812
0.8548
0.65044
0.63076
0.8793
1.0421
0.86506
0.8688
1.0115
0.97216
0.81286
0.84647
0.7918
1.0117
1.0734
0.91354
0.91202
0.77346
0.78787
0.88812
0.92613
0.71047
1.0576
0.7156
1.0559
0.88279
0.60546
0.95394
0.90319
0.83051
0.51159
1.0725
1.2112
0.67578
0.92159
1.0614
0.69297
0.91147
1.0375
0.56661
0.91452
0.63679
1.0614
0.67866
0.81018
0.99767
1.2161
0.85846
0.95892
0.90196
0.85515
0.66698
0.80797
1.1139
0.80401
0.9855
0.66816
0.99515
1.0158
0.81718
0.96919
0.71244
0.81441
1.0128
1.0522
1.0174
0.82071
0.84618
0.7352
1.2082
1.133
0.99897
0.77195
1.1733
0.65123
1.0451
1.0027
0.6798
1.0002
0.89922
1.0174
1.0996
0.99821
1.1133
0.65383
0.96332
1.2218
0.88093
1.169
0.65174
0.75846
0.87879
0.90593
0.98019
1.2658
1.0163
0.9531
0.80803
0.93515
0.71345
0.90614
0.84861
1.0409
1.1541
1.1576
0.86954
1.159
0.99849
1.2188
1.0189
0.83965
1.0541
1.0448
0.94322
1.1564
0.64927
0.85745
0.80389
1.1559
0.82056
0.97675
1.1546
0.94335
0.51087
0.79259
1.081
0.73592
1.0818
0.93624
1.0238
0.93509
0.45461
0.81897
0.74523
1.0028
1.1494
1.0461
0.94725
1.1556
1.1698
0.86787
0.65574
0.72969
0.89383
1.0615
0.89374
1.0742
0.94631
1.0041
0.94615
1.2412
1.0585
0.46113
1.0051
0.96559
0.7454
1.0146
0.83994
1.0391
0.90863
0.97805
0.83052
0.97656
0.75564
0.9494
0.59878
1.1738
1.2941
0.9897
0.85157
0.94278
0.84804
0.94693
0.89714
1.1075
0.95897
1.0232
0.98925
1.0358
0.90386
0.81752
0.96761
0.95775
0.79685
1.0149
1.0932
0.82675
1.0121
1.103
0.85907
0.80753
1.1986
0.62373
0.76642
0.79679
0.80971
1.0728
1.0193
0.92855
0.97214
0.84515
1.1822
0.52627
0.86928
1.0447
1.0648
0.88631
0.73808
0.81862
0.88733
1.1808
1.1434
1.1998
0.94481
0.55861
0.7985
0.99138
0.92858
0.85148
0.84381
1.12
1.1233
1.149
0.96906
0.93919
0.91059
1.1614
0.85457
1.0231
0.587
0.61294
0.92471
0.95561
1.1243
0.98271
1.0672
0.71696
1.1551
0.78282
1.1981
0.7349
0.89013
0.80751
1.1147
1.1064
0.97344
0.90569
1.193
0.98128
0.90104
0.92909
1.0975
0.89319
0.97329
0.95294
1.0745
0.97178
0.96208
1.1141
0.76767
0.89243
0.86991
0.89303
1.0914
1.0274
1.2192
0.71939
1.1177
1.0408
0.79649
0.9818
0.80782
0.85012
1.0057
1.1434
1.1703
0.8729
0.86427
1.2005
0.94845
1.0326
1.0417
0.99314
0.94372
0.87933
1.3072
0.97756
1.1903
1.1805
0.97246
0.70972
1.0283
1.035
1.0817
0.9103
1.156
1.0559
1.0797
0.99325
1.0702
1.0254
0.94894
1.1376
1.0416
0.89113
0.5251
0.98129
0.76963
1.0342
0.91138
1.0742
0.93459
0.94839
0.75712
0.74502
1.1105
0.4818
0.94274
0.83303
0.62622
0.95197
0.92185
0.96701
1.1021
1.1024
0.80972
1.0897
0.81418
1.296
0.51563
1.0814
0.79066
0.87742
0.7245
0.96389
0.99658
0.8577
1.004
1.0789
1.0816
0.64897
1.056
1.2179
0.77632
0.96196
0.80844
1.0894
1.044
0.84975
0.54733
0.94786
0.62864
0.98379
0.96807
0.96044
0.92275
0.86217
0.78013
1.2378
0.93207
1.1324
0.72234
0.7994
0.50532
0.63289
0.68183
1.089
1.1058
0.78678
1.0196
0.84437
0.82192
1.0598
0.95753
1.0018
1.0021
1.1973
0.57988
1.1134
0.6294
1.2016
1.2235
0.91284
0.41741
0.92481
1.0128
0.91879
1.1661
1.0356
0.92174
0.93641
0.77147
0.76611
0.82548
1.0467
0.77029
0.9254
0.85962
1.0728
0.92789
1.1702
0.87277
0.8858
0.87191
1.0659
1.1115
1.046
0.93024
1.0989
0.91838
0.61756
0.9673
1.0551
0.62398
1.1826
1.172
1.0357
0.84692
1.0018
0.90054
0.82549
1.2454
1.2976
0.96962
1.0743
1.2183
0.82634
0.75856
1.2008
1.0598
0.93759
0.73819
0.76428
0.94013
0.6777
1.1001
1.3612
0.83538
0.89797
0.76717
0.93938
0.97247
0.90836
1.1396
1.0741
0.91773
1.018
1.0299
0.69272
0.84112
0.97756
1.0753
0.99386
0.8452
0.91827
1.0353
0.86755
1.0467
0.65181
1.0246
0.69574
0.95825
1.1493
0.8704
0.90607
0.97792
1.138
0.71367
0.87869
0.80666
0.71326
0.82361
0.89215
0.95266
0.36861
1.2934
0.998
0.70684
1.0648
1.212
1.0601
1.1113
1.0468
1.0329
1.0546
0.99873
0.98726
0.99437
1.0883
0.88117
0.78859
0.79027
1.0985
0.83947
0.85914
0.94958
0.9824
0.92818
1.1017
1.0902
0.83119
0.93474
0.85036
0.77073
0.96429
0.84498
0.91371
0.89574
0.92099
1.001
0.85262
1.0219
0.7726
0.92321
1.0515
1.0223
1.1223
0.98501
1.0579
1.1997
0.95032
0.73242
0.95354
0.67595
1.0768
0.95829
1.0712
1.0452
0.94495
0.65992
0.90394
0.98311
1.0191
0.86689
0.99925
0.90812
0.8529
1.2698
0.9531
0.95261
0.89022
0.96514
1.2682
1.1113
0.86536
1.0234
1.138
1.1364
0.91806
0.68898
1.1662
0.80999
0.71342
1.0589
0.74357
0.94029
1.1781
1.0666
0.94368
1.0089
0.76658
0.90478
0.76928
1.0157
0.6931
1.0719
1.0558
0.92932
1.0923
0.9615
1.0155
0.93376
0.70998
1.2471
0.90241
0.96677
0.83914
0.82475
0.77973
0.83772
1.1292
1.0321
0.77872
1.1429
0.92446
1.1622
0.70195
0.99542
0.78108
0.69136
0.80776
0.85269
0.89023
0.89213
0.69492
1.0521
0.86005
0.99009
1.1027
1.2548
1.1709
0.82681
0.85699
1.0891
1.0423
0.81495
0.90373
0.97581
0.6654
1.0929
1.0193
0.91235
0.91057
1.0451
0.9388
1.0591
0.78836
1.0012
0.95608
0.78884
1.0204
0.84935
0.91742
0.66016
0.62167
0.7956
0.80428
0.90766
1.0868
0.80802
1.0338
0.72529
0.67038
0.80772
1.0045
1.0411
1.1756
0.88441
0.58225
0.80544
1.0317
1.1989
0.83769
1.0576
0.90362
0.88919
0.89477
0.86522
0.94538
0.85122
1.1135
0.92352
0.91711
0.71851
0.99313
1.163
0.88215
1.0796
1.046
0.84258
1.0288
0.49726
1.1479
0.90362
1.1241
1.1415
0.84321
0.94952
0.75366
1.0728
0.80807
0.96913
1.0111
1.0236
0.98601
1.0659
0.4087
0.98665
0.8354
0.85766
0.68907
1.1128
0.85732
0.70589
0.96226
1.0147
1.0126
0.9056
1.0954
1.0786
0.5875
1.2101
0.77603
0.76638
0.42673
1.0812
0.76094
0.88057
0.82611
1.1756
1.0932
0.87699
0.81767
1.1479
0.58988
0.91044
1.0922
0.77867
1.2017
0.87925
0.991
0.86555
0.92716
0.89807
0.84111
1.1063
0.92228
1.0033
0.80646
0.81051
0.87357
1.1308
0.84858
0.7907
0.96636
0.87502
1.336
0.86353
0.68352
0.96306
0.90595
1.0813
0.72141
0.97402
0.97325
1.1385
1.0457
0.98934
0.84268
0.79406
0.81131
1.0512
0.75978
0.83731
0.91799
1.003
1.043
1.1022
1.0321
1.0344
1.0085
1.2566
0.65697
0.60575
0.65719
0.60637
0.95681
0.95551
0.53189
0.9959
1
0.94108
0.80041
1.0601
0.97262
1.1827
1.0363
0.89284
1.0211
0.79297
0.79484
1.1509
0.95771
0.69103
0.43787
1.2267
1.0888
1.1168
0.78497
1.2009
1.0927
0.57248
0.81167
0.95381
0.4653
0.91066
0.73333
0.84828
0.85423
1.1174
0.94167
0.99356
0.99516
0.98545
0.82355
0.91362
0.952
1.2098
0.90456
1.0612
0.94656
0.79431
0.70207
0.81368
0.77956
1.1114
0.9113
0.35919
1.061
0.96343
0.92736
1.0045
1.1226
1.1589
0.60445
1.1348
0.81736
0.87176
1.1252
0.76235
1.0394
1.1002
1.076
0.88903
0.46805
0.70269
1.0775
1.0316
0.76302
0.97775
0.37042
0.96932
1.1572
0.80673
1.0524
0.365
1.0821
1.0443
0.52464
0.92103
1.0957
0.97724
1.1952
1.0579
0.94126
0.91086
0.90358
1.0953
0.68506
1.0375
1.1764
0.51053
0.88449
0.80596
0.83867
1.0778
1.0421
0.76976
1.0166
1.1118
1.1176
1.0502
1.177
0.83084
1.0213
0.73167
1.0091
1.2233
1.0951
0.82985
1.0008
0.75545
0.5184
0.89061
1.0736
0.93848
0.98928
1.107
1.0344
0.92161
0.72657
1.2285
1.1052
0.9876
1.17
0.83595
1.0164
0.59658
1.1193
0.88915
0.77436
0.79764
0.79925
1.1592
1.1097
1.0163
0.88486
0.55659
1.0191
1.2197
0.81125
0.75153
0.85596
1.0171
0.83465
0.83525
0.781
0.89605
0.66504
0.77381
1.0954
0.96843
1.154
1.3142
1.0404
0.67179
1.0926
1.1886
0.87776
0.42366
0.4785
1.3295
0.98444
0.88866
0.87664
1.1036
1.0412
1.0019
0.78848
0.9683
1.2166
0.81905
1.227
1.0757
0.91792
0.90277
1.2254
0.96215
0.94692
0.54676
0.68114
0.79036
0.7801
1.0569
1.039
0.87282
0.85693
0.62502
0.88472
1.0023
0.99745
0.89316
1.0042
0.972
1.0284
1.0366
1.0284
1.0079
0.58589
1.0372
0.97939
1.1444
1.0338
0.84629
1.0974
0.97897
1.0314
0.95088
1.1721
0.94204
0.98818
0.93289
0.87895
0.68372
0.74977
1.1102
0.92847
1.1611
0.86013
1.0437
1.0198
1.0089
0.92781
1.0978
0.57972
0.76618
1.0501
0.94126
0.87941
1.0783
0.91383
0.97196
1.0206
0.91825
1.172
0.85271
0.92428
1.1842
0.84638
0.83751
0.80155
0.92212
1.1448
0.62009
1.0188
0.56082
0.90218
0.69688
0.92858
0.66894
1.1831
1.0571
0.92315
1.1097
1.0034
0.87385
1.0189
0.78764
1.0177
0.85402
0.68096
0.74991
0.50069
0.77198
0.90739
0.99876
0.78174
0.76419
0.54658
0.67337
0.68572
0.89516
0.96044
0.68613
0.69164
1.1557
0.84632
0.87133
1.265
1.2547
1.1906
1.2024
1.0126
1.0697
0.90734
0.82093
0.50124
1.0235
0.6448
0.91921
0.81064
1.1193
1.049
0.88892
0.63665
0.67168
1.0042
1.0229
0.79037
0.5424
0.96053
0.60233
1.1145
1.0062
0.54949
0.81147
0.95877
1.1449
0.92954
0.94788
1.132
0.8982
0.63941
1.0627
0.87369
0.98299
0.77552
1.0163
0.94297
0.77548
0.97686
1.0324
1.0798
1.0475
1.0052
0.8833
1.1794
1.0955
1.0024
0.77639
0.67407
0.62272
1.1504
0.80459
1.0248
0.89804
1.0518
0.91171
0.80939
1.1106
1.0778
0.82776
0.73371
0.78266
1.0518
0.87324
0.66276
0.5504
0.95228
0.9631
0.8933
0.79849
0.89984
1.0444
0.74131
0.79271
0.95896
0.80872
1.0328
1.0259
0.86532
1.1987
0.85771
1.2073
1.0653
0.9013
1.0622
0.98305
0.92346
0.76331
1.1906
0.74013
1.056
1.0805
1.0097
0.82099
1.0139
0.88725
0.79588
0.70918
0.89483
1.1087
0.64916
0.70453
0.72284
0.47966
1.0952
1.0056
0.99213
0.72224
0.83478
1.1788
1.0753
1.0068
0.63696
0.99551
1.0857
0.6863
0.9287
1.259
0.68611
0.75861
0.95647
0.89694
1.0069
0.86293
1.1342
1.0653
0.92418
1.2555
1.1006
1.0646
0.78216
0.83492
0.81862
0.47531
0.9059
1.1081
0.84533
0.73065
0.89739
1.0905
0.96285
0.96476
1.1398
0.93452
0.71338
0.78121
0.77203
1.0543
1.0333
1.0089
0.73581
1.0599
1.208
0.94052
1.0819
0.82822
1.1158
1.0008
0.86986
1.0278
1.0591
1.2367
0.32895
0.90883
1.007
0.87384
0.98967
1.0624
0.88778
0.92497
1.1077
0.65049
0.77338
1.0717
1.068
0.95836
1.0607
1.0564
0.95024
1.2288
0.43993
1.1485
0.61173
1.1086
0.99267
0.39703
1.1286
0.90325
1.0787
1.027
1.0895
0.95486
0.61707
0.78768
0.87744
1.2159
0.97965
0.98909
0.70754
0.60233
0.84517
0.76748
0.65914
0.60952
1.0549
1.0203
0.98394
1.016
0.94652
1.1209
0.82698
1.1859
1.0613
0.77062
0.62833
0.96318
0.60544
1.1668
1.1012
0.76163
0.86757
0.7991
1.0318
1.0376
1.0321
1.0445
1.1146
1.0306
1.037
0.67228
0.75522
0.74788
0.79817
0.75549
0.87516
1.1381
0.88953
1.1373
0.96764
1.1481
0.82144
0.66244
1.0929
0.57998
1.2184
1.1264
0.92094
0.80751
0.96876
0.92702
0.65993
0.65194
1.1329
0.69823
0.69013
0.87295
1.0557
1.061
0.91137
1.063
0.88021
1.0992
1.0528
1.0872
1.0686
0.95804
0.90043
0.99368
0.83453
0.89558
0.93314
1.017
0.98223
0.81688
0.8478
0.81666
0.84724
0.94249
0.96701
0.64956
1.0559
0.84693
1.0397
1.1739
1.2304
0.91805
0.92379
0.80738
1.052
0.75649
0.86384
0.97663
1.0781
0.96282
0.78296
1.1154
0.98185
1.0567
0.86138
1.0517
1.1477
0.95387
0.94061
1.0287
0.74062
0.96224
1.1375
0.68514
0.78884
1.0675
0.91521
0.75173
0.86572
0.45506
0.90728
0.85644
0.94816
1.0814
0.88593
0.85425
0.85593
1.0908
0.67047
0.78487
0.92127
1.1038
1.1729
0.6687
0.72005
0.87681
0.96249
0.96478
0.94778
0.68218
0.79289
0.53418
0.95218
0.97779
1.0897
1.0747
0.99779
0.92181
1.1158
0.73927
0.90317
0.71948
1.2443
1.0139
0.96857
1.0288
1.0257
1.0795
0.86961
0.95889
0.69209
0.98473
0.73187
0.7813
0.80069
0.96919
0.9917
1.0211
0.72997
1.1335
0.96026
1.0747
1.0182
0.92945
1.2855
0.82775
0.863
0.54516
1.2489
0.96778
0.80752
1.131
1.0259
0.79784
0.838
0.74493
0.85701
1.0504
0.92505
1.249
1.007
0.84483
1.2075
0.86468
1.1876
0.65167
0.90258
1.0594
1.1613
1.266
0.81321
1.0493
0.97325
1.1609
0.89382
0.95425
1.0046
1.206
1.014
0.94933
1.0001
0.88551
0.93163
0.91484
0.95547
1.0205
0.94394
0.80928
0.62762
0.90615
0.92121
0.79088
1.1675
1.3828
0.95509
0.88196
0.92478
0.84636
0.77063
0.89166
0.93521
1.1075
0.89074
1.1242
1.1169
0.92744
0.91657
0.76907
1.0366
0.75454
1.0876
0.96103
0.87321
0.98139
0.64345
1.0961
0.93148
0.71548
1.0669
1.0129
0.54865
0.73451
0.78509
1.0032
0.71649
0.79381
0.83966
0.65924
0.91963
0.95344
0.66533
0.58247
1.1182
0.91655
1.1395
0.84043
0.88404
0.94507
1.1313
0.93655
0.79887
0.95538
0.93613
1.0461
0.65174
1.1006
1.0669
1.1487
0.98842
0.67012
0.90919
0.91498
0.90156
1.1027
0.78174
0.86825
0.77366
0.76001
1.0117
0.93033
0.81941
0.798
0.84476
0.81127
0.95067
0.81253
1.0638
0.9899
0.73957
1.0328
0.90981
0.78044
1.0599
1.1325
0.64146
0.74641
0.80465
0.942
0.9396
0.82608
1.0232
0.91044
0.98798
0.91684
0.49448
1.2872
0.99202
0.95465
1.096
0.94533
1.0836
0.96437
1.02
0.57828
0.92665
1.0214
0.80333
0.93287
0.90583
1.1591
1.0722
0.8731
1.1268
1.0427
0.86473
0.86415
1.1356
1.0978
0.65877
0.91674
1.0516
0.57261
1.1231
0.93828
0.70557
1.1872
1.0655
0.79606
0.97585
0.59736
0.94653
0.92289
1.1384
1.084
0.92775
1.0162
1.0765
1.102
0.71655
0.87955
1.0152
0.72922
1.0488
1.1403
1.0478
1.1669
0.84563
0.94876
0.91572
0.96225
0.66079
0.92122
0.69321
0.77417
0.99449
0.79156
1.0309
0.95216
0.88264
1.1697
0.84128
1.1091
0.86438
1.1334
0.82608
0.65226
1.2096
0.56599
0.74273
1.0246
0.97507
0.83414
0.92318
0.84279
0.71603
0.51307
0.89011
0.99398
0.86027
0.97347
0.82772
1.0192
0.91316
1.0358
0.93019
0.63613
1.0103
0.94812
0.72834
0.99768
1.0991
1.1255
1.0236
0.82422
0.85109
1.2328
0.99776
0.71832
0.56361
0.94683
1.3177
0.48483
0.65744
0.86514
0.86136
0.95357
0.7821
0.76801
1.0131
0.9938
0.84555
0.85366
1.0653
0.71748
0.91162
0.9431
0.95929
0.91253
0.84029
1.1099
0.74555
1.0228
0.70361
1.1669
1.0676
0.77053
1.1511
1.0211
1.2103
0.84673
0.98376
1.0488
0.92628
0.90473
1.0519
1.0833
0.96597
0.93484
0.85354
0.79101
0.94688
1.04
1.0373
0.99673
0.6867
0.90646
0.86453
0.80251
1.2131
0.97198
1.2129
0.76606
0.87049
0.47383
1.0281
1.0288
0.72605
1.0729
0.88068
1.1271
0.78911
0.95291
1.0277
0.95334
1.162
0.9314
1.1024
0.81055
0.71633
0.99881
0.83798
0.94497
1.0754
1.1562
0.58225
0.99605
0.81114
0.72283
1.0547
0.73933
0.98786
0.98498
0.84202
1.0711
1.1519
0.99423
0.88794
0.78175
0.89479
0.97663
0.76966
0.68711
0.68945
0.84932
1.2166
0.77096
0.8352
0.89459
1.1004
1.0755
0.83983
1.0211
0.98893
0.82523
1.0872
0.63576
0.64915
0.80377
1.103
1.1929
0.94612
0.93718
0.91281
1.0848
0.7951
0.94908
0.79338
0.96262
0.99142
1.0223
0.88476
1.0995
0.85213
0.97991
0.88013
1.0443
1.0244
0.84476
1.0451
1.165
0.99958
0.98429
1.2173
0.7082
0.88333
0.79056
1.0194
1.0111
1.042
0.89127
0.93052
0.98479
0.76559
0.99531
0.94233
0.947
0.89434
1.054
0.92299
0.90888
0.94485
0.78465
1.0011
0.92986
1.112
1.0193
0.95292
0.85686
0.73761
0.70482
0.65867
1.0401
0.71702
0.85024
0.4676
0.99401
0.79724
0.96489
0.92847
0.75525
0.93255
0.98123
0.7282
0.50255
0.80084
1.0585
0.73413
1.2061
0.79848
1.1162
0.72236
0.92717
0.91998
1.155
1.0935
0.95223
1.0653
0.84096
0.82187
0.6934
0.5177
0.91837
0.77097
0.9698
1.3141
0.90584
1.0112
1.019
0.94374
0.92482
0.87498
0.81668
0.98264
1.1758
0.85872
0.78645
0.76367
0.70461
0.84156
0.76489
0.99008
0.96485
0.87981
0.51232
1.0356
0.67782
1.0199
1.0316
0.8895
0.69196
0.91927
1.0609
0.57268
0.85933
1.2156
1.2107
0.95317
1.0348
1.081
0.87289
1.0879
1.0322
1.0299
0.75153
0.80124
0.83224
0.92
0.94936
0.78447
0.709
1.1241
0.55664
0.94398
0.53849
0.74014
0.81041
0.88073
0.918
0.86289
0.91845
0.94657
0.76984
0.57506
1.2301
0.97135
1.0568
0.74053
1.068
0.87661
1.008
0.83671
0.93694
0.84159
0.8204
1.0039
1.151
0.81742
1.0779
1.0729
1.0153
0.67201
0.70226
1.2485
0.9857
0.89666
1.0538
0.9903
0.93798
0.70192
0.78049
0.89235
1.258
1.2564
1.138
0.59316
1.1113
1.1756
1.1114
1.0365
0.86013
1.2023
0.94817
1.0041
1.1044
0.99329
0.89277
0.98891
1.05
1.1904
0.99868
1.0135
0.83793
0.90021
1.0131
0.79191
1.1811
1.1405
0.68006
0.63986
0.90192
1.0901
0.93517
1.1195
0.70244
1.0804
0.54781
1.0173
0.88628
1.0216
0.86566
1.0086
1.0188
0.85677
0.91393
1.1044
0.66092
1.0237
0.99216
1.0698
1.0086
1.2413
0.91512
0.83115
1.0132
1.0637
0.72488
0.71149
0.80717
1.1276
0.7758
1.0152
0.74959
1.0722
1.0509
1.0341
0.98804
1.0744
1.0419
1.1698
1.2033
0.8437
0.69053
1.1669
1.1694
1.015
0.84648
0.95018
0.84368
1.1601
0.5839
0.85435
0.78891
1.116
1.0874
1.0825
0.699
0.77804
0.71537
1.2256
1.0342
1.0208
0.83816
0.77112
1.0051
0.66755
0.74668
0.67645
0.78399
1.1228
0.9746
1.1839
1.0558
0.90981
0.53283
1.1495
0.70377
1.0434
1.0432
1.0167
0.36889
0.80025
0.88058
0.7756
0.73154
0.9369
0.89136
0.92642
1.1229
1.1043
0.87181
0.84032
1.0495
0.92357
0.91571
0.55094
0.83055
0.83289
0.74034
0.83676
1.0786
1.0153
1.0511
0.64022
1.0093
1.1256
1.0416
1.0542
1.0904
0.87583
0.87543
0.75927
0.87277
0.88207
0.91625
0.70058
0.80601
1.0909
1.3308
1.1353
0.9189
0.85427
0.86305
0.73232
0.83786
0.86041
0.83817
1.1171
0.86433
0.99145
0.81774
0.92144
0.98288
1.0208
0.76575
1.0909
0.78026
0.80756
0.94676
0.63903
1.0609
0.83895
1.0777
0.7508
0.875
1.0439
1.0663
0.90254
0.59564
0.8626
0.99105
0.80849
1.0484
0.75959
0.78097
1.268
0.90085
1.0838
1.2019
0.95652
1.1014
0.96004
1.0463
1.1369
0.6404
0.7153
1.1293
0.70533
0.64033
0.36721
0.93975
1.1401
0.52003
1.0503
1.1277
1.0141
0.95085
1.0031
0.88698
0.85032
1.2006
0.90169
1.0122
0.68098
0.86635
0.74145
0.9472
1.1826
0.9421
0.88556
1.02
0.80308
0.94549
1.0034
0.89954
0.83298
1.0348
1.0493
0.72899
1.0114
0.9882
0.96814
1.1632
0.77958
1.0986
0.86646
0.81761
0.83805
0.55373
0.98558
0.7816
0.99582
0.91419
1.0294
0.95956
0.70923
0.92504
1.0279
1.0754
0.97766
0.90867
1.1485
0.88787
0.91498
0.7602
0.63014
0.95692
0.99506
0.94487
1.043
0.9934
1.0523
1.1331
0.85942
0.67035
0.97731
1.004
1.0242
0.94338
0.75115
0.84833
1.2108
0.93557
0.67702
0.66182
0.92921
0.95983
0.90077
0.98925
0.89067
0.95965
0.5136
0.73549
0.8508
0.89123
0.66404
1.0313
1.1334
0.89463
0.86307
0.99448
0.90316
0.83121
1.0944
0.90579
0.69956
1.1012
0.98491
1.07
0.84541
1.1921
1.0681
0.91027
1.0188
1.0203
0.91367
0.90405
1.1203
0.98665
1.0861
1.2028
1.1711
0.69196
0.7536
1.07
0.95978
1.1096
1.1119
0.80448
0.93807
1.0053
0.77361
0.9201
0.72274
1.049
1.1558
0.97137
0.71438
0.81215
1.0606
0.53417
0.8213
0.92181
0.97453
0.66162
0.83042
1.0924
0.68413
0.82209
0.80345
1.1945
0.75982
0.76208
1.0907
0.77418
1.0516
0.9661
0.59136
0.74307
1.0785
0.6336
0.88715
0.80766
0.90203
0.96546
0.67121
1.0363
0.88676
1.0358
0.5686
1.1517
1.0081
1.1876
0.91521
1.1298
0.88372
1.1326
0.75667
0.96463
0.89694
0.94574
1.0627
0.55974
0.95937
1.143
0.96966
1.187
0.724
0.76142
0.79821
1.0201
1.1473
1.1124
0.89906
0.63972
0.65385
0.8572
0.96609
0.50705
1.0562
0.93516
1.0258
1.1347
1.073
0.8315
0.92351
0.85895
0.86172
0.82089
0.68496
0.69873
0.85837
0.85938
0.63561
0.88164
1.0461
0.93791
1.0592
0.85127
0.82527
0.94798
0.81459
1.1001
0.91772
0.75218
1.0228
1.0909
1.1193
0.9328
0.83364
1.0079
1.0388
0.90035
1.1986
0.97401
0.51506
1.1884
0.78673
1.0928
0.94295
0.77659
0.96813
0.87815
0.77196
0.91647
0.96582
1.073
0.99649
1.1179
0.76393
0.84753
0.89047
0.79963
0.85592
1.1061
0.81761
0.83863
0.90428
0.75113
1.0466
0.66589
0.95463
0.70894
0.79228
0.82981
0.88141
0.85194
1.2216
0.62029
0.71157
1.1286
1.1133
1.0693
0.84782
0.88864
0.75981
0.90711
0.979
1.0609
0.95399
0.79747
1.0829
0.85493
0.83679
0.97811
1.1994
1.032
0.6856
1.0867
1.0586
0.93019
0.76752
0.62371
0.6014
0.97926
0.98079
0.8705
0.91136
1.0448
0.77717
1.2452
1.0137
0.95027
0.79183
1.0721
0.99399
0.71515
0.93488
0.9616
0.74546
0.8988
0.9527
0.73759
0.90275
0.90848
0.94512
0.93075
1.1857
0.92755
0.67924
1.0336
1.052
0.66443
0.79285
1.1358
1.0665
1.0016
0.88931
1.3004
1.1086
0.96585
0.93828
0.7211
0.88446
0.9711
1.136
0.92868
0.95855
0.90093
0.9187
1.283
1.0362
0.97821
1.015
1.0024
0.90117
0.98903
0.96223
0.74048
1.0259
0.88227
1.0398
1.0498
0.65215
0.85743
0.97254
1.0076
0.88517
0.86178
1.0105
0.75268
1.0262
0.88742
0.78786
0.58212
1.0322
1.0001
1.1625
1.1208
0.87125
0.96734
0.9766
1.0979
0.83389
1.0305
0.98778
0.48264
1.0372
0.69611
0.90375
0.61118
0.9827
0.94549
1.1305
1.0257
0.93876
1.1099
0.76214
1.0328
0.93261
1.1518
1.0546
0.94744
0.95079
0.95275
0.88411
1.0683
1.0153
0.99488
0.64288
0.84662
0.82158
0.91117
1.1163
1.0543
1.3736
0.76247
1.1916
0.82046
0.77153
1.1492
1.1947
0.76236
0.81189
0.9247
0.77411
0.97791
1.0299
0.67135
1.0354
1.0397
1.0205
1.0884
1.1319
0.85589
0.96589
0.80907
0.65762
1.0677
0.87729
1.069
1.0055
0.52119
0.6888
0.82388
1.0142
1.0695
1.1421
0.83159
0.83129
0.53898
0.64961
1.0048
0.94585
1.1666
0.8723
1.0145
1.0008
1.0224
0.86271
1.0018
0.50336
1.1202
0.88776
0.81082
1.0216
0.99018
0.52507
1.2086
1.0613
1.2688
0.77594
1.2414
0.89194
0.99043
0.85133
0.92528
0.95504
1.1034
1.1555
0.86724
0.68494
0.85187
0.60153
1.0321
1.0389
1.0277
0.58104
0.80596
1.0862
0.75026
0.91158
1.016
1.0298
1.1354
1.1894
0.91901
1.0699
0.56437
0.65254
0.9957
0.98012
0.88133
0.92602
0.98513
1.0007
0.8768
1.1226
0.87532
0.86014
1.0371
0.7585
0.89229
1.0165
1.1442
0.89647
0.92903
0.89873
1.0911
0.85806
0.80237
0.79067
0.68105
1.0907
1.0907
1.0855
1.0701
1.0797
0.95307
0.94958
1.0859
1.0402
0.80923
0.78831
1.1303
0.67491
0.69671
1.0771
1.1337
0.93622
1.0263
0.87856
0.753
1.2138
0.89792
1.0839
0.81333
1.1362
0.81248
0.93355
1.1685
1.1014
1.1367
1.1242
0.78939
0.95449
1.0153
0.59938
0.72588
0.96798
0.80213
1.05
1.2167
0.91926
0.53227
0.98715
0.87617
1.3356
0.97358
0.94371
0.61924
1.2423
0.75252
1.0045
0.98887
0.82542
0.89804
1.0133
0.6459
1.1433
1.1568
1.0568
1.215
1.0039
0.8842
0.51054
0.9416
0.78261
0.89686
0.94104
1.0456
0.95614
0.87526
0.95253
0.80726
0.85392
0.94016
0.93083
0.86226
0.8912
0.82364
1.0266
1.126
0.92306
0.86428
0.87195
0.87283
0.9395
1.0744
0.98946
1.2948
0.85105
0.87906
1.1023
0.90972
0.74552
0.91049
0.8467
1.0946
0.93685
0.85503
0.67699
0.66495
0.95002
1.0343
0.61582
0.94117
0.8778
0.80782
0.81186
1.2477
0.96663
0.97364
1.0483
0.59817
0.7449
0.88859
0.77126
0.57387
1.153
0.76506
0.93367
1.0485
0.93951
1.0014
1.0421
0.95069
1.0238
0.71471
0.8816
1.0523
1.0238
0.93245
0.8809
0.96054
1.1795
1.1135
0.90164
0.89457
0.75748
1.1865
0.65926
0.96104
1.0548
1.1778
0.50874
0.78779
0.92764
0.95917
0.88817
0.97819
1.0956
0.83798
0.97444
1.2336
0.82367
1.079
0.96212
0.94059
1.0885
1.0257
0.52593
0.69353
1.107
0.81967
0.90127
0.99078
0.8057
0.85104
0.74207
1.1673
1.0281
0.64713
1.0252
1.0617
0.86491
1.0406
0.87257
0.73681
0.98606
0.81666
0.97506
0.74199
0.63865
0.9994
0.81957
1.1108
0.88912
1.088
0.98428
0.79628
1.009
0.98614
0.98321
1.112
1.0606
0.82451
1.1892
0.86032
1.1359
1.0793
0.87736
0.85989
1.0704
0.77182
0.95468
1.1874
1.0694
1.0358
0.81532
0.87032
0.89512
0.75058
0.85474
0.8751
0.95907
1.1374
1.132
1.0103
0.72805
1.0344
0.92203
0.91484
0.96319
0.92014
0.93186
0.61774
0.97946
0.85951
1.1889
1.0365
0.88729
1.1479
1.2852
1.0626
0.85413
0.89865
0.94547
0.88908
1.0026
1.0627
0.9908
0.91918
1.0259
0.80548
0.73618
0.86796
0.86023
1.0669
1.2216
1.0278
1.1595
1.2122
0.98432
0.64143
1.0621
1.0178
0.90959
1.1202
0.75859
0.73609
0.85944
0.79391
1.1392
0.75998
1.1358
0.77863
0.91291
0.91679
0.87532
0.4594
0.85838
1.1191
0.84729
0.77636
0.90773
1.0541
0.79668
0.85161
0.96424
0.80015
1.0601
1.2528
1.0005
0.96394
1.1127
1.192
0.7593
1.0556
1.2652
0.5941
0.94182
0.87321
0.8933
0.99355
1.0185
1.0257
0.96122
0.83902
1.1111
0.59509
0.94321
1.1888
1.0872
0.91873
1.0538
0.73917
0.93867
0.7822
1.0079
1.0664
0.95162
0.80715
0.85939
1.0404
1.181
0.8816
0.94187
0.88377
1.0641
0.78305
0.97885
1.0258
0.79774
0.751
1.0773
1.0457
0.97778
0.79514
0.49874
1.0676
1.0219
0.81142
1.0607
0.78401
1.0159
0.90321
0.71622
1.1
1.0807
0.96396
0.88978
1.1966
1.0275
1.1381
1.1407
1.0076
1.012
1.1136
0.70461
1.0487
0.80042
0.97865
0.9662
0.80432
0.93242
0.59416
1.094
0.82632
0.57856
0.80143
0.81254
0.90525
0.93858
0.85029
0.79652
0.75308
1.0059
0.99
1.1175
1.119
1.0617
1.0365
1.189
0.65496
0.92369
1.0895
0.78861
0.9228
0.78987
0.58987
1.0688
0.76159
0.66531
0.95531
0.66735
0.38914
1.0201
0.80095
0.78765
0.93922
1.0374
0.81406
1.0658
1.0844
1.2085
1.0756
0.97269
0.68148
0.50193
0.95111
0.79045
0.40667
1.1877
0.75397
0.77345
0.74125
0.87705
0.87419
0.99613
0.8843
0.87603
0.96088
0.78629
0.83702
1.1177
0.79149
1.1149
1.1338
0.73255
1.1024
1.1084
1.2188
0.95323
0.77731
0.97402
0.73887
1
1.1328
0.98218
0.99703
0.68711
1.1383
0.85709
0.5879
1.2936
0.97378
0.87653
0.95477
1.0978
1.1993
1.0584
0.90241
0.89302
0.97008
1.0057
0.79923
0.97813
0.78751
1.0132
1.0097
0.94645
1.1037
0.94655
1.2886
1.1774
0.90349
0.95521
0.80257
0.62366
1.0547
0.77398
0.80782
1.0841
0.529
1.1241
0.86567
1.0211
0.93115
0.79593
1.0719
0.44458
0.78777
0.94399
0.95344
0.71967
0.9873
0.87075
0.84541
0.91048
1.011
0.92553
0.90774
1.1007
0.9959
0.92399
0.5635
1.0893
0.99103
0.8355
0.771
1.0297
0.6518
1.0419
0.92141
0.99363
1.0676
1.0569
1.0371
0.88852
0.88884
1.0304
1.0071
1.0689
0.96019
0.98544
1.0188
0.68106
0.95062
0.84756
0.89426
0.82297
0.9232
0.84152
1.0539
0.78249
0.89537
0.62565
1.0008
0.81707
0.83681
0.58735
1.0824
0.84467
0.85106
1.0133
1.1431
0.88376
0.76504
0.93265
0.74915
0.80343
1.023
0.96244
1.0019
0.81242
0.78749
1.036
0.73226
0.81743
0.81241
0.87791
1.1495
1.2077
0.95719
1.0343
0.8098
1.1892
1.0045
0.98212
0.84261
0.90342
0.86291
1.1974
0.97316
0.48399
0.99751
1.0515
0.93706
0.80017
0.86778
1.1566
0.98809
0.85294
0.75297
0.93229
0.80897
0.83799
0.59574
0.73473
1.1594
1.2532
0.82231
1.1038
0.88558
1.0535
0.9647
0.7161
1.3387
0.97838
1.0496
0.52522
1.0163
0.96055
0.97861
1.1859
0.56319
0.7522
1.1099
0.88003
1.0782
0.81923
0.71572
1.2027
1.1882
0.90326
1.2729
0.90091
0.92334
1.0859
0.88398
0.83189
1.0302
0.80236
1.0634
1.096
1.0089
0.8713
0.75636
0.79868
0.99758
0.77716
0.93591
0.63394
0.86968
1.1004
1.0883
0.89006
1.0392
0.92392
1.0573
0.88796
1.0722
0.86003
0.92079
1.0804
0.62985
1.028
0.67004
0.80227
0.91869
0.92826
0.80838
0.95976
0.92706
0.95406
0.52909
0.85667
1.0183
0.93635
0.69556
0.85187
1.0566
0.82039
0.94652
1.2124
0.96411
0.75221
0.96242
0.55161
0.87419
0.97849
1.0896
1.133
0.83106
0.84167
0.86207
1.0317
0.93588
1.0813
0.79345
0.85949
0.72557
0.62193
0.85617
0.83303
1.06
1.0029
0.92512
0.84461
0.99389
1.1155
1.1474
0.84625
1.0374
0.97638
0.98003
0.95855
0.77678
0.96343
1.1751
0.86427
0.86058
1.0102
1.0629
1.0814
1.0643
1.2709
1.194
0.82507
1.0794
0.68826
0.64207
0.8288
1.0162
0.69533
0.93333
1.2346
1.1269
1.1025
0.96538
0.98368
1.2203
1.2771
1.1348
1.0607
1.1016
1.0148
0.82711
0.85793
1.1514
0.76995
0.79043
0.91594
1.0622
1.019
0.83919
1.0015
0.95059
0.90345
1.033
1.0202
1.0097
0.88892
0.90877
1.008
1.157
0.78334
0.83743
1.1591
0.93274
0.82026
1.1258
1.0571
1.2416
0.95345
0.65666
0.83586
0.87265
0.92902
1.0703
1.2565
0.50626
0.99813
1.0646
1.081
0.96637
0.86022
1.0801
0.81218
0.82978
1.0626
1.0889
1.004
0.82837
0.8342
1.1696
0.60759
1.0395
0.74991
0.91335
0.6548
0.78845
0.9113
0.70908
1.058
1.2737
1.0029
1.0739
0.74272
1.0195
0.85374
0.58834
0.85381
0.96777
1.0351
0.72416
1.0764
1.0155
0.88752
0.7593
0.78355
1.0943
1.0471
1.1348
1.3063
0.93147
0.99403
0.67655
1.0363
0.92668
0.79938
1.0202
1.1445
0.86277
0.80725
1.0283
0.73579
0.82197
0.72557
1.0001
0.69941
0.78961
0.9104
1.0403
0.87577
0.99334
0.94661
0.70823
0.66971
0.94583
0.94454
1.0674
1.1954
0.87829
0.69671
0.9347
1.1178
1.1346
1.1098
1.104
0.87795
1.1573
1.1075
0.83776
0.65745
1.0674
1.0824
0.8449
0.46261
0.84939
0.92251
0.93178
1.085
0.67149
0.50859
0.71403
0.69627
0.82143
0.76427
0.87181
1.0526
1.0853
0.66906
1.1091
1.1629
1.1385
0.94848
1.0011
1.0709
0.99787
0.44748
0.84896
0.92836
0.84352
0.93311
1.1084
1.0513
0.63072
1.1087
0.86378
1.1474
0.77643
1.1294
1.0019
0.73218
1.085
1.0817
1.1301
1.0506
0.77661
0.87989
0.84824
0.75645
0.91802
1.0423
0.5921
0.93979
1.1768
0.96595
0.88221
1.0722
1.1562
1.1218
0.8879
0.84413
0.86533
1.0741
0.59025
1.068
0.64473
1.0769
0.82455
0.53204
1.0927
0.90215
0.87411
1.1931
1.1868
0.79858
0.97339
1.1889
0.90461
0.91644
0.80728
0.80663
1.2063
0.66865
0.74898
0.851
0.78666
0.92829
0.77125
0.93922
1.0218
1.1223
0.73939
0.68801
0.90084
0.63617
0.91212
0.94344
0.69951
0.78693
0.88469
1.1753
1.1873
1.248
0.6774
0.94897
1.123
0.90237
1.1096
0.66703
0.75257
0.9436
1.1144
0.92426
1.005
0.9495
0.92644
0.85964
0.92876
0.95789
0.97086
0.87648
0.82985
0.87442
1.2515
1.0335
0.93763
1.0448
0.8867
0.60537
0.85084
0.72871
0.93978
1.2025
0.94609
1.0114
0.79616
0.98909
0.88422
1.2365
1.0567
0.83525
0.71996
0.8006
1.0484
0.9286
1.1104
1.0017
0.68248
0.96308
1.0315
1.0266
1.1183
0.47499
0.82941
1.0372
0.91155
0.77056
0.88438
0.88656
0.77261
1.0481
0.90511
0.96366
0.91463
0.93273
1.0465
1.0972
1.1907
0.8177
0.52949
1.0647
0.89672
1.0917
0.83036
1.0879
0.86622
0.75052
0.76043
0.86379
1.0371
0.78406
0.80314
0.92699
0.80223
0.69733
0.96033
0.78973
0.86775
1.0955
0.99062
0.79258
0.79603
1.2077
0.67696
0.9937
0.3697
0.8136
0.88746
0.98748
0.85709
1.0223
1.1098
0.89021
0.81524
1.0317
0.9843
1.0041
1.0306
1.0231
0.90533
0.99391
0.86666
0.986
1.176
0.62708
1.112
1.1718
0.89731
1.1489
0.89581
0.43237
1.2338
1.1583
1.0818
0.87875
0.71081
1.0182
0.86103
1.2166
0.89962
0.97727
0.9446
0.91943
0.35477
1.1658
0.84107
0.98002
0.53277
0.88244
1.0287
1.0606
0.7114
0.7041
0.82376
0.8619
1.0323
0.84493
0.8568
1.1852
1.162
1.2193
0.6724
1.166
0.87034
0.84064
0.98008
0.99493
0.97895
0.80509
1.2932
0.86168
0.94736
0.70341
0.98129
1.1472
0.96845
0.96843
0.95866
0.48826
1.1862
0.6139
0.65467
0.966
0.82539
0.83036
0.73483
0.80273
0.78754
0.99573
0.93929
1.1289
0.74322
0.81263
1.0937
0.88918
0.76291
1.0311
0.68359
0.57715
0.88956
0.81213
0.62802
1.0463
0.55663
1.0024
0.96091
0.90233
1.0934
0.80401
1.1297
1.0206
1.0693
1.0655
1.2074
0.61318
1.0166
1.2004
1.0057
1.0418
1.0355
0.99785
1.1633
0.76646
0.71889
0.93142
0.92936
1.0026
1.0638
1.0753
0.91737
0.9838
0.93075
1.072
0.80315
1.1282
0.73581
0.8546
1.1005
0.94339
1.0419
0.93076
0.59283
1.0695
0.72955
0.61786
0.59898
1.0529
0.80605
1.1063
0.84568
0.94915
0.85268
0.83403
0.97608
1.3135
1.0088
0.68503
1.2486
0.80136
0.90223
0.93689
1.0126
1.1849
0.5509
0.88084
1.0689
0.78667
1.1091
1.0422
0.91295
0.83157
0.79046
0.74155
1.0864
0.93339
0.58577
1.0864
0.70069
0.65452
0.6804
1.069
1.0044
0.92482
0.83447
0.92037
1.1126
0.51633
1.0408
1.1121
0.95937
1.1175
1.0284
0.86784
1.1253
0.81106
1.1698
1.0079
0.86269
0.74265
0.82362
0.81261
0.85202
1.0797
1.0409
1.1434
0.83165
0.90652
0.72933
0.82495
1.0477
0.91902
0.9345
0.50878
0.82291
1.029
0.90475
1.0432
1.1303
1.0896
1.063
0.83388
1.13
1.2311
1.0359
0.70369
0.80846
0.66525
0.96772
0.98586
1.0092
0.69861
0.88759
1.0971
1.0824
1.0271
0.94143
0.89067
0.75843
0.88476
0.78417
1.2106
1.084
0.91939
0.67028
0.93764
1.1226
0.90561
0.77439
1.1468
0.86275
0.95272
0.84777
0.90738
1.0272
0.77671
0.74461
0.73786
0.65367
0.78506
0.87032
0.92102
0.84818
1.0595
0.49113
0.78637
0.93766
1.1383
1.0852
0.90183
0.86604
0.85451
0.78269
0.63954
0.88096
1.0939
0.79281
1.1926
0.59253
1.0275
1.1731
0.90605
1.0592
1.1178
0.93687
0.79132
0.89843
0.91275
1.2226
1.1111
0.83493
0.9213
1.01
1.0293
0.86035
0.9682
0.91432
0.95741
0.68445
0.73082
0.93248
1.0092
1.0069
0.86321
0.81869
0.88493
0.86945
0.82767
0.58641
1.0431
0.58056
0.84105
0.86935
1.1739
1.0756
0.85725
0.36261
0.56052
0.87714
0.70848
0.94305
1.1259
0.97019
1.0881
0.82415
0.92657
0.94039
0.62536
0.77008
0.70486
0.82942
1.0933
1.241
1.2474
0.6981
1.0668
1.1971
0.8936
1.2516
0.94991
1.0823
1.1121
1.0064
0.80039
0.74342
1.33
1.0984
0.83494
0.98667
0.63045
1.0231
0.85587
0.99431
1.0446
0.845
0.99326
0.84439
1.0506
0.93786
1.0064
1.0733
0.8032
1.1023
1.0373
0.88954
0.25658
0.5291
0.71367
0.761
0.94522
1.2074
1.1532
1.0484
1.1554
0.70871
1.1389
0.80256
0.96997
0.79879
0.82819
0.99003
1.2213
0.83409
1.0489
1.0444
0.82619
0.82864
0.93136
1.0983
0.96675
0.88879
1.0257
0.78702
0.90551
0.84503
1.1916
0.89439
1.2097
0.79809
0.92685
1.29
0.87405
0.9857
1.0586
0.70322
1.2087
1.1423
0.90408
0.69863
0.91557
1.0214
1.2125
0.89349
0.84238
0.77234
1.0008
0.93043
0.63678
0.91848
0.93513
0.81113
0.90713
0.66991
0.93776
0.95562
1.0536
0.65987
0.94475
1.008
0.93492
0.76948
0.75274
0.92221
1.0287
0.918
0.89719
1.2373
1.1264
0.94469
0.77859
1.1484
0.91128
0.8635
1.1267
0.85649
1.0153
1.0816
1.0223
0.81229
0.73938
1.1811
0.95696
1.2025
0.85394
0.74135
0.82426
0.72854
0.77466
0.79338
0.94568
0.88806
0.98796
0.62092
0.89694
0.59409
0.81185
0.89167
0.95057
0.87224
0.86561
0.77099
1.1651
0.76594
0.90198
1.0138
0.80638
0.7141
1.0676
0.84243
0.80154
0.99359
1.2525
0.68438
1.005
1.0326
0.99304
0.89727
1.0497
0.945
1.1511
1.081
0.55018
1.0306
1.0059
0.87888
1.0754
0.94614
1.1258
1.0632
0.72277
0.46052
1.0908
0.78492
0.84868
0.79572
0.92283
0.87591
1.1423
1.0925
1.1344
0.99595
0.78401
0.82535
1.03
0.84432
0.63468
1.0559
0.91374
0.99993
0.92138
1.0037
0.9353
0.96044
0.79306
0.78191
0.6141
0.77392
0.94708
0.59219
1.1149
0.99224
1.0821
0.89731
0.76477
0.92547
0.74913
0.98467
0.63169
1.0747
1.0139
0.794
0.99756
0.86963
0.63567
0.92321
1.2135
0.87552
0.59061
1.0956
1.134
0.84666
1.1598
0.66385
0.58119
0.79704
1.0618
1.0697
0.9529
1.2043
1.0037
1.05
1.0434
1.0098
0.51612
1.3103
0.85544
0.92346
0.85147
0.6028
0.94069
0.59626
0.82486
0.98786
0.91737
0.87754
0.86842
0.70155
0.94088
0.64633
0.92314
1.11
0.89766
1.1717
1.0246
0.61347
0.57534
0.82284
0.80629
0.84805
0.79465
1.007
1.055
1.1533
1.1303
1.0921
0.98303
0.91567
0.90697
1.156
0.76933
0.98109
1.0333
0.88193
1.1334
0.89347
0.77429
1.0812
1.1281
0.93955
0.6422
1.1407
1.064
0.89617
0.91695
0.91778
0.98708
1.0852
1.0763
0.52077
1.0029
0.94069
0.99208
0.92037
1.0117
1.189
0.91774
0.9458
1.0572
0.68086
0.66621
0.9867
0.79481
0.73295
1.0512
0.71797
0.8918
0.89104
1.1642
1.0427
0.74263
0.78771
0.96798
0.94987
0.80644
0.96936
0.81885
0.94438
0.73475
1.1793
0.77832
0.8444
0.86616
0.68334
0.85179
1.0316
0.98949
0.87078
1.1223
0.836
0.86933
0.90575
1.1959
1.1135
0.86068
0.60223
1.123
0.77095
0.91698
0.75173
0.90371
0.71967
1.2758
0.83769
0.98758
0.89476
0.73027
0.90396
0.8576
1.1683
1.0798
1.2619
0.80446
0.90925
1.0941
0.54609
1.0034
0.8663
0.97204
1.1346
0.99423
1.3952
1.0399
0.73544
0.74183
0.84701
0.51402
0.84669
0.8875
0.90403
0.78916
1.1076
1.258
1.0043
1.0061
1.0008
1.0785
0.71664
0.84802
0.8325
1.0765
0.9682
1.0461
0.4925
1.014
1.0872
0.7706
1.1415
0.93424
0.98412
0.90756
0.88328
0.71764
0.96208
0.83207
0.79415
1.1842
1.0981
0.89481
1.1105
0.68302
0.96462
0.84454
1.1807
0.71517
1.004
1.1503
0.86995
0.99519
1.0823
0.81309
1.016
1.0044
0.95597
0.80251
0.85493
0.85921
0.83587
1.1039
1.2262
0.77827
0.94078
0.70855
0.85451
1.2022
0.63429
0.92512
1.054
0.71657
0.8886
1.1509
1.1871
0.78946
1.0438
0.62198
0.67807
0.6833
0.45338
1.0057
0.85162
1.0164
0.72405
1.0165
0.87011
0.89245
0.7857
1.0198
1.0484
1.1633
0.71131
0.85566
0.99389
1.0065
1.0521
1.0006
0.81207
1.2031
0.91185
0.87771
1.2997
0.82208
0.9831
0.84537
0.95289
1.0056
0.91174
0.96136
0.8068
1.0485
0.96574
0.9404
1.2091
0.97578
0.89608
1.0341
0.59694
0.81258
0.85325
0.96318
1.0918
1.0611
0.80644
0.76956
1.0583
1.0214
0.84645
0.678
0.96422
1.1508
0.88064
0.97082
0.81196
0.65609
0.59416
1.0954
1.1345
0.89026
0.73332
1.1336
1.2259
0.87666
1.0144
0.58616
1.1783
1.0488
0.99676
1.0355
0.99457
1.1247
1.1114
1.0948
0.74175
0.95232
1.0399
1.0923
0.80172
0.89179
0.99467
0.63686
0.97966
0.98606
0.92793
0.73473
0.68222
0.74288
0.99161
0.7106
0.67125
1.0477
0.69069
1.0911
0.46325
1.1714
0.76899
0.91779
0.95871
0.84436
1.0961
1.1675
0.90884
0.89518
1.0741
0.84872
1.0821
0.74619
1.0605
0.83244
0.70922
0.67569
1.0097
0.99138
0.79636
0.91498
0.96492
1.0719
0.91788
0.83496
0.82461
0.83773
1.2306
1.2134
0.76724
1.2506
0.85584
1.0263
1.0048
1.051
1.1173
1.1855
1.1492
0.62739
1.1149
0.7073
1.2045
0.98882
0.68761
0.76268
0.96469
0.7701
0.90389
0.9409
0.85935
0.92096
0.51701
0.77784
1.0188
0.84247
1.1656
0.27102
0.793
1.0033
1.0753
0.85817
1.0617
1.1499
0.99284
0.76608
0.92465
0.82768
1.1207
0.74389
0.75522
0.83077
0.99612
0.53891
0.92863
0.97952
1.262
0.87107
0.97624
0.90588
1.0252
0.8037
0.59522
0.79528
1.3132
0.78119
1.2433
0.7383
1.2856
1.1336
0.85466
1.0477
0.95712
0.82482
0.78302
0.80618
0.8472
0.95058
1.0131
0.64193
1.1722
1.0326
0.94597
1.0371
1.0953
1.1112
0.83417
1.0459
0.97948
1.1043
1.0535
0.66158
0.95491
1.0972
1.0189
1.0366
1.0483
0.83064
0.95099
0.9455
1.0094
0.94392
1.0841
1.0781
0.62641
1.0411
0.66042
0.85444
1.1532
1.0309
0.64351
0.86353
1.1648
1.0783
1.0424
0.87146
0.83284
0.89415
0.87495
0.66795
1.1659
0.96956
1.0233
0.69479
0.90211
0.88184
0.94053
1.1811
1.1678
0.77325
0.8508
1.1054
0.83637
1.033
1.1743
1.2274
0.83542
0.97358
1.1115
0.75562
0.95139
0.83918
0.84434
0.68936
0.74971
0.57168
0.62851
0.71285
0.97146
0.92105
0.91097
0.77552
0.94195
1.1544
0.78646
1.1679
0.89154
1.1004
0.83015
0.67118
1.0173
1.1475
0.55121
1.0141
1.1784
0.91735
1.0601
0.89247
0.84286
0.97977
0.99569
0.50224
1.0269
1.1358
0.76079
0.86429
1.0159
1.0033
0.89022
0.64949
1.0588
1.0082
1.1249
0.91561
1.0332
1.0654
0.79354
0.93177
1.0515
0.96697
1.0649
0.89172
0.71181
0.68893
0.94483
0.98345
0.62345
0.88917
1.2214
1.0793
0.85874
0.71157
0.95044
0.93022
0.87031
1.1798
0.6707
0.91371
0.72991
0.50868
1.1021
0.85708
0.48089
0.86717
0.75768
0.91036
1.0818
1.0138
1.0016
0.90079
0.86534
1.0993
0.78095
1.1857
0.99191
1.0494
0.85204
1.1826
1.0404
1.0758
0.8604
1.0649
0.89284
1.2275
0.96469
0.90375
0.85971
1.1206
0.79026
1.2648
0.84897
0.92402
1.0433
0.94173
0.5174
1.1595
0.83475
1.0731
0.95315
1.041
1.0977
1.0896
1.2419
0.74934
1.2171
1.169
0.81473
0.92303
1.1007
0.66406
0.98512
0.67658
0.50936
1.0443
1.0537
0.53328
0.94267
1.0145
0.98955
1.1135
0.82628
0.86809
1.1288
1.0963
1.0603
1.0303
0.89396
0.91312
0.83693
0.63647
0.96694
1.1736
0.69267
1.034
1.1972
0.77881
1.1744
0.95815
1.0493
0.95467
1.0345
1.0437
1.2122
0.8176
0.60699
1.0545
0.77799
0.89457
1.0943
0.84395
0.52874
0.73406
1.3209
0.9436
0.91698
0.87405
0.87808
0.68317
0.92289
0.7564
0.5855
0.90537
0.85538
0.83086
0.87319
0.86215
0.68491
1.1316
1.0251
0.98238
1.1659
0.72366
1.019
1.0562
0.91613
1.0583
0.8419
0.86533
0.7469
0.64465
0.84851
1.2101
0.9461
0.89654
0.97175
0.84332
0.90758
1.0037
1.0412
0.7107
1.3039
0.98687
1.2006
0.99822
0.64793
0.71497
1.0522
0.91125
0.72781
1.0058
0.9406
1.0159
1.0897
0.93467
0.99356
0.93917
0.89841
0.95653
0.80625
0.89171
0.49109
1.138
0.89884
1.151
0.89724
0.92732
1.1703
0.92979
0.92286
0.76743
0.62698
0.588
0.72684
0.79346
1.0094
1.0501
0.79355
1.1211
0.95247
1.0155
1.0268
0.79036
0.92977
0.99636
0.64097
1.1559
1.0056
1.0814
0.75791
1.0244
0.92133
1.0277
1.155
0.70443
0.49989
0.7947
1.2288
0.68658
1.0763
0.9993
0.74056
1.1238
1.0103
0.91672
0.61601
1.0499
0.96391
0.80927
1.0271
0.75434
0.98468
1.1759
1.0617
1.0836
1.1054
1.4069
0.78292
1.0557
1.0573
0.93319
1.0327
0.64315
1.1557
1.0384
0.76479
0.94387
0.82972
0.93654
1.2607
1.1626
0.56261
1.0372
1.1183
1.013
1.1394
0.79838
0.95599
0.80453
0.88395
0.82348
1.1051
0.78097
1.0648
0.36374
0.82547
1.0229
1.0241
0.67338
0.71697
1.0318
0.93404
1.1187
0.91252
0.87265
1.0524
1.0502
1.08
1.0266
0.9063
0.77101
0.90359
1.0562
0.96003
0.68645
0.96322
1.2007
0.80451
1.0122
0.6029
1.0734
1.0532
0.81026
0.75385
1.151
1.1397
0.83876
1.0374
0.95471
0.81533
0.8377
1.0084
0.60054
0.90131
0.69564
0.58142
1.1632
1.0683
0.96079
0.6951
0.89002
0.87043
0.95821
0.78749
1.2265
0.93412
0.92013
0.95853
0.90349
0.90375
0.50487
0.79714
0.99426
0.98039
0.91315
1.1306
1.0763
1.0238
0.6771
1.2349
1.0396
0.99259
0.80685
0.98753
0.89767
0.66512
0.68008
1.0139
0.78312
1.0446
0.95939
0.77625
0.73077
0.9306
1.1339
0.90112
0.99299
1.1089
0.81192
0.96624
0.94668
1.0854
0.95196
1.0666
0.98808
0.77628
0.94911
1.2157
0.82272
0.55026
0.98494
0.46604
1.054
0.80656
0.96392
0.99498
1.2516
0.8799
1.1231
0.63247
1.1356
0.97508
0.78968
1.1773
0.91044
0.82093
1.0662
1.0175
1.1215
0.5931
0.78128
0.64843
0.99594
0.99172
0.94969
0.8906
0.90957
0.672
0.54024
0.96111
0.96944
0.84629
0.91888
0.78293
0.89263
0.91104
0.8706
0.77729
0.86622
0.84369
0.92357
0.78301
0.82606
0.81798
1.1547
1.0981
0.64705
0.71784
0.90494
0.91656
0.99319
0.75047
0.95815
0.60253
0.90606
0.64816
0.83686
0.82541
0.99508
1.1129
1.0322
1.1224
0.93285
0.88636
0.72428
0.79655
0.71536
0.51962
0.99488
0.88614
0.65652
0.82169
0.97067
0.73477
0.87443
0.95472
0.83995
1.1977
0.79228
0.73029
0.6934
1.109
0.86081
0.7556
1.1387
0.95381
1.0099
0.92209
0.95078
0.83262
1.0465
1.0517
0.88479
1.0288
0.87446
0.9155
0.77718
0.95511
1.1772
1.0711
0.87791
0.86724
0.72439
0.91776
0.95298
0.97613
0.95775
0.81433
0.75739
1.0695
0.60677
1.0239
0.92679
0.98657
1.0594
1.0323
1.0331
0.90752
1.0072
0.84668
0.80587
0.72879
0.90334
0.70912
0.78097
0.83415
0.99599
1.1661
0.5851
0.59135
0.76962
0.96391
0.83152
0.89923
0.90331
1.1865
0.54301
1.0692
0.97695
0.98248
0.92941
0.91434
0.86644
0.84137
1.1233
1.0435
0.70467
0.71674
0.98451
0.58223
0.85625
1.2089
0.72579
0.96652
0.71039
0.77082
1.1268
0.78762
1.1393
0.98584
1.0854
0.85872
0.78624
1.0016
0.88256
1.0168
0.68443
0.81357
0.86073
0.8151
0.94626
1.1178
0.8874
0.92615
0.96869
1.191
1.129
0.41146
0.76764
1.178
1.0478
1.0726
0.98815
1.1366
0.97308
0.68993
0.93372
0.9992
0.64601
1.0034
0.9155
0.63099
0.97891
0.84929
0.99009
1.0421
0.82894
0.9002
0.90595
1.1849
1.1932
0.87817
0.80162
0.82933
0.94231
0.73515
1.0129
0.93289
0.48931
1.0734
1.1178
0.91682
1.1192
1.1176
0.87654
0.78606
1.1566
0.7323
0.90758
0.95571
1.0292
0.93
0.7996
0.85345
1.1798
0.92194
0.87972
0.98039
0.81825
0.91191
1.1743
0.98397
1.0804
1.0568
1.1428
0.88773
0.73183
0.99293
0.8881
0.96245
0.87755
0.74431
0.80358
0.76758
0.75729
0.95161
0.97861
0.90985
0.87202
0.90789
1.1353
0.59777
0.61869
1.0302
0.92667
0.92172
0.91967
1.0874
0.81284
0.99812
0.71974
0.9339
0.99989
1.2098
0.68169
0.97863
0.97422
1.1331
0.90925
0.97295
0.68489
1.0447
0.78325
0.70148
0.75002
0.777
0.91069
0.60594
0.77701
0.85679
1.1139
0.51378
0.9336
0.80367
1.0771
0.84002
1.1708
0.91944
1.0928
0.88513
0.91469
1.11
1.017
0.93582
0.60937
1.1969
0.97574
0.96207
1.2169
0.97352
0.83634
1.0187
0.84338
0.98121
1.0886
0.77281
0.85896
1.2374
0.79944
1.1885
0.81755
0.94387
0.71461
0.79733
0.93879
1.1027
1.2706
0.81012
1.2144
1.0859
0.98851
0.4857
0.63006
0.81715
1.1447
1.2577
0.91242
1.0996
0.77758
0.65483
0.78337
0.95463
1.0149
1.0569
0.987
0.64423
0.85198
0.63595
1.0936
0.81847
1.064
1.1205
0.79068
1.024
0.97781
0.92754
0.78282
1.0896
1.1507
0.85003
1.0536
1.0182
1.0192
0.89314
1.1534
0.84339
0.98638
0.71483
0.86047
1.2135
1.0066
1.1477
0.67061
0.78704
0.8569
0.92021
0.90784
0.75812
1.0234
0.89462
1.1188
1.1792
0.92899
0.74605
0.8347
1.0643
1.1389
0.91181
0.85701
0.82197
0.80607
0.9207
0.86544
1.1925
0.81631
0.76553
0.95941
0.64237
0.99734
0.77517
1.2526
1.0884
1.1563
1.1332
0.99198
0.7668
0.86556
1.0557
0.71778
0.85943
0.54869
1.0215
0.85847
1.0129
0.89908
0.93988
0.83141
0.64028
0.89061
1.0671
0.76843
0.85125
0.98169
0.91535
0.96578
0.9709
0.7673
1.1786
1.157
0.90926
1.0783
0.85108
0.70329
0.68778
1.0645
1.0593
0.55112
1.0805
0.72384
0.87312
0.92874
1.1654
0.39228
1.0098
0.83558
0.80818
0.86187
0.89961
1.1327
0.64771
0.86506
0.88904
1.0281
1.0288
0.78623
0.95591
0.67411
1.024
0.79083
1.1996
1.0732
1.0097
0.81311
1.1689
1.0501
0.92771
1.1299
0.96712
0.95781
1.1129
0.99287
0.92559
1.0034
0.757
0.82674
0.80483
0.89322
1.0104
1.0193
1.1797
0.57691
0.94778
0.67017
0.84603
0.96908
0.84633
0.88911
0.99813
0.69841
1.12
1.1448
1.0859
0.92554
0.9619
0.7655
0.7349
0.7806
0.99261
0.9757
1.1117
0.85035
1.038
0.61016
0.8912
0.71999
0.61746
1.17
0.87829
0.98165
0.9892
0.98552
0.64944
1.0479
0.68819
0.92818
0.91218
0.95438
1.0535
1.0174
0.9466
1.118
1.365
0.96574
0.98611
0.92656
1.2138
0.95684
0.6805
0.96979
0.76013
0.74217
0.9882
0.97017
0.81225
1.1082
0.84641
0.79629
0.76258
0.42819
1.0996
0.77152
0.92727
0.60699
0.92134
1.1179
0.86996
0.91053
0.88357
1.0946
1.0347
0.73097
1.0139
0.90946
0.84825
0.98956
1.2254
0.97031
0.84133
0.98262
0.80594
1.162
0.81066
0.79765
0.96048
0.93313
1.0104
0.7321
1.1536
0.7728
0.84473
1.141
1.1757
0.9266
1.3536
1.0065
0.99886
0.9405
0.85199
0.80775
0.78604
0.84748
1.068
0.68661
0.74645
1.062
0.80558
0.89545
0.89365
0.91565
0.78098
0.73862
1.0844
0.69745
0.94947
0.61761
0.95641
1.2172
0.95753
0.65548
1.003
0.81719
0.9817
1.2255
1.1658
1.0856
0.98377
0.90068
0.93626
1.1792
0.77375
1.3644
0.70663
0.50842
1.042
0.95057
1.0085
1.0149
0.86951
0.81534
1.04
1.1447
1.1448
0.89018
0.85644
1.0856
1.0552
0.96161
0.83196
1.1271
0.88949
1.1723
0.74105
0.73171
1.0688
1.1773
1.1501
0.90959
1.0197
0.96455
0.84964
0.92268
1.1846
0.97591
0.99863
1.1048
0.72465
0.82815
0.97821
0.72352
0.98168
1.1249
0.91771
0.78048
0.78471
0.85437
0.73194
0.85847
0.89031
1.0452
1.1022
0.95621
1.206
0.65199
1.0339
1.1198
0.8696
0.94274
0.94172
1.0266
1.1951
1.3307
0.93736
0.70175
1.0825
1.1309
1.0121
1.2387
1.1249
0.74
1.0155
0.80518
1.0646
0.77445
1.1127
1.0973
0.91117
1.2152
1.1711
0.98332
0.42319
1.0262
1.0331
0.78471
0.75253
1.062
0.91155
0.84768
0.90215
0.92945
1.0165
0.86801
0.61476
0.95186
0.81066
0.98767
0.80938
0.9843
0.8543
1.2241
0.94504
0.94505
0.93298
0.85615
1.0498
0.76336
1.1183
0.95411
1.0832
1.2603
1.1037
0.92447
0.76363
0.96678
0.92622
0.87468
0.8314
1.1535
0.78078
1.0379
1.1903
1.1092
0.87099
1.0434
1.1608
0.90035
0.64779
0.94235
1.1385
1.2339
0.91512
0.98597
0.86282
1.06
1.1179
1.0127
0.93028
0.88023
1.0743
1.0535
0.77022
0.92275
1.1327
0.76081
1.1711
0.99449
1.0992
0.6666
0.69399
1.0463
1.006
0.81243
0.79997
0.74197
1.1929
0.91922
1.1421
0.99974
0.95659
1.1071
0.9199
1.1817
0.82509
0.74051
0.70687
0.92793
0.94305
1.0735
0.80223
0.85431
1.1188
1.0465
0.8857
1.0893
0.64722
1.1214
0.92819
0.92257
1.2613
0.92189
0.95903
0.92262
1.0917
0.95415
1.0635
0.81917
0.97794
0.99271
1.0486
0.66914
0.41823
0.87795
0.85275
1.0589
1.086
0.71777
0.97247
0.79623
0.71629
0.87519
0.91794
0.73184
1.0306
0.95698
0.90659
0.75025
0.76592
0.97116
0.65273
0.93876
0.92182
0.88401
0.89088
1.0711
1.0167
0.97358
0.98227
0.71104
0.85167
0.74204
0.90583
0.62387
1.0511
0.9823
0.88152
0.94371
0.96331
0.86978
0.70386
1.0428
1.0717
0.8699
1.0435
0.85174
1.0801
0.94074
1.1053
0.87687
0.99362
1.0063
0.9563
1.0909
0.76031
0.79073
0.99623
1.1618
0.53718
0.93237
1.0012
1.0505
1.0301
0.80272
0.91515
0.78858
1.1114
0.95835
0.55175
1.0303
0.97298
0.93122
1.1667
0.97547
1.1163
0.82462
1.1337
0.62392
1.0836
0.64732
0.77554
0.76009
0.7584
0.82459
1.011
1.0212
0.79538
1.0763
0.6125
0.90756
0.99133
0.99226
0.71446
0.98208
0.67629
1.1246
1.1631
1.0147
0.56316
1.1701
0.76949
0.88048
1.0689
0.9743
0.66296
0.95666
0.80686
0.76913
1.2473
0.79978
0.86081
0.55641
0.94249
1.0914
0.95447
0.63985
0.89572
0.97051
1.0082
0.65395
1.109
0.68316
1.0518
0.61481
1.0377
0.88326
0.86933
1.0472
1.1354
1.0084
0.5322
0.95685
0.88799
0.96882
0.78915
0.95796
0.96202
0.9214
0.94775
0.89666
1.1514
0.90227
1.0855
1.0997
1.1052
1.0025
0.75365
0.96955
0.73315
1.1018
0.55156
0.93049
1.0946
1.0839
1.1225
0.76032
0.86794
1.0891
0.91987
0.8076
0.88232
0.96001
0.92935
1.2172
1.0054
0.96087
1.134
1.0926
0.72371
0.88491
0.95449
0.89563
0.90213
1.0565
1.0735
0.88384
0.6343
0.86191
0.75781
0.99369
0.77486
0.79459
0.93042
0.9028
0.87079
1.0313
0.96085
0.80044
1.0063
0.948
1.0854
0.83171
1.0878
1.1382
0.8125
0.86688
0.85025
1.1404
1.1466
0.91686
1.0351
0.91492
0.85143
1.0256
0.92014
1.1773
0.94491
0.89633
1.0104
1.0122
1.093
1.0353
0.89952
0.87412
0.51933
0.86107
1.2176
1.0021
0.92732
0.91653
0.71192
1.0118
0.9375
0.86558
1.0778
1.1675
0.97138
0.99911
0.52971
0.89906
0.97228
1.108
0.98568
0.7171
1.0267
1.2465
0.8787
0.81238
0.96022
0.57533
0.88185
1.0122
1.061
1.0177
0.97021
0.94085
0.98658
0.93255
1.239
0.86929
1.156
1.1161
0.93489
0.89676
0.92566
1.0015
1.0328
0.91668
1.0459
0.79599
1.1407
1.0222
0.88843
1.0116
1.0395
0.89357
0.95278
1.2156
0.92033
0.79161
1.0751
0.67602
1.0917
0.64003
0.7961
0.91275
0.78371
0.7126
0.77347
0.8419
0.95084
0.94369
0.72759
1.033
0.75646
0.73179
0.80257
1.0428
1.1916
0.64169
0.80755
0.88412
1.0949
0.73546
1.0006
0.7967
1.0253
0.64256
0.96488
0.83962
0.76702
0.78569
0.66367
0.7284
0.68199
0.98712
1.0784
0.99296
0.77166
0.96927
1.0089
1.0635
0.87419
1.0859
1.0634
0.78031
0.90815
0.76418
0.7363
0.88891
0.92273
0.9896
0.68279
1.114
0.91762
0.97207
0.90324
0.7861
0.4305
0.94944
0.9688
1.0395
0.94568
1.1438
1.0392
1.0375
1.1754
1.0547
1.1615
1.1028
1.047
0.72395
1.0495
0.63674
0.90553
1.028
0.99537
0.93162
0.96193
0.90283
0.8841
1.1465
0.65384
1.0601
0.78947
0.91912
0.89025
0.99842
0.93382
0.66253
0.95756
0.99599
1.0772
0.93854
0.90653
0.78192
0.93581
1.0211
1.0732
0.96042
1.0084
0.94166
0.84982
0.85013
1.0526
1.009
0.94392
0.99174
1.2399
0.87676
0.84123
1.0075
1.1127
1.085
1.0142
0.99084
1.1179
1.0371
1.0046
0.71303
0.62804
0.7906
0.67449
0.96416
0.69148
0.95097
1.148
1.028
1.1255
0.60791
0.94876
0.92615
1.0372
0.98602
1.0372
0.83605
1.0046
1.1228
0.79658
0.76633
1.137
1.0056
1.0815
0.73347
0.89131
1.0805
0.74184
1.0749
0.87302
0.63317
0.78639
1.0193
0.87921
0.97078
0.62017
1.1501
0.87893
1.2457
0.73367
1.0707
0.98986
0.93394
1.0219
0.94225
1.0391
0.94668
0.80641
0.96308
0.85299
1.0229
0.95787
1.166
0.8167
0.558
0.97724
0.9435
0.98439
0.89584
0.88233
0.65722
1.1412
1.0038
1.1654
0.69737
1.1698
0.9276
0.75188
0.75972
1.1189
1.0158
0.92001
0.87524
0.81155
0.79182
1.0557
0.84278
0.71066
0.89748
0.88872
0.99544
1.0944
0.74631
0.9166
1.1044
1.1432
0.95228
1.0581
0.92669
1.1429
1.1576
1.0627
0.87526
1.1518
1.0086
1.1083
0.85497
1.0968
0.84077
1.0449
0.72628
0.73407
0.77656
1.1278
1.0409
0.96602
1.05
0.82524
0.39474
1.1132
1.0954
0.84249
1.0203
1.0233
0.8791
0.89099
1.0495
0.7896
0.74279
0.88185
0.70575
0.87374
0.8721
0.97447
0.57701
0.87574
0.88372
0.71706
0.92143
0.83632
0.92511
0.39064
0.9124
0.76866
0.93427
0.97029
1.1421
0.90488
0.58162
0.68472
1.0238
0.9646
1.0637
0.92892
0.96988
1.1172
0.92231
1.101
0.99045
0.94126
0.80582
0.68035
0.93405
0.92584
1.0544
1.006
1.1131
0.96067
0.79569
1.0111
1.1436
0.88422
0.58302
0.91059
1.1814
1.0587
1.0024
0.96965
0.7969
1.0855
1.1629
0.73877
1.0259
0.71818
1.022
0.64858
0.81129
0.81735
0.77456
1.0876
1.0372
1.0029
0.87667
1.1004
1.044
0.91582
1.096
1.2656
0.96562
0.9682
0.72409
0.91276
0.86094
0.78176
1.0582
0.81844
0.9723
0.92795
1.0625
0.66967
0.80692
1.3604
1.0872
0.83907
1.0649
1.103
0.939
0.96264
1.0831
0.79003
1.0975
1.1266
0.78369
1.2005
0.90941
0.96361
0.76055
1.0627
1.0299
0.87059
0.82156
0.44506
1.2127
0.87798
0.72547
0.8267
1.0337
0.92538
1.0458
0.80367
1.0765
0.93754
0.8399
1.0357
0.85419
1.0184
1.1205
0.62776
1.0501
0.62465
0.83237
0.89625
0.96241
1.2411
0.87838
0.9464
0.59083
0.93815
1.1242
1.0764
0.75759
0.93156
0.9975
0.73021
0.83747
1.0797
1.0395
1.1231
0.96316
0.76612
0.74998
0.88257
1.0056
1.1337
0.79895
1.2453
0.80627
0.81915
1.0007
0.77443
0.78761
1.1592
1.1894
0.78639
0.87997
1.2576
0.92306
0.48018
0.99374
0.62074
0.77485
0.97695
0.80126
1.3384
0.68714
0.80355
0.79319
1.2078
0.94279
0.59092
0.91903
1.0264
1.1972
0.81138
0.98358
0.76848
1.0012
0.85869
1.1193
0.70824
1.0899
1.2175
0.86336
1.0259
1.2583
0.80517
0.97308
1.1703
1.0311
1.0322
0.53369
0.44571
0.74456
1.2215
0.97803
1.0238
0.91706
0.73762
0.70083
0.89765
0.99999
1.083
1.0303
0.74712
1.2715
0.77564
1.1151
1.0291
0.56498
1.0131
0.83772
1.0209
1.127
0.96557
0.53591
0.77313
0.90446
0.69663
1.0255
1.0236
0.62563
0.9447
1.0115
1.0185
0.90392
0.82785
0.77873
0.63078
1.1152
0.90539
0.913
1.1139
1.0714
0.85311
1.0108
0.90067
1.0468
0.78328
1.0977
0.84275
0.86639
0.92161
1.0963
1.0961
1.1701
1.0536
0.79114
1.016
0.98621
0.82743
1.2231
1.1382
0.74706
0.92278
0.81552
0.79894
0.61357
1.0056
0.91557
1.018
1.1731
0.90906
0.94068
1.159
1.0835
1.1135
0.93162
1.1003
1.0759
0.99897
1.0283
1.0982
0.8828
0.77712
0.9601
0.82967
0.76468
0.93085
1.0259
0.94757
1.2427
0.7781
1.1119
0.98976
0.81286
1.0575
0.92051
1.103
1.159
0.97973
0.96366
0.84996
0.75191
0.87899
0.959
0.78708
0.54802
0.91463
0.78866
0.85861
0.9962
0.79082
0.60735
1.134
0.82089
0.61205
0.91401
0.89861
0.87668
1.2188
0.75267
0.73112
0.97829
0.74986
0.66382
0.85605
1.0172
1.0194
0.81778
1.015
1.1622
0.84909
0.85382
0.80625
0.88547
1.0564
0.85606
1.0927
0.91678
1.2943
1.1498
0.71624
0.93048
0.84083
1.2376
0.45924
1.0218
0.63329
0.68703
0.77212
0.94732
0.89448
0.95378
0.99218
1.184
0.97351
0.53122
0.97528
1.0151
0.94229
1.1222
1.0146
0.82168
1.0394
0.86485
1.0891
0.85054
1.0539
0.88041
0.8656
0.76326
0.80179
1.3312
0.96457
1.1237
0.87077
0.86321
1.1402
0.78495
0.81949
0.72755
1.018
0.48417
0.6963
0.90697
0.8847
0.5009
1.2281
0.90714
0.81242
0.96006
0.91881
0.76525
0.93257
1.0027
1.0383
0.69419
0.70095
1.0578
0.49823
0.71352
0.89579
1.1179
0.87326
0.82924
0.97955
1.1352
0.85592
1.0499
1.0876
1.0579
0.78864
1.1755
1.013
0.94997
0.57396
1.0469
0.91867
1.1669
0.76678
0.95438
1.1402
0.88861
1.0569
1.0227
1.0316
0.89754
0.92095
1.0544
0.53882
1.0173
0.79907
0.92164
0.97383
0.95723
0.9334
0.68411
1.0565
0.89218
1.0335
0.9041
0.95811
1.0428
0.9362
0.93576
1.132
0.79548
1.1404
0.51264
0.96156
1.09
0.84566
1.0044
1.1179
0.90932
1.0713
0.93252
0.95167
0.99242
0.88706
1.1293
0.90745
0.7986
0.87824
0.57531
1.0579
0.71031
1.0883
0.94226
0.92978
0.98545
1.0548
1.1453
0.74888
0.90656
1.0044
0.96169
0.67727
1.0555
0.92347
1.1003
1.0434
0.75159
0.96795
0.76383
0.98613
0.91146
1.1283
1.3211
0.78332
0.93567
0.49906
1.0989
0.92565
0.76951
1.0534
0.83444
0.85752
0.77279
0.85353
0.82361
0.8065
0.91988
0.68834
0.85258
0.77691
0.83302
0.50597
0.88491
0.81795
1.1565
0.58341
1.0735
0.99336
0.94427
1.0074
0.94281
0.56441
1.0534
0.75874
0.96328
0.79653
1.1185
0.75734
0.58348
1.1721
1.0299
0.50445
1.1347
1.0199
1.2992
0.96753
0.81243
1.0784
0.90939
0.93423
0.9021
0.90635
1.1197
0.77923
0.84821
0.80794
0.96876
1.1137
1.0392
1.0386
1.0345
0.70637
0.95457
0.83978
1.0384
0.76712
0.96034
1.0741
0.96548
0.89134
0.92371
0.82309
0.93154
0.75343
0.94784
0.85392
1.1373
0.82822
0.49844
0.94299
0.86597
1.0656
0.84789
0.27661
0.99316
1.0138
1.2091
0.93898
1.0272
0.91237
0.781
0.96176
0.9008
1.1393
1.0513
0.96211
0.82808
0.87974
1.0959
1.0617
0.58017
1.1598
0.80273
1.1352
0.88212
1.1997
0.63879
1.1786
1.0607
1.1346
1.2042
0.76638
0.8637
0.86689
0.89857
0.9137
0.90258
1.109
0.69056
0.96937
0.75785
0.88973
0.9058
0.90481
1.1768
1.2221
0.90837
0.81622
0.72744
0.9742
1.1785
0.96678
0.84732
0.97001
1.0697
0.86673
0.76306
1.0049
1.1884
0.97169
0.85711
0.67575
0.79072
1.164
0.53567
0.93541
0.76645
0.79907
0.96898
1.0069
0.92249
0.99896
0.98243
0.91605
0.8776
0.79246
1.0484
0.92257
0.99948
0.91706
0.82806
1.137
0.89564
1.0211
0.9691
0.82014
0.9659
0.89762
0.90322
0.9468
1.0255
1.1692
0.85519
1.0156
0.97507
1.0034
0.89768
1.0133
0.96678
0.91447
1.0846
1.1588
0.80748
0.97234
0.85627
0.78468
0.34802
0.89072
1.07
0.9406
0.99478
1.1422
1.3225
0.96438
0.79088
1.0271
0.68495
1.0864
0.35447
1.0893
1.0343
1.1375
0.82935
1.0955
0.74187
1.0848
0.90163
0.72368
0.81882
1.0786
1.1224
0.9848
1.2151
0.95928
0.95544
1.0026
1.0468
0.89863
0.95297
0.85455
1.1179
0.69172
1.0454
0.79688
0.99011
0.95461
0.95039
0.94378
0.96786
0.93191
1.0741
1.2015
1.0044
0.9202
0.95085
0.9001
0.77363
1.0223
1.2338
0.90781
0.70466
0.77501
0.92936
1.2184
0.99723
0.83974
0.79306
0.55926
1.1927
0.86824
1.1195
0.3462
0.79756
0.66156
1.1532
1.2629
1.0524
0.41998
0.5946
0.82532
1.0189
1.0169
0.85587
0.91196
0.59957
1.1183
1.0721
0.81533
1.047
0.77799
0.77485
1.0639
0.76749
1.0291
1.0759
1.0374
1.1349
1.0569
1.1943
1.0249
0.72227
1.042
0.6946
0.72652
0.99369
0.68678
0.92666
0.86622
0.79703
0.88467
0.92333
0.77965
1.003
0.53903
0.71769
1.1142
1.1293
0.90903
0.65057
1.0016
1.0043
0.69167
1.0639
1.175
0.86965
1.0377
1.1508
1.197
1.05
0.84839
0.97301
0.79761
0.78383
0.86325
1.1858
1.1868
0.60308
1.065
0.87837
0.89825
0.9401
1.0127
0.52817
0.9457
1.0435
0.54971
1.0006
1.1458
1.272
1.1339
1.1105
0.88192
0.75425
0.90377
0.75551
0.79884
0.7471
0.98331
0.89269
0.99093
0.93687
0.89517
1.0157
1.0453
0.9084
0.87831
0.90667
1.0855
0.67711
1.0006
0.92729
0.92805
0.9978
1.0927
0.95587
0.44126
0.49197
0.54299
0.90289
1.136
0.98524
1.0117
0.96629
0.7786
1.0526
1.0118
1.0077
1.0913
1.2237
0.70608
0.78572
1.0077
0.93535
1.1116
0.58007
0.92377
0.97762
0.99138
0.83387
1.115
0.88822
1.04
1.1243
0.74669
0.55919
1.1375
1.0423
0.80433
0.86227
0.75768
0.91992
0.88878
0.69741
1.0967
0.7026
1.0403
1.0032
0.73783
1.0834
0.9817
0.92149
1.2638
1.1111
1.0824
0.96041
0.76932
1.0018
0.78375
0.638
0.88343
0.92127
1.0309
1.1044
0.87551
1.0508
1.19
0.98771
1.0362
1.2821
0.7719
1.0908
1.0331
0.72434
0.92812
1.0877
0.84822
0.83658
1.1767
1.0419
1.264
1.0363
1.0559
0.90633
0.87075
0.71021
1.0023
0.96346
0.73422
0.77304
0.59209
0.90128
0.72695
1.0258
0.79615
0.82835
0.99808
0.93384
0.95959
0.98636
1.0602
0.89106
0.82694
0.90867
0.89377
1.1635
0.75404
1.0467
0.81522
0.70749
0.75146
0.97692
0.62539
0.75842
1.128
0.9233
1.0143
0.95786
0.85057
0.90729
1.1408
0.78617
0.93669
0.67636
0.99652
0.84827
1.0002
0.89504
1.22
1.1213
0.95621
0.96337
0.9814
1.1311
1.0322
0.77664
1.107
0.96991
0.94028
0.70906
1.0782
1.0853
0.81289
1.0736
0.70236
0.98595
0.91137
0.57624
0.91695
0.49139
0.67608
0.78771
0.84266
0.66201
0.89599
1.0938
1.0167
0.61551
0.76294
1.158
0.85192
0.96476
1.0353
1.0421
1.0467
0.75454
1.0768
0.79844
0.69328
1.0227
0.57126
0.72237
0.93722
0.97269
0.8963
1.1206
0.93998
0.92624
0.72741
0.90976
1.0305
1.0242
0.72186
0.95557
0.95563
0.80923
1.0581
1.1328
0.89402
0.82726
1.042
0.89377
1.0691
1.1236
0.98504
1.137
1.2354
1.1023
0.90653
0.92927
0.96308
1.2204
1.2314
0.72726
1.0136
0.86973
1.0791
1.0339
0.92592
0.81324
1.0332
0.74582
0.57448
0.87281
1.053
0.77535
0.6605
0.80436
0.83475
0.89617
0.96354
0.68558
0.86023
1.1728
1.1315
0.63285
1.07
1.0775
0.78421
0.89317
0.85473
0.78529
1.2093
0.69636
1.1122
0.90651
0.66293
0.76865
0.90169
1.2306
0.90051
0.73758
0.80588
0.6465
0.9315
1.1154
0.40683
1.0235
1.0654
0.96204
0.84981
0.809
1.2799
0.99686
0.98256
1.2105
0.91335
1.1337
0.91656
0.77235
1.1864
1.2541
0.80627
0.61723
0.88593
0.60712
1.1304
1.0045
0.80542
1.1885
0.6953
1.0065
1.1012
1.0328
1.0176
0.57877
1.0376
0.8606
0.84291
0.7853
1.1007
0.84451
0.86462
0.93069
0.91911
0.72514
0.97053
1.159
0.96459
0.87025
1.1197
1.0486
0.75769
0.95219
1.001
0.89986
0.90934
0.8896
0.90821
0.7031
1.1735
1.1034
0.59386
0.85888
0.95788
0.97162
1.043
1.0152
0.92171
1.0493
1.2315
0.72562
0.67772
0.86149
0.87108
0.95396
0.74039
1.0995
0.77843
1.0534
1.17
0.87183
0.6627
0.78795
0.91166
1.0898
1.1925
1.0547
0.97299
0.68561
0.89526
0.94891
0.8304
1.0752
0.23377
0.94499
0.78101
1.2736
0.87088
1.209
1.0333
0.59887
0.76977
1.2261
0.82574
0.90802
0.76036
1.1152
1.0981
0.90749
1.227
0.49131
0.96727
0.76154
1.0089
0.40077
1.1892
0.87212
1.0039
0.90361
0.98247
1.051
1.0431
1.0151
0.9246
0.98647
0.76779
0.86474
1.0278
1.1423
0.8845
1.2181
1.1937
0.61006
1.0739
1.0441
0.95595
0.60379
1.0268
0.91514
0.70874
0.85372
0.96854
1.0771
0.85988
1.1311
0.97717
0.77247
0.71237
0.85538
0.86607
1.0872
1.0019
0.99546
1.0097
1.0072
0.68396
0.99366
1.0337
0.94864
1.2485
0.88862
1.0637
1.0576
1.0016
0.86116
0.85501
0.96972
0.82328
0.60241
0.76074
1.0947
0.68754
0.8683
0.81947
0.97542
0.90118
0.9473
1.3224
0.97704
1.0814
0.62496
0.61365
1.0138
0.98135
0.82697
1.183
0.74769
0.95296
0.92158
0.88217
0.7589
0.72899
0.79345
0.63116
1.0997
0.76227
1.1242
0.92923
1.038
0.8237
0.78943
0.96376
0.87255
0.98163
0.74029
0.86492
0.82267
0.49806
1.1525
0.84333
1.0322
1.1007
0.72688
1.0527
1.1235
0.46757
0.8822
0.90873
0.6948
0.65022
0.77367
0.9315
0.98265
0.94833
0.8384
1.0055
0.99573
0.82424
0.67627
0.66329
0.96482
0.80095
1.161
1.1278
1.1877
0.84475
0.72034
0.84466
1.0411
1.0155
1.142
0.92478
1.0146
1.1152
0.81816
0.7606
1.1192
0.8847
1.1204
1.1995
0.9184
0.9044
1.12
0.98809
1.0082
1.0204
0.79889
1.0095
1.0696
1.0223
0.6735
0.75396
1.0341
0.96797
1.0196
0.59603
0.79552
0.96631
0.77409
0.94691
0.76989
1.0881
0.71784
0.53706
1.0112
0.98753
0.71776
0.92913
1.0827
1.2022
0.89816
1.0281
0.78148
1.0426
0.77764
0.93603
0.95944
1.1632
0.81819
0.99155
0.76855
0.98798
1.1789
0.9044
1.1149
0.7342
1.1422
1.0671
1.1315
1.0523
0.79047
0.98269
1.1026
0.68524
0.72056
0.98883
0.78317
0.63237
0.63659
0.753
0.89836
0.86232
1.1862
1.0887
0.94509
1.013
1.0116
0.72377
0.58146
1.0535
1.0617
0.88053
1.042
0.70542
0.99572
1.0372
1.0681
0.98885
0.48513
0.71002
0.89446
0.78858
0.93428
0.89417
1.0642
1.1985
0.93866
0.81062
1.1913
0.94664
0.8607
0.77542
0.79882
0.83556
0.87997
0.96637
0.97895
0.92037
1.0153
1.1824
1.0956
1.0296
0.83951
0.60755
1.0518
1.2007
0.75319
0.95884
1.1757
1.0877
1.0666
0.74731
0.55627
1.1542
1.0844
0.58269
1.0371
0.89583
0.90418
1.1334
0.93515
1.0824
0.64107
0.91456
0.76115
0.90808
0.92427
0.70441
0.86882
0.99561
0.94672
0.84858
0.91085
0.93329
1.2746
1.1159
0.90707
1.1416
0.9095
0.87166
1.0515
1.0737
0.5457
0.84306
1.0075
1.0925
0.7774
0.95089
1.1342
0.65537
1.024
1.1216
1.0262
1.0166
0.80638
1.1787
1.0858
0.7759
1.0659
1.0877
0.94069
0.92229
1.0253
1.0622
1.0718
0.87238
1.0674
1.0637
0.72774
0.9329
0.85243
1.1218
0.96488
1.0085
0.97057
0.92778
0.99862
0.94043
0.80475
1.1268
0.92195
1.2415
0.74003
1.0548
0.86489
0.93101
0.68932
0.41882
0.83398
1.091
1.1799
1.151
0.58737
1.0158
1.0955
1.0954
1.1274
0.51742
0.99616
0.75329
0.96473
0.6527
0.87973
0.71857
0.91064
0.88292
1.09
1.0202
0.68124
0.80581
1.2083
0.98694
0.80735
0.6171
0.82691
1.1227
0.73142
0.906
0.56612
1.1949
1.018
1.0307
1.0276
1.0773
1.0283
0.80112
0.77771
0.84672
0.98539
0.75903
0.9473
1.1632
0.77784
0.73371
1.206
1.0084
1.0354
0.62212
1.2512
0.98518
0.75907
1.1176
0.91253
0.93862
0.9384
0.96652
1.0043
0.95512
1.0719
0.66276
1.1056
0.82213
0.82317
0.92238
1.16
1.0192
0.77398
0.70576
0.93296
1.2246
0.99011
0.8332
0.91577
0.67077
0.71812
0.95425
1.0048
0.88634
0.72139
1.0203
0.98216
0.91654
0.48264
1.0503
0.89127
0.48221
0.98132
0.94665
0.96333
0.88342
0.94792
1.0061
0.78581
0.73034
1.102
0.78934
1.2493
0.95588
1.0422
0.72908
0.84971
0.7804
1.026
0.79141
0.9946
0.84968
1.049
0.84378
0.77723
1.0339
1.0507
1.1235
1.1088
0.85775
1.1561
1.0422
1.0398
0.72068
1.0991
0.99151
1.0158
0.8592
0.95461
0.82292
0.90454
0.90079
1.034
0.94348
0.84892
0.7539
0.80238
1.144
0.86713
1.132
0.89306
0.94062
0.92971
0.95976
0.62707
0.8665
1.2413
1.1612
1.0953
0.58413
0.96785
0.89956
0.95429
0.97556
0.92847
1.0077
0.63539
0.69061
0.71601
0.99403
1.0953
0.92265
1.0242
0.9803
1.0266
0.64168
0.95888
0.68834
0.85773
0.82709
0.95304
1.012
0.94678
1.0091
0.93452
1.0811
0.76751
0.79227
0.69138
1.0162
1.091
0.80823
0.97887
1.0769
0.98824
0.67897
0.95113
1.0831
0.40976
1.1024
0.96039
0.92084
0.95145
0.89393
0.99355
0.92276
0.84222
0.95896
1.0057
0.90275
0.94503
0.96859
1.2134
0.93861
0.99835
0.8402
0.89649
1.1067
1.2151
1.0686
0.9997
0.90257
0.72898
0.84497
0.77867
0.90369
0.80294
0.97285
0.68511
0.9729
0.82984
0.8542
0.92147
0.80783
0.81761
0.92751
1.0595
1.1566
0.78047
0.9341
0.76301
1.1547
0.9487
1.0858
1.0472
0.90027
1.0346
0.89181
0.80619
1.1945
1.1161
1.0102
1.0092
0.89273
1.1953
1.0932
0.79414
0.70512
0.87646
0.83529
0.92596
0.93567
0.74656
1.1158
1.1079
0.93787
0.99541
1.0071
1.1387
1.1967
1.0737
1.0024
1.1448
0.67101
0.714
1.0307
0.72911
1.0837
0.81232
0.78301
0.7926
1.2089
1.1602
0.65989
0.96606
0.82024
1.0799
1.139
0.92947
0.73742
0.54297
0.94964
0.69271
0.96754
0.95299
0.9375
1.0938
0.84855
0.66623
0.95968
0.85674
0.8765
0.87906
1.0362
1.0241
0.71086
0.79765
0.95562
0.60526
1.0526
1.0059
0.7723
1.1842
0.86407
1.0842
0.79722
0.74806
0.86896
0.79886
0.88778
0.83968
1.0012
0.78306
1.1198
0.94846
0.76602
0.90403
0.80903
0.96827
0.87077
0.82048
0.59481
0.7967
0.89626
1.147
0.8122
1.1708
0.91732
1.0017
0.79039
1.2475
1.164
1.0295
0.87198
0.7517
1.1864
1.1459
0.96284
0.81725
1.0027
0.81478
1.1857
0.90687
0.98223
0.77524
1.0438
0.63609
1.1281
0.79161
0.94535
1.0295
0.72863
0.96796
1.0497
1.1484
0.63097
0.77429
1.1015
0.93137
0.80479
0.5787
1.0244
0.83438
1.1289
1.0241
0.96696
1.0756
1.1269
0.90752
0.70552
0.97116
1.1224
0.93912
1.1317
1.0639
0.59264
1.2669
0.97668
0.94437
0.76491
1.1667
0.83094
1.072
1.0277
0.84431
0.79749
0.55685
0.90739
0.87143
0.94777
1.0467
1.1121
0.96024
0.93869
1.0344
0.94847
1.1811
1.1029
0.82486
0.8058
0.90011
0.69928
1.0253
1.1153
0.91971
0.85372
0.85436
0.84283
0.98874
0.67681
0.86502
0.74354
1.0139
1.0599
1.0861
0.88597
0.91065
1.0328
0.89534
0.74265
0.97303
1.0559
0.88062
0.91272
1.0582
0.92305
1.0504
1.0292
0.98724
1.0131
1.0957
0.92872
1.1536
1.1931
1.0443
1.0614
1.2557
0.89475
1.2636
1.2554
1.2271
1.0534
0.88632
0.98592
0.66399
0.74526
1.2608
1.0094
1.0173
1.0354
0.8205
0.95797
0.79549
0.95061
0.71212
0.65892
0.92954
0.95685
1.0587
0.73935
1.0128
1.1419
0.83054
1.0018
0.96922
1.2226
1.0922
1.1154
0.94771
1.1622
0.7218
0.96045
0.62741
0.81777
0.85358
0.81591
0.6215
0.95689
0.99544
1.0679
0.96386
0.9648
0.97782
0.92965
0.59605
1.0049
1.0066
0.71743
0.99728
1.0459
0.7466
1.0417
1.119
1.0724
1.2543
0.78996
1.091
0.96659
0.92778
0.99687
0.96932
0.58185
0.95316
0.90382
0.90709
0.75381
0.78571
1.1259
1.046
0.73012
1.3509
0.67162
0.84216
1.3424
1.1104
1.0587
0.82234
0.90874
1.1481
0.79597
0.81908
0.71753
1.089
0.78127
0.86976
0.84141
1.0449
1.0391
1.0834
0.88567
1.0586
0.88349
0.68928
0.76308
0.96126
1.0053
0.96784
0.67333
0.92355
0.87977
1.1118
0.93425
1.1173
1.1308
1.08
0.60787
0.61966
0.83722
0.9416
1.0562
0.90799
0.95791
0.77073
0.87159
0.96501
1.1122
0.99165
0.97201
0.85293
0.79074
0.8313
0.96494
1.1421
0.69159
1.0922
0.92099
1.1276
1.0951
1.1131
1.144
0.85775
1.072
0.89095
0.49586
0.80213
0.77895
1.1876
0.50754
0.94262
1.0027
1.0203
0.97441
0.93376
0.85252
1.1223
1.0879
0.75779
1.1211
1.0992
0.68534
0.81113
0.8739
0.82635
1.0899
0.39824
0.88231
1.0233
0.93948
0.85449
1.1225
0.92212
0.9335
0.5755
0.87835
0.96292
0.50019
0.89478
1.1059
1.0823
1.0522
0.93677
0.79704
1.0168
1.1583
0.79549
0.95502
0.93896
0.9578
0.78465
0.86012
0.71815
0.80568
0.92644
0.935
0.87196
0.70666
1.0143
1.2963
1.1575
0.96292
1.0925
0.97474
0.95606
0.96494
0.76497
1.1273
0.87664
1.1419
1.0004
1.0155
0.95391
1.1158
0.93092
0.87908
1.0368
0.68057
1.1291
0.86344
0.87181
1.169
1.0608
1.0549
1.286
0.85186
0.99223
0.91543
0.82663
0.89029
0.80532
1.0008
0.87482
1.1252
1.0445
0.99243
0.97524
0.91249
0.89284
0.80585
1.0366
0.67472
1.0393
0.96795
0.90554
1.2233
1.035
1.0521
0.72723
0.74986
0.89301
0.86693
1.2178
0.92664
1.0165
0.98168
0.73686
0.94826
0.79025
0.91465
0.86029
0.95834
0.80763
0.77974
0.9897
1.2105
0.99574
0.99311
0.93782
0.73144
0.55032
0.88323
0.80326
0.38978
1.144
1.113
1.0665
1.0087
0.74023
0.79611
0.73557
1.2057
0.76582
1.0612
1.0022
0.96231
1.0118
0.64491
1.0779
1.0321
0.88864
0.91614
0.94193
0.91933
1.0788
1.1226
0.74926
0.99256
1.096
1.0675
0.89125
1.1095
1.013
1.205
0.92618
0.98503
0.87971
0.74456
0.83291
0.68227
0.87077
0.90534
0.84355
0.99045
0.75403
1.0701
1.2673
0.7654
1.1186
0.98823
0.8081
1.2314
0.98749
1.09
0.86192
1.0415
1.038
1.1704
0.61587
1.3499
0.59286
0.93821
1.0405
1.1211
1.0637
0.5845
0.91376
0.95041
0.68766
0.83715
0.79009
0.77295
0.52559
0.73107
0.49795
0.9405
1.0402
1.1494
1.0082
0.94141
1.1599
0.89254
0.90465
0.77027
0.63989
1.2227
0.65683
0.94394
0.99258
0.45305
1.0293
0.79137
1.1082
1.0271
0.92936
1.072
1.0684
0.78527
0.88225
1.1052
0.99978
1.1283
0.82954
1.1183
0.87572
1.0336
1.0353
1.042
1.0284
1.1773
0.96555
0.89499
1.201
0.92509
1.1621
0.94952
0.86188
1.1292
1.0292
0.95108
0.72843
0.90504
0.7858
0.97587
0.98153
0.96789
0.95406
0.82781
0.98121
0.84011
0.79461
0.98576
1.0521
0.84308
1.1352
0.7131
0.53686
1.1571
0.82847
0.94296
0.96262
1.0576
1.0535
1.1114
0.99778
0.82108
0.76036
1.1466
0.65877
0.79192
0.95947
1.0393
0.82807
1.0833
0.84378
0.96397
0.73874
1.1385
0.7844
0.9016
0.48989
1.1513
0.84837
0.97726
0.99655
0.8409
0.68687
1.16
1.1971
0.99918
0.93114
0.69383
1.0782
1.1841
1.0064
0.99125
0.99394
1.2653
1.0537
0.59815
0.7577
1.185
0.67398
1.186
0.50281
1.0912
0.91436
0.74047
0.96022
0.84216
1.1747
0.93318
0.9768
0.88967
0.97514
0.89052
1.0657
1.1308
0.74678
1.1516
0.86505
0.60149
0.95151
1.0126
1.2086
1.1713
1.0796
0.79657
1.0147
1.0999
0.9241
0.94371
0.9187
0.98103
0.90514
0.81538
0.98836
0.9601
0.8191
1.2823
0.95224
0.91269
0.99955
1.1507
0.68129
1.1634
0.6436
1.0396
1.0513
0.9863
0.62099
0.54212
0.96102
0.84681
1.0686
1.0879
0.85293
0.76692
1.0202
0.85882
0.89591
1.2054
1.1296
0.68026
1.0568
0.90486
0.88621
0.79034
1.2668
0.62305
0.80719
0.81318
1.1269
1.1206
0.85353
0.80179
1.0591
1.0485
0.6546
0.73074
1.1767
0.81528
1.2496
1.0676
0.9897
0.79392
1.3492
1.1073
1.0237
0.4792
1.046
1.0176
1.037
1.0935
1.1087
0.82704
0.95988
1.2491
1.0237
0.87457
1.1687
0.97255
1.2276
0.99787
0.93444
0.84491
1.2105
0.77735
1.0779
1.0594
0.84711
1.0207
0.62472
0.92948
1.0448
0.85692
1.0297
0.87274
0.81999
1.0234
1.0437
1.0705
0.67478
0.6676
1.0814
0.90518
1.0567
0.85823
0.98986
1.0791
0.68449
1.1239
1.0433
1.0006
0.75989
0.93427
1.156
0.83959
0.63711
1.208
0.89201
0.86474
1.2185
1.14
0.81346
0.50732
0.63125
1.136
0.60618
1.0386
1.1329
1.0568
1.1318
1.1434
0.71457
1.1665
1.1316
0.89939
0.93337
0.98221
0.86719
0.95417
1.0959
0.84737
1.1572
0.57058
1.2646
0.87062
0.85407
0.92505
0.94489
0.94129
0.82775
0.87939
1.1149
0.92202
1.1211
1.0019
0.91616
0.95099
1.139
1.0745
1.0481
0.9313
0.97726
0.78077
0.66748
0.98408
0.97865
1.0468
0.59535
0.8612
0.93434
1.0175
0.83697
0.94998
1.062
1.0211
0.8987
0.87327
0.9585
0.49461
1.1063
0.8958
0.90361
0.92654
0.82556
0.9248
0.66213
0.7859
0.9121
0.72169
0.50926
0.98545
0.66083
0.71992
0.79754
0.79843
0.82373
1.0013
0.69975
0.79184
0.81967
0.99483
0.989
0.93256
0.9176
0.86452
1.0956
0.96908
0.81262
0.98195
0.96222
1.0217
0.9368
0.84403
1.0686
0.95248
0.7786
1.1822
0.89929
0.73933
1.0645
0.88297
0.74173
1.2038
0.92208
1.0577
0.92551
0.52513
1.0617
1.1071
1.012
0.87353
0.89526
1.0209
0.94313
1.0251
0.91856
0.87069
1.0994
0.95346
0.9815
0.8065
1.0657
0.89548
0.95813
1.0075
0.66617
0.75532
1.008
0.80456
0.90607
0.97586
0.87717
0.87043
0.86649
1.0431
1.0443
1.2229
0.83856
0.82486
1.1836
0.9708
0.84396
0.97659
0.85308
0.87606
0.78079
0.57232
0.88306
0.76643
0.73329
0.84573
0.92726
0.77591
0.78682
1.0411
0.8356
1.105
0.85213
1.1494
0.90936
0.85214
0.84012
0.88019
1.0873
1.0863
0.51581
0.98172
0.67666
1.02
1.0837
1.0633
0.70006
1.0985
0.84252
0.72093
0.64738
0.85036
1.0179
1.1392
0.96168
1.0578
1.1537
0.8586
0.95763
0.86941
0.98652
1.1
1.1266
0.92178
1.0104
0.99656
0.92068
0.70829
1.0739
0.56278
1.1784
1.1426
1.3074
0.82004
0.84751
1.1972
0.99521
0.84959
1.0332
0.73693
0.85584
1.1045
1.0207
0.87531
0.86868
0.83175
0.58581
0.86035
1.0492
1.0069
1.0157
0.98341
1.0424
1.0589
0.9764
0.98001
0.6634
0.74191
0.72977
0.99628
0.70545
1.1681
0.5387
1.1496
1.1167
1.1446
1.1005
0.75714
0.91125
0.87775
1.2596
1.1183
0.79898
1.0312
1.1726
0.79637
0.86043
1.0403
0.80769
1.0458
1.0243
0.91008
1.1297
1.0394
1.0372
0.92539
0.83908
0.8839
0.90237
1.0722
0.55812
1.2079
0.93285
0.94276
0.62004
0.85865
1.1042
0.95954
0.91938
1.3002
0.75596
0.69738
1.0511
1.0101
0.99739
1.0074
1.0753
0.8613
1.183
0.89863
1.0693
0.89262
1.0714
0.83826
0.84022
0.79779
0.50243
0.92663
0.7733
0.79263
0.80301
1.0666
0.63965
1.1184
1.0839
0.80868
0.69896
0.6356
1.038
0.76947
1.1443
0.90084
1.0393
1.1569
0.71353
0.95812
0.96229
1.1753
1.0369
0.87251
1.0015
0.90899
1.2289
1.1136
0.75185
1.2804
0.94581
0.70818
0.95097
0.94158
1.1745
1.0029
0.95546
0.64043
1.1153
1.073
0.66454
1.0734
0.94082
0.88466
0.91308
0.99228
1.1279
0.89938
0.8677
0.90848
0.85652
0.91523
1.2055
0.94201
1.1244
0.73437
0.44228
0.89828
1.0391
1.022
0.83421
0.86852
1.0529
0.80364
1.1027
0.7196
0.76454
0.99186
1.0343
0.97925
0.91939
0.93065
1.0166
0.79856
1.0003
0.99819
0.68234
0.9177
0.98892
0.56047
0.81547
0.92448
0.96654
0.96633
0.70398
0.54933
0.9261
0.9887
0.97217
0.8437
1.0505
1.0236
0.91863
1.1059
1.0167
0.79206
0.8326
0.72669
1.1871
1.0322
1.0242
1.1264
0.65087
0.77073
0.86235
0.99295
0.60344
0.87642
0.9402
0.83497
0.73064
0.99024
1.0128
0.96915
1.0422
0.83523
1.0211
0.82997
1.2569
0.82764
1.1362
1.1302
0.57353
1.0491
0.87445
1.0165
1.1088
0.88652
0.96609
0.98624
0.85515
0.92438
0.95635
0.95385
1.0743
0.84461
0.91158
0.91229
0.90991
0.96375
0.95657
0.67422
0.88476
0.79822
1.0916
1.0051
0.89685
0.92441
1.1518
1.0477
1.0248
1.1023
1.2539
0.84503
0.99984
0.49958
0.92014
0.76204
0.80032
0.79363
1.1074
0.82213
0.87266
0.69768
0.96089
1.1738
0.78247
0.84197
0.56004
1.1204
0.78146
0.81196
0.97184
1.2306
0.7989
1.1312
0.79484
1.021
0.61849
0.99072
0.94285
0.58017
0.89635
0.7074
0.65029
0.96927
0.85911
0.5803
0.63321
0.81757
1.0574
1.0438
1.0359
0.74473
0.92152
0.86933
0.59129
1.1876
0.6434
1.1776
1.0829
1.1174
0.99666
0.99639
1.0185
1.1044
0.85943
0.91845
0.95921
0.749
1.0336
0.91473
0.91677
0.50341
0.93608
0.95027
0.9618
0.82293
1.0005
0.81157
1.242
0.79338
1.0781
0.65155
1.0885
1.1175
0.78617
0.76354
0.8691
1.1031
0.88402
0.75429
1.2773
0.95757
1.1255
0.95073
0.90156
1.2324
0.65459
0.92335
0.96212
0.6489
0.88813
1.1934
0.98018
1.0785
1.133
0.70753
0.99158
1.182
1.1977
0.90903
0.69974
0.56251
0.92847
1.1223
1.217
1.0259
0.88527
1.009
1.1778
1.0345
0.83534
0.85577
0.99621
1.0253
0.94872
0.71404
1.0803
0.89367
0.91861
0.88478
1.1303
1.1964
0.8929
1.2884
0.92166
0.85518
1.1456
0.94873
0.73587
1.0183
0.98136
0.92308
0.82563
0.63568
1.1515
0.89192
0.91456
0.88171
1.0852
0.79185
1.126
0.99696
1.2217
1.139
0.86327
0.81665
0.57778
1.0427
0.9936
0.89702
0.98332
1.1064
1.0086
1.0113
0.90597
0.77734
0.96119
0.86848
1.099
0.93966
0.87087
1.0209
1.1391
1.0717
0.76915
0.92274
0.89817
0.61467
0.8121
1.1215
1.1812
1.0244
0.88125
0.99348
1.0016
0.87342
0.78933
0.91409
1.0541
0.9647
1.152
0.78497
0.68326
1.1836
0.6728
1.2177
0.79819
0.92751
0.86551
0.82364
0.95983
1.1132
1.1258
1.0782
1.008
0.83362
0.7509
0.94861
1.0154
0.94802
0.60392
0.9818
0.94395
0.8382
0.97213
0.90225
0.77561
1.0749
0.94213
1.1996
0.83042
1.1782
0.71366
1.0079
1.1275
0.82543
0.87302
1.0143
0.9296
1.2041
1.0545
1.1676
1.0842
0.97746
0.76512
0.85214
1.1802
0.89377
0.80673
0.81059
0.99882
0.98706
0.95123
1.0414
1.0793
0.7829
1.0685
0.9124
0.84611
0.63577
1.1917
0.94963
1.2363
0.82571
0.89987
1.1925
0.9277
1.1068
0.89625
1.041
0.89118
0.69683
0.87866
1.0937
0.78004
0.52099
0.84643
0.92464
1.0943
0.51315
1.21
0.84362
0.88426
1.0188
0.9036
0.91108
1.196
1.1758
0.87327
0.70587
0.84843
0.95366
0.76505
1.0394
1.1451
1.1571
0.92386
0.93307
1.0028
0.82458
1.0185
1.1604
0.75556
0.96477
0.92678
0.94783
1.031
1.109
0.97957
0.86728
1.0543
0.87527
0.76582
1.0134
0.84595
1.0771
0.65691
0.93579
0.74681
1.0188
0.94202
1.0191
0.98247
0.7569
0.87657
1.0747
0.7437
0.89956
0.6823
1.0144
1.0515
0.94823
1.0572
0.79351
1.0634
0.61784
0.83234
0.80808
1.1831
0.80035
0.99184
0.64598
1.1371
0.83416
1.1065
0.85919
0.98012
0.99028
1.0771
0.79386
0.72056
0.94919
0.9576
0.91416
1.042
1.0399
1.0319
1.0325
0.86051
0.74165
1.1454
0.59225
0.96218
1.1138
0.9152
1.1163
0.90999
1.1001
0.64657
0.79468
0.93456
0.78541
0.85061
0.76513
1.2079
0.97537
0.95206
0.86403
1.0374
0.80833
0.97013
0.92334
0.82996
0.74663
0.87539
0.90425
1.2831
0.80167
0.96835
1.0275
0.79948
0.91398
0.60416
0.93171
0.98699
0.55437
0.77972
0.90725
0.94352
1.0343
0.76334
1.1216
0.87569
0.98431
1.1655
0.97682
0.9589
0.79613
1.1773
0.92925
0.94631
0.96529
0.28501
0.92552
1.0748
0.93865
1.104
1.0442
0.84379
1.0571
0.94058
0.79816
1.0766
0.63484
1.1145
0.81395
0.70243
1.1662
1.1796
0.98475
0.75811
0.86886
0.8137
0.93637
0.85726
0.92386
1.1043
0.99564
1.0714
0.84049
0.81667
1.0598
0.88877
0.59117
1.165
1.1047
1.1333
0.90053
1.3003
1.2018
0.91562
0.92451
0.94459
0.94413
0.80355
1.0392
0.96029
0.95633
0.93214
0.80465
0.84764
0.6269
1.114
1.0272
1.0069
1.06
1.1534
1.0727
1.1385
1.0217
0.96901
0.86445
0.97234
0.71745
1.0887
0.85836
0.82155
1.2175
1.0121
0.58092
0.67405
1.0888
0.65542
0.92216
1.0053
0.79711
0.98173
1.1357
1.0167
0.95352
1.0365
0.93575
1.1382
0.72307
0.9195
0.9983
0.76875
1.2336
0.98603
1.2128
1.0653
1.0204
0.86634
1.1189
0.82943
0.76042
1.0475
1.1098
0.90731
0.98466
0.9134
1.1222
1.06
0.97124
1.1487
0.74611
0.46943
1.1662
1.0655
0.93078
0.7745
0.96801
0.93398
1.2213
1.0311
0.99732
0.94924
1.0673
1.1487
0.89258
0.64979
0.69723
0.8617
0.93164
0.94412
0.96569
0.70191
0.84682
0.99359
0.84137
0.88464
0.94452
0.8909
1.0248
1.189
0.96434
0.86186
1.2197
0.92596
1.2047
1.0688
0.54827
1.2093
0.7735
0.80875
0.79825
0.95556
1.1634
0.83006
1.0549
0.56165
0.93656
1.1226
1.1938
0.91614
0.93787
0.53353
1.14
1.0866
0.88226
0.99994
0.6672
0.74254
1.0813
0.94478
0.65845
0.94565
1.0415
0.95831
0.91558
0.80931
0.30482
0.75387
0.3574
0.62852
1.1579
0.84926
0.93575
0.71084
1.0927
1.1143
1.2059
0.69283
0.90975
0.93836
1.2896
0.90675
0.80338
0.82554
0.9404
1.0611
1.0835
1.1646
0.89024
1.1285
1.2006
1.0461
0.9669
0.6605
0.94907
0.8651
0.85663
0.96704
0.96385
0.94286
0.46332
1.0905
1.0917
1.1876
0.82185
0.8207
0.76586
1.1814
1.2133
0.91033
0.9578
0.8609
0.86635
0.93691
0.83672
0.97751
0.90221
0.99538
0.99204
0.79761
0.5629
0.88388
1.0755
1.0047
1.1667
0.77163
0.82503
1.0211
0.92409
0.78028
0.95858
0.91084
0.93971
1.2677
0.63595
0.74932
1.111
0.97746
0.8518
1.1997
1.0638
0.76951
0.92107
0.77763
1.2322
1.0416
0.97245
1.1868
1.1963
1.0016
0.98173
0.85376
1.0374
0.77197
1.2911
1.0494
0.72717
0.95954
0.67657
0.95543
0.88317
0.85165
0.83834
1.1006
1.0221
1.1528
0.96066
1.2123
1.0047
0.9163
1.1124
0.9247
1.0144
1.0449
0.74036
0.89928
1.1638
0.75329
0.59511
0.78047
1.0314
1.0645
0.92563
1.1491
1.0379
1.0595
1.0503
0.77525
0.9384
0.9429
0.63841
0.77701
1.0798
1.0346
0.9834
0.9898
1.0389
0.85169
0.92751
1.1125
0.90582
0.54247
1.0008
1.167
0.93073
0.85268
1.0688
1.0467
0.97649
0.83843
0.96281
0.81992
1.0093
0.75158
0.98355
0.93587
1.0145
0.85437
1.0563
1.1394
0.82897
0.99995
0.71156
0.96425
0.94039
1.0406
1.1978
1.0539
1.1483
1.2348
0.58793
1.013
0.84289
1.0064
1.0084
0.79639
0.95117
1.097
0.8329
0.92227
0.79215
1.0823
1.0893
1.0234
1.0609
0.63492
1.0145
0.69913
0.63911
1.0444
0.85285
1.0279
1.1136
0.93848
0.69552
1.1297
0.72847
1.2575
0.95307
0.91256
0.89007
0.81233
0.85348
1.0039
0.57234
0.95866
0.73189
0.87369
0.92308
0.88845
0.7726
0.84919
0.6872
1.0691
0.89237
1.0094
1.188
0.86805
0.94427
1.0148
0.99827
1.041
0.89314
0.83517
1.173
0.98694
0.81107
1.1061
1.255
0.87158
0.64799
0.80144
1.2336
0.96584
1.0591
0.64785
0.89432
1.0469
0.86838
0.95449
0.9724
1.1516
0.91095
1.1967
0.95036
0.50425
1.069
0.9319
0.8735
0.66209
0.95067
1.1366
0.78784
0.977
0.60243
1.1755
1.2029
0.65263
1.1923
0.9373
0.92849
0.92855
1.1339
0.77047
0.96979
0.70757
0.85908
0.7158
1.0763
0.96718
0.64927
0.6678
1.0097
1.0435
1.0696
0.38959
0.72607
1.0333
0.93625
1.3011
0.8064
0.93767
1.0804
0.81108
1.1387
1.2564
0.82286
0.82384
1.0802
1.0942
0.9104
1.1817
0.88515
0.99263
0.88231
0.76831
0.80081
1.0291
0.93048
0.79294
0.7172
1.1727
0.94143
0.86749
0.83539
0.84308
1.1068
0.67036
1.0509
0.88418
0.77383
0.77808
0.84908
0.72005
0.94151
0.71093
0.77377
0.87734
0.82289
0.89795
0.89042
0.91935
0.95046
1.2259
0.97048
1.0861
1.0296
1.1177
1.0478
0.84872
0.81189
0.61587
0.68155
0.79589
0.98615
1.1116
1.0205
0.61386
1.1859
1.0555
0.97595
0.97143
0.66527
1.1386
1.1596
0.97935
0.66275
1.0058
1.0607
1.0012
0.7187
0.77656
0.97575
0.87762
1.0957
0.72833
0.9515
0.9926
1.0275
1.0212
1.0403
1.0195
1.1723
0.79937
1.202
0.90867
0.91623
0.84088
0.81736
0.92233
0.83069
0.9532
0.91444
0.86724
1.0253
1.0439
1.1646
1.0747
0.65828
0.76983
1.2852
1.1959
0.88352
0.65704
0.70031
0.97906
0.9406
1.0537
1.2014
1.0148
0.43653
0.6853
0.99811
0.66574
0.74887
0.89728
0.90035
1.1781
0.99234
1.0506
0.88181
1.1204
0.84931
0.95213
1.12
0.96338
1.0323
0.92681
0.70575
1.0045
1.1217
0.81915
0.91557
0.95875
0.94137
1.0277
0.53914
0.75811
1.0937
0.76889
0.99591
1.0665
0.98787
0.81301
1.0351
1.0304
1.0325
0.79048
0.85709
0.76899
0.86292
0.71626
0.83282
1.1803
1.0463
1.0148
0.88448
0.73734
0.75692
0.90653
1.0503
0.71464
0.99384
0.98245
0.66076
0.80529
0.67102
0.83767
0.72187
0.88219
1.0445
0.96935
0.98238
0.72684
1.0512
1.0503
0.9246
1.168
0.99955
0.72249
0.65545
1.0075
0.76599
0.78311
1.2342
1.1789
0.8823
1.1097
0.87894
0.97376
0.78789
1.0489
1.0286
0.78966
0.63359
0.94454
1.0099
0.9844
1.022
1.0345
0.95442
1.0861
0.75466
0.98088
0.94021
0.57134
1.0444
0.9317
0.84464
0.84306
0.81831
1.0025
0.7143
0.85941
1.0946
0.60262
0.94541
1.1887
1.0799
0.95825
1.0107
0.83074
0.88993
1.2078
1.1819
0.80692
1.1185
1.0834
0.80403
0.86536
0.90064
0.74524
0.83723
0.88325
1.0704
0.87954
0.93832
0.96414
0.83384
0.966
0.87789
1.0643
0.98602
0.99797
0.98263
0.67618
0.91852
0.81251
0.90121
0.95275
1.0012
0.90285
0.85844
1.1808
0.97026
0.94729
1.0421
1.044
0.94444
1.1341
0.89491
0.69185
0.57264
0.79295
1.1351
0.80818
1.0198
1.0093
0.89754
1.2079
0.84851
0.95595
0.97413
0.67436
1.1506
0.87366
0.69135
1.0374
1.0088
1.0133
0.79435
0.91847
1.0701
1.114
1.0582
0.92438
0.82948
1.1774
0.89894
1.0311
0.96216
1.0909
1.0352
1.1306
0.79743
1.0796
0.84461
0.75568
0.63759
0.90231
0.94647
1.0641
0.92772
0.87982
1.0514
0.74755
0.87428
1.0315
0.98308
1.0286
0.84994
0.87975
1.0639
0.89026
0.96976
0.42613
1.0803
1.0182
0.96726
0.73709
0.94146
0.65432
1.0518
1.0204
1.0549
0.96701
0.76918
0.97637
0.75449
1.0115
0.69916
1.1322
1.0435
0.75163
1.0059
1.1276
0.85971
0.67118
0.65328
0.57248
0.91275
1.0955
0.99079
1.1406
1.137
1.0391
0.90303
0.90168
1.112
1.0824
0.83135
0.87638
0.91753
0.89682
0.9532
0.98089
0.7879
0.55643
0.96108
1.0252
1.0936
0.90639
0.90273
0.79371
1.0371
0.79871
0.73452
0.70818
1.0735
0.98913
0.89153
1.1019
0.79154
0.90807
0.75644
0.80326
0.90727
0.83533
0.91677
0.9107
0.97018
0.94677
0.8475
0.97616
0.92902
0.91238
0.71623
0.9559
0.92872
1.0437
0.96514
0.91539
0.85834
1.1572
1.184
0.86757
1.0557
0.74807
1.0061
0.8817
1.223
1.0804
1.1291
1.0329
1.1406
0.84286
0.55383
0.72094
1.0384
1.1077
0.92843
0.85422
0.80603
0.89397
1.156
0.78941
0.82537
0.94433
0.92273
0.8807
1.064
1.0968
0.64676
0.71892
0.91339
0.86286
1.1667
1.267
0.68587
1.0692
0.95816
0.66228
0.91977
0.95235
1.0195
1.081
0.75207
0.99223
0.81464
1.1959
0.82302
0.91736
1.1511
1.0088
0.92452
0.96966
1.1909
0.87626
0.94928
0.97045
0.75616
0.92601
0.66655
1.0042
0.91031
1.1263
0.81279
0.56445
0.80102
1.026
0.94089
1.0588
1.0487
1.0448
0.93629
1.1273
0.94704
0.97397
0.74789
1.1038
0.93161
0.61575
0.94024
0.96104
1.1946
1.1226
1.0253
0.87029
0.75961
0.9239
0.80122
0.93266
1.0143
0.97546
0.85848
0.73042
0.86914
0.94915
0.98153
1.1459
0.82028
0.90083
0.72464
1.0175
1.075
0.7855
0.94146
0.71453
0.97739
0.94645
0.68124
1.1461
0.96237
0.84416
0.98678
0.71715
1.0707
0.8443
0.79424
0.71291
0.90847
0.77789
1.1453
0.89779
1.0022
0.60334
1.2381
1.0644
1.0569
1.0123
0.72046
1.0216
0.80934
0.55828
0.53521
0.98367
0.46224
1.0516
1.0334
1.0573
1.0594
1.0728
0.8581
1.1513
0.93028
1.0321
0.76881
0.96013
0.98224
0.86099
0.94483
0.81477
1.0955
0.8203
0.90899
0.83953
1.2086
0.86974
1.0198
0.90986
0.65956
1.0116
0.95003
1.1958
0.937
0.74695
0.66923
0.77149
1.1014
1.0354
0.93287
1.1717
0.75572
1.0201
1.1415
1.2302
0.98796
1.2167
0.65133
0.51921
1.1295
0.73863
0.83256
1.0558
1.0833
0.6244
0.65537
1.1285
0.81002
0.78954
1.0587
0.94918
0.84102
0.5803
0.89972
0.89272
0.83623
0.89943
1.034
0.8168
1.0467
0.99202
0.80005
0.95331
0.68541
0.91984
0.68547
0.95169
0.97778
1.0435
1.0992
0.84075
0.70223
0.91473
0.76536
1.2597
0.83141
0.90176
0.69539
0.87821
0.71318
0.96144
0.8051
1.1077
0.83852
0.82957
0.80525
0.73318
1.1079
0.86134
0.80455
0.88925
0.84386
0.95466
0.55397
0.92695
1.0336
1.2024
0.62248
0.71496
0.78088
1.0893
0.90957
0.91598
0.82325
1.0247
0.73361
1.1771
0.7875
0.80703
0.97236
1.2154
0.85453
1.1664
0.92395
0.95797
0.99524
1.0738
1.0161
0.89109
1.0008
0.64927
1.0372
1.0625
0.67541
0.65721
0.98443
0.85874
0.79207
1.1042
1.1643
1.0447
0.576
1.1051
0.9003
0.9529
0.80418
0.44428
0.79526
0.93474
0.96797
0.91665
0.78774
0.98692
0.89533
0.80923
0.69197
0.52808
1.0521
0.99113
1.0034
0.93761
0.81676
0.67328
0.86647
1.1101
0.92421
1.0565
0.95532
0.90999
0.93431
1.1801
1.2042
1.0804
1.3029
0.99142
0.7449
0.956
0.9357
0.88693
0.97722
0.86171
1.0959
0.81222
0.77787
0.68446
0.93344
1.1271
0.77272
1.0047
0.91765
1.0932
1.0316
0.54665
0.82964
0.8293
1.114
0.98061
1.0323
0.83321
0.71365
0.87093
0.94287
1.0446
1.1789
0.78222
1.1097
0.66804
1.0088
0.74143
0.85324
0.65386
0.84551
1.0523
0.8976
0.9432
0.94664
1.1092
0.91669
0.9529
0.89985
1.125
0.77654
0.97661
0.89724
0.81349
1.1086
0.96937
0.78882
0.88973
0.86072
1.1885
1.0967
0.69991
0.97029
0.66771
0.81005
0.78628
0.79811
0.88172
0.97079
0.88622
0.93779
0.78773
1.0012
0.78829
0.70744
0.94071
0.94563
0.77843
0.71957
1.0833
0.71298
0.64087
0.95512
1.0031
0.71538
0.96102
0.81795
1.1387
0.93726
1.0722
0.75432
0.72313
0.79667
0.98027
0.92019
0.91862
0.94926
0.98769
1.1932
0.84048
0.9075
0.90992
0.61324
1.0724
1.2283
1.0448
0.92078
0.6034
0.84357
1.1018
0.67868
1.0122
0.6219
1.1269
0.76871
1.1636
1.2672
1.1061
0.81772
0.87998
0.78329
1.0971
1.047
0.56081
0.98348
1.0292
0.80379
1.0756
0.76331
0.89884
0.97001
1.0561
1.0485
0.86372
1.0428
0.51844
0.85828
0.93709
1.0801
0.86065
1.0479
1.0675
0.81239
0.71898
0.66537
0.50871
0.90986
0.98491
1.0768
0.93878
0.8895
0.99293
1.083
1.0423
0.94223
0.81502
1.0951
1.0628
1.0506
0.84363
0.72007
0.82797
0.90824
1.0455
0.63746
1.0304
0.84991
0.90795
0.83107
1.0051
1.1606
0.95846
0.8514
0.54589
1.1394
0.82919
1.1047
0.82581
0.7433
1.0101
1.0842
0.87404
0.99475
0.61968
0.73994
0.91129
1.0276
0.67857
0.9808
1.1434
0.89634
0.94731
0.71471
0.97316
1.0338
0.97033
0.76424
0.88805
1.0013
0.67383
1.2144
0.96691
0.9524
0.91796
0.6936
0.91792
0.90603
0.66889
1.0239
0.89789
0.99422
1.1242
0.85484
0.83055
0.89678
0.79744
1.0308
0.54332
0.95741
1.0722
0.9975
0.82122
1.1181
0.93125
0.59603
0.86695
0.88668
0.73492
1.0617
0.74197
0.94069
0.88065
0.8123
0.59807
0.841
0.68185
0.94299
0.97486
1.0883
0.91356
0.8957
1.0812
1.027
1.006
1.0733
0.89972
0.92425
0.82868
1.0173
0.91989
1.0349
1.0104
1.1155
0.94347
0.94445
0.71664
1.0636
0.7225
1.0207
0.79448
1.0747
1.2302
1.2172
0.76381
1.0895
1.044
1.0835
1.0053
1.2166
0.83291
0.99302
0.63194
0.96429
0.93024
0.93762
1.1083
0.75334
0.89797
0.84652
1.0197
1.0499
0.69464
0.94319
0.75444
0.86214
1.2584
1.0238
0.96738
0.98448
0.88155
0.84715
1.0427
0.36272
0.85373
1.0571
0.89324
0.95874
0.67958
0.89643
0.66838
0.6754
1.1987
0.57597
0.37162
0.98214
0.65817
0.8299
1.1115
1.1225
1.051
1.0594
0.85748
0.78161
0.87529
0.91915
0.92165
0.81394
0.95131
0.967
1.1265
0.89611
0.71417
1.212
1.0047
1.0461
0.58267
1.0284
0.80344
0.79505
0.90546
1.0618
1.2461
0.61845
0.54619
1.0102
0.97732
1.0672
0.91006
1.0481
1.053
1.0139
0.89709
0.97713
1.1478
0.56759
0.71367
0.81244
0.68755
0.97946
0.87574
0.83351
0.86188
1.0705
0.68132
0.63734
0.96278
1.0505
0.92786
1.0295
1.1857
0.95825
0.73228
0.84868
1.0029
1.1497
1.2595
0.87133
1.1739
0.9744
0.83609
1.1356
1.1157
1.1046
0.89322
0.86369
0.70267
1.0245
1.0419
0.9197
0.90712
0.74848
0.9678
0.71704
1.007
0.72271
0.83012
0.77454
0.71142
0.87942
1.1273
1.0637
0.96407
0.98391
0.85718
1.0291
0.88397
0.64048
1.0381
0.60267
1.0744
0.99808
0.9212
1.0352
0.81453
1.0347
1.02
1.0903
0.68851
0.96888
0.92869
0.9055
0.81322
0.83752
0.80623
1.0081
0.97778
0.61301
0.95345
1.0842
0.86341
1.0262
0.59666
1.1002
0.92889
1.1015
1.0476
0.84752
0.844
1.0017
1.0552
0.56367
0.97612
0.49551
0.82056
0.88553
0.94668
1.0558
1.0236
0.78786
1.1077
1.0657
1.1813
1.1741
1.0753
0.94136
1.2152
0.84532
0.99804
0.5599
0.95807
0.65188
0.93959
1.1389
1.0253
0.82239
0.91644
1.1979
0.93018
1.1256
0.93503
1.0517
0.71877
1.0567
0.98694
0.78009
1.0398
1.1167
1.1188
0.8526
0.54918
0.77304
1.0443
0.91493
0.63561
1.1453
0.90279
0.88032
1.0818
0.97323
1.1868
0.63696
1.1033
0.8285
1.0886
1.1329
1.2722
0.77433
1.0806
0.91617
0.71945
1.1639
0.88394
1.1203
0.79269
0.87489
0.84081
0.92222
0.73199
0.69879
0.96027
0.8499
0.50351
0.96718
0.99449
0.75989
1.1466
0.83132
0.97789
1.049
0.81091
0.87018
0.8603
0.78215
0.94491
0.84836
0.99066
0.9257
0.99324
1.0581
0.90229
0.94905
1.0454
0.97154
1.0035
1.114
1.0271
0.78471
1.058
0.87726
0.84751
0.82378
1.018
0.65558
1.1462
1.1545
0.98709
0.79452
0.76106
0.79155
0.94275
0.73957
0.80313
0.95518
0.93016
0.76316
0.7381
1.0801
1.1023
0.93741
0.84168
0.73999
0.81844
1.0796
1.0493
0.50367
1.101
1.2121
0.73937
1.1201
0.67762
0.92948
1.0268
0.70776
0.94383
0.62389
0.96449
1.1563
0.95639
0.73496
0.76635
0.83099
0.89094
0.8148
1.0533
0.95429
0.83189
0.91791
0.83449
0.73849
0.78358
0.74432
1.1506
0.95999
1.1786
1.0771
0.57029
1.0746
0.90813
0.87376
0.50614
0.89436
0.84889
0.69966
0.96577
1.0152
0.61621
1.04
1.0014
0.75083
0.8787
0.78243
1.1404
0.96095
0.7107
0.96405
0.91309
0.66676
0.92927
1.0781
1.0061
0.76573
0.88777
0.95675
0.8202
0.96512
1.0577
1.0702
1.2446
0.97548
0.86156
0.85367
0.88859
0.57873
0.65399
0.951
0.88614
0.76716
1.0723
0.65878
0.85784
0.57881
0.85894
0.78407
1.0106
1.2733
1.2226
1.1684
1.0353
0.95832
1.3191
1.0797
0.7545
1.1962
0.69917
0.37448
0.96415
0.79833
0.69714
0.62566
0.50537
0.742
0.87426
0.95085
0.8482
0.91239
1.0326
0.91868
0.93376
0.84983
0.91178
1.0369
1.0892
0.79999
0.94171
