1.0237
1.0205
0.9154
0.70114
0.98842
1.0434
0.90441
0.84485
0.7515
1.012
0.89912
0.9025
1.1303
0.86912
0.87063
0.91782
0.98253
1.0394
0.72655
1.0079
0.83901
0.81942
0.89368
0.73055
0.90425
1.1577
1.0059
0.76255
0.90542
0.71748
0.92319
0.79497
0.91174
0.98497
0.78945
0.68949
0.96621
1.071
0.56532
1.1241
0.52709
0.92385
0.69094
0.63038
0.85539
0.74496
0.79861
1.0447
0.79073
0.72381
0.95132
0.83653
0.96026
0.86988
0.73797
0.86567
0.8123
0.7315
0.78729
0.89144
0.9541
0.88642
0.91622
0.96925
0.98803
0.72203
0.97924
1.0273
0.86887
0.78579
0.89725
0.96839
0.99215
0.76682
0.68558
0.79166
0.904
0.65972
0.98256
0.92991
0.81837
0.793
0.789
0.89613
0.64712
0.79944
0.91085
0.76995
0.83566
0.75488
1.0129
0.59425
0.94715
0.71604
0.90235
0.97715
1.0225
1.1526
1.0559
0.51442
1.0771
0.741
0.6627
0.98965
0.51395
0.7696
0.88335
0.64803
0.59537
1.0463
1.0693
0.77401
0.88368
0.8078
0.71327
0.65095
0.88127
0.83819
1.058
0.81755
0.77179
0.82532
0.83721
0.97286
1.0946
0.88898
1.0413
0.79317
1.0812
1.0603
0.78298
0.81787
0.9307
0.78021
0.94239
1.0577
0.77799
1.0879
0.83468
1.0601
0.88359
0.93513
1.0695
0.71208
0.81085
0.80084
0.63807
0.5642
0.84861
0.79516
1.0771
0.74358
0.89501
1.0185
1.2094
0.72727
1.1134
0.77663
0.76556
0.8191
0.83334
0.72269
0.83473
0.77441
0.60369
0.90596
0.9099
0.8627
1.009
0.73177
0.92785
0.80809
0.70211
0.85272
0.87447
1.1702
0.54402
0.92439
0.51799
0.98232
0.95989
0.88026
0.86323
0.90119
0.98769
1.0025
0.59
0.7421
0.60488
0.42255
1.0069
1.1943
1.0168
1.0393
1.0959
0.93194
0.87092
0.69135
0.78256
0.869
0.84836
0.85938
0.791
1.1169
0.95204
0.69171
0.79555
1.0162
0.73464
0.96118
1.0308
1.1632
0.86571
1.1184
1.0874
0.88067
1.172
0.87549
1.1506
0.91557
0.55317
1.1003
0.93545
0.81777
1.1521
0.80724
0.97834
0.58265
0.52878
0.86887
0.8442
0.68489
0.81194
0.99499
0.80324
0.74545
0.93096
0.99039
0.77832
0.94019
1.0424
0.88483
0.34084
0.7828
1.0769
0.77427
0.60686
1.0698
1.1311
1.0872
0.74505
1.0504
0.9308
0.85489
0.7903
0.65494
0.47058
0.87068
0.56149
0.78353
0.76015
0.70965
0.92811
0.82953
0.8228
0.63772
0.64198
0.65874
0.93247
0.77436
1.2444
0.85198
0.64673
0.7933
1.0332
1.0198
1.0715
0.93412
1.142
0.83075
0.62585
0.6687
1.2078
1.1159
1.1653
0.32461
0.73357
0.84143
0.85185
0.88298
0.89765
0.59555
0.97686
0.87081
0.90197
0.80215
0.66693
1.0447
0.73785
0.80961
0.75594
0.80825
1.1445
0.4489
0.97373
0.7739
0.95967
1.0161
0.51251
0.92848
0.8459
0.98574
0.77368
0.89227
1.0122
0.51505
0.91985
1.063
0.75849
0.72114
0.83129
0.93934
0.79885
1.1565
0.89968
1.0502
0.80635
0.84216
0.9887
0.87298
0.7233
0.9112
0.89364
0.94329
0.83481
0.89395
1.3064
0.84678
0.8631
0.62281
0.69811
0.929
0.93839
0.77576
0.79743
0.93025
0.81026
0.82154
0.76901
0.64883
1.076
0.9758
0.87023
0.78305
0.84092
0.83065
0.92146
1.0814
0.9803
1.0706
1.1124
0.79671
1.1446
0.97606
0.47226
0.93718
0.89865
0.95505
0.83259
0.84741
0.8774
0.51447
0.90757
1.0551
0.99782
0.84477
0.99828
1.1269
0.97423
0.92743
0.98676
1.1101
1.1826
0.73826
0.96143
0.93799
0.97481
0.70293
0.89625
0.75975
0.82571
0.67552
0.89704
0.80367
0.70128
0.6655
0.91914
0.46096
0.78757
0.75441
0.97719
1.0317
0.76898
1.0897
0.91701
0.61042
1.0917
1.1366
0.93059
0.65867
0.57727
0.98431
0.78716
0.72086
1.1004
1.024
0.86956
0.98976
0.6889
0.80454
0.79362
0.86328
0.79812
0.82349
0.92594
0.74582
0.63093
1.0269
0.69536
1.0365
0.69257
0.81494
1.0315
0.85396
1.1628
0.50583
1.2247
0.83614
0.78123
0.85855
0.90516
0.9989
0.75971
0.52749
0.87499
0.84336
0.7969
0.48746
1.042
1.1363
0.92606
1.0618
0.84793
0.46927
0.77108
0.83036
0.42465
0.72711
0.81303
0.89442
0.69574
0.64897
0.78705
0.66457
1.0049
0.87894
1.0477
0.99177
0.4893
0.7261
0.4632
0.75566
0.59606
0.87496
0.60042
0.99586
0.82825
0.80352
1.0289
0.93613
1.0169
0.95318
0.86933
0.87626
0.68534
0.86173
0.86125
0.95753
1.0187
1.1896
0.9218
0.86176
0.93018
0.91584
0.94154
0.62982
0.98331
0.56403
0.8588
1.064
0.8015
1.1303
0.98645
0.96672
0.65762
0.89977
0.87122
0.82373
0.70923
0.93024
0.76445
0.87482
0.60176
1.0574
1.0262
1.0123
0.84457
0.84315
0.62279
0.93215
1.0207
1.0295
0.78923
0.83737
0.96113
0.92025
1.0973
0.84689
0.89288
0.89904
1.0538
1.1721
0.94083
0.87366
0.64693
0.89983
0.64462
0.95606
0.87529
0.91507
0.89311
0.7821
0.77012
0.83293
0.9338
0.9333
0.79384
0.76972
0.86108
0.44274
0.82343
0.9087
1.1602
0.85929
0.66742
0.86557
0.64022
1.0697
0.96461
0.80477
0.99451
1.0129
0.7544
0.80199
0.91106
0.81035
0.79703
0.93758
0.6157
0.76897
0.80067
0.75369
0.8425
0.69786
0.98816
0.87905
0.62043
1.0461
0.92558
1.0146
0.70932
0.54036
1.136
0.94954
0.8373
0.81414
1.1005
0.77683
0.92109
1.0004
0.89071
1.0583
0.53742
0.86265
0.86179
0.56937
0.87978
1.0602
0.9715
0.81308
0.43181
0.83873
0.60145
0.73955
1.2353
0.9542
1.0426
1.005
0.36646
0.82631
0.45077
0.87975
0.64882
0.72867
0.8295
0.92416
0.75021
0.81911
0.65045
0.86955
0.56732
0.78966
0.31733
0.87537
0.80454
0.42563
0.87362
0.81053
0.81474
0.95691
1.0311
0.68864
1.0312
0.78363
1.0269
0.96454
0.89129
0.88787
0.98825
1.0706
0.9182
1.0833
0.52696
1.0693
0.7737
1.0703
1.1315
0.81783
0.86163
1.0064
0.87265
0.97222
0.87612
1.1526
0.96145
1.1293
1.0572
0.7075
1.0588
0.75707
0.69485
0.90129
0.85144
1.0395
0.7
0.90096
0.98277
0.85115
0.70898
0.64248
0.87779
0.69453
0.54416
0.78402
0.94816
0.78968
0.97253
0.95231
0.90083
0.64925
0.72563
0.88837
0.96059
0.89141
0.94283
0.58479
1.0182
0.83127
0.67758
0.82816
0.5744
1.2239
1.1848
1.0315
1.1173
0.72927
0.94179
1.0279
0.84282
1.1451
0.8472
0.76087
0.72737
1.1256
0.9552
1.021
0.64933
1.0699
0.67429
0.80771
0.86478
0.73562
0.67822
0.91062
0.76117
0.96648
1.0031
0.6233
1.0148
0.93194
0.98534
0.86796
0.7565
0.80278
0.56832
0.71265
1.0789
1.0495
0.82872
0.91186
0.62459
0.7582
0.78915
0.8557
0.94523
1.0098
0.85121
0.92313
0.78279
0.76751
0.75725
1.09
0.84761
0.62544
0.62284
1.0364
0.69511
1.0698
0.6685
0.89558
0.96575
0.86535
0.69361
0.96276
0.70689
0.61768
0.68037
1.0585
0.33966
1.1042
0.92056
0.92847
0.71251
0.87734
0.75077
0.89249
0.94685
0.87062
0.77933
0.91509
1.1191
0.57675
0.89058
0.71241
0.69757
1.0341
1.0252
0.78727
0.89433
0.7224
1.0265
0.71913
0.52715
0.81969
0.69996
0.71136
1.0587
0.91161
1.1015
0.8139
0.83208
0.82002
0.85072
0.78853
1.0828
0.74178
1.076
0.75043
0.85567
0.67539
1.0488
0.98199
0.68596
1.0421
1.0986
0.82338
1.1181
1.0258
0.95795
0.82185
0.868
0.98434
1.0194
0.94161
0.93078
1.0113
1.0338
1.053
0.73909
0.79719
0.68157
0.77716
0.96534
0.91726
0.75875
0.96623
0.61688
0.93603
1.0889
0.84866
0.85286
1.1594
0.86558
0.94747
0.93606
0.68125
0.81138
0.94729
0.7961
0.96737
0.94849
0.93887
0.62641
0.7921
0.87356
0.74925
0.69795
0.68714
0.82896
0.99474
0.55756
0.6604
0.51593
1.0159
0.7723
0.91411
1.023
0.84704
1.0138
0.91782
1.1599
0.88376
1.0233
0.87453
1.0497
1.1223
1.1087
1.0313
0.62781
0.97682
0.77726
0.98414
0.48694
0.88816
0.90152
0.88482
0.67965
0.82199
0.72236
1.1147
0.80964
1.1486
0.85293
0.96206
0.79424
1.0619
0.8832
0.72415
0.93808
0.82587
0.92472
0.99735
1.0655
1.0183
0.97577
1.1045
0.88275
0.76303
0.61128
0.92689
1.115
0.63262
0.74515
0.56147
0.79799
0.75298
0.85396
0.73746
1.0642
1.0438
1.006
1.0975
0.8774
1.0186
0.71277
0.63853
0.70949
0.69266
0.84018
0.86621
0.77637
0.86
0.8857
1.0243
1.0051
0.70071
0.75917
0.89158
0.98835
0.93384
0.77258
0.9143
0.838
0.78461
0.97458
0.92897
1.0111
0.89514
0.93728
1.1284
1.1034
0.72644
0.57651
0.87529
0.93199
1.0368
0.86371
0.96595
0.98059
1.0831
0.9559
0.97347
1.0334
0.84791
1.0429
0.79629
0.83028
0.72013
0.76504
1.093
0.86788
0.96601
0.99795
0.61798
1.0605
0.99182
1.0161
1.1531
0.73872
0.75457
0.55921
0.65136
0.89488
0.87247
0.93084
0.81543
0.55617
0.90488
1.1395
1.1348
0.93674
0.77013
0.72211
1.0312
0.62888
0.94735
0.91576
0.84995
0.84471
0.68355
1.0487
1.0082
0.81233
0.90208
0.68941
0.93206
0.78796
1.0984
0.53535
0.32124
0.84021
0.7441
0.62022
1.1415
0.56176
0.58342
0.81143
0.65266
0.73815
0.92126
0.70083
0.67762
1.089
0.7746
0.89211
0.84611
0.86293
0.76439
0.66044
1.0202
0.98755
0.49011
1.1033
1.0036
0.93545
1.0464
0.85809
0.71523
0.99144
0.68456
1.122
1.035
0.96017
0.77821
1.0427
0.83633
0.90441
0.84579
0.74965
0.69939
0.84483
0.88728
0.92991
1.0043
1.0192
1.113
0.90037
1.1068
1.1509
0.83761
0.77727
1.0689
0.43042
0.96177
0.77903
1.0518
0.97225
0.52536
1.0641
0.89448
0.99016
0.69733
0.9092
0.93368
0.60362
0.64835
0.84676
0.90187
1.0164
0.84928
0.50508
0.89813
0.63767
0.65989
0.83118
0.85094
0.86875
1.011
0.7623
0.86621
1.0123
0.94241
0.77529
0.88025
0.96551
0.98826
0.75695
0.99132
0.89038
0.78957
0.80966
0.61296
0.71763
0.78345
0.75756
0.57374
1.1232
0.96569
0.9533
0.81598
0.79088
0.90859
0.83799
0.71558
0.87393
0.81439
0.86566
0.95903
0.67825
1.0166
0.95714
0.82099
0.93945
0.81348
0.91363
1.0094
0.78152
0.26321
0.96862
0.90465
0.95586
0.98658
1.1149
0.4689
0.64321
1.0113
0.91167
0.66493
0.64134
0.84291
0.90956
0.58361
1.113
0.73154
0.90346
1.0392
0.93489
1.0123
0.85585
0.90857
0.88492
0.85862
0.84564
0.82627
1.0766
0.76004
1.169
0.87215
0.98598
0.81684
0.98265
1.107
1.1707
1.029
0.79534
0.94284
0.49326
0.59514
0.90487
0.99235
0.91221
0.74222
0.94358
0.72054
1.054
0.84551
0.99377
0.85973
0.59063
1.0147
0.79054
0.91312
1.0092
1.0113
0.78302
0.90433
0.9014
0.8687
0.94177
0.45579
1.0585
0.96403
0.93891
1.1402
0.74153
1.0805
0.81923
1.0043
0.90726
1.0139
0.77733
0.70788
1.0334
0.84258
0.72501
0.76388
1.076
0.38289
0.96181
1.006
0.97749
1.0228
0.66986
0.84202
1.0565
1.0393
0.92855
0.82984
0.65213
0.83495
1.0254
0.80097
0.83659
1.0068
0.94917
0.94075
0.63032
0.87492
0.86347
0.58012
0.91037
0.98611
0.97544
0.80431
1.0761
1.1236
0.66408
0.59103
0.52596
0.61809
0.65599
0.6756
0.87399
1.2256
0.86102
1.1001
0.9689
0.60321
0.8948
1.0543
0.64433
0.90975
1.0799
0.89123
0.83284
0.57521
0.90352
0.99638
0.84755
0.8287
0.6509
0.5873
0.98062
1.0753
0.77777
1.1433
0.66698
0.82654
0.62737
1.0482
0.91613
0.58363
0.7461
0.77695
0.87864
0.80109
1.0207
1.0621
0.80292
0.90746
0.66616
0.77926
0.54111
0.94566
0.83273
0.60739
0.59617
0.86861
0.90347
0.75566
0.98707
1.0231
0.97997
1.0218
0.9109
0.73096
0.52541
1.0125
0.9648
0.9925
0.95396
0.72882
0.60139
0.96757
1.1026
1.1881
0.77334
0.51605
0.68724
0.79684
0.7196
0.62078
0.92828
0.83585
0.41034
0.86282
0.99206
0.917
1.1397
0.99676
0.81356
0.81954
0.81714
0.90567
0.92305
0.86144
1.0138
0.95807
0.86723
0.82558
0.82235
0.9483
1.0104
1.2688
1.0607
0.47845
0.96047
0.72227
1.0191
0.70306
0.96547
0.82779
0.6461
0.76929
0.94405
0.6096
0.95385
0.77662
0.61405
0.78438
1.0872
1.0164
0.85029
0.86545
0.94013
1.0696
0.76105
0.67253
0.81988
1.0949
0.79354
0.79312
1.0001
0.55132
1.112
0.81604
0.70098
0.94104
0.59133
0.65821
0.74977
0.84267
0.97289
1.0206
0.9512
1.1773
0.8768
0.96578
0.69151
0.58772
0.84593
0.8693
1.0485
0.67516
0.5925
1.0573
0.67229
1.0245
1.058
0.88133
0.99187
0.89423
0.82049
0.88331
0.64179
0.97317
0.95217
0.97517
0.93525
0.85219
0.93434
0.89435
0.82202
0.95654
1.0833
1.2044
0.75243
0.8376
0.95161
0.78708
0.80903
0.80904
1.1631
1.0408
0.85386
0.52646
0.49361
0.91476
0.73613
0.94245
1.1124
0.7262
0.42852
0.71718
1.1007
1.0367
0.55973
0.98997
0.86169
0.86128
0.81496
0.98875
0.723
0.75402
1.1183
0.97931
0.55777
0.66098
0.87199
1.0032
0.61968
0.87718
0.57978
0.94144
0.91002
1.031
1.0439
1.0197
0.68309
0.93427
0.87807
1.0564
0.82412
0.95162
0.87069
1.1126
0.84607
0.82815
0.74767
0.87296
0.89003
0.90644
0.87196
0.7626
0.53583
0.82896
0.96943
0.97234
1.0275
0.77097
0.81404
0.92629
0.8681
0.79152
0.78474
0.7838
0.883
0.90818
0.86553
0.94736
0.99576
0.8112
0.98517
0.76934
0.96904
0.76093
0.7899
1.0762
0.71815
0.76334
0.91924
0.98686
0.69627
0.79375
0.66383
1.0385
0.99755
0.95044
1.0105
0.90734
0.83633
1.0588
0.97139
0.82165
0.78653
0.84946
0.77008
0.84097
0.65663
0.82412
1.0647
0.72598
0.97796
0.64284
0.81799
0.77472
1.1969
0.84463
0.79073
1.1059
0.92954
0.92809
0.81578
0.75388
0.87346
0.81086
0.96146
0.75362
0.97142
0.98038
0.82881
0.92864
0.50104
0.77438
0.74741
0.90398
0.73872
0.93064
0.54976
0.81722
0.87214
0.91944
0.91834
0.83974
1.0685
1.0758
0.81989
0.80873
0.83685
0.80915
0.71
1.0897
0.83578
0.68804
0.82126
0.88569
0.92906
0.91868
0.90644
0.815
1.0087
0.8536
0.7605
0.83863
0.63702
0.98954
0.78648
1.0257
1.1773
0.89491
0.65335
0.79699
0.99551
0.99391
0.80016
0.7208
0.79785
1.1002
0.75394
0.8295
0.59725
0.92404
0.59279
0.8372
0.84425
0.73519
0.76118
0.90138
0.77002
0.65711
1.1006
0.74397
0.71266
0.75742
0.85497
0.79205
1.001
0.85941
0.9534
0.89585
0.45452
0.86184
0.98076
0.77362
0.68673
0.78723
0.88782
0.89028
1.0168
0.827
0.99134
0.97146
1.0896
0.90092
1.0044
0.96778
1.116
1.0976
1.0321
0.73272
0.79382
1.0152
0.58127
0.97364
1.0381
0.95138
0.95115
0.81688
0.88332
0.66765
1.0739
0.88302
0.65232
0.68702
0.9766
0.87807
0.76656
0.90949
0.59257
0.86926
0.92541
0.28703
1.0693
1.0183
0.89061
0.78514
0.82445
1.1477
1.1112
0.92768
0.87693
0.98189
0.97353
0.90199
0.89644
0.94422
0.92215
0.89846
0.84207
0.5097
1.061
0.82555
1.1717
0.94681
1.0214
0.97051
0.64282
0.77387
0.92521
0.92538
0.79967
0.70493
0.8233
0.89196
0.79122
0.90144
0.9524
0.91843
0.88116
0.99477
0.87494
0.89043
0.90735
0.63244
1.0192
0.74305
0.68536
0.84251
0.812
0.74445
0.84337
0.94787
0.82455
0.66701
1.0189
0.6668
0.72005
1.0106
0.82186
0.70174
0.73179
0.72611
0.91927
0.93368
1.1354
0.87582
0.86191
1.0767
0.49137
0.98965
0.99617
0.97594
0.5024
0.59914
0.9276
0.99498
0.87975
0.90817
0.84363
0.91366
1.0585
0.78271
1.1503
1.0926
0.89957
0.51697
1.0163
0.58536
0.49844
0.52997
0.60845
0.50104
0.90714
0.93903
0.82482
0.91515
0.60796
1.1764
1.0058
1.1895
0.9409
1.1526
0.96941
0.56199
0.71628
0.9729
1.0002
0.8367
0.62272
0.91152
0.94595
0.62131
0.57003
1.0701
0.71735
1.0005
0.84036
1.0206
0.38987
0.70532
0.59901
0.83927
1.0008
0.72754
0.88657
0.74701
0.92904
0.90334
0.67116
1.011
0.94259
0.85321
1.0761
0.88816
0.82233
0.73457
0.86361
0.94759
0.80207
0.53123
0.84306
0.94849
0.82239
0.89139
0.81658
0.63989
0.62327
1.0041
0.9122
0.62568
0.92065
1.0093
0.56295
1.1325
0.98413
0.97876
0.85046
0.888
0.88829
0.63393
0.8297
0.78457
0.86926
0.77274
0.6863
0.82448
1.1203
0.98691
0.93153
0.64345
0.75642
0.9381
0.9083
0.89039
0.8456
1.018
0.64587
0.81893
0.84247
0.80794
0.95253
0.84979
0.72783
1.044
0.64895
1.2465
0.84522
0.64527
0.56675
0.71126
0.99367
0.75965
0.84603
0.92972
1.0548
1.0264
1.0251
0.90349
0.92827
1.0239
1.0316
0.80156
0.73457
0.75367
0.95208
0.83955
0.49496
0.74424
0.95366
1.0212
1.0582
1.149
0.81073
1.0828
0.93652
1.0284
0.96781
0.82369
0.88564
1.0695
0.97403
1.0868
1.0477
0.9555
1.0094
1.0067
0.96275
0.9097
0.86716
0.81302
0.59725
0.94906
1.0839
0.96806
0.9116
0.79998
0.59373
0.8058
0.75896
1.0524
0.94667
0.77809
0.94494
0.5595
0.89961
0.80995
0.86276
1.11
0.82087
0.55963
0.7491
0.86627
0.66732
0.69049
0.59675
0.73467
0.80968
0.81246
0.55003
0.72733
0.49311
1.0187
1.1872
0.56546
0.93801
1.1201
0.9501
0.74546
0.94143
1.1482
0.86205
0.89487
1.0336
1.0581
0.84295
0.8294
0.73889
0.96257
0.88066
0.59736
0.86135
0.7653
0.79311
0.76749
0.98458
1.0049
0.99644
0.7851
0.48644
0.9134
0.97066
0.96608
0.97763
0.73895
0.83687
0.87963
1.1514
0.78859
0.8077
1.0356
0.8801
0.83975
1.007
0.73918
0.95068
0.7653
0.61232
0.75391
1.0898
0.82936
1.0867
0.79957
0.77288
0.83288
0.83061
1.0107
0.69746
0.86676
0.97466
1.0665
1.0453
0.67129
0.91366
0.90421
0.66488
0.7592
0.68836
0.83648
1.0169
0.78704
0.78226
0.90202
1.0538
0.89543
0.81721
1.0909
1.1011
0.90878
1.1153
0.57455
0.95539
1.1681
0.9227
0.69825
0.69319
0.8784
0.80654
1.1921
0.86071
1.1549
0.96032
0.66905
0.77983
0.84981
0.67783
0.97922
0.82318
0.8409
1.1425
0.62616
0.81481
0.68512
0.90304
0.6221
0.94811
0.70927
0.54966
0.9742
0.63193
0.8869
0.74723
0.71657
1.1319
0.45641
1.0416
0.877
0.76292
1.0334
0.92206
1.0667
0.94304
0.97574
0.84696
0.86871
1.0932
1.025
1.1329
1.0176
0.90949
0.78336
1.1092
0.88635
1.1587
0.91978
0.88522
0.89853
0.80782
0.65752
0.93133
0.6478
0.61966
0.6427
1.0068
0.77403
0.70682
0.68783
0.9193
1.1804
0.72236
1.0283
1.0052
0.97678
1.1054
0.71293
0.83104
1.0517
1.0409
0.76878
0.80776
0.98284
0.96572
0.60177
0.73039
0.9859
1.1517
0.97151
0.87604
0.76548
0.87096
0.97445
0.61667
0.60749
1.0806
1.1983
0.83295
0.92163
0.58003
0.66649
1.0251
0.83367
0.78501
1.0602
0.99913
0.97962
0.97292
0.76772
0.90429
0.78594
0.9358
0.75176
0.56953
0.65271
1.0543
0.71009
0.92604
0.66426
1.112
0.85566
1.0447
0.83067
0.68967
1.0337
0.6855
0.99379
0.7943
0.85494
0.6782
0.94803
1.0369
0.64613
0.69538
1.1791
1.0388
0.79906
0.79994
0.6984
1.0862
0.73824
1.1309
1.172
1.1052
0.66645
0.93117
0.9168
1.1126
0.9768
0.94634
0.90027
0.96629
1.0531
1.1646
0.99594
0.78885
0.55758
0.91418
0.78169
0.81737
0.9124
0.67618
1.0762
0.82143
0.71958
1.0752
1.0228
0.75802
1.1818
0.7808
1.2046
0.60935
0.96707
1.1571
1.0244
0.76721
0.69917
0.95402
1.1118
1.1502
0.77892
0.75012
1.0966
0.82667
0.88982
0.45757
0.94202
0.91665
0.98016
0.90355
0.75015
0.86331
1.0348
1.1884
0.87981
0.89283
1.0029
0.55545
0.99018
0.94165
1.1863
0.92658
1.0315
0.74139
0.94252
0.85567
0.85083
0.8097
1.0317
1.0247
1.1556
0.71476
0.83435
0.97092
0.77373
0.88267
0.87905
0.93819
1.0425
0.49871
0.97202
0.78903
0.91572
0.81321
0.97193
1.0425
1.0171
0.89567
1.037
0.81461
0.70677
0.99457
0.50314
1.0478
0.87826
0.67759
0.99706
0.49944
0.98204
0.63835
0.54464
1.0865
1.1403
0.82466
0.96668
0.97291
0.92176
0.94587
0.77183
0.97003
0.97995
0.95469
0.68453
0.89993
1.1683
0.96888
0.73162
1.0448
1.0242
1.0874
1.004
1.0597
0.99245
0.85253
0.76998
0.91806
0.79353
1.042
1.1333
0.85948
0.87869
0.58542
0.64676
0.78106
0.65202
0.45264
0.89408
0.74324
0.5065
1.0041
0.91625
0.99424
1.2257
0.68556
1.0097
0.99022
1.0917
0.69266
1.0353
0.75027
0.93725
1.1602
0.51061
0.58844
0.50502
0.84195
0.79268
0.94618
0.95767
1.0234
0.43391
1.0515
0.74872
0.5937
0.8686
0.59955
0.87562
0.94258
0.80291
0.98939
0.95733
0.97177
1.0722
0.74703
0.64186
0.79067
1.0347
0.78758
0.70709
1.058
0.81314
0.7561
1.0602
0.85901
0.89556
1.0464
0.82009
0.93214
0.99122
0.85247
0.94624
1.004
1.1185
0.98717
0.96855
0.82984
0.92074
0.95599
0.96125
0.81584
0.74076
0.75384
1.0504
0.91742
0.97307
0.83491
0.97046
0.81309
0.78956
1.0175
0.80862
0.66873
1.0309
0.94381
0.87966
0.74734
0.99437
0.74601
0.90904
1.001
0.6698
0.55875
0.59919
0.75387
0.81171
1.0859
1.0499
0.83996
0.64748
1.1425
0.72763
0.71069
0.71909
0.74816
0.9178
0.92354
0.86774
0.90739
0.91139
0.86934
0.53086
0.96041
0.80444
1.1077
0.8638
0.92863
0.5438
0.82378
0.9606
1.041
0.63279
0.68942
0.92041
0.90935
0.79273
0.70545
0.65255
0.79165
0.7585
0.95847
1.0287
1.0569
0.92091
0.6486
0.97639
1.0176
1.0376
0.79253
0.94248
0.74603
0.68717
0.78097
0.84141
0.8264
1.0103
0.42321
0.87386
0.8546
0.88134
1.0592
0.71931
0.68162
0.78275
0.96065
1.0822
0.99965
0.87693
0.53766
1.0161
1.2709
1.1968
0.9997
0.92333
0.64454
0.87594
0.9385
0.77469
1.1634
0.93622
1.0573
0.63337
0.6261
0.86791
0.87667
1.0306
1.1984
0.94684
0.81565
0.68662
0.72009
0.95605
0.51467
1.01
0.59623
0.89477
0.82524
0.67273
0.9143
0.91948
0.85661
0.90411
0.8266
0.77524
0.85239
0.97743
0.73689
1.2236
1.0323
1.196
0.89047
0.60013
0.99454
0.81027
0.72318
0.80308
1.1735
1.0043
0.84938
1.0297
1.1267
0.94725
0.61396
0.98297
1.0135
0.93194
1.0073
0.91605
0.94305
0.70736
0.67001
0.85755
1.0396
0.66529
0.81153
0.75304
0.84223
0.88221
1.0118
0.47045
0.63046
0.94457
0.79703
0.68352
1.2618
0.8196
0.89338
0.90372
1.0774
0.97649
1.0263
0.84951
0.86014
0.83708
0.88494
0.74605
0.90801
0.8515
0.69812
0.8835
1.0556
0.95299
0.96175
0.72556
0.98678
0.71046
0.64184
1.0449
0.68692
0.77774
0.9192
0.84973
1.0974
1.1194
1.0066
0.95287
0.74975
0.91793
0.89678
0.83151
0.63375
0.99517
0.60231
0.87621
0.82464
0.85487
0.98866
0.89622
0.73029
1.0865
1.0131
0.81387
1.1811
0.83419
0.56822
0.6475
0.89864
0.78557
0.66033
1.0959
0.67184
0.6533
0.82139
0.85587
0.85386
0.89557
1.0092
0.68486
0.78283
0.69872
0.79722
0.98893
0.92164
0.59202
0.99341
0.92632
1.0024
1.0546
0.84106
0.75639
0.75632
0.88963
0.92889
1.0818
0.80336
0.82071
0.65319
0.93266
0.87696
0.90359
1.0557
0.76056
0.81376
0.61418
1.1935
1.0669
0.77022
0.60444
0.70702
0.75594
1.1446
1.0893
0.70391
0.87877
1.0184
0.94467
1.2238
0.97808
1.1484
0.72091
0.52566
0.58112
0.71865
0.8519
0.76729
0.92647
0.90744
0.80127
0.81475
0.94857
0.81681
0.80905
1.1138
0.87553
1.0686
0.98008
0.80164
0.96429
0.91617
0.91591
0.85573
1.0152
0.81646
0.96159
0.76015
0.88648
0.78392
0.88447
0.91699
1.0245
0.65123
1.0619
1.0309
1.1048
0.64067
0.77098
0.77083
0.80421
0.89468
0.82939
0.84708
0.88153
1.0057
0.74265
0.93884
0.90971
0.91941
0.81293
0.77539
0.99058
0.70429
0.82605
0.83863
0.99815
0.56606
0.70385
0.74281
0.81866
1.1403
0.87899
0.47664
0.90678
0.63937
0.95721
0.73175
1.0142
1.0063
0.94226
0.78726
0.75937
0.77793
0.61293
0.77305
0.98107
0.87411
1.1248
0.74003
1.0253
0.67943
0.49029
1.0304
1.1247
0.87455
0.76076
0.91599
0.74109
1.0961
0.56854
0.88892
1.0666
0.87835
1.0812
0.95405
0.70833
1.0376
0.60623
0.90913
0.73991
0.50974
0.81798
0.46795
0.83585
0.83141
0.85724
0.9133
1.2231
0.765
1.1584
0.58385
0.98334
0.89048
0.7818
0.93082
0.87307
0.90451
0.78372
0.69981
0.94242
1.0639
1.0576
0.50717
1.0262
1.0192
0.91141
0.86
0.88861
1.0672
0.75206
0.9202
1.087
0.98694
0.89958
0.96821
0.79845
1.1375
0.9329
0.99303
0.83834
0.80763
0.77484
0.92355
0.81855
0.1969
0.91083
0.99784
0.93732
0.73188
0.97046
0.89468
0.89219
1.0257
0.7549
0.38748
0.72945
0.72786
1.023
1.0119
0.53003
0.8643
0.77874
0.73241
0.7447
0.78872
0.59961
0.8811
0.87728
1.086
0.74438
0.9619
0.99819
0.89402
0.8649
0.61685
0.66784
0.99929
0.85974
1.0075
0.83243
0.56972
1.0872
1.0022
0.97697
0.67997
0.97351
0.72272
1.064
0.81855
0.5421
0.83145
0.97008
0.91379
0.87315
0.53844
0.97882
0.68416
0.82484
0.95425
0.79666
0.61301
0.80728
0.98221
0.9138
1.0317
0.62695
0.8841
0.87728
1.0637
0.88991
0.38149
1.0195
0.70252
0.86749
0.78166
0.99178
0.93354
0.84873
0.88074
0.85622
0.96189
0.97425
0.56245
0.92499
0.73567
1.2095
1.1987
0.89381
1.0843
0.59916
0.81574
0.75799
0.81623
0.62327
0.83536
0.63413
0.63832
0.99624
1.1771
0.94905
0.86531
0.75612
1.1214
1.1559
0.68988
0.66007
0.92434
0.76087
1.0398
0.92289
0.71476
0.69329
0.84918
0.83796
0.53306
0.96535
0.81014
0.86807
0.89634
1.1732
0.86369
0.99561
0.66628
0.54656
1.0873
0.71438
0.97086
0.80254
0.94107
0.56387
0.92438
0.953
1.2047
1.1713
0.80334
0.74144
1.0385
1.0167
0.96867
1.1179
0.64347
1.0401
0.88758
0.83779
1.0048
0.98191
0.75163
0.91269
0.80327
1.1525
0.78192
0.70131
0.73931
0.74555
0.393
0.74617
0.97505
1.0186
0.97357
0.95596
0.80751
0.9025
1.0306
0.56429
1.0653
0.84361
1.1508
1.1227
0.63359
0.47222
0.88511
0.93001
0.70182
0.90005
0.89011
0.95634
0.54845
0.73932
0.80474
0.79655
0.92281
0.98457
0.78186
0.80537
0.81714
0.89723
0.87255
0.7203
0.83653
0.90836
0.80262
0.60364
0.91193
0.82312
1.0557
0.98416
0.66922
1.0214
0.79809
0.9784
0.92079
0.80968
0.80884
0.91051
1.1779
0.86074
0.94362
0.803
0.85932
0.6729
0.78682
0.93542
0.84528
1.0611
0.92211
0.8808
0.96299
0.97803
0.8262
0.93793
0.90146
0.63498
0.8747
0.92373
0.69846
0.88655
0.90119
0.57629
0.60862
0.90482
0.93992
0.94205
0.80937
0.61995
0.94427
0.48853
1.1824
0.8088
0.78332
1.2598
0.69702
0.7791
0.72889
0.62362
1.0288
0.8782
0.79912
0.74212
1.029
0.86063
0.93375
0.85027
0.98007
0.88149
0.89572
0.59239
1.1724
0.92616
1.0446
0.9148
0.84388
0.81308
0.80667
0.73244
1.0766
0.73184
0.98619
0.88356
0.86827
0.89296
0.86939
0.87526
0.85532
0.90004
0.62264
0.86816
0.83202
0.86903
0.79629
0.56696
1.0171
0.76955
0.77739
0.78525
0.89751
0.93543
0.70262
0.88402
0.55207
0.79159
0.9725
0.89444
1.0071
0.84467
0.93713
0.95349
0.81347
0.3193
0.77392
0.92856
0.82319
0.86103
0.83335
0.58508
0.8526
0.8177
0.81863
0.83914
0.89213
1.106
0.98533
0.9354
0.92638
1.0452
0.897
0.86937
0.47819
0.80301
0.64174
0.93256
0.6823
0.61579
0.88969
0.89894
0.80896
0.84115
0.69937
1.0979
1.1156
0.63823
0.96344
0.79049
0.92128
0.87134
0.75093
1.0636
1.0277
0.77045
1.1588
0.82667
1.128
1.022
0.97124
0.94379
1.0235
0.86175
0.90008
0.74191
0.82559
0.80574
1.0341
1.0407
1.1049
0.66041
0.66572
0.88256
1.1344
1.0363
0.78225
0.77304
0.94447
0.59913
1.057
0.53992
0.8929
0.97047
0.59794
0.55681
1.0174
0.98261
0.91883
0.91848
0.98189
1.2039
0.70182
0.82291
0.74693
0.9477
0.74272
0.35355
1.1517
1.0961
1.1014
0.92756
1.1171
0.67445
1.0465
0.96325
0.86405
0.78587
1.1035
0.84309
0.88292
0.87208
0.67874
0.87551
0.84492
0.89904
0.96556
0.52756
0.71288
0.58269
0.91285
1.1536
1.1421
0.67217
0.93046
0.89922
1.0512
1.1562
0.86788
0.92806
0.39993
0.70652
0.50276
0.66951
0.96989
0.78152
0.97699
1.0345
0.73178
0.56339
0.9223
0.74817
0.90453
0.73721
0.78976
0.82052
0.77909
1.025
0.925
0.63655
0.73069
0.90047
0.99722
0.97835
0.78012
0.89353
0.87304
0.47187
0.66838
0.91089
0.94077
0.91213
0.70647
0.78132
0.64143
0.57976
0.27579
0.99474
0.9972
1.0215
1.097
0.83734
0.67326
0.71662
0.80908
0.89789
1.0368
1.0015
1.0641
0.99737
0.86306
0.86956
0.88931
0.99722
0.73949
0.70519
0.94815
0.90212
0.66386
1.0097
0.76142
0.87823
1.0969
1.1109
0.96914
0.84632
0.95148
0.60314
0.85342
0.87166
0.91092
0.83197
0.82445
1.0482
0.77103
1.0527
0.81614
0.88153
1.033
0.85768
0.94975
0.74278
0.94177
0.94689
0.69116
0.81264
0.88679
1.0371
0.78318
0.89871
0.72926
0.97373
0.92674
0.84422
0.73644
0.65244
0.77441
1.0891
0.9727
0.65229
0.90494
1.1414
0.92824
0.93432
0.97556
1.0944
0.9973
0.66834
1.0377
0.76368
1.0921
0.57028
1.0816
0.8292
0.72342
1.0345
0.97918
1.0163
0.56605
0.88765
1.036
1.0086
0.76903
0.82311
1.0081
0.58279
1.0163
0.96771
0.98733
0.63738
0.91921
0.64163
0.83597
0.99445
0.75919
1.0699
0.95178
0.97936
0.79595
0.61749
0.91369
1.0678
0.86331
0.9938
0.92674
0.97802
0.86376
1.0788
0.87931
0.55152
1.043
1.0773
0.98708
0.65132
1.016
0.75842
0.9864
0.59127
1.0831
0.7835
0.7245
1.0957
0.73859
0.73126
0.34461
0.77091
0.85426
1.0752
0.95587
0.73904
0.50703
0.4904
0.87018
0.85498
0.78669
1.0413
1.0975
0.76362
0.8949
0.96558
1.0995
0.88474
0.9548
0.86661
0.71095
0.83404
0.73716
1.1025
1.027
0.59479
0.95209
0.62471
0.75819
0.97536
0.81778
0.68963
0.7654
1.0094
0.91575
0.95966
0.97036
0.80152
0.59186
0.93594
0.97104
0.59209
0.88929
0.56749
0.87361
1.0848
0.98165
0.99654
0.76349
0.95423
0.92765
0.76239
1.1085
1.1096
1.014
0.76351
0.97817
0.84314
0.9064
0.71452
0.81577
0.69667
0.74509
0.96517
0.70216
0.80715
0.75009
0.84716
0.97465
0.83128
0.92732
1.0552
0.7876
0.66555
1.0369
0.79917
0.83544
0.88525
0.68912
0.82882
0.71115
0.7349
0.91574
1.0114
0.88613
0.8616
1
0.81811
0.64018
0.7231
1.1497
0.79528
0.96355
0.99418
0.95175
0.7755
0.58187
0.86001
0.89294
0.76008
1.0573
0.84727
0.59868
1.0968
1.0536
0.98076
0.88137
0.61726
0.94453
0.86583
0.64607
0.70124
1.0015
0.88839
0.92825
0.52471
0.81467
0.88098
1.0527
0.495
0.75706
0.9016
0.70891
0.94594
1.2202
0.82379
0.78707
1.2224
1.0529
0.80384
0.70152
0.80655
0.57935
0.90258
0.6595
1.2089
0.87345
0.67695
0.94217
0.87115
0.85207
0.8057
0.73896
0.84625
0.8647
0.99282
0.3675
0.8591
0.76094
0.63148
0.80938
1.0005
0.95763
0.42739
0.78336
1.0263
0.57664
0.67236
1.1209
1.0454
0.74223
1.0834
0.69338
0.94244
0.87843
0.9312
1.1131
0.95499
0.68169
1.0941
1.0009
0.71556
0.58856
0.88626
0.79258
0.80961
1.2412
0.84645
0.34244
0.64374
1.2362
1.0335
1.057
0.86272
0.6987
1.1424
0.62286
0.67873
0.94592
1.0679
0.73695
0.98829
0.83097
0.93636
0.95518
0.97822
0.82122
1.1779
0.43522
1.0495
0.88969
1.0802
0.61714
0.88993
0.94604
0.95572
1.0141
0.68548
1.0211
0.93544
0.80039
0.9463
0.76359
0.91874
0.91153
1.1368
1.14
0.94462
0.82725
1.0648
0.68517
0.69509
1.0107
1.0204
0.61028
1.1535
0.79047
0.93441
0.52751
0.7125
0.77408
0.62048
0.94961
0.7774
1.1187
1.1249
1.0791
0.96466
0.60769
0.93384
0.87372
0.83227
0.92678
0.63229
0.88496
1.1455
0.97831
0.89757
0.79239
0.90001
0.71793
1.118
0.72978
0.90705
1.0006
0.90673
1.1677
0.96428
1.0209
0.86473
0.84622
0.81173
0.65709
0.78644
0.74573
0.59321
0.64379
0.81733
1.1049
0.9419
0.93608
0.62671
1.0401
0.69871
1.0867
0.84929
1.1503
1.0268
0.89096
1.1192
1.0275
0.85355
0.96573
0.85152
1.0005
0.80723
0.94018
1.0289
0.99654
0.89735
0.94568
1.0215
0.44003
0.81647
0.69707
0.65005
0.75506
0.9518
0.83491
1.024
0.81242
0.93003
1.0783
0.93446
0.58449
0.4821
0.82517
0.7721
0.8267
0.87065
0.87311
0.6849
1.0647
0.9702
1.0092
0.74509
0.99141
0.9327
0.88742
0.60485
1.0547
1.0565
0.96014
0.51142
0.86006
0.79185
0.84882
1.0179
1.2402
0.95687
1.0025
0.99219
0.8223
0.92339
0.86184
0.93321
0.8889
1.0752
0.5191
0.87358
0.68315
1.1241
0.89859
1.0472
1.054
1.0656
0.67245
0.98247
0.99669
0.50708
0.85959
1.0802
1.081
0.75613
1.084
0.85415
0.97341
0.92513
0.90058
0.83446
0.51744
0.6382
1.1331
0.61449
0.91094
1.0495
0.63162
0.65864
0.90562
0.85043
0.56615
1.0397
0.45542
0.78552
1.0387
0.59513
1.0079
0.76384
0.7338
0.67765
0.92744
0.50319
0.90591
0.84887
0.58209
0.88154
1.0234
1.1194
0.8208
0.81929
0.75631
0.94466
0.80791
0.4302
1.2333
0.91784
1.0756
0.74356
1.1264
0.96978
1.0394
0.81816
0.62321
0.96004
0.91558
1.0852
1.1114
0.87029
0.75895
1.2269
0.91955
0.77117
0.98074
0.99549
0.82131
1.0133
0.63217
0.88642
1.0688
0.53981
0.70539
0.98395
0.99625
1.0243
1.0824
0.73502
0.85662
0.82137
0.79719
0.95123
1.0309
0.80919
0.8303
1.0002
0.96412
0.68559
0.81842
0.89969
1.0664
0.71526
0.87829
0.71967
0.78461
0.66324
1.0465
1.067
0.79266
0.82959
1.0412
0.6143
0.88895
0.67739
1.0412
0.6791
0.89654
0.62674
0.95646
0.92597
1.1247
1.1351
1.1863
0.85006
1.0318
1.1551
0.84791
0.9868
0.78284
1.0874
0.96454
1.066
0.93314
0.92849
0.69983
0.8839
0.6167
1.0316
0.68521
0.4008
1.0214
0.95696
0.83766
0.87163
0.78668
0.96695
0.91185
0.81463
0.83441
0.79844
0.63145
1.1071
0.58834
0.88528
0.51003
1.0091
0.86276
0.85547
0.92595
1.0568
0.94374
1.1038
0.7581
0.70728
1.1343
0.71093
0.89941
0.72244
0.76782
1.1698
0.73837
0.89814
1.0372
1.0497
0.69228
0.98533
1.2096
0.94404
1.0235
0.68276
0.89157
1.1294
0.87835
1.0204
0.91442
0.93118
0.7627
0.94113
0.40087
0.86815
0.82832
0.90699
0.91108
0.81356
0.7557
0.90001
0.95873
0.6825
0.57066
0.89837
0.88376
0.97899
1.0382
0.65244
0.93648
0.8331
1.0343
0.49224
0.84966
0.8011
1.0257
0.86591
1.0079
0.69515
0.84075
1.0629
0.82392
0.62798
0.85248
0.94895
0.79239
0.92806
0.85206
0.82376
0.80853
0.50342
1.0218
0.93137
1.1971
1.039
0.77685
0.99202
0.91452
0.73275
0.8541
0.70485
0.98735
0.9629
0.7366
0.65177
0.78284
1.0882
0.52848
0.78199
0.72035
1.078
0.86581
0.95875
1.0135
0.97856
0.781
0.98291
0.4529
1.1107
0.9209
0.75798
0.8097
0.66755
0.91993
0.59175
0.87445
0.86662
1.0851
1.0465
0.60857
0.65424
0.82799
0.58932
1.0716
0.77097
1.1316
0.60152
0.92049
0.69944
1.0041
0.8758
0.67446
1.0472
0.88748
1.0117
0.42172
0.90548
1.028
0.89137
0.84987
1.0339
0.6974
0.79612
0.96937
0.97674
0.82051
0.98501
0.416
0.70408
0.94473
0.62027
0.69143
0.99861
0.61013
0.76096
1.1436
1.0031
0.88568
0.90862
0.85575
0.99195
1.019
0.75284
0.9446
1.0888
1.1308
0.90668
0.87968
1.0264
0.84788
0.8968
0.93378
1.1181
1.0204
0.85852
0.97813
1.009
1.0964
0.86121
0.89587
0.78591
1.1748
0.96071
0.83948
1.0277
0.71648
0.8971
0.8853
0.88695
1.0519
0.74044
0.76705
1.1149
0.82324
0.96966
0.89548
0.77487
1.0706
0.6096
1.0841
0.93954
0.65478
0.766
0.81385
0.79459
0.77214
1.0573
0.85256
1.0851
0.82212
0.73423
0.40702
1.0553
0.93681
0.7904
0.54004
0.71831
1.089
0.87805
1.0304
0.8374
1.0002
0.83527
0.92652
0.45094
0.98386
0.85029
1.0431
0.87285
0.61205
0.69896
0.80428
0.99264
0.81551
1.1804
0.8187
1.0398
0.67662
0.5985
1.0119
0.94023
0.7992
0.87009
1.057
0.91956
1.1037
0.94259
1.1582
0.98913
1.0312
0.76382
0.47974
1.1712
1.0199
1.0296
0.72357
0.90484
0.60124
0.86166
0.78264
1.0975
1.0316
0.72109
0.82835
0.8747
0.72239
1.0272
0.80874
0.77599
0.83657
1.0285
1.0252
1.0344
0.41445
1.03
0.85708
0.97867
0.94073
1.09
1.1211
1.1258
0.98853
0.80174
0.65014
0.94004
0.904
0.9922
0.91114
0.83989
1.1276
0.91184
0.74814
1.0785
0.44174
0.94454
0.51823
0.7439
0.42417
0.89769
1.0984
0.85716
0.639
0.74115
0.86808
0.827
0.75259
0.66103
0.96748
0.90987
0.69735
0.77902
0.98221
0.96205
0.67023
0.5752
0.85537
0.87329
1.0109
0.79949
0.96117
0.77582
1.1109
0.907
0.72693
0.73493
1.0425
0.92587
0.88296
0.90454
0.92575
1.1142
0.93814
0.83466
0.95237
0.64746
0.74248
0.70443
1.0067
0.81944
0.46945
0.87535
1.1156
1.0307
1.0069
0.98513
1.0536
0.94253
0.77613
0.62019
0.84753
0.84841
1.0538
0.94465
0.90671
0.60115
0.7466
0.75081
0.98164
0.88118
0.55694
0.64746
1.0453
0.82596
0.98479
0.86363
0.9269
0.68875
1.1482
0.55765
0.86464
0.83801
0.86834
0.8528
1.1327
0.8726
0.88018
0.94764
1.0416
0.59808
0.7723
1.2811
0.78916
0.829
0.67702
0.64357
0.78872
0.72475
0.93486
0.8901
0.93658
1.0809
0.85083
0.44515
1.007
0.75647
0.83922
0.7846
1.106
0.82612
0.8914
0.72038
0.59221
0.75686
0.80524
0.60693
0.83093
1.0084
0.8719
0.92982
0.71925
0.45375
0.8568
0.6127
0.65856
1.0218
1.0922
0.85786
0.74309
0.90084
0.69583
0.75997
0.73477
0.78714
0.94097
0.799
0.92626
0.80761
0.84584
1.0115
1.0724
0.87275
0.94257
0.74628
1.1506
0.99267
0.96524
0.65663
0.83921
0.66503
0.6702
0.79041
0.98569
0.79611
0.90998
0.90753
1.0209
0.95856
1.1436
0.98707
0.883
1.1863
0.8494
0.73208
0.91292
0.92603
0.94925
0.56993
0.676
0.73247
0.99108
0.63375
0.82458
1.0707
0.94541
1.0935
0.8175
0.82127
0.58381
0.68155
0.77303
0.95882
0.97956
1.0129
0.60202
0.70034
0.64094
0.84488
1.1543
0.98828
0.6711
1.1208
0.9704
0.47257
0.70064
0.94168
0.99941
1.1557
0.98403
0.77225
0.80541
0.74739
1.0011
0.78039
0.87362
0.93136
0.65748
0.71667
0.90605
0.84339
0.91662
0.93133
0.84329
0.9117
0.80322
1.0894
1.0851
0.82421
0.83456
0.83281
0.95344
0.49412
0.86913
0.94094
0.49461
0.43158
0.86866
1.0243
0.93908
0.68087
0.84937
0.65741
0.89356
0.83423
0.98415
0.93535
1.024
0.78436
0.97896
0.88611
0.99675
1.013
0.84006
1.162
0.87611
0.95532
0.94032
0.93455
0.74802
0.78266
0.7768
0.71805
0.94897
0.94518
0.89163
1.0477
0.91478
0.88443
0.6992
0.91663
0.70518
0.9144
1.058
0.9526
1.1304
1.1403
0.90998
0.89348
0.86339
0.79707
0.69586
0.9146
0.69356
0.81392
0.97059
1.1711
0.81164
0.72363
1.1943
0.83199
0.80904
0.73581
0.82261
0.9307
0.92696
0.69763
0.82388
0.89688
1.058
1.0711
0.87161
0.96294
0.71994
0.80292
0.96795
0.48082
0.99743
0.61301
0.86695
0.91336
0.71083
0.85859
0.89534
0.71455
0.83748
0.83777
0.66708
0.89058
0.9663
0.97098
0.73833
1.0004
0.64883
0.88838
0.73264
0.79737
0.88171
0.81828
1.0958
0.74434
0.96219
0.84004
0.57037
0.6929
0.96174
0.88047
0.98104
0.94472
0.78033
0.9975
1.1325
0.9884
0.94152
0.94433
0.51751
0.98755
0.90874
0.53778
0.78317
0.89057
0.89302
0.8287
0.58261
0.84752
0.87575
0.83315
0.87024
0.98423
0.98538
0.9326
0.95661
0.72007
0.33887
1.0157
0.92526
1.0205
0.99219
0.97348
0.44766
0.6709
1.0335
0.84245
0.95035
0.8254
0.71307
0.83474
0.91474
1.2276
0.80032
0.80285
0.66152
0.9536
0.96364
0.82339
0.82086
0.53489
0.77093
0.94652
0.7119
0.71516
1.0678
0.68885
1.0532
0.9851
0.42438
1.0424
0.65034
1.0759
0.84778
0.98419
0.7956
0.85796
0.9102
1.1999
0.77652
0.63109
0.75339
0.87758
0.90497
0.80099
0.85579
0.76739
1.0204
0.96701
1.0735
0.97427
0.89399
0.81721
0.98088
0.79853
0.98097
0.71014
0.67991
0.79347
0.8286
0.92941
0.71649
0.84324
0.81064
0.95763
0.62272
0.75581
0.7086
0.77043
0.80713
0.80052
0.7001
0.96234
0.8665
1.1492
0.91688
0.89966
0.8433
1.0897
0.70413
0.48512
1.0986
0.84566
0.92599
1.0389
0.84833
0.62017
1.144
0.81161
0.84097
0.40638
0.87004
0.91865
0.78825
0.94553
0.75067
0.95154
0.89334
1.1482
0.89854
0.924
1.0465
0.78532
0.93699
0.9452
0.90848
0.67984
1.0122
0.98935
0.67583
0.39131
0.75783
0.93332
0.67935
1.0146
0.96098
0.6532
0.86271
0.92748
0.81534
0.83141
0.7265
1.0932
1.0286
0.98576
0.55018
0.99128
0.64402
0.71227
0.73747
0.87162
1.0259
0.67583
0.56772
0.8402
1.0629
0.60452
0.90967
0.60718
0.68866
0.87129
0.89805
0.86746
0.58146
0.97074
0.67379
1.1678
0.95716
0.80315
1.0702
0.67306
0.86344
0.93973
1.0802
0.91282
0.93809
0.74553
0.79515
0.62536
0.86673
1.1306
1.0913
1.0299
1.1171
1.1081
0.85143
1.0094
0.6382
0.87601
0.54636
0.98086
0.7136
1.0049
0.95946
1.0178
0.79466
0.8817
0.77565
0.71225
0.51938
0.60743
0.93695
0.84984
0.97097
1.072
0.93938
0.86506
0.78889
0.93061
1.0537
0.77487
1.034
0.87375
0.88103
0.5244
1.0555
0.77521
0.76317
0.79532
0.95069
0.84359
0.7811
1.0243
1.0048
0.78667
0.87736
0.99369
0.92551
0.80294
0.7167
1.0048
0.58481
0.90058
0.89631
0.7071
1.0035
0.74049
0.81234
0.84681
0.61229
0.91256
0.72859
0.9804
0.68463
0.6553
0.9121
0.92343
0.80164
0.86719
1.1375
0.76176
0.83748
1.0738
1.0031
0.90392
0.89992
0.76061
0.89659
0.37984
1.0723
0.7081
0.873
0.92386
1.0986
0.58669
0.75615
1.0276
1.0339
0.8539
0.86615
0.65314
0.73401
0.62247
0.8273
1.1392
0.72474
0.8696
0.93794
0.91083
1.0889
0.64976
1.113
0.92285
0.52069
1.0425
1.1928
0.86397
0.93159
0.76828
0.54649
1.0365
1.0537
1.0068
1.0384
0.56765
0.58805
0.73907
0.57093
0.59659
1.0387
0.62262
0.71312
0.30282
1.0986
0.51018
0.8156
0.7562
1.045
1.214
0.80381
0.97113
0.97649
0.69145
0.83115
0.81028
0.6549
0.91905
0.69141
0.69801
0.80751
0.74435
0.5132
0.94248
1.0711
1.0528
0.72791
0.89129
0.65906
1.0111
1.0633
1.1681
0.8229
0.56445
0.93348
0.7708
0.55124
0.82131
0.77488
0.94846
0.68316
0.76192
1.101
1.0671
1.0426
0.85992
0.80071
0.50925
0.82222
0.90706
0.79154
0.96913
0.97785
0.84755
0.97436
0.74705
0.96833
0.87665
1.0328
1.064
0.9111
0.76036
0.59016
1.1594
0.94501
0.82086
0.87403
0.60005
0.8879
0.72953
0.80092
1.1753
0.70359
0.73195
0.86284
0.82069
0.79385
0.76486
0.97176
0.96951
0.84248
0.71688
1.0059
0.84141
0.70824
0.58569
0.9139
1.0897
0.84583
1.006
1.0333
0.88458
0.86946
0.95186
0.92971
0.91957
0.68326
1.0291
0.70112
0.64132
0.7788
0.68722
0.88186
0.94031
0.99739
0.89141
0.85678
0.6197
0.40573
0.91324
1.0085
1.2849
0.99262
0.59918
1.0028
1.0263
0.73111
0.97955
0.81554
1.1398
1.0142
0.79564
0.63538
0.95301
0.96035
0.81373
0.86395
1.1346
0.73319
1.073
0.91213
0.90606
0.8385
0.98853
0.792
0.90037
0.90012
1.0332
0.44178
0.86652
0.78605
0.83462
0.75985
0.95464
0.71773
0.69045
0.93123
1.2107
0.86329
0.62467
1.1472
0.64551
0.75554
0.63619
1
0.74668
0.70265
0.77944
0.86101
0.72328
0.85342
0.85312
0.7957
0.87228
0.95461
0.74604
0.9518
0.89848
1.1004
0.82218
0.66854
0.86363
0.82447
0.98596
0.873
0.7796
0.83298
1.0074
0.83034
1.0588
0.95153
0.93586
0.71782
0.98412
0.97302
0.88137
1.0368
0.44427
0.72511
0.85647
0.99861
0.87439
1.059
0.89916
0.90765
0.91351
0.92509
1.1182
0.81893
1.0528
0.66809
0.60908
0.67251
0.63986
0.76976
1.1412
0.98357
0.81911
1.0214
0.74344
1.1199
0.96081
0.57648
0.78719
0.89218
0.70576
0.88742
0.67416
0.99367
0.89388
0.79061
0.67459
0.67159
1.0164
0.43294
1.0098
0.92461
1.0248
0.99176
0.81472
0.80311
0.96343
0.95965
0.89166
1.06
0.69108
0.92471
0.94344
0.73653
0.75264
1.0864
0.82458
0.79372
0.89914
0.74559
0.93854
1.1297
0.98062
0.82691
1.1053
1.0596
0.56772
0.99684
1.0293
0.79874
0.83169
1.028
0.96819
0.52991
0.78935
0.98709
0.80701
0.68343
0.90466
0.78028
0.88161
0.89459
0.77132
0.93821
0.84166
1.0697
0.83536
0.90134
1.0329
0.91968
0.98676
0.78837
0.91389
0.83085
0.72987
1.1063
0.8966
0.63657
0.76877
1.0153
0.91039
1.0936
0.81436
0.72708
1.1032
0.97416
0.89188
0.99083
0.75156
0.79935
1.0015
1.087
0.72284
0.8791
0.9953
0.94125
1.0774
0.83146
0.95387
0.88238
0.74022
0.87338
0.83937
1.0448
0.77043
0.79527
0.93303
0.77743
0.92071
0.63186
0.94274
1.0601
0.86511
0.9224
1.0369
0.99732
1.0375
1.1152
1.0693
0.81288
0.9418
0.55993
0.973
0.86519
0.79591
0.82907
0.93267
0.58087
0.50791
0.56843
1.1348
0.71091
0.97837
0.87239
1.0122
0.826
0.93203
0.91724
0.96975
1.0618
0.74904
0.53749
0.85888
1.0782
0.5943
0.86378
0.72686
0.98864
0.69451
0.86399
0.72614
0.6657
0.53335
0.45098
0.97955
0.81367
0.62464
0.93439
0.89167
0.96392
0.95078
0.97918
1.0689
0.88695
0.97901
0.89924
0.78797
0.65859
0.90328
0.72034
0.76987
0.81474
1.1575
1.2492
0.71299
0.3964
0.73631
0.73018
0.6883
0.9266
0.89561
1.0512
1.0418
0.84472
0.78942
0.92554
0.80105
0.70081
0.69571
0.90498
0.84019
0.8919
0.88481
0.83194
0.68726
0.9559
1.0922
0.8082
0.5105
0.89197
0.54756
0.80486
0.99871
0.80201
0.86957
0.70952
1.0182
0.95312
0.83379
0.77672
1.069
0.7309
1.1003
0.89145
0.53906
1.0177
0.6762
1.1036
1.0598
0.74668
0.95957
0.55592
0.55447
0.98491
0.66179
1.0178
0.97792
0.70442
0.54929
0.97107
0.93024
0.66304
0.83573
0.84077
0.45707
1.006
0.87336
1.0004
1.0063
0.8084
0.77979
0.7135
1.0039
1.0043
0.89811
1.1045
0.67652
0.907
0.85994
1.0125
0.95965
0.61564
0.9186
0.74467
0.80138
0.92066
0.95752
0.81351
0.78293
0.91471
0.7873
1.0269
0.93166
0.99994
0.56811
0.46615
0.97447
0.78904
0.88671
0.89199
0.633
0.91218
0.74139
1.0586
0.59585
0.87491
0.96456
0.92693
0.8897
1.1616
0.58107
0.93877
0.52442
0.79301
0.78314
0.70232
0.57727
0.73199
0.85353
0.68648
0.56971
0.60067
1.0644
0.77853
0.97622
0.81923
0.9893
0.95253
0.75653
0.94763
0.57486
0.59148
0.84463
0.82661
0.55708
0.83247
0.49438
1.1261
0.26791
0.92396
0.74227
0.80442
0.63762
0.77991
0.68407
0.76912
0.79174
0.4912
1.0657
0.92469
0.96913
0.85531
0.97316
0.91283
0.72613
0.6278
0.97326
0.92986
0.92471
0.56658
0.56128
0.85227
0.80191
0.61001
0.79503
0.87972
0.97746
0.87286
0.54012
0.60214
0.82422
1.1297
0.83965
0.51663
0.87191
0.94599
0.67898
0.89336
0.95493
0.86437
0.87526
0.88397
0.76242
0.68419
0.65754
0.80234
0.98296
0.69347
1.1219
1.0021
0.68084
1.0304
0.88876
0.80934
0.64602
0.94289
0.878
0.75517
0.60132
1.0206
0.60581
1.0899
1.0242
1.1152
0.75176
0.67493
0.60839
0.9889
0.99857
1.0314
0.28713
1.2101
0.92554
1.0017
0.81386
0.94665
0.83027
0.69905
0.87374
0.83759
0.82162
0.80057
0.99288
0.88558
0.53921
0.8825
0.69385
0.89412
0.81091
1.1807
1.0198
0.9853
0.85791
0.7823
0.8128
0.75414
0.99333
1.0016
0.85589
0.75044
0.81161
0.83276
0.83198
1.1571
0.94546
0.87782
0.90105
0.78107
0.94363
0.90175
0.71507
0.7399
0.87396
0.89485
0.92119
0.96302
0.84009
0.61871
0.7098
0.99301
0.68054
0.9159
0.84713
0.66426
1.0118
0.83329
0.86198
1.0835
0.99745
1.0111
0.68318
0.80284
0.74169
0.59716
0.83145
1.0268
1.0175
0.80488
0.70891
0.46832
0.70106
0.82718
0.78728
0.56241
1.055
0.62561
0.9441
0.93414
0.99115
0.71062
0.95455
0.45832
0.89437
0.90201
0.76545
0.75934
0.89989
0.90868
0.90083
0.63879
0.81731
0.96683
1.014
1.1704
0.66384
0.95761
0.82689
0.95247
0.83619
0.77034
0.89553
0.77445
1.0647
0.60516
0.81246
0.82412
1.0328
0.94151
1.008
0.70009
0.72999
0.7256
0.94719
0.86065
0.87061
0.91552
0.97488
0.85886
0.67855
0.82979
0.87392
0.85134
0.68694
0.61023
1.2471
0.7388
0.78613
0.77514
0.68811
0.64967
0.95549
1.0382
0.77707
1.1309
1.0279
0.82875
0.77341
0.51932
0.87065
0.99089
0.67687
0.95578
0.86778
1.1221
1.0424
0.8324
0.82076
0.94449
0.902
0.81468
0.94839
0.94493
0.73985
0.76371
0.80859
0.88284
0.86129
0.96947
0.65216
0.95424
0.67998
0.74599
0.95463
0.94663
1.0261
0.9051
0.88161
0.79363
0.6711
0.80058
1.1069
0.96631
1.032
0.811
0.93046
0.92657
0.65666
0.783
0.87751
1.0121
1.073
0.83126
0.79853
0.93071
0.86795
0.66131
1.0298
0.95413
0.95689
0.93063
0.76305
0.95362
0.48274
0.71093
0.88369
0.87507
1.0282
0.54891
0.88793
0.81178
0.87164
1.0301
0.70161
1.1207
0.89083
0.95123
0.8056
0.78364
0.53466
0.87542
0.75522
0.97037
0.91531
0.40643
0.99396
0.98739
1.0506
0.74082
0.84105
1.0949
1.1481
1.0181
1.2258
0.85332
0.58893
0.73699
0.91898
0.81636
0.72903
0.9122
0.92229
0.98966
1.0179
0.66408
0.75855
0.84245
0.63607
0.94423
1.131
0.74535
0.68869
0.65407
0.95943
1.002
1.0348
0.57695
0.93247
0.975
0.85338
0.93908
0.69797
0.85243
1.0397
0.99342
1.0605
0.87453
0.86274
1.1637
0.65504
0.61547
0.82449
0.71695
0.7883
1.2056
0.81822
0.76808
0.87609
0.87662
0.97039
0.95354
0.98849
0.90494
0.94434
1.0362
0.55571
0.80317
0.87714
0.68008
0.88519
0.90894
0.91413
1.1937
0.9812
0.74288
1.0707
1.0917
0.77735
0.76352
1.0909
0.82835
0.66003
1.0083
0.89707
1.0036
0.9069
0.74988
0.73068
0.81434
1.0542
0.87749
1.0482
0.78658
1.1537
0.58876
0.91769
0.81058
0.87923
0.92165
0.84334
0.80149
0.7182
0.52635
0.43324
0.56089
0.68755
0.63802
0.87483
0.50286
0.71119
0.89319
0.5332
0.92023
1.1925
1.0199
0.87554
1.1753
0.92248
1.0006
1.0153
0.79285
0.77903
0.76067
0.68699
0.76622
0.61565
0.62223
0.51916
1.1043
0.81916
0.93512
0.83688
0.98193
0.63278
0.60803
0.74545
0.70315
0.91923
0.94223
0.76266
1.0127
0.60792
0.70713
0.8193
0.80309
0.99478
0.60119
0.57748
0.72271
0.58345
0.81413
1.1137
0.8822
1.1333
0.62007
0.95104
0.62746
0.99737
0.99909
1.0019
0.69035
0.75631
0.75901
0.92615
0.98222
1.0297
1.072
0.95266
0.75693
0.67531
0.80013
0.71218
1.0324
0.6262
1.2002
0.58354
0.84687
0.74227
0.92302
0.89997
1.0043
1.077
0.81472
0.78224
0.76191
0.87245
0.96236
0.6571
0.92698
0.72019
0.93657
0.8246
0.81686
1.0503
0.74919
0.94353
1.0005
1.0624
1.0606
0.89941
0.68567
0.80336
1.0781
0.88602
1.0097
0.85756
0.8588
0.90514
0.87335
0.92494
0.63364
1.0633
0.88967
0.79084
0.78765
0.82929
0.86609
0.6719
0.93354
1.0742
1.2026
0.76511
0.9142
1.0849
0.68941
1.033
0.68593
0.9032
1.1344
0.85153
1.0751
1.051
0.52761
0.54678
1.1675
0.81174
0.83332
0.97823
0.70944
1.0632
0.70025
0.66017
0.91987
1.0652
1.0095
0.80906
0.5989
0.74677
0.864
0.91978
1.0262
1.0052
0.7514
0.91685
0.86296
1.0329
0.9328
0.76918
0.8691
0.7674
0.77062
1.0514
0.73906
0.95823
0.82954
0.80658
1.064
0.60524
1.0298
1.076
1.1432
0.42748
0.99674
0.97273
1.208
0.83888
0.51777
0.77036
0.98024
0.59278
0.89071
0.8721
0.66836
1.0239
0.9801
0.62938
1.053
1.0058
0.58638
1.0666
0.84144
0.70432
0.72639
0.77665
0.89037
0.84121
1.0187
0.95838
0.96118
0.87412
0.78783
0.81053
0.90669
0.81942
0.35324
0.7827
0.81236
0.88699
0.66015
0.98869
0.94224
1.1757
1.0777
1.0176
0.76876
1.138
0.92577
0.98915
0.72172
0.72993
0.9348
0.96596
0.98453
0.85696
1.0506
0.97272
0.91188
0.93741
0.65862
0.95629
0.81841
1.2099
0.42822
0.97523
0.77625
0.78045
0.91495
0.65094
0.81838
0.63852
1.0676
0.98975
0.78097
0.6797
0.94595
0.83279
0.85917
1.0557
1.0409
0.85777
0.82431
1.0758
1.0043
1.0087
0.8148
1.0285
0.8021
0.86278
1.2126
0.79167
0.68841
0.89529
0.7197
0.77845
0.92155
0.78301
0.65334
0.54683
0.61957
0.54191
1.1398
0.96405
0.79984
0.86176
1.0308
1.0423
0.85773
0.89436
0.67169
0.82125
0.80708
1.1969
0.58304
0.95146
0.88559
0.96652
0.83324
0.92688
0.46669
0.62328
0.65786
0.87069
0.67201
1.0616
0.90068
0.6557
0.72235
0.86381
1.0138
1.0981
0.91933
0.844
1.0548
0.80319
0.80584
1.0365
0.80398
0.80654
0.76634
0.91678
0.73713
0.7424
0.73582
1.0837
0.74851
1.0818
0.68089
0.64153
0.88544
0.86066
0.90006
0.84587
0.86719
0.98927
1.0567
0.90781
0.84536
1.0062
0.75627
0.75987
0.99205
0.74289
0.93126
0.85355
0.81779
1.0047
0.96804
0.46546
0.78033
0.96986
0.76443
0.84285
0.93377
0.61634
0.933
0.68687
0.90139
0.92341
1.0189
0.98037
0.74791
1.1308
0.92108
1.105
0.48679
1.0355
0.86377
0.80424
1.1247
0.8169
0.44074
0.85059
0.9092
0.67372
0.86705
0.60144
0.71656
0.6869
0.61623
0.7192
0.58058
0.59191
0.66192
0.80452
0.92098
0.95485
0.96766
0.65172
0.39868
0.8125
0.87179
1.0927
0.75448
0.57618
0.75306
0.82772
1.0812
0.99664
0.9798
0.82685
0.54851
1.0723
1.0109
0.69216
0.85991
0.78133
0.45118
1.0738
0.74657
0.88466
0.83954
0.86858
0.95647
0.65043
0.80667
0.8835
0.73263
0.71404
0.90916
0.70319
0.99729
0.75613
0.61655
0.89634
0.92603
0.99756
0.69736
0.7205
0.63345
1.133
0.9309
0.72122
0.90089
0.95328
0.81096
0.31711
0.94431
0.87391
0.93866
0.63693
1.0003
0.90116
0.89611
0.84811
0.99933
1.0078
1.0344
1.0057
0.65105
0.60216
1.045
1.1108
0.66714
1.0531
0.67566
0.82352
0.59182
0.84772
1.1974
1.0889
1.0636
0.88262
0.853
0.801
0.76828
0.91775
0.80375
0.85555
0.82404
1.0229
0.84526
0.68117
0.92251
0.82125
0.79755
0.61867
1.0692
0.79375
0.35336
0.53288
1.0432
0.63269
1.1579
1.1793
0.9167
0.89632
0.63373
0.78162
0.92367
0.87227
0.77716
0.97326
0.68238
0.72691
0.84629
0.93108
1.0323
1.1014
0.88285
0.88555
0.5842
0.51542
1.029
0.7255
0.28189
0.62438
1.016
0.9067
0.88312
0.31221
1.0203
1.019
1.0356
1.1568
0.92727
0.65386
0.77585
0.93274
0.86554
0.72875
0.79089
1.0313
1.1298
0.61839
0.92124
1.0857
0.6585
0.73823
0.74768
0.99483
0.70882
0.78067
1.15
0.8104
0.75303
0.79601
0.79361
0.92033
0.85875
0.89167
0.66438
0.51786
0.62742
1.0786
1.1197
0.5979
0.75314
1.0543
0.97716
0.84713
1.054
0.76815
0.92838
1.1249
0.93433
0.50813
0.85983
0.54018
0.78853
1.072
0.8909
0.72798
0.69105
0.93532
0.86622
0.95125
0.82637
0.72045
0.7262
0.83574
0.81822
0.9196
0.96264
0.6106
0.87492
0.83324
0.98764
0.68535
0.90765
0.95418
0.84922
0.75143
0.78681
0.89301
0.91192
1.0292
0.95672
0.88549
0.95135
0.73124
0.72841
0.60585
0.84235
0.77178
0.98729
0.9779
1.0151
1.0339
0.83051
0.55304
0.90453
0.95073
0.87137
0.81219
1.0199
1.1845
0.72424
0.77653
0.44678
0.8344
0.71449
0.87073
1.1183
0.83157
0.94963
0.85392
1.0678
0.74816
0.6972
0.80904
0.71699
1.0375
1.1549
0.66931
0.74382
0.93564
0.79365
1.0099
1.1306
0.84386
0.68865
0.65549
0.91172
0.47312
0.84467
0.77135
0.58503
1.0971
0.75812
0.78222
1.0904
0.78079
0.80628
0.73257
1.0109
0.96987
0.76654
0.58711
0.79103
0.8392
0.6952
0.80414
0.84851
0.87619
0.64731
0.63354
0.9011
0.83826
0.71325
0.8997
0.90942
0.78372
0.80774
0.55791
0.94616
0.82524
0.91746
1.0148
0.77204
0.73776
0.72004
0.88452
0.97266
1.0613
0.79644
0.95931
0.84574
0.97852
0.9394
0.51229
0.86405
0.87841
0.66087
0.69462
0.59334
1.1398
0.9632
1.0289
1.0328
0.80094
0.76088
0.88005
0.98864
0.87791
0.85056
0.66811
1.0556
0.86577
0.98554
0.8666
1.0102
0.80943
0.54341
1.008
0.47881
0.845
0.63386
0.77376
0.78402
0.70476
0.68321
0.4743
0.96991
1.1682
0.42392
0.81855
1.2244
0.92676
0.77493
0.78797
0.99633
0.7924
1.1871
0.7388
0.72336
0.75829
0.99602
0.71999
0.89208
1.0409
0.96266
0.85656
0.66242
0.90966
0.52741
0.9811
0.95841
1.0518
0.78267
0.78135
0.87691
0.74793
0.73673
0.66331
0.34844
0.83183
0.8704
0.95397
1.1354
0.71943
0.72934
0.5879
0.90038
0.83616
0.82362
0.90872
0.75778
1.001
0.81493
0.87415
1.1434
1.1372
0.8394
0.97102
0.9148
0.94407
1.0765
1.0745
0.7835
0.68321
1.1462
1.2547
0.83041
0.78638
0.55266
0.67127
0.89822
0.94039
0.81808
0.82373
0.84587
0.56855
1.1714
0.78914
1.0268
0.56615
0.66043
0.9671
0.69114
0.62026
0.79905
0.8661
0.8768
0.46968
0.93285
0.7726
0.6408
0.93974
0.91081
0.59054
0.82566
1.0934
0.91803
1.0396
1.0459
0.86452
0.90605
0.9704
1.0489
0.90878
0.90294
0.62237
0.94475
0.94477
1.0906
0.87229
1.1008
0.87606
1.0983
0.59318
0.68942
0.91137
1.1571
0.8454
1.012
1.0245
0.92502
1.0814
1.0502
0.68111
0.87725
0.7592
1.0552
0.81
1.0213
0.62499
0.81756
0.94649
1.1107
0.79837
0.8875
0.46793
0.70844
1.0193
0.88036
0.72923
0.61985
0.89891
0.51913
0.74406
0.92993
0.91784
0.53143
0.82063
0.95856
0.97018
1.0809
0.43036
0.92725
1.0475
0.49542
0.84833
0.72784
0.58926
0.70839
0.7086
0.56732
0.88353
0.81597
1.0193
1.0183
1.0151
0.94587
0.78906
0.6543
0.91098
0.84581
0.95611
0.93786
0.66078
0.6502
0.77642
0.99888
0.94948
0.76267
0.73388
0.73866
1.003
0.85645
0.88088
0.77858
0.61655
0.63762
0.81202
0.97373
0.89654
1.0567
0.85845
0.90164
1.0591
0.98901
0.99876
0.53456
0.64105
0.98709
0.59351
0.62226
0.94176
0.55064
1.0135
0.84289
0.9514
0.63126
0.81753
1.0919
0.72443
0.92798
0.86162
0.92972
0.78488
0.81613
0.80414
0.95027
1.0753
1.0137
0.96694
0.96832
0.99328
0.94379
1.0546
1.0004
1.0044
0.9314
0.87521
0.59837
0.97001
0.82862
1.0878
0.80148
0.76078
0.96785
0.49927
0.69338
1.059
0.90926
1.151
0.78558
0.79201
0.77677
0.66666
0.82337
0.8024
0.59255
1.0774
1.0861
0.83791
0.54868
0.96713
0.78907
0.79948
1.0366
0.70591
0.68975
0.94871
0.92154
0.74371
0.86947
0.91479
0.79731
0.90982
0.98012
0.99778
0.88375
1.0104
0.77225
0.94741
0.84328
0.92516
0.83842
0.87628
1.0366
0.65629
0.75493
0.70987
1.0245
0.98997
0.8524
0.89429
0.60615
0.89758
0.83334
0.97926
0.97065
0.84156
0.75359
0.83086
0.95816
1.0779
1.1761
0.6263
0.8095
0.97065
0.83054
0.7739
0.73575
0.8024
0.85704
0.67588
0.6026
0.84614
0.77159
1.0223
1.0576
0.5898
1.1494
1.1112
0.60744
0.9243
1.0826
0.68561
1.0987
0.94673
0.81436
1.1081
1.0243
0.98405
0.92403
1.0789
0.8943
1.0699
0.88755
1.0104
0.96892
0.60115
0.71413
0.94313
0.55185
0.85654
1.077
0.71142
0.73942
0.90765
0.8786
0.897
1.02
0.94468
0.74646
0.53042
0.95895
0.85647
0.83394
0.8632
0.82225
1.1063
1.1159
1.011
0.81519
1.0278
0.98554
0.63472
0.80811
0.80524
0.48702
1.0237
0.7169
0.50033
0.90972
0.4569
0.81257
0.6718
1.101
0.6914
0.8636
0.77887
1.0525
0.92879
0.72139
1.021
1.0401
0.72239
0.92991
0.96147
1.0452
0.87919
0.75698
0.967
0.53379
0.82891
0.56432
0.84866
1.0906
0.82675
0.66467
0.77993
0.68805
1.0832
0.92736
0.90353
0.6202
0.9212
0.82773
0.81459
0.88101
0.95154
0.59245
1.1768
0.45445
0.55295
0.86804
0.97292
0.60814
0.71076
0.92532
0.68386
0.83887
1.0024
0.97007
0.96612
0.86558
0.57617
0.69363
0.78703
0.48163
0.9616
1.1633
0.79364
0.85182
0.89167
0.90314
0.63416
0.87195
0.75533
0.94303
0.91815
0.73306
0.82603
0.42353
0.84712
0.9216
0.63997
0.98815
0.71699
1.0267
0.98419
0.76495
0.79571
1.005
0.92649
0.94336
0.97747
0.86351
0.84795
1.0194
0.89394
0.64215
0.96886
0.70667
0.84336
0.83805
0.85999
0.97641
0.59053
0.96257
0.81011
1.002
0.94359
0.62733
1.0234
1.0413
1.0995
0.78098
0.79872
0.93736
0.81112
1.0758
0.94334
1.1003
0.85542
1.0923
0.90788
1.0217
1.24
1.1122
0.79394
0.80249
0.89741
0.96462
0.83069
0.71474
0.74619
1.068
0.75342
0.85659
0.84346
0.6795
0.75609
0.82225
0.85315
0.82588
1.0028
1.0184
0.79356
0.97205
0.86042
0.69546
0.92227
0.79254
1.0106
0.70466
0.85959
0.70238
0.99659
0.95285
0.85168
0.7815
0.87505
0.70958
1.1723
0.77545
0.78756
0.99508
0.42776
1.1265
1.0163
0.86299
0.99427
0.90763
0.60918
0.8799
1.0217
0.98533
0.83707
1.0408
0.98597
0.52362
0.81774
0.91152
0.85482
0.90329
0.96123
0.84134
0.96381
0.73439
0.95864
0.72402
1.068
1.1044
0.90171
0.79867
1.1457
0.91951
1.1778
0.96877
0.74492
0.83492
0.6666
0.71051
0.80096
0.92821
0.47496
1.045
0.8418
0.90554
0.87578
0.58381
0.90339
0.99103
0.87113
0.74865
0.82015
0.80294
0.73086
0.93313
0.88358
0.87156
0.80411
1.0924
0.70258
0.88407
0.65221
1.0502
0.839
0.97577
0.89372
0.78878
0.99113
0.83034
0.85262
0.96715
0.73059
0.87781
1.0866
0.84514
0.66161
1.0562
0.95173
0.92217
0.82112
0.87781
0.71428
0.84628
0.91982
0.94711
0.92782
0.65964
0.65242
0.60395
0.97796
0.99821
0.83373
1.0781
1.0289
0.68694
0.96266
0.90299
0.772
0.99466
1.1871
0.87308
1.0596
0.94903
0.81969
1.0985
0.93012
0.90567
0.91837
1.054
0.68934
0.89779
1.0148
1.0594
0.87082
0.46181
1.1146
0.76148
0.99127
0.62338
0.7187
0.9004
0.92039
1.0226
1.0961
0.97036
0.84387
0.76117
0.49737
0.93442
0.98994
0.97655
0.81416
0.83686
1.0448
0.75286
0.86765
0.78389
0.77605
0.93423
0.96099
0.83788
0.89292
0.9339
0.71888
0.93757
1.1226
0.9716
0.82079
0.41749
0.97755
0.7973
0.95018
1.0275
0.98803
1.0569
0.8163
1.0641
0.64629
0.75139
0.94583
0.90765
0.82477
0.78455
1.0486
0.79546
0.98847
1.0041
1.0099
0.98632
0.79649
0.87592
0.97384
0.90995
0.78235
0.69092
0.88659
0.78849
0.9039
0.87141
0.99557
1.0558
0.73838
1.0003
0.87127
0.92394
0.76634
0.81425
1.0578
0.74665
0.95356
1.0831
0.44288
0.86116
0.63592
0.46931
0.90166
0.98705
1.0659
0.98101
0.96141
0.52487
0.8709
1.0039
0.98911
0.69199
0.93636
0.83124
0.84094
0.84859
0.91961
0.80127
0.8207
0.53396
0.7531
0.98558
1.0269
0.63397
1.0646
0.89623
0.68558
0.89901
0.80675
0.96177
0.70358
0.97698
0.98458
1.035
1.0439
0.94011
0.89367
0.80618
0.96648
0.82582
0.88806
0.89429
1.0775
0.62913
0.9047
0.6985
0.64636
1.0202
0.67148
1.0343
0.97305
0.98845
0.63665
0.91489
0.67385
0.82709
0.74857
1.1422
0.9286
0.9161
0.79844
0.73963
0.76249
0.99124
0.80477
0.82836
0.92332
0.87829
0.87239
0.86146
0.8306
0.7022
0.64441
0.80333
0.61472
1.0994
1.0471
0.97481
0.97899
1.1257
0.74692
0.63499
0.88141
0.78709
0.76565
1.1736
0.89371
1.134
1.0193
0.66287
1.0835
0.98013
0.86132
0.62631
1.0105
0.63765
1.0013
1.0681
1.1724
1.0305
0.86197
0.72532
0.84801
1.044
1.0109
0.4468
0.55672
0.80544
0.95145
1.0257
0.86035
1.0072
0.94673
0.81524
0.7594
1.1012
0.62444
0.97953
0.85721
0.79703
0.59715
0.54523
0.7779
0.88383
1.0253
0.99448
1.087
0.75169
0.77277
0.87281
0.86857
0.98982
1.006
1.011
0.45037
1.0058
0.70789
0.97492
0.60745
0.60559
0.85253
0.84945
1.0338
0.78637
0.84936
0.89513
0.86266
0.88981
0.96439
0.81299
1.0235
0.96452
1.1112
0.8323
1.0688
0.97468
0.81328
1.0668
0.87523
0.74776
0.8785
0.9517
0.771
0.77369
0.86498
0.75491
0.81532
0.94925
1.025
0.82927
0.89281
1.1585
0.71297
0.57164
0.97948
0.7329
0.80446
0.5673
0.74089
0.79441
0.93094
0.56507
1.0405
0.76974
0.80127
1.0002
0.71112
0.63611
0.86811
0.85072
0.98191
0.62862
1.0359
0.75655
0.80245
0.58896
0.94959
1.0264
0.90713
1.0157
0.90971
0.63467
0.81367
0.93812
0.88265
0.96322
1.0864
0.90639
0.73559
0.71918
0.76615
1.0454
0.82991
0.85141
0.47367
0.97223
0.83027
0.93173
0.76087
1.0383
0.95883
0.78317
0.9811
0.95464
0.9918
1.0238
0.91654
1.1687
0.71858
1.0681
0.91714
0.91851
1.0921
0.88261
0.80127
1.0759
0.77463
0.68451
0.93746
0.6852
0.93407
0.97103
1.1618
0.84566
0.72222
0.93355
0.90824
1.059
0.79821
0.9584
1.1192
0.83939
1.0399
1.1042
0.7035
0.60264
0.60182
0.57278
0.81171
1.1924
0.9117
0.71355
0.85136
0.78686
0.87807
0.8133
0.95887
1.1055
0.79012
0.7693
1.1853
0.9693
0.92383
1.0885
0.85141
0.86455
0.71123
1.115
0.94884
1.0899
0.81366
0.84154
0.99651
1.0536
1.0698
0.89197
0.93757
0.89658
0.99707
0.79891
0.70686
1.0263
0.80738
0.69706
0.83903
1.0781
1.0144
0.88338
0.74485
0.98351
1.0541
1.0643
1.2346
1.0307
0.81365
0.79798
0.93187
0.96536
1.1222
0.79955
0.86175
0.8398
0.80033
0.49691
0.79226
1.0504
0.78846
0.82618
0.77031
0.77378
0.70789
0.74902
0.76887
0.80074
0.57291
0.8226
0.70177
0.84679
0.76347
0.9528
0.88549
0.81592
0.99656
0.81829
0.78496
1.1024
0.74101
0.96871
1.0233
1.0278
1.1336
0.8686
1.0173
0.9731
0.88214
0.64319
1.0831
0.64308
0.93578
1.0258
0.65874
1.0149
0.92583
1.1694
0.80221
0.81835
0.78389
1.0632
0.76831
0.8915
0.70868
0.64138
0.98297
0.72346
0.7454
0.87179
1.0364
1.0348
1.0773
0.97829
0.72887
0.94421
0.72014
0.70785
0.70605
0.96399
0.92603
0.78726
1.0959
0.79387
0.86515
0.74748
0.802
0.55615
0.87085
1.097
0.85466
0.90667
0.91143
0.9208
0.95346
0.72322
0.96053
0.98246
1.0033
1.071
0.79052
0.86498
0.97202
0.98331
1.0962
1.0366
0.58316
0.92975
0.66369
0.97168
0.98227
0.90073
0.82166
1.279
1.0767
0.67606
0.93354
0.67844
0.96629
0.9851
0.9685
0.85603
0.68661
1.0359
0.95624
0.64493
0.84223
0.63883
0.80005
0.55185
0.61342
0.91617
0.99554
0.87675
0.74565
0.60669
0.92022
0.74791
0.78309
0.94582
0.9104
0.82799
0.68608
0.82408
0.8364
0.65807
1.0594
0.70186
1.0247
1.0168
0.94216
0.60335
1.0552
0.89447
0.95546
0.78092
0.67238
1.0119
0.93263
0.60321
0.74632
0.84832
1.1351
0.82471
0.67149
0.84607
0.86188
0.97561
0.96798
1.0277
0.97311
0.59861
0.82825
0.98809
0.84094
0.65434
0.98362
0.88057
0.90094
0.97617
0.86824
1.059
0.66121
1.096
0.90654
0.47904
0.81495
0.90666
0.8175
1.1294
0.80859
0.87225
1.0528
1.0039
0.71147
0.75296
0.90395
0.42956
1.1436
0.68035
0.80702
0.79505
0.96684
0.81188
0.88385
0.94464
0.6277
0.67137
1.1262
0.73512
0.82969
0.72702
0.68557
0.44084
0.87443
1.0562
1.0397
0.78951
1.0685
0.87953
0.62124
0.9966
0.83073
0.97652
0.96488
1.0759
1.0518
0.45228
0.89739
0.71095
0.78023
1.0542
1.056
1.011
0.74275
0.93855
0.73598
0.8918
0.80119
0.52668
1.0648
0.81926
0.76244
0.90093
0.86527
1.0438
1.049
0.53828
0.65534
0.93756
0.91484
0.64368
0.97998
0.86892
0.80695
0.83518
0.79092
1.0843
0.79523
0.90894
0.68043
0.8468
0.78847
0.63774
0.97041
0.74262
0.77651
0.79745
0.66695
0.63827
0.82515
0.86309
0.94687
0.86634
1.1969
0.99335
0.98944
0.8486
0.84771
0.68318
0.98558
0.88014
1.0139
0.65186
0.90586
0.85427
0.96144
0.67146
0.83887
0.94672
1.0047
1.0806
0.8848
0.78646
0.62544
0.97216
0.90571
0.78213
0.85468
1.0213
0.88758
0.93638
0.56469
0.77538
0.77839
0.74217
0.51358
0.64925
0.94924
0.68148
0.56568
0.99641
0.87088
0.84268
0.63327
0.68641
1.0668
0.68491
1.0533
1.1327
0.89834
0.94313
0.8502
0.91722
0.68624
0.76785
1.0019
1.0331
0.6728
0.71984
0.95458
0.81871
0.83775
0.92075
0.92327
1.1989
1.145
0.96756
0.71246
0.87978
1.017
0.66922
1.0579
0.96709
0.59634
0.73483
0.92208
0.79047
0.82479
0.80951
0.87535
0.89803
0.75471
0.83877
0.87669
0.90165
0.92613
0.97071
1.0151
0.87591
0.56493
0.7606
1.0453
1.0842
0.92143
1.0211
1.0666
0.96645
1.0553
0.78749
1.0418
0.60072
0.98474
0.8695
0.69012
0.76423
1.0508
0.97956
0.70237
0.97463
0.87756
0.68812
0.80166
0.87311
1.118
0.71139
0.67321
0.94229
0.75056
0.58963
0.6872
0.72399
0.9173
0.88068
0.85172
0.55426
0.86873
0.81095
0.60129
0.93053
0.95314
1.0123
1.069
0.80404
0.85446
0.81544
1.1184
0.7379
0.82328
0.61237
0.91277
0.89738
0.83681
0.94361
0.61994
0.88687
1.0031
0.90982
0.69942
1.026
0.89719
1.0148
0.66073
0.81859
0.65135
0.85957
0.97271
0.913
0.65433
0.739
0.7866
1.0357
1.1354
0.87544
0.72705
0.76123
0.87784
0.71375
0.65933
0.94912
0.83122
0.77961
0.9294
0.7574
0.86476
0.75043
0.68543
0.8343
0.88142
0.66121
0.59544
1.0337
0.41714
0.68147
0.81387
0.74565
0.61701
1.0979
0.78594
0.86513
1.2045
0.61927
0.88228
0.9647
0.82173
0.91678
0.98396
1.0111
1.0558
0.68709
0.93862
0.89397
0.87952
0.37381
0.79397
1.0374
0.98944
0.72556
0.96499
1.0996
0.88385
0.86511
0.83341
0.92464
0.77808
1.1896
0.94988
0.86886
0.71879
0.79337
0.63419
0.9132
0.73597
0.90997
0.87706
0.86087
0.91371
1.0342
0.85557
0.57868
0.98639
0.71532
0.77728
0.9092
0.68048
0.50278
0.93818
0.92586
1.0379
0.99986
0.85597
0.87689
0.717
1.0043
1.0533
1.0089
0.77158
1.0027
0.83765
0.74694
0.88927
0.69659
0.96952
0.86461
0.98848
1.1225
1.0101
0.91574
0.89246
0.61458
0.82667
0.74922
0.52232
1.0004
0.93565
0.91173
0.93018
0.88754
0.64238
0.82419
0.90252
0.87739
1.0029
0.56903
0.86872
0.96314
0.88983
0.97798
0.68951
0.75918
0.76333
0.97627
0.9858
0.50178
0.96677
0.88508
0.84544
0.79658
0.92612
1.0693
0.72493
0.89406
1.1249
0.8957
0.91188
1.0704
0.66196
0.69624
0.99617
0.8165
0.90176
1.0774
1.0469
0.84029
0.76219
1.1024
0.75132
1.0112
0.74162
0.91243
0.69384
0.65943
0.58507
1.009
0.96743
0.71995
0.82511
0.97716
0.90945
0.64219
0.75358
0.86212
0.51631
0.73862
0.72043
0.83725
0.8785
0.78152
0.93255
0.71017
1.0659
0.85722
0.73404
0.75853
1.063
0.79008
0.79811
0.79634
0.58427
1.1947
0.87057
1.0589
0.96026
0.93771
0.94243
0.91354
0.5979
0.57552
0.91707
0.68212
0.28205
0.77166
0.85712
0.93997
0.52166
0.6456
0.63279
1.2977
1.1678
1.1665
0.92385
0.78581
0.97389
1.0717
1.032
0.78582
0.67185
0.82272
0.96475
0.76561
0.80055
0.85356
0.67698
0.78667
0.89948
1.0729
0.93002
0.72291
1.1052
0.91098
0.96064
0.91531
0.9103
0.81215
0.91483
0.76689
1.0311
1.0094
0.60011
0.78292
0.65514
0.7042
0.94682
0.97873
0.9246
0.62188
1.0985
0.59973
0.56005
0.97635
0.75528
0.80447
0.87507
1.0202
1.2234
0.72138
0.65923
0.96126
0.7772
0.63028
1.1213
0.79711
0.97994
0.93712
1.1192
0.89858
0.76319
0.92472
1.0214
1.0007
0.75193
0.64057
0.97469
0.78822
0.94484
0.5695
0.98632
0.99072
0.54534
0.82948
0.89412
0.88671
0.39535
0.96391
0.76527
0.71859
0.35276
0.97231
0.82522
0.74682
1.0197
0.73775
0.87931
0.8735
0.73702
0.6625
1.1147
0.77309
0.82292
0.74244
0.6951
0.93725
0.64865
0.96487
0.76977
0.81389
0.86021
0.81737
0.80826
0.81227
0.88449
0.85991
0.71472
1.0395
0.85812
0.88065
1.0013
0.9398
0.80456
0.77111
0.81886
0.62114
0.69202
0.52008
0.72466
0.69575
0.93222
0.51645
0.37354
0.94809
0.91278
0.73788
0.7039
0.99036
0.99512
1.015
1.0407
0.94258
0.95691
0.92931
0.96125
0.63834
0.80939
0.73143
0.51667
0.48167
0.76547
0.92092
1.0565
0.95201
0.61034
0.71609
0.93426
0.63201
0.81039
0.90587
0.89427
0.78331
0.89738
0.43841
0.65718
1.0114
0.94118
0.8488
0.86795
0.77929
1.0891
1.0579
0.91566
1.1708
0.85391
0.99012
0.65711
1.0518
0.93379
0.80589
0.76136
0.92571
0.6899
0.81426
0.66049
1.012
0.87058
0.90109
0.92857
0.78586
1.0481
0.623
0.77688
0.98692
0.75811
0.89462
1.0217
0.72364
0.8528
0.86962
0.58304
0.84749
0.73403
1.0779
1.0525
0.79334
0.72771
0.90228
0.93742
0.76397
0.96886
0.96498
0.71324
1.0903
0.88836
0.55704
0.51744
1.1471
0.83444
0.85302
0.72193
0.76529
0.84393
0.9987
0.96557
0.90163
0.90693
0.68406
0.50099
0.93615
0.90174
0.89748
0.87518
1.0004
0.76666
0.59445
0.80853
0.80975
0.65142
1.0933
0.97961
0.86095
0.54742
0.63491
0.89704
0.8143
0.90868
0.7053
0.66544
0.93942
0.72001
0.90781
0.59161
1.099
0.54743
0.86479
0.7677
0.83645
0.93978
1.0103
1.1063
0.92094
1.0921
0.82803
1.083
0.52856
0.76373
0.91646
0.31199
1.0797
0.91594
1.0075
0.76619
0.57244
1.0962
0.66344
0.75574
0.69615
1.0929
0.89438
0.99233
0.65941
0.58042
0.82685
1.0922
0.78388
0.69434
1.0324
0.61817
0.84512
0.86883
1.0867
0.99001
0.66713
0.67751
0.9508
0.69618
1.0148
0.41675
0.83365
0.70604
0.9406
0.84767
0.73369
0.77559
0.8392
0.55829
0.74888
1.0801
0.96699
0.7408
0.98142
0.74469
0.78753
0.91335
0.71903
0.50715
0.79823
0.85339
1.0022
0.84341
0.88948
0.81598
1.0405
0.57876
1.0988
0.91992
0.65656
1.0097
0.49584
0.96046
0.64465
0.72625
1.0249
0.58074
0.90526
0.94768
0.75344
1.1701
0.86385
0.57027
0.65489
1.1297
0.98242
0.91887
0.86266
0.89768
0.74193
0.98618
0.88959
1.0115
0.96143
0.98381
0.79642
0.53447
1.0287
0.83001
0.84275
0.72832
0.96611
0.72551
0.86482
0.79809
0.83383
0.85415
0.91655
0.90281
0.76595
0.93993
0.7083
0.95894
0.94348
1.1601
1.0314
0.57683
0.93414
0.98049
0.59337
0.76004
0.89944
1.1443
0.68866
0.90487
0.685
0.74263
0.83963
0.79751
0.59384
0.42415
0.8801
0.97992
0.96049
1.0435
1.0461
0.8011
0.98952
1.0513
1.0069
0.92601
0.91982
0.96503
0.79156
0.74638
0.86158
0.79751
0.94053
0.74133
0.74255
0.85882
0.71574
0.75064
0.73546
0.86749
0.93621
1.1664
0.73227
0.8139
0.93955
1.09
0.70215
0.89904
0.80156
0.72534
0.79467
0.94223
0.77125
1.224
0.80798
0.77991
1.0124
0.92477
0.67995
0.90166
0.81812
1.0413
1.0074
0.76865
0.8084
0.81661
0.72081
0.95839
0.83519
0.54729
0.92739
0.74278
0.68431
0.98443
0.65002
0.51702
0.80184
1.1171
0.76012
0.75755
1.1366
1.0386
1.0923
0.85623
0.97021
0.6876
0.64077
0.73626
1.0045
0.8403
0.94302
0.71158
0.82637
0.58707
0.71133
0.95951
0.89937
0.648
0.95974
1.0923
1.0801
0.81852
0.96012
0.68343
0.92366
1.0218
0.77099
0.75669
0.89076
0.9044
0.84503
0.98926
0.81626
0.84531
0.60406
0.78303
0.84205
1.0517
0.81762
1.0031
0.80103
0.7894
0.8792
1.1119
1.0423
1.1162
0.93351
0.79774
0.65744
0.91276
1.0765
0.64862
0.95426
0.85116
0.97878
0.64925
1.007
0.80601
0.82685
0.89474
0.90045
1.0181
1.0561
0.82126
0.84105
0.50065
0.83074
1.1031
0.57765
0.97318
0.9265
1.0226
0.70158
0.74989
0.98326
0.99164
0.75526
0.86696
0.75633
0.96914
0.60157
0.86804
0.91981
0.8387
0.91733
0.69453
1.068
1.0255
0.93644
0.95584
0.99702
0.46051
0.96516
0.95037
0.7816
0.5357
0.75644
1.1785
0.8752
1.0692
0.94583
0.75248
1.1619
0.88949
0.89466
1.068
0.9156
1.1238
0.32182
0.75242
0.86619
0.73855
0.61169
0.98181
0.52049
1.069
0.57797
0.49706
0.85335
1.0038
0.98961
0.84058
0.93571
0.66062
0.95789
0.71649
0.88057
1.0262
0.98524
0.90759
0.58802
0.70142
0.90295
0.89519
1.1109
0.22511
1.0512
0.76525
1.2745
1.1222
0.69804
0.78058
1.0176
1.1299
1.0542
0.71891
0.79567
0.63649
0.94116
1.0797
0.93243
0.41937
0.42658
0.85646
1.1009
0.71739
0.97537
0.88233
0.69615
0.80091
0.76246
0.75685
0.77817
0.87907
1.011
0.96184
0.82144
1.0782
0.58518
0.77154
0.92586
0.81443
0.89691
0.87457
0.5
0.97888
0.64518
1.0424
0.80077
0.80906
0.8168
1.0623
0.87448
0.74381
0.89521
1.0207
0.82792
0.93321
0.58117
1.014
0.62172
0.95975
0.54367
0.36536
0.90881
0.88123
0.80416
0.99
0.96519
0.91605
0.63167
0.966
1.0135
1.1445
0.59116
0.86847
1.0189
0.85631
0.88013
0.66326
0.91753
0.65184
0.93704
0.81381
0.65503
0.8956
0.91887
1.0302
1.1158
1.0575
1.0363
0.85338
0.59347
0.94273
0.90346
0.9335
0.82042
0.89536
0.91057
0.93302
0.73559
0.68415
0.96279
0.87875
0.91154
0.84361
0.9725
0.91626
0.66877
0.68903
1.0146
0.95579
0.94762
0.88899
0.67566
1.0643
0.91046
0.68559
0.88022
0.84437
0.59239
0.96902
0.83597
0.86449
1.0405
0.80404
1.1063
0.99182
0.84248
0.76507
0.86172
0.96645
1.1615
0.79235
0.77533
0.97058
0.73896
0.70363
0.78589
0.99148
1.0879
1.0222
0.64654
0.71294
1.0668
1.0032
0.90051
0.4258
1.161
0.90917
0.87952
0.41967
0.77068
0.68837
0.96082
0.65359
1.0779
0.84395
0.95721
1
0.98054
0.7554
0.91356
1.1382
1.0666
0.9724
0.81153
0.87373
1.04
0.961
0.79721
0.83501
0.90142
0.85661
0.74991
0.95997
0.8635
0.89242
0.76977
0.51547
0.97512
0.55522
0.96123
0.83347
0.84373
0.75449
1.0225
0.84299
0.81314
0.79787
0.97805
0.47746
1.0917
0.92362
0.64858
0.70687
0.79661
0.88533
0.77757
1.0495
0.93535
0.91673
0.69548
0.91857
1.1197
0.86919
0.92342
0.98402
0.91391
1.1338
0.82052
1.1824
0.80035
1.0336
0.86189
0.72797
0.86002
0.67318
0.90842
0.62937
1.094
0.85539
0.83956
0.92774
0.87712
0.92807
1.062
0.99781
0.75627
0.88218
1.0365
0.77027
1.0297
0.65428
0.92129
0.78555
0.70969
0.90653
0.80761
1.0301
0.46781
0.68231
1.0806
0.87856
1.0946
0.99073
0.84094
0.67685
1.0105
0.86814
0.65551
1.0627
0.95067
1.0551
0.97995
0.93724
0.76095
0.75663
0.52561
0.96543
0.74273
0.72432
1.0521
0.94328
0.70548
0.98511
1.1373
0.52506
0.99945
0.77502
1.0079
0.87805
0.92587
0.845
0.71922
0.90558
0.76842
0.65823
1.0186
0.91675
0.71888
1.0439
0.87785
0.89598
0.68934
0.94007
0.90749
1.0387
0.79324
1.0998
0.65189
0.95139
0.6175
0.86849
0.97538
0.8607
0.70143
0.98632
0.8303
0.70428
0.86513
0.98987
0.82063
0.95076
0.80146
0.66944
0.87673
0.87719
0.71227
0.85411
0.62122
0.60183
1.0101
0.91517
0.95099
0.8808
0.27837
1.0686
0.92766
0.93651
0.80597
1.0358
0.9887
0.84029
0.90576
0.69005
0.95965
0.61974
0.71977
0.59658
0.62575
0.71509
0.84691
0.75063
0.6064
0.8592
0.80887
0.88709
1.039
1.0993
0.76962
0.85285
0.50652
0.83154
0.92725
0.66918
0.76658
0.73356
0.88245
0.8947
0.74677
0.78084
0.89611
0.44278
0.94395
0.59934
0.73639
1.1113
0.91497
0.87685
0.80291
0.93078
0.95181
0.67178
0.7926
1.0041
0.97496
0.9042
0.75624
0.9843
0.76491
0.70899
0.84262
0.68821
0.39673
0.89977
0.3587
0.61679
0.94332
0.97469
0.98572
1.0402
1.0809
0.88036
0.91514
0.84624
0.94122
1.1195
1.0291
0.85767
0.90236
0.78742
0.80372
0.74797
0.99106
0.74887
0.95252
0.79589
0.85097
0.81234
0.79952
0.91708
0.78783
0.86846
1.183
1.1003
0.7791
0.90757
0.86624
0.725
1.0625
0.65861
0.56405
1.183
1.0339
0.60245
1.0706
0.77422
0.89141
1.0543
1.1175
0.92613
0.64428
0.97443
0.90882
0.7138
0.92303
0.92551
0.87453
0.8948
0.92154
0.9399
0.67497
0.65664
0.95548
1.1268
1.1075
0.65641
0.86765
0.91277
1.0078
1.0974
0.8884
0.78123
0.73181
0.67253
0.78526
0.74507
0.72252
1.0652
0.81327
0.81273
0.50124
0.74746
0.97289
0.69811
0.93962
0.91686
0.86913
1.033
0.62345
0.9015
0.59392
0.82404
0.88826
0.9637
0.84941
0.92621
0.818
0.94495
0.96559
0.891
1.0217
0.75943
0.80184
0.83015
1.1346
0.89332
0.9171
0.89475
0.97625
0.66204
0.85345
0.85599
1.0181
0.55687
0.74402
0.92231
0.90473
0.72407
0.8915
0.8455
0.82251
0.6213
0.81916
0.80254
0.82709
0.71474
0.79272
0.88599
0.70948
0.73668
0.90368
0.4859
1.0385
0.69644
0.85414
0.7441
0.53899
0.48843
0.84955
0.70821
0.78447
0.93851
1.0276
0.82587
1.0695
0.8106
0.84586
0.77086
0.87749
0.89486
0.74472
0.88976
0.70995
0.82727
1.0803
0.81612
0.75857
0.85193
1.1582
1.0638
0.74209
0.76334
1.1618
0.78287
0.87743
1.062
0.7275
0.70545
1.0071
1.2068
0.78433
0.69506
0.69464
0.93695
0.99893
0.23903
0.80807
0.93566
0.94335
0.72021
0.56618
0.95484
0.89824
0.8307
1.001
1.1593
0.72034
1.1426
0.80186
0.98101
0.61127
0.76353
0.95512
0.63322
0.96782
0.87075
0.97935
0.941
0.66573
0.83949
0.84468
0.97311
0.61722
1.0568
0.91021
0.74766
0.98402
1.0014
0.93035
1.0833
1.0213
0.97678
0.72389
0.75414
0.93613
1.0274
0.9688
0.89964
0.63711
0.64979
0.97218
1.1296
0.81822
0.75553
0.71469
0.5099
0.69736
0.68373
0.64966
1.0553
0.5266
1.1396
0.842
0.71005
1.0118
0.99737
0.84076
1.1551
0.96392
0.67026
1.0066
0.79422
0.94258
0.85917
0.79223
1.1423
0.64805
1.068
0.65902
0.84061
0.845
0.89644
1.1362
0.80553
0.55634
1.0166
0.91512
0.87633
0.86261
0.71999
0.97587
1.1547
1.2667
0.99137
0.56754
1.0858
0.88533
0.78544
0.80675
1.1208
1.0186
0.82281
1.0248
0.91347
0.90503
0.92387
0.92923
0.98378
0.70126
0.80927
0.54631
1.0587
0.82751
0.92674
0.57873
0.9094
0.67239
0.79635
0.97382
1.2848
0.9006
0.58198
0.84118
0.87954
0.75289
0.84787
1.0582
1.0417
0.73088
0.46126
0.85542
0.85969
0.96623
1.0714
0.81049
0.5433
0.96231
0.71836
0.62654
0.90243
0.99764
0.91081
0.59317
0.5372
0.84689
0.88185
0.67878
0.78887
0.77679
0.88933
0.99838
0.85456
0.94482
1.0995
0.53945
0.95243
0.86089
1.0107
0.83727
0.64497
0.67104
0.89788
0.78863
0.91583
1.0496
0.55762
0.94798
1.0306
0.92365
1.0611
1.0366
0.95641
1.0196
1.1291
1.1304
0.9252
0.84156
0.82115
0.94692
0.99554
0.98174
0.9536
1.0238
0.84718
0.90469
0.63883
1.0181
0.95929
0.73481
0.65139
0.90712
0.91029
1.0011
0.7656
0.77307
0.8466
0.96278
0.98951
0.96865
0.82113
0.81101
0.79708
0.59266
0.69981
0.92693
0.85547
0.9115
0.80626
1.0733
0.81188
0.99399
0.46232
0.96345
1.0291
0.93031
0.98426
0.88678
1.0451
0.59644
1.1618
0.83397
1.0548
1.0095
0.78234
0.9458
0.90012
1.1158
0.95391
1.0433
0.7069
0.67908
0.53685
0.61136
0.86949
0.7777
0.69552
0.71509
0.91991
0.7632
0.94736
0.98389
0.91057
0.77757
1.0178
0.79591
0.91035
0.9292
0.64074
0.70257
0.95872
0.96039
0.79185
0.95397
0.92511
0.75065
0.84982
0.80635
1.0442
0.82325
0.82961
1.1588
0.58401
1.0288
0.68889
0.75077
1.0781
0.5049
1.3248
0.60693
0.85798
0.77978
0.93862
0.39939
0.62131
0.84393
1.0365
1.09
0.8612
1.1148
0.80942
0.84184
0.83345
0.8937
1.0362
0.74236
0.9405
0.97551
0.81404
1.0829
0.73395
1.0669
0.52363
0.37319
0.71454
0.97022
0.82842
0.66417
0.92721
1.1641
1.1019
0.46244
0.7344
1.017
0.94336
0.77991
0.71104
0.69486
0.75355
0.77566
0.8991
0.93884
0.85142
0.87954
0.97336
1.1165
0.61583
0.99881
0.833
0.58917
0.816
0.71826
0.94989
0.8942
0.93525
0.90817
0.94639
1.2123
0.72521
0.85509
1.0084
0.65148
0.64775
0.71155
0.78894
1.0137
0.92052
0.9619
1.0927
1.0893
0.96478
0.89571
0.76729
0.93198
0.90916
1.0785
0.78382
1.1034
0.66561
0.77729
0.65412
1.0803
0.91654
0.80148
0.88976
0.72856
1.0261
1.0178
0.68208
0.95174
0.72033
0.7373
0.87596
0.98919
0.59636
0.6991
0.84076
0.82357
0.99562
0.93227
0.99001
0.96308
0.60651
0.984
1.0654
0.48856
1.022
1.1613
0.92543
0.81355
0.95079
0.65795
0.61808
0.8862
0.55898
0.87489
0.74759
0.60788
0.74639
0.9049
0.58311
0.66991
0.7588
0.61267
0.85812
0.96337
1.0492
0.55719
0.55519
0.81697
0.68579
0.71587
0.87963
0.95632
1.1889
0.58358
0.88378
0.8608
1.0345
0.4917
0.75357
1.0423
0.68768
0.69818
0.89577
0.88159
0.74337
1.0161
0.83323
1.0519
1.0524
0.59917
0.52602
1.0149
0.96652
1.1247
0.97783
0.86083
0.9869
0.97312
1.0507
0.72579
0.53204
0.94466
0.84117
0.97018
0.63737
1.1806
1.1869
0.99917
0.87915
0.83701
0.94293
0.74128
1.0031
0.96177
0.84021
0.80807
0.85704
0.7729
1.0218
1.0603
0.90345
0.89763
0.9277
0.86024
0.79805
0.874
0.70338
0.99192
0.89354
0.96461
0.89548
0.83264
0.61841
0.862
1.0868
0.76812
0.55328
0.68536
1.0175
0.81218
0.75534
1.0137
1.045
0.77223
0.7741
0.94418
0.9467
0.87018
1.0111
1.0068
0.94073
0.66995
0.89712
1.1368
0.94609
1.1854
0.48408
0.66742
0.87093
0.76761
0.76891
0.77115
1.1423
0.77352
0.78592
0.90312
0.87779
1.0267
0.636
1.2391
0.90784
0.94958
0.90263
1.0553
1.0515
0.80264
0.97047
1.0054
0.63139
0.85797
0.64889
1.0387
0.55475
0.97736
0.8091
0.87216
0.65082
0.7427
1.0703
0.76969
0.61877
0.47664
0.86943
0.72452
0.86477
0.84151
0.71575
0.91069
1.0538
1.014
1.0158
0.64997
0.79514
0.97707
0.96215
1.1058
0.92307
0.97678
0.87239
1.016
1.1546
1.1743
0.73634
0.94591
1.0985
0.86061
0.98666
0.6453
1.0424
0.80199
0.81073
0.7395
1.0266
0.88244
0.91005
0.99729
0.90257
0.6993
0.69733
0.95084
1.0279
0.83673
0.82757
1.0763
0.7079
0.88475
0.79767
0.74145
0.90142
0.98136
1.0663
0.91927
0.86377
0.92243
0.74666
0.57078
0.82816
0.91599
0.84858
0.9795
0.84235
0.99654
0.59909
0.99365
0.73022
0.9362
1.0826
1.2139
0.93446
0.67188
0.6529
1.1304
0.78387
0.79087
0.8396
0.70938
0.67635
0.72559
0.88563
1.0468
0.76129
0.6769
0.93051
0.93066
1.0974
0.86459
0.98865
0.909
0.80553
0.53089
0.47439
0.77966
0.51502
1.135
0.96055
1.1719
0.87799
1.059
0.59368
0.78625
0.85688
0.86722
1.1151
0.72695
0.82778
0.46767
1.0206
0.74701
0.49147
0.6156
0.71576
0.82081
0.7841
0.75711
0.79802
0.4197
0.66723
1.0813
1.0104
0.85701
0.96086
0.97568
0.9531
0.99694
0.98029
1.1809
0.88636
1.0602
1.0714
0.82432
0.73534
0.62818
0.48106
0.6749
0.85312
0.89706
0.7745
0.68856
0.83379
0.63375
0.9624
0.98213
0.82796
0.68728
0.91738
0.72976
0.73065
0.99848
0.77844
0.84438
0.88352
0.80987
1.1223
0.90999
0.63489
0.81735
0.96686
0.85884
0.97277
0.88841
0.97155
0.67079
0.91785
1.0874
0.77809
0.62177
0.99975
0.8084
0.64935
0.64868
0.90547
0.92552
0.84162
0.53126
0.76151
0.85657
0.93012
0.46444
1.1134
1.0403
1.0571
0.67619
0.97865
0.65043
0.90657
0.6719
0.63111
0.68496
0.83824
0.91331
0.79274
0.94436
0.762
0.86542
0.77143
0.77516
0.76337
0.84758
0.73136
0.95799
0.94148
1.0953
0.99784
0.79479
0.78055
1.0233
0.75973
1.0249
1.1422
0.76869
0.5784
0.88454
0.99406
1.0688
0.57081
0.73693
0.9514
1.0302
0.66505
0.80705
1.008
0.9849
0.74907
0.82058
0.52306
0.88684
0.93502
0.84392
0.81255
0.85764
0.96312
0.80068
0.95549
0.61119
0.97931
1.1552
1.0052
0.9519
1.1022
0.76131
0.99744
0.91646
0.98106
0.78843
0.93209
1.0995
1.0526
0.9209
0.8071
0.96957
1.0309
0.98167
0.91739
0.79128
0.73235
0.80381
0.75889
1.1098
0.8133
1.0282
0.79942
0.76366
0.87876
1.052
0.69737
0.87425
1.0366
0.64301
0.84629
1.0036
0.831
1.0684
0.81903
0.87161
0.96287
0.88084
0.58608
0.78493
0.96459
1.0753
0.61896
0.8932
0.83607
0.83821
0.95075
0.60305
1.0435
0.86396
0.89129
1.046
0.93361
0.83635
0.9239
0.89265
0.76426
1.0921
0.78811
0.91902
0.95836
0.54239
0.67843
0.52638
1.145
0.91896
0.88343
0.90593
0.94534
1.0613
0.86218
0.81716
0.89425
0.83598
0.68328
0.79755
0.77617
0.52721
0.80839
0.66518
0.93719
0.95061
0.9082
0.88767
0.78203
0.86537
0.85024
0.73911
1.0513
0.85405
0.58311
0.82939
1.1558
0.73461
0.78988
0.70315
0.87219
0.86639
0.86916
0.83824
0.9402
0.93442
0.8029
0.61821
0.72143
0.95
0.75515
0.81836
0.83068
0.94371
1.0895
0.85425
0.61751
0.91301
0.95263
0.91427
1.0662
0.85186
1.2316
0.95565
0.71737
0.96462
0.83709
0.6789
0.76588
0.8149
0.99092
0.98949
0.7271
0.94757
0.58148
0.8022
0.87216
0.763
0.79968
0.85335
1.0765
1.0923
0.97438
0.707
1.0737
0.54973
0.69494
0.82122
0.84871
1.0719
0.93736
1.1177
0.63379
0.85177
0.83335
0.81048
0.92351
0.88275
0.7848
0.74991
1.0929
0.89336
0.92024
0.83849
0.88993
0.71922
1.0412
0.63796
0.87511
1.0425
0.97402
0.82898
0.67217
0.74858
0.68026
0.95795
0.87873
0.68709
0.63496
0.86644
1.0478
0.88463
0.96091
0.95444
0.99628
1.0942
0.80247
0.64852
0.89428
0.93022
0.87561
0.84036
0.97466
0.92552
0.81652
0.70273
0.78669
0.66007
0.7867
0.62921
0.88572
0.9552
0.61384
0.80585
0.94861
1.1132
0.78769
0.76769
1.1089
0.57236
0.53498
1.0012
1.1524
0.85014
0.87944
1.005
0.79622
0.94469
0.85543
0.91082
0.95399
0.62133
1.0796
0.69813
0.71125
0.72688
0.90765
1.124
0.8795
0.94468
0.8263
0.94918
0.4661
0.66116
0.97353
0.52771
1.0644
0.78972
0.75318
0.73914
0.746
0.89918
0.93567
0.90544
0.34638
0.70165
0.78693
0.72761
0.88294
0.7901
0.86447
0.93621
0.96938
0.973
0.71986
1.0565
0.85462
0.73524
0.84178
0.80443
1.0108
0.70304
1.1107
0.84898
1.1088
1.1601
0.75046
0.84381
0.99816
0.91675
0.85914
0.88759
0.95012
0.91252
0.92618
0.55976
0.97535
0.81019
0.87381
0.92849
0.63444
0.64885
0.76592
0.82049
0.63796
0.89674
0.98248
0.98449
1.0251
0.98006
0.93777
0.75096
0.8614
1.0712
0.99326
0.99102
0.98354
1.0288
0.88206
0.71704
0.57747
0.6164
1.0547
1.0071
0.67164
1.0888
0.64874
0.60857
0.89171
1.0148
0.87881
1.0299
0.99247
0.97928
0.63168
0.70831
1.172
0.87007
0.73369
0.90683
1.0872
0.91537
0.99807
0.94298
0.84718
1.0089
0.66235
0.83958
0.93057
0.75305
0.87036
0.63884
0.79481
0.91761
1.0771
1.0525
0.97645
0.73557
0.78703
0.82316
0.9408
0.72873
0.58721
0.94369
0.99265
0.65653
0.9165
0.76447
1.0422
0.83501
0.73378
0.79
0.51673
0.79886
0.88346
0.74287
0.97513
1.0939
0.77417
0.90742
0.93347
0.61965
0.74056
0.82604
0.66694
0.94021
1.0635
0.89898
1.043
1.2051
0.94
0.84179
0.95269
0.87116
0.80476
0.76813
0.57397
0.91971
0.89923
0.78369
0.78004
0.91883
0.73997
1.0253
0.86083
1.0561
1.1361
0.85546
0.53701
0.92677
0.94485
0.76691
0.89486
0.53698
0.57957
0.70864
0.64058
0.95581
0.89354
1.0388
0.72795
0.96846
0.42597
0.84146
0.98359
0.8109
0.85654
0.7979
0.9974
0.67054
0.74989
1.0473
0.84139
0.82904
0.88698
0.41498
0.97742
1.0841
0.62434
0.77976
0.96451
0.91769
0.92954
0.85992
0.74699
0.94868
1.0151
1.0892
1.1759
0.58657
0.49929
0.77586
1.2002
0.65963
0.95765
0.86168
0.9356
0.74762
1.0587
0.82877
0.5297
0.79513
0.87157
0.76137
1.0351
0.95431
1.1261
1.2038
0.90985
0.92653
0.94665
0.66005
0.87883
0.85764
0.89677
0.76564
0.9411
0.81006
0.95442
0.61465
0.87331
0.94258
0.69792
0.89132
0.89174
1.0301
0.79705
0.78117
0.85119
0.9204
0.64667
0.87408
0.89531
0.59797
0.60389
0.98793
1.0247
0.77212
0.58912
1.0787
0.6128
0.49041
0.62683
1.1453
0.84259
0.74568
0.85249
0.86221
0.82074
0.92575
0.78262
0.67055
0.73115
1.0294
0.60019
1.0605
0.65285
0.99106
0.84514
0.83856
1.0514
0.96678
0.85994
0.93993
0.90933
0.93607
1.0853
0.94273
0.8202
0.8628
0.82179
1.0336
0.8977
0.73759
1.0487
0.95722
0.96922
0.91359
0.88312
0.81306
1.0657
0.94025
0.79338
0.91442
0.9544
0.86394
0.75352
0.99143
0.54131
0.93015
0.78645
0.75578
0.89096
0.91698
0.97212
0.86678
0.95934
0.61228
0.75507
0.77019
0.55215
0.53394
0.94696
0.87824
0.8486
0.93382
1.02
0.92207
1.0271
0.47675
0.9524
0.78533
0.80014
0.9044
1.0696
0.91335
1.0417
0.8216
0.94862
0.73517
0.82528
0.98102
0.73705
0.54647
0.85775
0.80448
0.92237
0.80247
0.75215
0.65245
0.93562
0.50727
0.99527
0.84387
0.79539
0.96352
0.90611
0.68244
0.97974
0.7786
0.64664
0.9863
0.93158
1.0838
0.87056
0.8622
0.94506
0.82234
0.86665
1.0547
1.0686
1.0283
0.96782
1.0769
0.88291
0.84042
0.70108
0.97598
0.35221
0.75275
0.80515
0.63985
0.44798
0.62127
1.0726
0.89143
0.94792
0.74108
0.74899
0.89325
0.63077
0.84577
0.87072
1.0144
0.96001
0.86982
0.95495
0.8228
0.74183
0.85039
0.84207
0.78299
0.73441
1.0088
1.0429
0.88197
0.81502
0.81257
0.9162
0.88384
0.79735
1.0138
1.1744
0.71764
0.93378
0.59385
0.67066
0.83295
1.1175
1.1659
0.70968
0.95441
0.75034
1.0492
0.77782
0.96091
1.0301
0.75336
0.92404
0.28614
0.80619
1.1882
0.90627
0.72372
0.5813
1.0576
0.70895
1.0893
0.72079
1.0387
0.83277
0.89692
0.91538
0.89978
1.0455
1.1052
0.73441
1.0187
0.80461
0.91304
0.61604
0.97251
0.85316
0.92618
0.79551
0.86921
0.69839
0.83797
0.94445
0.88758
0.77384
0.9862
0.68349
0.89171
0.862
0.68547
0.9651
0.97014
0.76224
1.0234
0.81803
0.79782
0.95785
0.97783
0.84221
0.91375
0.96634
0.77435
0.55434
0.52033
1.0038
1.0106
0.97515
0.8224
0.77768
0.83976
0.73217
1.0412
0.79706
1.0285
0.97182
0.91865
0.55039
0.48642
1.1447
0.74522
0.5856
0.67375
0.93273
1.2113
1.1328
0.93669
1.1447
0.65898
0.57824
0.76878
0.98817
0.96359
0.66867
0.68157
0.81764
1.2492
0.84008
0.74808
1.2668
1.0274
0.9931
1.0145
0.78127
0.7425
1.0436
1.0006
0.56745
0.75956
0.7524
0.63467
0.94599
0.99756
0.85622
0.68518
1.0608
0.769
0.96951
1.0488
0.77609
0.51902
0.72979
0.23669
0.67641
0.83709
0.67381
1.0802
0.74328
0.98489
1.1395
0.89942
0.97995
0.86394
1.216
1.1537
0.66647
0.92292
0.79673
0.88461
0.73416
0.59093
0.71964
1.0754
1.0687
0.96528
0.82415
1.069
1.1164
0.98579
0.94329
0.86792
0.90879
0.94015
0.63404
0.94193
0.83425
0.77733
1.0961
0.82482
0.9139
0.77695
0.64658
0.9636
0.70915
0.7792
0.8085
0.82502
1.0263
0.92778
0.91674
0.79823
0.8086
0.56327
1.002
1.0796
0.71108
0.68563
1.0136
1.07
0.78903
1.0865
0.83885
1.1235
0.52325
0.90309
0.46692
0.74979
0.78357
0.81887
0.54583
1.0598
0.91116
0.96069
0.95642
0.75936
0.89337
0.92005
0.94149
0.74055
0.84091
1.0908
0.92822
1.1775
0.88369
0.94883
0.9873
1.1302
0.83065
0.90179
0.89292
1.0253
0.91238
0.41246
0.8019
0.73606
0.94932
1.0138
1.0288
0.77396
0.85083
0.80208
0.85468
0.8136
0.83957
0.90335
0.79914
0.80641
0.81277
0.63082
0.79592
1.0666
0.89523
0.92235
0.83919
0.88872
0.62071
1.0278
0.84055
0.82655
0.71518
0.77142
0.86077
1.0621
0.97716
0.71749
0.83072
0.46917
0.79223
0.81493
0.88832
0.86314
1.1092
0.97211
0.75796
0.96581
0.91336
0.93546
0.71037
1.1195
0.78741
0.8807
1.0727
0.6741
1.0511
0.80978
0.89483
1.0288
1.0455
0.81711
0.66781
0.81627
0.70783
0.74757
1.056
0.63595
0.67004
0.92105
0.84395
1.1131
1.0028
0.83837
0.62796
0.70713
0.87134
1.0064
0.83585
0.91829
0.64333
0.98517
0.9524
0.8848
0.95162
0.8559
0.90448
0.94872
0.9305
0.96813
1.1056
1.0123
0.99073
0.65989
0.92512
0.66826
0.58005
0.85666
0.88968
1.0382
0.86127
1.1571
0.54237
0.85601
1.0328
0.71162
1.0418
0.73484
0.85715
0.62327
0.7071
0.78559
1.035
0.86651
0.93544
0.56642
0.84099
1.0458
0.93057
0.84471
1.2963
0.8324
0.75533
0.7877
0.70748
0.99494
1.0214
0.9575
0.98943
0.80803
0.58319
0.64054
1.0289
0.89944
0.75156
0.5558
0.42536
0.70417
0.83311
1.0548
0.60931
0.62348
0.65107
0.69298
0.97012
1.0699
0.73971
0.65767
0.50612
0.833
0.9845
0.70031
0.76054
1.129
0.88362
0.81517
0.75498
0.97897
1.0089
0.63708
0.54632
0.70647
0.69496
0.64138
0.8544
1.1667
0.56796
0.77049
0.84272
0.91704
0.78491
0.95032
0.83044
1.0764
0.93154
0.83196
1.079
1.0184
0.95224
0.88217
0.86426
0.91109
0.88051
0.81492
1.036
0.86996
0.94767
0.8815
1.0624
0.90062
0.87863
1.014
0.8597
0.8878
0.62775
0.79672
0.89999
0.7436
0.87785
0.73976
0.92785
0.70404
0.81359
0.84858
0.59506
0.73938
1.0487
0.73881
0.43182
0.57901
1.1436
0.8682
1.0512
0.96426
0.80603
0.76599
0.98958
0.90402
0.89493
0.64685
0.87077
0.93986
0.85738
0.87545
0.9084
1.1896
0.8777
0.91021
0.83101
0.96158
0.74511
1.0159
0.95468
1.142
1.0168
0.90932
1.0063
1.0827
0.89683
1.1838
0.92254
0.85043
0.75068
0.67965
0.91565
0.67524
0.96082
1.0059
0.63267
0.7711
0.90472
1.0187
0.97075
0.95873
0.96965
0.89064
0.96517
1.0465
0.89226
0.97095
1.062
0.9174
0.86288
1.1463
1.048
1.0803
1.0394
1.1176
0.74518
0.91299
1.0158
1.0051
0.69741
0.92889
0.79005
1.2401
0.8334
0.83672
0.91191
1.0289
0.78004
0.90103
0.98994
0.79184
0.72833
0.71942
0.94288
0.92803
0.70311
0.78127
1.0767
0.97976
0.5853
0.86678
0.74002
0.8425
0.51509
1.112
0.9868
0.80172
0.74103
0.91859
0.94694
0.67767
0.88517
0.69836
1.0246
0.84763
0.89087
0.63407
0.95731
0.81394
0.89915
0.94757
0.6171
1.0217
1.14
0.73315
0.41902
0.95961
0.92147
0.87477
0.79844
0.99883
1.0812
0.52329
0.8084
1.03
0.95313
0.91408
0.97579
0.69118
0.95292
0.84719
0.88575
0.79888
0.54479
1.0095
0.92855
0.82109
0.70307
0.86625
0.97107
0.85737
0.76745
0.58303
0.91434
1.2757
0.70638
0.91635
0.63329
0.82116
1.0248
0.84304
1.0247
0.90002
0.89443
0.84554
0.6526
0.77229
0.68976
1.0917
0.97067
1.0071
0.8409
0.93237
1.1403
0.90039
1.1103
0.82266
0.60073
0.86082
0.88656
0.85932
0.62304
0.91535
1.0193
0.85475
1.1744
0.91075
1.0809
0.9073
0.58587
0.52409
0.87891
0.82851
1.133
0.79932
1.0957
0.98662
0.76495
1.0113
0.61605
0.85257
0.92997
0.85004
0.85267
0.71327
0.89569
0.95623
0.89011
0.95002
1.0555
0.80639
1.0125
0.5957
0.95242
0.95193
1.1668
0.77336
0.79649
0.93208
0.96648
0.95809
1.0496
0.91247
0.8636
0.93097
0.95676
0.6884
0.87372
0.84515
1.1329
0.56768
1.047
0.8277
0.81171
1.0304
0.87146
1.0458
1.0709
0.85966
1.0871
0.31413
0.7825
0.84411
1.0527
0.96782
0.79143
1.0083
0.55004
0.75455
0.76655
0.69985
0.82832
0.83001
1.1565
0.89388
1.033
0.76653
0.53209
0.70182
0.86135
1.0474
0.85153
0.66804
0.81863
0.93645
0.61138
0.73016
0.88688
0.96261
0.66505
1.0558
0.66068
1.0198
0.98977
1.0385
1.011
1.0178
1.0733
0.8524
1.0863
0.95168
0.87699
1.0553
1.0187
1.0313
1.028
0.80929
0.79808
0.59884
0.68196
1.0142
1.0949
0.89777
0.82668
0.94412
0.70766
0.94019
0.9211
0.96921
0.92468
0.65528
1.1171
0.80832
0.89866
0.79628
1.153
0.87219
0.79437
1.0177
0.64113
0.78811
0.77106
0.95843
0.84691
0.79787
1.0776
0.83433
0.65588
0.65362
0.96254
0.70562
0.82176
0.86871
1.0023
0.89813
1.0321
0.90726
0.95592
0.56667
0.6319
1.0859
0.50559
1.0465
0.63925
1.0562
0.81617
1.0106
0.84984
0.89526
0.93939
0.90245
0.82944
0.89273
0.9057
0.82534
1.1924
0.99243
1.0085
0.75046
0.83861
0.94623
0.86496
0.66712
0.86514
0.78298
0.62445
0.64967
1.0545
1.0956
1.0752
1.0037
0.70802
0.60749
0.88711
0.80135
1.0957
1.0022
0.76302
0.55559
0.92059
0.92613
0.89129
0.50336
1.0731
0.82694
1.0652
0.99265
0.8789
0.9132
0.82294
0.85343
0.79116
0.86507
1.0128
1.0184
0.57883
0.71513
0.79915
0.94236
0.59483
0.8719
0.94431
1.0297
0.81305
1.0804
0.65725
0.8441
0.96645
1.0522
0.77856
0.76424
1.12
0.93704
0.59394
1.0265
0.89253
0.39748
0.7914
0.835
0.90467
1.1094
0.56484
0.69929
1.0169
1.1604
1.0132
0.90533
0.91723
0.35499
0.86669
0.9223
0.67565
0.95322
0.70452
0.85873
1.172
0.80012
0.88917
0.6474
0.82731
0.91524
0.76502
0.86838
1.056
0.95884
0.58897
0.75768
1.1892
0.84441
0.76747
0.93611
0.94581
0.94127
0.58671
0.56347
0.86252
0.90519
0.53602
0.72584
0.68876
0.96244
0.97428
0.84493
1.1395
0.78663
0.89622
1.0268
0.63874
0.73942
1.0359
0.82751
0.89448
0.73474
0.55897
1.0054
0.64339
0.89909
0.68336
0.81798
0.60843
0.62202
0.87358
0.92052
0.78774
0.85053
1.1289
0.7398
1.0127
0.96068
0.87867
1.0013
0.75335
0.85713
1.0905
0.95032
0.78594
0.74579
0.81693
1.1398
0.68058
0.83364
1.1164
0.86747
0.74772
0.87659
0.6238
0.99544
0.89257
1.1451
0.79455
0.84584
0.64715
1.1634
0.72243
1.0982
0.92362
0.90034
0.96725
0.82572
1.0768
0.62842
0.9285
1.0243
1.0089
0.93357
0.93505
0.99357
0.64665
0.90874
0.7559
0.82029
0.85385
0.92907
1.0868
0.95183
1.0542
0.55972
0.97647
1.0368
0.61189
1.0009
1.061
0.75671
0.87051
0.61134
0.84133
1.0148
0.85002
0.72354
1.0121
0.94975
0.8191
0.94694
0.91784
0.73954
0.68118
0.91392
0.75559
0.65364
0.99482
1.0094
0.87692
0.92028
1.2523
1.1118
0.66649
0.8586
1.0216
0.79207
0.59149
0.61309
0.93582
0.67416
0.82108
0.63653
0.4043
1.0888
0.76856
0.58602
1.0622
0.89416
0.56256
0.87661
0.7631
0.8141
1.0144
0.92745
1.104
1.0286
0.9786
0.77983
1.1835
1.0926
0.69863
0.90615
0.76706
0.61251
1.1497
1.0414
0.89045
0.8778
0.95627
0.86393
0.84209
1.0558
0.96585
0.42191
1.034
0.91865
0.77901
0.52418
0.67335
0.93234
0.76919
0.92395
1.0592
0.83168
0.85018
0.94987
0.71213
0.71772
0.97449
0.89127
0.90718
0.76785
0.63414
0.99875
0.73866
0.86446
1.0291
0.96231
1.0741
1.0502
0.70963
0.67142
0.81761
1.0318
0.99796
0.92112
0.99461
0.78899
0.92015
0.91473
0.90672
0.82398
0.94067
0.7744
0.98082
0.63212
0.91598
0.67879
0.96359
0.91885
0.77187
0.99466
0.61191
0.46142
1.116
0.90424
0.82508
1.1274
0.98559
0.63928
0.67863
0.90207
1.0636
0.60723
1.1267
0.6882
0.45853
0.9776
0.89917
0.72919
1.0571
0.82501
0.97588
0.97768
0.83485
0.93656
0.84624
0.61256
0.87479
0.85681
1.1374
0.63113
1.0257
1.0154
0.74413
0.97382
0.7396
0.99256
1.0735
1.1338
1.0902
0.84354
0.7507
0.63212
0.91434
0.83065
0.98677
0.76229
1.1281
0.70077
0.88545
0.66806
1.0852
1.0682
0.8768
0.63153
0.85376
0.88714
1.0052
0.69856
0.76577
0.8576
1.1152
