0.52551
0.84303
0.84571
0.54055
0.54003
0.61573
0.8102
0.86535
0.40669
0.6425
0.87738
0.68704
0.59606
0.50519
0.55843
0.74075
0.84691
0.91018
0.69641
0.54581
0.69534
0.74245
0.85048
0.74136
0.87712
0.76435
0.75048
0.51923
0.83301
0.74999
0.55004
0.98366
0.72919
0.80097
1.0249
0.47602
0.48759
0.73072
0.67707
0.46534
0.90279
0.76395
0.53681
0.82735
0.58645
0.73841
0.40905
0.64923
0.67319
0.8404
0.78096
0.86845
0.72654
0.76478
0.78512
0.66713
0.6159
0.43754
0.62599
0.83777
0.88083
0.82429
0.7187
0.82622
0.58128
0.72446
0.72284
0.7832
0.91811
0.79492
0.5505
0.71396
0.99803
0.63795
0.75018
0.62018
0.89354
0.64056
0.73497
0.76745
0.71044
0.77597
0.99401
0.70327
0.53543
0.67102
0.66975
0.7401
0.85887
0.85222
0.6897
0.81113
0.67062
0.86501
0.7049
0.6651
0.59421
0.63432
0.71908
0.65972
0.51665
0.76027
0.50008
0.87361
0.65954
0.54782
0.60984
1.016
0.7288
0.90165
0.7508
0.72929
0.6246
0.78188
0.67428
0.79796
0.62907
0.5589
0.57716
0.75924
0.709
0.72988
0.62217
0.78337
0.94672
0.62026
0.53252
0.87614
0.73971
0.76718
0.92903
0.8564
0.6932
0.91681
0.89846
0.72617
0.58857
0.41129
0.69748
0.60746
0.6407
0.69918
0.89802
0.53374
0.53256
0.38899
0.5974
0.7952
0.78813
0.62839
0.83033
0.43141
0.52205
0.79417
0.75649
0.78622
0.85829
0.60086
0.62547
0.76303
0.56157
0.72026
0.64925
0.65737
0.9091
0.35166
0.799
0.6345
0.86048
0.76005
0.42371
0.51894
0.50083
0.61579
0.35659
0.80521
0.80765
0.61554
0.75363
0.90988
0.74037
0.44039
0.71293
0.5031
0.62046
0.78031
0.30958
0.8153
0.58982
0.61561
0.65833
0.70351
0.7439
0.69231
0.87982
0.70998
0.47035
0.70113
0.6889
0.39313
0.62674
0.54136
0.47665
0.35658
0.67558
0.90344
0.58595
0.71966
0.67244
0.71087
0.67386
0.90793
0.68487
0.69714
0.76385
0.57623
0.68324
0.718
0.91572
0.81327
0.62014
0.69397
0.66342
0.75098
0.78125
0.75073
0.6942
0.60171
0.63709
0.69497
0.73978
0.84402
0.75939
0.66122
0.77356
0.7395
0.84293
0.53565
0.81908
0.68036
0.2568
1.0804
0.68715
0.85416
0.76773
0.82972
0.57466
0.31219
0.79477
0.5931
0.91405
0.72736
0.54256
0.8881
0.77428
0.72819
0.6206
0.59538
0.48009
0.71143
0.24342
0.75565
0.76979
0.79568
0.64316
0.38104
0.44446
0.58234
0.6824
0.63761
0.65093
0.91939
0.76186
0.51967
0.7649
0.81914
0.53669
0.7246
0.74089
0.64826
0.91493
0.65585
0.40365
0.67176
0.42115
0.77274
0.67857
0.35295
0.76196
0.53718
0.97776
0.55175
0.76301
0.62705
0.73767
0.77441
0.75823
0.41148
0.55455
0.5628
0.59544
0.93705
0.57918
0.71061
0.6481
0.85312
0.41683
0.5187
0.65236
0.58038
0.55929
0.97377
0.65179
0.67417
0.81262
0.80662
0.88449
0.61145
0.7027
0.67006
0.81371
0.55056
0.59853
0.83565
0.74016
0.83071
0.78907
0.56944
0.77833
0.57544
0.67963
0.64328
0.75214
0.80185
0.82691
0.57077
0.85101
0.78203
0.69658
0.88192
0.83798
0.57853
0.65005
0.68723
0.47578
0.77402
0.71176
0.31085
0.84915
0.80602
0.82792
0.72174
0.74573
0.8134
0.9
0.65046
0.79663
0.6903
0.86439
0.80839
0.39757
0.73056
0.80579
0.44594
0.95369
0.51757
0.76114
0.62062
0.8244
0.63696
0.78115
0.56512
0.4468
0.46949
0.54404
0.47381
0.56975
0.65866
0.81763
0.77849
0.78185
0.77471
0.61298
0.72003
0.65262
0.70981
0.69339
0.71503
0.68489
0.74953
0.80867
0.66165
0.71667
0.56332
0.79522
0.7238
0.84701
0.66016
0.80652
0.64876
0.59065
0.52337
0.97412
0.86166
0.42137
0.65572
0.47208
0.60983
0.73512
0.86328
0.67084
0.79902
0.76176
0.81925
0.72107
0.5694
0.77691
0.65125
0.79557
0.90467
0.78905
0.91611
0.54471
0.74575
0.76746
0.60651
0.73581
0.66938
0.71526
0.7597
0.50228
0.76636
0.69251
0.97995
0.4671
0.76143
0.77801
0.79242
0.6577
0.85703
0.74874
0.73613
0.54026
0.71401
0.60138
0.57008
0.74844
0.70438
0.5719
0.80329
0.74869
0.61923
0.54929
0.75261
0.79471
0.58063
0.44695
0.66359
0.95308
0.84469
0.64126
0.53425
0.64643
0.56479
0.45608
0.68722
0.67721
0.63138
0.53705
0.72456
0.78067
0.65272
0.85666
0.82996
0.74309
0.68997
0.88095
0.74406
0.73738
0.74857
0.67391
0.91575
0.61419
0.60371
0.77897
0.65415
0.38149
0.75901
0.70353
0.73863
0.48118
0.86721
0.83168
0.61082
0.81605
0.58419
0.68923
0.63762
0.6918
0.70477
0.70131
0.63644
0.47438
0.90625
0.68792
0.66807
0.54402
0.75618
1.0068
0.47443
0.8328
0.776
0.43528
0.78472
0.81697
0.70944
0.73866
0.59219
0.51919
0.72259
0.52743
0.40457
0.25707
0.68548
0.72326
0.76848
0.62807
0.78309
0.68307
0.82456
0.8684
0.65004
0.60255
0.57322
0.76548
0.57364
0.91135
0.83224
0.72461
0.60198
0.84393
0.58746
0.57876
0.87992
0.79685
0.93457
0.86959
0.67538
0.90353
0.74684
0.74063
0.79693
0.70701
0.73564
0.58245
0.63688
0.41475
0.70127
0.78861
0.75963
0.83928
0.83612
0.6247
0.57944
0.7625
0.81028
0.73235
0.76495
0.6593
0.61758
0.39121
0.71203
0.95032
0.7966
0.74438
0.5151
0.79895
0.71136
0.437
0.64239
0.76746
0.85277
0.68736
0.48205
0.75383
0.78029
0.67896
0.86871
0.71616
0.52795
0.47011
0.82631
0.58565
0.51802
0.95206
0.59453
0.68563
0.48294
0.52529
0.77746
0.72102
0.67688
0.64094
0.90009
0.75609
0.85425
0.80671
0.87351
0.69265
0.74227
0.56566
0.71954
0.88308
0.58109
0.84668
0.80455
0.72885
0.61401
0.66574
0.83491
0.79497
0.67784
0.84605
0.89806
0.73854
0.65747
0.51149
0.85816
0.88002
0.69534
0.64685
0.62873
0.66949
0.79245
0.64195
0.45358
0.61544
0.78996
0.78841
0.86751
0.81498
0.78011
0.79233
0.8446
0.57866
0.61749
0.51782
0.76059
0.785
0.81754
0.60331
0.68791
0.67263
0.58396
0.77294
0.76294
0.46434
0.84418
0.65646
0.73385
0.74757
0.63432
0.70663
0.66328
0.72983
0.63779
0.46228
0.61984
0.62482
0.71327
0.59887
0.78476
0.79616
0.59574
0.73341
0.78511
0.59873
0.52533
0.76151
0.67119
0.75703
0.53552
0.48246
0.56691
0.55939
0.55895
0.65436
0.84967
0.46368
0.82058
0.75427
0.8053
0.87943
0.49711
0.81089
0.77155
0.77011
0.7111
0.66009
0.72601
0.70753
0.75776
0.6648
0.72615
0.44139
0.9841
0.88161
0.72961
0.85115
0.56352
0.54436
0.54353
0.83647
0.51482
0.83544
0.71223
0.59439
0.75583
0.89738
0.46353
0.52395
0.42885
0.77332
0.6854
0.38943
0.60444
0.83512
0.68246
0.36395
0.60536
0.50915
0.35724
0.66546
0.56143
0.45663
0.70777
0.62405
0.75319
0.4356
0.58706
0.77575
0.78376
0.72431
0.639
0.44108
0.47611
0.48317
0.40439
0.77493
0.8331
0.88865
0.76083
0.99216
0.5996
0.618
0.55194
0.66406
0.81436
0.69683
0.78047
0.80873
0.69196
0.52776
0.85178
0.83342
0.78842
0.75117
0.69005
0.61847
0.7835
0.75202
0.4487
0.86215
0.4599
0.75936
0.86615
1.0157
0.78473
0.91621
0.87036
0.71294
0.77236
0.84963
0.65994
0.70071
0.64484
0.61278
0.56793
0.86101
0.85404
0.42242
0.73986
0.50705
0.74196
0.64473
0.89717
0.61642
0.76228
0.56353
0.75362
0.37311
0.37152
0.84086
0.63317
0.41043
0.43087
0.87162
0.7533
0.5324
0.61031
0.6401
0.49711
0.57821
0.62536
0.82654
0.67868
0.71255
0.85719
0.88103
0.87821
0.93155
0.57181
0.68825
0.55227
0.4843
0.70844
0.51221
0.78834
0.51146
0.90252
0.78501
0.72332
0.73713
0.81401
0.51176
0.65286
0.64747
0.85825
0.87031
0.65303
0.4344
0.71301
0.74658
0.40219
0.63156
0.57703
0.5
0.33049
0.57373
0.5268
0.67119
0.47876
0.74424
0.49906
0.70612
0.32851
0.62579
0.47073
0.62136
0.77647
0.90197
0.89538
0.65556
0.8163
0.87509
0.70006
0.93233
0.6529
0.75438
0.64448
0.69278
0.93506
0.71524
0.72244
0.55628
0.64584
0.7545
0.85977
0.74894
0.55251
0.56512
0.85489
0.68591
0.70961
0.59154
0.84342
0.69179
0.78613
0.73063
0.46671
0.74495
0.50011
0.61165
0.65444
0.60327
0.50109
0.5874
0.68513
0.69686
0.93706
0.38936
0.79164
0.65078
0.71171
0.90074
0.81353
0.76154
0.80418
0.74443
0.68348
0.55328
0.75299
0.7474
0.64753
0.79586
0.74492
0.87416
0.23857
0.91728
0.60961
0.6585
0.6658
0.83735
0.52075
0.71858
0.31816
0.65481
0.60638
0.68178
0.71874
0.8232
0.47009
0.59264
0.56915
0.49272
0.67833
0.92628
0.80694
0.45413
0.73236
0.7793
0.69579
0.4734
0.29463
0.56296
0.67083
0.40678
0.8599
0.49945
0.76526
0.84558
0.62836
0.85014
0.20568
0.6446
0.55047
0.84693
0.61939
0.48854
0.6588
0.62606
0.60517
0.65305
0.64488
0.98591
0.72527
0.60133
0.51215
0.63885
0.62047
0.51329
0.88212
0.74455
0.73966
0.75678
0.45573
0.66119
0.70471
0.83276
0.72245
0.89029
0.73272
0.69232
0.70437
0.97685
0.77311
0.37798
0.84424
0.81493
0.8003
0.55004
0.55369
0.67719
0.79631
0.78786
0.7934
0.54572
0.87778
0.6962
0.90807
0.74565
0.89558
0.68344
0.55878
0.54883
0.85075
0.74473
0.59147
0.35612
0.80448
0.81561
0.47534
0.74774
0.80383
0.77601
0.65224
0.63372
0.63784
0.44384
0.75779
0.79183
0.82612
0.98284
0.7939
0.6012
0.57954
0.69259
0.63752
0.52368
0.80752
0.8274
0.7926
0.56207
0.79922
0.76022
0.80123
0.74594
0.70349
0.28089
0.74834
0.62198
0.77319
0.86675
0.99575
0.7363
0.72029
0.88128
0.24797
0.55603
0.46495
0.84732
0.74622
0.50257
0.82064
0.57912
0.50799
0.81574
0.53006
0.50706
0.64025
0.67025
0.6447
0.35545
0.79216
0.56123
0.71469
0.458
0.4351
0.83997
0.59795
0.5081
0.56504
0.72177
0.7827
0.43582
0.66787
0.83236
0.58648
0.86316
0.92176
0.52187
0.90312
0.44452
0.71201
0.85908
0.88183
0.61128
0.76335
0.79665
0.91438
0.55911
0.83813
0.69916
0.71746
0.62063
0.60713
0.48904
0.7851
0.48289
0.79512
0.65594
0.66179
0.8829
0.30615
0.76764
0.72311
0.6085
0.45996
0.70378
0.84547
0.6205
0.8653
0.79629
0.6067
0.43444
0.60381
0.63851
0.57086
0.4364
0.73444
0.57532
0.75292
0.72698
0.66301
0.6733
0.52121
0.70204
0.75501
0.67629
0.75963
0.84415
0.70878
0.79051
0.45017
0.91093
0.82997
0.71386
0.58565
0.69781
0.68931
0.46428
0.77533
0.7307
0.74309
0.74337
1.0211
0.5285
0.84941
0.53946
0.81527
0.73779
0.72705
0.65322
0.79683
0.64862
0.46875
0.91369
0.78802
0.78916
0.58514
0.7043
0.36766
0.86064
0.58651
0.55346
0.7337
0.67323
0.79387
0.81089
0.73154
0.84677
0.59801
0.43705
0.64934
0.58993
0.45391
0.67818
0.75479
0.6062
0.86891
0.81291
0.77294
0.69243
0.74599
0.67049
0.46051
0.70942
0.73989
0.71563
0.51982
0.78234
0.46623
0.72895
0.80388
0.79491
0.68684
0.4358
0.73381
0.67121
0.67586
0.43399
0.99364
0.72984
0.30457
0.81436
0.83523
0.75161
0.43313
0.77216
0.41165
0.50652
0.4762
0.70691
0.28243
0.81148
0.72028
0.51123
0.62606
0.56786
0.69745
0.81848
0.67004
0.45438
0.76104
0.71498
0.88024
0.943
0.64979
0.51549
0.62276
0.6768
0.60544
0.86218
0.76922
0.9119
0.60782
0.86922
0.86802
0.70886
0.80779
0.7027
0.7459
0.53795
0.50751
0.68845
0.59599
0.64723
0.5305
0.53113
0.66516
0.88538
0.81608
0.60015
0.93865
0.82925
0.65611
0.54487
0.7513
0.43764
0.61942
0.9748
0.69776
0.58627
0.72136
0.69662
0.42745
0.61655
0.464
0.80828
0.57232
0.85295
0.68612
0.68053
0.63024
0.74534
0.79011
0.58157
0.6658
0.65968
0.50158
0.95142
0.76165
0.41956
0.77206
0.69599
0.80615
0.6187
0.58807
0.74177
0.42974
0.57674
0.44525
0.68241
0.6868
0.84234
0.77564
0.44732
0.71609
0.70824
0.60354
0.68973
0.94281
0.52111
0.53927
0.54246
0.6734
0.28365
0.51193
0.74538
0.73783
0.21893
0.61935
0.65847
0.94312
0.71169
0.59267
0.74896
0.26452
0.77245
0.54965
0.82726
0.70575
0.65008
0.85375
0.66733
0.61653
0.72718
0.71727
0.90412
0.67225
0.6873
0.45579
0.67015
0.49337
0.67566
0.80527
0.67118
0.84483
0.80665
0.716
0.91445
0.72948
0.96109
0.62752
0.60763
0.83889
0.50361
0.59666
0.70941
0.76307
0.8937
0.64951
0.64872
0.52321
0.69211
0.752
0.84169
0.76436
0.40336
0.43531
0.79286
0.95038
0.42679
0.7511
0.72656
0.50042
0.6507
0.83573
0.87388
0.59966
0.86916
0.88692
0.95644
0.58774
0.82035
0.56637
0.78376
0.56992
0.39953
0.7408
0.63734
0.71636
0.49664
0.45173
0.32207
0.64263
0.63622
0.80737
0.85949
0.51004
0.69708
0.3934
0.56103
0.72501
0.82657
0.77636
0.63786
0.59994
0.83669
0.38523
0.78418
0.38412
0.84068
0.59201
0.68907
0.78518
0.52815
0.63453
0.71981
0.36933
0.71247
0.68342
0.7794
0.66952
0.8627
0.53276
0.69028
0.72982
0.85325
0.45177
0.85758
0.80599
0.63746
0.85246
0.63057
0.46287
0.69334
0.69464
0.66787
0.7477
0.84177
0.4565
0.61708
0.68279
0.42154
0.83353
0.84763
0.73632
0.69653
0.50925
0.73963
0.71104
0.84421
0.86141
0.59341
0.81923
0.66497
0.88638
0.47293
0.6434
0.77852
0.61352
0.8268
0.83157
0.5182
0.44285
0.51354
0.70863
0.44392
0.75047
0.9056
0.57683
0.77865
0.68146
0.7754
0.54349
0.89776
0.71613
0.76245
0.51089
0.80015
0.67714
0.34407
0.91486
0.70115
0.61959
0.68878
0.54391
0.62313
0.78808
0.7466
0.41385
0.57502
0.50613
0.57079
0.44435
0.68669
0.85164
0.70636
0.62874
0.885
0.51041
0.7692
0.82595
0.70265
0.95576
0.82692
0.63588
0.7095
0.66092
0.92513
0.76002
0.74066
0.85515
0.72641
0.63251
0.407
0.7505
0.83838
0.71941
0.42848
0.72177
0.85978
0.92269
0.50644
0.7978
0.77924
0.4975
0.74703
0.52756
0.427
0.71235
0.66983
0.32785
0.65315
0.6545
0.78777
0.91897
0.62503
0.42373
0.36304
0.73907
0.89277
0.70053
0.91833
0.80672
0.50178
0.55771
0.76339
0.9517
0.77383
0.57332
0.64556
0.8639
0.79882
0.65167
0.77422
0.81319
0.7829
0.5803
0.78339
0.64544
0.65768
0.5533
0.57719
0.70787
0.5932
0.69806
0.67115
0.46429
0.57857
0.71144
0.93593
0.57584
0.49076
0.66473
0.34767
0.63538
0.78842
0.66554
0.70744
0.97458
0.44736
0.4126
0.58635
0.82576
0.82739
0.71195
0.44099
0.8898
0.54303
0.7169
0.661
0.803
0.69699
0.50542
0.36215
0.56416
0.73789
0.86143
0.5498
0.80108
0.69488
0.77934
0.60443
0.53027
0.65925
0.59034
0.57935
0.45591
0.79685
0.86464
0.66055
0.6035
0.72974
0.78515
0.60612
0.84263
0.74609
0.85388
0.82654
0.4397
0.57454
0.4802
0.69939
0.61624
0.82773
0.81091
0.53173
0.87267
0.76662
0.49348
0.59112
0.75753
0.70371
0.73109
0.91652
0.74326
0.58108
0.61714
0.79474
0.59321
0.55675
0.5859
0.94136
0.51865
0.52341
0.98175
0.69473
0.76648
0.83265
0.60091
0.69199
0.57085
0.60129
0.52311
0.90304
0.65719
0.71727
0.65438
0.64495
0.84802
0.92965
0.80956
0.73083
0.51213
0.83555
0.56858
0.69316
0.67581
0.45318
0.76628
0.6527
0.58055
0.75931
0.60661
0.36218
0.4883
0.81939
0.69696
0.7812
0.77027
0.59841
0.61372
0.80987
0.59645
0.73705
0.94529
0.89635
0.61009
0.81349
0.8528
0.63297
0.76738
0.85631
0.51406
0.61929
0.80483
0.38505
0.68618
0.88536
0.58814
0.46152
0.59885
0.74492
0.78037
0.75899
0.6607
0.74115
0.73614
0.81029
0.56939
0.8259
0.72645
0.89973
0.58237
0.672
0.94375
0.58844
0.82294
0.32685
0.69536
0.78316
0.65838
0.66854
0.71949
0.45226
0.54491
0.80247
0.68894
0.68281
0.59919
0.67087
0.54214
0.72054
0.56752
0.63886
0.681
0.876
0.89057
0.72469
0.55587
0.49557
0.93208
0.76174
0.49318
0.79865
0.49515
0.59417
0.67599
0.52655
0.84329
0.90623
0.79778
0.70038
0.41004
0.4715
0.64684
0.8554
0.50945
0.67262
0.64145
0.75868
0.66969
0.72773
0.52794
0.80685
0.77331
0.89609
0.5336
0.75401
0.6818
0.84382
0.74149
0.76897
0.83851
0.49109
0.69835
0.54979
0.70915
0.77729
0.45091
0.77147
0.66917
0.82322
0.60554
0.66305
0.85012
0.73481
0.75686
0.74805
0.68595
0.88291
0.90706
0.58243
0.77936
0.79295
0.86096
0.83536
0.69137
0.85246
0.47217
0.37339
0.6413
0.8213
0.94049
0.55709
0.69834
0.68932
0.67483
0.74761
0.65146
0.806
0.74112
0.52317
0.59146
0.60794
0.89906
0.65633
0.72314
0.77017
0.78179
0.73263
0.67915
0.71486
0.67439
0.58287
0.71676
0.51746
0.54083
0.77877
0.61602
0.83181
0.68244
0.69248
0.62025
0.53259
0.98417
0.56872
0.71048
0.82794
0.56945
0.76283
0.84165
0.52638
0.54016
0.6454
0.84314
0.72053
0.60874
0.50503
0.92478
0.75763
0.40652
0.65445
0.8999
0.70892
0.42955
0.65367
0.48047
0.58361
0.67764
0.5725
0.64426
0.70365
0.89865
0.78499
0.87861
0.48734
0.39617
0.79399
0.77792
0.83186
0.71115
0.82662
0.78537
0.68292
0.65262
0.71776
0.62901
0.19916
0.70931
0.7955
0.70823
0.55903
0.49558
0.6524
0.69252
0.7437
0.49862
0.56561
0.71379
0.86913
0.40911
0.44986
0.76693
0.85443
0.90579
0.66001
0.73125
0.87928
0.68576
0.73367
0.59988
0.58111
0.77133
0.80054
0.54383
0.64555
0.84994
0.66584
0.71814
0.84961
0.71799
0.71719
0.29552
0.76593
0.99182
0.60776
0.5337
0.72716
0.41696
0.68606
1.0064
0.43367
0.71896
0.72674
0.76044
0.61517
0.87333
0.78872
0.61524
0.77466
0.91236
0.50329
0.61562
0.84657
0.54032
0.58071
0.59256
0.86654
0.39605
0.41012
0.6111
0.68849
0.70861
0.69415
0.90033
0.69144
0.75322
0.76455
0.65482
0.91608
0.39925
0.77739
0.77396
0.58921
0.60979
0.47054
0.71638
0.81049
0.54392
0.67685
0.80899
0.58159
0.77918
0.73048
0.64561
0.88861
0.77201
0.83826
0.72249
0.98233
0.74969
0.79544
0.78548
0.64971
0.71685
0.73465
0.84466
0.52099
0.75497
0.7503
0.49828
0.75088
0.7009
0.81715
0.68331
0.60604
0.6311
0.61127
0.65103
0.70028
0.97495
0.37836
0.77097
0.51071
0.77616
0.45197
0.55429
0.79151
0.70198
0.42024
0.76395
0.75993
0.64164
0.53961
0.93912
0.68554
0.51927
0.60925
0.41635
0.81517
0.69805
0.61751
0.64131
0.85096
0.50317
0.52874
0.35151
0.62314
0.69287
0.76686
0.59106
0.71085
0.47913
0.62127
0.67396
0.6573
0.93894
0.75587
0.52942
0.81897
0.87476
0.54547
0.64303
0.57205
0.52205
0.80744
0.54581
0.80604
0.62852
0.62396
0.76992
0.7741
0.83862
0.79142
0.7315
0.97445
0.86684
0.72909
0.58474
0.5536
0.36818
0.4504
0.76819
0.82577
0.70192
0.84442
0.71136
0.343
0.86462
0.58009
0.87168
0.68362
0.40453
0.54003
0.75271
0.76894
0.74346
0.76852
0.73811
0.59459
0.73315
0.39814
0.8074
0.78302
0.58938
0.65086
0.82978
0.57659
0.60342
0.63875
0.90107
0.85614
0.76694
0.74757
0.82548
0.66529
0.77976
0.7581
0.62739
0.74891
0.79304
0.78556
0.82037
0.58043
0.69298
0.74705
0.81664
0.79842
0.61904
0.67323
0.75449
0.61804
0.73115
0.70234
0.59863
0.68755
0.60679
0.79672
0.68606
0.64366
0.84195
0.74331
0.82091
0.90041
0.54069
0.84911
0.90478
0.73164
0.71029
0.76421
0.98032
0.54931
0.44837
0.84463
0.99114
0.57698
0.72371
0.72154
0.79441
0.88341
0.89134
0.47253
0.75325
0.94303
0.88935
0.61224
0.77835
0.81341
0.49075
0.75489
0.45934
0.45593
0.84426
0.75603
0.67682
0.8886
0.82646
0.65828
0.4099
0.75569
0.774
0.58932
0.56536
0.78401
0.64197
0.82378
0.89804
0.66896
0.65077
0.62275
0.40117
0.40163
0.70942
0.83955
0.58426
0.7642
0.64358
0.43696
0.86524
0.75197
0.54339
0.61904
0.75623
0.61685
0.76709
0.76086
0.28276
0.69567
0.76283
0.80554
0.73915
0.96931
0.81058
0.35698
0.69407
0.71907
0.6201
0.55485
0.77753
0.62829
0.6963
0.73474
0.71833
0.45913
0.68967
0.78952
0.67023
0.43556
0.59314
0.80929
0.86227
0.58127
0.45058
0.44077
0.52594
0.65589
0.54807
0.66274
0.73607
0.74258
0.84675
0.85736
0.88668
0.82409
0.86799
0.71262
0.88577
0.8025
0.69617
0.65889
0.82091
0.64048
0.7467
0.76735
0.52619
0.51431
0.52422
0.88584
0.45064
0.74754
0.59593
0.63328
0.8061
0.70236
0.59023
0.70561
0.69126
0.75508
0.65884
0.73631
0.71368
0.75013
0.64383
0.96301
0.59648
0.70343
0.87076
0.74095
0.79714
0.83568
0.924
0.91354
0.67101
0.81272
0.52128
0.79477
0.81363
0.68076
0.76046
0.77487
0.5347
0.52236
0.73137
0.65607
0.59267
0.73941
0.72766
0.73615
0.60141
0.84997
0.85391
0.80609
0.81372
0.56224
0.72195
0.81582
0.70494
0.9345
0.70454
0.65413
0.55601
0.70796
0.70534
0.48915
0.46641
0.73483
0.55054
0.84118
0.59195
0.76322
0.90556
0.63218
0.70429
0.64014
0.60995
0.6559
0.38229
0.77635
0.72666
0.64587
0.40164
0.47911
0.80917
0.83554
0.6213
1.0485
0.78375
0.41597
0.78067
0.75829
0.88976
0.50442
0.45984
0.89234
0.65811
0.79978
0.75297
0.64002
0.68333
0.73242
0.78545
0.38382
0.65445
0.659
0.87875
0.94137
0.70298
0.7004
0.77068
0.84615
0.81355
0.64473
0.66612
0.73657
0.73794
0.58319
0.74473
0.81745
0.9106
0.77057
0.87028
0.59075
0.65
0.68102
0.83822
0.7761
0.66807
0.72879
0.4104
0.39642
0.55177
0.58375
0.64284
0.69837
0.7012
0.87611
0.78823
0.76657
0.60688
0.73484
0.91108
0.6834
0.49031
0.88143
0.66213
0.66123
0.79043
0.92211
0.9423
0.77369
0.69458
0.7729
0.64776
0.68347
0.64812
0.56206
0.71617
0.63267
0.87907
0.78576
0.77924
0.78399
0.7069
0.64321
0.6665
0.67829
0.66005
0.5624
0.7118
0.74474
0.6637
0.56074
0.84225
0.6362
0.83901
0.65477
0.91544
0.77141
0.83099
0.78786
0.55422
0.67701
0.78512
0.75172
0.58229
0.68275
0.77744
0.78009
0.305
0.86899
0.84779
0.78897
0.74548
0.61394
0.61101
0.68532
0.75535
0.76266
0.7923
0.64964
0.70281
0.62116
0.95508
0.53698
0.7277
0.63155
0.48926
0.67375
0.73833
0.80782
0.83954
0.66976
0.7861
0.69484
0.55796
0.47087
0.67384
0.68364
0.87824
0.52023
0.70962
1.0181
0.78883
0.56322
0.88326
0.71858
0.48948
0.66681
0.74885
0.32384
0.78105
0.55093
0.74915
0.48093
0.56501
0.49166
0.75236
0.82101
0.51992
0.79065
0.75772
0.76258
0.84564
0.61383
0.82187
0.75864
0.79796
0.76617
0.69645
0.55995
0.6285
0.70208
0.75984
0.75431
0.95557
0.70372
0.45455
0.58502
0.51749
0.61169
0.49818
0.54512
0.49384
0.83401
0.60927
0.67911
0.63368
0.68991
0.7115
0.56096
0.72622
0.49407
0.88244
0.63568
0.58562
0.9146
0.95729
0.6893
0.86232
0.80321
0.79682
1.0062
0.72845
0.78011
0.74372
0.53003
0.41065
0.8175
0.77805
0.79567
0.73477
0.59261
0.89444
0.70283
0.73445
0.78455
0.56252
0.76005
0.56394
0.66665
0.64755
0.7192
0.58119
0.851
0.49209
0.45823
0.75563
0.55498
0.80087
0.73971
0.86445
0.77625
0.75547
0.49016
0.34593
0.69185
0.77966
0.84497
0.54678
0.70936
0.48746
0.71636
0.60755
0.80141
0.75894
0.49388
0.64699
0.59511
0.57242
0.75224
0.46236
0.66927
0.6358
0.47008
0.56199
0.692
0.77544
0.83517
0.91231
0.6358
0.72226
0.6614
0.71758
0.79374
0.9331
0.79586
0.68165
0.79572
0.37227
0.7784
0.52422
0.49634
0.60972
0.75544
0.73165
0.52197
0.87388
0.77467
0.66464
0.6847
0.72082
0.66749
0.72813
0.68593
0.69703
0.59094
0.77624
0.37309
0.59343
0.80382
0.69759
0.76773
0.76986
0.67697
0.70313
0.61307
0.59577
0.52819
0.87316
0.57237
0.61616
0.46638
0.73654
0.7215
0.79611
0.43129
0.31623
0.60347
0.62629
0.86233
0.65771
0.78417
1.002
0.78369
0.6168
0.69674
0.8758
0.75601
0.68468
0.7017
0.9306
0.55418
0.68343
0.83533
0.58183
0.81571
0.65488
0.9624
0.77597
0.57463
0.60618
0.71881
0.71587
0.68427
0.61511
0.94893
0.67927
0.77602
0.37704
0.76443
0.78621
0.58481
0.82014
0.75662
0.51679
0.90703
0.67632
0.88139
0.71996
0.55995
0.81972
0.51526
0.32663
0.75575
0.68348
0.14669
0.45546
1.0457
0.73859
0.74133
0.47178
0.73295
0.60418
0.86595
0.6704
0.71733
0.51014
0.72489
0.57526
0.50192
0.61661
0.69555
0.75092
0.94277
0.72448
0.61098
0.90793
0.49361
0.5205
0.74637
0.51829
0.71388
0.7937
0.90134
0.64718
0.63988
0.74357
0.79122
0.86226
0.50532
0.77292
0.64737
0.78304
0.68759
0.65511
0.90573
0.72102
0.81291
0.67341
0.9263
0.67041
0.58919
0.71992
0.6545
0.84713
0.29278
0.45022
0.73288
0.80334
0.52685
0.67316
0.60038
0.78042
0.67997
0.49895
0.7148
0.63811
0.45526
0.77007
0.54661
0.69501
0.59968
0.94054
0.63192
0.73911
0.87979
0.70037
0.71072
0.67263
0.64107
0.67732
0.55857
0.59022
0.78241
0.88949
0.30415
0.51653
0.29618
0.59279
0.65349
0.6357
0.66893
0.66992
0.51626
0.84133
0.75553
0.44503
0.72046
0.84913
0.59228
0.79446
0.65247
0.80023
0.40012
0.73817
0.71831
0.50131
0.68157
0.88464
0.86298
0.74855
0.8007
0.68674
0.54533
0.70419
0.71934
0.86218
0.76364
0.6176
0.69361
0.80238
0.68342
0.62407
0.91852
0.66117
0.61355
0.68137
0.7845
0.71396
0.5896
0.78548
0.89153
0.79706
0.7374
0.49897
0.57296
0.5978
0.57957
0.84782
0.77023
0.81877
0.68884
0.5413
0.92196
0.68371
0.26638
0.59421
0.42338
0.74956
0.6037
0.70655
0.76336
0.98375
0.63052
0.54902
0.61872
0.6193
0.6205
0.95948
0.30695
0.4419
0.99631
0.68885
0.82323
0.84817
0.79696
0.58619
0.83169
0.78498
0.5314
0.65625
0.78509
0.4205
0.77859
0.85197
0.43158
0.52039
0.99333
0.83308
0.83697
0.73616
0.7607
0.84005
0.62509
0.61294
0.79706
0.88404
0.73235
0.73008
0.94274
0.57402
0.5363
0.82635
0.71901
0.77014
0.68029
0.39591
0.95539
0.81494
0.97147
0.74434
0.60012
0.68009
0.69672
0.61665
0.74103
0.59795
0.60174
0.95321
0.65515
0.60255
0.72967
0.78912
0.75547
0.77143
0.86013
0.69698
0.92792
0.66622
0.81105
0.69467
0.62608
0.55292
0.63165
0.88874
0.64579
0.92676
0.90346
0.45756
0.7196
0.87534
0.57546
0.63001
0.58889
0.85467
0.3307
0.72783
0.61832
0.97802
0.50873
0.77685
0.66347
0.71354
0.54964
0.46991
0.793
0.35579
0.47886
0.83311
0.72323
0.78013
0.75617
0.75609
0.76589
0.79701
0.61993
0.63601
0.45179
0.74627
0.63239
0.68214
0.61075
0.80087
0.8256
0.65849
0.75057
0.93515
0.42928
0.86801
0.76389
0.65514
0.83123
0.80751
0.56249
0.78452
0.80344
0.90831
0.47907
0.68018
0.93747
0.21998
0.62628
0.73406
0.75792
0.71083
0.87813
0.70219
0.83614
0.86552
0.59531
1.1226
0.70584
0.72426
0.24174
0.83186
0.60562
0.68802
0.68763
0.62577
0.58114
0.67528
0.83094
0.66507
0.52347
0.77482
0.71936
0.71129
0.72469
0.84736
0.66297
0.78418
0.82764
0.85906
0.71174
0.62287
0.87975
0.64892
0.88466
0.70312
0.70442
0.5326
0.84103
0.6298
0.82775
0.78932
0.69067
0.6546
0.4216
0.5743
0.86787
0.7226
0.67623
0.43809
0.37957
0.60054
0.65934
0.84327
0.64458
0.91429
0.45118
0.88859
0.81188
0.94769
0.86981
0.76342
0.80008
0.70922
0.73126
0.76669
0.64922
0.72595
0.86164
0.77082
0.55864
0.70574
0.58922
0.86895
0.73001
0.7143
0.64156
0.77454
0.67653
0.68126
0.62473
0.78418
0.71366
0.53154
0.53511
0.66329
0.69009
0.55556
0.72191
0.89141
0.78862
0.64098
0.91732
0.82386
0.69957
0.66288
0.8266
0.77729
0.51576
0.70755
0.70614
0.77379
0.73878
0.50466
0.6104
0.58023
0.80604
0.8427
0.67463
0.76029
0.8924
0.69525
0.99153
0.64299
0.84282
0.83123
0.82299
0.97516
0.68408
0.86407
0.70347
0.55394
0.87243
0.57048
0.61056
0.73877
0.87674
0.63893
0.72703
0.50052
0.95785
0.7616
0.77094
0.55304
0.39603
0.81174
0.85177
0.48118
0.77982
0.45863
0.77726
0.58677
0.69947
0.85383
0.72293
0.71055
0.85378
0.94013
0.63977
0.47969
0.82919
0.6913
0.78714
0.62065
0.65809
0.75373
0.79679
0.74706
0.99773
0.75331
0.9354
0.72706
0.53669
0.74197
0.6992
0.73649
0.64869
0.70164
0.66348
0.87073
0.60758
0.76349
0.67485
0.67518
0.85259
0.21228
0.77985
0.89168
0.71791
0.76036
0.53018
0.69861
0.77834
0.61836
0.76878
0.42336
0.47261
0.79213
0.76482
0.80386
0.55487
0.45205
0.32341
0.61626
0.63587
0.55318
0.89725
0.7386
0.78274
0.64493
0.89964
0.64878
0.67087
0.37756
0.6651
0.74203
0.84004
0.83776
0.68452
0.89721
0.46213
0.7976
0.61283
0.57286
0.49667
0.89545
0.41452
0.79997
0.63259
0.86048
0.49239
0.81959
0.58612
0.59826
0.51662
0.70911
0.64779
0.54562
0.44868
0.45048
0.53085
0.76479
0.72194
0.49375
0.78619
0.26724
0.61156
0.86525
0.5153
0.81911
0.58517
0.53876
0.70927
0.88593
0.66231
0.33115
0.67228
0.76744
0.81133
0.34153
0.87037
0.78136
0.62639
0.80159
0.76157
0.82365
0.51749
0.6458
0.96828
0.69569
0.783
0.35199
0.96423
0.67749
0.58636
0.68635
0.33803
0.6238
0.73626
0.63369
0.74636
0.71603
0.65104
0.85737
0.96025
0.57759
0.85752
0.49875
0.72451
0.54324
0.5947
0.6386
0.67649
0.54945
0.63511
0.79794
0.813
0.73184
0.40752
0.88559
0.6652
0.49961
0.84235
0.84494
0.59775
0.78672
0.80902
0.83916
0.59218
0.58548
0.68238
1.0052
0.70385
0.66909
0.66781
0.69186
0.68532
0.87909
0.4753
0.42955
0.63346
0.60803
0.64641
0.97045
0.74583
0.63518
0.81313
0.63729
0.64323
0.779
0.87645
0.9083
0.76097
0.66864
0.70921
0.78443
0.77452
0.81608
0.67461
0.84573
0.45601
0.65878
0.89595
0.78056
0.45131
0.74176
0.72364
0.66089
0.73469
0.76068
0.72584
0.75911
0.52062
0.80902
0.69774
0.78762
0.79864
0.78941
0.80396
0.62477
0.70559
0.66574
0.75339
0.89602
0.92211
0.871
0.60191
0.61563
0.57158
0.82987
0.5338
0.57005
0.6292
0.50353
0.56496
0.73564
0.97212
0.82051
0.62849
0.60904
0.69319
0.68502
0.53143
0.57561
0.83869
0.6474
0.71268
0.7896
0.7784
0.70045
0.68775
0.76413
0.85588
0.57401
0.35218
0.87678
0.75214
0.90418
0.62515
0.85673
0.65391
0.48442
0.65884
0.99323
0.46822
0.78237
0.77155
0.48572
0.68971
0.5267
0.61632
0.8368
0.60941
0.6565
0.42913
0.83789
0.83363
0.57352
0.48925
0.69657
0.54922
0.73012
0.65666
0.56726
0.4289
0.89377
0.84515
0.78363
0.5964
0.68469
0.43575
0.71816
0.78716
0.78085
0.84982
0.80652
0.41812
0.76429
0.35571
0.5191
0.77793
0.75633
0.87814
0.73717
0.67172
0.54229
0.71801
0.82962
0.35686
0.71133
0.64932
0.53029
0.86506
0.48273
0.72338
0.85902
0.76853
0.64661
0.70478
0.73284
0.63452
0.68092
0.73036
0.48262
0.77257
0.5039
0.96953
0.7034
0.64539
0.78682
0.6316
0.76477
0.8086
0.7034
0.63911
0.7557
0.62234
0.63862
0.87675
0.87873
0.61285
0.61066
0.50871
0.6085
0.72796
0.73826
0.63118
0.70472
0.49656
0.83694
0.68908
0.50005
0.66136
0.70493
0.58541
0.74794
1.1009
0.50631
0.72052
0.82668
0.70418
0.73356
0.52351
0.70632
0.70791
0.54387
0.74441
0.43496
0.69013
0.69588
0.74811
0.43201
0.63217
0.66455
0.93803
0.87247
0.77877
0.77599
0.39
0.56536
0.74409
0.5376
0.73258
0.87962
0.61158
0.70234
0.69423
0.79038
0.58984
0.67051
0.64166
0.7767
0.35156
0.99365
0.56049
0.78387
0.90552
0.80801
0.61995
0.73577
0.70118
0.71289
0.70578
0.78695
0.74509
0.7038
0.75504
0.60972
0.81992
0.80599
0.43847
0.6969
0.47808
0.67439
0.63804
0.57348
0.9248
0.69309
0.74099
0.80346
0.98555
0.49042
0.84709
0.67412
0.69505
0.70188
0.48942
0.56409
0.72038
0.55453
0.91112
0.89283
0.64805
0.67836
0.63796
0.50672
0.69719
0.56054
0.63095
0.52208
0.77115
0.79344
0.45
0.71952
0.74222
0.75959
0.65682
0.70033
0.5501
0.70313
0.53494
0.71842
0.56784
0.71608
0.60787
0.53944
0.62809
0.83699
0.65517
0.95428
0.58394
0.80694
1.0411
0.73995
0.72722
0.72098
0.72912
0.85985
0.68652
0.37012
0.70183
0.51
0.35849
0.64818
0.63208
0.69907
0.47406
0.66937
0.67461
0.83361
0.32964
0.74807
0.98657
0.86548
0.28973
0.69257
0.61953
0.63379
0.61743
0.78757
0.87814
0.69046
0.89559
0.68825
0.55638
0.50737
0.76353
0.53405
0.78323
0.90646
0.72481
0.7751
0.61833
0.6094
0.31747
0.70044
0.56194
0.52526
0.64694
0.63746
0.65669
0.66448
0.9327
0.62719
0.6271
0.53575
0.59771
0.63517
0.74329
0.80175
0.97758
0.64329
0.44388
0.5086
0.82276
0.58437
0.85734
0.50205
0.61457
0.86086
0.54897
0.62533
0.72964
0.60843
0.51537
0.53868
0.48727
0.78873
0.62371
0.6738
0.57287
1.0018
0.66383
0.79121
0.53836
0.8128
0.51652
0.85394
0.79211
0.67529
0.32448
0.70753
0.73214
0.54956
0.88801
0.76123
0.60847
0.82383
0.8506
0.435
0.81049
0.9662
0.81909
0.71913
0.70307
0.82624
0.82683
0.65357
0.55004
0.56331
0.72515
0.63849
0.76707
0.605
0.78887
0.88523
0.54057
0.57165
0.70676
0.69003
1.0062
0.49868
0.81331
0.69127
0.39233
0.64589
0.51601
0.73487
0.74657
0.7839
0.57254
0.73197
0.76272
0.52092
0.86346
0.68661
0.62009
0.56391
0.84346
0.8101
0.81679
0.77712
0.40592
0.81396
0.61562
0.92155
0.79456
0.45562
0.79295
0.80929
0.93187
0.67062
0.73549
0.62329
0.70691
0.70516
0.59106
0.72992
0.31623
0.82334
0.67114
0.56758
0.69074
0.67889
0.60548
0.78406
0.67194
0.54343
0.7253
0.6522
0.80913
0.55137
0.63821
0.70612
0.828
0.54444
0.75831
0.74129
0.66201
0.97408
0.80706
0.62245
0.7435
0.6741
0.71846
0.60981
0.61351
0.83704
0.6472
0.65969
0.48542
0.69446
0.88347
0.67535
0.33035
0.71839
0.72109
0.54144
0.71137
0.65991
0.98473
0.90597
0.70781
0.48181
0.67238
0.74812
0.63625
0.68341
0.71702
0.82651
0.64925
0.76179
0.55127
0.44729
0.82698
0.71839
0.70401
0.72374
0.94241
0.68027
0.44356
0.6726
0.85093
0.89029
0.94665
0.64854
0.77845
0.54496
0.74782
0.49889
0.68494
0.81748
0.83914
0.73467
0.71676
0.60827
0.61921
0.50311
0.7947
0.69242
0.45548
0.62931
0.82915
0.535
0.8755
0.41473
0.86784
0.58167
0.57286
0.85485
0.56267
0.64198
0.59195
0.78084
0.57318
0.89292
0.6611
0.59975
0.74522
0.79706
0.71761
0.38994
0.62245
0.68991
0.67609
0.68353
0.85091
0.7283
0.89587
0.78924
0.68951
0.54158
0.6139
0.73931
0.71251
0.53801
0.74976
0.88893
0.73733
0.65176
0.69184
0.68767
0.56745
0.51874
0.60264
0.67913
0.68463
0.90429
0.69063
0.94586
0.66893
0.78816
0.90753
0.62932
0.73309
0.58273
0.7711
0.48272
0.75308
0.70399
0.47965
0.54255
0.63851
0.63958
0.61706
0.68274
0.64979
0.62493
0.72724
0.40565
0.91831
0.57218
0.88457
0.75311
0.86208
0.57843
0.56593
0.79277
0.73286
0.7413
0.58037
0.67269
0.52059
0.85863
0.87788
0.57529
0.64309
0.92401
0.7767
0.68224
0.80305
0.65526
0.57026
0.75591
0.63755
0.51381
0.55495
0.51649
0.67838
0.77959
0.67692
0.56776
0.28411
0.70755
0.60287
0.76945
0.638
0.70214
0.46259
0.26736
0.55701
0.82427
0.77444
0.39628
0.63206
0.61343
0.44671
0.67993
0.43237
0.58559
0.80094
0.52319
0.796
0.65185
0.80795
0.69553
0.78057
0.7086
0.81472
0.66922
0.77134
0.59306
0.93023
0.86555
0.62852
0.60436
0.3464
0.82077
0.65659
0.64972
0.55691
0.84589
0.52669
0.6429
0.90811
0.87745
0.73979
0.84662
0.83647
0.8914
0.85229
0.68669
0.57619
0.61329
0.85847
0.59543
0.83842
0.54085
0.78458
0.57323
0.81286
0.82335
0.77369
0.42394
0.5934
0.70474
0.75679
0.46186
0.57804
0.67072
0.94009
0.66877
0.66477
0.83473
0.78116
0.66542
0.96408
0.71591
0.54969
0.57781
0.81673
0.58115
0.63618
0.75033
0.62982
0.98307
0.4572
0.63654
0.5763
0.98094
0.90085
0.62167
0.58514
0.84134
0.61116
0.91512
0.73318
0.76453
0.43216
0.47582
0.60641
0.58813
0.71004
0.76169
0.63249
0.64303
0.77663
0.53146
0.74473
0.89037
0.75205
0.62308
0.70316
0.67653
0.80767
0.52276
0.59305
0.70026
0.86474
0.62106
0.68776
0.92085
0.75916
0.82054
0.74043
0.72169
0.72266
0.68278
0.6656
0.78619
0.4367
1.0104
0.64493
0.52274
0.57917
0.6947
0.77683
0.55816
0.84736
0.7915
0.55222
0.91464
0.69296
0.69461
0.62814
0.26651
0.7962
0.79926
0.51923
0.70038
0.60217
0.76168
0.74766
0.71609
0.83152
0.92907
0.86168
0.51348
0.69615
0.56648
0.69933
0.70679
0.69803
0.78958
0.83248
0.64258
0.61606
0.55502
0.54761
0.80223
0.70778
0.53485
0.91761
0.51626
0.77866
0.67196
0.66117
0.7522
0.6674
0.50138
0.42378
0.81539
0.84351
0.61763
0.66259
0.62301
0.9153
0.4813
0.64619
0.73437
0.79072
0.62281
0.54481
0.67934
0.73267
0.83037
0.78332
0.51928
0.59174
0.95252
0.69289
0.87358
0.57289
0.67062
0.69181
0.77944
0.66057
0.87926
0.89922
0.5642
0.69166
0.63227
0.77105
0.81414
0.67888
0.60299
0.43438
0.31801
0.42239
0.50829
0.93099
0.63259
0.55571
0.66553
0.67822
0.82013
0.7633
0.78584
0.57881
0.42354
0.7878
0.68075
0.67
0.72352
0.22823
0.9216
0.80904
0.88528
0.70709
0.79011
0.64029
0.87587
1.0091
0.79344
0.6168
0.71192
0.66598
0.74171
0.60178
0.70392
0.71333
0.61936
0.54437
0.61606
0.43325
0.58995
0.75143
0.76301
0.55493
0.81918
0.62132
0.65523
0.78637
0.73042
0.47755
0.45527
0.84099
0.7198
0.72384
0.76673
0.75577
0.60101
0.91633
0.58303
0.78195
0.19652
0.23402
0.54119
0.74592
0.88726
0.29582
0.84399
0.44829
0.66823
0.60019
0.70646
0.58344
0.68613
0.83477
0.73967
0.77789
0.76494
0.64326
0.50856
0.62082
0.71057
0.71866
0.41444
0.64318
0.85139
0.7129
0.39635
0.49426
0.43882
0.56308
0.76522
0.6378
0.6658
0.9971
0.51392
0.8021
0.97411
0.76828
0.65114
0.58184
0.94653
0.70022
0.4714
0.58526
0.8864
0.6843
0.85473
0.80496
0.44538
0.52896
0.75485
0.64333
0.68684
0.92332
1.0323
0.74416
0.82438
0.60417
0.90442
0.67338
0.751
0.70437
0.64194
0.82374
0.81447
0.76124
0.86307
0.76786
0.76965
0.78787
0.81801
0.72362
0.75612
0.76296
0.72933
0.73447
0.58876
0.48054
0.73371
0.47492
0.65478
0.46948
0.83967
0.82406
0.78914
0.70194
0.70644
0.65523
0.77191
0.81065
0.62047
0.73489
0.67827
0.53233
0.83551
0.93402
0.81908
0.61571
0.72609
0.87359
0.90055
0.64755
0.61767
0.92261
0.61755
0.64499
0.68078
0.85319
0.7131
0.66475
0.74172
0.52767
0.64395
0.75829
0.74005
0.38396
0.98433
0.74144
0.83578
0.76115
0.41021
0.93995
0.42749
0.51139
0.79242
0.81488
0.70058
0.73795
0.54137
0.52032
0.96681
0.57291
0.74768
0.61638
0.71507
0.47875
0.82807
0.86039
0.56546
0.7924
0.25961
0.67159
0.78136
0.36712
0.61282
0.61647
0.60638
0.65044
0.90035
0.95456
0.71241
0.80678
0.73232
0.68984
0.74438
0.84355
0.89601
0.60658
0.67614
0.89445
0.76135
0.8519
0.78199
0.69811
0.72828
0.68841
0.4441
0.7455
0.69862
0.38187
0.74412
0.84494
0.69632
0.72897
0.83311
0.79429
0.67667
0.5913
0.8796
0.52152
0.68708
0.7774
0.84014
0.91345
0.75787
0.64192
0.53746
0.75926
0.63434
0.71573
0.72544
0.73976
0.84312
0.57175
0.68073
0.42932
0.6278
0.84061
0.45903
0.51482
0.66875
0.95045
0.8471
0.62902
0.73088
0.79799
0.90206
0.62081
0.81672
0.7986
0.82824
0.70217
0.85327
0.89622
0.17404
0.5856
0.6601
0.4221
0.88565
0.35283
0.70621
0.61556
0.55135
0.70579
0.6608
0.85692
0.64245
0.78749
0.80083
0.72291
0.54347
0.63628
0.91332
0.7654
0.84079
0.57013
0.46827
0.8208
0.77732
0.69417
0.68844
0.86389
0.39561
0.57661
0.72558
0.94304
0.79881
0.58702
0.62034
0.67639
0.85056
0.65164
0.81533
0.60169
0.63738
0.92247
0.63687
0.65967
0.74721
0.91037
0.78511
0.89853
0.66628
0.91992
0.67806
0.67819
0.77548
0.85121
0.7064
0.61109
0.58847
0.77379
0.52827
0.51526
0.7209
0.66574
0.67685
0.81052
0.64503
0.81654
1.0448
0.4612
0.72142
0.70828
0.46193
0.80031
0.68556
0.7264
0.57649
0.57662
0.31885
0.57062
0.776
0.74455
0.70176
0.4273
0.60091
0.71308
0.72811
0.69451
0.78813
0.57502
0.53572
0.71277
0.8326
0.50077
0.62908
0.58692
0.77824
0.33362
0.59822
0.65951
0.55001
0.91558
0.66661
0.82136
0.69206
0.64319
0.80127
0.99135
0.47643
0.62442
0.63725
0.87178
0.66913
0.82471
0.44705
0.63621
0.67138
0.77667
0.85264
0.70679
0.79861
0.62084
0.60654
0.67642
0.59968
0.69909
0.90371
0.3481
0.89814
0.82025
0.95078
0.32095
0.37561
0.88311
0.55334
0.63285
0.84849
0.84419
0.69511
0.75228
0.36566
0.46829
0.23599
0.69845
0.77149
0.71094
0.60842
0.80962
0.74476
0.80066
0.76736
0.67427
0.64853
0.70814
0.77831
0.84026
0.55912
0.71733
0.45502
0.75283
0.76204
0.6806
0.78375
0.96483
0.77695
0.37763
0.78245
0.82251
0.61423
0.77798
0.74041
0.60394
0.89247
0.74443
0.82223
0.88324
0.48866
0.62989
0.78141
0.64156
0.44518
0.63544
0.82184
0.66976
0.71572
0.64888
0.50117
0.57022
0.6913
0.47061
0.61466
0.69899
0.82172
0.77598
0.78392
0.47646
0.85196
0.62789
0.56318
0.5747
0.61358
0.76166
0.79019
0.9219
0.7156
0.72786
0.86535
0.8886
0.66575
0.70811
0.73347
0.74306
0.86048
0.72346
0.504
0.50477
0.66664
0.6524
0.56556
0.87452
0.61878
0.86788
0.69613
0.5293
0.63063
0.45114
0.81649
0.85558
0.46027
0.85898
0.51681
0.75448
0.81017
0.6425
0.75166
0.88757
0.79267
0.78764
0.38949
0.74137
0.70927
0.88159
0.66159
0.70123
0.74397
0.76189
0.46898
0.74375
0.80493
0.60218
0.60034
0.6207
0.91641
0.56495
0.32855
0.83447
0.68956
0.63956
0.79005
0.74058
0.72592
0.68143
0.65248
0.51776
0.80339
0.55553
0.68029
0.66603
0.61363
0.52052
0.55259
0.40627
0.72056
0.67339
0.68239
0.72669
0.37882
0.512
0.74104
0.54123
0.74751
0.74579
0.72406
0.60275
0.77299
0.81821
0.8098
0.7048
0.63274
0.59213
0.71922
0.85624
0.8685
0.74937
0.64567
0.3696
0.65907
0.77999
0.77025
0.87125
0.70874
0.71838
0.34315
0.69596
0.62892
0.61962
0.80435
0.78337
0.73199
0.68522
0.49432
0.87099
0.8561
0.59507
0.84157
0.7494
0.70452
0.37108
0.42153
0.74358
0.60219
0.73005
0.65077
0.7272
0.54399
0.57977
0.52154
0.70664
0.90512
0.76134
0.61548
0.52691
0.74234
0.46737
0.67475
0.53997
0.7399
0.89618
0.66485
0.71115
0.60514
0.66394
0.72796
0.71762
0.58048
0.76617
0.69471
0.74642
0.6317
0.87148
0.92788
0.78154
0.54155
0.95068
0.7168
0.62241
0.69835
0.92716
0.72964
0.67613
0.50752
0.82295
0.94546
0.74083
0.59009
0.80492
0.78907
0.37573
0.68145
0.74858
0.54907
0.83829
0.60972
0.68745
0.81552
0.87576
0.91048
0.48605
0.5663
0.52435
0.69552
0.83172
0.78662
0.42611
0.98051
0.81128
0.79136
0.49262
0.72435
0.7783
0.69489
0.91921
0.78828
0.48162
0.58032
0.90186
0.82332
0.7038
0.85838
0.53463
0.64505
0.55894
0.53306
0.82359
0.34543
0.71203
0.56942
0.74343
0.65474
0.5254
0.79965
0.55386
0.5478
0.70177
0.57585
0.82487
0.85429
0.40358
0.7211
0.79814
0.88015
0.58595
0.89003
0.88515
0.82474
0.58704
0.45794
0.85315
0.46252
0.60689
0.42305
0.70979
0.78122
0.88391
0.64151
0.69604
0.75772
0.66685
0.58677
0.62783
0.69475
0.76312
0.65277
0.77549
0.73869
0.5623
0.81398
0.54871
0.80138
0.73697
0.62066
0.66991
0.43683
1.0284
0.81155
0.57958
0.85047
0.7774
0.7211
0.94369
0.90055
0.62542
0.76755
1.0586
0.79637
0.67991
0.69938
0.95379
0.75949
0.66796
0.71982
0.83706
0.78247
0.88174
0.7855
0.71173
0.44437
0.70722
0.3231
0.60705
0.47896
0.62356
0.63118
0.42976
0.77987
0.6366
0.89084
0.9795
0.50246
0.95264
0.95402
0.76316
0.69363
0.52559
0.63061
0.49598
0.73044
0.92005
0.62503
0.60336
0.68106
0.55943
0.76873
0.76568
0.71781
0.62289
0.77559
0.78147
0.64411
0.79675
0.59306
0.67336
0.79682
0.64209
0.83333
0.65961
0.72995
0.80866
0.7679
0.47081
0.82103
0.85319
0.68173
0.48889
0.82492
0.92082
0.70591
0.38735
0.85315
0.7103
0.29936
0.51044
0.81239
0.52745
0.45424
0.96001
0.69276
0.72735
0.55458
0.58098
0.89159
0.6359
0.67835
0.67681
0.56986
0.53438
0.72761
0.81219
0.76968
0.50868
0.88884
0.65602
0.74973
0.77705
0.73539
0.9208
0.59499
0.33641
0.53535
0.78151
0.85033
0.55355
0.62981
0.52464
0.89539
0.61718
0.92811
0.71246
0.60417
0.43045
0.67536
0.59742
0.82794
0.58866
0.79252
0.45528
0.65385
0.67528
0.73712
0.76155
0.73568
0.54416
0.67028
0.53756
0.69893
0.86165
0.63994
0.67717
0.6662
0.50633
0.43127
0.70314
0.46981
0.8255
0.7213
0.68241
0.67394
0.63526
0.91088
0.61762
0.54132
0.78379
0.43316
0.79741
0.86972
0.68002
0.84638
0.4904
0.76888
0.38203
0.78208
0.45016
0.75982
0.96332
0.86866
0.55024
0.87936
0.6505
0.37599
0.49179
0.81456
0.71037
0.86157
0.75501
0.8058
0.45992
0.62117
0.45018
0.48493
0.54127
0.7853
0.63528
0.61697
0.75672
0.89098
0.77632
0.83587
0.40856
0.64038
0.79181
0.77091
0.71892
0.75996
0.65957
0.76066
0.72441
0.40858
0.76576
0.71248
0.79972
0.74977
0.56638
0.81214
0.53924
0.7279
0.54356
0.85023
0.76803
0.72177
0.51927
0.43808
0.78281
0.83638
0.68379
0.35333
0.71403
0.59127
0.85867
0.54132
0.61576
0.51599
0.40892
0.77099
0.69388
0.87328
0.72131
0.52998
0.88295
0.65143
0.66761
1.0585
0.53615
0.66644
0.76576
0.80837
0.81172
0.29187
0.47004
0.8391
0.61381
0.90512
0.41464
0.56756
0.51015
0.49373
0.81531
0.72022
0.76714
0.79641
0.74161
0.79972
0.60986
0.32982
0.80747
0.62841
0.7655
0.65214
0.73982
0.79552
0.76039
0.64304
0.82492
0.49902
0.87443
0.65831
0.36193
0.84741
0.47631
0.58653
0.55973
0.50534
0.9089
0.67763
0.45367
0.63547
0.78393
0.91338
0.57559
0.68202
0.90652
0.91662
0.88287
0.51715
0.90763
0.76951
1.0356
0.54377
0.79206
0.22152
0.75851
0.80394
0.69869
0.65714
0.84753
0.39652
0.84251
0.52883
0.67005
0.56123
0.49325
0.92936
0.70226
0.76411
0.87176
0.78503
0.65507
0.35361
0.86053
0.63456
0.6949
0.65442
0.81479
0.68722
0.73057
0.62486
0.98706
0.54019
0.64932
0.78782
0.81327
0.59695
0.76727
0.74468
0.99442
0.52081
0.74937
0.46143
0.53458
0.92257
0.79036
0.70178
0.68954
0.68104
0.65974
0.81896
0.48747
0.73761
0.51372
0.71584
0.7493
0.63553
0.83484
0.7011
0.86913
0.69628
0.77551
0.7059
0.59374
0.7632
0.85332
0.77544
0.63323
0.51871
0.8279
0.93372
0.81087
0.76961
0.76072
0.68324
0.72013
0.6054
0.81498
0.68096
0.60889
0.48626
0.76956
0.76798
0.60166
0.63442
0.67796
0.5778
0.74493
0.65416
0.5906
0.6311
0.77122
0.56233
0.88939
0.74993
0.59028
0.88489
0.82829
0.63631
0.70432
0.78059
0.87871
0.62391
0.86717
0.6744
0.9473
0.80487
0.74416
0.57939
0.63506
0.79171
0.88974
0.71474
0.7601
0.88786
0.5849
1.0155
0.55862
0.32554
0.72896
0.32401
0.65042
0.91102
0.62941
0.7784
0.78155
0.8168
0.74239
0.75095
0.83698
0.7848
0.69756
0.63604
0.67607
0.48954
0.75518
0.72191
0.78175
0.94849
0.6961
0.89018
0.64736
0.89104
0.37326
0.81382
0.9186
0.69809
0.59455
0.93472
0.54594
0.35281
0.54337
0.52651
0.82233
0.58018
0.59109
0.75694
0.34487
0.72918
0.54953
0.80223
0.71343
0.71514
0.79364
0.71636
0.83038
0.79167
0.48321
0.92217
0.72991
0.83941
0.66922
0.59157
0.70106
0.82443
0.81879
0.52812
0.58247
0.81291
0.5209
0.54719
0.76681
0.61558
0.70186
0.68414
0.73674
0.68161
0.82526
0.70796
0.67011
0.70891
0.65588
0.69209
0.89344
0.62477
0.83904
0.73325
0.66709
0.78594
0.42999
0.64075
0.3461
0.54098
0.86796
0.49045
0.82308
0.59068
0.77543
0.67113
0.74561
0.85348
0.67248
0.66796
0.37289
0.7076
0.46679
0.73221
0.86901
0.26973
0.67156
0.74427
0.7277
0.66759
0.39378
0.82633
0.88849
0.72881
0.96644
0.85711
0.68277
0.73635
0.71975
0.94085
0.5446
0.68151
0.81667
0.3137
0.70483
0.70464
0.87407
0.65729
0.6305
0.83766
0.50254
0.6039
0.47456
0.87799
0.51793
0.61065
0.65162
0.87422
0.91727
0.54352
0.44537
0.77651
0.618
0.88044
0.78605
0.79722
0.5514
0.83877
0.80485
0.58733
0.80601
0.46354
0.57717
0.60948
0.82055
0.73487
0.74787
0.74408
0.59482
0.6415
0.86874
0.69817
0.63566
0.76125
0.58248
0.99885
0.8809
0.60746
0.51931
0.30668
0.5523
0.76165
0.73535
0.67235
0.87575
0.83249
0.87616
0.72088
0.5635
0.64896
0.69913
0.73353
0.62729
0.90756
0.7548
0.87843
0.6123
0.46225
0.63744
0.66399
0.96531
0.68121
0.62298
0.73916
0.57225
0.87381
0.87815
0.77984
0.8894
0.42378
0.53623
0.54669
0.41876
0.40411
0.68493
0.76731
0.71825
0.6442
0.67937
0.72771
0.5932
0.50031
0.6163
0.67756
0.7283
1.035
0.84259
0.65646
0.75558
0.54257
0.82609
0.41508
0.50926
0.7236
0.82523
0.75537
0.74112
0.62281
0.82147
0.58744
0.61561
0.53375
0.53692
0.7434
0.51691
0.62093
0.91537
0.71238
0.90081
0.74527
0.67965
0.49951
0.82266
0.50903
0.66021
0.67536
0.92341
0.58469
0.2587
0.53489
0.64037
0.89541
0.76515
0.59153
0.8235
0.82918
0.88361
0.57746
0.92214
0.95945
0.58908
0.58439
0.60534
0.87996
0.74965
0.85725
0.65555
0.77568
0.45628
0.70469
0.47247
0.63748
0.74538
0.67082
0.3002
0.92537
0.77573
0.59369
0.6355
0.75171
0.89218
0.88097
0.56963
0.59611
0.55092
0.78751
0.62964
0.73225
0.52886
0.63586
0.82653
0.53959
0.46051
0.79501
0.81703
0.69527
0.78277
0.87826
0.65384
0.84769
0.93945
0.72882
0.57008
0.7223
0.7227
0.84874
0.60513
0.68993
0.7938
0.83819
0.8008
0.76516
0.63078
0.70997
0.85244
0.833
0.67663
0.62088
0.83956
0.56353
0.75918
0.92647
0.5771
0.45492
0.62934
0.68016
0.4716
0.6687
0.6054
0.63437
0.59945
0.57637
0.58465
0.58384
0.74313
0.91096
0.7092
0.61919
0.63443
0.84762
0.86072
0.55153
0.71031
0.81979
0.79729
0.62341
0.61167
0.70277
0.84668
0.68435
0.72008
0.76633
0.74181
0.67336
0.64175
0.82559
0.62713
0.68571
0.45759
0.71293
0.76582
0.83911
0.95246
0.85603
0.58532
0.59007
0.74718
0.68091
0.62394
0.7646
0.71319
0.70275
0.66037
0.70137
0.52916
0.67876
0.75685
0.66409
0.87088
0.84067
0.71856
0.63728
0.7783
0.62949
0.34672
0.77761
0.75503
0.85566
0.45115
0.4902
0.72571
0.88979
0.33693
0.7869
0.63123
0.45341
0.34296
0.60013
0.86643
0.97407
0.8423
0.61016
0.76065
0.76013
0.68148
0.53646
0.56024
0.58815
0.9038
0.82436
0.70095
0.61083
0.61674
0.42381
0.70523
0.56968
0.69512
0.63911
0.71066
0.60348
0.47611
0.6806
0.66746
0.92193
0.85681
0.70304
0.85744
0.74662
0.65964
0.69567
0.64714
0.93485
0.68054
0.55575
0.84105
0.91897
0.72822
0.67499
0.80934
0.61914
0.76728
0.65949
0.58779
0.77687
0.74513
0.67655
0.64059
0.73109
0.46352
0.62472
0.73299
0.72434
0.57894
0.74899
0.88858
0.64659
0.7278
0.79777
0.77607
0.64901
0.3324
0.79987
0.52262
0.90646
0.72703
0.50515
0.51998
0.63611
0.73034
0.70844
0.70268
0.78646
0.62537
0.80176
0.79804
0.39974
0.71542
0.86398
0.6536
0.45187
0.66709
0.79769
0.89432
0.87238
0.67295
0.586
0.75188
0.67985
0.6697
0.72448
0.60039
0.64781
0.83458
0.57124
0.86777
0.66352
0.76283
0.77083
0.73972
0.86433
0.67783
0.85396
0.84904
0.54954
0.76042
0.54784
0.81605
0.69185
0.47877
0.83514
0.70838
0.64659
0.74506
0.53549
0.94811
0.75157
0.66184
0.73197
0.76332
0.43106
0.73024
0.81173
0.77911
0.86299
0.48466
0.51219
0.74621
0.52289
0.73172
0.3376
0.83264
0.77346
0.44003
0.4149
0.75602
0.65824
0.50098
0.74119
0.7629
0.82451
0.83654
0.78148
0.46055
0.99646
0.49295
0.44474
0.72645
0.87977
0.63919
0.53108
0.60818
0.71283
0.77181
0.6393
0.69631
0.84863
0.93659
0.47159
0.69706
0.87589
0.54154
0.48204
0.83651
0.78232
0.6203
0.6294
0.49166
0.42591
0.7759
0.90304
0.83017
0.68394
0.72451
0.88597
0.54355
0.60235
0.49682
0.77977
0.52974
0.79542
0.84449
0.62509
0.60243
1.0268
0.64243
0.74782
0.65711
0.82754
0.61881
0.91198
0.45274
0.74148
0.44364
0.74236
0.63182
0.79246
0.60897
0.84283
0.55129
0.82616
0.64376
0.90199
0.76175
0.57992
0.94506
0.68072
0.94278
0.88866
0.57033
0.64056
0.69106
0.8728
0.81985
0.74387
0.83939
1.0666
0.43755
0.71442
0.76165
0.67034
0.67522
0.83523
0.40434
0.75816
0.5238
0.78372
0.4973
0.6254
0.80806
0.85588
0.7324
0.6999
0.70234
0.91919
0.42754
0.73034
0.72054
0.78181
0.75082
0.43325
0.66037
0.94794
0.78507
0.8285
0.68509
0.34882
0.74156
0.61954
0.58081
0.69583
0.51926
0.74048
0.72707
0.71776
0.61828
0.83444
0.7673
0.73166
0.54405
0.61962
0.72225
0.73164
0.59473
0.54303
0.69566
0.6359
0.87507
0.60519
0.69149
0.5582
0.60468
0.80014
0.57998
0.80013
0.59479
0.65142
0.78176
0.34023
0.56271
0.68785
0.70431
0.75343
0.53941
0.94881
0.82179
0.85338
0.58311
1.047
0.73396
0.7842
0.97179
0.75583
0.74023
0.70831
0.73996
0.62835
0.75197
0.69311
0.59921
0.37241
0.80662
0.66702
0.7531
0.47616
0.80048
0.3768
0.77579
0.7732
0.61572
0.87364
0.7779
0.64367
0.81476
0.93035
0.83831
0.62966
0.45179
0.79175
0.88727
0.67867
0.72134
0.6673
0.58268
0.92204
0.50136
0.90525
0.75605
0.68148
0.61509
0.95253
0.79371
0.74114
0.81553
0.87165
0.50057
0.63981
0.66736
0.77653
0.8219
0.8228
0.76647
0.68781
0.58328
0.38105
0.63166
0.78295
0.7532
0.59743
0.82035
0.6862
0.72871
0.4434
0.53938
0.53256
0.78742
0.94255
0.7802
0.83385
0.37444
0.6963
0.48642
0.74241
0.67023
0.62339
0.79227
0.60444
0.66505
0.64906
0.85913
0.78515
0.52943
0.88531
0.67623
0.79926
0.73839
0.87438
0.81697
0.71437
0.82921
0.49142
0.91474
0.53644
0.365
0.76796
0.70952
0.77228
0.81285
0.82491
0.64939
0.64732
0.80608
0.5765
0.72897
0.54617
0.63406
0.65915
0.65871
0.71952
0.67406
0.84212
0.61764
0.78135
0.62495
0.94809
0.82039
0.52332
0.69881
0.66218
0.67624
0.51576
0.78299
0.47982
0.7784
0.78761
0.70382
0.61354
0.86491
0.43037
0.48051
0.83219
0.78558
0.41722
0.80923
0.86566
0.82143
0.65177
0.72588
0.75875
0.75334
0.70816
0.68926
0.55756
0.78335
0.71067
0.61885
0.76339
0.75618
0.43138
0.87868
0.62259
0.58372
0.59993
0.73908
0.71177
0.48021
0.29781
0.6554
0.85813
0.90398
0.75632
0.78195
0.64062
0.90023
0.58704
0.69352
0.72817
0.67954
0.55888
0.58238
0.65677
0.73691
0.55323
0.78875
0.58493
0.64168
0.3937
0.60252
0.5637
0.7346
0.93766
0.93933
0.82115
0.3267
0.64739
0.68004
0.79288
0.48033
0.65553
0.67709
0.91057
0.89548
0.70782
0.37658
0.81955
0.45186
0.6992
0.57814
0.69698
0.74988
0.50211
0.79808
0.90018
0.60282
0.59137
0.71164
0.92887
0.57521
0.83502
0.73588
0.62433
0.52848
0.56824
0.64722
0.93646
0.82725
0.8096
0.78058
0.93074
0.55412
0.87853
0.60308
0.80812
0.64998
0.73392
0.71217
0.62683
0.54409
0.84272
0.68423
0.76012
0.37913
0.68202
0.73373
0.55501
0.61642
0.7036
0.74721
0.70649
0.59664
0.62564
0.92492
0.7516
0.40802
0.53268
0.51535
0.56512
0.84665
0.67959
0.6318
0.70072
0.59608
0.96792
0.46772
0.67497
0.72448
0.59477
0.62338
0.67577
0.70416
0.7132
0.48865
0.49207
0.88109
0.52307
0.6599
0.73424
0.717
0.72717
0.5479
0.6439
0.77023
0.74839
0.58567
0.46494
0.57571
0.67803
0.67475
0.84664
0.72998
0.59164
0.83677
0.78962
0.64734
0.78164
0.62694
0.80688
0.69922
0.86723
0.80528
0.60112
0.6237
0.52538
0.70746
0.87256
0.74376
0.74603
0.89303
0.59305
0.83167
0.55974
0.76142
0.67779
0.71043
0.49281
0.7927
0.79143
0.7814
0.78786
0.50646
0.71104
0.65884
0.62751
0.66002
0.89735
0.46116
0.77578
0.58351
0.67273
0.8689
0.45566
0.48541
0.33949
0.69426
0.80316
0.81095
0.56932
0.69507
0.35386
0.97635
0.93897
0.8165
0.8802
0.64714
0.49999
0.78323
0.80263
0.47585
0.62129
0.42174
0.68098
0.63486
0.75435
0.7543
0.5312
0.7292
0.8443
0.8124
0.52201
0.69047
0.52581
0.84711
0.73471
0.65787
0.75076
0.67008
0.70231
0.65772
0.7503
0.43303
0.89046
0.70134
0.46165
0.62445
0.87031
0.49931
0.89101
0.47232
0.76174
0.90373
0.72916
0.60439
0.66343
0.71936
0.44773
0.79886
0.4098
0.52774
0.69465
0.78625
0.56128
0.6447
0.59402
0.8015
0.80201
0.77366
0.7609
0.63829
0.86246
0.80775
0.58186
0.71527
0.44781
0.74873
0.56128
0.87009
0.80002
0.5033
0.82587
0.66625
0.95089
0.57952
0.92164
0.50455
0.72618
0.64853
0.70852
0.92026
0.52641
0.5188
0.57662
0.96617
0.68134
0.62179
0.58051
0.75124
0.62068
0.79831
0.94812
0.89024
0.75181
0.69788
0.72115
0.51993
0.70669
0.48284
0.82885
0.72365
0.75542
0.79386
0.97757
0.86731
0.47641
0.59008
0.4789
0.77842
0.77661
0.60463
0.53989
0.74634
0.44149
0.72893
0.80428
0.82401
0.62722
0.58171
0.77222
0.74675
0.7529
0.59965
0.50298
0.67312
0.60442
0.66655
0.92072
0.68822
0.78882
0.74356
0.66174
0.7658
0.55224
0.53771
0.65211
0.66283
0.71257
0.50658
0.69776
0.51295
0.39272
0.54342
0.89046
0.61357
0.58529
0.77961
0.55042
0.76249
0.79864
0.6157
0.57696
0.68162
0.39543
0.60484
0.80452
0.6414
0.73665
0.91175
0.38394
0.74666
0.87042
0.29704
0.2287
0.78179
0.80955
0.77716
0.6468
0.68598
0.7867
0.75575
0.75429
0.66918
0.47735
0.40629
0.89529
0.58484
0.83847
0.4745
0.44966
0.79054
0.4525
0.85334
0.67772
0.84805
0.59359
0.64631
0.89385
0.86374
0.52563
0.80336
0.80809
0.76086
0.81177
0.63468
0.58726
0.94139
0.80201
0.69487
0.38275
0.54586
0.76662
0.71212
0.4809
0.74086
0.60908
0.80994
0.79892
0.71368
0.81015
0.54007
0.36962
0.50662
0.87562
0.6002
0.7258
0.63705
0.78219
0.60562
0.81947
0.64386
0.67707
0.77992
0.72861
0.58832
0.71566
0.58693
0.55757
0.7431
0.79551
0.8334
0.42898
0.36244
0.90341
0.74055
0.62697
0.55803
0.59303
0.6876
0.46326
0.69524
0.95388
0.72336
0.70116
0.91784
0.85588
0.57489
0.61157
0.5721
0.85656
0.57464
0.71844
0.76703
0.86423
0.92965
0.67935
0.71531
0.8214
0.6206
0.45853
0.7632
0.91814
0.80392
0.71888
0.85571
0.9466
0.80927
0.76863
0.70693
0.56722
0.64696
0.70738
0.74128
0.53978
0.79517
0.71969
0.59224
0.90855
0.85731
0.79668
0.72895
0.81871
0.53104
0.52743
0.58538
0.59858
0.91144
0.60229
0.93174
0.86783
0.54326
0.76329
0.57206
0.60968
0.60472
0.66352
0.64607
0.69867
0.84663
0.63152
0.7194
0.54698
0.66361
0.57179
0.53168
0.63238
0.78504
0.78946
0.81312
0.82428
0.64246
0.83811
0.50666
0.51149
1.0619
0.75461
0.80934
0.72795
0.94284
0.54963
0.76092
0.74038
0.62967
0.5704
0.47267
0.87658
0.81311
0.50378
0.64466
0.79183
0.62887
0.38534
0.51961
0.75232
0.85318
0.58105
0.69068
0.7384
0.77461
0.79894
0.8949
0.65323
0.66169
0.67843
0.91454
0.64688
0.85685
0.67779
0.8501
0.54868
0.74293
0.8604
0.3726
0.85743
0.74518
0.37605
0.53715
0.71493
0.71807
0.70082
0.70693
0.55424
0.87408
0.70544
0.4571
0.77732
0.89476
0.71169
0.82983
0.57245
0.60554
0.77001
0.39915
0.75931
0.61382
0.72938
0.43721
0.89281
0.61279
0.64219
0.86491
0.70937
0.6091
0.71814
0.75744
0.43538
0.62024
0.64536
0.5473
0.5426
0.42738
0.72165
0.44155
0.73691
0.80763
0.83153
0.64874
0.53228
0.64684
0.86531
0.67012
0.41274
0.85964
0.80443
0.5087
0.55395
0.82392
0.43256
0.42578
0.63416
0.6723
0.71811
0.54208
0.78733
0.7094
0.71073
0.714
0.71324
0.58146
0.57053
0.74343
0.57927
0.73132
0.59738
0.68279
0.53641
0.79264
0.852
0.60322
0.85912
0.51247
0.60629
0.30626
0.67994
0.74146
0.62918
0.56033
0.58464
0.49928
0.72312
0.76925
0.31036
0.89949
0.67264
0.82681
0.49286
0.56321
0.72225
0.70901
0.78338
0.72808
0.8038
0.79412
0.73353
0.59384
0.6134
0.56654
0.66096
0.47288
0.69051
0.64014
0.84881
0.81339
0.50972
0.72105
0.6621
0.66433
0.45989
0.42327
0.63875
0.5136
0.82567
0.7326
0.83167
0.5037
0.77192
0.7041
0.74159
0.86671
0.39948
0.77371
0.83629
0.55918
0.65636
0.70617
0.75276
0.55405
0.61672
0.72124
0.83375
0.56312
0.71282
0.7762
0.65801
0.5375
0.76149
0.67029
0.69579
0.75463
0.78914
0.88886
0.46734
0.88956
0.67627
0.55576
0.76092
0.79489
0.92924
0.62882
0.7656
0.56791
0.65445
0.75886
0.75643
0.77158
0.50939
0.71992
0.72968
0.61618
0.68263
0.54541
0.68504
0.75198
0.73067
0.8078
0.7572
0.30587
0.54528
0.46591
0.77659
0.47459
0.63444
0.73619
0.87645
0.73085
0.65785
0.65683
0.32805
0.55552
0.74688
0.65938
0.72612
0.59292
0.90547
0.93223
0.8216
0.89808
0.72306
0.69193
0.7004
0.74766
0.86136
0.69556
0.65326
0.70727
0.46199
0.23005
0.8554
0.71785
0.63793
0.62408
0.71937
0.73254
0.59754
0.35351
0.70006
0.78889
0.63389
0.50315
0.40723
0.66126
0.75606
0.508
0.6478
0.67414
0.86531
0.55098
0.69623
0.66705
0.66816
0.51449
0.41289
0.60544
1.0325
0.7302
0.73129
0.83846
0.35546
0.86919
0.55006
0.82506
0.8515
0.87892
0.79447
0.68413
0.72569
0.65049
0.55646
0.60196
0.6374
0.61419
0.72086
0.70991
0.76278
0.58506
0.74874
0.68294
0.64944
0.69569
0.66808
0.87896
0.84743
0.64789
0.76262
0.27635
0.71447
0.54347
0.7749
0.91931
0.66227
0.66271
0.47494
0.78031
0.50182
0.82673
0.78019
0.51917
0.88328
0.46595
0.87252
0.42995
0.7014
0.52234
0.64755
0.81748
0.7884
0.72537
0.83931
0.87682
0.65853
0.69253
0.39923
0.67253
0.84105
0.85621
0.70003
0.57838
0.78519
0.99942
0.65279
0.68806
0.43197
0.64063
0.61703
0.78833
0.7173
0.5465
0.77931
0.66151
0.71979
0.95099
0.84379
0.66406
0.64581
0.7263
0.44414
0.53428
0.70689
0.82988
0.73287
0.69131
0.56588
0.75653
0.88763
0.9243
0.88737
0.58019
0.94178
0.85444
0.62978
0.68413
0.77037
0.6397
0.58751
0.84404
0.69929
0.55444
0.78454
0.73756
0.30564
0.75969
0.65721
0.63424
0.73259
0.72852
0.74945
0.78597
0.65906
0.69458
0.56422
0.67785
0.90737
0.72482
0.70854
0.71164
0.84673
0.4729
0.61302
0.77805
0.71308
0.70245
0.67974
0.72527
0.62691
0.41446
0.757
0.71769
0.70535
0.46695
0.56861
0.7189
0.81561
0.81942
0.68244
0.76829
0.5866
0.90009
0.77661
0.69804
0.62355
0.68659
0.93119
0.86813
0.95659
0.51309
0.67326
0.58806
0.90282
0.55138
0.68997
0.81241
0.58767
0.74082
0.44791
0.72686
0.40096
0.54592
0.81444
0.68607
0.71029
0.6684
0.73179
0.59313
0.61735
0.53325
0.54083
0.56664
0.67776
0.75935
0.93415
0.49453
0.78404
0.78375
0.87257
0.69001
0.68247
0.57979
0.65634
0.904
0.60663
0.64509
0.87395
0.89272
0.56674
0.61367
0.61189
0.69554
0.73969
0.62487
0.82783
0.69135
0.72958
0.67738
0.78283
0.55518
0.83292
0.49583
0.21811
0.49535
0.90693
0.49832
0.41047
0.64803
0.87279
0.70818
0.61313
0.82777
0.74137
0.84113
0.56228
0.49412
0.69886
0.90901
0.87352
0.99952
0.80974
0.53122
0.63671
0.80721
0.70076
0.57093
0.51816
0.69143
0.56092
0.73489
0.61635
0.6253
0.6157
0.49015
0.79021
0.72968
0.43059
0.41316
0.76844
0.85857
0.91397
0.83258
0.52954
0.83355
0.83397
0.7306
0.69354
0.32725
0.6595
0.7679
0.82675
0.42352
0.51398
0.67452
0.8141
0.51703
0.86342
0.51625
0.56043
0.8678
0.85126
0.73364
0.60789
0.51948
0.78572
0.7623
0.84995
0.99012
0.72092
0.52632
0.5651
0.87505
0.65973
0.73021
0.7984
0.28011
0.60903
0.64492
0.65259
0.76553
0.63658
0.70701
0.75692
0.54838
0.94889
0.6381
0.65275
0.49573
0.65739
0.68315
0.71209
0.68534
1.0133
0.67677
0.77761
0.95902
0.42428
0.95357
0.31668
0.73368
0.4111
0.76508
0.36704
0.75129
0.75263
0.6474
0.80119
0.64134
0.70302
0.58057
0.87484
0.83944
0.64408
0.73092
0.82307
0.73003
0.21389
0.81733
0.56671
0.7277
0.63674
0.72367
0.48206
0.41975
0.82313
0.54931
0.75542
0.53686
0.59665
0.87869
0.62
0.8572
0.51858
0.84364
0.70682
0.7982
0.44149
0.76673
0.6604
1.0075
0.79278
0.35177
0.79257
0.62151
0.64886
0.83042
0.69701
0.81936
0.76039
0.5614
0.66993
0.84701
0.27777
0.73951
0.32241
0.83913
0.74595
0.52523
0.85859
0.35118
0.893
0.76239
0.72934
0.66198
0.83221
0.57669
0.59693
0.59457
0.83997
0.62175
0.7268
0.90326
0.6032
0.66303
0.71633
0.84861
0.71507
0.56267
0.89403
0.4803
0.75666
0.79849
0.59273
0.70483
0.73234
0.74059
0.57867
0.69073
0.57752
0.67287
0.79721
0.65617
0.55673
0.78511
0.67613
0.53101
0.65459
0.7048
0.84529
0.59597
0.8978
0.55198
0.85347
0.61512
0.87576
0.56621
0.79676
0.63644
0.71869
0.6295
0.7726
0.81784
0.58756
0.81704
0.72343
0.7031
0.72958
0.40853
0.7576
0.91844
0.88217
0.66821
0.68118
0.62449
0.77629
0.6123
0.68938
0.84001
0.76405
0.40038
0.59537
0.97704
0.57908
0.6701
0.60098
0.7695
0.72393
0.8412
0.67231
0.75446
0.68492
0.51196
0.50979
0.90403
0.83631
0.57279
0.72389
0.99679
0.74304
0.61993
0.54677
0.52997
0.33735
0.71369
0.77003
0.51793
0.6906
0.56884
0.66034
0.82951
0.64468
0.8393
0.64917
0.6561
0.81628
0.56155
0.84557
0.49847
0.80202
0.89081
0.53005
0.46114
0.95534
0.92343
0.81905
0.58533
0.53215
0.8524
0.31563
0.68217
0.6994
0.94691
0.46444
0.91447
0.78488
0.84956
0.61962
0.69647
0.59859
0.44421
0.41828
0.79655
0.69904
0.70157
0.71117
0.5655
0.70625
0.86212
0.48429
0.75947
0.63838
0.78376
0.8656
0.6293
0.80564
0.63524
0.59786
0.61
0.44388
0.81055
0.56959
0.81636
0.50528
0.6358
0.72693
0.85843
0.7853
0.85243
0.69685
0.74068
0.7376
0.87759
0.57428
0.59203
0.64825
0.89803
0.83689
0.55915
0.79328
0.54617
0.83752
0.27745
0.59064
0.38203
0.63596
0.763
0.72477
0.55095
0.66292
0.8526
0.79511
0.50788
0.70955
0.64866
0.81331
0.67425
0.68492
0.74413
0.39419
0.64129
0.78042
0.90408
0.92261
0.69722
0.71361
0.70691
0.89644
0.69585
0.60107
0.59836
0.8722
0.57793
0.72711
0.7873
0.62558
0.8793
0.39635
1.0143
0.67815
0.71516
0.81822
0.74741
0.7028
0.70401
0.7774
0.69922
0.64991
0.74264
0.73643
0.84208
0.65926
0.56369
0.76415
0.79245
0.63202
0.6722
0.61139
0.69099
0.83794
0.76068
0.70208
0.71838
0.78904
0.5435
0.56308
0.82403
0.61762
0.9623
0.58362
0.57884
0.76013
0.48062
0.56776
0.79513
0.73315
0.65063
0.82778
0.78742
0.73739
0.84625
0.60107
0.34818
0.76431
0.56677
0.69438
0.54422
0.56139
0.79351
0.64219
0.67147
0.79054
0.35141
0.67375
0.90909
0.72318
0.51334
0.72214
0.76495
0.71377
0.63377
0.55697
0.60413
0.63123
0.60676
0.57456
0.69684
0.61324
0.55939
0.72741
0.71547
0.8729
0.9688
0.66572
0.6442
0.78196
0.78025
0.61678
0.90939
0.53789
0.66359
0.67424
0.76086
0.4996
0.62305
0.88941
0.51258
0.88942
0.71102
0.7377
0.63522
0.30883
0.72334
0.83637
0.85964
0.81986
0.36226
0.78268
0.46323
0.48878
0.7153
0.51215
0.73794
0.87027
0.64686
0.28507
0.79156
0.77576
0.53331
0.71
0.59634
0.69725
0.73599
0.75738
0.86844
0.62859
0.80881
0.74455
0.57552
0.55611
0.89813
0.63219
0.64239
0.69453
0.85033
0.44908
0.60942
0.24376
0.85766
0.67362
0.92904
0.91054
0.91636
0.31493
0.85199
0.64405
0.69319
0.70128
0.61929
0.84865
0.83891
0.74956
0.58312
0.68885
0.88577
0.70608
0.72455
0.68952
0.81406
0.37281
0.53898
0.59138
0.88929
0.60593
0.85939
0.46073
0.71887
0.82633
0.86241
0.61334
0.76449
0.74962
0.52703
0.80739
0.756
0.46085
0.80903
0.50904
0.79509
0.8698
0.50466
0.72925
0.50723
1.0013
0.69485
0.88247
0.56812
0.87324
0.55371
0.4584
0.65171
0.63837
0.79031
0.87019
0.70927
0.65522
0.69636
0.85585
0.71566
0.6469
0.55135
0.55597
0.80001
0.90032
0.51371
0.65182
0.377
0.80415
0.30464
0.49686
0.81748
0.37742
0.57892
0.69309
0.64587
0.43181
0.9633
0.82159
0.59603
0.74018
0.57627
0.87483
0.89595
0.36523
0.83406
0.9084
0.61992
0.60752
0.66473
0.82576
0.76187
0.71558
0.71494
0.98005
0.63944
0.89986
0.77428
0.33781
0.82526
0.94731
0.85919
1.0118
0.48742
0.54506
0.54703
0.85446
0.74414
0.54639
0.58535
0.75787
0.54988
0.6962
0.83154
0.70935
0.4922
0.81296
0.50837
0.92545
0.65717
0.50844
0.7527
0.65597
0.69392
0.51633
0.51201
0.5896
0.34329
0.75891
0.73835
0.81186
0.81813
0.71132
0.54614
0.47775
0.72715
0.84249
0.57587
0.80711
0.60871
0.83448
0.81599
0.86916
0.83947
0.76171
0.55223
0.84468
0.7929
0.68763
0.61053
0.51415
0.81904
0.8166
0.7719
0.44358
0.5138
0.69168
0.55676
0.67195
0.75877
0.69353
0.78831
0.83251
0.84086
0.59599
0.64217
0.62902
0.74377
0.64844
0.82494
0.77891
0.78947
0.58532
0.37271
0.56848
0.7094
0.48702
0.75888
0.65286
0.8336
0.70415
0.4259
0.96462
0.73665
0.34097
0.60692
0.65307
0.65676
0.70098
0.53422
0.52937
0.6624
0.91881
0.6926
0.59716
0.70601
0.80935
0.70696
0.81222
0.77352
0.71528
0.5028
0.62283
0.91828
0.60744
0.55508
0.78942
0.70673
0.7555
0.74503
0.41826
0.69169
0.63149
0.77423
0.74454
0.73189
0.97747
0.9029
0.79697
0.74159
0.4209
0.65947
0.7354
0.67948
0.5069
0.31829
0.48768
0.78438
0.663
0.70465
0.91637
0.59013
0.8535
0.71894
0.78274
0.74208
0.58089
0.74707
0.58917
0.69951
0.46457
0.81826
0.89042
0.76851
0.56564
0.66135
0.41749
0.82085
0.46157
0.83841
0.44762
0.79858
0.91135
0.81226
0.45585
0.38241
0.72808
0.75621
0.58659
0.66294
0.6713
0.63232
0.6663
0.50422
0.9487
0.53805
0.64395
0.53087
0.58568
0.89932
1.0015
0.61153
0.87645
0.72955
0.53945
0.59342
0.62124
0.58787
0.95609
0.60303
0.89507
1.0379
0.79856
0.71179
0.71151
0.86821
0.99863
0.71059
0.83388
0.33312
0.58171
0.49532
0.66464
0.84895
0.71566
0.62942
0.77977
0.81884
0.62778
0.70853
0.53648
0.4284
0.57069
0.88931
0.82154
0.70322
0.47977
0.67152
0.63179
0.86511
0.73134
0.81026
0.55924
0.6583
0.64428
0.66687
0.46295
0.70787
0.66519
0.73156
0.61851
0.78045
0.688
0.71285
0.7456
0.69438
0.35465
0.52989
0.68207
0.84294
0.90086
0.94193
0.53274
0.72039
0.48848
0.83135
0.6736
0.85181
0.8597
0.59989
0.6762
0.68347
0.81006
0.56644
0.82921
0.64507
0.6601
0.54059
0.72338
0.3063
0.79121
0.71721
0.60753
0.73966
0.80461
0.46059
0.37187
0.76199
0.63033
0.58481
0.89507
0.83768
0.75244
0.68028
0.84655
0.69827
0.82665
0.68106
0.8559
0.48036
0.67389
0.59761
0.76741
0.60099
0.581
0.87147
0.56176
0.647
0.56877
1.0822
0.79494
0.45268
0.68165
0.66429
0.75042
0.89968
0.67908
0.5002
0.78314
0.71741
0.78349
0.406
0.539
0.55081
0.5479
0.86224
0.75659
0.68292
0.73793
0.62552
0.65082
0.59762
0.79847
0.6459
0.5584
0.78101
0.42244
0.8678
0.68767
0.90497
0.77227
0.61183
0.84112
0.88288
0.65402
0.86552
0.51408
0.59133
0.51599
0.87158
0.66389
0.90975
0.54533
0.71722
0.50944
0.62174
0.63614
0.53188
0.57733
0.63616
0.62159
0.80942
0.81937
0.52364
0.68372
0.66525
0.9802
0.73271
0.61294
0.5454
0.52936
0.71392
0.64446
0.78922
0.62798
0.99016
0.71565
0.71126
0.77409
0.75067
0.78519
0.90531
0.64724
0.52048
0.56598
0.68533
0.60607
0.65324
0.77916
0.6105
0.53935
0.85225
0.79804
0.83794
0.58927
0.53373
0.79593
0.80497
0.66852
0.76586
0.73513
0.6881
0.76382
0.75341
0.76921
0.74853
0.47565
0.76926
0.6271
0.93366
0.79587
0.62133
0.7612
0.59172
0.8146
0.59841
0.8014
0.69444
0.83385
0.70223
0.62735
0.77105
0.80652
0.92433
0.73964
0.64129
0.63246
0.7803
0.71913
0.75766
0.60582
0.87068
0.59637
0.72986
0.73856
0.55301
0.59684
0.53973
0.69848
0.82437
0.64908
0.74226
0.85626
0.76993
0.54112
0.38407
0.87057
0.56475
0.70684
0.81794
0.5797
0.94361
0.76829
0.76895
0.77112
0.7225
0.77451
0.83214
0.71962
0.72174
0.35747
0.73553
0.8296
0.70281
0.60453
0.54494
0.72271
0.71906
0.56666
0.60833
0.88753
0.53545
0.75053
0.83773
0.77958
0.56104
0.92677
0.46676
0.81321
0.69302
0.45118
0.86472
0.77812
0.54019
0.388
0.69926
0.73808
0.47346
0.74385
0.60716
0.60591
0.70067
0.61914
0.82531
0.81251
0.69033
0.67576
0.70387
0.64336
0.77769
0.52191
0.80462
0.40188
0.68275
0.61722
0.45046
0.63889
0.72393
0.89559
0.64641
0.57063
0.85322
0.71083
0.84425
0.78993
0.72457
0.65753
0.50452
0.72042
0.60019
0.71296
0.98165
0.89235
0.48304
0.62771
0.75745
0.54951
0.56889
0.80187
0.58329
0.83571
0.69435
0.65031
0.66794
0.63829
0.94456
0.5192
0.7824
0.5969
0.70756
0.69105
0.85618
0.94493
0.72824
0.648
0.79642
0.84024
0.82638
0.5512
0.70662
0.66863
0.81914
0.82853
0.71796
0.85783
0.81977
0.61802
0.8055
0.79095
0.64016
0.85823
0.68103
0.52236
0.62543
0.59264
0.84314
0.63555
0.76091
0.6738
0.6019
0.73053
0.80294
0.57935
0.72884
0.51884
0.78974
0.73845
0.79288
0.45978
0.59241
0.70968
0.69842
0.70342
0.64982
0.66116
0.97299
0.64654
0.66332
0.37178
0.76084
0.59165
0.73457
0.54304
0.6032
0.7474
0.89949
0.77093
0.89162
0.67343
0.76159
0.85687
0.68006
0.83803
0.96479
0.55546
0.58374
0.6342
0.61671
0.73871
0.32559
0.35535
0.56096
0.55035
0.64947
0.79735
0.82454
0.49368
0.79806
0.52017
0.5225
0.59511
0.76622
0.87158
0.79396
0.78381
0.54028
0.59368
0.60193
0.62439
0.84385
0.92227
0.6697
0.81298
0.6066
0.55309
0.63289
0.53393
0.69454
0.96481
0.6125
0.93759
0.70145
0.81538
0.90148
0.47749
0.50905
0.87328
1.0512
0.86958
0.65908
0.68368
0.58046
0.89703
0.53646
0.73204
0.49165
0.67922
0.79203
0.76935
0.64685
0.60469
0.42811
0.62929
0.56163
0.6482
0.87827
0.57995
0.76463
0.68224
0.78287
0.63471
0.77671
0.61834
0.81457
0.82903
0.7636
0.57225
0.58321
0.50827
0.70347
0.80347
0.66568
0.41612
0.56716
0.59509
0.4775
0.72881
0.45435
0.97846
0.57912
0.72226
0.66619
0.76277
0.71381
0.5613
0.81687
0.55662
0.54368
0.51729
0.63033
0.83087
0.65267
0.71906
0.61458
0.78053
0.61506
0.71959
0.50944
0.74558
0.72863
0.43876
0.61718
0.91024
0.75312
0.68474
0.81768
0.63193
0.77557
0.76911
0.86628
0.41209
0.62178
0.51959
0.61855
0.85056
0.41158
0.66524
0.78168
0.67248
0.40917
0.56938
0.91482
0.87606
0.58207
0.87507
0.61248
0.6806
0.48798
0.77988
0.76331
0.81309
0.4476
0.66588
0.71788
0.7305
0.49133
0.60081
0.71592
0.55393
0.60008
0.60547
0.53315
0.80669
0.46539
0.46711
0.66431
0.60908
0.70188
0.59608
0.53673
0.76841
0.62825
0.57709
0.72926
0.68597
0.51093
0.75938
0.74919
0.76067
0.65615
0.70736
1.0044
0.6693
0.87842
0.63666
0.62174
0.63221
0.7779
0.7689
0.59886
0.79929
0.74781
0.6083
0.84893
0.60149
0.75217
0.4128
0.92629
0.76018
0.57817
0.47748
0.57488
0.68628
0.59694
0.74007
0.85111
0.81561
0.63777
0.87192
0.87158
0.44007
0.40697
0.81863
0.60018
0.63929
0.52394
0.64241
0.43577
0.36443
0.73819
0.6628
0.67987
0.8972
0.60146
0.65144
0.75032
0.89224
0.80153
0.76834
0.65765
0.66972
0.82784
0.82716
0.64017
0.64253
0.66786
0.74869
0.89952
0.67877
0.7954
0.86134
0.72135
0.69139
0.73952
0.73962
0.89251
0.55544
0.79369
0.51202
0.80986
0.71451
0.57008
0.47066
0.73871
0.82129
0.73612
0.80563
0.79143
0.71667
0.79463
0.65237
0.80209
0.57972
0.52014
0.50774
0.65642
0.71466
0.39713
0.5747
0.96445
0.63
0.81724
0.40759
0.51982
0.77067
0.78872
0.5351
0.73391
0.77451
1.0468
0.53714
0.68816
0.47632
0.52554
0.6871
0.63943
0.392
0.73045
0.47732
0.60847
0.7866
0.57932
0.60383
0.57949
0.45322
0.70264
0.53845
0.79343
0.65589
0.7937
0.77602
0.49201
0.84987
0.71836
0.61827
0.82254
0.94036
0.33572
0.67511
0.695
0.75973
0.78955
0.74794
0.92313
0.83875
0.70359
0.59124
0.74401
0.55772
0.60138
0.76771
0.70489
0.72247
0.85191
0.85123
0.61529
0.63901
0.61201
0.462
0.42554
0.52952
0.57947
0.92177
0.40206
0.59432
0.58401
0.57354
0.6739
0.8338
0.83668
0.96389
0.8432
0.60542
0.76044
0.24757
0.57996
0.7479
0.51157
0.74594
0.55752
0.50049
0.73534
0.65122
0.76001
0.67655
0.82122
0.68913
0.6239
0.7151
0.79326
0.75753
0.8518
0.61561
0.63047
0.59371
0.673
0.84808
0.64416
0.79338
0.85233
0.69344
0.7154
0.36643
0.68214
0.70418
0.62913
0.57313
0.76875
0.68512
0.71741
0.82411
0.47704
0.45071
0.86404
0.60969
0.53021
0.38996
0.67116
0.88546
0.59027
0.41374
0.86955
0.76338
0.66272
0.64338
0.7442
0.76117
0.52541
0.44515
0.45799
0.47209
0.67147
0.59721
0.81393
0.70783
0.65318
0.82055
0.81725
0.61638
0.58903
0.62998
0.74393
0.71814
0.53827
0.77233
0.77879
0.7046
0.66992
0.65679
0.61702
0.83509
0.78269
0.82719
0.82963
0.76157
0.71506
0.36618
1.0003
0.57198
0.6297
0.5967
0.82933
0.62098
0.66923
0.66208
0.70629
0.6682
0.79915
0.54672
0.40606
0.47152
0.72284
0.78861
0.60884
0.60418
0.78942
0.80219
0.82531
0.62256
0.86379
0.51543
0.36365
0.68625
0.70414
0.82955
0.54892
0.48651
0.6931
0.60099
0.86098
0.80715
0.59745
0.87036
0.69673
0.96835
0.6352
0.6388
0.86205
0.56973
0.6943
0.8791
0.97654
0.38385
0.80498
0.79368
0.57666
0.68621
0.5925
0.99792
0.70009
0.70946
0.94034
0.55302
0.50997
0.8552
0.69442
0.63085
0.64147
0.71536
0.70163
0.74998
0.80711
0.79425
0.7181
0.46799
0.72387
0.567
0.74049
0.88358
0.45609
0.61232
0.5075
0.58288
0.67754
0.64505
0.31657
0.63846
0.60054
0.64882
0.71306
0.71447
0.70851
0.69891
0.585
0.93903
0.67329
0.75866
0.66598
0.68703
0.61276
0.52798
0.79778
0.9231
0.5604
0.63221
0.86433
0.83151
0.68438
0.84927
0.59592
0.83362
0.8594
0.83145
0.54216
0.70803
0.77677
0.72563
0.66113
0.43682
0.66944
0.64959
0.94887
0.78039
0.85816
0.61992
0.78237
0.60916
0.68096
0.73264
0.73178
0.88357
0.65441
0.56064
0.82847
0.51656
0.69857
0.7125
0.85223
0.79678
0.61149
0.6325
0.74164
0.75696
0.62218
0.90401
0.58715
0.42289
0.66012
0.81992
0.69893
0.78368
0.56393
0.81782
0.89345
0.56145
0.59167
0.81204
0.8021
0.75319
0.80372
0.58698
0.69525
0.82804
0.7081
0.64412
0.8155
0.75584
0.79507
0.81517
0.73023
0.71639
0.56904
0.57223
0.84489
0.86083
0.77194
0.7466
0.83408
0.7776
0.58366
0.76758
0.23507
0.53153
0.86198
0.62959
0.80383
0.75399
0.65246
0.72217
0.60046
0.8764
0.6329
0.67221
0.80102
0.74361
0.73046
0.60476
0.80432
0.39287
0.76679
0.91899
0.83183
0.41161
0.50725
0.97707
0.70774
0.78268
0.8271
0.7568
0.49531
0.78884
0.81441
0.47574
0.67184
0.5639
0.76836
0.71864
0.61053
0.60504
0.54942
0.83184
0.35393
0.70412
0.54801
0.67596
0.6586
0.8518
0.71828
0.64064
0.80523
0.74246
0.67863
0.72955
0.69143
0.51739
0.54448
0.68109
0.72424
0.84813
0.49588
0.89496
0.59115
0.57766
0.63543
0.75064
0.67155
0.86763
0.81284
0.54914
0.58866
0.83341
0.62843
0.62096
0.79293
0.51389
0.48143
0.84779
0.72516
0.36124
0.50214
0.71012
0.67538
0.83511
0.7317
0.92458
0.6674
0.60999
0.69215
0.84408
0.5998
0.75722
0.99071
0.69338
0.76566
0.77903
0.7893
0.72423
0.66815
0.53834
0.42689
0.50541
0.91497
0.70443
0.83698
0.75621
0.76406
0.68563
0.70409
0.88285
0.88353
0.73158
0.70269
0.5594
0.76243
0.56724
0.93443
0.70606
0.73221
0.89561
0.64431
0.68781
0.89476
0.85304
0.79391
0.54548
0.61553
0.63304
0.66759
0.68156
0.83172
0.86611
0.73435
0.78699
0.75907
0.84304
0.28058
0.74498
0.68822
0.77007
0.89324
0.35209
0.55086
0.43564
0.48212
0.55836
0.60771
0.6878
0.90552
0.65558
0.60614
0.48644
0.88016
0.88335
0.83509
0.53051
0.5385
0.71969
0.72985
0.74445
0.61857
0.40655
0.9177
0.86737
0.64937
0.60679
0.81741
0.97891
0.77302
0.83173
0.46368
0.80065
0.72683
0.67401
0.55533
0.65981
0.71128
0.84487
0.85472
0.78234
0.71158
0.56959
0.48213
0.82305
0.74024
0.53512
0.44327
0.87831
0.47304
0.95109
0.65134
0.86436
0.67264
0.79707
0.68024
0.74281
0.74297
0.69171
0.84652
0.78521
0.53097
0.87248
0.66444
0.89708
0.5068
0.84913
0.64965
0.85046
0.55742
0.6847
0.65951
0.47502
0.70293
0.49293
0.43525
0.92222
0.69108
0.66513
0.63702
0.77263
0.57269
0.61224
0.79614
0.86544
0.93051
0.72129
0.80909
0.63768
0.51391
0.73754
0.833
0.80802
0.73886
0.8267
0.54273
0.82413
0.52952
0.41186
0.78413
0.44782
0.67792
0.75499
0.69914
0.38207
0.68852
0.58035
0.83584
0.66126
0.43494
0.48717
0.5011
0.46321
0.77281
0.84536
0.75124
0.80702
0.68302
0.78233
0.62718
0.71672
0.6201
0.72606
0.77274
0.6246
0.64132
0.75897
0.87742
0.41741
0.4738
0.64159
0.76205
0.62109
0.8531
0.84945
0.87767
0.70016
0.84231
0.62982
0.78098
0.92211
0.53634
0.60018
0.75949
0.66474
0.59454
0.88214
0.73372
0.79539
0.75741
0.78854
0.45355
0.7639
0.79736
0.93424
0.52045
0.60549
0.76537
0.68155
0.58041
0.78462
0.87819
0.96549
0.65643
0.45523
0.66675
0.52056
0.73546
0.73986
0.51541
0.67429
0.3916
0.80635
0.60829
0.48685
0.39797
0.76656
0.64169
0.7317
0.72734
0.54284
0.39964
0.7845
0.4344
0.80098
0.98285
0.5952
0.83035
0.88518
0.71352
0.95509
0.74745
0.84832
0.52839
0.73553
0.68878
0.71881
0.6
0.70498
0.74681
0.42907
0.59915
0.77
0.61822
0.45709
0.68896
0.58733
0.82149
0.36099
0.64701
0.76952
0.67603
0.85557
0.67741
0.69557
0.66666
0.43171
0.57136
0.93136
0.49728
0.66182
0.83053
0.91265
0.95591
0.67623
0.86464
0.44097
0.60558
0.69636
0.85751
0.83893
0.75047
0.57475
0.67328
0.50129
0.72476
0.79233
0.57643
0.60462
0.79438
0.67991
0.49764
0.7556
0.65462
0.97836
0.52256
0.71349
0.5596
0.89492
0.87359
0.7861
0.66509
0.64604
0.63493
0.75913
0.84976
0.65639
0.67313
0.96709
0.43503
0.61062
0.6748
0.50962
0.65469
0.9165
0.81007
0.77397
0.63442
0.74716
0.84871
0.6026
0.80049
0.72022
0.74998
0.58663
0.5533
0.70878
0.78824
0.65179
0.67044
0.74644
0.61857
0.89561
0.55012
0.81672
0.5776
0.94269
0.66712
0.85041
0.45361
0.55184
0.8534
0.78629
0.82512
0.48117
0.86346
0.54125
0.501
0.52967
0.61972
0.72502
0.7472
0.91584
0.7305
0.7066
0.77517
0.70268
0.67088
0.76545
0.54249
0.83769
0.86515
0.52816
0.68794
0.90613
0.52604
0.92261
0.93515
0.68067
0.66085
0.40102
0.52919
0.67652
0.4932
0.64348
0.55536
0.90991
0.56271
0.75981
0.6795
0.64624
0.65367
0.54792
0.72437
0.74258
0.90501
0.51505
0.78189
0.59437
0.74388
0.76563
0.61614
0.64732
0.57186
0.56005
0.69825
0.98634
0.77454
0.76366
0.78326
0.6408
0.73982
0.86552
0.60036
0.42221
0.75935
0.6077
0.66868
0.74445
0.95624
0.63395
0.7843
0.54384
1.0802
0.60023
0.57803
0.93953
0.92311
0.91851
0.85393
0.71532
0.41972
0.8166
0.59249
0.57477
0.72948
0.52708
0.74767
0.54839
0.71982
0.53339
0.78797
0.55751
0.56641
0.57918
0.64398
0.701
0.80896
0.93679
0.81654
0.50861
0.66645
0.47974
0.48123
0.79954
0.48872
0.79735
0.56154
0.59478
0.71909
0.7787
0.62319
0.82615
0.58604
0.84281
0.39355
0.70918
0.65789
0.73349
0.73745
0.52702
0.40418
0.63105
0.94345
0.63469
0.72844
0.79147
0.73023
0.73745
0.75376
0.76739
0.88989
0.56274
0.87872
0.47769
0.62981
0.76136
0.55035
0.75541
0.6764
0.75836
0.83405
0.52592
0.76927
0.58361
0.76314
0.70272
0.59104
0.83228
0.58068
0.53219
0.5116
0.7271
0.61671
0.62348
0.87637
0.68014
0.63751
0.51503
0.75506
0.69142
0.98016
0.6846
0.68629
0.80377
0.64727
0.79369
0.84662
0.56863
0.90886
0.57551
0.88686
0.69103
0.78125
0.67583
0.69799
0.91875
0.69833
0.39587
0.72925
0.68387
0.72928
0.75755
0.52787
0.8566
0.65161
0.79819
0.90803
0.88606
0.56155
0.76048
0.49976
0.57097
0.64409
0.96808
0.69521
0.88913
0.51528
0.63028
0.86651
0.74375
0.76511
0.58975
0.46145
0.70708
0.64217
0.72116
0.81908
0.68103
0.72143
0.68516
0.68495
1.0005
0.77835
0.7405
0.59724
0.6028
0.49908
0.94011
0.38137
0.65734
0.77926
0.64866
0.51532
0.80238
0.65338
0.74837
0.7063
0.97454
0.68567
0.71136
0.85365
0.69764
0.86376
0.86265
0.81627
0.61757
0.68229
0.61425
0.42286
0.72709
0.68074
0.62297
0.63998
0.73911
0.74284
0.64836
0.92188
0.59355
0.59852
0.69117
0.57746
0.7135
0.63906
0.63146
0.80696
0.68619
0.75872
0.76199
0.67267
0.4658
0.71689
0.53129
0.82534
0.82638
0.5832
0.86514
0.93486
0.57597
0.73404
0.58545
0.4057
0.71898
0.75535
0.73524
0.70837
0.66811
0.91264
0.78483
0.77853
0.7829
0.82605
0.69874
0.84626
0.81727
0.39541
0.30151
0.7377
0.73281
0.7235
0.6171
0.68042
0.74311
0.7372
0.52145
0.60977
0.82749
0.76373
0.58056
0.56155
0.74752
0.42308
0.55037
0.68948
0.82346
0.46624
0.53227
0.60862
0.67402
0.83687
0.86793
0.94252
0.85298
0.57983
0.68749
0.75378
0.80317
0.53098
0.75367
0.80064
0.58634
0.66648
0.9891
0.84523
0.79707
0.67803
0.75023
0.67377
0.88045
0.87184
0.52656
0.54805
0.87338
0.6933
0.73095
0.66455
0.75537
0.80617
0.83753
0.89824
0.50211
0.80075
0.43057
0.59479
0.71947
0.96841
0.72108
0.83989
0.75978
0.59973
0.77547
0.72216
0.62098
0.36136
0.79174
0.48406
0.62451
0.44148
0.62704
0.66558
0.72621
0.89285
0.60003
0.83923
0.823
0.70711
0.71897
0.96211
0.5559
0.79745
0.93981
0.75897
0.84372
0.60121
0.53423
0.58577
0.76968
0.71828
0.61385
0.73896
0.82835
0.87339
0.6324
0.78246
0.73538
0.58748
0.67264
0.83309
0.74255
0.35724
0.74749
0.81697
0.93707
0.77892
0.45625
0.80701
0.74209
0.6895
0.79576
0.66627
0.61237
0.5729
0.63786
0.73112
0.73039
0.47347
0.47546
0.78543
0.63823
0.78924
0.54964
0.56414
0.6846
0.61626
0.4462
0.41413
0.79428
0.43671
0.77286
0.61762
0.78317
0.95356
0.78823
0.69717
0.69466
0.76374
0.74812
0.93252
0.64986
0.5073
0.57405
0.8991
0.78355
0.71613
0.50677
0.6323
0.73812
0.50847
0.60987
0.71667
0.57768
0.80725
0.46567
0.69875
0.56045
0.4616
0.68845
0.67365
0.65575
0.75739
0.72242
0.67102
0.92089
0.53135
0.68359
0.64334
0.81573
0.73414
0.83749
0.29538
0.58501
0.59295
0.64262
0.71018
0.71759
0.60385
0.54173
0.47001
0.8145
0.78693
0.60168
0.76613
0.89598
0.70305
0.7165
0.66049
0.76809
0.8608
0.82183
0.60759
0.28467
0.68563
0.80442
0.82197
0.80782
0.60224
0.71801
0.77532
0.74238
0.54154
0.57598
0.23124
0.74376
0.67872
0.77632
0.84054
0.43445
0.25093
0.75069
0.63662
0.76945
0.74887
0.78504
0.75071
0.71749
0.82295
0.48295
0.64673
0.73293
0.50744
0.9389
0.89747
0.42801
0.43232
0.81169
0.74898
0.77829
1.0111
0.74518
0.72489
0.75621
0.41681
0.82635
0.74943
0.50048
0.23707
0.6415
0.6478
0.73196
0.50659
0.75467
0.60815
0.65583
0.80887
0.59592
0.85105
0.73653
0.66929
0.67963
0.64825
0.59184
0.54426
0.62316
0.58454
0.46273
0.82916
0.69875
0.74712
0.50984
0.83854
0.68799
0.67459
0.88535
0.7189
0.84559
0.6729
0.75617
0.34849
0.63904
0.58528
0.68001
0.82206
0.66738
0.71989
0.56187
0.57947
0.65133
0.8223
0.8139
0.72893
0.89322
0.67968
0.86907
0.79051
0.467
0.70195
0.77025
0.74808
0.73888
0.66283
0.90134
0.62163
0.72979
0.64323
0.64593
0.59553
0.54103
0.85641
0.87359
0.79429
0.86114
0.94287
0.65653
0.31961
0.83794
0.67517
0.71293
0.71176
0.84759
0.9673
0.88662
0.74814
0.71852
0.56092
0.66359
0.78819
0.88674
0.7192
0.90531
0.71299
0.85758
0.59719
0.78576
0.71519
0.60901
0.47628
0.8261
0.82353
0.60572
0.70523
0.76322
0.62211
0.29701
0.6926
0.71269
0.60239
0.63864
0.75951
0.564
0.95404
0.7461
0.71152
0.59838
0.5678
0.57359
0.82197
0.57971
0.73677
0.69031
0.78484
0.71674
0.63336
0.62129
0.79297
0.70224
0.89388
0.85483
0.7433
0.93071
0.77768
0.69917
0.42862
0.71753
0.80907
0.98376
0.76997
0.93964
0.60515
0.77054
0.83944
0.75235
0.71142
0.6551
0.75533
0.49512
0.79187
0.81372
0.74958
0.74296
0.42266
0.8195
0.80608
0.54813
0.8397
0.87269
0.66853
0.70243
0.86834
0.8388
0.42104
0.81277
0.81146
0.57104
0.96068
0.8578
0.90506
0.75595
0.79217
0.69366
0.75358
0.57098
0.69287
0.77166
0.70695
0.74363
0.47792
0.89755
0.66255
0.66103
0.70513
0.71867
0.57974
0.73086
0.52128
0.79689
0.49392
0.41685
0.86275
0.8451
0.89599
0.53761
0.6363
0.6794
0.8426
0.55998
0.56398
0.7382
0.79467
0.76443
0.9882
0.78141
0.88197
0.62289
0.7705
0.77545
0.88088
0.44424
0.70604
0.78075
0.77749
0.53965
0.74738
0.40485
0.6129
0.73494
0.53111
0.38365
0.57335
0.45697
0.71552
0.34307
0.43548
0.61696
0.79026
0.71578
0.6608
0.82529
0.82625
0.83219
0.65045
0.78824
0.68736
0.65163
0.58158
0.91635
0.75944
0.64246
0.61105
0.70359
0.69851
0.84733
0.6691
0.75042
0.64863
0.67444
0.78611
0.76338
0.81559
0.80779
0.60125
0.77778
0.9484
0.67798
0.74603
0.76694
0.6631
0.80385
0.66625
0.35003
0.74015
0.9477
0.862
0.50272
0.73711
0.81597
0.70689
0.95736
0.75139
0.68906
0.66337
0.78497
0.76347
0.81023
0.55327
0.80809
0.66458
0.48568
0.69694
0.58012
0.60981
0.71289
0.46117
0.49277
0.88426
0.94936
0.66794
0.60267
0.73294
0.64555
0.87736
0.51895
0.66547
0.86851
0.67627
0.53281
0.68765
0.80164
0.74048
0.59536
0.49172
0.79696
0.87949
0.87946
0.85084
0.78708
0.65975
0.6829
0.66817
0.82113
0.70283
0.66077
0.85749
0.63629
0.63782
0.56646
0.85708
0.84948
0.76201
0.69071
0.67617
0.92791
0.84684
0.5662
0.67827
0.54444
0.75631
0.85358
0.74224
0.60237
0.85083
0.54224
0.6499
0.77333
0.84534
0.82599
0.67304
0.52631
0.65869
0.76215
0.86432
0.76695
0.64944
0.90377
0.68794
0.59936
0.67388
0.6385
0.80102
0.72825
0.95618
0.58359
0.3358
0.71069
0.6624
0.65629
0.71425
0.78305
0.74123
0.61269
0.65523
0.81984
0.69184
0.5969
0.48868
0.75473
0.33904
0.64114
0.82318
0.65189
0.57087
0.47989
0.53758
0.53963
0.80225
0.7392
0.60181
0.83975
0.76444
0.80653
0.68201
0.70299
0.66028
0.92907
0.44996
0.7922
0.62488
0.81616
0.77653
0.80057
0.34991
0.62753
0.71213
0.85952
0.45924
0.52253
0.68035
0.73104
0.64714
0.79981
0.68369
0.60072
0.67854
0.59538
0.77542
0.52095
0.57968
0.81386
0.43388
0.69177
0.44562
0.65858
0.47531
0.69338
0.84692
0.79669
0.32109
0.90285
0.64529
0.81299
0.74548
0.71941
0.87149
0.69153
0.59275
0.8103
0.6699
0.53203
0.40974
0.60582
0.66918
0.78457
0.55896
0.66338
0.76112
0.60688
0.47676
0.67737
0.90254
0.73971
0.77948
0.95121
0.82155
0.75878
0.91206
0.50589
0.42106
0.95063
0.84457
0.64882
0.57974
0.57283
0.47428
0.6957
0.98641
0.41561
0.53882
0.73649
0.64044
0.80382
0.86738
0.50158
0.77094
0.51316
0.60238
0.69079
0.48096
0.65132
0.60798
0.57355
0.90393
0.5469
0.51472
0.75959
0.72117
0.73322
0.48044
0.71027
0.86611
0.76599
0.77695
0.61741
0.49408
0.64329
0.48194
0.79397
0.49374
0.7909
0.79604
0.66617
0.83847
0.60584
0.54808
0.92783
0.79455
0.682
0.62128
0.7118
0.66665
0.26724
0.51318
0.72472
0.8021
0.67564
0.94955
0.89735
0.78205
0.74754
0.58554
0.7972
0.51155
0.51641
0.83713
0.30558
0.74186
0.72015
0.6818
0.80614
0.5519
0.54319
0.84002
0.74962
0.72596
0.65149
0.71253
0.68127
0.7983
0.56336
0.51483
0.79924
0.68301
0.64964
0.77633
0.73532
0.54299
0.86102
0.86925
0.49456
0.58232
0.766
0.74341
0.63786
0.54123
0.79632
0.74317
1.0117
0.71274
0.66267
0.73625
0.59407
0.71775
0.74247
0.71973
0.81744
0.8486
0.7905
0.73172
0.54701
0.75254
0.19195
0.41739
0.85469
0.7104
0.66296
0.64166
0.83914
0.56811
0.78956
0.53386
0.55628
0.5897
0.64756
0.41629
0.94931
0.6607
0.92306
0.80337
0.72282
0.57868
0.69689
0.6399
0.80251
0.78546
0.53773
0.58911
0.92573
0.75552
0.60577
0.91625
0.83097
0.63683
0.86552
0.90933
0.44459
0.8314
0.55048
0.45822
0.59331
0.59773
0.57143
0.66093
0.674
1.0248
0.51312
0.64274
0.47745
0.82377
0.50352
0.61821
0.4563
0.85019
0.56466
0.77942
0.72875
0.80247
0.71563
0.82836
0.73322
0.82017
0.9456
0.83027
0.75509
0.77632
0.50182
0.75703
0.7583
0.77744
0.73178
0.7976
0.8417
0.74721
0.41006
0.62513
0.69675
0.69025
0.80372
0.51764
0.72434
0.72474
0.65217
0.51477
0.80355
0.81846
0.74166
0.69549
0.90555
0.59562
0.82712
0.79279
0.95872
0.59662
0.78729
0.69592
0.66723
0.55235
0.54812
0.76922
0.69977
0.82883
0.68756
0.78127
1.0159
0.69432
0.93763
0.84783
0.95544
0.78464
0.64786
0.6854
0.65897
0.81618
0.65856
0.69735
0.90582
0.66998
0.64756
0.76571
0.6337
0.92963
0.71901
0.63313
0.82794
0.70707
0.74845
0.7023
0.6722
0.75405
0.70486
0.63086
0.43002
0.78986
0.79063
0.57148
0.61226
0.87124
0.8547
0.815
0.61519
0.81039
0.4577
0.62307
0.77815
0.78084
0.67624
0.81796
0.57335
0.86057
0.73969
0.67858
0.86547
0.78381
0.51978
0.49438
0.83263
0.79938
0.69054
0.77056
0.71077
0.78897
0.55537
0.64164
0.66792
0.74767
0.7966
0.55582
0.95151
0.84871
0.84773
0.48439
0.40474
0.17971
0.62935
0.46919
0.58991
0.70624
0.56118
0.59069
0.37883
0.70648
0.87447
0.71608
0.65637
0.67846
0.84365
0.92819
0.77684
0.86698
0.79468
0.79422
0.79927
0.75772
0.7845
0.72637
0.83485
0.60565
0.59478
0.7224
0.86212
0.69462
0.78586
0.78688
0.51744
0.52948
0.728
0.74952
0.62593
0.709
0.59785
0.92953
0.62229
0.7817
0.62957
0.80295
0.72634
0.67468
0.56313
0.68584
0.51554
0.64315
0.68582
0.70985
0.75191
0.62797
0.69761
0.87998
0.91134
0.97545
0.99306
0.83577
0.68177
0.82315
0.75371
0.62352
0.64741
0.63642
0.73402
0.66645
0.85276
0.55035
0.86547
0.78105
0.71103
0.71501
0.66855
0.38272
0.69014
0.47945
0.62134
0.91164
0.74375
0.63259
0.64584
0.77381
0.67226
0.66594
0.62731
0.72479
0.77019
0.86004
0.84057
0.47512
0.82266
0.58756
0.85499
0.40023
0.6152
0.80634
0.3331
0.6167
0.78125
0.78188
0.5933
0.88811
0.51763
0.77872
0.67568
0.6394
0.86467
0.58357
0.79328
0.855
0.66268
0.80706
0.71782
0.7325
0.34032
0.49656
0.84073
0.64629
0.50411
0.71266
0.82282
0.90558
0.9152
0.75022
0.72357
0.94779
0.66135
0.54329
0.6235
0.94248
0.84656
0.70102
0.50203
0.7744
0.60756
0.50702
0.83796
0.59807
0.50491
0.76341
0.5438
0.73593
0.84077
0.73013
0.72964
0.8037
0.53836
0.57817
0.76559
0.7217
0.67186
0.46343
0.82783
0.74065
0.85254
0.78539
0.57632
0.54516
0.86176
0.72488
0.33753
0.71035
0.72387
0.66789
0.17268
0.72732
0.76576
0.62517
0.34427
0.67008
0.90587
0.63773
0.62999
0.90137
0.80205
0.79669
0.59533
0.62659
0.29791
0.5805
0.95188
0.77415
0.56869
0.44668
0.44238
0.8382
0.53489
0.6741
0.9403
0.43307
0.51713
0.94123
0.43459
0.78172
0.57045
0.84864
0.55265
0.54654
0.83724
0.78038
0.78501
0.77194
0.75698
0.93222
0.72144
0.66645
0.73296
0.642
0.46066
0.86183
0.46799
0.90231
0.79382
0.62535
0.9284
0.66833
0.66739
0.59522
0.61768
0.77897
0.55357
0.40818
1.0155
0.73537
0.65132
0.75163
0.62334
0.73173
0.72481
0.63738
0.65988
0.57984
0.60978
0.82446
0.33227
0.80113
0.75933
0.57618
0.78742
0.7996
0.78594
0.71926
0.55391
0.70844
0.64248
0.55381
0.65921
0.78311
0.64533
0.68938
0.79442
0.87347
0.61969
0.63221
0.99609
0.71811
0.60311
0.95852
0.34789
0.82215
0.74832
0.69072
0.67756
0.80082
0.83968
0.59007
0.80393
0.68796
0.84245
0.80367
0.80186
0.76616
0.9551
0.76032
0.93701
0.68695
0.79981
0.50952
0.70334
0.77877
0.52827
0.88758
0.73161
0.62771
0.88457
0.83536
0.51642
0.50056
0.79171
0.54598
0.61155
0.61992
0.54155
0.72155
0.6616
0.66637
0.78399
0.81067
0.66895
0.91009
0.65497
0.48926
0.5983
0.63899
0.87848
0.74565
0.77305
0.71768
0.70962
0.74421
0.85899
0.452
0.76278
0.69913
0.60874
0.57353
0.66562
0.81044
0.84509
0.6952
0.80473
0.67452
0.92773
0.79352
0.59712
0.47949
0.68696
0.83601
0.61108
0.82499
0.59172
0.86849
0.85826
0.72759
0.54082
0.69642
0.58337
0.53273
0.68765
0.86528
0.75225
0.44411
0.73411
0.88867
0.65191
0.84617
0.63906
0.8098
0.66711
0.3913
0.5874
0.63289
0.80056
0.79745
0.56979
0.67141
0.75638
0.60183
0.88364
1.0237
0.59529
0.65544
0.56797
0.62749
0.69421
0.82262
0.78713
0.71745
0.75428
0.84534
0.79402
0.70647
0.79378
0.76384
0.58629
0.63435
0.73433
0.92105
0.75522
0.56411
0.76465
0.82002
0.58507
0.61295
0.74436
0.66624
0.83785
0.46949
0.41292
0.54159
0.8201
0.76123
0.78316
0.6391
0.75623
0.63756
0.81032
0.8828
0.7561
0.66293
0.49379
0.64314
0.44029
0.68977
0.82351
0.91272
0.72673
0.75388
0.66533
0.77541
0.64284
0.77596
0.67986
0.77099
0.81109
0.52252
0.6344
0.74078
0.6392
0.74929
0.95814
0.934
0.78237
0.8357
0.6734
0.54331
0.73197
0.29811
0.79432
0.71181
0.41464
0.75259
0.53325
0.68599
0.84965
0.52501
0.5784
0.78948
0.56645
0.80695
0.53214
0.30311
0.92873
0.45655
0.6945
0.51472
0.80455
0.56195
0.69987
0.80905
0.68012
0.56678
0.67657
0.67395
0.76196
0.78316
0.78298
0.69819
0.45933
0.84916
0.65238
0.55327
0.75639
0.74177
0.76785
0.68065
0.80427
0.7473
0.84224
0.70051
0.51543
0.52407
0.86597
0.49784
0.72025
0.73551
0.85832
0.44186
0.75256
0.71954
0.8082
0.69005
0.74547
0.83227
0.73121
0.7874
0.82902
0.97686
0.50955
0.82581
0.35004
0.68673
0.62092
0.68143
0.6625
0.65949
0.80437
0.4467
0.48402
0.7357
0.67579
0.6187
0.8281
0.92855
0.78866
0.78666
0.3862
0.90109
0.76985
0.86963
0.67093
0.70006
0.75303
0.57541
0.67422
0.67463
0.75608
0.69295
0.57128
0.55025
0.44734
0.67386
0.54164
0.81164
0.62232
0.54132
0.74658
0.78804
0.64075
0.61036
0.61978
0.55218
0.76538
0.51684
0.51942
0.61055
0.80422
0.88981
0.86137
0.84875
0.57404
0.8052
0.50701
0.78583
0.55484
0.50186
0.52854
0.54258
0.25155
0.71412
0.68316
0.78203
0.82872
0.55132
0.76578
0.74736
0.56024
0.6553
0.91099
0.65656
0.80151
0.67252
0.76152
0.8539
0.66777
0.76299
0.58124
0.74611
0.65746
0.79437
0.77466
0.8169
0.76245
0.7844
0.92097
0.91711
0.53937
0.6277
0.6802
0.75765
0.72098
0.63766
0.67075
0.90081
0.7742
0.71522
0.54225
0.71073
0.87007
0.47347
0.51357
0.58376
0.51036
0.61671
0.74217
0.63893
0.76699
0.70574
0.68532
0.93229
0.68562
0.68948
0.56997
0.75806
0.53776
0.6309
0.49349
0.83856
0.60407
0.71522
0.7101
0.6936
0.73016
0.71883
0.82007
0.91982
0.6495
0.71466
0.75183
0.62371
0.80416
0.61071
0.62241
0.90441
0.60225
0.54871
0.79482
0.61348
0.71564
0.80145
0.51766
0.69159
0.82735
0.62825
0.75608
0.63052
0.69679
0.53149
0.76435
0.58785
0.62508
0.59174
0.71913
0.64546
0.63596
0.80272
0.77326
0.73129
0.61606
0.62815
0.73076
0.70714
0.65351
0.57083
0.82161
0.59339
0.72289
0.23541
0.68283
0.51162
0.48022
0.80639
0.71193
0.64665
0.52701
0.54775
0.38223
0.55508
0.65872
0.42339
0.80529
0.82115
0.76644
0.60567
0.75206
0.74182
0.43918
0.92985
0.70881
0.48443
0.70213
0.81243
0.62625
0.64257
0.7275
0.51516
0.56293
0.88598
0.63936
0.70808
0.61043
0.4681
0.76527
0.36404
0.7257
0.82299
0.76069
0.80643
0.6274
0.60937
0.98611
0.77363
0.44094
0.62714
0.38794
0.94674
0.48662
0.76216
0.83755
0.38057
0.83524
0.61107
0.80068
0.75952
0.73206
0.76237
0.78793
0.64646
0.6209
0.71209
0.61796
0.79533
0.75553
0.70684
0.90534
0.71367
0.57431
0.66744
0.62001
0.86717
0.76464
0.59324
0.75589
0.71317
0.6664
0.73106
0.78204
0.60519
0.8072
0.59343
0.79004
0.63932
0.54114
0.46851
0.6611
0.59165
0.58612
0.92584
0.69422
0.73608
0.79078
0.92034
0.68057
0.78613
0.69965
0.75351
0.6633
0.44681
0.60781
0.93348
0.65767
0.70339
0.7525
0.71435
0.57704
0.36478
0.54924
0.77259
0.74352
0.72367
0.65544
0.72975
0.73269
0.64528
0.87973
0.37592
0.82603
0.78128
0.79613
0.8705
0.79306
0.68896
0.77382
0.71103
0.53591
0.65002
0.70177
0.37616
0.80571
0.78155
0.52709
0.63702
0.63855
0.66286
0.43928
0.72757
0.72775
0.75024
0.54969
0.85018
0.51253
0.4694
0.53018
0.50772
0.77902
0.4122
0.5226
0.67764
0.98384
0.45325
0.70169
0.43145
0.6436
0.93792
0.60891
0.82694
0.72461
0.26447
0.7534
0.62779
0.68423
0.67131
0.71742
0.71925
0.80128
0.89326
0.9631
0.68586
0.68771
0.4686
0.51018
0.3214
0.69313
0.93358
0.76878
0.51776
0.87015
0.47813
0.75781
0.72779
0.4669
0.67612
0.61156
0.67786
0.78845
0.78487
0.58111
0.80968
0.60608
0.82123
0.65221
0.42316
0.90386
0.72794
0.78131
0.82007
0.5838
0.55748
0.38765
0.33946
0.9234
0.67118
0.67376
0.5932
0.89963
0.80845
0.80972
0.73292
