0.82664
0.57106
0.56983
0.5839
0.49904
0.27454
0.60804
0.70983
0.70122
0.68748
0.48115
0.77873
0.41987
0.80096
0.41418
0.65514
0.64642
0.70793
0.88567
0.65125
0.46648
0.71025
0.60978
0.55124
0.74838
0.91326
0.68635
0.59774
0.53292
0.71992
0.50858
0.57206
0.7582
0.80899
0.60117
0.63809
0.2703
0.70594
0.5219
0.58255
0.72312
0.68383
0.54023
0.58086
0.34706
0.69131
0.60967
0.69667
0.57822
0.81732
0.67343
0.44665
0.74828
0.86547
0.53681
0.68187
0.58504
0.69347
0.45295
0.88703
0.2604
0.63199
0.32885
0.56811
0.76306
0.54769
0.60181
0.62476
0.57622
0.56121
0.59742
0.64292
0.41245
0.77392
0.72852
0.6098
0.63776
0.82591
0.63144
0.75612
0.60729
0.34488
0.73826
0.58513
0.63581
0.52282
0.53657
0.88131
0.57949
0.66301
0.65668
0.66869
0.64014
0.62657
0.50555
0.6549
0.61681
0.54574
0.78425
0.64659
0.55056
0.77399
0.65689
0.67806
0.43064
0.52235
0.50247
0.75842
0.61041
0.74526
0.86474
0.62892
0.72436
0.4825
0.8159
0.70649
0.8932
0.60307
0.68449
0.69025
0.65311
0.69381
0.37917
0.51596
0.62032
0.6771
0.599
0.71538
0.7188
0.61863
0.40786
0.80816
0.64842
0.51446
0.78148
0.28698
0.48382
0.7025
0.69244
0.55446
0.80797
0.48498
0.56627
0.51958
0.41285
0.77864
0.52636
0.56203
0.67564
0.59284
0.56914
0.73648
0.74343
0.48462
0.78621
0.82479
0.76111
0.5045
0.68527
0.84177
0.6303
0.74695
0.46504
0.6335
0.77782
0.825
0.2586
0.54633
0.84395
0.74965
0.56568
0.81926
0.36014
0.66465
0.63798
0.86424
0.65224
0.80888
0.69119
0.78195
0.47829
0.53065
0.57025
0.32278
0.63308
0.6432
0.61119
0.56849
0.76221
0.39843
0.56823
0.54295
0.67763
0.36759
0.60119
0.37652
0.54207
0.74742
0.74952
0.67181
0.80239
0.52468
0.68127
0.69574
0.3333
0.641
0.68318
0.52124
0.68643
0.76895
0.60042
0.7217
0.64763
0.47357
0.50902
0.46564
0.4816
0.50401
0.6379
0.70011
0.43792
0.58926
0.68723
0.27547
0.71036
0.61334
0.5857
0.34015
0.71992
0.60443
0.36502
0.65212
0.60475
0.57675
0.59433
0.44491
0.54326
0.46698
0.61922
0.67623
0.67336
0.49184
0.67589
0.51431
0.73615
0.9009
0.78913
0.82458
0.52294
0.52557
0.53507
0.61287
0.59152
0.7245
0.81916
0.56102
0.93351
0.47584
0.72553
0.777
0.28093
0.56565
0.63388
0.40705
0.57113
0.78469
0.67891
0.69941
0.65644
0.58745
0.73694
0.7364
0.63946
0.61649
0.80421
0.59121
0.57832
0.58417
0.42365
0.61064
0.71282
0.66861
0.56423
0.71411
0.59661
0.61929
0.66311
0.59681
0.85208
0.50409
0.66867
0.71405
0.57603
0.68554
0.47641
0.58581
0.69455
0.75251
0.79474
0.77319
0.72047
0.7333
0.49929
0.85757
0.61449
0.54634
0.93112
0.61542
0.75375
0.61953
0.75641
0.66337
0.46786
0.78617
0.72494
0.61085
0.75963
0.63098
0.79518
0.74291
0.61508
0.67073
0.54282
0.46652
0.71687
0.69178
0.80006
0.77572
0.54989
0.48243
0.76252
0.76777
0.45547
0.20838
0.79513
0.5264
0.76171
0.55294
0.52072
0.3234
0.70685
0.63701
0.53635
0.68518
0.3386
0.69814
0.47479
0.58898
0.85105
0.72505
0.5698
0.94512
0.50212
0.55472
0.7209
0.73577
0.57437
0.75219
0.56119
0.59572
0.79312
0.63503
0.38119
0.545
0.62177
0.6597
0.71889
0.5912
0.48223
0.80072
0.69786
0.76354
0.76774
0.2257
0.76941
0.87004
0.71973
0.39275
0.72185
0.60933
0.60056
0.6572
0.49988
0.65004
0.56121
0.73099
0.66478
0.64714
0.57821
0.26159
0.53814
0.55309
0.58757
0.7178
0.72272
0.6803
0.5879
0.55934
0.73228
0.75283
0.73978
0.44502
0.59935
0.71596
0.53613
0.70795
0.37556
0.43089
0.5146
0.77523
0.66031
0.54122
0.49777
0.612
0.75481
0.61917
0.30181
0.48959
0.56921
0.6286
0.65758
0.51743
0.66614
0.62862
0.67858
0.59892
0.72386
0.75965
0.86728
0.92184
0.83597
0.6911
0.63108
0.38716
0.58622
0.61031
0.63692
0.41964
0.5106
0.26859
0.65348
0.77891
0.52163
0.7493
0.77446
0.75351
0.91825
0.31659
0.50652
0.74208
0.53705
0.44523
0.65528
0.56528
0.70777
0.59772
0.7121
0.41832
0.66129
0.54021
0.70058
0.73892
0.84252
0.74164
0.78563
0.64042
0.43078
0.65531
0.66723
0.57682
0.88078
0.51885
0.5265
0.73772
0.77872
0.86823
0.57208
0.59866
0.60122
0.53449
0.77784
0.77964
0.56072
0.63463
0.44857
0.61052
0.54898
0.73745
0.69386
0.64727
0.64985
0.77209
0.60464
0.67848
0.63389
0.43018
0.66809
0.43187
0.63503
0.68997
0.69944
0.62614
0.48233
0.72808
0.54601
0.76928
0.48468
0.56596
0.84604
0.54641
0.67248
0.51339
0.57148
0.8296
0.66813
0.70971
0.63556
0.68839
0.41184
0.6394
0.62358
0.69905
0.46789
0.6598
0.51484
0.4341
0.91467
0.70211
0.70388
0.6035
0.5882
0.46649
0.51973
0.66138
0.66649
0.64035
0.71865
0.60339
0.67083
0.45692
0.55278
0.80321
0.41416
0.51607
0.79972
0.57904
0.77345
0.88909
0.51433
0.72401
0.51543
0.79098
0.46729
0.73807
0.76277
0.60859
0.64467
0.64915
0.502
0.72537
0.42608
0.50168
0.79667
0.67846
0.33753
0.70393
0.7478
0.54032
0.52228
0.47583
0.55792
0.76521
0.6998
0.7157
0.69123
0.53439
0.6036
0.73183
0.59065
0.61174
0.44763
0.67273
0.64321
0.71212
0.54896
0.59476
0.66207
0.63523
0.55782
0.47108
0.76828
0.7691
0.58543
0.41662
0.40804
0.77344
0.60933
0.7594
0.59035
0.34237
0.63145
0.78891
0.66618
0.7692
0.32451
0.73334
0.44822
0.46672
0.72629
0.67236
0.62477
0.45613
0.83876
0.52122
0.68967
0.67462
0.46226
0.77607
0.90649
0.50906
0.65691
0.7707
0.55354
0.7747
0.80516
0.65919
0.68242
0.64287
0.66807
0.42008
0.60057
0.6704
0.63236
0.6548
0.38809
0.51983
0.43166
0.72523
0.64908
0.65479
0.5335
0.88615
0.72913
0.63802
0.62208
0.69419
0.67868
0.86462
0.66921
0.78301
0.72092
0.49751
0.56034
0.70261
0.55401
0.22732
0.70289
0.68627
0.80393
0.56757
0.70732
0.5682
0.82533
0.51903
0.66747
0.59858
0.64655
0.64769
0.56788
0.60899
0.72826
0.38721
0.83625
0.4037
0.63394
0.74907
0.5072
0.78492
0.86256
0.58506
0.69005
0.73722
0.52556
0.4489
0.5692
0.53301
0.31653
0.63389
0.87231
0.36757
0.61096
0.66653
0.61182
0.78065
0.70005
0.71192
0.30477
0.44151
0.86708
0.82916
0.66168
0.59893
0.69032
0.68589
0.511
0.76374
0.54981
0.59123
0.44383
0.60658
0.55593
0.59201
0.56433
0.6614
0.54907
0.6688
0.33405
0.65261
0.47766
0.81551
0.51809
0.30273
0.74942
0.6738
0.57139
0.50677
0.84492
0.62851
0.39256
0.71323
0.6918
0.41182
0.63467
0.76236
0.66227
0.81326
0.75262
0.66724
0.47879
0.68718
0.62685
0.70927
0.60358
0.65978
0.2237
0.84166
0.49878
0.62061
0.588
0.31678
0.59497
0.73782
0.56957
0.45342
0.51063
0.75359
0.50153
0.57455
0.64068
0.64747
0.64827
0.62782
0.3021
0.64763
0.67281
0.32678
0.86032
0.63431
0.43145
0.69516
0.6214
0.80077
0.72131
0.53925
0.8332
0.39781
0.62451
0.63514
0.55458
0.6669
0.41086
0.64418
0.75901
0.66821
0.72446
0.31516
0.69002
0.82241
0.77817
0.76323
0.77962
0.75098
0.58002
0.66136
0.56895
0.78502
0.43414
0.61933
0.61603
0.58644
0.30256
0.59386
0.4656
0.48631
0.32265
0.81714
0.65368
0.64217
0.60355
0.56886
0.64668
0.56967
0.83815
0.76249
0.45643
0.48783
0.70545
0.74272
0.75231
0.47567
0.62267
0.42
0.66781
0.68732
0.43496
0.63871
0.7178
0.41742
0.48979
0.78813
0.63925
0.52
0.65862
0.7276
0.71448
0.60826
0.61856
0.73989
0.773
0.44644
0.5584
0.70455
0.48523
0.6058
0.62197
0.60775
0.63205
0.43098
0.53438
0.77732
0.58017
0.78117
0.94014
0.75762
0.60085
0.58703
0.7432
0.62963
0.37433
0.67362
0.46672
0.56947
0.6874
0.40225
0.51354
0.89328
0.45213
0.64312
0.36475
0.53472
0.75906
0.69982
0.37428
0.36398
0.76979
0.82026
0.60892
0.6809
0.45716
0.55528
0.86853
0.54328
0.7944
0.59036
0.55486
0.49281
0.57138
0.36671
0.69542
0.62003
0.561
0.65371
0.68437
0.60598
0.84104
0.64874
0.61672
0.70389
0.69893
0.65971
0.73525
0.71015
0.34461
0.56379
0.59021
0.68135
0.5505
0.76045
0.75864
0.65294
0.25269
0.52047
0.44627
0.58509
0.48976
0.73004
0.75314
0.42666
0.59844
0.82354
0.50465
0.64882
0.74751
0.32386
0.79671
0.63299
0.49618
0.89193
0.62851
0.65635
0.3379
0.64631
0.53074
0.82194
0.50065
0.76128
0.71304
0.58851
0.72688
0.51254
0.67968
0.54486
0.60001
0.59524
0.6025
0.73169
0.52932
0.61102
0.65499
0.78316
0.66832
0.84826
0.42946
0.62283
0.79252
0.41268
0.27537
0.73702
0.66532
0.5845
0.6987
0.83616
0.84076
0.77021
0.81073
0.71154
0.39693
0.76639
0.54078
0.78281
0.77842
0.70034
0.36372
0.34736
0.5535
0.80129
0.59337
0.48841
0.52649
0.74223
0.32637
0.65761
0.60017
0.80506
0.68856
0.79465
0.7529
0.73941
0.641
0.46208
0.30999
0.2982
0.59007
0.74225
0.61654
0.41889
0.69271
0.41841
0.93572
0.73618
0.81242
0.51105
0.58953
0.4496
0.7558
0.72483
0.79342
0.5259
0.8262
0.73641
0.37456
0.77213
0.71885
0.84277
0.69734
0.6038
0.87419
0.75086
0.81176
0.63868
0.64396
0.48062
0.63436
0.34965
0.69048
0.67299
0.45628
0.48747
0.7621
0.39431
0.93984
0.54444
0.73678
0.52736
0.39484
0.8903
0.32173
0.69837
0.61794
0.81555
0.68191
0.78735
0.5798
0.8392
0.65374
0.76961
0.5874
0.6952
0.65653
0.4854
0.57848
0.61476
0.57558
0.54054
0.79339
0.76797
0.61999
0.69187
0.67626
0.61317
0.61568
0.64264
0.49192
0.71917
0.71833
0.49367
0.70945
0.57087
0.57236
0.63425
0.81583
0.57739
0.54192
0.50838
0.53012
0.67302
0.14837
0.69714
0.54821
0.61288
0.61781
0.77656
0.55905
0.63133
0.69711
0.71363
0.58479
0.79049
0.73942
0.4484
0.67612
0.59276
0.66322
0.25092
0.54821
0.68036
0.78133
0.50358
0.70729
0.47534
0.64224
0.56312
0.51683
0.85723
0.67541
0.53392
0.82732
0.58921
0.56344
0.46444
0.49045
0.33596
0.71523
0.75334
0.51306
0.63328
0.75941
0.78593
0.71922
0.58494
0.53472
0.72841
0.51205
0.80796
0.62716
0.69782
0.29746
0.73894
0.37275
0.4633
0.61393
0.59711
0.86581
0.55076
0.60184
0.62252
0.85587
0.572
0.75005
0.49408
0.6363
0.5958
0.91897
0.47343
0.59436
0.18026
0.55049
0.51923
0.51022
0.67243
0.58655
0.56051
0.70505
0.65287
0.57588
0.54825
0.54148
0.52917
0.52367
0.76211
0.79536
0.79456
0.45614
0.58648
0.7715
0.33112
0.61708
0.59876
0.77927
0.59791
0.72928
0.68364
0.60645
0.86663
0.4986
0.7288
0.90865
0.55655
0.55337
0.4438
0.75299
0.6439
0.65852
0.54509
0.65838
0.85264
0.54413
0.36252
0.68305
0.71207
0.65771
0.68806
0.33304
0.63598
0.68539
0.56078
0.47667
0.49766
0.76152
0.79177
0.78173
0.80706
0.51263
0.81459
0.76164
0.6231
0.46605
0.67708
0.62941
0.66192
0.58878
0.77153
0.86259
0.63688
0.65152
0.16379
0.75376
0.45283
0.59667
0.83677
0.41588
0.83458
0.64877
0.81042
0.58719
0.51623
0.56077
0.80509
0.64552
0.60855
0.43892
0.52965
0.79619
0.70586
0.80463
0.87349
0.4589
0.74145
0.69975
0.7791
0.64383
0.74307
0.58642
0.73136
0.36515
0.61984
0.77165
0.74133
0.85677
0.79019
0.57573
0.73569
0.61331
0.62903
0.75574
0.4731
0.24147
0.57726
0.52844
0.62524
0.80375
0.5165
0.66159
0.62988
0.71262
0.59846
0.86341
0.8017
0.73555
0.7025
0.48364
0.37158
0.60237
0.38667
0.45422
0.76916
0.70356
0.50759
0.57928
0.71277
0.74792
0.74301
0.61378
0.88333
0.53789
0.49704
0.62801
0.36349
0.42185
0.67247
0.54456
0.63792
0.74332
0.23975
0.62954
0.6297
0.54462
0.80145
0.49802
0.72684
0.65825
0.7632
0.49687
0.53949
0.70805
0.73285
0.70303
0.62049
0.70664
0.46238
0.7145
0.45491
0.6438
0.77569
0.60236
0.76417
0.50412
0.70583
0.6762
0.52688
0.7329
0.48111
0.83835
0.53589
0.7155
0.50647
0.7289
0.83212
0.79563
0.82923
0.54154
0.55122
0.54813
0.78431
0.56404
0.67371
0.65246
0.48048
0.70463
0.49086
0.49985
0.67939
0.62953
0.3925
0.56865
0.46882
0.69544
0.61068
0.22934
0.5228
0.73333
0.65116
0.50391
0.49268
0.62734
0.6022
0.58471
0.70769
0.70193
0.6945
0.44402
0.87438
0.72174
0.67023
0.88506
0.46033
0.50984
0.66335
0.63153
0.5978
0.60954
0.45672
0.63297
0.70509
0.59392
0.69496
0.48013
0.48809
0.473
0.70473
0.43135
0.68285
0.5967
0.35776
0.36485
0.71
0.72933
0.64676
0.5612
0.53345
0.64542
0.65381
0.50997
0.46006
0.68171
0.70801
0.59604
0.6636
0.67079
0.53144
0.43281
0.64189
0.7665
0.59764
0.6879
0.64669
0.80876
0.49379
0.66083
0.62353
0.31247
0.70162
0.57611
0.26574
0.67542
0.63708
0.75857
0.76665
0.49727
0.587
0.78403
0.65446
0.74796
0.8339
0.4202
0.58323
0.84379
0.54877
0.79362
0.87752
0.72406
0.68387
0.66135
0.59083
0.77755
0.45173
0.53842
0.74705
0.57199
0.71753
0.52186
0.41014
0.70579
0.51568
0.67063
0.56264
0.72525
0.64378
0.50599
0.46989
0.82787
0.71818
0.52407
0.58355
0.80914
0.61517
0.45718
0.72488
0.79306
0.30276
0.60116
0.67385
0.50992
0.48656
0.50439
0.63288
0.68138
0.76875
0.62286
0.70125
0.8907
0.58648
0.74407
0.77561
0.55405
0.44215
0.66169
0.80284
0.43385
0.83623
0.77104
0.73837
0.44579
0.62769
0.63185
0.79552
0.60322
0.80776
0.51583
0.47265
0.6833
0.74726
0.40905
0.84659
0.7358
0.46959
0.5716
0.76148
0.58833
0.59353
0.64328
0.64429
0.80821
0.31167
0.42115
0.76183
0.84973
0.59045
0.7211
0.70654
0.84632
0.57062
0.53956
0.51492
0.65801
0.75868
0.49394
0.53298
0.73582
0.48358
0.61699
0.86384
0.64786
0.64383
0.94115
0.42855
0.54179
0.62249
0.5032
0.6843
0.71398
0.52788
0.34452
0.8218
0.68215
0.4252
0.55469
0.3871
0.6201
0.75734
0.26623
0.75501
0.38323
0.57785
0.70678
0.60227
0.55338
0.76592
0.51557
0.61951
0.31482
0.74055
0.7528
0.68723
0.76007
0.54133
0.76319
0.71175
0.82169
0.5571
0.70833
0.82909
0.48953
0.46775
0.67399
0.79753
0.29451
0.58751
0.67006
0.56425
0.94469
0.54699
0.4613
0.71347
0.52381
0.61423
0.83297
0.63066
0.54882
0.64517
0.55451
0.65828
0.41303
0.6963
0.58319
0.41369
0.58189
0.82405
0.59048
0.84828
0.61747
0.42644
0.7231
0.60198
0.93859
0.58453
0.45261
0.64961
0.66505
0.51742
0.79216
0.72025
0.64994
0.48493
0.5561
0.75093
0.4638
0.60514
0.50807
0.76416
0.72652
0.61767
0.47995
0.62788
0.54429
0.4963
0.59454
0.73158
0.79673
0.44712
0.63744
0.80333
0.63413
0.69952
0.66174
0.71457
0.66389
0.52995
0.55565
0.77823
0.43317
0.40447
0.69436
0.5743
0.46389
0.41355
0.70188
0.68777
0.52674
0.67851
0.68586
0.65673
0.51047
0.54247
0.46825
0.75498
0.81428
0.76516
0.48831
0.57694
0.79855
0.61385
0.84518
0.7938
0.34595
0.54831
0.29687
0.84683
0.7951
0.54021
0.75998
0.5944
0.88152
0.44146
0.6388
0.72534
0.46448
0.58988
0.62401
0.50347
0.63077
0.58981
0.47235
0.50831
0.67259
0.69518
0.54194
0.38745
0.63871
0.42041
0.50192
0.73235
0.39347
0.66636
0.72738
0.76088
0.63648
0.76054
0.67729
0.71268
0.4371
0.4945
0.77129
0.50419
0.5121
0.61979
0.64464
0.83817
0.58678
0.75839
0.69191
0.70721
0.66281
0.32251
0.78206
0.67572
0.60266
0.65017
0.43757
0.25332
0.58318
0.70974
0.60841
0.53809
0.73734
0.41273
0.43605
0.54011
0.51923
0.70136
0.6591
0.60996
0.64085
0.76269
0.90059
0.79608
0.79079
0.48141
0.76166
0.57274
0.5239
0.59708
0.80883
0.7927
0.48521
0.34887
0.68257
0.78514
0.62309
0.69601
0.62359
0.5067
0.61515
0.55181
0.51074
0.8071
0.67653
0.50491
0.59676
0.48783
0.4785
0.73204
0.58201
0.67566
0.55396
0.68586
0.4284
0.65967
0.64978
0.72837
0.56736
0.57517
0.56422
0.74002
0.53436
0.65934
0.38938
0.75774
0.72768
0.64145
0.6558
0.74058
0.54863
0.62302
0.81128
0.4247
0.51789
0.61201
0.6955
0.66931
0.60993
0.91303
0.8052
0.51688
0.70528
0.68629
0.40653
0.65935
0.65735
0.52671
0.62519
0.48312
0.54602
0.74393
0.7651
0.66589
0.67682
0.65916
0.8142
0.64349
0.66608
0.55853
0.57179
0.71819
0.66706
0.58685
0.5973
0.29839
0.46583
0.41361
0.39623
0.69391
0.70672
0.49745
0.70597
0.60774
0.63042
0.73898
0.42332
0.81051
0.52841
0.6318
0.72231
0.63068
0.70916
0.58799
0.77569
0.1379
0.35301
0.52522
0.75527
0.67819
0.67003
0.63184
0.60136
0.53305
0.49572
0.34329
0.75301
0.58016
0.53954
0.52056
0.68621
0.60728
0.73686
0.49897
0.66716
0.68451
0.82304
0.80663
0.62577
0.7379
0.43711
0.4508
0.6229
0.64857
0.66851
0.4447
0.60072
0.89584
0.40073
0.74117
0.43265
0.35821
0.72475
0.53511
0.61214
0.43116
0.37167
0.71336
0.55015
0.48694
0.77315
0.50739
0.63529
0.62113
0.51953
0.7361
0.45292
0.78061
0.68154
0.69885
0.36327
0.47935
0.80278
0.6992
0.87708
0.92963
0.3124
0.70274
0.59228
0.50898
0.67124
0.67974
0.57521
0.4715
0.73333
0.76751
0.54787
0.34395
0.68972
0.81367
0.78424
0.56175
0.60099
0.76546
0.71909
0.80344
0.52281
0.59757
0.70883
0.47794
0.52111
0.86858
0.66292
0.67171
0.46267
0.83639
0.5335
0.64005
0.4686
0.66235
0.46764
0.65844
0.74495
0.66135
0.3554
0.62478
0.6479
0.45036
0.77751
0.82716
0.8998
0.86757
0.60092
0.74996
0.71567
0.63152
0.62337
0.6304
0.70392
0.70116
0.37828
0.49817
0.49451
0.46394
0.68369
0.65162
0.50182
0.57828
0.74286
0.50805
0.5516
0.67088
0.51519
0.69124
0.52682
0.5582
0.51554
0.67388
0.54998
0.50227
0.56962
0.58811
0.77632
0.53542
0.73135
0.83766
0.62641
0.39107
0.5969
0.80598
0.70512
0.78337
0.56997
0.39665
0.62704
0.55749
0.26009
0.83507
0.51869
0.79778
0.63466
0.67441
0.74297
0.67751
0.64459
0.61333
0.83276
0.77044
0.81316
0.36771
0.48787
0.56582
0.81302
0.74646
0.68735
0.65266
0.38881
0.49887
0.35455
0.59962
0.69272
0.6661
0.50956
0.67648
0.53841
0.52775
0.7512
0.54757
0.69748
0.77035
0.5861
0.48609
0.67805
0.85965
0.71504
0.70535
0.52506
0.68586
0.71023
0.64226
0.73427
0.58004
0.7073
0.62401
0.80597
0.63641
0.93188
0.78954
0.64146
0.4741
0.63012
0.80756
0.39827
0.46367
0.51877
0.72367
0.48379
0.87635
0.54952
0.7282
0.81464
0.55963
0.61731
0.31816
0.45902
0.87449
0.60468
0.73006
0.69063
0.57076
0.56613
0.59973
0.65836
0.27623
0.629
0.72749
0.72134
0.68487
0.58555
0.77337
0.81722
0.56147
0.82318
0.45589
0.44874
0.81968
0.58042
0.8182
0.38261
0.63649
0.44617
0.70665
0.38112
0.40546
0.72662
0.68715
0.5875
0.62506
0.63206
0.72348
0.67876
0.66257
0.58763
0.48587
0.4059
0.71977
0.45564
0.61145
0.2678
0.72115
0.82479
0.61411
0.72423
0.67023
0.71467
0.62412
0.72667
0.48698
0.52693
0.73734
0.78605
0.67786
0.6657
0.54236
0.79518
0.56867
0.61751
0.75587
0.55756
0.67212
0.60091
0.77673
0.70202
0.54029
0.57071
0.64082
0.66715
0.59865
0.66208
0.94691
0.54305
0.44109
0.75286
0.81333
0.63624
0.7365
0.61198
0.78816
0.52226
0.73404
0.5882
0.56032
0.39176
0.46535
0.84449
0.65223
0.64682
0.38617
0.89512
0.48694
0.81418
0.47357
0.67653
0.72513
0.93526
0.79955
0.80479
0.34224
0.62826
0.58101
0.5211
0.31853
0.62723
0.47951
0.68125
0.63796
0.71401
0.88368
0.68366
0.66331
0.5287
0.53279
0.63633
0.73982
0.67688
0.53825
0.67804
0.45282
0.4713
0.61261
0.75679
0.85237
0.68821
0.52317
0.6298
0.40324
0.36703
0.46351
0.3076
0.91307
0.51709
0.25145
0.55981
0.59693
0.52105
0.71073
0.51184
0.81541
0.49264
0.56664
0.45819
0.5295
0.51654
0.68564
0.75364
0.83483
0.55697
0.80858
0.55013
0.69904
0.54426
0.43444
0.61075
0.59342
0.53721
0.78294
0.79222
0.60066
0.6342
0.65956
0.72551
0.51896
0.5005
0.79773
0.33492
0.66281
0.60913
0.57342
0.67177
0.38291
0.64501
0.6011
0.86403
0.47175
0.69087
0.58297
0.62906
0.78322
0.73204
0.71478
0.68654
0.77804
0.73315
0.65445
0.4886
0.30041
0.63702
0.38738
0.31451
0.71787
0.65726
0.60209
0.55912
0.68386
0.52186
0.62047
0.68216
0.61361
0.77162
0.458
0.60962
0.71966
0.36017
0.52224
0.57953
0.56277
0.52302
0.67062
0.56126
0.64761
0.69459
0.47634
0.59929
0.57734
0.90829
0.46776
0.61435
0.63329
0.89307
0.53033
0.73489
0.45417
0.3703
0.75475
0.6665
0.38402
0.67371
0.66618
0.49827
0.35957
0.7415
0.3775
0.73949
0.75475
0.39504
0.47414
0.64798
0.81523
0.67414
0.67422
0.54349
0.43099
0.82462
0.57713
0.88029
0.6341
0.19987
0.65551
0.59444
0.73686
0.86192
0.57106
0.58689
0.45916
0.54672
0.70878
0.76273
0.75552
0.64133
0.38737
0.59152
0.41783
0.83448
0.65959
0.72463
0.55131
0.43521
0.60381
0.46755
0.7886
0.63007
0.52028
0.56788
0.74086
0.87963
0.60313
0.57278
0.61296
0.53591
0.7074
0.72323
0.61214
0.64715
0.80052
0.70478
0.46769
0.78117
0.61174
0.62205
0.59139
0.69011
0.51392
0.64225
0.87867
0.57233
0.58843
0.59077
0.6884
0.61372
0.66078
0.61844
0.56885
0.76759
0.61954
0.72145
0.88165
0.4346
0.73813
0.74095
0.79211
0.59545
0.72138
0.72043
0.58847
0.744
0.575
0.77708
0.57379
0.64518
0.78297
0.40652
0.49879
0.76454
0.68167
0.60698
0.6382
0.61825
0.86221
0.51463
0.57993
0.7061
0.42172
0.85904
0.67545
0.5548
0.50774
0.67609
0.63602
0.61715
0.6472
0.7455
0.60153
0.75674
0.65919
0.42738
0.65062
0.58456
0.66628
0.81794
0.45529
0.71034
0.71656
0.70612
0.77858
0.67526
0.59233
0.69026
0.6799
0.81525
0.64121
0.39817
0.60446
0.69402
0.64558
0.52352
0.68127
0.44261
0.68556
0.34243
0.44867
0.67492
0.64002
0.32063
0.68114
0.50069
0.53132
0.68582
0.36075
0.77031
0.73232
0.68274
0.80499
0.71866
0.45993
0.72068
0.65194
0.63416
0.76591
0.46694
0.64098
0.60736
0.77143
0.76288
0.70516
0.56483
0.54691
0.7546
0.45341
0.41695
0.7234
0.56623
0.38507
0.86066
0.60412
0.54662
0.5672
0.4119
0.77438
0.53443
0.38223
0.59233
0.49908
0.72479
0.72471
0.62478
0.67851
0.71227
0.7077
0.87385
0.59478
0.3392
0.6562
0.53747
0.54637
0.49451
0.69113
0.45703
0.69911
0.56899
0.5821
0.65263
0.4409
0.54263
0.7927
0.76009
0.54003
0.77932
0.58414
0.61743
0.45133
0.58364
0.47077
0.33786
0.63922
0.56669
0.70519
0.73298
0.55199
0.63913
0.66964
0.56922
0.63615
0.73349
0.77334
0.46939
0.75598
0.48062
0.55896
0.84024
0.50684
0.47258
0.40343
0.64485
0.48154
0.87614
0.95638
0.46945
0.54859
0.78075
0.49804
0.703
0.59476
0.31125
0.66353
0.69057
0.69534
0.67005
0.32799
0.80424
0.5511
0.70519
0.74852
0.54695
0.62071
0.77492
0.39007
0.44192
0.42369
0.8486
0.74189
0.60772
0.70706
0.46944
0.68222
0.66438
0.77125
0.43734
0.69118
0.60954
0.53195
0.70812
0.70562
0.63552
0.74643
0.77949
0.60695
0.66373
0.60656
0.66897
0.33722
0.69369
0.53309
0.58452
0.84453
0.57056
0.80227
0.51105
0.94193
0.49749
0.70626
0.67018
0.63786
0.70716
0.56252
0.41212
0.69469
0.22871
0.45092
0.46042
0.68134
0.59809
0.6942
0.63188
0.58534
0.60803
0.46411
0.72877
0.51527
0.65074
0.40602
0.59241
0.61624
0.67797
0.62509
0.66868
0.86616
0.74428
0.16939
0.58922
0.58417
0.6543
0.55059
0.77748
0.60166
0.62478
0.73058
0.78784
0.8304
0.61101
0.71688
0.5408
0.60911
0.29148
0.7876
0.60468
0.72194
0.3552
0.34794
0.76094
0.65096
0.68439
0.63148
0.73282
0.66429
0.71068
0.72595
0.64201
0.6937
0.58657
0.75126
0.92577
0.73774
0.70673
0.80204
0.76914
0.77559
0.73481
0.63369
0.668
0.57753
0.64857
0.78328
0.33419
0.80896
0.54591
0.57373
0.86111
0.70967
0.73441
0.72939
0.44458
0.69123
0.59497
0.63284
0.7141
0.62021
0.33352
0.58233
0.7352
0.59382
0.7584
0.60239
0.62876
0.73338
0.68601
0.7187
0.72674
0.83088
0.3574
0.5163
0.56763
0.72667
0.4835
0.54631
0.71668
0.62367
0.65852
0.44042
0.54564
0.57623
0.39131
0.47334
0.60064
0.66031
0.81063
0.47825
0.44277
0.38357
0.75247
0.83419
0.79394
0.65332
0.77494
0.60104
0.51602
0.63386
0.58532
0.61843
0.57568
0.44322
0.3761
0.73896
0.67029
0.65303
0.63105
0.75354
0.36444
0.64055
0.7839
0.52461
0.63991
0.90243
0.73416
0.79945
0.5496
0.71017
0.61068
0.78486
0.78482
0.79291
0.58715
0.60725
0.681
0.48994
0.78792
0.7043
0.71639
0.5944
0.63469
0.55448
0.54817
0.5476
0.62575
0.7709
0.45987
0.58885
0.75201
0.64614
0.6967
0.81681
0.87497
0.60927
0.73868
0.65039
0.75682
0.45012
0.75193
0.43588
0.55818
0.55691
0.81718
0.76973
0.64715
0.72647
0.75404
0.7016
0.83774
0.54162
0.47098
0.61129
0.51579
0.64184
0.41053
0.58973
0.49635
0.63491
0.56844
0.61006
0.74915
0.50159
0.60764
0.61455
0.77385
0.49421
0.87633
0.54917
0.4606
0.67729
1.0063
0.40539
0.80892
0.7417
0.61537
0.66858
0.58197
0.83786
0.80573
0.53707
0.66751
0.63473
0.75802
0.67096
0.66382
0.90164
0.60331
0.76641
0.74617
0.60891
0.4629
0.36477
0.59069
0.5805
0.57763
0.55291
0.65332
0.48368
0.44327
0.61421
0.46167
0.8413
0.44328
0.43287
0.70313
0.75859
0.74942
0.60356
0.53874
0.63564
0.85001
0.58245
0.69642
0.46093
0.50949
0.88599
0.50166
0.77104
0.66693
0.79002
0.5338
0.48192
0.61639
0.61879
0.57342
0.51685
0.5698
0.82133
0.71808
0.67184
0.61404
0.40363
0.50793
0.76749
0.66463
0.75276
0.68797
0.49739
0.62176
0.74595
0.47456
0.48166
0.52878
0.74933
0.48761
0.8263
0.5485
0.6015
0.68887
0.46407
0.73205
0.31228
0.77451
0.35276
0.51682
0.76791
0.77085
0.8421
0.67748
0.6764
0.78058
0.62168
0.73639
0.63155
0.58408
0.88026
0.58692
0.72179
0.74227
0.50042
0.21996
0.75973
0.84638
0.57432
0.64778
0.71822
0.68543
0.70748
0.59811
0.75202
0.55933
0.64578
0.68036
0.76041
0.48119
0.74652
0.51385
0.79448
0.69399
0.69137
0.94959
0.40875
0.59824
0.3799
0.57495
0.57157
0.60251
0.57642
0.82449
0.72016
0.76112
0.55098
0.76249
0.56289
0.57156
0.5611
0.69514
0.77691
0.69442
0.80669
0.85862
0.50467
0.57118
0.63768
0.29905
0.77894
0.44047
0.60655
0.74567
0.81887
0.81808
0.46778
0.81264
0.68234
0.78409
0.59573
0.74263
0.52768
0.7851
0.59563
0.78225
0.46306
0.82029
0.79043
0.75122
0.5858
0.88831
0.71864
0.664
0.52619
0.63325
0.68438
0.68936
0.68949
0.619
0.41871
0.8001
0.74019
0.73742
0.56235
0.59982
0.79788
0.67589
0.61316
0.71073
0.63763
0.57894
0.62656
0.67601
0.56074
0.22141
0.59404
0.70764
0.82409
0.75377
0.60644
0.8188
0.7059
0.72633
0.40476
0.68676
0.49832
0.71542
0.74794
0.4366
0.83399
0.75364
0.63793
0.48364
0.65373
0.5269
0.59327
0.53359
0.7032
0.6585
0.70363
0.45495
0.69594
0.48084
0.44787
0.38488
0.36274
0.50712
0.61944
0.70007
0.70073
0.82917
0.61699
0.73483
0.34604
0.72227
0.81837
0.67544
0.5947
0.74332
0.50163
0.71794
0.58542
0.49713
0.55824
0.59859
0.4922
0.55332
0.71778
0.60844
0.67511
0.31594
0.51672
0.75938
0.75345
0.6775
0.76585
0.47368
0.28916
0.54702
0.6749
0.62701
0.68061
0.74795
0.75053
0.83172
0.37595
0.52906
0.42772
0.55496
0.55348
0.52328
0.6361
0.56851
0.77668
0.83636
0.46649
0.59238
0.31918
0.48363
0.46696
0.69255
0.44891
0.57995
0.46003
0.64174
0.59348
0.70723
0.63967
0.67407
0.94816
0.51753
0.54723
0.89967
0.73107
0.82635
0.61385
0.59151
0.38626
0.70607
0.40115
0.74367
0.7528
0.28445
0.71162
0.55229
0.35532
0.77159
0.71742
0.68412
0.60786
0.5642
0.61106
0.65749
0.28802
0.546
0.51409
0.53579
0.57684
0.66958
0.56236
0.47829
0.77838
0.51892
0.7203
0.54221
0.63309
0.63804
0.5938
0.62882
0.62319
0.64587
0.89987
0.43841
0.56439
0.44201
0.58731
0.73693
0.4327
0.76043
0.62862
0.6798
0.69759
0.33719
0.57774
0.58776
0.60578
0.39129
0.38839
0.6106
0.53982
0.57171
0.6054
0.31415
0.60083
0.65789
0.70032
0.66466
0.66074
0.597
0.63966
0.75236
0.8603
0.44189
0.67554
0.68605
0.58919
0.77957
0.25286
0.41848
0.838
0.80974
0.50187
0.55601
0.4664
0.51987
0.3962
0.42956
0.67531
0.94341
0.7989
0.70332
0.57097
0.6055
0.50566
0.53943
0.78239
0.71903
0.43413
0.48848
0.4093
0.70076
0.52748
0.54069
0.49297
0.45596
0.8378
0.26466
0.71951
0.75669
0.70198
0.76867
0.60753
0.68969
0.5627
0.59017
0.71911
0.69225
0.65077
0.81433
0.64512
0.64125
0.4561
0.75352
0.61743
0.79573
0.8854
0.62154
0.68071
0.83124
0.28518
0.78385
0.70284
0.75166
0.64341
0.46876
0.39816
0.68117
0.45948
0.64208
0.70139
0.58452
0.63641
0.50177
0.56863
0.39451
0.80718
0.59645
0.44742
0.53511
0.79528
0.60018
0.73412
0.64229
0.7104
0.5461
0.74514
0.54749
0.85572
0.82279
0.79186
0.76787
0.4773
0.49892
0.61043
0.40024
0.7932
0.82449
0.56984
0.76685
0.69755
0.56994
0.78518
0.47753
0.58662
0.77658
0.52468
0.61374
0.74858
0.48878
0.60044
0.63226
0.56703
0.77284
0.76787
0.62409
0.46872
0.36896
0.63282
0.76336
0.55597
0.56686
0.49576
0.83368
0.41251
0.62278
0.4668
0.79998
0.54191
0.63073
0.83819
0.53301
0.60717
0.48368
0.76721
0.68349
0.68432
0.74315
0.45844
0.69247
0.65055
0.71103
0.42694
0.42116
0.27187
0.59217
0.69728
0.712
0.8041
0.53815
0.52532
0.7832
0.72555
0.71111
0.53219
0.3362
0.40659
1.0425
0.52033
0.68276
0.66511
0.75253
0.72259
0.34677
0.61947
0.6785
0.61456
0.84341
0.37703
0.77323
0.81942
0.67643
0.46266
0.61969
0.80306
0.61172
0.37362
0.65737
0.89589
0.85231
0.78414
0.49337
0.78491
0.5743
0.63731
0.59864
0.407
0.6304
0.73153
0.73637
0.36227
0.51306
0.52572
0.73194
0.48624
0.78816
0.81123
0.69791
0.66322
0.69494
0.32676
0.47521
0.47932
0.80568
0.41198
0.6367
0.68116
0.37317
0.47485
0.75591
0.32512
0.6701
0.78842
0.48057
0.83647
0.57149
0.48652
0.53726
0.79914
0.50533
0.70511
0.49661
0.54736
0.78695
0.74864
0.47135
0.88569
0.95565
0.77578
0.66319
0.74625
0.53967
0.58702
0.81394
0.67096
0.74542
0.54182
0.40598
0.7785
0.61814
0.58079
0.68774
0.6019
0.23812
0.81438
0.27745
0.57168
0.35341
0.70894
0.34364
0.77555
0.87986
0.69287
0.47567
0.63141
0.64254
0.78984
0.74234
0.8166
0.57517
0.7943
0.62085
0.72642
0.70368
0.35023
0.44208
0.53204
0.81431
0.49757
0.69683
0.78695
0.62916
0.53958
0.59343
0.66466
0.59734
0.75224
0.82505
0.69397
0.60902
0.59289
0.62711
0.87953
0.38122
0.70454
0.4014
0.65298
0.8392
0.43069
0.792
0.43699
0.64457
0.6664
0.43945
0.51584
0.60456
0.47319
0.52583
0.72663
0.75456
0.47931
0.58305
0.79057
0.65403
0.70914
0.39475
0.62148
0.47504
0.57683
0.66082
0.70783
0.42529
0.67003
0.68383
0.90687
0.72165
0.55281
0.63228
0.76709
0.57924
0.4692
0.66884
0.3412
0.66812
0.70264
0.77135
0.86126
0.71367
0.66321
0.503
0.68356
0.74459
0.50536
0.71025
0.34148
1.0677
0.71451
0.63573
0.51619
0.64762
0.68641
0.517
0.75892
0.37013
0.62873
0.5833
0.55731
0.82597
0.43569
0.82956
0.8564
0.60812
0.89294
0.38474
0.76367
0.77999
0.64298
0.57884
0.74651
0.63793
0.7375
0.73428
0.73382
0.61535
0.60278
0.38584
0.59496
0.54647
0.61079
0.80732
0.64705
0.54325
0.67999
0.64247
0.52374
0.46344
0.67172
0.74997
0.80481
0.67704
0.56909
0.78888
0.52279
0.36878
0.62894
0.5432
0.60246
0.82741
0.84187
0.80204
0.49144
0.50236
0.62321
0.4962
0.74817
0.42065
0.63953
0.50661
0.30428
0.59786
0.69244
0.67179
0.55608
0.48829
0.44181
0.58327
0.43013
0.67921
0.41761
0.71495
0.39681
0.60218
0.86628
0.47395
0.46147
0.71179
0.48123
0.81615
0.78
0.43651
0.50342
0.65078
0.73537
0.73974
0.64377
0.67645
0.76351
0.64325
0.64635
0.84536
0.72959
0.65575
0.50129
0.61959
0.84603
0.27152
0.4656
0.83709
0.51341
0.71163
0.46834
0.47467
0.61068
0.68728
0.53783
0.51974
0.66252
0.7651
0.77406
0.6133
0.5694
0.74266
0.44806
0.33172
0.63491
0.50637
0.76153
0.74626
0.72128
0.60711
0.44193
0.47114
0.47226
0.47409
0.61717
0.55601
0.79473
0.34084
0.63592
0.94119
0.76462
0.41843
0.64522
0.71948
0.82423
0.60984
0.7107
0.34328
0.64354
0.5562
0.63368
0.6072
0.57
0.56092
0.44955
0.80452
0.64172
0.5926
0.68836
0.39662
0.66221
0.84631
0.61277
0.70915
0.5711
0.78675
0.6963
0.49948
0.57096
0.76057
0.74939
0.68971
0.66552
0.642
0.83667
0.62346
0.60893
0.66349
0.48894
0.61821
0.62136
0.82583
0.24875
0.71325
0.65491
0.63427
0.79635
0.44309
0.56286
0.37574
0.48683
0.51506
0.69563
0.7274
0.49687
0.81043
0.66949
0.50937
0.70711
0.50397
0.65058
0.62719
0.533
0.82191
0.66953
0.70037
0.68274
0.57334
0.54276
0.50411
0.51859
0.36543
0.50347
0.7784
0.61119
0.87339
0.56319
0.59664
0.64264
0.85017
0.79177
0.68996
0.71356
0.48544
0.53321
0.48039
0.82977
0.61381
0.4286
0.7341
0.38096
0.42014
0.84182
0.75888
0.68022
0.71973
0.66328
0.576
0.61296
0.66056
0.64557
0.62218
0.73096
0.62354
0.79579
0.8586
0.5396
0.51461
0.56454
0.82262
0.73069
0.4406
0.47315
0.74614
0.82516
0.69617
0.62264
0.51102
0.69623
0.60849
0.41734
0.54252
0.53024
0.55745
0.61864
0.53234
0.70331
0.47162
0.73615
0.70714
0.81742
0.60606
0.86362
0.65907
0.67631
0.61954
0.60846
0.75317
0.42878
0.47082
0.76562
0.63843
0.33426
0.48309
0.56458
0.67067
0.46693
0.5978
0.61095
0.70859
0.56672
0.74053
0.51564
0.66465
0.69154
0.50716
0.70431
0.66755
0.62471
0.82437
0.71263
0.72981
0.63562
0.54115
0.66488
0.56199
0.61315
0.61849
0.62172
0.52287
0.84134
0.63498
0.39525
0.75452
0.87157
0.43487
0.55437
0.35946
0.67935
0.58205
0.76313
0.69356
0.64957
0.35013
0.81204
0.38097
0.66379
0.72984
0.47829
0.46234
0.65907
0.50047
0.65597
0.55854
0.57451
0.67464
0.55433
0.66352
0.52729
0.63346
0.45756
0.65049
0.72528
0.58267
0.62073
0.81075
0.7147
0.63728
0.7757
0.85798
0.64568
0.26276
0.79604
0.229
0.47581
0.61587
0.63124
0.7729
0.74023
0.77967
0.66711
0.65537
0.60918
0.64821
0.76244
0.7003
0.59994
0.72619
0.57272
0.77744
0.86589
0.45438
0.6427
0.59606
0.56992
0.4739
0.61643
0.5199
0.37133
0.6122
0.67432
0.77781
0.65354
0.65404
0.68092
0.64513
0.62495
0.56423
0.66929
0.54296
0.43956
0.70544
0.42629
0.66724
0.5956
0.56291
0.72062
0.56998
0.33248
0.91102
0.80629
0.83169
0.66451
0.46785
0.80088
0.72888
0.66553
0.54231
0.72406
0.75514
0.59167
0.85369
0.54028
0.82911
0.70934
0.90735
0.66218
0.69287
0.49015
0.47059
0.51011
0.81918
0.83505
0.77383
0.82745
0.66688
0.50949
0.79895
0.37696
0.49818
0.748
0.75669
0.72886
0.6452
0.47676
0.47561
0.71533
0.71632
0.65839
0.81048
0.70026
0.85276
0.57148
0.78049
0.44002
0.44144
0.63342
0.72202
0.6782
0.65628
0.76471
0.46873
0.35907
0.63472
0.5139
0.66337
0.54051
0.62028
0.63526
0.57573
0.44198
0.77202
0.69337
0.71955
0.71175
0.62082
0.51987
0.75986
0.52243
0.67355
0.48114
0.89298
0.75887
0.51982
0.60409
0.66161
0.3858
0.58954
0.59307
0.43155
0.68389
0.61788
0.61086
0.23087
0.57838
0.58192
0.70621
0.82851
0.46085
0.80889
0.68859
0.60567
0.77033
0.32439
0.62378
0.65683
0.85719
0.55738
0.61866
0.73513
0.77661
0.42491
0.49974
0.85807
0.56173
0.44637
0.44524
0.39781
0.68243
0.64125
0.68679
0.50321
0.65093
0.70212
0.62531
0.52476
0.47631
0.84204
0.78711
0.49987
0.86683
0.75198
0.47716
0.71472
0.4385
0.60425
0.35551
0.79804
0.44142
0.73976
0.85754
0.49596
0.49641
0.46081
0.81996
0.64514
0.68964
0.68165
0.6219
0.80087
0.6939
0.7949
0.73887
0.44033
0.58422
0.78479
0.77063
0.48906
0.43415
0.64474
0.80737
0.44646
0.7301
0.62097
0.60691
0.38189
0.46669
0.61263
0.49021
0.79355
0.4462
0.62919
0.69832
0.85255
0.74256
0.86529
0.71024
0.67439
0.6634
0.69324
0.7395
0.82899
0.79412
0.70121
0.57775
0.79681
0.40886
0.66341
0.51916
0.68766
0.73415
0.63879
0.76013
0.61619
0.48361
0.70792
0.68027
0.64111
0.70407
0.72111
0.8133
0.52225
0.65812
0.53637
0.60744
0.77847
0.8352
0.41779
0.33052
0.60423
0.47277
0.76214
0.70108
0.50874
0.47416
0.89912
0.40044
0.54826
0.73964
0.62096
0.76041
0.73634
0.55492
0.63759
0.7064
0.61429
0.67469
0.43118
0.73974
0.55622
0.49439
0.79863
0.61965
0.65169
0.60904
0.41034
0.56521
0.4305
0.62756
0.66772
0.52652
0.80838
0.74023
0.62338
0.53791
0.44272
0.5173
0.72937
0.56968
0.46483
0.56454
0.3815
0.71628
0.6228
0.69449
0.55815
0.78423
0.63565
0.37948
0.73849
0.76114
0.53335
0.6515
0.5474
0.67821
0.56038
0.39116
0.72897
0.51108
0.66484
0.64848
0.68477
0.75915
0.51316
0.8001
0.7426
0.6876
0.71407
0.57698
0.8524
0.47627
0.69911
0.82756
0.77991
0.69001
0.66459
0.79421
0.58614
0.77378
0.46739
0.28579
0.47751
0.61168
0.71196
0.53719
0.43823
0.56125
0.50298
0.51372
0.52411
0.59521
0.42949
0.76261
0.4205
0.43519
0.54318
0.595
0.75142
0.71735
0.78335
0.61043
0.52845
0.57765
0.58688
0.57324
0.42094
0.51063
0.67888
0.5066
0.3716
0.3624
0.40373
0.47098
0.41652
0.65387
0.75319
0.68475
0.61751
0.75559
0.51739
0.65951
0.5127
0.68365
0.5507
0.76246
0.50512
0.68955
0.70157
0.91518
0.84039
0.69759
0.57675
0.75411
0.68729
0.52554
0.70093
0.74226
0.65322
0.6989
0.75173
0.59923
0.44964
0.39625
0.60532
0.51458
0.74506
0.92488
0.69158
0.58903
0.73496
0.65548
0.62012
0.54239
0.74011
0.81117
0.74726
0.79612
0.4458
0.458
0.62003
0.67245
0.5331
0.59884
0.52319
0.67845
0.58407
0.46922
0.7746
0.74518
0.55824
0.50274
0.62936
0.89304
0.31485
0.84753
0.67312
0.85867
0.71155
0.66385
0.81758
0.53718
0.38326
0.83048
0.37164
0.78002
0.79866
0.68992
0.82337
0.71892
0.68688
0.56798
0.37594
0.7737
0.60112
0.3885
0.58794
0.6166
0.64922
0.58262
0.48897
0.63723
0.43608
0.55912
0.33633
0.65869
0.61759
0.68369
0.67004
0.63359
0.72359
0.88997
0.58484
0.62245
0.71483
0.50301
0.43793
0.539
0.72847
0.43667
0.75743
0.32889
0.44304
0.67611
0.83022
0.73161
0.80864
0.69082
0.65868
0.46227
0.62354
0.51068
0.54861
0.61468
0.87439
0.37617
0.6699
0.70644
0.72979
0.55107
0.49202
0.62457
0.49209
0.44929
0.6726
0.55605
0.72783
0.74521
0.39921
0.70882
0.54858
0.62754
0.68871
0.44501
0.7207
0.51323
0.34115
0.60026
0.86191
0.55943
0.69756
0.57191
0.5888
0.66692
0.82677
0.52488
0.54165
0.70006
0.4632
0.17828
0.44092
0.77698
0.55598
0.59406
0.58773
0.60489
0.55358
0.51816
0.38858
0.55916
0.48356
0.56072
0.75617
0.60334
0.48101
0.63986
0.51248
0.43148
0.75058
0.43601
0.75395
0.61714
0.54072
0.8293
0.51429
0.57555
0.73145
0.79493
0.74815
0.43448
0.78748
0.78107
0.62685
0.842
0.81492
0.40263
0.72385
0.40202
0.53738
0.59981
0.61636
0.91059
0.80966
0.65704
0.71126
0.73686
0.76866
0.56807
0.50902
0.9236
0.48475
0.57516
0.6754
0.61239
0.61343
0.73216
0.41916
0.79036
0.58801
0.6914
0.62555
0.69508
0.63873
0.80461
0.39726
0.73283
0.66068
0.68984
0.7283
0.52417
0.65707
0.78056
0.55747
0.41538
0.85221
0.53928
0.72135
0.65075
0.45326
0.68089
0.3036
0.57103
0.74932
0.64937
0.64957
0.85989
0.7323
0.53472
0.66717
0.63095
0.77116
0.83762
0.73085
0.56327
0.65317
0.76073
0.79123
0.33242
0.81551
0.53255
0.61556
0.60938
0.87998
0.40703
0.43302
0.78838
0.45837
0.72455
0.45434
0.57656
0.71334
0.44109
0.75943
0.68613
0.79446
0.48466
0.66233
0.33329
0.75256
0.62158
0.64318
0.74932
0.4573
0.47998
0.68769
0.46483
0.54559
0.57366
0.51157
0.78925
0.71497
0.53498
0.65239
0.54474
0.64729
0.51179
0.46166
0.82019
0.58923
0.60261
0.6121
0.52454
0.60342
0.82509
0.25355
0.67986
0.6389
0.81157
0.81785
0.69937
0.65753
0.6408
0.54549
0.71589
0.70699
0.76823
0.59526
0.62244
0.60418
0.69985
0.72718
0.73552
0.51368
0.70588
0.54162
0.83036
0.32604
0.6982
0.83218
0.58958
0.47946
0.64941
0.77351
0.53673
0.48196
0.68157
0.69544
0.54606
0.68762
0.5317
0.58574
0.81878
0.5728
0.8031
0.25071
0.73569
0.42029
0.76817
0.58521
0.491
0.53425
0.77196
0.85227
0.60592
0.5942
0.80623
0.53409
0.79198
0.59331
0.77288
0.64381
0.5897
0.48305
0.64416
0.44582
0.51305
0.48855
0.55712
0.59693
0.73171
0.52247
0.6444
0.66827
0.66326
0.62441
0.67702
0.52817
0.74449
0.62761
0.68707
0.87161
0.79383
0.60517
0.88419
0.61414
0.33425
0.70886
0.51383
0.70416
0.39244
0.65721
0.41084
0.35221
0.72668
0.88008
0.56403
0.50371
0.49482
0.45253
0.59484
0.59581
0.67813
0.50414
0.60356
0.48928
0.67289
0.68303
0.69848
0.45863
0.65696
0.80885
0.36533
0.87248
0.5338
0.49344
0.55566
0.4175
0.48341
0.51563
0.25535
0.58686
0.62156
0.70631
0.80974
0.68941
0.6913
0.67377
0.64338
0.75774
0.65157
0.55375
0.63255
0.67378
0.58524
0.86309
0.59208
0.70619
0.84428
0.65033
0.81306
0.65694
0.5233
0.83116
0.59484
0.66129
0.5439
0.79653
0.75511
0.4806
0.70206
0.54531
0.61107
0.68867
0.68798
0.83076
0.46102
0.6398
0.69983
0.6685
0.76544
0.62983
0.73362
0.31217
0.88637
0.57628
0.66324
0.77805
0.58596
0.71134
0.73904
0.55759
0.52579
0.76309
0.64084
0.74827
0.70986
1.015
0.75247
0.52423
0.78294
0.85996
0.61087
0.54968
0.86826
0.71465
0.24609
0.47611
0.82569
0.59085
0.58546
0.46469
0.57293
0.54947
0.79715
0.51668
0.57191
0.7893
0.59664
0.51306
0.48394
0.62511
0.56344
0.86229
0.49816
0.6383
0.72639
0.48127
0.77361
0.75638
0.72148
0.41702
0.53741
0.72821
0.74675
0.69011
0.59038
0.64707
0.8571
0.3217
0.75979
0.84651
0.59084
0.8535
0.6021
0.66857
0.86678
0.73396
0.6144
0.51521
0.62319
0.56402
0.34679
0.73994
0.56607
0.61609
0.72855
0.52589
0.77085
0.48
0.63614
0.60044
0.75988
0.80432
0.65697
0.53561
0.58164
0.73536
0.49142
0.73338
0.63363
0.41861
0.80275
0.74186
0.7076
0.76106
0.59787
0.767
0.69429
0.79598
0.61016
0.68163
0.60574
0.60601
0.85597
0.51084
0.50628
0.64466
0.71803
0.73651
0.4834
0.62552
0.1491
0.62831
0.51223
0.83463
0.49258
0.54986
0.72974
0.64731
0.61504
0.71104
0.71006
0.46901
0.63004
0.41642
0.70978
0.51695
0.77831
0.74741
0.86773
0.68034
0.64642
0.8294
0.64419
0.65064
0.69417
0.78789
0.44356
0.67469
0.58044
0.36294
0.64635
0.68998
0.83885
0.90083
0.81908
0.624
0.44282
0.61761
0.71138
0.5517
0.57392
0.66116
0.77245
0.58032
0.54028
0.6069
0.68042
0.67347
0.65096
0.34792
0.59527
0.96398
0.61513
0.79634
0.57688
0.66561
0.501
0.62184
0.57563
0.68296
0.71539
0.58788
0.52036
0.52521
0.41131
0.49077
0.83245
0.70905
0.64014
0.67939
0.72935
0.54989
0.40381
0.80662
0.73861
0.43049
0.50845
0.74332
0.56961
0.72924
0.80782
0.58894
0.67518
0.54552
0.64451
0.47034
0.58903
0.45267
0.62383
0.50819
0.64414
0.61787
0.57308
0.70563
0.58507
0.42455
0.76986
0.41496
0.72499
0.70927
0.57462
0.87517
0.70761
0.45307
0.77296
0.40566
0.47959
0.69496
0.53245
0.6969
0.47406
0.73107
0.6031
0.47903
0.67505
0.63677
0.57553
0.68766
0.58987
0.59356
0.61318
0.56175
0.66325
0.39493
0.67643
0.61577
0.57278
0.56531
0.89626
0.78608
0.74576
0.31617
0.6159
0.56797
0.60571
0.69885
0.26273
0.55174
0.61208
0.68248
0.56529
0.67444
0.79144
0.7147
0.74054
0.69758
0.9672
0.56934
0.67779
0.65092
0.69352
0.45887
0.38364
0.45561
0.57591
0.61035
0.54801
0.80394
0.49755
0.7136
0.58404
0.80874
0.50886
0.39996
0.62246
0.86856
0.75022
0.48328
0.60037
0.7051
0.63253
0.76729
0.63721
0.70816
0.46892
0.76274
0.54189
0.69883
0.70475
0.64514
0.7393
0.71196
0.65113
0.52606
0.66183
0.80068
0.68961
0.71585
0.68893
0.43382
0.62326
0.72555
0.5986
0.58624
0.9079
0.64247
0.85187
0.7494
0.53002
0.57649
0.78042
0.44899
0.5684
0.54413
0.70292
0.64552
0.35205
1.0272
0.59571
0.59588
0.66322
0.72186
0.5564
0.65195
0.42229
0.40713
0.46121
0.75342
0.71448
0.74386
0.47113
0.71089
0.64876
0.88536
0.70571
0.45193
0.63884
0.51985
0.7763
0.46266
0.5368
0.42044
0.50933
0.87227
0.71746
0.75142
0.62851
0.5053
0.5054
0.49339
0.47773
0.75972
0.68629
0.44429
0.73149
0.69434
0.86354
0.72314
0.63797
0.51239
0.71322
0.82319
0.72155
0.42906
0.73275
0.40936
0.69412
0.58887
0.7731
0.57458
0.49097
0.45313
0.45556
0.61453
0.31778
0.69754
0.67764
0.67237
0.50324
0.5124
0.52291
0.84985
0.80098
0.69972
0.77426
0.78193
0.4679
0.46323
0.65119
0.59941
0.63537
0.60871
0.61879
0.53683
0.58511
0.8117
0.69432
0.79796
0.65534
0.6959
0.45783
0.71391
0.78165
0.52192
0.57194
0.76768
0.57809
0.28473
0.8003
0.99373
0.34305
0.7087
0.46404
0.81453
0.5505
0.47696
0.78943
0.69285
0.65368
0.82388
0.59793
0.1454
0.87605
0.80424
0.45087
0.40022
0.91574
0.6229
0.71771
0.8152
0.71168
0.6387
0.23966
0.58102
0.28919
0.4511
0.63438
0.74213
0.58868
0.6377
0.51081
0.63939
0.61155
0.51734
0.51233
0.76718
0.46839
0.49468
0.66974
0.73442
0.81512
0.66659
0.61854
0.8241
0.85548
0.44084
0.80686
0.79852
0.82438
0.36419
0.37195
0.66475
0.75554
0.56041
0.61316
0.31032
0.64932
0.76225
0.71104
0.47888
0.6051
0.73921
0.69747
0.70893
0.35896
0.46143
0.45993
0.83242
0.38849
0.6228
0.58786
0.71422
0.6737
0.62455
0.55781
0.59445
0.43005
0.58655
0.50765
0.32675
0.63646
0.59664
0.63837
0.75222
0.58682
0.83899
0.68764
0.46213
0.62915
0.65426
0.49648
0.45761
0.57129
0.53492
0.54254
0.75833
0.39615
0.38554
0.57353
0.70285
0.66095
0.54922
0.88502
0.71196
0.71194
0.76946
0.73428
0.7819
0.69568
0.62887
0.79881
0.79112
0.61388
0.67772
0.67254
0.74132
0.44388
0.81473
0.71014
0.73442
0.34267
0.45167
0.73625
0.6552
0.61009
0.51642
0.3733
0.57351
0.78616
0.59126
0.5875
0.59062
0.75681
0.54436
0.63398
0.6434
0.6449
0.53772
0.60867
0.67112
0.53751
0.32585
0.64647
0.50612
0.71421
0.45871
0.69854
0.77333
0.4457
0.67749
0.8132
0.72193
0.78424
0.62441
0.77854
0.50504
0.50182
0.72844
0.74156
0.52717
0.58347
0.45668
0.51713
0.57845
0.76275
0.66701
0.71774
0.6755
0.65912
0.6165
0.57146
0.5178
0.74035
0.35936
0.59836
0.35837
0.61955
0.62609
0.45121
0.6338
0.54209
0.61963
0.51115
0.6579
0.48377
0.77023
0.63972
0.54438
0.70197
0.65252
0.72584
0.67428
0.65859
0.80046
0.74912
0.5656
0.68176
0.4139
0.65559
0.57316
0.53121
0.1967
0.3934
0.62459
0.88024
0.73448
0.4817
0.50407
0.46972
0.81231
0.52785
0.71474
0.72282
0.54688
0.62977
0.77621
0.67641
0.68135
0.70249
0.57088
0.45296
0.60627
0.78393
0.65074
0.72842
0.78652
0.71201
0.60416
0.47849
0.66298
0.25809
0.59232
0.56376
0.55917
0.78308
0.57444
0.44157
0.58745
0.56708
0.62323
0.72482
0.60892
0.78245
0.46048
0.62573
0.75604
0.73853
0.63208
0.37312
0.51519
0.46138
0.4802
0.33713
0.59735
0.65683
0.63495
0.75723
0.54842
0.68008
0.49408
0.56636
0.55046
0.6627
0.52189
0.66764
0.67471
0.63643
0.5986
0.79365
0.65175
0.62016
0.63974
0.44747
0.83336
0.7071
0.39871
0.73273
0.6466
0.74419
0.73375
0.50225
0.72253
0.73667
0.68578
0.60635
0.59686
0.56643
0.74584
0.55913
0.70143
0.66816
0.59206
0.75038
0.36905
0.57246
0.828
0.3818
0.71175
0.59017
0.79092
0.54775
0.84544
0.65711
0.43405
0.74977
0.70749
0.62025
0.40591
0.76477
0.62059
0.91005
0.60918
0.2413
0.70254
0.70396
0.63262
0.55026
0.68018
0.72755
0.72996
0.53847
0.47027
0.6837
0.6029
0.68527
0.78622
0.58944
0.5769
0.67535
0.79573
0.60125
0.70803
0.61535
0.6798
0.45058
0.4982
0.80513
0.68892
0.55003
0.60615
0.68734
0.73982
0.42401
0.64521
0.38507
0.44975
0.54169
0.50717
0.65011
0.5024
0.73729
0.54338
0.63307
0.34012
0.46614
0.49487
0.39437
0.70935
0.39783
0.5406
0.71914
0.47582
0.67325
0.649
0.6965
0.68967
0.81902
0.5177
0.63995
0.58533
0.52279
0.57534
0.40927
0.76699
0.79905
0.90846
0.63687
0.57109
0.50514
0.62821
0.55025
0.80902
0.56485
0.53333
0.70166
0.66537
0.60264
0.78245
0.71642
0.84219
0.6618
0.6064
0.44383
0.65691
0.75726
0.41109
0.63075
0.90272
0.67537
0.81814
0.56097
0.62655
0.47665
0.69974
0.69571
0.4517
0.66161
0.56157
0.78337
0.65299
0.75484
0.57247
0.78196
0.64092
0.65611
0.72317
0.79259
0.67504
0.73323
0.65405
0.58261
0.59803
0.66016
0.71777
0.72769
0.62269
0.59187
0.55925
0.57754
0.4671
0.39404
0.64473
0.51115
0.68361
0.43763
0.63101
0.61988
0.73143
0.84327
0.4847
0.71145
0.51322
0.6758
0.86298
0.57392
0.67022
0.64331
0.58305
0.6995
0.68602
0.78312
0.52556
0.48807
0.79157
0.77012
0.60026
0.54779
0.8281
0.68673
0.42562
0.79674
0.76725
0.83822
0.77489
0.74562
0.57133
0.70951
0.69962
0.69935
0.34052
0.61791
0.67426
0.59398
0.54543
0.63589
0.65726
0.67669
0.71871
0.61745
0.57911
0.71
0.65151
0.69251
0.61556
0.40293
0.30631
0.42872
0.70234
0.80776
0.57141
0.55629
0.58106
0.89946
0.73259
0.82744
0.47191
0.71309
0.68435
0.79704
0.60398
0.76344
0.59101
0.45793
0.5698
0.80898
0.76366
0.78155
0.88569
0.3957
0.80465
0.62282
0.67706
0.55057
0.71063
0.55826
0.64195
0.501
0.65933
0.73436
0.69968
0.48968
0.56531
0.47475
0.77906
0.75473
0.50526
0.57025
0.26204
0.72861
0.6918
0.71057
0.78566
0.88587
0.58367
0.84321
0.76914
0.55595
0.56336
0.60104
0.44251
0.5993
0.71945
0.5596
0.38361
0.73121
0.58652
0.697
0.89291
0.66385
0.49166
0.72862
0.76702
0.51821
0.6463
0.70625
0.63292
0.67246
0.85215
0.73828
0.60985
0.60309
0.7934
0.71499
0.71465
0.88046
0.53857
0.61508
0.86235
0.5231
0.33751
0.32816
0.68374
0.40434
0.70177
0.72934
0.66136
0.38338
0.61618
0.68255
0.53136
0.59141
0.74126
0.56137
0.58519
0.65942
0.49196
0.294
0.78576
0.79361
0.61254
0.74663
0.87454
0.53748
0.77414
0.60132
0.60836
0.66481
0.58155
0.74598
0.62416
0.561
0.75964
0.77846
0.61237
0.73248
0.63015
0.4988
0.60261
0.82858
0.75912
0.75181
0.46353
0.59377
0.19043
0.62172
0.562
0.50888
0.64372
0.73406
0.69071
0.70344
0.54334
0.70059
0.77202
0.72936
0.76022
0.5787
0.52322
0.73284
0.54061
0.45964
0.38029
0.72549
0.31147
0.64522
0.62772
0.72998
0.74649
0.59304
0.86418
0.69062
0.55781
0.40862
0.4454
0.74903
0.67481
0.72694
0.5484
0.46386
0.52032
0.806
0.70321
0.70719
0.80843
0.40772
0.77267
0.68555
0.45049
0.67639
0.54887
0.57161
0.37279
0.60723
0.39204
0.62196
0.79669
0.30688
0.65143
0.71869
0.6417
0.62392
0.51774
0.47145
0.70329
0.65941
0.74545
0.40282
0.64422
0.54495
0.67772
0.8771
0.77493
0.74372
0.67532
0.3511
0.53174
0.77604
0.76371
0.44683
0.73629
0.41353
0.64371
0.67229
0.61205
0.52841
0.42381
0.63237
0.52931
0.74692
0.61695
0.65248
0.63441
0.49501
0.25714
0.416
0.39884
0.68906
0.68375
0.70725
0.78988
0.57953
0.74475
0.62738
0.82272
0.77589
0.38716
0.67973
0.51638
0.54734
0.59149
0.67481
0.41599
0.65277
0.62279
0.62058
0.70464
0.28259
0.5341
0.6745
0.64277
0.71322
0.55848
0.48547
0.5995
0.43293
0.53368
0.59075
0.53049
0.76406
0.73469
0.82954
0.57977
0.66811
0.35939
0.64122
0.7978
0.71498
0.4484
0.48952
0.41312
0.74232
0.47611
0.55275
0.63222
0.67383
0.62102
0.76245
0.60947
0.61187
0.52003
0.52164
0.39161
0.51881
0.69223
0.69842
0.41999
0.76836
0.52598
0.58897
0.56625
0.55301
0.65117
0.67722
0.5983
0.55702
0.62357
0.76611
0.63782
0.81276
0.61466
0.58766
0.72513
0.72319
0.89447
0.4998
0.49822
0.6505
0.59739
0.65319
0.59049
0.55937
0.69501
0.63418
0.55067
0.74398
0.60172
0.67035
0.42738
0.73409
0.69154
0.54391
0.58056
0.62757
0.4912
0.55171
0.39204
0.67852
0.41638
0.70864
0.77235
0.65224
0.69532
0.46342
0.73347
0.5596
0.67157
0.79345
0.59691
0.65849
0.4372
0.45097
0.37256
0.74959
0.61789
0.41421
0.70588
0.37066
0.716
0.65658
0.63775
0.49345
0.56667
0.713
0.82061
0.93488
0.36092
0.56339
0.54642
0.67247
0.62431
0.72896
0.63502
0.47184
0.75492
0.64501
0.78116
0.86661
0.64232
0.68569
0.8218
0.77847
0.84747
0.91978
0.73579
0.69978
0.67201
0.66404
0.65751
0.64682
0.84346
0.65891
0.54134
0.66005
0.75953
0.36429
0.47844
0.51109
0.68801
0.83069
0.4618
0.63709
0.78963
0.74617
0.62286
0.60293
0.52155
0.27996
0.85399
0.53419
0.57186
0.73387
0.53714
0.62804
0.5802
0.80103
0.7405
0.83134
0.64545
0.43489
0.57931
0.77543
0.76463
0.38258
0.84226
0.82177
0.58602
0.61921
0.52487
0.63651
0.51186
0.75417
0.6469
0.73337
0.54182
0.78559
0.55065
0.44955
0.80587
0.63088
0.64397
0.58956
0.66514
0.79027
0.58669
0.32387
0.80185
0.63911
0.4454
0.79745
0.49559
0.56263
0.70673
0.67151
0.54768
0.73333
0.53329
0.81606
0.63126
0.49727
0.4249
0.75568
0.8086
0.62887
0.61362
0.54374
0.26626
0.71118
0.63701
0.59588
0.58124
0.81668
0.59055
0.75745
0.50115
0.66184
0.41182
0.70387
0.6709
0.62558
0.4704
0.7196
0.69963
0.7185
0.59335
0.67632
0.318
0.80791
0.40629
0.77139
0.63049
0.66314
0.71054
0.49433
0.57771
0.73106
0.76252
0.53691
0.65381
0.40975
0.73502
0.69792
0.69051
0.60728
0.5871
0.42202
0.52603
0.54148
0.65602
0.77182
0.6809
0.83956
0.39785
0.62624
0.87862
0.49865
0.73916
0.68726
0.54771
0.70758
0.60378
0.58135
0.5601
0.68392
0.72175
0.47629
0.52603
0.37019
0.58868
0.64406
0.7262
0.69382
0.95253
0.76429
0.68272
0.663
0.48268
0.67059
0.54548
0.73689
0.5918
0.41027
0.51696
0.62185
0.78648
0.39123
0.55905
0.7043
0.56385
0.87343
0.77361
0.59362
0.62953
0.74737
0.77818
0.78648
0.42561
0.61135
0.66545
0.63125
0.54176
0.62808
0.68352
0.87783
0.77033
0.48984
0.84068
0.56221
0.48738
0.73501
0.39818
0.47452
0.69103
0.89984
0.51006
0.28715
0.59106
0.61083
0.57074
0.88935
0.76764
0.6148
0.53376
0.40311
0.77567
0.64312
0.54043
0.62646
0.71194
0.40784
0.74211
0.31408
0.8845
0.67388
0.57997
0.44854
0.66486
0.77745
0.67838
0.73417
0.79173
0.48133
0.68311
0.73291
0.66673
0.73903
0.71928
0.44886
0.66964
0.69606
0.49065
0.52059
0.67374
0.68969
0.73068
0.57503
0.59243
0.61953
0.61547
0.72898
0.53058
0.68044
0.70133
0.73675
0.33248
0.48225
0.49089
0.60446
0.59359
0.58782
0.47251
0.66992
0.60936
0.45575
0.5738
0.592
0.75236
0.61553
0.63808
0.77515
0.40082
0.77108
0.68224
0.80391
0.56006
0.36842
0.41991
0.61175
0.61739
0.50167
0.6835
0.69641
0.75253
0.81774
0.9931
0.56679
0.65432
0.55912
0.75399
0.68642
0.52244
0.7446
0.49881
0.55692
0.55022
0.51265
0.71197
0.61452
0.72093
0.5502
0.7141
0.59221
0.62903
0.65199
0.65328
0.78848
0.61111
0.69287
0.62923
0.51518
0.72347
0.66142
0.55066
0.67168
0.66605
0.71065
0.58547
0.76436
0.6169
0.62767
0.65958
0.43109
0.89134
0.63477
0.68412
0.3776
0.38833
0.79111
0.55796
0.65615
0.38616
0.65013
0.86644
0.72639
0.54406
0.76552
0.75504
0.54134
0.68175
0.52237
0.66567
0.75027
0.7709
0.77246
0.49155
0.70385
0.77763
0.57814
0.78079
0.36965
0.33214
0.69679
0.53156
0.82496
0.7936
0.6968
0.56244
0.71282
0.65418
0.66114
0.8121
0.36655
0.25425
0.6632
0.58239
0.76424
0.73415
0.77341
0.61915
0.74857
0.59793
0.80726
0.65565
0.56777
0.45445
0.72801
0.7441
0.66925
0.52424
0.66529
0.50208
0.49687
0.50379
0.46733
0.67975
0.69949
0.68803
0.52076
0.58619
0.4166
0.60068
0.45734
0.47192
0.56292
0.60089
0.51826
0.42588
0.75672
0.7566
0.68844
0.59621
0.56553
0.81942
0.67168
0.73601
0.62202
0.70902
0.6424
0.71053
0.54814
0.70238
0.59013
0.78062
0.31541
0.73596
0.54498
0.38037
0.85693
0.80562
0.76046
0.38682
0.73252
0.75514
0.69476
0.66877
0.51599
0.60298
0.55043
0.56284
0.87974
0.66019
0.64719
0.6576
0.62779
0.72305
0.78188
0.55875
0.70904
0.73178
0.74853
0.58245
0.55272
0.46906
0.57678
0.74275
0.61172
0.5513
0.63862
0.81505
0.4633
0.31062
0.87555
0.40842
0.76319
0.78873
0.71235
0.71653
0.73401
0.36049
0.79047
0.42585
0.41873
0.71595
0.42058
0.89363
0.54656
0.70693
0.42844
0.72713
0.85052
0.9501
0.64995
0.68321
0.50827
0.75136
0.37989
0.65575
0.76192
0.80776
0.68014
0.58966
0.56915
0.94707
0.87016
0.68563
0.79436
0.72766
0.67055
0.28845
0.55194
0.51322
0.75335
0.54877
0.6212
0.57333
0.62307
0.76772
0.70129
0.74726
0.66634
0.64642
0.80044
0.62317
0.60783
0.73222
0.70269
0.65289
0.74706
0.58903
0.60872
0.77958
0.71854
0.62575
0.55757
0.62829
0.47429
0.72703
0.58493
0.65349
0.75714
0.60174
0.70322
0.57255
0.74717
0.64096
0.65756
0.83588
0.75247
0.67159
0.58471
0.60812
0.67804
0.71818
0.5967
0.81871
0.76267
0.83276
0.63537
0.70132
0.74376
0.65607
0.44346
0.75333
0.62261
0.51747
0.72608
0.74029
0.86387
0.68471
0.71757
0.61746
0.531
0.56653
0.77097
0.4399
0.53949
0.73877
0.84548
0.78459
0.86754
0.34506
0.70354
0.79721
0.79665
0.5118
0.67219
0.54057
0.6155
0.62565
0.62913
0.72166
0.54808
0.45314
0.52944
0.59924
0.54907
0.6851
0.36409
0.57124
0.67842
0.56449
0.78077
0.6916
0.51352
0.74389
0.66879
0.83678
0.80972
0.81081
0.71888
0.4012
0.55996
0.67814
0.75907
0.58471
0.5705
0.691
0.56345
0.78533
0.5031
0.58403
0.48998
0.65625
0.37358
0.4306
0.68463
0.54732
0.77828
0.65512
0.62042
0.46231
0.52619
0.74967
0.70336
0.63639
0.49567
0.53408
0.78795
0.55877
0.49135
0.77482
0.77021
0.22134
0.73777
0.88265
0.65835
0.75379
0.60775
0.60717
0.8268
0.49293
0.58802
0.79253
0.60375
0.7103
0.33126
0.73354
0.6967
0.61185
0.45034
0.64033
0.56356
0.64892
0.75434
0.81176
0.86632
0.63642
0.6619
0.69865
0.39694
0.65274
0.64322
0.73893
0.5319
0.798
0.61439
0.6699
0.5442
0.78993
0.54404
0.55223
0.8299
0.5322
0.51605
0.43054
0.64965
0.50378
0.68154
0.3983
0.67947
0.53778
0.88706
0.55027
0.52352
0.73918
0.63407
0.51364
0.54399
0.74314
0.47814
0.56
0.70379
0.96406
0.75188
0.74718
0.47766
0.85605
0.56118
0.43535
0.65699
0.66463
0.50218
0.42288
0.50097
0.35019
0.63288
0.64878
0.6086
0.73174
0.48759
0.49591
0.39446
0.45708
0.81313
0.63746
0.56026
0.67863
0.57656
0.66016
0.55322
0.76185
0.85892
0.41742
0.53304
0.68278
0.79916
0.63566
0.4484
0.55953
0.68587
0.72553
0.64436
0.71141
0.64301
0.71448
0.64998
0.79774
0.649
0.60835
0.59839
0.86513
0.75794
0.65916
0.91249
0.2947
0.76556
0.47057
0.65112
0.64697
0.61591
0.42741
0.61259
0.50237
0.7853
0.79693
0.33364
0.40093
0.38205
0.57063
0.65261
0.44844
0.75037
0.62125
0.72841
0.65272
0.63777
0.7088
0.68736
0.53112
0.75138
0.63769
0.69132
0.53425
0.66244
0.72631
0.77525
0.48845
0.71935
0.39853
0.17744
0.61836
0.73857
0.68183
0.75185
0.80485
0.51064
0.38836
0.68163
0.59238
0.59879
0.74169
0.74113
0.77405
0.37887
0.41714
0.57144
0.9206
0.65155
0.68392
0.60833
0.71229
0.6898
0.42545
0.72796
0.75525
0.90468
0.76336
0.68122
0.69931
0.69863
0.79956
0.64503
0.63544
0.8024
0.61102
0.5949
0.4638
0.76092
0.84211
0.59137
0.57159
0.68034
0.63314
0.65756
0.51399
0.81215
0.788
0.52377
0.68214
0.69645
0.58238
0.57926
0.44658
0.73574
0.5716
0.50782
0.63672
0.81066
0.49873
0.54237
0.6547
0.67773
0.53991
0.68679
0.73684
0.83171
0.65101
0.65365
0.46758
0.77484
0.71826
0.54816
0.24076
0.54687
0.61667
0.40836
0.51726
0.56905
0.5164
0.74021
0.57279
0.76967
0.60761
0.63916
0.62587
0.69119
0.72841
0.68283
0.50043
0.41742
0.78348
0.59249
0.68429
0.33107
0.75374
0.63727
0.65108
0.56789
0.75544
0.32676
0.87733
0.66106
0.41907
0.4758
0.50758
0.80722
0.71383
0.66873
0.66237
0.53757
0.52458
0.50138
0.55182
0.64936
0.63407
0.46636
0.57816
0.55587
0.48999
0.50894
0.54416
0.52598
0.5046
0.34499
0.51679
0.70157
0.71124
0.62882
0.77634
0.70415
0.66791
0.8385
0.5847
0.59411
0.79806
0.62581
0.55829
0.60845
0.82118
0.50028
0.52778
0.68109
0.75082
0.32213
0.81892
0.80223
0.36714
0.54584
0.61042
0.84793
0.61909
0.32984
0.78334
0.70057
0.615
0.25327
0.58863
0.59459
0.6835
0.66089
0.75287
0.58052
0.35252
0.95064
0.78295
0.59102
0.53563
0.43109
0.55129
0.70352
0.57802
0.44455
0.57776
0.90076
0.61824
0.58938
0.47937
0.65593
0.67657
0.63533
0.42228
0.69888
0.66627
0.44683
0.74447
0.41981
0.7561
0.55701
0.76175
0.54846
0.70874
0.79609
0.27569
0.61328
0.54992
0.68357
0.87375
0.62662
0.69586
0.41225
0.49877
0.54954
0.55126
0.64262
0.83431
0.89834
0.80235
0.73482
0.57834
0.56129
0.57666
0.66917
0.57767
0.34292
0.71984
0.57602
0.72366
0.75999
0.6232
0.66021
0.48327
0.42545
0.49177
0.55425
0.49979
0.58683
0.57645
0.64252
0.6218
0.80685
0.60961
0.70021
0.70902
0.40258
0.61554
0.78883
0.70638
0.80283
0.61752
0.62518
0.53342
0.31334
0.52952
0.87077
0.78648
0.63547
0.65013
0.62142
0.63235
0.70052
0.79953
0.5273
0.59895
0.47522
0.59971
0.62674
0.70036
0.63696
0.76786
0.46751
0.63111
0.78806
0.60428
0.68427
0.60373
0.56325
0.48757
0.69242
0.60836
0.62157
0.71248
0.7636
0.48396
0.72635
0.68978
0.81119
0.8315
0.71893
0.66095
0.49955
0.83601
0.41202
0.53842
0.64174
0.73131
0.62855
0.54403
0.53319
0.7259
0.80439
0.54285
0.65032
0.87204
0.38914
0.8023
0.60493
0.74631
0.57181
0.37607
0.63416
0.47526
0.74434
0.7099
0.43752
0.80636
0.76665
0.53214
0.4749
0.60372
0.97701
0.76427
0.7866
0.68061
0.84252
0.7001
0.59966
0.488
0.59893
0.59219
0.7388
0.63187
0.83657
0.66292
0.2969
0.73438
0.50627
0.53596
0.66065
0.56005
0.6981
0.66762
0.94097
0.39033
0.69458
0.62206
0.70051
0.62593
0.66139
0.53603
0.75302
0.64738
0.57946
0.86529
0.67413
0.64196
0.66198
0.70435
0.6925
0.8195
0.84371
0.5364
0.67744
0.43959
0.78629
0.69082
0.79636
0.63676
0.41965
0.80859
0.78265
0.90448
0.83663
0.65441
0.68058
0.81212
0.47936
0.71364
0.51792
0.47594
0.77272
0.69011
0.58693
0.51091
0.39051
0.75121
0.6416
0.76787
0.67502
0.42863
0.55811
0.78996
0.51369
0.52589
0.56448
0.69904
0.70314
0.60008
0.64639
0.73928
0.74143
0.74144
0.85168
0.57012
0.82707
0.76877
0.7529
0.72592
0.47831
0.65488
0.54818
0.72357
0.64041
0.45184
0.73362
0.69544
0.49364
0.73998
0.72157
0.70366
0.6129
0.65107
0.67584
0.79866
0.47481
0.56471
0.37353
0.55198
0.85045
0.80489
0.57161
0.65428
0.34373
0.77163
0.64951
0.75144
0.38412
0.68179
0.69671
0.72955
0.32041
0.7314
0.50668
0.723
0.34205
0.60116
0.78908
0.64861
0.51491
0.47305
0.56159
0.79776
0.67733
0.67502
0.65201
0.35333
0.3843
0.68906
0.37005
0.63659
0.7628
0.7617
0.71077
0.66957
0.46892
0.31216
0.78191
0.55226
0.70665
0.69658
0.65858
0.72918
0.72057
0.78899
0.80006
0.36962
0.7075
0.76338
0.56762
0.54557
0.63109
0.65488
0.58589
0.53362
0.67934
0.7336
0.71785
0.74576
0.71754
0.62752
0.83577
0.75299
0.69263
0.54676
0.639
0.29484
0.8952
0.63644
0.39508
0.58728
0.73152
0.63018
0.50143
0.7639
0.59873
0.64765
0.39157
0.49157
0.66385
0.50688
0.80695
0.69541
0.44757
0.5022
0.60519
0.61466
0.54225
0.56598
0.69927
0.65965
0.88116
0.76463
0.83938
0.55456
0.32619
0.40036
0.56402
0.72878
0.6292
0.44894
0.48348
0.6309
0.75662
0.63654
0.62736
0.81725
0.34028
0.4577
0.70546
0.40949
0.48946
0.70275
0.60117
0.40132
0.67151
0.61126
0.69078
0.58077
0.59031
0.68045
0.66925
0.66099
0.52077
0.7068
0.73529
0.70445
0.7821
0.62974
0.49254
0.69543
0.4772
0.61385
0.61394
0.52934
0.61702
0.56085
0.56687
0.63746
0.77766
0.53777
0.82397
0.51302
0.65715
0.46369
0.56932
0.57073
0.80309
0.68804
0.56998
0.38575
0.68773
0.56473
0.6825
0.53538
0.53025
0.7254
0.796
0.4051
0.63643
0.78182
0.73416
0.57878
0.71395
0.62115
0.60859
0.4851
0.71288
0.58993
0.5644
0.23445
0.5505
0.39942
0.74412
0.65822
0.41586
0.43558
0.61407
0.72351
0.55173
0.48104
0.65236
0.77223
0.41126
0.75131
0.78106
0.6319
0.66566
0.77498
0.41313
0.60837
0.41721
0.61853
0.6317
0.47802
0.73466
0.849
0.47843
0.64821
0.76496
0.76453
0.66269
0.77255
0.48063
0.52649
0.72742
0.42809
0.43012
0.68771
0.47481
0.507
0.74176
0.67577
0.62071
0.71062
0.68797
0.68817
0.55193
0.90315
0.53894
0.74479
0.77587
0.67227
0.46699
0.63341
0.71136
0.63757
0.74281
0.54947
0.7111
0.63927
0.65602
0.67778
0.68408
0.59405
0.75632
0.54797
0.79199
0.70893
0.83552
0.69657
0.78418
0.65021
0.35159
0.6538
0.72723
0.6094
0.79732
0.84722
0.53227
0.58874
0.52376
0.61007
0.73957
0.81548
0.72225
0.64991
0.78376
0.48742
0.71048
0.50571
0.59995
0.31842
0.6701
0.86218
0.47379
0.81817
0.77365
0.50571
0.57191
0.60565
0.41955
0.3429
0.73273
0.57126
0.60847
0.37596
0.59671
0.76899
0.4679
0.68757
0.50257
0.29792
0.54091
0.65738
0.55305
0.62986
0.62973
0.32708
0.89707
0.84016
0.67874
0.50513
0.78842
0.57625
0.49511
0.70747
0.56947
0.63992
0.54418
0.47164
0.81208
0.78591
0.53113
0.67355
0.52156
0.76788
0.71666
0.66392
0.55607
0.51763
0.57392
0.73009
0.85639
0.78413
0.71741
0.74603
0.69272
0.5511
0.31897
0.60295
0.4459
0.6983
0.55853
0.38157
0.64541
0.64403
0.56602
0.62518
0.94646
0.66463
0.42925
0.44172
0.66095
0.78969
0.54832
0.76053
0.67014
0.92157
0.8509
0.6768
0.75181
0.50749
0.57956
0.55607
0.60554
0.87425
0.50712
0.32263
0.76054
0.54537
0.44025
0.77131
0.7448
0.8262
0.77021
0.7503
0.72267
0.63244
0.82394
0.52564
0.44076
0.40644
0.60313
0.74523
0.65001
0.76029
0.64511
0.77974
0.68441
0.75147
0.7606
0.57784
0.54782
0.83771
0.63061
0.62068
0.69499
0.88613
0.47796
0.5451
0.72996
0.45607
0.36295
0.49901
0.46441
0.74148
0.77914
0.57574
0.88619
0.61941
0.45772
0.64263
0.57938
0.35157
0.25098
0.46173
0.51376
0.76683
0.52479
0.34486
0.79645
0.43109
0.76558
0.65118
0.54168
0.59975
0.68124
0.67877
0.7588
0.58239
0.55115
0.63565
0.8636
0.62431
0.6783
0.62296
0.67881
0.48832
0.72641
0.69284
0.49328
0.19932
0.56903
0.53679
0.45937
0.82198
0.68529
0.56803
0.71756
0.95495
0.6559
0.57094
0.54441
0.68886
0.59053
0.90533
0.60971
0.65163
0.69986
0.55157
0.58339
0.44474
0.57614
0.55944
0.7114
0.69983
0.70191
0.63593
0.40452
0.57787
0.63866
0.97192
0.79841
0.33726
0.77256
0.54919
0.739
0.49899
0.52002
0.5861
0.78318
0.56363
0.37785
0.81708
0.61653
0.66037
0.40724
0.69695
0.80011
0.38983
0.52082
0.81817
0.79248
0.82654
0.6398
0.52528
0.70025
0.52628
0.66357
0.6452
0.72357
0.7364
0.56362
0.88124
0.73873
0.64046
0.68743
0.66245
0.64118
0.49636
0.77065
0.6635
0.87301
0.72206
0.99761
0.42444
0.79477
0.53295
0.78301
0.51829
0.74229
0.44099
0.73973
0.64267
0.63033
0.60535
0.42906
0.50477
0.5898
0.77998
0.72209
0.39205
0.76415
0.73284
0.49382
0.5151
0.42616
0.73806
0.90387
0.59681
0.29186
0.59912
0.52485
0.54545
0.58701
0.75194
0.65121
0.54408
0.66944
0.58755
0.58114
0.75033
0.79559
0.39209
0.37822
0.35406
0.58769
0.65351
0.47413
0.50307
0.37344
0.37765
0.76224
0.60033
0.76446
0.62513
0.67159
0.56583
0.71645
0.69591
0.41056
0.56909
0.72048
0.76774
0.75457
0.58002
0.64255
0.81175
0.75859
0.64149
0.4336
0.71417
0.55228
0.64593
0.73073
0.81698
0.56578
0.5426
0.50873
0.49167
0.69578
0.60897
0.68147
0.67636
0.74886
0.61388
0.72868
0.9162
0.6401
0.57422
0.88311
0.68465
0.74037
0.77996
0.46087
0.71276
0.56206
0.60164
0.87698
0.67952
0.83588
0.69113
0.72034
0.67991
0.6069
0.70471
0.70842
0.69306
0.70362
0.4039
0.54146
0.80361
0.83607
0.49545
0.69502
0.61861
0.52055
0.51912
0.5362
0.68193
0.40121
0.73259
0.77834
0.6801
0.51386
0.62658
0.76386
0.66432
0.6547
0.57811
0.50583
0.71734
0.52632
0.60959
0.51321
0.86025
0.6139
0.6412
0.59882
0.69239
0.91092
0.59901
0.72952
0.86751
0.67781
0.77885
0.56477
0.46034
0.58336
0.64388
0.62603
0.59335
0.69623
0.85931
0.67469
0.59322
0.65855
0.64913
0.44506
0.631
0.66497
0.49516
0.57454
0.7458
0.61358
0.63909
0.66396
0.54661
0.46105
0.70243
0.90605
0.67641
0.53926
0.36917
0.6097
0.52522
0.49363
0.75389
0.678
0.50178
0.56872
0.51845
0.52026
0.54531
0.46098
0.66283
0.71057
0.88487
0.4533
0.75107
0.77616
0.74351
0.61542
0.60728
0.60568
0.64842
0.69977
0.30426
0.65364
0.40749
0.62901
0.63951
0.61137
0.84575
0.83618
0.70145
0.68353
0.27376
0.71654
0.55225
0.85774
0.77939
0.61298
0.51369
0.60107
0.53894
0.27484
0.86371
0.57906
0.74235
0.6937
0.74236
0.7332
0.65247
0.39467
0.57171
0.87565
0.61299
0.55013
0.71139
0.66387
0.44873
0.62206
0.5623
0.68551
0.60915
0.56845
0.55837
0.64383
0.79901
0.55134
0.68611
0.83201
0.5347
0.80071
0.63481
0.66148
0.68984
0.59269
0.54547
0.75642
0.70324
0.88028
0.52324
0.86889
0.59328
0.74475
0.37214
0.4925
0.45394
0.41726
0.88527
0.77587
0.49304
0.4505
0.61484
0.52774
0.56813
0.85066
0.84636
0.71115
0.66961
0.51915
0.50331
0.57255
0.60582
0.60471
0.60519
0.80955
0.54862
0.65775
0.58718
0.64819
0.65514
0.84463
0.8061
0.54589
0.57317
0.5986
0.73329
0.59195
0.70646
0.75954
0.67839
0.57314
0.51805
0.5313
0.65526
0.76758
0.40027
0.61413
0.6269
0.84051
0.75408
0.68572
0.66435
0.55439
0.45969
0.79498
0.7824
0.76744
0.69262
0.66825
0.80066
0.82402
0.73926
0.55945
0.56722
0.34146
0.66916
0.61895
0.42772
0.54942
0.40791
0.77487
0.85286
0.6337
0.73327
0.61568
0.82052
0.6293
0.38108
0.61973
0.62562
0.78436
0.77257
0.61839
0.67328
0.70256
0.59235
0.57225
0.59497
0.5534
0.64902
0.6313
0.68455
0.8525
0.59966
0.42392
0.89234
0.66736
0.58078
0.72739
0.39472
0.66679
0.56462
0.72297
0.81518
0.68468
0.44522
0.64542
0.44738
0.79486
0.70916
0.31231
0.56414
0.53358
0.7832
0.93403
0.56806
0.48236
0.40264
0.76732
0.59218
0.41929
0.49839
0.62052
0.60744
0.49573
0.60113
0.65988
0.60231
0.6043
0.88727
0.70524
0.55019
0.6229
0.49644
0.41152
0.40927
0.7338
0.72955
0.63698
0.70914
0.5211
0.62519
0.39578
0.66802
0.51143
0.7104
0.67179
0.51767
0.42195
0.7531
0.65332
0.53183
0.81971
0.40853
0.74672
0.65687
0.68959
0.91574
0.60279
0.65335
0.59362
0.91622
0.4951
0.69166
0.53131
0.50506
0.65996
0.49259
0.62986
0.72757
0.68865
0.77554
0.39485
0.56343
0.62085
0.6329
0.74696
0.51509
0.71031
0.67018
0.52332
0.65346
0.78284
0.44262
0.63534
0.75061
0.68934
0.56209
0.66428
0.59897
0.51112
0.68124
0.7803
0.74202
0.75762
0.64617
0.49152
0.69882
0.61783
0.81323
0.71357
0.62289
0.54286
0.59513
0.71995
0.78599
0.53717
0.29878
0.8439
0.45925
0.36898
0.6825
0.75911
0.56088
0.46432
0.7297
0.54648
0.70683
0.43283
0.53714
0.8229
0.69308
0.59899
0.60607
0.46825
0.71183
0.63895
0.48317
0.78601
0.5596
0.77319
0.68696
0.60863
0.60661
0.62894
0.68255
0.64564
0.68856
0.6669
0.50524
0.7044
0.73871
0.55241
0.34591
0.47061
0.84785
0.55654
0.56067
0.8317
0.5603
0.77444
0.56996
0.73525
0.75885
0.55642
0.66216
0.5579
0.62367
0.8104
0.59426
0.86603
0.70684
0.64268
0.43806
0.44482
0.70677
0.74009
0.62817
0.74813
0.60621
0.64337
0.4842
0.65532
0.35664
0.65784
0.77106
0.82107
0.45232
0.66103
0.63347
0.77273
0.67396
0.90509
0.93667
0.66178
0.51302
0.59453
0.81396
0.8414
0.64578
0.72794
0.55115
0.51298
0.54641
0.34177
0.475
0.55862
0.55518
0.61907
0.56915
0.31814
0.91263
0.75406
0.5797
0.70074
0.79728
0.45287
0.76312
0.56315
0.81203
0.75229
0.46199
0.42203
0.49853
0.63342
0.59492
0.77689
0.69475
0.59369
0.84333
0.76811
0.66232
0.48734
0.70059
0.74325
0.75147
0.88858
0.49607
0.42065
0.23093
0.59096
0.55829
0.53407
0.66803
0.61279
0.68978
0.68995
0.62211
0.60791
0.74727
0.7414
0.77231
0.46546
0.84354
0.77833
0.26351
0.67015
0.563
0.4867
0.63794
0.64673
0.56093
0.35355
0.61121
0.68131
0.64637
0.35788
0.53902
0.42811
0.62905
0.65255
0.77178
0.52583
0.81996
0.89236
0.49247
0.61296
0.54353
0.58027
0.70008
0.89985
0.7663
0.61216
0.89707
0.33514
0.44809
0.31872
0.54847
0.59156
0.29864
0.60954
0.43129
0.33328
1.0001
0.50607
0.85195
0.47323
0.87277
0.76844
0.87515
0.54263
0.35666
0.67063
0.8592
0.71925
0.75429
0.56916
0.67867
0.77674
0.53139
0.57591
0.57378
0.42834
0.65365
0.9117
0.74578
0.63889
0.4665
0.24098
0.55845
0.68347
0.46479
0.70189
0.65787
0.65723
0.63176
0.71288
0.47109
0.65133
0.73652
0.68204
0.56762
0.83377
0.72995
0.4403
0.56746
0.5489
0.80796
0.68922
0.45078
0.54613
0.75196
0.6169
0.64188
0.52842
0.6599
0.6377
0.53198
0.50425
0.57629
0.7206
0.81517
0.60234
0.66952
0.66
0.85202
0.52447
0.47489
0.45339
0.70033
0.71305
0.78559
0.66554
0.6044
0.86192
0.60304
0.58362
0.80031
0.4363
0.66699
0.54816
0.68339
0.71818
0.58937
0.68905
0.51538
0.44186
0.80899
0.65911
0.59196
0.71242
0.60465
0.57647
0.45102
0.63378
0.49216
0.42389
0.70878
0.54709
0.30745
0.66205
0.31739
0.69698
0.54857
0.76873
0.7141
0.75107
0.58299
0.76685
0.80679
0.66015
0.56626
0.53995
0.62948
0.37163
0.68158
0.72019
0.62289
0.8969
0.54089
0.83825
0.64165
0.78918
0.69565
0.66849
0.71279
0.55173
0.60953
0.52458
0.69096
0.5684
0.5787
0.57038
0.69381
0.60861
0.84843
0.80509
0.71353
0.75452
0.69141
0.68193
0.75456
0.75257
0.56269
0.55196
0.44881
0.66853
0.79269
0.64734
0.43076
0.71057
0.61
0.7678
0.80486
0.65691
0.55588
0.72984
0.55777
0.76578
0.52693
0.86592
0.73568
0.62943
0.74133
0.66397
0.80393
0.74225
0.55496
0.56213
0.64932
0.66737
0.76287
0.71062
0.63809
0.55601
0.75119
0.65687
0.93355
0.66298
0.36498
0.62116
0.64893
0.81165
0.39219
0.58285
0.75874
0.60587
0.78901
0.907
0.68592
0.69955
0.52422
0.71618
0.77289
0.46607
0.55529
0.60651
0.47567
0.64516
0.68063
0.37989
0.5073
0.69588
0.59758
0.32395
0.79078
0.62388
1.0186
0.54115
0.72546
0.58005
0.75218
0.78924
0.74088
0.70739
0.50786
0.49692
0.67952
0.46732
0.56204
0.61638
0.63
0.73414
0.31633
0.74887
0.48596
0.68431
0.62775
0.5566
0.49551
0.86866
0.541
0.67255
0.71766
0.56461
0.65085
0.727
0.70983
0.73189
0.83325
0.65456
0.51856
0.70177
0.81233
0.70722
0.7163
0.7603
0.74837
0.39149
0.74654
0.46659
0.67844
0.51412
0.48872
0.67286
0.54527
0.60333
0.77498
0.47647
0.73672
0.53784
0.61129
0.63353
0.68569
0.66592
0.65477
0.75067
0.28157
0.56529
0.79007
0.74435
0.69112
0.61511
0.67463
0.71888
0.72187
0.69611
0.63443
0.72532
0.61477
0.69752
0.64468
0.54046
0.72178
0.61666
0.66414
0.51774
0.77001
0.57877
0.69263
0.78648
0.62867
0.81895
0.55948
0.65343
0.74456
0.68616
0.37852
0.79896
0.64451
0.67188
0.4876
0.78107
0.70618
0.59821
0.63606
0.53149
0.77876
0.7339
0.59352
0.40663
0.59047
0.68516
0.46307
0.5267
0.55641
0.60069
0.30983
0.60759
0.77514
0.8334
0.59403
0.55691
0.76968
0.64261
0.84391
0.49164
0.66097
0.57032
0.85262
0.66803
0.6132
0.4621
0.7186
0.61872
0.80895
0.4
0.80283
0.54626
0.56847
0.69297
0.68833
0.69744
0.6254
0.70462
0.46
0.6793
0.48703
0.59339
0.70507
0.59253
0.47564
0.68371
0.6014
0.64743
0.87042
0.68257
0.72244
0.62584
0.5975
0.4884
0.78592
0.79961
0.84871
0.29223
0.77313
0.33489
0.51881
0.41233
0.50455
0.30496
0.74906
0.75788
0.66054
0.4934
0.7945
0.71388
0.40192
0.52249
0.77441
0.36403
0.34473
0.62975
0.51445
0.64086
0.69888
0.79671
0.82872
0.49992
0.56483
0.45854
0.64442
0.76631
0.61104
0.69459
0.65847
0.72567
0.74494
0.38854
0.69921
0.82026
0.61955
0.69892
0.44885
0.78554
0.73716
0.40339
0.59898
0.76744
0.57519
0.65561
0.77869
0.64979
0.50314
0.79264
0.64002
0.50501
0.85514
0.6414
0.67128
0.87389
0.57527
0.46696
0.86562
0.75671
0.45013
0.89224
0.54507
0.91996
0.64823
0.59756
0.66744
0.51519
0.5978
0.79611
0.71997
0.67849
0.34826
0.76237
0.67196
0.46959
0.5751
0.57378
0.74896
0.68938
0.5939
0.67013
0.67313
0.68515
0.50396
0.25429
0.64981
0.77116
0.79455
0.41718
0.56446
0.56834
0.56704
0.74699
0.50212
0.73527
0.67857
0.71969
0.59072
0.66945
0.51593
0.54294
0.25721
0.83659
0.43099
0.51106
0.68877
0.69936
0.64296
0.68778
0.54452
0.42644
0.64145
0.38672
0.48373
0.61594
0.46138
0.70958
0.67709
0.62256
0.62336
0.50498
0.75525
0.70864
0.46725
0.17617
0.79901
0.82549
0.58559
0.56768
0.71763
0.84868
0.51817
0.74038
0.66323
0.6254
0.75161
0.74618
0.8344
0.48312
0.82556
0.43468
0.65365
0.49433
0.62591
0.45294
0.44273
0.6242
0.29946
0.42048
0.50653
0.60576
0.69804
0.80677
0.62799
0.59071
0.4924
0.77787
0.75472
0.68596
0.76311
0.47351
0.62185
0.55298
0.77469
0.52329
0.75745
0.45746
0.63461
0.46126
0.54196
0.56885
0.59151
0.42488
0.50053
0.45208
0.77512
0.79201
0.546
0.63196
0.49318
0.71468
0.73734
0.55746
0.53984
0.62492
0.43752
0.75269
0.62491
0.60819
0.54046
0.73432
0.5621
0.66746
0.7235
0.50601
0.51184
0.28022
0.76114
0.68039
0.52756
0.37273
0.77931
0.26014
0.56214
0.71716
0.35662
0.44531
0.60972
0.67203
0.54428
0.85647
0.65838
0.50307
0.4865
0.62062
0.82432
0.65568
0.58373
0.71712
0.54453
0.49245
0.50437
0.47646
0.79187
0.44619
0.61815
0.25541
0.38747
0.63308
0.7221
0.77925
0.45819
0.75359
0.63265
0.90756
0.61236
0.63389
0.5938
0.59322
0.56123
0.57646
0.45251
0.67459
0.6911
0.61256
0.5692
0.68623
0.85656
0.78177
0.67273
0.70576
0.55524
0.5807
0.66064
0.58153
0.66012
0.43618
0.4719
0.55979
0.49106
0.71026
0.68274
0.41508
0.60481
0.69898
0.71152
0.72076
0.58579
0.62363
0.42094
0.6824
0.65741
0.68788
0.51019
0.69534
0.41948
0.84378
0.50797
0.57203
0.62238
0.74047
0.46652
0.83111
0.71564
0.83813
0.40509
0.54251
0.58299
0.5868
0.7704
0.28234
0.66417
0.62755
0.55041
0.46726
0.58895
0.65636
0.49494
0.72945
0.45201
0.61018
0.82317
0.75538
0.26474
0.59548
0.96097
0.55072
0.49851
0.75778
0.62971
0.4401
0.69227
0.60885
0.45996
0.79366
0.45948
0.55587
0.66173
0.46018
0.74264
0.63958
0.58356
0.66362
0.60823
0.58967
0.56669
0.41401
0.67662
0.58426
0.47994
0.77849
0.42764
0.85964
0.63844
0.58651
0.43473
0.51131
0.69447
0.47636
0.49047
0.58683
0.53553
0.63389
0.62691
0.97466
0.57481
0.55455
0.55894
0.5353
0.64301
0.7662
0.61624
0.51589
0.61764
0.76917
0.68843
0.73149
0.60966
0.4294
0.5012
0.52056
0.63416
0.80989
0.62794
0.6511
0.66656
0.52077
0.66572
0.66007
0.81015
0.75644
0.77114
0.58471
0.77206
0.58911
0.60939
0.47861
0.68996
0.6857
0.5893
0.83692
0.71495
0.57843
0.72833
0.82241
0.71218
0.54274
0.4284
0.64005
0.64303
0.56991
0.67371
0.57105
0.56375
0.52813
0.67513
0.7264
0.59943
0.43793
0.66775
0.54463
0.65185
0.77563
0.62622
0.67747
0.60729
0.49355
0.55404
0.80075
0.69481
0.80138
0.74809
0.76942
0.54783
0.64195
0.60118
0.55944
0.72793
0.79061
0.65997
0.60398
0.8201
0.59856
0.58875
0.30006
0.9047
0.64099
0.78071
0.77589
0.61314
0.72516
0.77062
0.32737
0.67043
0.85656
0.6722
0.76156
0.81572
0.49404
0.69065
0.50663
0.55421
0.86288
0.83612
0.56687
0.51235
0.55926
0.72901
0.57419
0.63727
0.72574
0.30965
0.37151
0.37203
0.54546
0.67413
0.74508
0.37696
0.57936
0.72713
0.7011
0.43465
0.42769
0.3902
0.57316
0.75578
0.843
0.7233
0.73126
0.76192
0.47231
0.70092
0.51692
0.58374
0.66098
0.50053
0.6493
0.66396
0.57752
0.53534
0.61932
0.59354
0.58832
0.66538
0.59472
0.46592
0.54651
0.7893
0.41404
0.5296
0.53922
0.45703
0.72736
0.64595
0.40161
0.6878
0.88635
0.54091
0.47733
0.52333
0.60511
0.81
0.76122
0.651
0.51851
0.83464
0.65397
0.96517
0.46302
0.5538
0.67308
0.5485
0.48226
0.8235
0.71276
0.75377
0.98714
0.63244
0.50219
0.62697
0.54243
0.52952
0.63624
0.80539
0.43663
0.80831
0.65608
0.5406
0.66474
0.53113
0.6586
0.57592
0.71532
0.7414
0.66806
0.68825
0.71241
0.3699
0.53068
0.68492
0.81531
0.62243
0.69413
0.53813
0.80096
0.83658
0.61837
0.40893
0.59695
0.52716
0.68486
0.79864
0.48631
0.6743
0.5559
0.52353
0.54512
0.81784
0.78553
0.29139
0.32524
0.57434
0.60895
0.66106
0.70641
0.42395
0.40507
0.54741
0.49869
0.78004
0.68559
0.8655
0.59738
0.59189
0.79298
0.61137
0.63342
0.65245
0.75589
0.58171
0.40716
0.5031
0.60656
0.66121
0.68553
0.84431
0.63336
0.87703
0.75183
0.75105
0.58284
0.43976
0.65833
0.76403
0.60302
0.54899
0.79964
0.72698
0.75699
0.8684
0.52782
0.41485
0.47964
0.54527
0.78683
0.62309
0.54903
0.6107
0.57503
0.38421
0.49313
0.5536
0.82677
0.61333
0.77668
0.7783
0.7689
0.52408
0.51142
0.58894
0.57579
0.75164
0.7617
0.64159
0.49106
0.83665
0.52248
0.62951
0.64351
0.6996
0.69067
0.43523
0.70127
0.59267
0.73516
0.66587
0.66182
0.60871
0.42408
0.69956
0.46315
0.75015
0.47408
0.62824
0.76587
0.70925
0.39115
0.68424
0.56014
0.28727
0.54789
0.61649
0.67507
0.4558
0.72154
0.30796
0.86793
0.60814
0.62567
0.51671
0.38697
0.58207
0.43297
0.73585
0.62215
0.7027
0.86227
0.43805
0.30177
0.52609
0.5547
0.56119
0.61386
0.59311
0.40658
0.68539
0.6023
0.66497
0.72103
0.36586
0.34435
0.77222
0.6537
0.44458
0.58561
0.5076
0.81708
0.83011
0.74805
0.57814
0.45615
0.62588
0.69231
0.50695
0.83888
0.67194
0.63563
0.76536
0.65384
0.60365
0.73549
0.29029
0.83063
0.72234
0.41619
0.58737
0.66685
0.79797
0.7805
0.79342
0.56448
0.51789
0.37085
0.64958
0.71854
0.544
0.18658
0.58399
0.71146
0.49468
0.67836
0.55071
0.49122
0.22602
0.70422
0.72367
0.40603
0.34524
0.6396
0.53131
0.44443
0.47454
0.54143
0.62995
0.53795
0.58324
0.81212
0.56336
0.63075
0.59622
0.76797
0.46037
0.62401
0.61603
0.57777
0.73395
0.53109
0.71805
0.74702
0.72128
0.8051
0.58678
0.70779
0.48526
0.69
0.48181
0.70824
0.79485
0.48308
0.88801
0.4818
0.7326
0.73037
0.51555
0.56425
0.45789
0.64198
0.77652
0.53481
0.42718
0.38751
0.51829
0.71847
0.59027
0.61626
0.46787
0.68511
0.68692
0.64449
0.79393
0.55964
1.0084
0.36761
0.4593
0.60483
0.84178
0.58768
0.78459
0.58999
0.48051
0.61696
0.39987
0.63094
0.50885
0.44003
0.51886
0.76295
0.42701
0.66736
0.79692
0.76693
0.45568
0.41389
0.57813
0.70732
0.60111
0.55287
0.75257
0.57707
0.82906
0.85857
0.66493
0.44297
0.99005
0.66585
0.60105
0.59886
0.85954
0.70101
0.73132
0.74415
0.65339
0.43675
0.48893
0.6877
0.82783
0.63016
0.79703
0.71064
0.55513
0.5132
0.74486
0.79207
0.59493
0.48663
0.79097
0.74502
0.62603
0.56761
0.72853
0.49643
0.74385
0.94173
0.6205
0.7865
0.60152
0.53219
0.73211
0.5969
0.43519
0.43185
0.41838
0.54688
0.68269
0.59968
0.60201
0.32798
0.47442
0.63714
0.68577
0.70522
0.48937
0.57105
0.51891
0.66119
0.58398
0.6109
0.41462
0.63167
0.89283
0.66123
0.65673
0.53675
0.5919
0.51152
0.55911
0.73698
0.73465
0.63005
0.53292
0.77181
0.78292
0.67849
0.79186
0.48947
0.54969
0.4015
0.70725
0.80256
0.53844
0.73971
0.78577
0.4441
0.60071
0.49211
0.72288
0.81026
0.80663
0.30638
0.72346
0.6735
0.61129
0.4281
0.59291
0.56447
0.72303
0.58259
0.92886
0.76694
0.60629
0.84639
0.81967
0.45044
0.54987
0.53176
0.47892
0.92556
0.55185
0.71299
0.87028
0.31625
0.79088
0.6607
0.74516
0.65893
0.35036
0.51624
0.72282
0.79136
0.6411
0.63071
0.665
0.65195
0.7532
0.81872
0.56445
0.82165
0.70023
0.49275
0.65982
0.60096
0.58671
0.749
0.60333
0.71661
0.40774
0.42441
0.76388
0.41598
0.58638
0.55015
0.61204
0.70996
0.78359
0.50324
0.66028
0.93802
0.55528
0.58578
0.6193
0.78219
0.50269
0.58126
0.51447
0.53693
0.68534
0.62744
0.69191
0.66862
0.65202
0.65378
0.66962
0.66739
0.5467
0.59632
0.5031
0.84295
0.4342
0.59561
0.61843
0.87753
0.46448
0.60289
0.46997
0.6576
0.63041
0.898
0.48594
0.77117
0.55967
0.39043
0.67707
0.36851
0.57363
0.79567
0.56264
0.78307
0.5037
0.87849
0.93508
0.58199
0.26965
0.62974
0.43791
0.69307
0.62178
0.70393
0.58544
0.76196
0.67512
0.69526
0.72191
0.80989
0.4066
0.54953
0.74523
0.70064
0.63851
0.47072
0.77489
0.47154
0.6633
0.75576
0.62317
0.53997
0.39786
0.74956
0.6993
0.89286
0.6845
0.78186
0.50907
0.65265
0.56957
0.62284
0.67496
0.92565
0.52798
0.81081
0.70355
0.78678
0.57583
0.7876
0.66608
0.71747
0.62253
0.40456
0.89904
0.76511
0.52431
0.62068
0.49835
0.53961
0.73357
0.79868
0.84738
0.61338
0.79913
0.55088
0.55754
0.65338
0.70868
0.7071
0.85541
0.59122
0.82613
0.80683
0.61492
0.65237
0.74267
0.68932
0.47088
0.47654
0.53843
0.54072
0.61097
0.66235
0.61706
0.609
0.53907
0.56619
0.68779
0.48781
0.55733
0.70864
0.74401
0.70138
0.71347
0.47257
0.59365
0.57427
0.58527
0.68707
0.39174
0.68134
0.46281
0.62708
0.43025
0.72289
0.79234
0.63518
0.71965
0.71751
0.47486
0.32913
0.65306
0.5721
0.72887
0.66481
0.68696
0.7434
0.36304
0.68008
0.69293
0.39874
0.26848
0.73295
0.74857
0.65728
0.44822
0.51878
0.67335
0.46641
0.6927
0.86133
0.6541
0.35388
0.43543
0.64791
0.5533
0.63633
0.61644
0.52521
0.62689
0.53846
0.61134
0.59559
0.55196
0.55167
0.59648
0.70425
0.4525
0.60507
0.49959
0.71529
0.61471
0.67138
0.61811
0.61149
0.67942
0.58108
0.48988
0.5958
0.3935
0.7196
0.65677
0.60677
