0.65059
0.56559
0.49764
0.64939
0.53376
0.76064
0.6011
0.86554
0.56734
0.8541
0.7374
0.59284
0.79406
0.51083
0.86233
0.46271
0.50017
0.50654
0.35352
0.56081
0.60275
0.81247
0.54707
0.57069
0.85646
0.63245
0.45171
0.77528
0.71313
0.70252
0.53926
0.80466
0.64986
0.68955
0.43995
0.69809
0.77176
0.58711
0.52001
0.52925
0.87342
0.59756
0.79303
0.61839
0.52157
0.64502
0.5492
0.67422
0.36495
0.5935
0.78876
0.70672
0.91152
0.49606
0.61115
0.78902
0.67434
0.70692
0.59854
0.52509
0.62577
0.72717
0.64417
0.55998
0.67135
0.73187
0.26301
0.5407
0.61528
0.82718
0.6127
0.50036
0.43546
0.63774
0.49919
0.57252
0.73631
0.66657
0.32244
0.6103
0.51381
0.35362
0.76637
0.99749
0.59676
0.70248
0.41603
0.55168
0.86291
0.60471
0.81848
0.65537
0.87484
0.81944
0.64736
0.43674
0.63384
0.91146
0.68866
0.72479
0.74099
0.38667
0.77494
0.74795
0.38855
0.70794
0.80013
0.54832
0.57609
0.73474
0.55053
0.71639
0.66758
0.59056
0.56226
0.60189
0.81582
0.79458
0.63608
0.75753
0.41492
0.88144
0.6829
0.47096
0.8383
0.68222
0.6644
0.85743
0.44902
0.5
0.44918
0.41759
0.45688
0.68899
0.57047
0.74196
0.4446
0.50011
0.53276
0.6802
0.47577
0.68162
0.60733
0.42297
0.39184
0.51465
0.30258
0.80341
0.78034
0.94732
0.61101
0.79911
0.55549
0.53013
0.74949
0.75091
0.61005
0.43902
0.46417
0.78504
0.72399
0.716
0.62193
0.49719
0.602
0.51951
0.74581
0.66916
0.55061
0.54131
0.51984
1.0091
0.71368
0.56784
0.61046
0.69662
0.74794
0.51315
0.63547
0.46096
0.42639
0.77961
0.51311
0.47489
0.72261
0.5932
0.65326
0.67569
0.61262
0.58097
0.59298
0.46372
0.60145
0.51768
0.54945
0.6137
0.80309
0.64959
0.70103
0.66442
0.70934
0.57015
0.58081
0.64803
0.57922
0.45709
0.62961
0.62088
0.73148
0.67425
0.46619
0.34266
0.3536
0.61263
0.55517
0.51317
0.34734
0.7404
0.54643
0.77214
0.49116
0.7673
0.53058
0.59066
0.64368
0.84916
0.6782
0.61079
0.76876
0.2257
0.52694
0.52995
0.65402
0.76137
0.62635
0.77927
0.63282
0.62864
0.83708
0.71978
0.51436
0.48671
0.75129
0.70051
0.47291
0.61148
0.73629
0.87268
0.89556
0.60854
0.7719
0.62171
0.6727
0.48063
0.47584
0.5857
0.58175
0.51464
0.59415
0.27388
0.6936
0.72654
0.55834
0.3741
0.6921
0.67497
0.86341
0.51369
0.76162
0.68207
0.69464
0.6696
0.63382
0.73675
0.78118
0.50773
0.50846
0.90783
0.59774
0.65878
0.43204
0.73818
0.70954
0.52271
0.76615
0.38487
0.55812
0.70212
0.28158
0.48585
0.67757
0.56358
0.41219
0.63286
0.70396
0.68299
0.52249
0.56582
0.6772
0.57778
0.52399
0.67013
0.66157
0.63033
0.66703
0.78994
0.60372
0.39452
0.17408
0.78301
0.73885
0.64464
0.84159
0.61637
0.67464
0.75803
0.47028
0.29346
0.87067
0.58684
0.72226
0.61387
0.50875
0.6735
0.6584
0.68329
0.74871
0.53053
0.48723
0.76347
0.75748
0.80078
0.68724
0.86487
0.56066
0.62446
0.68602
0.78543
0.63804
0.73553
0.5186
0.45231
0.582
0.32938
0.49514
0.54496
0.6161
0.38467
0.80496
0.67726
0.56239
0.8689
0.5022
0.58068
0.6228
0.62595
0.66065
0.63371
0.74775
0.54629
0.66697
0.74455
0.67974
0.87378
0.53411
0.74785
0.81436
0.56836
0.80619
0.52713
0.40262
0.55479
0.58669
0.62628
0.60739
0.71838
0.62291
0.50753
0.76971
0.79026
0.49335
0.46865
0.28361
0.68274
0.63703
0.78296
0.69687
0.62906
0.77036
0.64164
0.62682
0.68693
0.56458
0.60611
0.67297
0.62744
0.75631
0.4954
0.52024
0.57786
0.63514
0.743
0.61267
0.34362
0.53488
0.60358
0.79087
0.77381
0.47056
0.69163
0.46883
0.41709
0.53562
0.8089
0.70938
0.83294
0.78636
0.47549
0.86359
0.54715
0.66967
0.76786
0.5085
0.72385
0.65921
0.71419
0.86658
0.74889
0.74267
0.4453
0.47699
0.58761
0.47129
0.29779
0.91103
0.67504
0.8227
0.47512
0.73714
0.75727
0.69966
0.64641
0.66205
0.65127
0.70505
0.57612
0.49923
0.70069
0.54428
0.70641
0.5042
0.80766
0.51368
0.79291
0.89728
0.8306
0.6567
0.44694
0.65459
0.64774
0.84112
0.77939
0.68364
0.83347
0.48709
0.42482
0.62873
0.60564
0.61879
0.50516
0.57625
0.71565
0.55602
0.66969
0.37412
0.79367
0.40225
0.61717
0.64594
0.66482
0.73019
0.52115
0.54856
0.67483
0.58424
0.68343
0.65979
0.80879
0.37752
0.47902
0.47976
0.58383
0.65532
0.71968
0.65676
0.62028
0.69188
0.76115
0.56988
0.59463
0.62427
0.32087
0.5446
0.53854
0.5072
0.72397
0.48862
0.37181
0.51635
0.79132
0.53762
0.48986
0.66252
0.45278
0.54744
0.59443
0.64873
0.31015
0.69115
0.76173
0.4833
0.47657
0.7654
0.76015
0.93125
0.44447
0.55349
0.81003
0.88594
0.63516
0.59074
0.43728
0.47666
0.75555
0.65776
0.37752
0.70257
0.64017
0.5044
0.5715
0.72812
0.41786
0.63358
0.79804
0.66947
0.77501
0.75925
0.76022
0.44165
0.53985
0.49686
0.40506
0.66087
0.50908
0.78375
0.65871
0.73743
0.4838
0.50163
0.66422
0.68157
0.67852
0.63963
0.72855
0.387
0.54776
0.46704
0.60741
0.79
0.80052
0.54692
0.74994
0.52987
0.84867
0.60564
0.59491
0.46945
0.64811
0.48312
0.45335
0.50758
0.71265
0.4543
0.26143
0.83404
0.35259
0.82645
0.91829
0.51234
0.65015
0.78688
0.7614
0.69497
0.42387
0.80448
0.51641
0.66724
0.74736
0.56958
0.64617
0.51459
0.58114
0.69778
0.568
0.75827
0.54993
0.59275
0.51478
0.68514
0.42821
0.58483
0.89323
0.59538
0.80677
0.76563
0.64705
0.49747
0.72546
0.67642
0.408
0.76742
0.62983
0.75284
0.79073
0.75414
0.4739
0.80166
0.73078
0.4659
0.54287
0.25993
0.57165
0.80423
0.78671
0.89583
0.27239
0.69924
0.6657
0.91552
0.76737
0.70865
0.64327
0.33323
0.50271
0.665
0.74717
0.67447
0.77996
0.62567
0.7184
0.60347
0.77678
0.75567
0.68986
0.53225
0.84631
0.54149
0.45654
0.57383
0.66587
0.43451
0.26573
0.59856
0.38893
0.6516
0.66338
0.54342
0.84721
0.787
0.29706
0.45145
0.68903
0.88451
0.73498
0.69295
0.66644
0.77128
0.57128
0.59068
0.64107
0.62371
0.60152
0.66967
0.64097
0.56163
0.75522
0.5805
0.68267
0.76134
0.38307
0.65439
0.55969
0.73971
0.85819
0.56706
0.54555
0.66317
0.66146
0.62368
0.70488
0.58999
0.60923
0.83818
0.61801
0.58664
0.69028
0.8118
0.5775
0.69734
0.22757
0.54212
0.79882
0.74953
0.69653
0.57223
0.70668
0.61913
0.34606
0.88182
0.60555
0.53657
0.25413
0.68555
0.66833
0.67117
0.67127
0.53576
0.63133
0.79179
0.59084
0.4465
0.77648
0.62151
0.74522
0.71627
0.54898
0.36287
0.36561
0.84352
0.65208
0.6158
0.60097
0.50964
0.69716
0.77063
0.6547
0.59998
0.47323
0.53586
0.39753
0.56906
0.44796
0.71708
0.72006
0.70088
0.75757
0.87259
0.4933
0.48921
0.51906
0.44555
0.58105
0.72747
0.52518
0.53407
0.90195
0.76898
0.87202
0.51814
0.83502
0.71112
0.48872
0.69206
0.4842
0.72924
0.73224
0.62693
0.95548
0.68716
0.7124
0.71056
0.39381
0.52815
0.51782
0.74192
0.70195
0.62943
0.73715
0.59841
0.81598
0.46299
0.58525
0.75673
0.94616
0.56054
0.50159
0.72377
0.43782
0.40521
0.64674
0.72163
0.79236
0.71431
0.84322
0.70201
0.83406
0.6575
0.51801
0.36208
0.78819
1.0101
0.63711
0.81835
0.50115
0.65295
0.81579
0.5172
0.56724
0.68694
0.63717
0.4154
0.62173
0.56217
0.51249
0.44086
0.74224
0.6959
0.64486
0.79354
0.71215
0.67341
0.5659
0.92016
0.44193
0.59957
0.53692
0.44906
0.57636
0.79779
0.58195
0.66813
0.8135
0.65481
0.44467
0.64427
0.58237
0.75158
0.59196
0.67341
0.79199
0.56473
0.4516
0.77288
0.61963
0.77956
0.56976
0.71712
0.5644
0.42404
0.79017
0.73063
0.80476
0.55937
0.8289
0.70032
0.56487
0.95876
0.68198
0.75793
0.44535
0.6401
0.43664
0.60937
0.42008
0.76573
0.69443
0.55856
0.77912
0.72191
0.43249
0.82491
0.66131
0.60676
0.74722
0.7087
0.47821
0.97904
0.68183
0.39241
0.61371
0.74336
0.52597
0.54578
0.48178
0.69571
0.43928
0.2756
0.74868
0.46525
0.69724
0.49941
0.80518
0.61711
0.35142
0.64934
0.66072
0.70068
0.57371
0.7651
0.70133
0.56505
0.61139
0.53795
0.51093
0.58029
0.33621
0.68061
0.36915
0.50105
0.51758
0.70873
0.29436
0.56143
0.55922
0.87638
0.74499
0.66436
0.57819
0.41471
0.61808
0.66207
0.42559
0.64862
0.53175
0.35226
0.66236
0.61301
0.36099
0.74324
0.72721
0.63532
0.67836
0.62561
0.53551
0.71444
0.52597
0.49835
0.97297
0.67873
0.5101
0.57723
0.4816
0.39048
0.68529
0.75998
0.77398
0.70228
0.75737
0.30468
0.37652
0.71341
0.31551
0.76915
0.61453
0.31349
0.51553
0.84015
0.71388
0.51168
0.58871
0.69202
0.61655
0.39588
0.80436
0.61144
0.82086
0.65264
0.5611
0.64698
0.74907
0.65125
0.4149
0.73597
0.5256
0.65535
0.44905
0.53546
0.77314
0.61566
0.8402
0.68534
0.69953
0.73487
0.82488
0.52355
0.67901
0.57321
0.42979
0.71224
0.77055
0.41111
0.69142
0.82117
0.51377
0.55092
0.78841
0.65085
0.503
0.64428
0.56755
0.71977
0.48585
0.7766
0.71249
0.85081
0.73724
0.40556
0.6586
0.78678
0.48366
0.45235
0.51071
0.76434
0.41707
0.3866
0.50591
0.81367
0.75455
0.57667
0.56141
0.72181
0.82311
0.72836
0.6815
0.79612
0.54501
0.77292
0.62829
0.44295
0.6396
0.7084
0.52349
0.91763
0.65052
0.71688
0.53919
0.81926
0.64098
0.71523
0.24057
0.81045
0.61772
0.57901
0.69175
0.5212
0.5655
0.47207
0.64188
0.63407
0.64413
0.58242
0.36973
0.79531
0.83912
0.36758
0.57697
0.72872
0.62599
0.63146
0.39307
0.7867
0.42644
0.78082
0.65016
0.58751
0.7545
0.47399
0.52731
0.54249
0.74439
0.71895
0.49039
0.85084
0.70191
0.5368
0.65395
0.53452
0.832
0.65073
0.55477
0.72136
0.61977
0.80686
0.72347
0.57802
0.65064
0.72322
0.62632
0.52776
0.32104
0.69818
0.54989
0.63366
0.69909
0.75479
0.8104
0.6367
0.25771
0.74832
0.60268
0.70074
0.85269
0.39875
0.47453
0.81395
0.38368
0.73794
0.41147
0.59717
0.6176
0.50514
0.56081
0.64152
0.60283
0.6865
0.50654
0.57589
0.63291
0.51234
0.41466
0.21771
0.60996
0.7098
0.81841
0.5803
0.51251
0.61522
0.71978
0.5877
0.53179
0.61267
0.83982
0.24982
0.46914
0.60107
0.72091
0.55873
0.5929
0.78249
0.59663
0.52005
0.68531
0.56018
0.53532
0.7168
0.5542
0.63143
0.48583
0.48105
0.69879
0.697
0.67757
0.59898
0.78651
0.75552
0.80159
0.56266
0.52945
0.69235
0.78926
0.90796
0.77364
0.57826
0.57676
0.66375
0.63574
0.66321
0.6446
0.32822
0.56593
0.93179
0.39458
0.90588
0.41262
0.5851
0.67636
0.85178
0.7554
0.79005
0.79505
0.3672
0.61158
0.93252
0.80101
0.6457
0.87544
0.48415
0.44599
0.64504
0.81755
0.73934
0.86096
0.64961
0.93138
0.82207
0.63388
0.61757
0.5959
0.77847
0.55411
0.59469
0.5511
0.74383
0.59669
0.7106
0.53093
0.52932
0.57167
0.6477
0.4236
0.81592
0.82966
0.33445
0.53166
0.51605
0.62379
0.98434
0.30192
0.78058
0.58761
0.43205
0.71444
0.68731
0.51516
0.35016
0.42893
0.4612
0.44779
0.724
0.63264
0.64983
0.76768
0.637
0.41147
0.72581
0.53891
0.47544
0.63832
0.49763
0.69962
0.58212
0.41805
0.65872
0.39192
0.68352
0.65866
0.7836
0.84821
0.4769
0.38747
0.73568
0.71629
0.7736
0.60071
0.28019
0.47939
0.48321
0.71994
0.7995
0.64147
0.72449
0.60162
0.84606
0.81535
0.63755
0.65169
0.54109
0.8044
0.79779
0.5355
0.63354
0.83399
0.48633
0.60314
0.60859
0.44282
0.75307
0.57806
0.65458
0.66052
0.88124
0.37006
0.64927
0.54674
0.59879
0.90983
0.64574
0.57286
0.85117
0.80157
0.5101
0.60822
0.6511
0.48423
0.58026
0.61504
0.71517
0.7483
0.5083
0.59897
0.5826
0.64404
0.58815
0.50819
0.71343
0.53019
0.65478
0.32769
0.37627
0.6866
0.84837
0.61342
0.90921
0.54732
0.7559
0.47315
0.44479
0.4854
0.48653
0.89191
0.67282
0.54818
0.58323
0.31064
0.60806
0.69271
0.66223
0.7233
0.40228
0.75192
0.7176
0.42303
0.68602
0.30105
0.74724
0.44051
0.70442
0.72348
0.60905
0.88832
0.59052
0.60119
0.69676
0.69439
0.54893
0.4158
0.68666
0.70638
0.5744
0.74779
0.53347
0.76069
0.93873
0.51658
0.72725
0.57278
0.69691
0.67016
0.62587
0.70435
0.53179
0.64667
0.609
0.6716
0.50274
0.68369
0.44119
0.6973
0.88556
0.68227
0.79785
0.66555
0.48187
0.7425
0.40329
0.53839
0.84646
0.73659
0.67732
0.54453
0.65637
0.53712
0.27994
0.54232
0.49141
0.82623
0.37615
0.65851
0.27819
0.71801
0.44701
0.89564
0.64682
0.61342
0.50459
0.4757
0.77641
0.5844
0.59259
0.485
0.55392
0.66263
0.62663
0.60574
0.49465
0.76895
0.84536
0.53957
0.62714
0.44378
0.31298
0.69105
0.63425
0.82843
0.57135
0.56893
0.4837
0.66205
0.57193
0.83145
0.62351
0.57171
0.7235
0.77529
0.29712
0.50033
0.62157
0.63825
0.89782
0.67784
0.48586
0.79917
0.73288
0.41046
0.51355
0.70993
0.67762
0.81151
0.80238
0.53824
0.78593
0.71073
0.75492
0.72661
0.74141
0.65987
0.47835
0.41007
0.67289
0.72165
0.52133
0.88911
0.64261
0.45075
0.62989
0.69388
0.43635
0.77332
0.55315
0.40707
0.6674
0.62375
0.68377
0.74935
0.55022
0.75997
0.71655
0.82234
0.69901
0.68992
0.8118
0.79398
0.57267
0.70728
0.31393
0.7742
0.82279
0.35459
0.70726
0.79405
0.47343
0.70948
0.83355
0.63883
0.81437
0.31811
0.97503
0.748
0.9897
0.55364
0.64119
0.55621
0.56828
0.74811
0.65507
0.62909
0.66283
0.70967
0.49245
1.0088
0.51852
0.58941
0.55227
0.62221
0.3938
0.73126
0.71094
0.70235
0.66753
0.61051
0.63699
0.7572
0.653
0.84786
0.42637
0.89208
0.54549
0.69904
0.70713
0.49274
0.74854
0.78253
0.64167
0.47456
0.77613
0.68345
0.34752
0.65175
0.41836
0.51551
0.49175
0.62857
0.80883
0.78303
0.74369
0.54404
0.61588
0.50584
0.54461
0.55793
0.78928
0.62961
0.60161
0.53713
0.63871
0.4906
0.47283
0.43053
0.86161
0.64386
0.26514
0.79386
0.55945
0.7155
0.603
0.88964
0.50276
0.4861
0.81552
0.42811
0.49492
0.44195
0.53156
0.80536
0.48177
0.75534
0.36522
0.66678
0.39846
0.70158
0.56321
0.47718
0.65963
0.46338
0.4736
0.51541
0.58383
0.6425
0.34045
0.5533
0.81016
0.76784
0.81508
0.61619
0.54605
0.77826
0.58916
0.60232
0.52586
0.71839
0.75059
0.84545
0.60339
0.35792
0.66444
0.65604
0.50069
0.60684
0.62125
0.50417
0.82507
0.79372
0.78341
0.73882
0.86135
0.6354
0.71275
0.75582
0.70884
0.58333
0.73542
0.7024
0.56201
0.68069
0.69672
0.63143
0.69998
0.6209
0.60494
0.556
0.68206
0.51988
0.74977
0.69291
0.81169
0.51877
0.81088
0.77982
0.72757
0.84127
0.43922
0.5798
0.8991
0.67313
0.66531
0.5361
0.6562
0.62304
0.4722
0.68535
0.40454
0.54298
0.70984
0.72476
0.54721
0.69262
0.69429
0.50432
0.58557
0.64811
0.52222
0.44246
0.60016
0.463
0.43111
0.76745
0.54138
0.56009
0.72003
0.82558
0.37646
0.55161
0.73122
0.86302
0.81986
0.82264
0.42421
0.44749
0.73099
0.7266
0.71615
0.88723
0.38394
0.62801
0.72653
0.57652
0.63679
0.673
0.6149
0.62343
0.43344
0.7525
0.72227
0.55177
0.52325
0.56562
0.85652
0.79491
0.61026
0.68257
0.39905
0.40697
0.78014
0.6625
0.68292
0.68245
0.54117
0.85496
0.79463
0.47026
0.25757
0.50908
0.81438
0.745
0.78632
0.49638
0.37771
0.57657
0.83716
0.8768
0.56647
0.52751
0.78497
0.621
0.70904
0.61414
0.44352
0.77533
0.63937
0.68002
0.64758
0.57985
0.73361
0.52961
0.46663
0.76801
0.32756
0.78302
0.71036
0.54272
0.64773
0.32763
0.55328
0.50246
0.65225
0.7114
0.89758
0.57951
0.71508
0.74756
0.46583
0.72693
0.54946
0.41542
0.58135
0.45116
0.69281
0.30791
0.8912
0.61072
0.77221
0.60283
0.69331
0.76037
0.79896
0.42418
0.43852
0.64787
0.61661
0.61604
0.75679
0.47199
0.86132
0.7618
0.67017
0.72107
0.68515
0.75638
0.64789
0.39607
0.54029
0.61677
0.85647
0.32709
0.93999
0.43118
0.59373
0.66512
0.90375
0.93963
0.65707
0.56948
0.54006
0.82848
0.49039
0.81587
0.78309
0.58041
0.64748
0.58576
0.59411
0.88308
0.44959
0.49772
0.29271
0.47115
0.79565
0.82109
0.39136
0.70408
0.64721
0.92331
0.61755
0.6432
0.72633
0.55575
0.49272
0.75918
0.60996
0.67264
0.75212
0.64364
0.73941
0.8064
0.7424
0.1742
0.49915
0.66707
0.67497
0.83018
0.76655
0.53779
0.84354
0.55895
0.49389
0.57238
0.82514
0.36731
0.739
0.67819
0.28984
0.5065
0.42696
0.40953
0.83637
0.4507
0.66142
0.54764
0.39796
0.38044
0.71283
0.66639
0.73538
0.69595
0.43762
0.75788
0.75461
0.61668
0.67926
0.48612
0.84729
0.71308
0.87845
0.44957
0.58143
0.44058
0.77798
0.71489
0.52672
0.76885
0.56754
0.55104
0.78159
0.46464
0.50346
0.66237
0.58065
0.50233
0.65326
0.72798
0.61927
0.58348
0.64861
0.36455
0.75951
0.46349
0.69238
0.63197
0.5596
0.83108
0.62437
0.65489
0.32592
0.74556
0.7464
0.28054
0.67556
0.39789
0.68632
0.49132
0.42272
0.36753
0.40803
0.6601
0.69889
0.53347
0.42462
0.55637
0.55548
0.70735
0.74016
0.64862
0.88792
0.6806
0.95943
0.73435
0.43703
0.60723
0.54526
0.36397
0.68206
0.77497
0.37084
0.61784
0.7178
0.55388
0.63148
0.5515
0.61062
0.67677
0.68957
0.47075
0.56988
0.6603
0.62143
0.57472
0.89758
0.42024
0.53175
0.57808
0.75043
0.76806
0.25186
0.54808
0.80499
0.66201
0.7827
0.52127
0.74788
0.8078
0.52057
0.45518
0.54871
0.49767
0.76764
0.86938
0.46736
0.49677
0.82565
0.51067
0.61597
0.5475
0.50848
0.44968
0.69918
0.33804
0.44314
0.47106
0.58254
0.60201
0.60144
0.89891
0.74119
0.77676
0.55297
0.8886
0.66178
0.65615
0.91646
0.68431
0.70868
0.75
0.73338
0.60291
0.50705
0.15099
0.42927
0.69902
0.75537
0.66359
0.65036
0.72021
0.3707
0.66073
0.60157
0.75802
0.64658
0.31958
0.63296
0.63741
0.38622
0.51531
0.53285
0.50552
0.54584
0.45244
0.78922
0.40862
0.67726
0.82233
0.62497
0.64521
0.56597
0.45967
0.73998
0.50144
0.72892
0.59467
0.70352
0.67618
0.63816
0.63641
0.55288
0.38752
0.65621
0.39962
0.52068
0.71656
0.50373
0.65816
0.45329
0.77806
0.75728
0.38057
0.58513
0.39492
0.72685
0.67436
0.87085
0.43665
0.70859
0.37892
0.82878
0.41871
0.5615
0.64542
0.79973
0.38851
0.53192
0.51751
0.6878
0.67979
0.53197
0.73397
0.61109
0.73119
0.6595
0.75163
0.52003
0.4935
0.67054
0.66151
0.69679
0.52658
0.61995
0.58131
0.69443
0.50855
0.76064
0.84462
0.70539
0.76069
0.62441
0.57756
0.6236
0.40455
0.78827
0.69174
0.57695
0.85928
0.73432
0.60285
0.49985
0.67189
0.57582
0.73562
0.42924
0.65541
0.87054
0.75394
0.6541
0.68901
0.81961
0.677
0.52179
0.8193
0.85359
0.56322
0.67605
0.75564
0.72455
0.76044
0.75436
0.59598
0.52668
0.59644
0.58239
0.67888
0.55453
0.39192
0.80795
0.82939
0.59488
0.65353
0.59071
0.45841
0.4298
0.57811
0.66917
0.54785
0.64899
0.68278
0.39529
0.68416
0.57275
0.75972
0.19191
0.63433
0.70548
0.69002
0.41083
0.45984
0.64327
0.80345
0.42005
0.55218
0.7091
0.35087
0.75682
0.7994
0.67538
0.61066
0.40268
0.43122
0.76128
0.65711
0.88419
0.60353
0.50277
0.74398
0.71667
0.55378
0.48001
0.46646
0.55547
0.80175
0.67292
0.67829
0.74305
0.59888
0.78142
0.72597
0.6963
0.74352
0.65704
0.58664
0.5787
0.66639
0.51178
0.50224
0.86768
0.89534
0.44271
0.80286
0.59611
0.46407
0.72006
0.73118
0.48761
0.68989
0.51209
0.43408
0.40385
0.67208
0.62033
0.60331
0.69834
0.75667
0.61303
0.69367
0.67224
0.6978
0.7084
0.4536
0.55319
0.6331
0.67847
0.5809
0.65334
0.83212
0.7596
0.52225
0.57308
0.65817
0.68945
0.4804
0.56857
0.59012
0.68176
0.74092
0.71759
0.73797
0.51629
0.70716
0.82156
0.55454
0.42275
0.79981
0.59221
0.6652
0.62294
0.85753
0.75467
0.74786
0.75519
0.68145
0.66435
0.36181
0.51853
0.6548
0.46898
0.52515
0.53529
0.60785
0.67843
0.42937
0.46888
0.51545
0.31467
0.44687
0.58982
0.68856
0.39215
0.55592
0.53418
0.70625
0.54189
0.68846
0.75055
0.55931
0.44408
0.61916
0.60616
0.65696
0.72338
0.68007
0.74204
0.43958
0.65589
0.73349
0.92949
0.54278
0.60663
0.88832
0.64312
0.84334
0.6713
0.49393
0.4317
0.59652
0.35177
0.57632
0.32917
0.7505
0.7119
0.68179
0.95195
0.54499
0.6295
0.76004
0.75718
0.83534
0.43942
0.67882
0.54688
0.54707
0.47213
0.54453
0.52579
0.40331
0.56611
0.80516
0.617
0.54142
0.41348
0.33396
0.54951
0.69813
0.59869
0.67846
0.57234
0.53909
0.77752
0.8551
0.55394
0.59993
0.45744
0.85522
0.82141
0.43477
0.66815
0.56897
0.57648
0.51337
0.2037
0.5636
0.66087
0.26898
0.77063
0.65584
0.47687
0.65804
0.549
0.58536
0.5845
0.69132
0.77145
0.73753
0.56807
0.747
0.79616
0.44901
0.56193
0.46041
0.76522
0.42369
0.32214
0.83077
0.61844
0.73325
0.80104
0.71451
0.75829
0.65643
0.37222
0.5975
0.53681
0.46114
0.45636
0.83915
0.84794
0.56296
0.41991
0.71678
0.60005
0.55664
0.54589
0.61002
0.84016
0.77411
0.64653
0.82285
0.50703
0.45562
0.55772
0.92188
0.76349
0.61688
0.72494
0.73324
0.74029
0.88898
0.51389
0.94171
0.72992
0.60267
0.61998
0.6246
0.59291
0.6207
0.61696
0.92432
0.64405
0.58937
0.64376
0.7137
0.71065
0.75702
0.75985
0.70345
0.49264
0.68875
0.61769
0.64237
0.56271
0.5202
0.82539
0.53483
0.53696
0.70209
0.47525
0.75727
0.568
0.56455
0.73098
0.79413
0.88706
0.84472
0.7579
0.70512
0.76177
0.91701
0.52374
0.38966
0.74051
0.59356
0.60953
0.70964
0.63396
0.78274
0.42623
0.768
0.36382
0.78236
0.64401
0.65439
0.81374
0.60307
0.53467
0.65999
0.45432
0.67044
0.87318
0.69205
0.64555
0.2775
0.6046
0.58358
0.60536
0.67882
0.2846
0.74687
0.83825
0.74831
0.78562
0.43734
0.81524
0.69508
0.67921
0.64204
0.83323
0.6589
0.73358
0.64195
0.72661
0.77814
0.61979
0.51136
0.70434
0.68945
0.78939
0.45218
0.98973
0.65643
0.59877
0.62483
0.47601
0.79907
0.5149
0.51212
0.53485
0.66239
0.7672
0.52877
0.4139
0.49836
0.64592
0.3343
0.43233
0.42252
0.72195
0.61185
0.6197
0.60901
0.43877
0.67064
0.74844
0.50312
0.64801
0.69721
0.54909
0.6757
0.64152
0.49085
0.48594
0.41041
0.28999
0.77792
0.52797
0.80918
0.62527
0.67989
0.56199
0.63407
0.46832
0.46145
0.72845
0.65737
0.5337
0.74151
0.66352
0.58192
0.40016
0.75129
0.59518
0.67916
0.64566
0.66396
0.66891
0.26212
0.73923
0.50483
0.79587
0.60054
0.69284
0.77545
0.63337
0.60281
0.64455
0.89969
0.42674
0.73136
0.7219
0.55578
0.58754
0.44244
0.47748
0.64944
0.70793
0.53386
0.62593
0.66815
0.52587
0.51751
0.45193
0.65213
0.73987
0.48305
0.51973
0.57738
0.58827
0.59832
0.73318
0.8343
0.4677
0.50953
0.82607
0.56897
0.59232
0.51301
0.89115
0.56269
0.48541
0.48903
0.86875
0.42366
0.68349
0.59166
0.5802
0.50221
0.69415
0.63787
0.33718
0.58167
0.57455
0.72163
0.70023
0.29979
0.66847
0.79937
0.60209
0.60876
0.55388
0.38184
0.62211
0.69262
0.69888
0.47698
0.56655
0.38782
0.68024
0.48667
0.60239
0.5494
0.38402
0.87492
0.89191
0.54045
0.52884
0.67133
0.32408
0.32344
0.71953
0.60435
0.77383
0.57592
0.2959
0.42806
0.82337
0.68553
0.79592
0.79089
0.82202
0.37474
0.60112
0.92331
0.42686
0.74474
0.58402
0.63811
0.5262
0.70144
0.52721
0.82186
0.74064
0.58084
0.69119
0.43019
0.74773
0.79252
0.7097
0.58452
0.53579
0.54643
0.60901
0.48256
0.67917
0.68545
0.78466
0.50985
0.92957
0.54263
0.73034
0.87309
0.20446
0.83962
0.78981
0.54651
0.82273
0.72431
0.78634
0.47168
0.45824
0.654
0.56248
0.43798
0.54114
0.53511
0.51168
0.54203
0.41779
0.77338
0.67188
0.4478
0.62262
0.47879
0.62945
0.71089
0.76298
0.51822
0.84159
0.69256
0.81294
1.0212
0.72429
0.75521
0.63267
0.67645
0.62754
0.60112
0.65659
0.51958
0.6239
0.47451
0.74061
0.82495
0.51107
0.67833
0.66169
0.78821
0.56653
0.4551
0.52218
0.54823
0.59529
0.57629
0.74563
0.32412
0.54389
0.4873
0.53864
0.73005
0.36604
0.7764
0.48001
0.64706
0.64229
0.81571
0.61992
0.7744
0.67394
0.55203
0.77959
0.46248
0.76206
0.74997
0.64059
0.72149
0.57102
0.51858
0.5842
0.47827
0.51035
0.64139
0.85446
0.82019
0.75005
0.49921
0.42502
0.82911
0.54317
0.86428
0.5332
0.62528
0.46968
0.69363
0.85007
0.69795
0.36652
0.83636
0.6047
0.52064
0.74907
0.40125
0.56518
0.83626
0.76977
0.60278
0.60795
0.64532
0.80454
0.71327
0.59729
0.59974
0.90346
0.74754
0.62814
0.62287
0.84873
0.77191
0.60484
0.70612
0.53663
0.56122
0.80641
0.66898
0.59827
0.69172
0.78738
0.66111
0.58015
0.80063
0.60282
0.19597
0.71847
0.52004
0.24197
0.62115
0.68559
0.54785
0.41272
0.59049
0.62934
0.61766
0.38562
0.65575
0.65343
0.72978
0.58035
0.4701
0.58505
0.60652
0.66825
0.70232
0.53805
0.61936
0.33843
0.51254
0.59262
0.38011
0.36899
0.94047
0.59806
0.6455
0.65059
0.54613
0.63119
0.73243
0.48327
0.41231
0.26269
0.52766
0.69165
0.75021
0.56784
0.51818
0.42727
0.52269
0.64709
0.52865
0.34073
0.57814
0.73501
0.90503
0.62771
0.7426
0.65834
0.48573
0.62597
0.66191
0.66068
0.74835
0.39509
0.54687
0.8361
0.64721
0.64211
0.4788
0.27248
0.65155
0.46447
0.54819
0.68131
0.53686
0.66736
0.51441
0.7963
0.66246
0.45739
0.58495
0.65194
0.29151
0.58786
0.83338
0.51882
0.58281
0.79324
0.59831
0.87302
0.77007
0.60909
0.71405
0.66965
0.75174
0.74242
0.87947
0.45365
0.60821
0.72211
0.57787
0.78734
0.82919
0.77712
0.62094
0.72489
0.35882
0.56841
0.74916
0.54987
0.84172
0.68517
0.79815
0.66108
0.68905
0.877
0.50135
0.71114
0.56112
0.56874
0.77383
0.55429
0.65531
0.71101
0.61616
0.50997
0.65995
0.16335
0.4179
0.7465
0.58997
0.50925
0.48875
0.68401
0.97942
0.66555
0.71202
0.733
0.44923
0.70465
0.64998
0.65429
0.46675
0.63817
0.5802
0.56543
0.77002
0.45341
0.64986
0.55201
0.58203
0.63548
0.5999
0.88243
0.72933
0.53086
0.43965
0.68103
0.48315
0.8471
0.92059
0.437
0.75169
0.53374
0.35268
0.60635
0.59222
0.51965
0.6845
0.44132
0.63053
0.64862
0.60691
0.85596
0.79855
0.68344
0.62594
0.63722
0.46164
0.86146
0.59266
0.65037
0.50534
0.80561
0.73604
0.6329
0.56302
0.60797
0.79922
0.70845
0.37994
0.38697
0.57781
0.60398
0.3184
0.65259
0.60936
0.73709
0.73368
0.72623
0.62403
0.49464
0.63029
0.61521
0.79127
0.50307
0.6059
0.47368
0.33246
0.66086
0.68296
0.44447
0.60827
0.39556
0.70136
0.65738
0.79432
0.7967
0.71584
0.76326
0.68418
0.44523
0.64856
0.77874
0.81234
0.50682
0.90805
0.38646
0.79846
0.66427
0.51885
0.58441
0.67411
0.49103
0.81653
0.43259
0.36071
0.79907
0.47681
0.57132
0.82686
0.63276
0.83633
0.40996
0.74515
0.47558
0.41998
0.65282
0.69647
0.96399
0.54562
0.57777
0.404
0.72306
0.64607
0.68378
0.65885
0.81529
0.61564
0.68874
0.5548
0.63159
0.94065
0.67202
0.56456
0.76576
0.65297
0.57514
0.59018
0.72507
0.7401
0.50306
0.26149
0.67929
0.80218
0.56982
0.45644
0.79841
0.73919
0.58909
0.49014
0.82845
0.57639
0.71521
0.78445
0.58708
0.46508
0.55248
0.76928
0.51894
0.49483
0.55589
0.71025
0.54575
0.51434
0.43948
0.66917
0.5785
0.55624
0.56024
0.72331
0.61819
0.69463
0.74404
0.74405
0.60735
0.51209
0.49099
0.31924
0.54766
0.65499
0.62631
0.61781
0.60351
0.25687
0.73157
0.40757
0.87591
0.6116
0.59898
0.6082
0.52544
0.74579
0.545
0.54313
0.68523
0.6792
0.6071
0.70941
0.66507
0.81778
0.36542
0.64562
0.82919
0.71976
0.42222
0.54608
0.73669
0.52837
0.62054
0.53914
0.26347
0.79676
0.60456
0.61968
0.70384
0.72689
0.58598
0.58474
0.64334
0.45871
0.53392
0.7165
0.64272
0.74638
0.46841
0.62713
0.73602
0.50753
0.44723
0.73684
0.83789
0.70407
0.70146
0.68414
0.49802
0.5903
0.30253
0.97316
0.45839
0.53642
0.71106
0.58691
0.5658
0.64826
0.70537
0.62034
0.85878
0.55393
0.41447
0.42391
0.77503
0.90852
0.29945
0.59961
0.8003
0.82623
0.62508
0.44054
0.53154
0.19531
0.92813
0.6044
0.60389
0.67697
0.49922
0.35716
0.68079
0.68255
0.51639
0.58144
0.45951
0.6683
0.53751
0.60698
0.49137
0.52379
0.70639
0.81049
0.67592
0.68361
0.76296
0.53366
0.52935
0.45319
0.71227
0.79927
0.45802
0.63141
0.58418
0.65383
0.63395
0.39665
0.94254
0.64054
0.63477
0.34055
0.39764
0.54636
0.29132
0.70135
0.40827
0.80195
0.4235
0.75034
0.26668
0.80228
0.49712
0.82908
0.34593
0.61713
0.46216
0.68995
0.58294
0.55921
0.38192
0.62583
0.84958
0.5343
0.59595
0.84309
0.66198
0.63173
0.81053
0.62706
0.63809
0.78608
0.75093
0.53443
0.36266
0.74951
0.55455
0.39489
0.79877
0.21414
0.64159
0.72671
0.62032
0.73656
0.47263
0.57244
0.5119
0.50672
0.48378
0.29209
0.69065
0.47161
0.73583
0.60949
0.52228
0.77187
0.74038
0.67902
0.70735
0.35315
0.69829
0.44815
0.59188
0.7675
0.35338
0.64978
0.59065
0.60095
0.58209
0.62091
0.67831
0.67698
0.77178
0.4796
0.57543
0.64862
0.81631
0.64289
0.43586
0.59019
0.56996
0.63435
0.7748
0.6241
0.54603
0.57152
0.51877
0.79774
0.50266
0.60321
0.83951
0.75398
0.80649
0.61025
0.78457
0.71085
0.66261
0.57286
0.81693
0.66129
0.59186
0.73729
0.69463
0.60183
0.81376
0.64559
0.79432
0.60084
0.68875
0.61077
0.59659
0.75752
0.81908
0.43499
0.60564
0.53265
0.56023
0.58364
0.6619
0.38349
0.63608
0.76877
0.63341
0.52547
0.46081
0.74116
0.67439
0.71772
0.71014
0.50781
0.54495
0.43699
0.69533
0.46394
0.37784
0.86565
0.71295
0.37354
0.66511
0.727
0.63885
0.47095
0.80494
0.57598
0.77458
0.74277
0.51874
0.65668
0.50986
0.67142
0.5106
0.91154
0.68855
0.71402
0.54524
0.66748
0.68955
0.63515
0.70989
0.62254
0.61874
0.78927
0.57978
0.48937
0.60796
0.76676
0.55113
0.3628
0.55146
0.57607
0.7459
0.44249
0.68507
0.81915
0.57382
0.65009
0.54279
0.46442
0.7453
0.76867
0.62011
0.54528
0.86104
0.66797
0.68819
0.73462
0.46553
0.23211
0.50975
0.58269
0.56218
0.41978
0.51536
0.33172
0.61734
0.79303
0.37588
0.67516
0.66155
0.517
0.56722
0.73231
0.59767
0.65913
0.62232
0.76889
0.50885
0.6462
0.73925
0.64828
0.57943
0.62975
0.64813
0.84614
0.76017
0.75391
0.46886
0.64222
0.4669
0.52915
0.76897
0.59559
0.4834
0.79076
0.6187
0.57485
0.62059
0.56806
0.668
0.54835
0.3621
0.48217
0.60885
0.52348
0.55029
0.62337
0.85445
0.61299
0.49355
0.6288
0.52026
0.75162
0.61232
0.54541
0.75143
0.57266
0.67743
0.80853
0.77932
0.5845
0.72319
0.48918
0.79038
0.61144
0.77827
0.42627
0.41019
0.27471
0.28608
0.54524
0.59035
0.42115
0.63679
0.64015
0.55183
0.74526
0.46188
0.763
0.50414
0.4705
0.76187
0.54086
0.65523
0.87396
0.63458
0.68534
0.57876
0.66449
0.57627
0.70142
0.47333
0.44216
0.59385
0.49271
0.77891
0.73792
0.48534
0.64241
0.66483
0.56566
0.67293
0.66557
0.63048
0.76986
0.48372
0.88652
0.74827
0.57734
0.57614
0.85926
0.71982
0.63364
0.65254
0.60202
0.82395
0.86035
0.46274
0.63036
0.61705
0.83626
0.52531
0.76602
0.3324
0.80689
0.94367
0.63236
0.79163
0.20922
0.73423
0.81255
0.77407
0.71133
0.39072
0.55012
0.80566
0.72401
0.86923
0.55216
0.68355
0.52372
0.79774
0.4676
0.62213
0.67899
0.59016
0.71139
0.64614
0.64307
0.82433
0.54998
0.6764
0.47058
0.48547
0.60214
0.56766
0.67097
0.6171
0.31103
0.51685
0.62394
0.79561
0.7099
0.49692
0.53302
0.54227
0.42201
0.34622
0.72242
0.53295
0.45947
0.78677
0.69995
0.606
0.78278
0.70116
0.64371
0.87393
0.71098
0.65629
0.63683
0.45513
0.60238
0.59161
0.72582
0.74504
0.84366
0.4444
0.54291
0.81093
0.76533
0.68971
0.68538
0.46241
0.50897
0.69888
0.77165
0.51328
0.7
0.59251
0.43582
0.60662
0.54201
0.29474
0.60802
0.63785
0.72821
0.63386
0.51895
0.36144
0.9212
0.5638
0.67468
0.72707
0.52698
0.53523
0.75559
0.63067
0.78151
0.84583
0.76691
0.69238
0.44784
0.46904
0.85349
0.69427
0.53369
0.4482
0.67734
0.73489
0.44168
0.80216
0.58364
0.77287
0.84644
0.62421
0.67466
0.74666
0.5854
0.8433
0.76468
0.53123
0.79979
0.52842
0.71507
0.71122
0.81045
0.59225
0.70843
0.61
0.82843
0.53525
0.4518
0.80921
0.77362
0.84593
0.57059
0.60802
0.58533
0.76228
0.50549
0.46851
0.74108
0.57691
0.86505
0.40267
0.73576
0.69427
0.63298
0.68521
0.49879
0.73831
0.65081
0.82035
0.89279
0.54036
0.56805
0.76219
0.70962
0.74686
0.69795
0.56048
0.4815
0.6202
0.47172
0.36295
0.63501
0.7295
0.73576
0.75418
0.82771
0.61927
0.53492
0.74289
0.75652
0.64529
0.65944
0.73026
0.63425
0.68737
0.63547
0.48466
0.48858
0.67417
0.72084
0.56921
0.59841
0.70403
0.58879
0.6663
0.65324
0.39528
0.84175
0.52912
0.74297
0.7392
0.81341
0.52389
0.67579
0.61187
0.58474
0.63251
0.73513
0.57076
0.61316
0.80982
0.57423
0.7477
0.72988
0.56526
0.72872
0.54861
0.48039
0.66805
0.69995
0.54727
0.74127
0.87388
0.73328
0.57404
0.7593
0.37932
0.55117
0.54392
0.77467
0.68279
0.37034
0.73933
0.53491
0.63452
0.50691
0.78759
0.50929
0.67773
0.48246
0.99867
0.80716
0.69234
0.32046
0.60479
0.42503
0.40148
0.56404
0.85562
0.36096
0.50256
0.68965
0.66927
0.64675
0.43727
0.6497
0.72402
0.53416
0.79074
0.72104
0.65403
0.32811
0.4092
0.53324
0.78426
0.61714
0.47456
0.53427
0.83155
0.56405
0.80146
0.4974
0.86964
0.64797
0.3877
0.59206
0.43947
0.83597
0.5515
0.6233
0.80866
0.61987
0.54137
0.61509
0.57096
0.50872
0.42894
0.7391
0.63991
0.36303
0.68341
0.73841
0.60021
0.87777
0.77319
0.64419
0.57814
0.70173
0.81686
0.67868
0.49055
0.51857
0.61418
0.63318
0.25424
0.93106
0.42997
0.84069
0.8537
0.67625
0.67012
0.8321
0.71327
0.74876
0.53458
0.49969
0.41982
0.33099
0.6343
0.7176
0.55899
0.55852
0.65469
0.44014
0.49091
0.45962
0.77452
0.68198
0.53188
0.58438
0.68554
0.61213
0.63186
0.66229
0.34032
0.71023
0.66434
0.37644
0.66609
0.64327
0.68375
0.68573
0.55589
0.71316
0.59252
0.48679
0.57598
0.6453
0.71823
0.83309
0.66505
0.74203
0.4033
0.45702
0.60806
0.53603
0.70768
0.56605
0.55241
0.43755
0.68463
0.80218
0.7675
0.72104
0.73509
0.55926
0.57953
0.70633
0.52506
0.65416
0.33355
0.53737
0.59224
0.45308
0.73415
0.53384
0.74518
0.62912
0.67422
0.71336
0.65231
0.54494
0.53641
0.76272
0.74702
0.75336
0.68438
0.68979
0.55296
0.81438
0.25767
0.66331
0.77151
0.39098
0.77226
0.46332
0.65868
0.90853
0.88791
0.64711
0.71273
0.66965
0.49312
0.61587
0.66889
0.77725
0.64977
0.28658
0.66742
0.5318
0.383
0.66646
0.71715
0.50422
0.68682
0.49099
0.65014
0.84838
0.73757
0.77574
0.58705
0.56654
0.67123
0.84435
0.43456
0.66708
0.66678
0.52421
0.56674
0.74514
0.37693
0.93932
0.82212
0.83191
0.6155
0.59189
0.55089
0.68035
0.77366
0.76962
0.62918
0.881
0.3522
0.66252
0.50865
0.72361
0.65093
0.56656
0.44351
0.84498
0.66152
0.77441
0.56728
0.657
0.6394
0.55751
0.4579
0.60185
0.52864
0.60203
0.74225
0.48372
0.73312
0.76941
0.50877
0.81079
0.50347
0.90962
0.63744
0.6133
0.64804
0.73242
0.79837
0.56332
0.69031
0.41563
0.84638
0.80417
0.71529
0.38066
0.63384
0.36446
0.56844
0.77746
0.7491
0.69761
0.62653
0.5996
0.58565
0.796
0.88178
0.59782
0.54584
0.74897
0.66297
0.60978
0.64836
0.67242
0.34456
0.56346
0.5793
0.32022
0.66467
0.5612
0.89517
0.71867
0.69525
0.52611
0.71797
0.27853
0.50906
0.66869
0.59301
0.59857
0.73111
0.74683
0.44493
0.626
0.80456
0.88768
0.73897
0.52876
0.73724
0.58371
0.46858
0.38915
0.6427
0.75547
0.69865
0.67419
0.79902
0.85727
0.81205
0.48074
0.81042
0.70191
0.78602
0.89179
0.61463
0.4361
0.55745
0.40214
0.76315
0.81963
0.94464
0.76641
0.44751
0.45386
0.61704
0.71637
0.53288
0.87281
0.39856
0.55303
0.7712
0.77686
0.81963
0.59694
0.5624
0.55268
0.41034
0.82685
0.87938
0.87943
0.36923
0.76105
0.66738
0.72696
0.54783
0.62695
0.57678
0.82519
0.69815
0.63222
0.80449
0.65425
0.6976
0.71096
0.71666
0.71242
0.49494
0.45053
0.63902
0.71864
0.75588
0.84737
0.76708
0.18118
0.57984
0.39203
0.61709
0.89313
0.73943
0.43444
0.5518
0.50378
0.54208
0.60575
0.5874
0.9461
0.70059
0.56156
0.82635
0.56569
0.61739
0.7615
0.43601
0.56264
0.83489
0.83538
0.53109
0.50782
0.69548
0.40431
0.87451
0.63858
0.87587
0.78516
0.60469
0.70332
0.88864
0.46029
0.50879
0.81094
0.42311
0.56
0.77128
0.45216
0.51591
0.47139
0.39139
0.48521
0.65327
0.50469
0.61788
0.70833
0.91319
0.6073
0.66444
0.67571
0.79222
0.83725
0.6749
0.61627
0.56091
0.60173
0.62
0.35919
0.74026
0.79496
0.68247
0.62201
0.70425
0.43241
0.65487
0.4188
0.57842
0.60308
0.49808
0.6266
0.7425
0.67451
0.65876
0.61273
0.75952
0.87799
0.83707
0.57528
0.59467
0.42849
0.33481
0.39851
0.49281
0.63565
0.52261
0.60763
0.84459
0.45162
0.55521
0.49648
0.71216
0.61073
0.57841
0.491
0.78014
0.61076
0.47108
0.74803
0.79604
0.5507
0.82282
0.8861
0.94931
0.44229
0.83976
0.62941
0.55818
0.65494
0.73326
0.81205
0.43325
0.79935
0.73381
0.44504
0.69461
0.63257
0.64741
0.6608
0.70715
0.74823
0.72004
0.42654
0.67335
0.75979
0.46852
0.75155
0.73477
0.67413
0.55291
0.62158
0.51496
0.5802
0.64224
0.69981
0.53217
0.48621
0.51343
0.68417
0.75202
0.62386
0.55323
0.44539
0.81184
0.71894
0.3338
0.64005
0.5709
0.88469
0.42346
0.66289
0.49081
0.408
0.40304
0.79646
0.70226
0.72741
0.59498
0.79615
0.39965
0.64038
0.32635
0.71205
0.66937
0.81753
0.7291
0.60762
0.50729
0.70956
0.73498
0.6934
0.57695
0.5937
0.54349
0.63531
0.4215
0.57747
0.57343
0.57904
0.55938
0.75633
0.77259
0.66173
0.58498
0.32419
0.72916
0.46302
0.43864
0.66176
0.68966
0.71598
0.51917
0.79536
0.56461
0.81667
0.4666
0.62841
0.17557
0.63049
0.57547
0.69809
0.75158
0.63677
0.8266
0.54669
0.7378
0.30123
0.76163
0.56019
0.67757
0.60974
0.71946
0.83811
0.53617
0.43598
0.73527
0.70508
0.60237
0.54164
0.58093
0.67002
0.54468
0.62681
0.68625
0.65366
0.65434
0.46932
0.80262
0.40394
0.65647
0.58927
0.60482
0.72559
0.47999
0.73211
0.40526
0.57857
0.59995
0.47691
0.51555
0.57046
0.7132
0.42056
0.72586
0.7221
0.73911
0.66865
0.62577
0.68533
0.52816
0.6772
0.71017
0.50593
0.48895
0.5446
0.84231
0.77049
0.34669
0.83778
0.78189
0.69041
0.67578
0.69208
0.52154
0.49407
0.5763
0.57553
0.6662
0.62986
0.68104
0.52486
0.78521
0.50544
0.4866
0.66635
0.8356
0.6408
0.84353
0.76201
0.58362
0.35776
0.41246
0.46346
0.90712
0.78912
0.37543
0.52139
0.8068
0.51518
0.73957
0.68807
0.62417
0.81273
0.65378
0.57303
0.66085
0.49303
0.81149
0.61682
0.65713
0.416
0.83023
0.63188
0.51349
0.71894
0.35427
0.43801
0.81213
0.55347
0.6817
0.66688
0.47384
0.41802
0.59548
0.62221
0.5468
0.57118
0.35514
0.58965
0.80822
0.58257
0.75706
0.73786
0.6007
0.30508
0.64895
0.67195
0.45829
0.59794
0.66074
0.74647
0.64361
0.71636
0.82763
0.46572
0.61361
0.58816
0.71271
0.52823
0.60195
0.46857
0.66198
0.86432
0.68573
0.67361
0.64686
0.79053
0.65211
0.51086
0.62059
0.73816
0.50816
0.80881
0.59053
0.54219
0.58246
0.51751
0.9167
0.55515
0.77826
0.61771
0.59146
0.44756
0.53227
0.73791
0.58835
0.58507
0.58669
0.48495
0.85956
0.69129
0.72987
0.68163
0.5726
0.63443
0.71666
0.53334
0.35892
0.60071
0.46803
0.5849
0.63676
0.74587
0.52772
0.64707
0.55811
0.38447
0.6402
0.68221
0.81862
0.7338
0.31694
0.60708
0.3652
0.722
0.68478
0.70418
0.26822
0.73389
0.87886
0.54327
0.49185
0.70013
0.97346
0.67409
0.74244
0.58386
0.51507
0.646
0.89282
0.54804
0.73326
0.41523
0.54615
0.61241
0.64875
0.66246
0.64892
0.58895
0.58663
0.79374
0.84737
0.69853
0.29045
0.71138
0.57132
0.71035
0.70139
0.50743
0.65743
0.5824
0.6816
0.78527
0.69297
0.67972
0.87004
0.68095
0.69504
0.7283
0.42691
0.56091
0.6377
0.55974
0.39521
0.76416
0.36024
0.46648
0.62179
0.619
0.37728
0.51887
0.27651
0.68911
0.63834
0.67355
0.62488
0.65846
0.41935
0.6204
0.60776
0.65601
0.69852
0.58433
0.5108
0.50354
0.73758
0.6048
0.72242
0.62758
0.55483
0.63753
0.72205
0.75471
0.51856
0.64515
0.522
0.51647
0.56834
0.73014
0.61502
0.44671
0.77969
0.59068
0.72874
0.72397
0.62292
0.58092
0.39251
0.55037
0.66881
0.6541
0.83622
0.61552
0.48685
0.77905
0.75753
0.80667
0.6061
0.66127
0.64536
0.58269
0.6684
0.52512
0.7188
0.75532
0.58443
0.4708
0.61518
0.72013
0.53469
0.76563
0.81152
0.72502
0.36013
0.48642
0.44825
0.51966
0.70498
0.55654
0.71021
0.68541
0.49021
0.61326
0.68888
0.47943
0.68361
0.82073
0.87536
0.73568
0.79892
0.68189
0.89367
0.37982
0.78326
0.4503
0.57973
0.87145
0.81762
0.68655
0.59997
0.67187
0.82247
0.69495
0.70231
0.57844
0.37671
0.70849
0.47992
0.44641
0.69596
0.65528
0.80512
0.4487
1.0113
0.35929
0.54427
0.85235
0.759
0.71292
0.51895
0.42372
0.63973
0.50356
0.83809
0.71241
0.70099
0.51568
0.53853
0.63757
0.66294
0.43402
0.11765
0.82924
0.60269
0.56648
0.5636
0.58777
0.36237
0.56689
0.61831
0.45844
0.64716
0.73766
0.55323
0.63311
0.65149
0.69078
0.64229
0.5801
0.56995
0.70995
0.61538
0.65008
0.7622
0.82962
0.71413
0.72736
0.5859
0.72841
0.57304
0.76733
0.52336
0.69282
0.55456
0.65868
0.44366
0.81934
0.59301
0.53328
0.38297
0.60696
0.59165
0.61891
0.54458
0.83176
0.29612
0.68316
0.5962
0.72646
0.84823
0.53773
0.6528
0.85507
0.66278
0.55045
0.68149
0.42315
0.73194
0.54626
0.40954
0.66102
0.54946
0.5568
0.31843
0.76456
0.77761
0.68306
0.5917
0.77735
0.74514
0.75021
0.53608
0.63651
0.7885
0.61486
0.7024
0.69584
0.35914
0.38838
0.72588
0.47607
0.65276
0.78913
0.72796
0.88808
0.81615
0.77822
0.37899
0.71625
0.2066
0.51874
0.62519
0.51896
0.50576
0.7192
0.40502
0.65132
0.62069
0.80248
0.74206
0.65734
0.51002
0.7629
0.70422
0.51686
0.33066
0.32687
0.57384
0.77403
0.78118
0.71127
0.40907
0.61462
0.72644
0.62016
0.57124
0.58974
0.59915
0.60619
0.27938
0.70728
0.55347
0.53883
0.75384
0.79896
0.87923
0.44162
0.63363
0.82811
0.61014
0.62143
0.59288
0.7313
0.50426
0.52073
0.6713
0.55257
0.63859
0.42807
0.86054
0.77923
0.68016
0.55588
0.71706
0.7414
0.7866
0.54018
0.59507
0.59363
0.4072
0.73559
0.37518
0.60354
0.67315
0.65786
0.53056
0.56802
0.60349
0.79863
0.77329
0.61469
0.54234
0.57789
0.61101
0.58865
0.64136
0.76557
0.68543
0.55135
0.5132
0.63094
0.67456
0.82884
0.4208
0.59557
0.61306
0.67115
0.4863
0.3982
0.47887
0.6417
0.59991
0.79282
0.53236
0.63304
0.63114
0.67486
0.64585
0.63421
0.70348
0.46183
0.57679
0.32071
0.67353
0.62331
0.64615
0.53602
0.57584
0.6287
0.58501
0.69406
0.52938
0.69272
0.91384
0.47183
0.75265
0.76668
0.73667
0.62595
0.56433
0.25581
0.75808
0.24099
0.65095
0.71356
0.52671
0.52964
0.78124
0.76041
0.70376
0.57551
0.49326
0.68549
0.65925
0.56758
0.75362
0.51365
0.73591
0.63871
0.75591
0.61403
0.64816
0.57235
0.66439
0.7168
0.72218
0.63676
0.41803
0.73707
0.50454
0.84559
0.74171
0.75453
0.55606
0.75667
0.55466
0.75774
0.76465
0.63503
0.59028
0.74286
0.64529
0.60472
0.40836
0.61506
0.69055
0.87531
0.85742
0.52313
0.4621
0.61548
0.59402
0.65201
0.72134
0.71844
0.50143
0.55771
0.55632
0.43898
0.6309
0.37042
0.49471
0.86552
0.64898
0.59523
0.68248
0.45186
0.78653
0.7018
0.60052
0.69892
0.90725
0.81232
0.60835
0.9122
0.63287
0.57435
0.61087
0.52398
0.50501
0.63506
0.53294
0.30691
0.66067
0.34011
0.69786
0.66296
0.68534
0.37218
0.62526
0.48059
0.60404
0.77123
0.8249
0.33117
0.59196
0.75645
0.52881
0.79609
0.73291
0.40435
0.72563
0.68885
0.20988
0.46992
0.88354
0.44346
0.73445
0.58929
0.75676
0.67822
0.37493
0.55676
0.45922
0.7492
0.66372
0.72366
0.56154
0.72013
0.61564
0.8285
0.62403
0.56452
0.70591
0.60016
0.77607
0.779
0.73656
0.44053
0.58648
0.56563
0.39442
0.66077
0.49085
0.70417
0.75909
0.77194
0.60341
0.73982
0.72848
0.40438
0.78372
0.6471
0.66979
0.71339
0.4949
0.65824
0.74954
0.61657
0.75649
0.64103
0.26791
0.64649
0.59609
0.71974
0.61887
0.80977
0.88885
0.60895
0.61339
0.65549
0.53753
0.7006
0.58982
0.62512
0.69513
0.40798
0.77859
0.75336
0.26119
0.72436
0.62942
0.77291
0.60134
0.74707
0.39597
0.66348
0.3544
0.87543
0.52139
0.79822
0.49486
0.61732
0.61958
0.53703
0.50733
0.77298
0.60991
0.73263
0.60642
0.57915
0.57987
0.57247
0.65066
0.77372
0.64466
0.53737
0.65666
0.85237
0.98813
0.77396
0.69675
0.60721
0.60935
0.58217
0.37127
0.57339
0.87296
0.86124
0.55031
0.75239
0.75914
0.79324
0.75129
0.77808
0.59516
0.40248
0.52881
0.58237
0.637
0.67368
0.67144
0.69446
0.23792
0.44579
0.44271
0.63341
0.66941
0.70458
0.55015
0.70842
0.47955
0.58792
0.53109
0.62294
0.82593
0.55627
0.8364
0.77905
0.62264
0.80711
0.65579
0.86132
0.69934
0.65498
0.5372
0.52539
0.85326
0.59373
0.94089
0.76919
0.62229
0.34724
0.62011
0.51885
0.63029
0.66014
0.62951
0.40923
0.49372
0.43523
0.29253
0.45778
0.63714
0.46649
0.5622
0.64069
0.55442
0.52435
0.70878
0.76829
0.29906
0.79908
0.80755
0.66296
0.70802
0.6552
0.62051
0.51434
0.55408
0.63881
0.81845
0.67177
0.41466
0.64054
0.80871
0.67384
0.74019
0.7337
0.37328
0.69463
0.69369
0.77837
0.68837
0.53381
0.62498
0.45465
0.7188
0.76396
0.79263
0.71981
0.67659
0.63508
0.62597
0.78826
0.71561
0.72799
0.65717
0.53901
0.49629
0.35767
0.61927
0.60077
0.85764
0.79428
0.83528
0.48151
0.64959
0.77612
0.68867
0.56118
0.76718
0.80187
0.58602
0.62614
0.45907
0.55454
0.39359
0.74387
0.5124
0.78197
0.63345
0.58304
0.76418
0.52648
0.75113
0.66755
0.54034
0.86676
0.81599
0.6209
0.34205
0.78183
0.45908
0.71316
0.56567
0.48568
0.59383
0.65181
0.60068
0.54358
0.84269
0.61335
0.65327
0.45751
0.6954
0.4099
0.63414
0.84795
0.44162
0.44255
0.59012
0.30673
0.65995
0.57665
0.8301
0.62953
0.73847
0.51779
0.67984
0.80117
0.47159
0.33315
0.78785
0.63289
0.70497
0.43307
0.69618
0.56364
0.73261
0.59659
0.77115
0.36634
0.60305
0.38423
0.68046
0.69327
0.69741
0.46445
0.5983
0.51474
0.76274
0.88255
0.58522
0.67409
0.72099
0.6406
0.7353
0.60755
0.52748
0.84206
0.4726
0.89528
0.67973
0.59435
0.75665
0.61518
0.51171
0.68308
0.34583
0.74694
0.49014
0.71009
0.67216
0.66034
0.73731
0.64245
0.75799
0.60005
0.83993
0.60697
0.40124
0.58096
0.75467
0.57101
0.70918
0.59634
0.41302
0.77534
0.48949
0.85999
0.76396
0.70388
0.62494
0.42925
0.75958
0.668
0.60304
0.53092
0.78799
0.68636
0.87001
0.72085
0.65184
0.39343
0.6739
0.58552
0.65741
0.51463
0.57304
0.35032
0.87637
0.48544
0.69707
0.51643
0.53768
0.6504
0.85095
0.78335
0.58996
0.55226
0.46569
0.52779
0.83519
0.64856
0.75744
0.3092
0.51981
0.57333
0.64166
0.51256
0.69973
0.47957
0.45072
0.82974
0.64018
0.77178
0.64208
0.68542
0.42095
0.59687
0.71403
0.61532
0.81182
0.33658
0.51138
0.49099
0.67856
0.60949
0.55583
0.53222
0.35194
0.82001
0.44282
0.27439
0.57049
0.33264
0.72115
0.71786
0.52521
0.48938
0.57128
0.84713
0.49554
0.84687
0.46526
0.71493
0.68165
0.39142
0.59183
0.62088
0.39221
0.83128
0.68459
0.51653
0.4231
0.65073
0.79518
0.42011
0.64725
0.54298
0.50386
0.59813
0.42525
0.66133
0.5178
0.93759
0.78659
0.67407
0.66825
0.58024
0.69315
0.81566
0.68509
0.71627
0.22637
0.63137
0.48681
0.85733
0.59816
0.70054
0.6411
0.81803
0.57262
0.51846
0.63714
0.86748
0.57321
0.63409
0.48751
0.70516
0.64866
0.52447
0.45362
0.53924
0.97141
0.77898
0.65711
0.64477
0.77029
0.72171
0.80648
0.69912
0.30427
0.66308
0.68033
0.63425
0.52077
0.60965
0.75787
0.68141
0.97458
0.49404
0.44244
0.47476
0.60195
0.5758
0.42002
0.67042
0.42654
0.65986
0.33835
0.77441
0.41431
0.55077
0.82605
0.60902
0.77296
0.59007
0.68237
0.5998
0.58088
0.60154
0.61216
0.60869
0.79823
0.48971
0.8118
0.73706
0.7668
0.55999
0.4882
0.60122
0.49199
0.86083
0.54951
0.42887
0.61323
0.52872
0.67765
0.54471
0.61755
0.49112
0.78743
0.36292
0.77546
0.52955
0.6737
0.62893
0.53386
0.46827
0.64139
0.66657
0.53839
0.41627
0.62903
0.68037
0.78485
0.86258
0.65573
0.86537
0.44011
0.75566
0.3484
0.62131
0.43971
0.80364
0.21168
0.41459
0.72775
0.55609
0.58306
0.70155
0.7486
0.68823
0.7887
0.55267
0.67027
0.42562
0.69144
0.50048
0.39685
0.88284
0.70051
0.69873
0.55796
0.66373
0.82247
0.57289
0.54684
0.22658
0.83224
0.45932
0.50481
0.3917
0.81267
0.39565
0.67656
0.60554
0.69104
0.67629
0.77359
0.37018
0.49294
0.49605
0.83117
0.55693
0.67935
0.71003
0.42456
0.73202
0.68313
0.66616
0.68278
0.77516
0.48383
0.70898
0.44365
0.69365
0.7316
0.69555
0.47332
0.78286
0.77871
0.7238
0.44909
0.43727
0.66429
0.66342
0.74529
0.29612
0.64331
0.69289
0.25841
0.65516
0.6167
0.56071
0.66877
0.50807
0.77184
0.85648
0.74691
0.7715
0.8232
0.52318
0.61652
0.71864
0.52674
0.85206
0.4984
0.74871
0.66457
0.58913
0.72533
0.62214
0.81184
0.85498
0.7899
0.48428
0.67586
0.66337
0.45135
0.61012
0.69689
0.70561
0.47244
0.65332
0.40815
0.63229
0.66853
0.72429
0.56478
0.67463
0.77847
0.68119
0.58565
0.52954
0.69064
0.53574
0.57338
0.64926
0.70463
0.79529
0.51317
0.61678
0.63171
0.81612
0.63466
0.76685
0.68602
0.52843
0.74716
0.71812
0.74285
0.45044
0.61172
0.58701
0.642
0.45469
0.64007
0.49412
0.74237
0.74412
0.67747
0.76074
0.69744
0.79952
0.64544
0.83026
0.78688
0.51641
0.42426
0.69591
0.844
0.61626
0.34249
0.63951
0.28882
0.58139
0.50474
0.77626
0.51557
0.43198
0.29656
0.44737
0.69961
0.64703
0.5162
0.93423
0.65055
0.59249
0.63122
0.79878
0.69025
0.74592
0.677
0.7813
0.57045
0.36426
0.49172
0.7877
0.60308
0.48373
0.53696
0.75012
0.59521
0.60318
0.44722
0.76928
0.74483
0.89716
0.67662
0.86668
0.44233
0.68072
0.73761
0.30895
0.625
0.51326
0.58803
0.38192
0.66065
0.3754
0.67529
0.77631
0.63792
0.52363
0.75497
0.79967
0.64447
0.54314
0.85556
0.76389
0.64484
0.80408
0.60716
0.521
0.61548
0.51746
0.7462
0.39454
0.37588
0.53953
0.75487
0.59091
0.40753
0.60372
0.67153
0.56257
0.52898
0.29501
0.69399
0.8531
0.70402
0.70601
0.72937
0.80681
0.65136
0.89572
0.69137
0.3777
0.53435
0.36441
0.65374
0.81586
0.72888
0.83737
0.6543
0.60308
0.5173
0.57692
0.32041
0.66783
0.84535
0.58836
0.68637
0.66357
0.51812
0.71219
0.694
0.8196
0.37265
0.49877
0.26563
0.57752
0.67703
0.70042
0.74248
0.63119
0.61395
0.60877
0.51844
0.75285
0.47377
0.84348
0.81215
0.73101
0.53366
0.64872
0.81058
0.66163
0.72394
0.59372
0.73361
0.64503
0.70485
0.51781
0.82753
0.59109
0.62404
0.58746
0.65865
0.67951
0.78305
0.46876
0.53812
0.79662
0.53877
0.38903
0.60581
0.4095
0.6265
0.67131
0.58219
0.47394
0.52136
0.73661
0.76481
0.67658
0.76156
0.31275
0.50403
0.77787
0.71847
0.69065
0.90797
0.62587
0.86891
0.57856
0.53842
0.63818
0.58328
0.73349
0.54692
0.69518
0.61322
0.43706
0.76946
0.61829
0.47926
0.79179
0.59834
0.57365
0.68373
0.46376
0.48344
0.65066
0.66662
0.36535
0.6973
0.75755
0.45438
0.60634
0.61702
0.65503
0.82151
0.75013
0.76172
0.6628
0.67016
0.63761
0.62119
0.41081
0.55067
0.71166
0.5281
0.53581
0.69003
0.60346
0.73326
0.69846
0.80363
0.60102
0.54742
0.66004
0.85543
0.51251
0.73273
0.72159
0.74097
0.6662
0.56163
0.66564
0.6986
0.77165
0.91563
0.82305
0.60185
0.57701
0.4267
0.69451
0.51908
0.60096
0.61169
0.6853
0.48185
0.58634
0.26088
0.52566
0.65145
0.70614
0.55734
0.48499
0.77059
0.65011
0.26532
0.64678
0.70527
0.6461
0.77992
0.65326
0.55709
0.65214
0.48517
0.52231
0.61608
1.0326
0.80807
0.84471
0.6016
0.45171
0.70786
0.84155
0.67777
0.58396
0.61659
0.65173
0.55236
0.69502
0.62205
0.45247
0.72694
0.60385
0.72282
0.47863
0.25958
0.4428
0.82124
0.41137
0.48009
0.66093
0.46769
0.59363
0.39824
0.50346
0.65228
0.67943
0.62491
0.72283
0.75792
0.70071
0.69105
0.66226
0.64403
0.49374
0.78004
0.75757
0.64187
0.6709
0.60754
0.62663
0.51089
0.94099
0.92181
0.55473
0.75103
0.61268
0.60215
0.51844
0.24172
0.60525
0.61936
0.54527
0.72024
0.77161
0.67007
0.62371
0.729
0.65314
0.69082
0.67156
0.7322
0.91485
0.645
0.66376
0.70019
0.97961
0.44682
0.5155
0.55442
0.72892
0.65776
0.83894
0.66457
0.88664
0.67388
0.73615
0.56298
0.82283
0.83601
0.61946
0.62679
0.47411
0.65194
0.77985
0.48477
0.70159
0.54487
0.59718
0.89777
0.53957
0.52028
0.71543
0.45567
0.50807
0.77239
0.51012
0.63649
0.39972
0.65038
0.5935
0.5044
0.69856
0.57137
0.62638
0.50414
0.38302
0.82142
0.65419
0.57536
0.60134
0.7552
0.3788
0.74521
0.41768
0.77458
0.76337
0.65764
0.45942
0.65717
0.64177
0.93433
0.75545
0.54254
0.64976
0.4753
0.7279
0.48851
0.60311
0.51185
0.91238
0.69694
0.73486
0.68334
0.68151
0.83943
0.72446
0.79734
0.6041
0.62119
0.74967
0.63173
0.49741
0.29334
0.36036
0.78115
0.45527
0.79209
0.60606
0.56456
0.52294
0.65092
0.60028
0.53298
0.70403
0.8092
0.51023
0.61284
0.42649
0.60106
0.68656
0.68765
0.5734
0.71717
0.62338
0.64517
0.65328
0.43363
0.73131
0.61316
0.63924
0.6427
0.69173
0.47273
0.96907
0.95718
0.80785
0.58981
0.7061
0.61985
0.57701
0.69579
0.59959
0.79936
0.83408
0.79234
0.72029
0.69403
0.36361
0.51557
0.36136
0.72285
0.53326
0.6253
0.7309
0.65897
0.28144
0.4089
0.31257
0.49503
0.58021
0.72897
0.69262
0.58145
0.53229
0.4437
0.51982
0.7005
0.65824
0.70689
0.63196
0.55989
0.60999
0.57298
0.69296
0.71979
0.34829
0.84232
0.64749
0.61655
0.58894
0.659
0.87705
0.25336
0.70543
0.79611
0.7033
0.55615
0.62663
0.7413
0.79507
0.7707
0.59899
0.62644
0.58309
0.36068
0.85632
0.70335
0.8463
0.63686
0.6353
0.50984
0.45331
0.71008
0.84036
0.47388
0.51287
0.38149
0.6561
0.50598
0.78566
0.69819
0.82692
0.65134
0.3851
0.4846
0.59368
0.4524
0.5055
0.43984
0.52807
0.74569
0.7388
0.62175
0.56644
0.51842
0.73432
0.71748
0.63906
0.80237
0.56631
0.5418
0.50511
0.58608
0.56426
0.83744
0.56286
0.72069
0.60542
0.62686
0.77693
0.46006
0.67593
0.71546
0.85932
0.63273
0.32487
0.60103
0.59912
0.65992
0.52241
0.62412
0.62495
0.55324
0.41611
0.64167
0.51435
0.42329
0.62105
0.53541
0.71527
0.58687
0.51608
0.69012
0.60956
0.7853
0.75321
0.50358
0.49203
0.88242
0.6389
0.58504
0.66373
0.62852
0.66123
0.8354
0.54582
0.70389
0.95278
0.49794
0.50237
0.42546
0.75197
0.64136
0.64978
0.73067
0.68917
0.42667
0.6756
0.82644
0.63836
0.66043
0.52774
0.98739
0.5539
0.55234
0.90906
0.49668
0.65902
0.54088
0.66817
0.64095
0.78699
0.4797
0.668
0.62276
0.69471
0.6593
0.70897
0.59259
0.63296
0.51204
0.76091
0.63466
0.69998
0.56101
0.68228
0.85908
0.58434
0.5427
0.66431
0.42091
0.42853
0.60687
0.73493
0.3864
0.4894
0.60064
0.69442
0.93094
0.64312
0.59348
0.70422
0.58146
0.67484
0.61925
0.42527
0.8509
0.39921
0.37693
0.48913
0.73048
0.79473
0.46562
0.71321
0.52385
0.67883
0.7331
0.55629
0.45007
0.45683
0.65883
0.60817
0.76586
0.56488
0.7877
0.50027
0.79459
0.71546
0.61495
0.52057
0.68984
0.50272
0.73911
0.69893
0.90206
0.67518
0.64057
0.76064
0.81532
0.80399
0.73978
0.71669
0.40874
0.73375
0.64994
0.46323
0.53805
0.45154
0.60318
0.7105
0.55941
0.81103
0.69869
0.69389
0.46209
0.52597
0.38277
0.66637
0.91952
0.43187
0.54198
0.43844
0.71374
0.58952
0.6248
0.39776
0.46125
0.76742
0.7215
0.57856
0.63567
0.75956
0.79694
0.57679
0.35609
0.44724
0.64508
0.67687
0.61915
0.85798
0.61622
0.60155
0.57766
0.55326
0.36128
0.44507
0.62661
0.77578
0.61514
0.81718
0.68762
0.33942
0.72922
0.66479
0.60487
0.68526
0.33512
0.66957
0.63363
0.80696
0.68137
0.56348
0.4178
0.80527
0.24287
0.64817
0.71201
0.70129
0.67613
0.65621
0.64185
0.63391
0.77545
0.55683
0.736
0.82578
0.35139
0.75974
0.8252
0.5724
0.50542
0.56546
0.80107
0.6792
0.45166
0.77279
0.67277
0.37261
0.6479
0.73235
0.72638
0.65082
0.70203
0.55189
0.39378
0.62506
0.7379
0.94026
0.72301
0.70125
0.55505
0.78996
0.40651
0.52058
0.74194
0.8113
0.5841
0.50256
0.87803
0.69386
0.49999
0.71837
0.81625
0.75109
0.53393
0.44434
0.43025
0.73047
0.72322
0.68664
0.62689
0.55675
0.54553
0.68655
0.39047
0.82308
0.60207
0.62311
0.6203
0.77395
0.6244
0.75233
0.68453
0.56784
0.37785
0.62487
0.58156
0.83837
0.42035
0.82024
0.40436
0.78869
0.59411
0.70336
0.58851
0.57246
0.21199
0.69257
0.4847
0.77936
0.48832
0.53772
0.45067
0.72885
0.43368
0.78761
0.49909
0.67594
0.64086
0.87617
0.90082
0.26532
0.47954
0.58057
0.51893
0.63615
0.7477
0.53046
0.49081
0.70357
0.71632
0.70193
0.49224
0.46294
0.48695
0.75911
0.57466
0.40248
0.3939
0.79443
0.61392
0.90058
0.52732
0.68251
0.8313
0.64882
0.56078
1.0082
0.63354
0.62105
0.56604
0.64893
0.25801
0.69486
0.70524
0.5097
0.29578
0.72739
0.59911
0.74052
0.62298
0.87421
0.9216
0.55537
0.69273
0.6111
0.82016
0.35286
0.93328
0.77886
0.6437
0.71172
0.84287
0.55436
0.53305
0.80887
0.72558
0.29982
0.36411
0.63911
0.80854
0.87587
0.61106
0.68092
0.79355
0.67318
0.79927
0.8078
0.72625
0.79219
0.70833
0.86021
0.53171
0.76488
0.72469
0.55727
0.65032
0.55441
0.81534
0.57641
0.29608
0.62383
0.80451
0.48386
0.51246
0.23932
0.63741
0.69009
0.70358
0.84683
0.49771
0.59113
0.46403
0.55733
0.67201
0.65231
0.8562
0.54591
0.8921
0.73879
0.75763
0.7753
0.87532
0.60939
0.41935
0.52726
0.37896
0.67889
0.91335
0.76731
0.58655
0.51762
0.33824
0.73384
0.68758
0.6673
0.44213
0.61533
0.80264
0.85223
0.76244
0.72297
0.50189
0.80143
0.52958
0.50955
0.58146
0.67079
0.79883
0.79489
0.59413
0.77845
0.69013
0.73564
0.47451
0.74387
0.89464
0.48074
0.78635
0.64907
0.68786
0.76555
0.54038
0.54152
0.60169
0.72033
0.38896
0.51251
0.81398
0.55193
0.71003
0.48494
0.72704
0.34551
0.55335
0.39555
0.50415
0.60563
0.7361
0.55006
0.53623
0.55157
0.5253
0.67601
0.72239
0.73547
0.79371
0.50092
0.44983
0.65646
0.73155
0.78107
0.52553
0.48489
0.87059
0.54031
0.68265
0.54466
0.64262
0.78366
0.87316
0.55898
0.61943
0.77164
0.58542
0.42907
0.57619
0.59329
0.62443
0.7518
0.43711
0.66581
0.55137
0.56221
0.28016
0.79892
0.51336
0.77329
0.69087
0.73939
0.70549
0.68486
0.58743
0.66834
0.59422
0.76222
0.82313
0.69913
0.58453
0.51358
0.48172
0.693
0.72109
0.55587
0.30791
0.75015
0.77446
0.6623
0.75773
0.51318
0.41526
0.57231
0.58902
0.60452
0.39064
0.62104
0.63685
0.55781
0.59609
0.2854
0.60154
0.74695
0.87784
0.60725
0.75769
0.69064
0.64188
0.5198
0.62477
0.42218
0.57373
0.76635
0.71082
0.48322
0.58923
0.74603
0.67032
0.48344
0.57975
0.4457
0.53519
0.6595
0.87976
0.76225
0.6337
0.78208
0.57554
0.83788
0.39996
0.71832
0.6364
0.85701
0.47681
0.5072
0.56067
0.45091
0.58267
0.55978
0.44056
0.78068
0.50416
0.82369
0.68798
0.6816
0.6562
0.53888
0.75162
0.80508
0.72527
0.49471
0.55014
0.60846
0.68997
0.47785
0.76532
0.7127
0.66357
0.69276
0.90245
0.8388
0.87927
0.68837
0.63735
0.9573
0.57438
0.78178
0.70701
0.71982
0.59339
0.58943
0.38991
0.53973
0.6516
0.60557
0.60807
0.81391
0.75373
0.53621
0.61144
0.46414
0.6491
0.70679
0.56528
0.52186
0.80673
0.42106
0.65018
0.47899
0.49061
0.43844
0.76023
0.95742
0.61667
0.76364
0.61547
0.55901
0.96923
0.46354
0.62324
0.6049
0.59064
0.51968
0.68742
0.63187
0.39581
0.79025
0.41506
0.50718
0.64423
0.834
0.68344
0.7031
0.47608
0.8718
0.62844
0.49346
0.54047
0.56358
0.45277
0.42133
0.79467
0.54218
0.63146
0.84212
0.37625
0.63435
0.40136
0.25283
0.61517
0.71008
0.68993
0.56109
0.83849
0.50734
0.57694
0.46005
0.48491
0.79272
0.83341
0.89606
0.45124
0.63229
0.63178
0.80949
0.53397
0.50513
0.779
0.72518
0.83989
0.68715
0.64982
0.71137
0.87702
0.64698
0.77182
0.77011
0.53998
0.34823
0.766
0.60222
0.54619
0.56004
0.54602
0.54809
0.54822
0.57719
0.74906
0.94986
0.72963
0.74974
0.75682
0.85558
0.66701
0.64918
0.63468
0.58066
0.56676
0.75172
0.86204
0.63103
0.66517
0.68393
0.59404
0.52111
0.44852
0.97619
0.55533
0.47547
0.40677
0.65132
0.532
0.24727
0.84447
0.75848
0.70309
0.60643
0.61678
0.81633
0.427
0.48904
0.88912
0.28581
0.39485
0.50177
0.45867
0.54782
0.66249
0.57836
0.5661
0.8294
0.78688
0.65486
0.558
0.84606
0.36584
0.77371
0.66337
0.78895
0.58272
0.50307
0.69167
0.85184
0.67617
0.69141
0.84644
0.36735
0.59618
0.65828
0.62595
0.53827
0.72807
0.78705
0.76
0.74671
0.77344
0.81379
0.4833
0.41791
0.74543
0.71084
0.6759
0.65307
0.66976
0.64804
0.47134
0.65633
0.44059
0.55816
0.42753
0.56136
0.6917
0.58583
0.77538
0.56797
0.72893
0.68215
0.63703
0.67906
0.16744
0.60861
0.67663
0.83238
0.89249
0.39025
0.63592
0.74142
0.74454
0.71885
0.68311
0.78591
0.92215
0.43692
0.67067
0.64816
0.57521
0.30188
0.67894
0.74951
0.56781
0.81375
0.63224
0.55442
0.63405
0.60273
0.68679
0.67676
0.84241
0.68905
0.22646
0.68313
0.60594
0.72054
0.63383
0.65222
0.62151
0.76364
0.39903
0.59572
0.77198
0.71134
0.74654
0.81475
0.69303
0.45794
0.64402
0.44359
0.68575
0.33819
0.60825
0.65821
0.52107
0.61945
0.63068
0.60258
0.51852
0.65649
0.62867
0.37685
0.51947
0.65839
0.95118
0.72737
0.38599
0.74181
0.56038
0.5183
0.37361
0.62732
0.81945
0.32846
0.63248
0.42604
0.81525
0.54766
0.39811
0.76169
0.53108
0.72384
0.40142
0.79791
0.669
0.68889
0.43835
0.84738
0.55404
0.5288
0.4796
0.84792
0.58594
0.48417
0.62674
0.6718
0.69261
0.58629
0.57814
0.56267
0.5584
0.31518
0.57275
0.64615
0.58594
0.45903
0.71841
0.67702
0.8063
0.64352
0.71502
0.48996
0.81034
0.60877
0.29889
0.71522
0.89436
0.49416
0.64551
0.69738
0.76862
0.62199
0.66192
0.57766
0.62888
0.7599
0.6991
0.82141
0.99447
0.70907
0.86045
0.51597
0.67892
0.37219
0.52121
0.52735
0.48383
0.56017
0.52022
0.62213
0.89405
0.93401
0.51743
0.70216
0.56042
0.61487
0.61848
0.53244
0.82101
0.73905
0.51779
0.52762
0.72112
0.65894
0.39592
0.87302
1.0554
0.73465
0.58395
0.5312
0.26772
0.41183
0.65702
0.50268
0.52266
0.79944
0.43389
0.72523
0.51435
0.61814
0.89076
0.68928
0.73572
0.47335
0.57696
0.48821
0.81221
0.54483
0.8259
0.57787
0.6803
0.7035
0.57587
0.6985
0.64534
0.51832
0.76832
0.48786
0.91039
0.42702
0.8045
0.73804
0.6383
0.63592
0.52239
0.37115
0.53785
0.6913
0.52033
0.53926
0.66338
0.51988
0.44308
0.72449
0.75933
0.55098
0.59704
0.6926
0.67232
0.53743
0.68766
0.52597
0.62286
0.61734
0.75548
0.63873
0.6239
0.49566
0.41653
0.86796
0.82353
0.53132
0.7693
0.76227
0.6182
0.73403
0.75175
0.78481
0.91653
0.72036
0.43548
0.66659
0.34065
0.78799
0.57371
0.66957
0.70809
0.22581
0.76185
0.34394
0.66613
0.93254
0.69218
0.50379
0.59291
0.65163
0.5153
0.48194
0.83869
0.7363
0.67517
0.72927
0.72982
0.52048
0.65334
0.4163
0.69101
0.7192
0.64405
0.85049
0.78691
0.59606
0.65829
0.55974
0.77419
0.756
0.52532
0.64644
0.48581
0.67229
0.44825
0.51262
0.62125
0.60538
0.71643
0.64189
0.58134
0.62951
0.79386
0.76176
0.67953
0.76253
0.67558
0.96064
0.86098
0.78033
0.59976
0.67291
0.82281
0.77371
0.81862
0.76537
0.73037
0.44592
0.87319
0.38412
0.68846
0.30518
0.48294
0.84733
0.73518
0.42477
0.57964
0.78663
0.80095
0.65668
0.52183
0.57893
0.73999
0.76547
0.77078
0.88265
0.61768
0.73994
0.62893
0.59994
0.72675
0.492
0.53004
0.87849
0.28485
0.78836
0.64056
0.73757
0.62869
0.47082
0.71724
0.50797
0.7141
0.73134
0.56741
0.638
0.5067
0.5465
0.62962
0.60887
0.82452
0.75801
0.42745
0.74573
0.69745
0.66794
0.57356
0.48371
0.67803
0.59059
0.79787
0.63082
0.4118
0.73842
0.91882
0.58538
0.67511
0.77012
0.34445
0.40449
0.76612
0.85489
0.72817
0.82375
0.55758
0.40297
0.3712
0.81953
0.55844
0.55054
0.8329
0.52712
0.61621
0.66143
0.62371
0.76197
0.31306
0.73849
0.74722
0.76778
0.69908
0.73505
0.37583
0.77909
0.70744
0.78639
0.66774
0.5778
0.71683
0.58084
0.98663
0.69575
0.75243
0.5893
0.47084
0.71943
0.66413
0.45694
0.75969
0.52668
0.62761
0.54285
0.77464
0.41639
0.36558
0.5609
0.52628
0.51421
0.52128
0.75924
0.63879
0.58547
0.77891
0.54622
0.34338
0.76028
0.63661
0.39918
0.77102
0.21734
0.56035
0.60698
0.75374
0.27194
0.67683
0.70116
0.70304
0.62673
0.72595
0.51901
0.56873
0.67623
0.47741
0.84237
0.65761
0.69592
0.79554
0.87989
0.69899
0.70389
0.57072
0.39904
0.65023
0.86
0.60248
0.61007
0.70254
0.80905
0.68177
0.47538
0.56771
0.6562
0.76184
0.72267
0.75375
0.58923
0.72146
0.64035
0.57886
0.76825
0.63734
0.68798
0.59478
0.65856
0.6246
0.76366
0.92777
0.44228
0.53764
0.87857
0.75716
0.89647
0.4046
0.5495
0.65505
0.72676
0.69736
0.38899
0.43666
0.69592
0.36785
0.64715
0.65587
0.75663
0.57298
0.63466
0.61823
0.66459
0.71845
0.66732
0.56331
0.75019
0.5269
0.30176
0.3866
0.65963
0.66551
0.59883
0.52979
0.60163
0.75126
0.33771
0.78281
0.25393
0.5886
0.6485
0.43584
0.35069
0.47445
0.45578
0.76183
0.26785
0.32406
0.59473
0.58388
0.73731
0.51667
0.81764
0.74336
0.68847
0.65439
0.67083
0.26548
0.69328
0.56101
0.77943
0.57117
0.51029
0.60837
0.24739
0.57263
0.71071
0.42693
0.55339
0.6545
0.35326
0.54227
0.70302
0.71984
0.59034
0.53239
0.64838
0.75241
0.56275
0.46251
0.88833
0.58438
0.46053
0.73223
0.90559
0.6717
0.66269
0.70716
0.4378
0.72702
0.5934
0.63096
0.82284
0.71687
0.86223
0.817
0.67293
0.56755
0.51864
0.43654
0.32812
0.85794
0.5887
0.64553
0.68763
0.78941
0.48021
0.4597
0.64774
0.85405
0.75677
0.55059
0.56526
0.80928
0.58942
0.88533
0.82137
0.68894
0.81764
0.78872
0.64647
0.7407
0.68636
0.54952
0.62164
0.56994
0.64471
0.38706
0.41843
0.36752
0.63618
0.66402
0.40348
0.72464
0.91836
0.54887
0.5911
0.83682
0.75752
0.77932
0.7047
0.64136
0.57748
0.49686
0.59358
0.56319
0.62327
0.75796
0.51111
0.55681
0.46033
0.62407
0.49907
0.70687
0.73638
0.52809
0.85946
0.52149
0.64089
0.66428
0.54099
0.75742
0.58027
0.60924
0.64
0.78065
0.54915
0.54376
0.6679
0.71591
0.91547
0.53915
0.44744
0.98426
0.40476
0.82004
0.69642
0.53442
0.59589
0.76797
0.92715
0.73299
0.57812
0.49147
0.61951
0.74004
0.45073
0.66225
0.57786
0.83893
0.7025
0.57786
0.76486
0.3055
0.73764
0.58778
0.56482
0.53964
0.75034
0.71885
0.64698
0.63983
0.47383
0.65629
0.51768
0.83974
0.75835
0.74023
0.28235
0.65564
0.55906
0.64262
0.63522
0.54806
0.55979
0.48935
0.70278
0.66525
0.57445
0.448
0.35398
0.616
0.26658
0.53453
0.35351
0.62933
0.42985
0.66288
0.58018
0.50711
0.76242
0.47673
0.49343
0.85334
0.57777
0.64626
0.80705
0.71431
0.55535
0.77196
0.70267
0.60662
0.53976
0.64602
0.82237
0.84123
0.49723
0.66657
0.33731
0.72185
0.50715
0.79819
0.59161
0.36552
0.6278
0.58856
0.69628
0.40268
0.36724
0.65252
0.57038
0.7267
0.69308
0.51907
0.64899
0.6528
0.65072
0.46829
0.37164
0.54011
0.50605
0.51084
0.68836
0.58363
0.49065
0.6314
0.68428
0.59181
0.89582
0.71796
0.71274
0.75667
0.40117
0.73624
0.7865
0.60876
0.90888
0.8119
0.58313
0.57927
0.67168
0.81268
0.58661
0.84416
0.58759
0.58921
0.73307
0.4919
0.7392
0.82737
0.61247
0.61796
0.71403
0.58744
0.73442
0.81005
0.53272
0.42104
0.71554
0.53032
0.60888
0.62761
0.33057
0.48492
0.75664
0.61025
0.61965
0.81764
0.43827
0.7365
0.70763
0.83155
0.5226
0.43544
0.63227
0.90493
0.55668
0.78766
0.46547
0.64665
0.83053
0.54799
0.65967
0.49439
0.71586
0.39351
0.63563
0.52153
0.46974
0.63671
0.40767
0.76039
0.4986
0.49947
0.56234
0.67324
0.74218
0.96355
0.55232
0.43831
0.65451
0.79966
0.78623
0.64916
0.71875
0.82518
0.39553
0.29142
0.75932
0.69663
0.56774
0.61706
0.52611
0.63838
0.81474
0.71982
0.40993
0.70594
0.67391
0.65285
0.73895
0.66012
0.65095
0.70691
0.65002
0.5465
0.33668
0.70838
0.78985
0.43753
0.65028
0.76149
0.46738
0.54404
0.51503
0.39986
0.90567
0.65347
0.6608
0.36544
0.67136
0.62887
0.72692
0.69773
0.61493
0.8971
1.0074
0.54743
0.60207
0.62162
0.89604
0.65972
0.75434
0.8336
0.44356
0.59526
0.56012
0.37501
0.63806
0.57086
0.7143
0.49917
0.74787
0.66974
0.60253
0.66002
0.45976
0.58012
0.79294
0.72707
0.64399
0.69482
0.50756
0.66265
0.71072
0.66104
0.7177
0.76595
0.50372
0.74088
0.76923
0.56487
0.58201
0.5306
0.27928
0.71651
0.60585
0.55954
0.85122
0.80311
0.46442
0.72923
0.8726
0.69421
0.72012
0.60233
0.71706
0.66047
0.78426
0.63164
0.68407
0.61903
0.60975
0.28524
0.79091
0.71791
0.57547
0.5891
0.70504
0.621
0.66232
0.71028
0.64053
0.53849
0.73269
0.76612
0.63742
0.87168
0.54638
0.8
0.6467
0.80684
0.89439
0.83226
0.64094
0.71598
0.53072
0.71956
0.69897
0.90325
0.5227
0.53268
0.66297
0.45287
0.47925
0.56514
0.84555
0.81659
0.88198
0.51821
0.68802
0.58857
0.63019
0.63406
0.53818
0.79994
0.54303
0.75554
0.77321
0.70303
0.729
0.79546
0.48971
0.58615
0.89429
0.59578
0.81149
0.54014
0.77327
0.56913
0.69922
0.79359
0.57096
0.58078
0.68446
0.67317
0.55892
0.92891
0.58873
0.67385
0.6253
0.56961
0.56999
0.63036
0.45693
0.47778
0.36923
0.68083
0.41543
0.55011
0.53744
0.64461
0.62729
0.53019
0.72037
0.40852
0.85987
0.63205
0.46043
0.57794
0.8599
0.74611
0.61051
0.56904
0.84029
0.8259
0.49279
0.78774
0.63248
0.53392
0.45658
0.8749
0.82038
0.6193
0.55837
0.59317
0.6749
0.89476
0.84276
0.33444
0.55015
0.66955
0.90355
0.61647
0.63747
0.70907
0.65819
0.58497
0.51796
0.46633
0.7223
0.63149
0.56926
0.66014
0.45747
0.38862
0.59698
0.64235
0.6619
0.67218
0.90764
0.6395
0.67325
0.6123
0.5152
0.75699
0.70317
0.57178
0.84494
0.65435
0.38119
0.72194
0.60542
0.62231
0.74145
0.66659
0.73397
0.63493
0.85815
0.68918
0.54837
0.80789
0.75251
0.64635
0.55424
0.67717
0.69654
0.53433
0.58925
0.76784
0.60377
0.73497
0.74243
0.4198
0.80563
0.56836
0.81579
0.37364
0.36923
0.3804
0.58958
0.66574
0.55986
0.74813
0.80891
0.76216
0.69181
0.51214
0.65598
0.37304
0.89304
0.82069
0.49941
0.47348
0.69012
0.84642
0.55644
0.49334
0.58908
0.60036
0.73694
0.46998
0.68175
0.89165
0.72022
0.62251
0.68446
0.62008
0.75231
0.46023
0.59989
0.51076
0.7685
0.5145
0.23086
0.90475
0.90361
0.48477
0.77248
0.65688
0.62232
0.49292
0.27515
0.6265
0.567
0.69067
0.73298
0.28639
0.63155
0.56314
0.7995
0.58877
0.55061
0.46393
0.83969
0.84104
0.85158
0.81273
0.62874
0.73403
0.57016
0.57911
0.81563
0.77439
0.75467
0.57626
0.82562
0.67824
0.5181
0.53997
0.74073
0.59822
0.39429
0.49572
0.8115
0.65694
0.76325
0.47463
0.53779
0.9256
0.56244
0.78496
0.72095
0.54912
0.41159
0.53133
0.74214
0.45356
0.59583
0.64794
0.67844
0.57337
0.85545
0.86239
0.62809
0.75764
0.49481
0.61005
0.6512
0.82209
0.67969
0.40468
0.70838
0.33936
0.51984
0.54213
0.56422
0.62878
0.50028
0.81198
0.80546
0.75498
0.82896
0.80321
0.76869
0.34844
0.6774
0.67497
0.50734
0.50909
0.77583
0.46394
0.80776
0.38931
0.98102
0.51476
0.48386
0.34089
0.57045
0.78959
0.589
0.63653
0.59733
0.73147
0.59944
0.605
0.75056
0.61593
0.25194
0.58592
0.74419
0.69118
0.56017
0.38528
0.57704
0.78184
0.60165
0.71527
0.63466
0.89109
0.80453
0.57746
0.5185
0.73471
0.54683
0.25945
0.7165
0.86277
0.46073
0.86364
0.54453
0.63284
0.35939
0.57427
0.47458
0.68884
0.48266
0.52854
0.67738
0.63093
0.69635
0.55338
0.58801
0.61719
0.5986
0.62915
0.65804
0.72249
0.59389
0.51849
0.66271
0.65046
0.76391
0.52879
0.72905
0.70554
0.88883
0.6665
0.29884
0.56417
0.76503
0.67093
0.5815
0.308
0.44789
0.50856
0.72884
0.67167
0.46906
0.60873
0.53006
0.65548
0.52263
0.47613
0.45854
0.83049
0.81647
0.64777
0.6629
0.44568
0.82892
0.46506
0.65513
0.41615
0.72833
0.60638
0.85353
0.73083
0.69874
0.83328
0.63469
0.84324
0.64988
0.70628
0.73277
0.68484
0.74143
0.53068
0.72271
0.36867
0.75416
0.67303
0.61334
0.54889
0.73705
0.57179
0.70703
0.57046
0.82907
0.65428
0.41941
0.82672
0.72532
0.67336
0.12461
0.59739
0.56169
0.52336
0.57733
0.67538
0.58486
0.7261
0.4041
0.47231
0.55657
0.79098
0.78946
0.46931
0.52579
0.45579
0.50024
0.37107
0.52526
0.56393
0.55031
0.53569
0.62308
0.91117
0.60706
0.42385
0.58706
0.67959
0.95271
0.61314
0.77108
0.90351
0.77842
0.55801
0.66994
0.72057
0.70417
0.56833
0.70753
0.76398
0.436
0.54425
0.5117
0.53228
0.75702
0.64357
0.56255
0.62569
0.29923
0.78378
0.71252
0.6559
0.63959
0.93992
0.70773
0.66571
0.67311
0.84061
0.6544
0.6404
0.52512
0.64776
0.89095
0.51081
0.6261
0.66386
0.46345
0.58592
0.27404
0.50262
0.60874
0.84757
0.42561
0.45696
0.50327
0.50929
0.47626
0.52849
0.73614
0.77821
0.63744
0.67191
0.70485
0.89828
0.56572
0.63223
0.48584
0.65397
0.66807
0.60359
0.52547
0.67276
0.68766
0.45969
0.43915
0.66747
0.497
0.843
0.73919
0.71524
0.96416
0.70054
0.70802
0.80613
0.65022
0.76466
0.66407
0.74028
0.50915
0.66216
0.73187
0.75359
0.7164
0.73378
0.51789
0.24553
0.70599
0.71739
0.79486
0.47592
0.86731
0.65495
0.68886
0.32437
0.62398
0.31933
0.42523
0.62328
0.56544
0.84802
0.73995
0.6
0.83829
0.91927
0.71329
0.42762
0.66591
0.75755
0.33207
0.61749
0.62914
0.5836
0.48951
0.34889
0.61171
0.61586
0.61581
0.57321
0.78045
0.6851
0.50762
0.65675
0.63791
0.67289
0.57402
0.83521
0.68166
0.74489
0.66191
0.71253
0.61069
0.80082
0.55308
0.63126
0.22478
0.42834
0.7275
0.67016
0.42536
0.50877
0.61957
0.72973
0.40002
0.4295
0.72745
0.33813
0.70972
0.54658
0.63938
0.57563
0.86574
0.53743
0.71206
0.48446
0.43245
0.59635
0.54575
0.63097
0.87067
0.44772
0.59688
0.44771
0.64622
0.50033
0.62397
0.85568
0.57223
0.79536
0.71813
0.49391
0.60222
0.4868
0.66811
0.67156
0.42238
0.64005
0.58168
0.89716
0.63789
0.38405
0.52545
0.70302
0.58198
0.42604
0.836
0.5392
0.80416
0.57632
0.4101
0.57356
0.63723
0.67528
0.65102
0.60926
0.60489
0.62491
0.65281
0.74973
0.59862
0.88532
0.64641
0.49957
0.66556
0.56679
0.57496
0.55958
0.56884
0.65073
0.68969
0.81678
0.6468
0.43194
0.5454
0.53522
0.47363
0.3181
0.76772
0.65057
0.59468
0.73655
0.50646
0.50393
0.46245
0.70462
0.59082
0.8014
0.83276
0.57399
0.74294
0.74672
0.72532
0.81211
0.72613
0.75929
0.85511
0.54888
0.82914
0.73385
0.71128
0.58155
0.49531
0.77855
0.71386
0.76346
0.73169
0.4807
0.81066
0.68638
0.45532
0.85875
0.66286
0.2842
0.32417
0.60856
0.74783
0.78593
0.7847
0.45945
0.53353
0.40429
0.72687
0.4406
0.86635
0.28402
0.71686
0.8126
0.82761
0.67067
0.89773
0.40801
0.70753
0.60807
0.55277
0.71034
0.78604
0.78576
0.63284
0.82458
0.54801
0.65022
0.36236
0.748
0.67317
0.71835
0.72078
0.54919
0.6605
0.645
0.51078
0.78053
0.45901
0.53957
0.69623
0.80018
0.52807
0.59281
0.58883
0.35971
0.61749
0.60073
0.6688
0.64243
0.64069
0.94621
0.35335
0.50043
0.60945
0.50994
0.60092
0.40063
0.68501
0.57455
0.4623
0.4818
0.83967
0.53769
0.59552
0.79665
0.61739
0.40946
0.53977
0.7536
0.71678
0.69055
0.34997
0.50889
0.4782
0.46529
0.56174
0.47551
0.51427
0.87603
0.82024
0.75163
0.55772
0.35572
0.64613
0.81141
0.61018
0.76627
0.62268
0.29145
0.76317
0.88358
0.61034
0.69773
0.93777
0.6151
0.80101
0.68155
0.72664
0.37312
0.70291
0.58134
0.64565
0.49043
0.45226
0.44887
0.78199
0.42454
0.66643
0.45611
0.73124
0.80795
0.6412
0.62579
0.62961
0.7289
0.63478
0.70247
0.56376
0.67807
0.49289
0.68184
0.83421
0.5824
0.81107
0.60397
0.83821
0.70104
0.4696
0.75291
0.88196
0.66563
0.68596
0.56513
0.67167
0.86727
0.68938
0.54634
0.83488
0.385
0.74865
0.65266
0.74825
0.69058
0.71598
0.56962
0.56065
0.60444
0.5958
0.59136
0.57672
0.64367
0.26756
0.5691
0.57206
0.62515
0.71481
0.49586
0.73635
0.6635
0.53295
0.66731
0.78944
0.6144
0.49569
0.81992
0.58081
0.5781
0.69232
0.71449
0.63536
0.74332
0.69067
0.86835
0.39422
0.58645
0.39491
0.75398
0.73918
0.68175
0.4488
0.47887
0.75767
0.85738
0.59807
0.67411
0.49371
0.70217
0.57358
0.66123
0.57202
0.64438
0.43814
0.78864
0.76855
0.53769
0.59294
0.78485
0.45012
0.60679
0.43504
0.74751
0.85046
0.40371
0.64097
0.77126
0.60116
0.50072
0.74692
0.59486
0.44987
0.7918
0.55811
0.65895
0.71038
0.69238
0.83192
0.34174
0.72398
0.7273
0.35372
0.58543
0.78289
0.413
0.80166
0.26168
0.68847
0.46242
0.67285
0.47447
0.53265
0.6502
0.49728
0.64597
0.5691
0.53479
0.74333
0.78452
0.66836
0.69099
0.53625
0.66175
0.6199
0.87356
0.75384
0.69678
0.54366
0.3866
0.65718
0.70886
0.77782
0.66291
0.60091
0.76306
0.72904
0.53097
0.73483
0.56834
0.71054
0.57017
0.50334
0.58516
0.59467
0.46677
0.66833
0.55076
0.72432
0.60228
0.56405
0.76714
0.74931
0.42129
0.53767
0.71793
0.85638
0.48999
0.78221
0.91063
0.57368
0.70501
0.89425
0.61374
0.63523
0.53859
0.89468
0.58715
0.48746
0.80653
0.61509
0.41362
0.79495
0.60077
0.57481
0.60534
0.77564
0.53116
0.92118
0.88261
0.50794
0.63015
0.57133
0.42784
0.63126
0.87183
0.65783
0.72041
0.44362
0.86661
0.56136
0.54815
0.67821
0.3164
0.48751
0.87695
0.45247
0.73913
0.58327
0.41276
0.56569
0.6031
0.42245
0.66991
0.52847
0.58986
0.6196
0.73723
0.66223
0.68483
0.43067
0.68635
0.82502
0.62979
0.81331
0.56701
0.76137
0.77432
0.78611
0.70563
0.71827
0.70048
0.60845
0.56628
0.64431
0.41572
0.5665
0.572
0.56302
0.77038
0.65032
0.85935
0.54397
0.52896
0.53452
0.65761
0.89319
0.67226
0.71684
0.87227
0.62871
0.90423
0.65185
0.71502
0.71035
0.5261
0.62561
0.5104
0.57836
0.61058
0.8327
0.63663
0.72709
0.75299
0.58772
0.84151
0.74942
0.80473
0.5358
0.51728
0.86694
0.74683
0.68628
0.45025
0.45613
0.71509
0.49806
0.49379
0.72264
0.54608
0.27628
0.74959
0.6543
0.66432
0.28968
0.86561
0.59789
0.85889
0.46553
0.25251
0.58551
0.89651
0.51586
0.95445
0.51133
0.76552
0.8074
0.74888
0.76741
0.7664
0.54671
0.45833
0.64659
0.54626
0.4744
0.62134
0.75592
0.65443
0.68278
0.79535
0.41257
0.74136
0.85816
0.59836
0.89247
0.54071
0.82352
0.75495
0.68473
0.40673
0.8096
0.69753
0.63052
0.80668
0.64708
0.39155
0.67709
0.88806
0.57999
0.65411
0.69057
0.5796
0.66821
0.84247
0.69637
0.73638
0.66517
0.34769
0.52374
0.8591
0.61641
0.55329
0.48702
0.48781
0.51669
0.38764
0.55022
0.64578
0.58271
0.41213
0.82322
0.7579
0.58474
0.44849
0.69141
0.53638
0.70998
0.78681
0.28197
0.61121
0.70973
0.55898
0.71493
0.6339
0.78175
0.54622
0.44539
0.8392
0.827
0.48956
0.44894
0.69385
0.35339
0.51396
0.72468
0.57292
0.67825
0.55784
0.78772
0.61471
0.91996
0.58765
0.5385
0.61967
0.77195
0.80052
0.70994
0.65145
0.49142
0.78536
0.62003
0.74939
0.56838
0.82838
0.75477
0.55649
0.69812
0.88876
0.3666
0.6378
0.69166
0.59532
0.42616
0.57826
0.47313
0.76312
0.75818
0.74978
0.72859
0.49846
0.43804
0.68982
0.65538
0.66698
0.80271
0.51875
0.8091
0.75549
0.58695
0.47949
0.55703
0.48245
0.65785
0.60109
0.60359
0.2289
0.74759
0.68769
0.48085
0.62979
0.90515
0.65075
0.58459
0.66023
0.41531
0.59779
0.70623
0.64814
0.54375
0.68488
0.66265
0.3746
0.70103
0.84723
0.79588
0.72227
0.69002
0.69654
0.48412
0.795
0.57984
0.37511
1.003
0.60705
0.86045
0.75507
0.77894
0.78497
0.71824
0.58389
0.47015
0.57369
0.47691
0.77827
0.66794
0.50276
0.73761
0.56189
0.83205
0.70172
0.59124
0.67397
0.53851
0.4569
0.53688
0.54609
0.47512
0.59082
0.60997
0.74043
0.2839
0.37078
0.32403
0.63605
0.66862
0.74223
0.82446
0.83863
0.68208
0.35107
0.78548
0.92164
0.77206
0.624
