0.68411
0.76732
0.88282
0.95707
0.53996
0.79691
0.93748
0.92101
0.81897
0.79444
0.84421
0.99706
0.89607
0.55543
0.89693
0.64656
0.94278
0.75189
0.81851
0.83932
0.78138
1.0545
0.76744
0.82407
0.54356
0.8144
0.99352
0.81202
0.53878
0.7854
0.77622
0.77101
0.46355
0.9074
0.63921
0.8652
0.89664
0.75275
0.87716
0.63708
0.74318
0.92625
0.6442
0.92401
0.65855
0.77571
0.8474
1.0746
0.64296
0.87151
1.0074
0.61073
0.72789
0.76512
0.35464
0.76193
0.79801
0.87369
0.82119
0.90766
0.65206
0.68283
0.74279
0.89617
0.72265
0.87284
0.95117
0.67762
0.84678
0.53093
0.7958
0.84959
0.82231
0.79808
0.9663
0.94873
0.74316
0.85966
0.59374
0.91021
0.93747
0.60405
0.98191
0.69589
0.38741
0.64101
0.69968
0.97955
0.89025
0.87285
0.76726
0.8452
0.6371
0.80226
0.9416
0.8222
0.68251
0.56096
0.90672
0.42632
0.88258
0.72871
0.69564
1.0552
0.49349
0.7554
0.74086
0.99915
0.53803
0.66003
0.78369
0.6864
0.78537
0.74581
0.7096
0.90641
0.89677
0.96523
0.83862
1.0773
0.82611
0.8989
0.89187
0.86212
0.46753
0.87609
1.0743
0.7846
0.80053
0.67473
0.66623
0.88784
0.61515
0.69423
0.74991
1.0591
0.77809
0.95945
0.82569
0.84009
0.54249
0.77727
0.48934
0.87945
0.80852
0.88963
0.5957
0.70507
0.72399
0.60695
0.90752
0.75343
0.51732
0.94072
0.83597
0.83168
0.85185
0.75989
0.99959
0.75655
0.64014
0.70298
0.70227
0.73802
0.73474
0.71089
0.50233
0.80072
1.0143
0.77768
0.99351
0.71007
0.79176
0.76367
0.83829
0.89429
0.51348
0.65639
0.78524
0.58395
0.86574
0.91808
0.90579
0.75085
0.98903
0.85408
0.8203
0.84878
0.80935
0.59635
0.79144
0.56888
0.93995
0.95557
1.0958
0.75067
0.91549
0.87125
0.9833
0.79343
0.52319
0.61856
0.80884
0.85614
1.088
0.81982
0.81365
0.93927
0.49408
0.74416
0.96518
0.81192
0.98841
0.72605
0.92615
0.58795
0.84653
0.99624
0.9132
0.66452
0.81359
0.89982
0.6026
0.86141
0.72697
0.89215
0.83639
0.82228
0.60306
0.66416
0.64066
0.91551
0.88665
1.0411
0.93546
0.78827
0.887
0.6309
0.66709
0.92341
1.0755
0.97957
0.89153
0.65056
0.74463
0.79474
0.92957
0.86434
1.0748
0.68955
0.8785
0.69701
0.79265
0.87477
0.88346
0.86175
0.57016
0.84403
0.89125
1.0795
0.90207
1.0248
0.70213
0.55064
0.76144
0.94399
0.79696
0.58222
0.67065
0.66928
0.68388
0.85129
0.89435
0.99104
0.79734
0.89746
0.72669
0.85994
0.8257
0.73758
0.90553
0.82462
0.74186
0.74958
0.90775
0.5708
0.90722
0.90936
0.84988
1.0051
0.68026
0.80404
0.75372
0.61681
0.63599
0.90162
0.82768
0.86894
1.0343
1.093
0.99027
0.87225
0.85427
0.86018
0.98822
0.73583
0.5587
0.82343
1.0062
0.53501
0.71463
0.90446
0.85738
0.85837
0.67358
0.65538
0.82015
0.70919
0.63813
0.84978
0.95408
0.80969
0.81499
0.91787
0.9093
0.48208
0.99171
0.75595
0.72779
0.70036
0.60674
0.88772
0.8181
0.80854
0.80584
0.72734
0.56902
0.96197
0.37611
0.6519
0.76056
0.79623
0.77305
0.6283
0.85312
0.94384
0.97741
0.80528
0.87134
0.89028
0.84325
0.55933
0.68426
0.87357
0.78637
0.90406
0.7205
0.63855
0.74232
0.72474
1.0218
0.8061
0.78529
0.98889
0.73667
0.85909
0.86049
0.8332
0.91028
0.88624
0.89736
0.98649
0.76979
1.0055
1.0922
0.91502
0.99247
0.988
0.794
0.92759
0.88694
0.81923
0.93969
0.85658
0.41862
0.86232
0.8834
0.81235
0.83848
0.94237
0.59535
0.85735
0.89152
0.46829
0.45658
0.91116
0.99408
0.95601
0.94174
0.86573
0.93969
0.63335
0.69816
0.86334
0.62737
0.75275
0.70866
0.97766
0.84699
0.9174
0.77633
0.77356
0.49673
0.70789
1.0046
1.0384
0.84703
0.88405
1.0302
0.58319
0.64947
0.63952
0.97454
0.71709
0.89211
0.76316
0.47753
0.85491
0.98315
0.93412
0.91959
0.81989
0.73956
0.85825
0.75949
0.79437
0.78829
0.99272
0.9411
0.90406
0.78255
0.77153
0.75155
0.96506
0.93619
0.88732
0.48104
0.8363
0.90546
0.74983
0.74765
0.72018
0.74918
0.86141
0.72518
0.89205
0.99768
0.95622
0.50238
0.94441
1.0066
0.96577
0.63807
0.67904
0.73785
0.70818
0.54536
0.82652
0.96809
0.76797
1.0022
0.66222
0.76993
0.76066
0.90922
0.64482
0.35226
0.79988
0.85747
0.73508
0.85204
0.85743
0.98646
0.9338
0.86894
1.0819
1.1199
0.69686
0.77866
0.82764
0.8155
0.89103
0.71115
0.58462
0.90905
0.79124
0.7803
0.90618
0.86508
0.65008
0.89456
0.94375
0.7903
0.88936
0.74915
0.87601
0.76398
0.95558
0.86282
0.88465
0.88043
0.99221
0.95204
0.87891
0.75374
0.75467
0.78067
0.84343
0.7869
0.80462
0.96736
0.93431
0.56526
0.74568
0.86603
0.67594
0.93255
0.8275
0.9302
1.0404
0.9333
0.69294
0.66188
0.81536
0.682
1.0928
0.77358
0.81407
0.68455
0.61986
0.78298
0.72227
0.88317
0.66509
0.87642
0.70468
0.63621
0.71202
0.52271
0.77124
0.84947
0.6591
0.50561
0.85584
0.36481
0.84574
0.82976
0.84845
0.86387
0.79691
0.71693
0.89612
0.90206
0.91423
0.93306
0.59822
0.66228
0.77932
0.95197
0.77843
0.71968
0.89251
0.59712
0.98984
0.68104
0.82039
0.91343
0.79179
0.83521
0.8657
0.88726
0.94433
0.84822
0.82378
0.87981
0.87777
1.0212
0.6463
0.76965
0.93744
0.84287
0.91278
0.84586
0.78969
0.59075
0.93559
0.93772
0.80311
0.769
0.84664
0.82859
0.85054
0.90439
0.54179
0.79362
1.0402
0.61774
0.84809
0.61761
0.63998
0.6778
0.59855
0.70208
0.96288
0.82409
0.81109
0.89828
0.72863
0.90277
0.93217
0.71601
0.79901
0.71128
0.84965
0.93876
0.67663
1.0593
0.79215
0.8264
0.91466
1.0558
0.7646
0.71738
0.75226
0.71083
0.7821
0.98108
0.77917
0.74922
0.80228
0.71813
0.89664
0.92606
0.88714
0.89887
0.5855
0.76449
0.57049
0.87203
0.93409
0.8507
0.73756
0.84399
0.76588
0.4269
0.88457
0.77541
0.86331
0.76977
0.84311
0.90631
1.0638
0.78273
0.6409
1.0201
0.69161
0.81571
0.87774
0.8588
0.89447
0.81345
0.9248
0.72126
0.83855
0.84536
0.69925
0.66178
0.81778
0.82804
0.81445
0.89849
0.87018
0.8203
0.61165
0.78523
0.84368
1.0052
1.0456
0.93356
0.93044
1.0557
0.78847
0.87594
0.45466
0.69442
0.78468
0.91432
0.74766
0.80453
0.90903
0.82726
0.81666
0.77642
0.55231
0.73397
0.57644
0.86139
0.87052
0.86049
0.84116
0.88992
0.88284
0.55153
0.93414
0.76189
0.70771
1.0357
0.77872
0.78557
0.82014
0.94809
0.84021
0.87373
0.50344
0.82798
0.79392
1.0283
1.008
0.77681
0.86225
0.83969
0.87343
0.80277
0.77367
0.81021
1.0263
0.86944
0.62636
0.83928
0.91148
0.75256
0.87479
0.79764
0.38887
0.66521
0.93498
0.83091
0.98328
0.81318
0.65722
0.64745
0.88769
0.79173
0.89447
0.91529
0.80639
0.85626
1.0346
1.0795
0.66036
0.70545
0.63614
1.034
0.67681
0.79208
0.72897
0.88535
0.85594
0.83323
1.0092
0.54639
0.53728
0.62106
0.65815
0.59219
0.65329
0.90958
0.91941
0.55327
0.77138
0.41687
0.68443
0.98251
0.96455
0.75661
0.75987
0.72329
0.72581
0.77603
0.584
0.9066
0.95374
0.85152
0.8874
0.49239
0.8521
0.63264
0.56266
0.95048
0.8624
0.69458
0.82944
0.75091
0.90153
0.75014
0.71278
0.76354
0.90672
0.90866
0.78879
0.89261
0.64861
0.69144
0.82204
1.0309
0.95778
0.87215
0.88477
1.0337
1.093
0.92971
0.85544
0.69381
0.82309
0.87388
0.92071
0.8219
0.96485
0.83729
0.93332
1.0123
0.7556
0.48242
0.85337
0.76483
0.80699
0.94147
0.71968
0.76238
0.75534
0.81822
0.96797
0.87696
0.60357
0.99071
0.62123
0.6242
0.71494
0.57989
0.74076
0.63465
0.91524
0.85162
0.97037
0.92759
0.70881
0.84569
0.86154
0.94836
0.8816
0.70115
0.96314
0.5353
1.0804
0.67186
1.0233
0.71423
0.65514
0.71974
0.77161
0.89735
0.8881
0.94982
0.73245
0.97114
0.90462
0.60064
0.91171
0.96218
0.58328
0.82174
0.97601
0.83
0.70413
0.85587
0.65685
0.59922
0.73095
0.80581
0.88309
0.9109
0.67391
0.7357
0.31273
0.74809
0.96984
1.029
0.91805
0.9189
0.81564
0.75343
0.88072
0.84626
0.74469
0.60689
0.84392
0.84843
0.88901
0.90231
0.92205
0.94607
0.80905
0.95532
0.80777
0.64979
0.91122
0.7206
0.92927
0.89043
0.84577
0.61483
0.79941
0.81613
0.6437
0.91413
1.0173
0.4441
0.87223
0.81404
0.94121
0.88811
0.91469
0.81216
0.90144
0.74484
0.71126
0.88377
0.78692
0.74811
0.82017
0.8202
0.89872
0.58788
0.95912
1.0944
0.70176
0.79801
1.1197
0.88737
0.57741
0.86266
0.85194
0.87314
1.0198
0.86308
0.84806
0.87608
0.95695
0.77855
1.0288
0.95173
0.95803
0.61404
0.75557
0.77857
0.78699
0.91827
0.63466
0.60235
0.85531
0.64682
0.82429
0.83993
0.89513
0.77058
0.86986
1.0307
0.60574
0.8511
0.60964
0.88898
0.92679
0.82517
0.96476
0.64269
0.78792
0.79524
0.85479
0.58171
0.74923
0.86753
0.78749
0.71844
0.77526
0.49798
0.42595
0.76584
0.5384
0.76543
0.64267
0.80799
0.71265
0.81702
0.89256
0.98109
0.9678
0.69583
0.53498
1.0311
0.99702
1.0402
0.85099
0.67942
0.81146
0.88776
0.87838
0.56067
0.42675
0.71925
0.78242
0.58185
0.73247
1.0071
0.8938
1.1442
0.77228
0.74929
0.92122
0.78591
0.85926
0.60448
0.89426
1.0373
0.87851
0.77768
0.85975
0.83869
0.96453
1.0871
0.65047
0.64385
0.74854
0.78041
0.76925
0.6722
0.80306
0.82569
0.76284
0.72018
0.73526
0.93194
0.65879
0.75783
0.86607
0.71848
0.76095
0.75235
0.88007
0.56673
0.76194
0.85515
0.64413
0.71211
0.63666
0.66711
0.56219
0.92616
0.62763
1.077
0.84322
0.7616
0.61066
0.92119
0.73145
0.79006
0.9417
0.61248
0.91257
1.1472
0.85588
0.90638
1.0541
0.99909
0.83347
0.54908
0.97003
0.92027
0.75691
0.62638
0.92894
0.80392
0.79704
0.81857
0.71658
0.92523
0.64108
1.0049
0.90332
0.74164
0.63418
0.70136
0.9692
0.77415
0.89418
0.95315
0.81571
0.82522
1.0008
0.7202
0.91133
0.70815
0.90371
0.89966
0.77486
0.60845
0.76919
0.99941
0.90231
0.78641
0.66536
0.72067
0.88612
0.71
0.96352
0.79735
0.83275
0.6606
0.64553
0.65339
0.69203
0.67604
0.90144
0.67038
0.60504
0.90219
0.61193
0.84613
0.93585
0.96015
0.78549
0.8024
1.0211
0.72277
0.52284
0.65947
0.97876
0.75685
0.75365
0.77669
0.73983
0.88922
0.84713
0.79374
0.85036
1.0849
0.92292
0.81838
0.86567
0.7164
0.62355
0.65707
0.78395
0.70999
0.67548
0.76164
0.85146
0.84792
0.99045
0.85042
0.73559
0.81041
0.90781
0.7213
0.51389
0.78475
1.0944
0.92637
0.93904
0.82375
0.5095
1.0236
0.81271
0.80573
0.76055
0.77274
0.79416
0.96421
0.89829
0.71902
0.62701
0.51362
0.60019
0.66631
0.7842
0.92616
0.76293
0.65979
0.7097
0.89004
0.85447
1.0448
0.71179
0.77037
0.96911
1.09
0.85079
1.0914
0.67227
0.76407
0.70995
0.98518
1.0844
0.68373
0.84801
0.60534
0.73537
0.68073
0.80056
0.67407
0.80606
0.49893
0.71636
0.80495
0.7596
0.871
0.92773
0.38421
0.58156
0.58185
0.66249
0.5448
0.89281
0.85274
0.6426
0.64267
0.53964
0.73214
0.81267
0.64538
1.0216
1.0129
0.81403
0.79
1.0338
0.82817
0.69081
0.66775
0.70241
0.84755
0.85626
0.97236
0.52692
0.68932
0.59594
0.66079
0.67948
0.91735
0.9487
0.74906
0.77363
0.93492
0.69795
0.87993
0.9218
0.97666
0.84509
0.77299
0.85651
0.70132
0.79963
0.92471
0.69766
0.4551
0.74778
0.92577
0.95701
0.84616
0.86248
0.80784
0.61762
0.56655
0.73029
0.87595
0.8392
0.84155
0.84405
0.83769
0.84163
0.84564
0.98941
0.6259
0.71512
1.0025
0.57942
0.88
0.69722
0.79007
0.58461
0.88015
0.6413
0.86205
0.82175
0.85202
0.78874
0.80954
0.50139
0.72251
0.68316
0.67125
0.95617
0.8917
0.78398
1.0289
0.95559
0.58835
0.87706
0.76454
0.84911
0.76991
0.77788
0.88025
0.89925
0.96849
0.91501
0.98382
0.89051
0.82365
1.0019
0.9329
0.69535
0.75678
0.98551
0.72075
0.66126
0.55372
1.0781
0.60291
0.61272
0.76564
0.72261
0.93881
0.95133
0.9558
0.79568
0.77608
0.83555
0.84078
0.99093
0.95169
0.75957
0.95218
0.86458
0.84787
0.84675
0.77798
0.73548
0.83163
0.7595
0.83475
0.61783
0.93823
0.94831
0.51429
0.82873
0.87473
0.85573
0.85234
0.93028
0.91468
0.89134
0.8579
0.8515
0.61217
0.62452
1.0144
0.75051
0.88704
0.88302
0.79002
0.88788
1.0838
0.87778
0.77707
0.82894
0.73847
0.99257
0.72039
0.84025
0.64113
0.97356
0.62945
0.95011
0.88083
0.58124
0.94653
0.67214
0.85229
0.93609
0.85627
0.84109
0.77011
0.85641
0.7739
0.88932
0.62131
0.95371
0.94503
0.75108
0.73322
0.65572
0.81953
0.73044
0.72838
0.84204
0.94044
0.82655
0.96891
0.7923
0.55256
0.60835
0.68631
0.86287
0.97584
0.55276
0.74209
0.83395
0.69642
0.83089
0.78805
0.91648
0.73002
0.96255
0.57498
0.74142
0.59224
0.98463
0.82988
0.95537
0.915
0.66178
0.96004
0.58882
0.79167
0.75105
0.77432
0.89666
0.95509
0.99322
1.0073
0.80309
0.8692
0.9023
0.94943
0.79804
0.74054
0.89131
0.56131
0.47502
0.94452
0.58586
0.91819
0.88992
0.72012
0.99179
0.87615
0.71497
0.62767
0.46169
1.0104
0.66311
0.8248
0.81947
0.88249
0.65358
0.94715
0.46459
0.95755
0.69308
0.47432
0.80496
0.5277
0.97838
0.82561
0.7075
0.88776
0.86271
0.7089
0.91758
0.81063
0.57616
0.6169
0.97121
0.80125
0.92822
0.9702
1.0382
0.7381
0.75962
0.80328
0.87317
0.8188
0.8221
0.86268
0.60038
0.84011
0.77427
0.46861
0.86829
0.91478
1.0209
0.78644
0.55065
1.0135
1.0132
0.59553
0.71258
0.94113
0.60043
0.8267
0.71484
0.75239
0.48068
0.84565
0.8194
0.6443
1.017
0.85656
0.771
0.69044
0.76621
0.59886
0.67871
0.84348
1.0065
0.8721
1.018
0.44726
0.89434
0.69363
1.0438
0.93895
0.87435
0.84569
1.0106
0.9003
0.95386
0.71247
0.87123
0.76444
0.80438
0.81722
0.92473
0.87882
0.74906
0.85398
0.37045
0.71355
1.0555
0.63353
0.88465
0.73691
0.72274
0.86979
0.90149
0.80024
0.90679
0.73085
1.0058
0.79007
0.80815
0.90058
0.68753
0.88051
0.82333
0.85787
0.7348
0.8306
0.91097
0.90772
0.93988
0.743
0.88203
0.73033
0.9928
0.78143
0.90273
0.51032
0.87594
1.0278
0.76965
0.9917
0.76893
0.32564
0.95133
1.0339
0.61682
0.78634
0.54348
0.54349
0.89412
0.69115
0.63827
0.81793
0.85752
1.0048
0.80217
0.44917
0.97749
0.88017
0.55864
0.83792
0.63062
0.73983
0.95207
0.77194
0.95934
0.93483
0.76699
0.78041
0.83944
0.70593
0.84521
0.48094
0.69229
0.79006
1.0361
0.78765
0.74808
0.52058
0.65848
0.51832
1.013
0.847
0.55918
0.85956
0.99077
0.85703
0.84199
0.76665
0.72236
0.91392
0.85784
0.8912
0.69616
0.84651
0.7851
0.76779
0.86774
0.85542
0.93267
0.78424
0.83015
1.0425
0.9833
0.86497
0.67696
0.92469
0.69469
0.88164
0.87641
0.65259
0.77996
0.89529
0.82214
0.85185
0.69315
0.82478
0.75217
0.82902
0.91358
0.8139
0.77252
0.85551
0.948
0.69817
0.75869
0.8007
0.95004
0.75957
0.6294
0.8057
0.72122
0.87509
0.86391
0.89372
0.77396
0.83047
0.93338
1.0224
0.71918
0.63563
0.96799
0.90339
0.98985
0.6118
0.86802
0.69744
0.8007
0.98528
0.78838
0.88407
0.80955
0.90149
0.76278
0.74904
0.76379
0.80612
0.80803
0.83299
0.8341
0.84324
0.7335
0.93783
0.71681
0.74911
0.95182
1.1771
0.86232
0.51966
0.77646
0.64819
0.76391
0.77202
0.95336
0.96964
0.74633
0.88635
0.81435
0.65109
0.79041
0.9861
0.93833
0.70774
0.77362
0.78064
0.94986
0.80601
0.57596
0.79476
0.80482
0.84804
0.77543
0.7933
0.67772
0.82297
0.76472
0.87895
0.80697
0.88864
0.50604
0.64116
0.76953
0.99111
0.8252
0.95699
0.92391
0.74325
0.97063
0.87019
0.68269
0.58608
0.78286
0.90108
0.7774
0.77256
0.78376
0.72112
0.96022
0.8858
0.7522
0.93405
0.93017
0.68424
0.63758
0.92842
0.6206
0.96988
0.68232
0.81438
0.79645
1.0375
0.70622
0.90428
0.67676
0.81529
0.65579
0.54278
0.85521
0.80634
0.63112
0.85835
0.90093
0.62735
0.82718
0.82795
0.87663
0.62417
1.0273
0.98535
0.66983
0.92062
0.77264
0.87105
1.012
0.66828
0.8794
0.86974
0.98014
0.90957
0.80872
0.72159
0.82091
0.85134
0.90535
0.82612
0.83162
0.66333
0.76547
0.60311
0.72349
0.95869
0.85929
0.89524
0.60444
0.97196
0.62498
0.8939
0.69285
0.63826
0.6856
0.82013
0.7526
0.74296
0.93655
0.86392
0.99875
0.79007
0.86445
0.92362
0.86096
0.68222
0.7717
0.84503
0.77054
0.63515
0.99386
0.64324
0.84475
0.93635
1.0047
0.91766
0.92604
0.90434
0.76819
0.74514
0.78361
0.87031
0.80788
0.96863
0.68116
0.77352
1.0373
0.70916
0.90236
0.912
0.79824
0.98085
0.9899
0.92887
0.78048
0.94807
0.92693
0.80211
0.88917
0.87041
0.9546
0.60984
0.66653
0.79158
0.59656
0.93691
0.84681
1.039
0.91136
0.64397
0.68906
0.89412
0.81544
0.46257
0.43084
0.73273
0.84521
0.92187
0.84061
1.0126
0.84807
0.79799
0.96337
0.8345
1.0766
0.86777
0.81553
0.82436
0.60243
0.83027
0.75592
0.70627
0.42954
0.90032
0.68937
0.80373
0.70685
0.54219
0.69385
0.94756
0.77116
0.90615
0.9789
0.84494
0.98
1.082
0.97504
0.79416
0.76117
0.76313
0.5184
0.55358
0.89059
0.93897
1.0619
0.94249
0.81731
0.90482
0.70457
0.72907
0.77288
0.75414
0.65482
0.94374
0.862
0.96879
0.71056
0.86979
0.66949
0.88494
0.75098
0.81424
0.70317
0.74203
0.96543
0.80061
0.67459
0.90966
0.99704
0.67148
0.80085
0.6704
0.75069
0.65669
0.61348
0.88687
0.57482
0.81738
0.91177
0.58388
0.97113
0.64388
0.6988
0.80455
0.57312
0.86295
0.73695
0.59488
0.9211
0.76978
0.86153
0.70224
0.66128
0.7648
0.69884
0.86044
0.53404
0.92097
0.71446
0.68374
0.61933
0.82148
0.60197
0.71967
0.98093
0.9217
0.72816
0.79327
0.61425
0.89395
0.9355
0.98882
0.9624
0.97214
0.76789
1.0102
0.85495
0.99078
1.0372
0.78207
0.67508
0.87655
0.63822
0.78834
0.90525
0.94652
0.8377
0.89483
0.87211
0.91875
0.97833
0.74945
0.79718
0.97327
0.71083
0.77796
0.63566
1.0265
0.88036
0.75082
0.84747
0.75735
0.75515
0.80067
0.84228
0.66226
0.87911
0.84055
0.9255
0.84159
0.76043
0.52629
0.7916
0.93622
0.83891
0.75416
0.8248
1.0003
0.8502
0.72749
0.8669
0.91963
0.87306
0.95853
0.61104
0.92763
0.79435
0.91911
0.79245
0.69011
0.98377
0.76555
0.42474
0.65554
1.0243
0.88552
0.86309
0.95042
0.84995
0.86526
0.89139
0.57526
1.0344
0.6612
0.8407
0.82922
0.87616
0.92459
0.87651
0.91633
0.99613
0.64899
0.61495
0.87212
0.88643
0.79249
0.66277
0.92161
0.87975
1.1067
0.4685
0.84936
0.88286
0.87199
0.94168
0.60955
0.90933
0.76048
0.85855
0.73429
0.53902
0.70653
0.86532
0.83095
0.93801
0.76369
0.28981
0.57947
0.84391
0.82427
0.60688
0.79598
0.7852
0.84528
0.82383
0.33898
0.66726
0.9686
0.78951
0.50455
0.62887
0.94043
0.86754
0.90342
0.82537
0.71718
0.78395
0.68869
0.74362
0.77504
0.79232
0.84677
0.65316
0.80933
0.7722
0.7099
1.1261
0.80952
0.50151
0.94731
1.0547
0.6611
0.83191
0.79704
1.0475
0.70303
0.8473
0.84117
0.86492
0.94807
0.61297
0.83009
0.91284
0.84577
0.68139
1.0028
0.98544
0.93455
0.89198
0.82683
0.78909
0.73721
0.72134
0.90724
0.89916
0.97527
0.75922
0.71034
0.91138
0.75497
0.73598
1.0963
1.0705
0.71366
0.8661
0.75339
0.69516
0.71946
0.72221
0.85478
0.75791
0.64219
0.96597
0.63585
0.79176
0.62021
0.65204
0.57924
0.89701
0.96301
0.94352
0.69322
0.83394
0.73834
0.65175
0.87151
0.7825
1.0395
0.57256
0.75482
0.96078
0.88193
0.30502
0.7956
0.91689
0.61369
0.99434
0.97102
0.6068
0.85562
0.95056
0.8976
0.65305
0.93156
0.66756
0.8682
0.67008
1.0173
0.8249
0.8635
0.68808
0.75929
0.82796
0.88562
0.85628
0.91653
1.0028
0.70324
0.77697
0.90583
0.86609
0.98587
1.0449
0.73135
0.5172
0.95333
0.48869
0.96356
0.85108
0.92349
0.72054
0.84327
0.6987
0.9351
0.83796
0.69384
0.90123
0.61073
0.85715
0.6718
0.69241
1.0462
0.75938
0.68082
0.89156
0.75179
0.922
0.76756
0.78307
0.79428
0.6742
0.53785
1.036
0.80137
0.9021
0.90465
0.7976
0.75432
0.75799
0.88006
0.88576
0.72922
0.46564
0.83759
0.73635
0.93631
0.81604
0.71771
0.73998
0.96918
0.59111
0.71309
0.80701
0.95121
0.90142
0.65128
0.59498
0.95348
0.7162
0.86809
0.7411
0.9893
0.87119
0.79188
0.84178
0.77543
0.69334
0.83309
0.85293
0.69997
0.64712
0.75113
1.0432
0.4983
0.92844
0.78962
0.81799
0.75174
0.85623
0.95545
0.86366
0.91382
0.81251
0.88062
0.83076
0.84889
0.76465
0.81314
0.8458
0.8657
0.89759
0.82635
1.0351
0.88792
0.92297
0.85161
0.80187
0.84121
0.93205
0.60054
0.91935
0.85417
0.99192
0.92084
0.89236
0.97315
0.75481
0.95549
0.80274
0.45524
0.78601
0.84342
0.7043
0.88511
0.70437
0.96062
0.92165
0.68621
0.76537
0.94054
0.92906
0.90503
0.71896
0.78993
0.73826
0.68726
0.95048
1.1377
0.85227
0.77022
0.99434
0.75979
0.74814
0.78198
0.86396
0.68277
0.92257
0.61676
0.8704
0.80083
0.62045
0.69057
0.82198
0.65814
0.69637
0.70627
0.88448
0.86491
0.89909
0.5392
0.98447
0.85293
0.73522
0.46649
0.768
0.81241
0.8803
0.58802
0.84483
0.97761
0.82088
0.98504
0.62221
0.58755
0.81153
0.73233
0.89453
0.89196
0.56579
0.75717
0.58981
0.71272
0.93039
0.43506
0.92369
0.79211
0.89576
0.95372
0.77097
0.73332
0.55248
0.65384
0.84561
0.60862
0.836
0.98237
0.72577
0.82672
0.72638
0.92982
0.7377
0.5419
0.83664
0.80828
0.7535
0.77879
0.56536
0.91357
0.92847
0.78589
0.63482
0.98098
0.94587
0.93358
0.7623
0.70958
0.84801
0.7865
0.86387
0.93807
0.83681
0.68226
0.96933
0.85326
0.62412
0.97037
0.5707
0.98812
0.73304
0.6624
0.68777
0.73394
0.83895
0.97247
0.76269
0.92925
0.54617
0.73002
0.81981
0.78916
0.66593
0.79267
0.66001
1.0514
0.90109
0.73682
0.88211
0.75601
0.68828
0.95763
0.72829
0.9198
0.87668
0.95335
0.83312
0.94799
1.1016
1.0045
0.79641
0.82854
0.72836
0.71844
0.68948
0.91448
0.75516
0.8305
0.90823
1.094
0.52777
0.89672
0.83964
0.61873
1.0912
0.87991
0.79651
0.66031
1.0795
0.83279
0.86994
0.72483
0.91585
0.84592
0.76397
0.66482
0.91435
0.60721
0.87415
0.82268
0.70092
0.81528
0.80257
0.97361
1.03
0.78851
0.76692
0.77408
0.76567
0.75989
0.85858
0.84676
0.98051
0.69976
0.641
0.88978
1.0003
0.98949
0.63963
0.82662
0.85001
0.93011
0.5782
0.95737
0.44148
0.80624
0.87979
0.72847
0.26757
0.88492
0.84336
0.83304
0.94002
0.48417
0.66191
0.98333
0.57402
0.85832
0.66162
0.67123
0.92744
0.63996
0.67665
0.62514
0.65265
0.84461
0.78277
0.75241
0.75639
0.74264
0.8759
0.7762
1.0044
0.97794
0.67101
0.87342
0.98297
1.0008
0.93077
0.81979
0.55981
0.63429
1.0312
0.86658
0.65665
0.655
0.6756
0.80698
0.99708
0.82983
0.88813
0.8335
0.73948
0.6505
0.84211
0.70166
0.77617
0.73348
0.79049
1.0523
0.89138
0.83525
0.84669
1.0214
0.67614
0.63301
0.91822
0.66792
0.74197
0.88331
0.94312
0.92571
0.93683
0.58984
0.86531
0.96181
0.88276
0.84865
0.72275
0.74161
0.82935
0.83113
0.78408
0.79654
0.62718
0.73044
0.75127
0.54491
0.83425
0.88226
0.88983
0.8438
0.64398
0.7726
0.44221
0.85085
0.86413
0.82406
0.75583
0.92375
0.85787
0.74431
0.39444
0.69022
0.41119
0.85144
0.77123
0.85785
0.81496
0.97663
0.88374
0.79824
0.67203
0.92456
0.86224
0.93243
0.43689
0.9902
0.41697
0.73164
0.71588
0.7326
0.87152
0.68365
0.67807
0.9188
0.80825
0.78237
0.86622
0.76547
0.78635
0.7156
1.008
0.67823
0.95055
0.88425
0.9095
0.90983
0.90699
0.7938
1.0541
0.83514
0.54326
0.56169
0.82044
0.86115
0.76006
0.87496
0.61157
0.93358
0.94246
1.0771
0.99092
0.85752
0.88692
0.74326
0.74704
1.0008
0.86362
0.73932
0.67627
0.99735
0.76964
0.88805
0.83193
0.72831
0.99765
0.9243
1.0956
0.98801
0.96181
0.50642
0.99403
0.75239
0.94636
0.78453
0.86933
0.81854
0.78094
0.76494
0.75441
0.81923
0.74984
0.79617
0.82521
0.85943
0.57819
0.90599
1.0614
0.78901
0.98401
0.71026
0.99661
0.67551
0.8791
0.84233
0.62364
0.93417
0.78164
0.93623
0.84869
0.8718
0.67474
0.74239
0.79044
0.64637
0.85354
0.92736
1.0475
0.91324
0.97266
0.79481
0.67445
0.85483
0.95538
0.75084
0.6102
0.76187
0.69499
0.85517
0.95521
0.77974
0.75165
0.78955
0.89643
0.85211
0.86271
0.85974
0.94815
0.73815
0.95597
0.83977
0.4109
0.73337
0.68379
0.95686
0.85544
0.6484
0.69788
0.74196
0.83222
0.81892
0.96224
0.84105
0.8506
0.67894
0.74178
0.78479
0.60431
0.61844
0.75321
0.69125
0.96689
0.72059
0.7071
0.81836
0.88672
0.75092
0.70208
0.96332
0.75538
0.78665
0.72674
0.73552
0.62448
0.68529
0.72913
0.84097
0.90637
0.96436
0.59716
0.72397
0.67427
0.98166
0.5105
0.53694
0.84583
0.80908
0.95599
0.85022
0.75791
0.76816
0.75784
0.68324
0.91782
0.59188
0.98436
0.82484
0.53273
0.79775
0.98797
0.86502
0.77752
0.49131
0.88728
0.74036
0.74023
0.68243
0.89286
0.71731
0.96475
0.83747
1.0209
0.58993
0.77353
0.85686
0.98127
0.84538
0.94313
0.6621
0.75496
0.69496
0.84069
0.80934
0.72119
1.0241
0.99316
0.6206
0.89002
0.90367
0.75027
0.70195
0.8764
0.83393
1.068
0.71817
0.78222
0.97633
0.84571
0.7584
0.69473
0.72379
0.80599
0.74597
0.75031
0.91366
0.85876
0.71338
0.98763
1.0019
0.81875
0.61123
0.61195
0.62653
0.76105
0.91827
0.55467
0.84764
0.39609
0.82265
0.95054
0.60995
0.9136
0.8515
0.75801
0.77924
0.93781
0.7122
0.86228
0.67564
0.6749
0.52205
0.68948
0.87115
0.76868
0.72969
0.79791
0.68502
0.82049
1.056
0.98223
0.63021
0.6116
0.79101
0.86267
0.90753
1.1266
0.67602
0.93209
0.82425
0.60551
0.89073
1.0239
0.76773
0.51052
0.92891
0.81984
0.7778
0.85785
0.83283
0.75935
0.83617
0.73302
0.75672
0.88034
0.88302
0.51561
0.94303
0.79237
1.0149
0.87232
0.78091
0.822
0.80588
0.93908
0.67484
0.72105
0.78359
0.80204
0.58913
0.93332
0.89356
0.88287
0.8977
0.58375
0.76336
0.90493
0.85792
0.76567
0.80503
0.77475
0.88093
0.70932
0.41634
0.70633
0.91917
0.92252
0.76101
0.86421
0.88851
0.84369
0.90449
0.77773
0.68132
0.92904
0.88123
0.75695
0.91402
0.98964
0.81754
0.74301
0.77279
0.87274
0.89262
0.80745
0.86372
0.75498
0.72607
0.73643
0.68098
0.85458
0.7322
0.66236
0.66921
0.78903
0.90902
0.93069
0.70774
0.89318
0.92757
0.74919
0.64391
0.98384
0.71151
0.95078
0.71973
0.56565
0.74814
0.79134
0.76194
0.95814
0.92901
0.98927
0.83262
0.99723
0.67317
0.73479
1.0145
0.45243
0.72867
0.98703
0.57137
0.74194
0.85528
1.0144
0.93385
0.75612
0.85302
0.86192
0.96687
0.89874
0.89993
0.90098
0.95886
0.60219
0.99122
0.97983
0.90496
0.86739
0.88061
0.68106
1.0112
0.45632
0.75808
0.7694
0.70199
0.94515
0.90809
0.54873
0.79756
1.0645
0.76737
0.95227
0.88186
0.51238
0.60657
0.82428
0.87627
1.0173
0.5968
0.89008
1.1608
0.96773
0.58481
0.66022
0.9972
0.77371
0.90858
0.93846
0.88069
0.67378
0.82041
1.0113
0.85037
0.58413
0.6996
0.76016
0.71357
0.56378
0.92161
0.84442
0.97438
0.72927
0.72663
0.78799
0.6304
0.87229
0.78549
0.57965
0.90333
0.97581
0.58108
0.81769
0.77851
0.90589
0.77623
0.46491
0.42948
0.88788
0.83317
0.97897
0.85174
1.0281
0.95327
0.95241
0.87558
0.88531
0.9245
0.6611
0.91413
0.93866
0.42338
0.65083
0.68704
0.95774
0.77961
0.8187
0.76302
0.80887
0.93167
0.73257
0.69316
0.66546
0.87135
0.50379
0.80975
0.71259
0.81135
0.77867
0.85703
0.82636
0.7399
0.84151
0.86823
0.9312
0.8387
0.62004
0.65235
0.8339
0.92737
1.0214
0.74956
1.0196
1.1094
0.8582
0.87776
0.78993
0.70194
0.7688
0.75943
0.82346
0.85446
0.55739
0.89344
0.80519
0.72214
0.93663
0.77398
0.94463
0.43633
0.74279
0.84271
0.84248
0.94097
0.62942
0.73345
0.83414
0.64211
0.83054
0.80482
0.98481
0.75384
0.72976
0.48631
0.91534
0.9952
0.79911
0.81241
0.83556
0.81236
0.82425
0.79988
0.74816
0.81663
0.67909
0.69838
0.66113
1.1021
0.93705
0.61365
0.91774
0.80575
0.70587
0.89188
0.81806
0.82832
0.81035
0.68035
0.85072
0.90204
1.0684
0.78219
0.75034
0.69491
0.8998
0.56705
0.7906
0.63793
0.98161
0.75152
0.69395
1.0688
0.55276
0.52399
0.72296
0.97224
0.9867
1.0314
0.88234
0.79284
0.95624
0.82536
0.75557
1.0263
1.0033
0.6438
0.94601
0.69998
0.94336
0.94847
0.82102
0.78322
0.69162
0.98287
0.73394
0.55473
0.93237
0.62964
0.59133
0.89004
0.54663
0.676
0.57693
0.88699
0.91752
0.81179
0.64911
0.61055
0.80967
0.74092
0.69042
0.65809
0.93135
0.9324
0.64101
0.74523
0.75703
0.65353
0.90419
0.91478
0.96973
0.91588
0.7105
0.91321
0.8434
0.51474
0.71668
0.67535
0.94149
0.78208
0.76816
0.71606
0.95258
0.69343
0.65456
0.52198
0.59769
0.75903
0.81606
0.55335
0.91441
0.96986
0.89283
0.45436
1.0028
1.0097
0.7671
0.78759
0.96893
0.92849
0.69802
0.60778
0.97591
1.0161
0.88077
0.85047
0.93126
0.98661
0.71607
0.98585
0.65318
0.79819
1.0142
0.60816
0.67351
0.82278
0.88403
0.94661
0.76318
0.78841
0.83979
0.60347
0.66333
0.73548
0.62347
1.0153
0.85933
0.80468
0.99095
0.59645
0.86168
0.88038
0.75481
0.98158
0.55288
1.0193
0.74701
1.0123
0.79442
0.74996
0.67211
0.70303
0.97321
0.84201
0.42868
0.67697
0.89075
0.98487
0.83425
0.94643
0.78978
0.89411
0.91482
0.91316
0.89704
1.0298
0.89145
0.9945
0.75567
0.79792
0.86572
0.62923
0.81376
0.73175
0.84992
0.87062
0.80626
0.92011
1.0196
0.75216
0.92205
0.82191
0.7196
0.92362
0.72049
0.87945
0.76938
0.64586
0.93159
1.0087
1.0475
0.59075
0.72785
0.64653
0.83999
0.91089
0.93204
0.86234
0.71536
0.74025
0.89324
0.58478
0.79012
0.86948
0.85187
0.73088
0.9989
0.81725
0.93004
0.72356
0.9083
0.80646
0.93582
0.92347
0.89345
0.80597
0.79742
0.9426
0.89519
0.683
0.84035
0.49148
0.68255
0.77573
0.78694
0.85792
0.81376
0.89745
0.8784
0.66371
0.72303
0.91902
0.66842
0.76594
0.79796
0.57729
0.98981
0.9719
0.90483
0.90046
0.87973
0.94341
0.89833
0.85835
0.70016
0.93288
0.74954
0.82452
0.81961
0.88888
0.82983
0.98001
0.94342
0.99633
0.98911
0.94747
0.82781
0.78547
0.69404
0.63764
0.94239
0.98311
0.73829
0.70664
0.9056
0.92088
0.90568
0.86285
0.77051
0.942
0.83075
0.57135
1.0028
0.90281
0.76591
0.89514
0.96294
0.87074
0.96547
0.63491
0.87022
0.9064
0.40792
0.92958
0.68085
0.97419
0.98715
0.79921
0.842
0.76655
0.9337
0.89104
0.7448
0.84062
0.9388
0.99765
0.49264
0.67904
0.76847
0.55222
0.61925
0.78487
0.96881
0.78868
0.60759
0.61066
0.76922
0.54063
0.94716
0.61098
0.76227
0.81131
0.64155
0.97531
0.71404
0.72542
0.91909
0.8257
0.88373
0.61178
0.83658
0.91304
0.90711
0.77731
0.74039
0.96158
0.84896
0.86739
0.57107
0.56954
0.85381
0.84825
0.76619
0.84917
0.65099
0.87751
0.73153
0.74963
0.89064
0.97485
0.59331
0.96702
0.69709
0.86698
0.71984
0.85653
0.78138
0.83812
0.95961
0.817
0.75405
0.85366
0.89025
0.89239
0.81109
0.5103
0.84073
0.42417
0.85558
0.80183
0.59434
0.82328
0.88747
0.79443
0.93421
0.54358
0.70179
1.0575
0.7244
0.57993
0.92995
0.86177
0.7351
1.0118
0.80725
0.78312
1.0149
0.93797
0.64692
0.8231
0.8806
0.80577
0.60456
0.80434
0.70569
0.72466
0.76871
1.0418
0.9521
0.66818
0.50624
0.89225
0.89023
1.0875
0.94777
1.0252
0.90792
1.0413
0.81913
0.94454
0.59726
0.82616
0.84878
1.0029
0.78132
0.62375
0.72548
0.75959
0.72565
0.8775
0.98216
0.87593
0.86653
0.90016
0.59494
0.61215
0.82875
0.67353
0.81374
0.65093
1.0248
0.5023
0.76639
0.77464
0.72934
0.76047
0.85801
0.92548
0.92044
0.89261
0.97495
0.87389
0.71995
0.77644
0.80594
0.76898
0.80653
0.84901
0.72586
0.80898
0.68882
0.96046
0.76318
0.96472
0.92206
0.9023
0.87012
0.46511
0.80782
0.76445
0.98952
0.9141
0.99833
0.65811
0.98089
0.84978
0.77237
0.66296
0.75148
0.8054
0.7708
0.82734
0.76435
0.52293
0.84453
0.76613
0.94935
0.84407
0.89936
0.82107
0.94232
0.8468
0.37694
0.73787
0.83674
0.91947
0.96821
0.84798
0.88117
0.5502
0.71861
0.52828
0.73175
0.84908
0.78259
1.0351
1.0076
0.67768
0.62859
1.0611
0.83438
0.87461
0.72977
0.68753
0.83537
0.97058
0.88911
0.53771
1.0662
0.89143
0.96283
0.75526
0.96523
0.98502
0.72105
0.77151
0.8898
0.8989
0.76943
0.80699
0.64515
0.73782
0.78648
0.99698
0.75143
0.92361
0.71183
1.0753
0.81236
0.83484
0.93993
0.85576
1.0164
0.77008
0.61475
0.73917
0.72661
0.82895
0.55425
1.1137
0.7574
0.81746
0.94252
0.91008
0.949
0.63949
0.8565
1.0248
0.92505
0.88423
0.81347
0.7141
0.95241
0.76777
0.66534
0.64887
0.76227
0.84383
1.0111
0.86782
0.86948
0.88423
0.80681
0.68362
0.76141
0.91427
1.1167
1.0473
0.79403
0.81016
0.51719
0.48143
0.91543
0.63371
0.90832
0.91062
0.80911
0.64656
0.93748
0.68175
0.56757
0.82088
0.68022
0.99374
0.74524
0.96346
1.0278
0.86254
0.98727
0.70867
0.70639
0.44741
0.69285
0.8039
0.85695
0.82674
0.97374
0.87565
0.88086
0.89402
0.76859
1.1246
0.88454
0.84169
0.69798
0.91374
0.95109
0.8954
0.75778
0.70293
1.0265
0.59077
0.83527
0.74489
0.8552
0.79242
0.89117
0.537
0.78438
1.0482
0.99557
0.9668
0.98873
0.99066
0.9951
0.86046
0.69255
0.78584
0.80269
0.73228
0.71591
0.79231
0.82392
0.79166
0.93414
0.96847
0.87871
0.65296
0.73275
0.79981
0.83774
0.74296
0.98541
0.63219
0.98236
0.83123
1.0107
0.72293
0.93073
0.85495
0.82872
0.95782
0.72999
0.88685
0.60959
0.90359
0.71288
0.6379
0.4184
0.86952
1.0281
0.6477
0.71024
0.54809
0.66949
0.68148
0.81965
0.76527
0.77164
1.0307
0.6018
0.48326
1.0297
0.88785
0.88785
0.7135
0.93255
0.89711
0.82608
0.72542
0.52743
0.46122
0.79007
0.98731
0.52806
0.86444
0.85853
0.86766
0.96135
0.87241
0.86409
0.79105
0.64919
0.72307
0.70782
1.0248
0.67834
0.74244
1.0127
0.60713
0.71503
0.93631
0.84731
0.82766
0.88354
0.29001
1.1059
0.92526
0.72283
0.85309
0.61475
0.85799
0.45132
0.7627
0.88008
0.90373
0.97429
0.9129
0.87227
0.72859
0.62781
0.84019
0.74079
0.75655
0.69496
0.96222
0.65683
0.71465
0.56526
0.65682
0.85225
0.74873
0.8358
0.84091
0.94814
0.93393
0.68344
0.81715
0.523
0.71965
0.82515
0.7438
0.84488
0.83068
0.70895
0.5478
0.76294
0.76346
0.64675
0.9564
0.69474
0.65109
0.78714
0.66436
0.81359
0.70861
0.7341
0.97306
0.96246
0.99869
0.9527
1.1
0.80823
0.87462
0.5589
0.92581
0.63772
0.61274
0.87659
0.74407
0.88684
1.0291
0.89962
0.65997
0.71661
0.76877
0.85651
0.55638
0.55294
0.76146
0.64475
0.91464
0.68689
0.68311
0.9391
0.89624
0.65958
1.1058
0.53207
0.79061
0.98943
0.80788
0.82789
0.91659
0.83001
0.97239
0.77354
1.0575
0.76581
0.88787
0.83033
0.99764
0.58718
0.85839
0.88276
0.82343
0.79114
0.75193
0.7866
0.84638
0.84486
0.78182
1.0722
0.60374
0.53135
0.80782
0.9636
0.81769
0.74846
0.50314
0.82119
0.85261
0.85796
0.73552
0.90618
0.8938
0.83137
0.7882
0.63784
0.72867
0.7133
0.80256
0.97628
0.95138
0.70144
0.89579
0.80103
0.59616
0.51377
0.64179
0.84946
0.81191
0.7254
0.77795
0.984
0.8189
1.0368
1.0194
0.76708
0.81566
0.74523
0.57665
0.89747
1.0342
0.82119
0.65753
0.99975
0.86603
0.73169
0.87616
0.64556
0.62589
0.64465
0.91709
0.69009
1.0167
0.7683
0.78745
0.70629
0.83708
0.94861
0.99989
0.7194
0.97321
0.85905
0.51217
0.72441
0.67769
1.0181
0.99531
0.77741
0.62431
0.78928
0.65956
0.72354
0.69683
0.77443
0.95186
0.8764
0.8851
0.90682
0.78486
0.42538
0.41635
0.89277
0.68752
0.87788
0.78754
0.7374
0.9648
0.78751
0.5505
0.76247
0.79539
0.96183
0.91578
0.82825
0.63082
0.8383
0.9
0.65147
0.91246
0.60969
0.41739
0.8125
0.60211
1.004
0.68609
0.92506
0.95588
0.71559
0.88998
0.63998
0.90324
0.68705
0.73911
0.35149
0.92023
0.95832
0.91157
0.953
0.98601
0.81568
0.7517
0.95624
0.71831
0.84058
0.81752
0.87763
0.84185
0.57757
0.61621
0.77707
0.77478
0.77417
0.87335
1.0002
0.68461
0.90943
0.85067
0.79466
0.90815
0.99259
0.81193
0.74401
0.96346
0.62853
0.91111
0.87973
0.5781
0.36832
0.89577
0.88439
0.62518
0.88281
0.79214
0.78275
0.7276
0.85636
0.60103
0.69817
0.78555
0.65707
0.68147
0.76951
0.59455
0.88966
0.68691
0.82042
0.80399
0.77694
0.793
0.90237
0.67295
0.42263
0.69968
0.78825
0.64975
0.86229
0.49672
0.95509
0.85978
0.82078
0.68113
0.52154
0.70603
0.58512
0.62524
0.96088
0.74718
0.71146
0.66658
0.7648
0.83916
0.74083
0.76114
0.74027
0.95476
0.47577
0.58463
0.78091
0.5276
0.81455
0.90432
0.78997
0.85954
0.6541
0.51087
0.57365
0.85758
0.92923
0.90246
0.80049
0.55628
0.53593
0.75134
0.68429
0.73978
0.80423
0.87866
0.39859
0.77477
0.80841
0.78436
0.76761
0.89824
0.63899
0.88214
0.79267
0.74448
1.0422
0.86662
0.7221
0.70606
0.76152
0.88159
0.73568
0.71996
0.71294
0.89747
1.0104
0.69565
0.67191
0.83954
0.92777
0.56656
0.99628
0.96944
0.7178
0.70447
0.65559
0.81558
0.77655
1.098
0.8425
0.81669
0.52277
1.0136
0.61099
0.88927
0.89116
0.61976
1.0103
0.97493
0.76661
0.76067
0.77115
0.89378
0.7881
0.87881
1.0009
0.95955
0.78013
0.80607
0.50224
0.69653
0.8934
0.79539
0.96341
0.75156
0.90018
0.92501
1.0667
0.93412
0.67631
0.86971
0.80535
0.90835
0.81009
0.95615
0.62791
0.90903
0.97968
0.92755
0.75054
0.88982
0.73436
0.79937
0.72287
0.87641
0.90461
0.60263
0.7871
0.86402
0.73247
0.99327
0.7163
0.82664
0.86488
0.75027
0.86503
0.81451
0.81283
0.70163
1.0061
0.70333
0.97694
0.79677
0.77753
0.72948
0.78613
0.77733
0.67509
0.80383
0.86131
0.68122
1.0574
0.91734
0.86676
0.94257
0.93874
0.80403
0.73669
0.79379
0.72542
0.76343
0.7433
0.97423
0.52057
0.95438
0.90503
0.77936
0.79842
0.88297
0.70849
0.94153
1.0227
0.99635
0.90658
0.73
0.8635
0.80198
0.86528
0.83813
0.6554
0.62796
0.86428
0.99188
0.73073
0.9522
0.80387
0.86393
0.78912
0.55256
0.57442
0.77269
0.93508
0.60902
0.80855
0.73099
0.83528
0.6973
0.88954
0.61946
0.72112
0.73707
0.71626
0.75235
0.81407
0.59783
0.69254
0.67113
0.85774
0.73482
0.83834
0.74627
0.77731
0.79205
0.95549
0.77501
0.6409
0.92637
0.90788
0.70222
0.91885
0.70759
0.79353
0.76353
0.94946
0.91985
0.78096
0.74557
0.46648
0.69192
0.8236
1.0284
0.7841
0.8437
0.76044
0.77989
0.86584
0.75085
0.91217
0.69193
0.74582
0.89045
0.67313
0.78847
0.80771
0.79659
0.83956
0.98574
0.87717
0.90063
0.5163
0.82111
0.8441
1.0026
1.073
0.85369
0.83802
0.56497
0.67339
0.95688
0.76153
0.70423
0.81192
0.9533
0.59581
0.52631
0.81207
0.45136
0.79761
0.73936
0.85961
0.73266
0.71883
0.81482
0.80484
0.86484
0.54316
0.8433
0.73042
0.73987
0.55826
0.63346
0.48899
0.69363
1.1285
0.84237
0.63343
0.93271
0.66274
0.6815
0.65744
0.86093
0.87559
0.86441
0.84812
0.88842
0.72729
0.87496
0.95187
0.96759
0.78307
0.91748
0.86467
0.79606
0.87863
0.91514
0.69314
0.69012
0.68967
0.96867
0.72359
0.85661
0.64391
0.86797
0.76353
1.0094
0.85191
0.79652
0.79935
0.80835
0.6754
0.55733
0.93695
0.65916
0.91464
0.69636
0.90741
0.93127
0.61078
0.8128
0.7055
0.68674
0.95586
0.7457
0.74045
0.81796
0.69254
0.96845
0.96696
0.82222
0.86552
0.70304
0.81108
0.88358
0.90998
0.86572
0.782
0.66717
0.93714
0.66724
0.73683
0.67059
0.86268
0.79638
1.0746
0.9649
0.67715
0.86282
0.75641
0.55253
0.84779
0.88679
0.83816
0.59359
0.88531
0.72393
0.70182
0.75429
0.56618
0.87783
0.52035
0.79565
0.9134
0.74782
0.90309
0.89792
0.85749
0.84103
0.77146
0.8637
0.98269
0.7149
0.80902
0.85306
0.78823
0.80854
0.41363
0.80159
0.54346
0.77123
0.49807
1.0186
0.85084
0.70388
0.78904
0.61402
0.64513
0.85913
0.73745
0.99975
1.0276
0.8463
0.80099
0.66801
0.95269
0.56055
0.81172
0.75671
0.80334
0.72791
0.86103
0.82339
0.83259
0.79249
0.99204
0.79514
0.89169
0.903
0.66182
0.97205
0.54735
0.99254
0.96659
0.9278
0.78828
0.85912
0.98718
0.8826
0.79957
0.9556
0.84725
0.71516
0.36724
0.92201
0.87466
0.81056
0.97044
0.89203
0.70561
0.80044
0.71935
0.59581
0.98665
0.67968
0.61694
0.91106
0.98504
0.75944
0.3474
0.93143
0.66163
0.58755
0.80986
0.86208
0.6964
0.91718
0.72104
0.82833
0.79447
0.88517
0.69658
0.83615
0.92114
0.67334
0.90595
0.94167
0.8176
1.0104
0.78754
0.97717
0.85488
0.81573
1.1708
1.0493
0.88129
0.82369
0.91742
0.86513
0.75286
0.82486
0.74127
0.73367
0.90783
0.80231
0.6545
0.62932
1.0192
0.87253
0.73429
0.79064
0.46952
0.81253
0.72651
0.74899
0.86295
1.0127
1.0717
0.97471
0.98252
0.7915
0.93863
0.70035
0.98122
0.83435
0.53923
0.8222
0.83138
0.75865
0.68156
0.63615
0.5192
0.87204
0.7674
0.73808
0.66482
0.84796
0.78915
0.50186
0.92984
0.98748
0.92125
0.78263
0.6618
0.73162
0.6183
0.87666
0.88005
0.85002
1.0022
0.69456
0.78724
0.80911
0.84567
0.8997
0.80693
0.71967
0.82937
0.91927
0.60878
0.85324
0.75686
0.82785
0.88202
1.0116
0.9275
0.90505
0.81642
0.6179
0.78649
0.64602
0.96632
0.57927
0.9639
0.66362
0.91324
0.65366
0.69818
0.54688
1.0003
0.61247
0.33766
0.56696
0.87868
0.8299
0.83841
0.71004
0.82793
0.96229
0.87864
0.62401
0.92968
0.77418
0.84386
0.72063
0.88577
0.96708
0.63217
0.9432
0.95405
0.85264
0.64655
0.81883
0.88567
0.81618
0.70999
0.84653
0.71909
0.726
0.66204
0.87638
0.76779
0.68271
0.91646
0.81141
0.86441
0.81374
0.8506
0.70114
0.77516
0.84165
0.94258
0.99612
0.80928
0.80198
0.5939
0.73764
0.64593
0.73767
0.94909
0.75964
0.54387
0.90623
0.9419
0.94853
0.8534
0.58117
1.0087
0.96602
0.61584
0.6081
0.85573
0.95287
0.59467
0.89795
1.0364
0.61422
0.88421
0.74746
0.94354
0.83144
0.8914
0.85121
0.78445
1.017
0.93726
0.80758
0.82481
0.66876
0.83942
0.77265
0.75066
0.82295
0.93088
0.83938
0.94626
0.67702
0.96567
0.6046
0.55937
0.70601
0.6652
0.97651
0.7687
0.84147
0.88611
0.67684
0.74659
0.66643
0.86408
0.92786
0.78031
0.86648
0.90925
0.90421
0.81444
0.88797
0.96627
0.73704
0.86917
0.95499
0.98684
0.63812
0.45308
0.93697
0.64923
0.81448
1.0283
0.93366
0.81814
0.54915
0.85824
0.75209
0.85852
0.96814
0.96003
0.81396
0.62372
0.70383
0.91139
0.7407
0.7534
0.59563
0.79242
0.84221
0.78066
0.80763
0.62488
0.91435
0.68362
0.61747
0.69401
0.68828
0.85262
0.87049
0.87551
0.71158
0.54325
0.85807
0.71479
0.54385
0.8085
0.92427
0.69194
0.68744
0.85936
0.77383
0.64888
0.98465
0.8807
0.71199
0.83315
0.43108
0.8339
0.76442
0.73872
1.0294
0.84095
0.85588
0.63064
0.69525
0.77657
0.72665
0.84938
0.79709
0.82893
0.98932
0.86195
0.8516
0.69837
0.88558
0.90984
0.91081
0.98307
0.78369
0.66725
0.75936
0.70401
0.70804
0.82747
0.80743
0.80123
0.95737
0.59448
0.96552
0.85372
0.8885
0.82334
0.92415
0.76721
0.93738
0.75809
0.8999
0.81148
0.60071
0.65035
0.61677
0.91563
0.82066
0.91076
0.85077
0.85458
0.78396
0.78135
1.0013
0.80556
0.92517
0.81532
0.97579
0.8476
0.78655
0.48093
0.97662
0.74141
0.8391
0.8246
0.73382
0.80407
0.69673
0.55109
0.78413
0.72886
0.84323
0.82462
0.88792
0.70664
0.82837
0.73582
0.88299
0.73076
0.74118
0.86276
0.94052
0.78596
0.69639
0.72301
0.89746
0.82732
0.97256
0.60184
0.85505
0.84954
0.9387
0.84897
1.0484
0.66985
0.80852
0.70878
0.83394
0.98414
0.74705
0.73706
0.77207
0.77949
0.77839
0.48397
0.96649
0.87673
0.60167
0.85278
0.79724
0.60608
0.77975
0.6982
0.92645
0.72675
0.63424
0.85501
0.73088
0.90166
0.76198
0.91021
0.75221
0.84982
0.74583
0.66294
0.83412
0.61751
0.74972
0.72503
0.90552
0.7752
1.009
0.84228
0.65922
0.80322
0.9067
0.94276
0.85647
0.58324
0.86412
0.83036
0.94831
0.66994
0.62936
0.76827
0.76725
0.96747
0.77105
0.75541
0.74284
0.64629
0.8698
0.65647
0.9903
0.80603
0.97332
0.78402
0.97749
0.79759
0.92158
0.9186
0.69631
0.94781
0.93339
0.78056
0.7444
0.76039
0.39732
0.82608
1.0715
1.0002
0.9048
0.9076
0.91037
0.83703
0.96167
0.76119
0.76194
0.84008
0.60876
0.51451
0.91711
0.7331
0.78829
0.76759
0.67027
0.69445
0.93638
0.81743
0.76172
1.1999
0.85065
0.87375
0.72712
0.88532
0.79291
0.85887
0.79174
0.85128
0.82957
0.98278
0.86504
0.81431
0.88786
0.81514
0.90678
0.99044
0.82963
0.98692
0.8707
0.83656
0.96562
0.44767
0.96562
0.93864
0.93266
0.63377
0.9839
0.69762
0.79748
0.93501
0.97541
0.79994
0.9483
0.8444
0.86888
0.94352
0.58114
0.74449
0.9162
0.4475
0.76827
0.89304
0.93754
0.94753
0.90941
0.76825
0.95903
0.82082
0.65502
0.83584
0.792
1.039
1.0297
0.53228
0.6124
0.66931
0.73235
0.69391
0.66864
0.67253
0.99861
0.67289
0.91124
0.86419
0.83648
0.85571
0.79202
0.74015
0.69217
0.86351
0.75014
0.87615
0.66604
0.75761
0.81013
0.74621
0.5844
0.88783
0.83745
0.70108
0.8185
0.80425
0.59903
0.6285
0.60496
1.0103
0.72101
0.83764
0.92223
0.85994
0.87693
0.92185
0.91251
0.90273
0.86739
1.0406
0.81599
0.97846
0.52195
0.90692
0.59041
0.90275
0.54534
0.99288
0.7154
0.88971
0.80683
0.95948
1.052
0.55097
0.99752
0.84554
0.73839
0.78219
0.51703
0.87975
0.69598
0.79413
0.90299
0.92031
0.8604
0.80392
0.7145
0.8947
0.77598
0.76133
0.98623
0.91699
0.48273
0.87628
0.77848
0.57828
0.65035
0.76762
0.61701
0.96163
0.8903
0.44421
0.49697
0.86748
0.90575
0.80755
0.50398
0.69754
0.93208
0.83149
0.82819
0.64095
1.0416
0.86706
0.71635
0.81361
0.75184
0.84959
0.83959
0.71257
0.81951
0.49232
0.86166
0.82334
0.74038
0.74252
0.74104
0.65479
0.7737
0.96959
1.1371
0.60227
0.84437
0.85488
0.69424
0.87771
0.71034
0.89864
0.88925
0.51916
0.73165
0.88003
0.88342
0.7838
0.81244
0.78569
0.94034
0.69988
0.8147
0.91812
0.86753
0.77115
0.86595
0.74301
0.66681
0.81428
0.80223
0.57969
0.87608
0.99288
0.76262
0.74022
0.89132
0.60995
0.73224
0.95385
0.75506
0.86948
0.72453
0.65481
1.0941
0.75862
0.85024
0.96595
0.76497
0.83094
0.81829
0.96329
0.64005
0.72348
0.95542
0.78301
0.78772
0.68467
0.76968
0.84005
0.85717
0.66957
0.98018
0.93439
0.48782
0.80355
0.62598
0.88197
0.92559
0.87054
0.57273
0.81103
0.55009
0.93382
0.90203
0.92607
0.88989
0.63477
0.76695
0.76533
0.78137
0.84819
0.89004
0.61902
0.82956
0.81391
0.94063
1.0486
0.77993
0.30202
0.96667
0.83017
0.68448
0.90589
0.7968
0.73457
0.89487
0.55971
0.76081
0.85122
0.80536
0.68321
0.58246
0.6942
0.67457
0.61895
0.88663
1.0689
0.65655
0.75023
0.83688
0.99229
0.86449
0.84801
0.90066
0.40677
0.75812
0.87226
0.56822
0.88269
0.80849
0.58722
0.74686
0.82106
0.64239
0.95599
0.7791
0.80393
0.89741
0.91128
1.0443
0.89522
0.54262
0.80627
0.55513
0.7335
1.0027
0.80113
0.53477
0.66932
0.69368
0.88937
0.64848
0.88362
1.0267
0.73486
0.94943
0.67222
0.74672
0.77979
0.73243
0.63192
0.69941
0.98825
0.73112
0.83214
0.64688
0.92423
1.0231
0.88402
0.8535
0.90924
0.9826
0.84501
0.61655
0.94002
0.89686
0.81906
0.97394
0.95653
0.88703
0.81808
0.78724
0.92238
0.69247
0.90822
1.0648
0.80861
0.96151
1.0715
0.90057
0.80621
0.83144
0.83762
1.0664
0.65325
0.7628
0.95134
0.76971
0.88203
0.56262
0.77288
0.97537
0.69345
0.91726
0.80062
0.54955
0.73776
0.70632
0.92801
0.67496
0.52882
0.88458
0.76819
0.75278
0.7002
0.71933
0.4841
0.85739
0.63621
0.73946
0.77105
0.77593
0.99079
0.95098
0.40593
0.72554
1.0016
0.9042
0.80354
0.84605
0.71174
0.94317
0.72175
0.68589
1.0353
1.0236
0.82253
0.85115
0.66642
0.62719
1.0533
0.50015
0.83531
0.88693
0.6885
0.88462
0.66807
0.91133
1.0059
0.86468
0.56265
0.41101
0.70871
1.0527
0.68517
1.0681
0.74157
0.90049
1.0177
0.69636
0.89592
0.70937
1.055
0.89038
0.98975
0.81657
0.642
0.778
0.77407
0.83674
0.81102
0.8501
0.73379
0.65952
1.0354
0.57559
0.8021
0.66085
0.91893
0.70546
0.769
0.86557
1.0432
0.79477
0.92921
0.95177
1.0651
0.87389
0.79719
0.8482
0.75072
1.0764
0.72064
0.55852
0.82365
0.71207
0.84489
0.79335
0.72028
0.68157
0.78425
0.70596
0.90201
0.94574
0.76013
0.95619
0.96235
0.72198
0.84267
0.78362
0.83734
1.0151
0.81483
0.934
0.89034
0.93815
0.58168
1.0413
0.76811
0.93593
0.97746
0.69575
1.0453
0.74775
1.0093
0.5192
0.81734
1.0309
0.84132
1.0325
0.56986
0.90973
0.80585
0.57704
0.81536
0.93313
0.83231
0.76731
0.92609
0.88311
0.91443
0.62359
0.95224
0.9675
0.81362
0.86729
0.71752
0.71661
0.78765
0.66749
0.82235
0.81946
0.86073
0.71621
0.67435
0.80767
0.91057
0.50869
0.80308
0.74008
0.95857
0.72778
0.85236
0.57852
0.85963
0.59223
1.0223
0.76585
0.79641
0.74475
0.82975
0.96659
0.59454
0.90128
0.65598
0.90792
0.88486
0.84319
0.88258
0.66672
0.9539
0.65243
0.49534
0.7512
0.5555
0.67508
1.0208
0.64615
0.93561
0.85316
0.92405
0.80435
0.6348
0.91863
0.69861
0.88942
0.81923
0.95257
0.77952
0.75271
1.1009
0.68575
0.96059
0.87462
0.77148
1.0303
0.97086
0.64993
0.82655
0.71631
0.97161
0.68505
0.71871
0.66002
0.79711
0.81114
0.76661
0.55232
0.82204
0.86365
0.99098
0.67723
0.79721
0.85194
0.79862
0.85998
0.89518
0.5802
0.9724
0.86578
0.76068
0.65749
0.6468
0.96193
0.85396
0.58378
0.83364
0.96846
0.75857
0.71026
0.75163
0.77986
0.5015
0.96938
0.87629
0.84619
1.0269
0.67244
0.99158
0.86877
0.83775
0.84957
0.75334
0.73211
0.83193
0.68309
0.95156
0.98444
0.95133
0.7754
0.58819
0.99135
0.93697
0.97808
0.97762
0.86808
0.8635
0.58336
0.40339
0.87018
0.75802
0.73395
0.64766
0.68721
0.6971
0.41894
0.66904
0.62419
0.67607
0.99619
0.84997
0.79737
0.89118
0.89356
0.90895
0.70046
0.99893
0.86733
0.70353
0.77846
0.89863
0.85332
0.61948
1.0515
0.67623
0.56021
0.84853
0.91283
1.0363
0.98306
1.0252
0.61858
0.89653
0.55836
0.65233
0.83339
0.78728
0.95415
0.8916
0.61433
0.83098
0.80923
0.90673
1.0429
0.6634
0.78965
0.91341
0.51309
0.86636
0.97065
0.81241
1.0267
0.51004
1.0341
0.9696
0.76711
0.57136
0.84461
0.83941
1.0304
0.94955
0.83238
0.74125
0.9311
0.67048
0.9762
0.8789
0.68287
0.80984
0.85238
0.93915
0.7708
1.0081
0.9826
0.74961
0.90687
0.68297
0.75276
0.74774
0.72138
0.75494
0.75861
0.67979
0.87797
0.92602
0.46184
0.87205
0.83539
0.96709
0.44587
0.69539
1.0041
0.46897
0.96797
0.80552
0.76001
0.76128
0.81881
0.70434
0.37768
0.73486
1.102
1.0582
1.0038
0.9256
0.78867
1.1621
0.5964
0.60934
0.87443
0.5274
0.671
0.67685
0.7569
0.7235
0.77145
0.81707
0.85503
0.46535
0.51654
0.9257
0.83314
0.73905
0.96608
0.77778
0.85114
0.85791
0.72006
0.88372
0.84364
0.84888
0.98114
0.38972
0.75188
0.71647
0.83032
1.0788
0.88671
0.73195
0.98509
0.73776
0.76592
0.68915
0.85534
0.8022
0.66833
0.91429
0.71273
0.70342
0.84313
0.9019
0.88244
0.6978
0.68343
0.65015
1.0019
0.77866
0.64821
0.96961
0.64777
0.75912
0.60678
0.60847
0.84951
0.83675
0.70755
0.81858
0.81284
0.80754
0.79577
0.6112
0.8789
0.59632
0.81422
0.70391
0.82122
0.71375
0.52053
0.94883
0.95032
0.66582
0.89591
0.82396
1.0437
0.87939
0.76859
0.97943
0.86172
0.91769
0.8205
0.97607
0.69236
0.81404
0.87443
0.81778
0.89506
0.74096
0.70814
0.76652
0.9615
0.98448
1.0377
0.9885
0.82443
0.7449
0.82919
0.74898
0.74901
0.8234
0.84607
0.70289
0.8813
0.71027
1.0445
0.73284
0.89331
0.99837
0.87693
0.85211
0.86397
0.89998
0.68472
0.79721
0.87434
1.0572
0.72307
0.74504
0.86514
0.96347
0.91759
0.96821
1.0499
0.75462
0.96168
0.70375
0.84705
0.69298
0.76573
0.9289
0.73775
0.85323
0.88503
0.87446
0.82593
0.75785
0.82714
0.68253
0.83971
0.95489
0.67626
0.65714
0.66428
0.95745
0.68798
0.93735
0.95012
0.83153
0.9887
0.79339
0.97066
0.72839
0.75844
0.63148
0.86548
0.65644
0.64782
0.79459
0.84358
0.86553
0.741
0.42462
0.66674
0.96679
0.67754
1.0102
0.78891
0.62642
0.94176
0.7886
0.85657
0.77983
0.66232
0.7875
0.69404
0.80036
0.82199
0.86802
0.73252
0.93097
0.92326
0.7963
0.55704
0.6283
0.85196
0.83767
1.178
0.99206
0.81031
0.85175
0.73614
0.84077
0.82611
0.89496
0.57636
0.8564
0.89362
0.86546
0.81484
1.0872
0.90388
0.6621
1.0224
0.40486
0.85104
0.87514
0.82065
0.83942
0.71965
1.0227
0.66074
0.98209
0.71475
0.66857
0.82937
0.86102
0.80905
0.83986
0.90824
0.53187
0.59265
0.90982
0.95307
0.96956
0.66036
0.56176
1.0802
0.95531
0.64943
0.89361
0.91281
0.75569
0.64886
0.79011
0.79148
0.79968
0.6867
0.94678
0.68132
0.8354
0.79662
0.74746
0.73708
0.84622
0.75612
0.89942
0.72701
1.1249
0.81434
0.84302
0.78387
0.57177
0.89741
0.89887
1.0883
0.64059
0.89289
0.39567
0.7276
0.90335
0.78986
0.72057
0.91143
0.69901
0.71148
0.84073
0.75605
0.56133
0.9044
0.83917
0.9185
0.61726
0.86406
0.78729
0.72846
0.74379
1.059
0.6785
0.63512
0.56746
0.90264
0.72765
0.83815
0.93298
0.93991
0.87978
1.0407
0.6477
0.84608
0.82482
0.76191
0.81259
0.7727
0.87243
0.68137
0.83191
1.0477
0.88206
0.81467
0.98879
0.874
0.78349
0.77477
0.81675
0.80106
0.81325
0.76877
0.46639
0.76316
0.79686
0.96115
0.8052
0.6688
0.8841
0.88972
0.77008
0.75041
0.79444
0.43703
0.79617
0.52579
0.82583
0.74174
0.53686
0.7035
0.93003
0.87127
0.8738
0.92751
0.71583
0.59623
0.68944
1.0104
0.85595
0.90865
0.94925
0.86595
0.72399
0.61337
0.80271
0.74606
0.93736
0.65862
0.86398
0.96468
0.88329
0.88512
0.88439
0.61194
0.69421
0.78675
0.77227
0.96358
1.0854
0.71585
0.72518
0.78505
0.90883
0.77427
0.76845
0.5314
0.7935
0.31322
0.95435
0.28893
0.73256
0.76571
0.91215
0.95122
0.90371
0.79047
0.93903
0.53533
0.85361
0.5891
0.77951
0.88599
0.67717
0.89175
0.81238
0.73686
0.85426
0.69413
0.78848
0.67332
0.95601
0.98766
0.42859
0.85578
0.90983
0.85317
0.76109
0.80803
0.95757
0.88876
0.84748
1.0306
0.94214
0.93918
0.90749
0.95629
0.7513
0.71497
0.6574
0.90266
0.83683
1.0439
0.78572
0.95395
0.68296
0.90719
0.66435
0.90671
0.81633
0.87303
0.44442
0.68818
0.78623
0.83292
0.75657
0.89598
0.96161
0.78571
0.92057
0.78942
0.89778
0.91804
0.78435
0.80088
0.77681
0.73571
0.71893
0.6464
0.75075
0.93336
0.9535
0.69639
0.60479
0.81544
0.72644
0.99941
0.77917
0.94925
0.76742
0.7916
0.91767
0.81131
0.81748
0.79996
0.83072
0.68745
1.0863
1.0234
0.94769
0.83282
0.64126
0.96653
0.97879
0.77431
0.63901
0.46521
0.79458
0.91476
0.92639
0.75808
0.56067
0.96372
0.67792
0.3987
0.90125
0.73623
0.90905
0.84346
0.69328
0.8833
0.79425
0.58941
0.83837
0.89066
0.91771
0.63363
0.72044
0.61397
0.7524
0.79773
0.79233
0.56523
0.82861
0.75956
0.90701
1.0673
0.86173
0.81029
0.70225
0.83477
0.71349
0.83787
0.54396
0.84237
0.99657
0.93173
0.72474
0.80304
0.71214
0.89623
0.90202
0.86294
0.60462
0.7861
0.8578
0.86861
0.91033
0.73082
0.68286
0.86083
0.95249
0.62099
0.95284
0.76486
0.66009
0.80183
0.88152
0.71816
0.75909
0.88253
0.92517
0.89752
0.84514
0.67653
0.85344
0.86009
0.70042
0.83394
0.95041
0.94781
0.75388
0.89199
0.79441
0.89234
0.42503
0.95647
0.76209
0.68145
0.79075
0.71214
0.63719
0.75021
0.86522
0.87288
0.78517
0.97336
0.56905
0.50455
0.94079
0.7856
0.696
0.9241
0.50424
0.73407
0.81176
0.99428
0.83839
0.88573
0.80834
0.69046
0.58567
0.85834
0.82785
0.68181
0.75364
1.0197
0.78342
0.89886
0.96448
0.68122
0.73364
0.88879
0.83511
0.7309
0.54714
0.801
0.90968
0.97347
0.91652
0.82325
0.92861
0.79931
0.54768
0.79614
0.43989
0.94842
0.6694
0.90456
0.87747
0.80644
0.77808
0.76622
0.84874
0.79867
0.92664
0.88574
0.56336
0.9284
0.82945
0.91792
0.53326
0.87232
0.933
0.93716
0.85543
0.77188
0.88343
0.74842
0.93286
0.81766
0.88468
0.79964
0.99196
0.79481
1.0603
1.0436
0.92516
0.87517
0.8022
0.75557
0.71855
0.78776
0.96072
0.82905
0.67821
0.69906
0.90154
0.82939
0.89688
0.79898
0.63279
0.93533
0.95435
0.75727
0.93796
0.93619
1.0423
0.76791
0.82912
0.68151
0.73302
1.0011
0.73788
0.58119
0.86181
0.5974
1.0584
0.65026
0.72575
0.76367
0.7376
0.89624
0.96261
1.0065
0.92517
0.77458
0.73969
0.9274
0.80445
0.83149
0.63047
0.81356
0.81381
0.82714
0.66697
0.87204
0.8702
0.77884
0.36118
0.56608
0.97273
0.59215
0.72896
0.83986
0.77083
0.89688
0.83891
0.87795
0.76937
0.84904
0.67938
0.91375
0.87004
0.62597
0.4444
1.0119
0.57405
0.86992
0.93297
0.62772
0.73827
0.98421
0.73183
0.84255
0.82466
0.7044
0.90306
0.79995
0.32122
0.55203
0.96308
0.99765
0.96263
0.92211
0.73946
0.82167
0.74113
0.99269
0.86133
0.81457
0.67196
0.89861
0.56748
0.84627
0.74799
0.91105
0.61151
0.90321
0.9515
0.8753
0.95695
0.88012
0.91928
0.7734
0.9161
0.69307
0.91823
0.83305
0.85514
0.29284
0.66829
0.92705
0.78146
0.84705
0.70499
0.77899
0.69943
0.76001
0.88747
0.60066
0.68002
0.89284
0.84582
0.70152
0.73624
0.70627
0.99557
0.94551
0.85493
0.99184
0.83592
0.95781
0.88179
0.74189
0.83412
0.94759
0.76815
0.66212
0.8905
0.83664
0.84975
0.63952
0.63262
0.63441
0.79883
0.84108
0.94988
0.6342
0.7437
0.81184
0.76208
0.74995
0.61857
1.0144
0.95224
0.92773
0.88973
0.8985
0.90483
1.0073
0.75003
0.83737
0.92962
0.93162
0.71437
0.84206
0.9727
0.62696
0.88143
0.62288
0.71978
0.65504
0.98512
0.8749
0.78366
0.76407
1.03
0.79996
0.86383
0.84159
0.91435
0.97342
0.58724
0.90645
0.71039
0.8191
0.74752
0.81056
0.45059
0.84919
0.85426
0.89445
0.87503
0.98571
1.0858
0.97527
0.64285
0.76401
0.61648
0.73804
0.9677
0.72292
0.72065
0.84279
0.77669
0.60181
0.77907
0.75818
0.97573
0.9215
0.82392
0.71973
0.7666
0.85356
0.9325
0.79158
0.86124
0.95923
0.86099
0.92972
0.85988
0.736
0.87676
0.85588
0.72272
0.98554
0.84412
0.88511
0.86948
0.70855
0.92925
0.93314
0.91329
0.63011
0.92081
0.7972
0.90627
0.49162
1.05
0.92349
0.79975
1.0752
0.88288
0.93128
0.80015
0.78902
0.74392
0.8372
0.95503
0.86883
0.97413
0.73602
0.65773
0.86414
0.84631
0.91976
0.84975
0.76196
0.62778
0.75968
0.80492
0.8804
0.9534
0.89551
0.81714
0.8936
0.93051
0.80862
0.89274
0.79333
0.64804
0.84
0.91563
0.76687
0.84128
0.92898
0.79539
1.0304
0.76338
0.91125
0.76612
0.67464
0.87927
0.39372
0.68992
0.58622
0.77246
0.83642
0.72031
0.91609
0.53562
1.0047
0.82842
0.98145
0.82319
0.71947
0.87508
0.93814
0.98872
0.40494
0.72353
0.82145
0.98856
0.82683
0.58245
0.7811
1.018
0.90281
0.53879
0.85527
0.75221
0.63768
0.92359
0.94945
0.86653
0.78343
0.95249
0.79909
0.74979
0.50702
0.78249
0.93523
0.9635
0.65498
0.92671
0.84452
0.95009
0.72256
0.57361
0.59962
0.87637
0.71217
0.79051
0.90704
0.75604
0.85607
0.8611
0.94724
0.94258
0.61013
0.72374
0.60074
0.87639
0.83104
0.94121
0.92428
0.95071
0.79005
0.87949
0.70477
0.93268
0.91113
0.65513
0.92129
0.87936
0.78417
0.82047
0.83434
0.77166
1.0233
0.76189
0.79252
0.81059
0.95106
0.95366
0.86884
0.86827
0.97543
0.80188
0.49371
0.74522
0.6564
0.8891
0.91302
0.8864
0.8835
0.69088
0.7923
0.8285
0.81278
0.7931
0.69035
0.78605
0.88814
1.0491
0.81212
0.87942
1.0433
0.78153
0.86778
0.91995
0.9864
0.89244
0.95522
0.88569
0.77856
0.80863
0.89177
0.77093
0.88664
0.87537
0.92099
0.74477
0.54058
0.68
0.912
0.9634
0.8232
0.86935
0.82899
0.90283
1.024
0.81532
0.78338
0.65126
0.92811
0.93091
0.928
0.80427
0.62868
0.66144
0.49357
0.94319
0.71343
0.84395
0.74067
0.59834
0.86363
0.79546
1.012
0.87524
0.71023
0.76425
0.89261
0.55285
0.70433
0.97681
0.84005
0.80793
0.92246
0.84568
0.6395
0.96486
0.84687
0.95688
0.56995
1.0666
0.8722
0.81421
0.82347
0.7144
0.64131
0.80755
0.55303
0.85968
0.63088
0.67452
0.60036
0.83552
0.96555
0.87987
0.87602
0.81977
0.83147
0.49359
0.78229
0.73019
0.72499
0.89338
0.34155
0.56943
0.81616
0.76021
0.72633
1.0056
0.83342
0.80259
0.5659
0.80728
0.79247
0.88026
0.71656
0.76696
0.55187
0.79459
0.56842
0.70806
0.5633
0.81842
0.78822
0.67045
0.82473
0.7634
0.84617
0.54248
0.75104
1.0245
0.65006
0.85992
0.64291
1.0537
0.64026
0.99438
0.65193
0.97238
0.79758
0.72687
0.54005
0.89783
0.91334
0.8781
0.8145
0.7228
0.79772
0.67185
0.77179
0.56031
0.79395
0.5405
0.77109
0.77902
0.69632
0.79693
0.98797
0.70391
0.84226
0.89517
0.70082
0.79889
0.64094
0.84686
0.68822
0.72594
0.89559
0.90756
1.1203
0.73464
0.85176
0.80137
0.67962
0.92905
0.85786
0.81942
0.725
0.60694
0.84008
0.88221
0.94556
0.71604
0.86941
0.88264
0.6442
0.71869
0.86539
0.81468
0.63671
0.93214
0.64732
0.92924
0.62166
0.88296
0.69806
1.0286
0.89638
0.88781
0.73573
0.8367
0.41232
0.68662
0.64255
0.44519
0.80353
1.0519
1.0158
0.60963
0.92447
0.75979
0.93743
0.98721
0.79737
0.56209
0.78869
0.76821
0.84033
1.0664
0.55948
0.49054
0.76711
0.68484
0.66643
0.90869
0.93978
0.75032
0.92551
0.95059
0.7066
1.1161
0.7926
0.63671
0.83666
1.127
0.70146
0.96497
0.85874
0.83979
0.93656
0.58894
0.81827
0.96821
0.8888
0.73658
0.55735
0.82231
0.95286
0.59831
0.93821
0.62094
0.71539
0.84428
0.89086
0.7574
0.78364
0.80188
0.94355
0.89983
0.80944
0.5428
0.75688
0.7967
0.87361
0.77796
0.78427
0.93112
0.48828
0.81894
0.7952
0.91361
0.78866
0.77666
0.93712
0.5995
0.50653
0.73846
0.67138
0.73107
0.95247
0.75924
0.71675
0.82163
0.65212
0.66297
0.64717
0.71958
0.85213
0.9356
0.92566
0.43525
0.78298
0.5893
0.95765
0.76992
0.57813
0.90469
0.68378
0.54334
0.9261
0.93797
0.66803
0.6077
0.65661
0.54203
0.82455
0.73688
0.77942
0.74348
0.69597
0.88331
0.82743
0.64459
0.69354
0.73478
0.67947
0.65545
0.58632
0.72867
0.82244
0.66683
0.90483
0.79025
0.75325
1.0268
0.73498
0.78528
0.63125
0.87162
0.96775
0.80648
0.93214
0.69901
0.92099
0.88838
0.86896
0.97381
1.0697
0.93132
0.7514
0.68944
0.78183
0.87461
1.0278
0.47595
0.58305
0.98294
0.72769
0.88318
0.68109
0.64082
0.72364
0.73023
0.96681
0.84104
1.1263
0.85197
0.7569
0.71853
0.70414
0.60672
1.0175
0.79466
0.86994
0.84652
0.74741
0.90321
1.0575
0.63028
0.8785
0.79942
0.63411
0.88308
0.82654
0.8164
0.75761
0.90635
0.82566
0.6628
0.8835
0.87492
0.6926
0.95578
0.6897
0.75599
0.64321
0.77365
0.83907
0.86504
0.88192
0.8749
0.95391
0.57348
0.68385
0.89015
0.75332
0.67839
0.89586
0.791
0.66873
0.96731
0.84325
0.5735
0.4409
0.78368
0.65069
0.57365
0.51964
0.72837
0.8607
1.0364
0.91838
0.92505
0.53214
0.81213
1.0454
0.46725
0.66938
0.85299
0.93603
0.72119
0.83302
0.76254
0.58307
0.79197
0.99474
0.81427
0.75977
0.70868
0.64854
0.68949
0.95833
0.60604
0.80789
0.87036
0.68381
0.89076
0.60583
0.843
0.77332
0.719
0.69322
0.71081
0.75566
0.91166
0.78864
0.56106
0.73353
0.66841
0.89154
0.58815
0.95398
0.90995
0.79456
0.8687
0.84367
0.99082
0.88524
0.6784
0.6641
0.82971
0.95568
0.52015
0.86399
0.95282
0.89117
1.0231
0.96119
0.81117
0.83281
0.94089
0.88784
0.70343
0.85717
0.77211
0.75492
0.86147
0.94618
0.86881
1.0042
0.87578
1.0271
0.59376
0.84731
0.63172
0.56556
1.0612
0.77015
0.68222
0.74373
0.68444
0.76654
0.76541
0.9279
0.83351
0.98927
0.69672
0.78316
0.86775
0.93949
0.89891
0.85426
0.78981
0.80979
0.71155
0.86026
0.79199
0.96774
0.90856
0.92272
0.78658
0.84155
0.82097
0.9128
0.67951
0.69982
0.8339
0.69133
0.73433
0.83749
0.57194
0.87764
0.54694
0.66459
0.96552
0.84542
0.84435
0.88029
0.89472
0.77797
0.93053
0.86793
1.1131
0.84264
0.60647
0.68461
0.83858
0.87263
0.77905
0.68578
0.87005
0.76356
0.70129
0.71651
0.91402
0.67462
0.92059
0.84428
0.90681
0.92398
0.84003
0.55342
0.89646
0.74254
0.92741
0.85001
0.58263
0.71018
0.87179
0.83838
0.91058
0.84362
0.88633
0.70816
0.94053
0.71164
0.85356
0.65427
0.88436
1.0079
0.97843
0.92942
0.71979
0.93379
0.64112
0.66432
0.61835
0.93857
0.70466
1.027
0.76023
0.86805
0.82381
1.0833
0.84952
0.54588
0.85062
0.90986
0.74263
0.97114
0.71868
0.86801
0.67542
0.87393
0.65303
0.88132
0.92163
0.89924
0.5907
0.93818
0.7662
0.87908
1.0338
0.85377
0.76109
0.77428
0.59382
0.87556
0.86002
0.70119
0.80341
0.92157
0.89098
0.70029
0.61817
0.78448
0.94284
0.66064
0.93329
0.53663
0.92081
0.92481
0.63064
0.95281
0.64661
0.52874
0.86062
0.89003
0.88811
0.80489
0.8866
0.56741
1.0055
0.92272
0.82017
0.95604
0.81486
0.78
0.91711
0.83965
0.75589
0.83764
0.78052
0.57208
0.8763
0.65841
0.822
0.79869
0.90239
0.8029
0.67429
0.63669
0.45665
0.82763
0.63825
0.86197
0.91491
0.69686
0.56337
0.73823
0.79197
1.0016
0.84841
0.62438
0.69077
0.58498
1.0363
0.78211
0.83113
0.74659
0.80666
0.45884
0.87197
0.83977
0.9302
0.80581
0.58015
0.56244
0.87115
0.5965
0.73452
0.98808
0.85945
0.80676
0.80446
0.70776
1.1321
0.77235
0.85644
0.90892
0.85077
0.90537
0.80935
0.77192
0.76363
0.99009
0.74229
0.85435
0.72454
0.89747
0.94839
0.88909
0.78129
0.85922
0.86986
1.0233
0.80426
0.59526
0.44037
0.81919
0.81088
0.89722
0.97164
0.85032
0.82299
0.7643
0.50143
0.62157
0.90379
1.0145
0.92337
0.99056
0.67863
0.72883
0.67844
1.0199
0.90111
0.86368
0.77855
0.79883
0.8509
0.89646
0.8709
0.7715
0.85907
0.63857
0.69309
0.61636
0.72046
0.94735
0.73907
0.70053
0.8354
0.70062
0.92744
0.66883
1.0119
0.55648
0.86209
0.72678
0.92654
0.92784
0.73914
1.0084
0.65911
0.71455
0.94746
0.82979
0.925
0.71109
0.69046
0.74741
1.0308
1.0226
0.79136
0.55609
0.74162
0.84642
0.67299
0.87243
0.89015
0.84755
0.68512
0.6397
0.77646
0.62207
0.68785
0.93334
0.74561
0.95727
0.83431
0.67873
0.96166
0.98225
0.59478
0.93954
0.81508
0.85964
0.88046
0.75908
0.65159
0.95911
0.72598
0.72238
0.52853
0.9279
0.84691
0.71836
0.69624
0.70803
0.96419
0.87551
0.77124
0.89084
0.84469
0.79804
0.67752
0.78409
0.84786
0.81586
1.0001
0.97251
0.43685
0.43243
0.89027
0.75715
0.7999
0.82753
0.84371
0.73248
0.63679
0.71551
0.89395
0.99697
0.75388
0.89233
0.73941
0.82415
0.83872
0.80367
0.91645
0.75462
0.86022
0.74624
0.95142
0.61426
0.99516
0.84774
0.7368
0.75419
0.49066
0.87788
0.962
1.0176
0.70543
0.86853
0.94935
0.70506
0.82376
0.98612
0.91634
0.8841
0.78501
0.61683
0.78842
0.879
0.62084
0.8413
0.79109
0.97361
0.8534
0.90754
0.90149
0.80652
0.63296
0.61123
0.90984
0.83146
0.90668
1.0056
0.92237
0.8272
0.70603
0.95935
0.84575
0.7789
0.58527
0.75419
0.78272
0.9056
0.72142
0.96758
0.79823
0.94987
1.0127
0.81621
0.91216
0.72024
0.64899
0.67274
0.85981
0.60591
0.8581
0.8305
0.86702
0.68908
0.82633
0.96744
0.90805
0.86116
0.81702
0.71581
0.90775
0.74798
0.78084
0.69688
0.87924
0.84432
0.73809
0.83308
0.82228
0.57121
0.68978
0.94506
0.84303
1.0302
0.83908
0.8999
0.82944
0.44901
0.50869
0.47808
0.90075
0.81018
0.76874
0.78193
0.84351
0.55697
0.80839
0.8042
0.72005
0.8692
0.77872
0.37608
0.92948
0.78447
0.99174
0.81848
1.0226
0.94101
0.99399
0.87224
0.61649
0.69534
0.81809
0.97022
0.79848
0.70454
0.97724
0.687
0.84532
0.86562
1.03
0.63789
0.8219
0.79708
0.69353
0.94122
0.89396
0.783
0.50582
0.74509
0.77656
0.58622
1.0593
0.70935
0.81611
0.49671
0.56118
0.82094
0.76909
0.8011
0.89926
0.65663
0.87395
0.72393
0.76066
0.68276
0.62141
1.0086
0.80211
0.88578
0.93447
0.81956
0.83683
0.68881
0.86921
0.68884
0.60295
0.9075
0.56233
0.97839
0.80691
0.74943
0.68577
0.55422
0.77183
0.8465
0.69508
0.91162
0.85898
0.77725
0.86144
0.82756
0.76798
0.56901
0.78719
0.75895
0.62613
0.86707
0.76809
0.88549
0.64497
0.93233
0.74863
0.99896
0.629
0.69014
0.75669
1.0749
0.62245
0.73338
0.54626
0.76407
0.74
0.97172
0.79455
0.91377
0.64291
0.71393
0.91018
0.87594
0.82465
0.63455
0.9187
0.8098
0.79285
0.78467
0.71533
0.93185
0.86947
0.93064
0.7676
0.87279
0.45198
0.88622
0.85043
0.7413
0.75761
0.91725
0.72947
0.81948
0.85012
1.0277
0.85493
0.68298
0.76053
0.95176
0.72307
0.48016
0.81858
0.84455
0.94792
0.79383
0.93571
1.0099
0.66363
0.95276
0.83742
0.84351
0.64844
0.99036
0.43694
0.68687
0.77579
0.53457
0.6532
0.71209
0.6596
0.88135
0.62528
0.43698
0.79649
0.77561
0.833
0.66262
0.6691
0.79886
0.69847
0.70248
0.60275
0.95569
0.68029
0.89804
0.64628
0.97864
0.93475
0.80211
0.73174
0.82272
0.91218
0.86014
0.92981
0.89598
0.42259
0.85865
0.82029
0.92016
0.86868
0.74114
0.68173
1.022
0.70276
0.72051
0.48094
0.96658
1.0051
0.74855
0.86869
0.65768
0.83011
0.88201
0.80848
0.77155
0.8715
1.0228
0.74088
0.78284
0.71469
0.91377
0.75641
0.88536
0.68552
0.73018
0.65194
0.89108
0.78028
0.78005
0.65287
0.92487
0.74204
0.78103
0.81684
0.73048
0.70779
0.87212
0.92488
0.781
0.86196
0.77144
0.93164
0.61143
0.82912
0.69561
0.72726
0.61824
0.81733
0.61901
0.72581
0.51611
0.82989
0.85586
0.56637
0.64723
0.6939
0.75051
0.79803
0.91657
0.84542
0.89343
0.61958
0.59559
0.67909
0.96036
0.7722
0.9629
0.65571
0.95609
0.82959
1.1043
0.49058
0.77542
0.74268
0.61609
0.99679
1.0543
0.74658
0.88388
0.78747
0.7854
0.90975
0.96103
0.84857
0.93392
0.61807
0.80517
0.82181
0.6501
0.85316
0.85608
0.68634
0.88307
0.87113
0.87743
0.97744
0.894
0.38343
0.81497
0.8758
0.46669
0.93623
0.703
0.61434
0.70049
0.95364
0.62104
1.0319
0.85634
0.75044
0.59879
1.11
0.90135
0.9427
0.91675
0.76209
0.73153
0.94305
0.65004
0.86238
0.67192
0.71961
0.81459
0.87946
0.91611
0.5818
0.8793
0.83786
0.741
0.78097
0.59356
0.85088
0.89935
0.68934
0.64358
0.80119
0.71604
0.86816
0.58146
0.616
0.74884
0.6068
0.83093
0.69022
1.0437
0.7054
0.91837
0.63051
0.54424
0.884
0.97444
0.65383
0.66265
0.9181
0.95981
0.57584
0.67725
0.58374
0.76855
0.8676
0.82552
0.95699
0.71381
0.94154
0.69739
0.68261
0.74548
0.96025
0.92969
0.51906
0.6759
0.69269
0.99349
0.62168
0.90639
0.81806
0.77275
0.85062
0.74129
0.84543
0.81936
0.63356
0.83029
0.86542
0.96417
0.98819
0.75093
0.93369
0.36469
0.74486
0.89958
0.9066
0.98191
0.71987
0.78519
0.80352
0.86407
0.96377
0.8201
0.63295
0.97637
0.90117
0.75508
0.92563
0.49515
0.69861
0.81388
0.99041
0.58673
0.76593
0.76814
0.9083
0.79478
1.034
0.86973
0.67954
0.51612
0.84458
1.017
0.75881
0.91414
0.84325
0.813
0.55583
0.9467
0.84406
0.7816
0.92797
0.6313
0.9243
0.96286
0.68065
0.75305
0.89198
0.7116
0.45494
0.83148
0.67714
1.0229
0.93543
0.81087
0.87602
0.99863
0.96987
0.77541
0.70637
0.99777
1.0048
1.0942
0.92029
0.84465
0.85897
0.83491
0.61145
0.95605
0.75573
0.78203
0.82575
0.68597
0.86491
0.87154
0.83809
0.89197
0.76823
0.83479
0.7799
0.99734
0.78281
0.57133
0.95531
0.83854
0.95752
0.87451
0.96555
0.8297
0.68951
1.0258
0.96384
0.5184
0.97611
0.93573
0.57521
0.68099
0.95174
0.88189
0.80957
1.0375
0.82972
0.97577
0.77093
0.75537
0.97637
0.82982
0.80579
0.85305
0.94332
0.88964
1.0121
0.78764
0.7131
0.79235
0.9358
0.54065
0.83359
0.75348
0.55516
0.92432
0.85649
0.8549
0.89468
0.67986
0.78376
0.61306
0.71164
0.86419
0.88012
0.66152
0.93325
0.78983
0.75837
0.82978
0.70315
0.86884
0.73785
0.89342
0.79293
0.93165
0.70964
0.88129
1.0484
0.96594
0.89193
0.87316
0.88985
0.83815
0.83443
0.96604
0.96
0.84026
0.86311
0.92775
0.75393
0.81287
0.7232
0.63558
0.90166
0.63384
0.81781
0.99355
0.869
0.76595
0.76471
0.81198
0.81425
0.63436
0.99431
1.087
0.90008
1.0351
0.85739
1.002
0.90054
0.83021
0.68024
0.70766
0.73771
0.64485
0.79129
0.82751
0.69124
0.90024
0.70749
0.66131
0.87946
0.883
0.64683
1.0207
0.75974
0.86304
0.80647
0.70445
0.60093
0.64818
0.79613
0.41022
0.81467
0.96957
0.78137
0.74905
0.93458
0.8802
0.89654
0.595
0.89799
0.93336
0.77569
0.76478
0.94675
0.8778
0.90747
0.86059
0.81702
0.77783
1.0439
0.86833
0.88264
0.92411
0.79248
0.70329
0.71628
1.0902
0.75396
0.67039
0.57695
0.88887
0.64973
0.38177
1.0648
0.76634
0.98973
0.69874
0.85697
0.8776
0.6848
0.89241
0.95807
0.85532
0.7983
0.86901
0.97324
0.97841
0.80001
0.84566
0.65084
0.90072
0.78427
0.67641
0.84408
0.77458
0.81194
0.40447
0.76382
0.94699
0.77206
1.0108
0.83373
0.89158
0.71148
1.0131
0.88635
0.79433
0.76001
0.74191
0.98324
0.93352
0.94097
0.61472
0.70666
0.55406
0.69087
0.77577
0.71271
0.70953
0.67008
0.92491
0.73219
0.73898
0.71325
0.96819
0.87722
0.85329
0.6045
0.78815
0.78027
0.873
0.7723
0.75217
1.0453
0.77374
0.87187
0.93226
0.95846
0.5665
0.81648
0.7798
0.9463
1.0466
0.85728
0.88585
0.88782
0.84764
0.83669
0.78005
0.65349
0.69937
0.72374
0.7901
0.66717
0.73424
0.94988
0.87307
0.62873
0.68413
0.79988
0.77442
0.88445
0.91853
0.69694
0.51942
0.94768
0.8557
0.81778
0.88622
0.84548
0.49082
0.81794
0.87868
0.79205
1.0023
0.61751
0.86346
0.6129
0.87593
0.76254
0.72044
0.65197
0.88656
0.87629
0.92981
1.0066
0.90714
1.0243
1.0242
0.79305
0.86425
0.69862
0.93114
0.92943
0.80068
0.97543
0.88544
0.88483
0.93685
0.77607
0.7776
0.86141
1.0308
0.77762
0.77316
0.84198
0.79778
0.9432
0.71241
0.88077
0.57322
0.81663
0.75183
0.84039
0.85162
0.73981
0.88116
0.90228
0.66472
0.91619
0.74225
0.76862
1.0119
0.72764
0.9345
0.89822
0.92258
0.78082
0.95801
0.85075
0.75255
0.70852
0.88875
0.78142
0.91852
0.84432
0.90387
0.85819
0.79424
0.96307
0.79423
0.84027
0.68793
0.78728
0.70891
0.83834
0.85969
0.55256
0.69885
0.99209
0.78263
0.86564
0.76999
0.95956
0.85737
0.87886
0.99236
0.69747
0.73665
0.68253
0.87441
0.82564
0.492
0.95008
0.86709
0.66448
0.78769
0.76555
0.78276
0.65014
0.69972
0.68417
0.57829
0.82737
0.70247
0.67611
0.82406
0.63802
0.69409
0.98058
0.824
0.73518
0.77093
0.7235
0.95711
0.993
0.77522
0.90744
0.7279
0.82292
0.99476
0.6751
0.90981
0.76565
0.58913
0.86335
0.90784
0.70068
0.94053
0.49616
0.48262
0.91953
0.89114
0.76015
0.71743
0.83283
0.97913
0.64926
0.93706
0.73345
0.72163
0.7887
0.74161
0.81525
0.87028
0.77967
0.99819
1.0438
0.88997
0.86709
0.63881
0.942
0.78031
0.86062
0.7712
0.97543
0.74397
0.98998
0.77761
0.73889
1.0224
0.69777
0.78517
0.85505
0.84492
0.95802
0.8993
0.84527
0.57929
0.79601
0.5825
0.87229
0.85788
0.77649
0.91528
0.83219
0.82234
0.983
0.92572
1.0179
0.90133
0.72627
0.36572
0.70324
0.59682
0.81026
0.82038
0.83403
0.77247
0.96948
0.81834
0.74531
0.67415
1.0849
0.71724
0.53435
1.0178
0.7427
0.87688
0.6952
0.96254
0.67787
0.87145
1.0211
0.89549
0.7785
0.68486
0.89894
0.74272
0.74156
0.83244
0.606
0.68375
0.85847
0.5606
0.89481
0.83862
1.0232
0.58056
0.86448
0.93146
0.87198
0.87678
0.79378
0.98041
0.86355
0.86091
0.7897
0.83391
0.68712
0.77811
0.81635
0.70665
0.8892
0.67823
0.82522
0.66977
0.87958
0.85537
0.78844
0.86716
0.69216
0.79403
1.0379
0.54757
0.90855
0.63736
0.98412
0.69081
0.92665
0.83269
0.72661
0.89837
0.65965
0.69802
0.88319
0.93176
0.98966
0.95346
0.8161
0.86332
1.0065
0.73483
0.58234
0.84598
0.67981
0.80626
0.80854
0.82009
0.87504
0.76891
0.73602
0.90888
0.79899
0.49403
0.89414
0.64885
0.67653
1.0891
0.79484
1.0488
0.76586
1.0423
0.69762
0.78634
0.86795
0.74595
0.84082
0.86179
0.7957
0.91768
0.58737
0.87977
0.93742
0.67379
0.81327
0.85756
1.1042
0.94969
0.66916
0.61617
0.92649
0.92787
0.84426
0.71286
0.81724
0.89824
0.79941
0.98587
0.86284
0.91732
0.71499
0.80451
0.72997
0.88979
0.86948
0.80206
0.61878
0.97631
0.8438
0.8765
0.99477
0.82896
0.60217
0.7487
0.63625
0.71611
1.0321
0.99474
0.92712
0.6207
0.90829
0.5185
0.88395
0.88066
0.67019
0.81306
0.9089
0.6524
1.0133
0.90681
0.67469
1.0207
0.63323
0.70421
0.78474
0.73524
0.5916
0.831
0.77137
0.80607
0.69751
0.85174
0.83351
0.97858
0.90128
0.81483
0.54463
0.46402
0.83311
0.75437
0.76605
0.78568
0.83968
0.71376
0.57714
0.68439
0.78458
0.88988
0.75117
0.5988
0.73097
0.74702
0.75893
0.91517
1.0458
0.85503
1.0197
0.74441
0.79898
0.68542
0.5938
0.92707
0.99935
0.5714
0.74732
0.76128
0.93769
0.7461
0.70287
1.0299
0.80276
0.87569
0.84113
0.63668
0.86348
0.66701
0.95956
0.83863
1.0136
0.6749
1.0405
0.94436
0.55696
0.95284
0.96085
0.94915
0.96749
0.93565
0.63897
0.66259
0.84679
0.84182
0.61088
1.0026
0.91762
0.88472
0.76424
0.8922
0.88216
1.0005
0.60597
0.79284
0.45201
0.92592
0.82777
0.95816
0.57032
0.79132
0.66523
0.82084
0.63482
0.50995
0.66491
0.62107
0.84123
0.64953
1.0312
0.86568
0.65441
0.6502
0.67773
0.75052
0.80311
0.90545
0.75489
0.95172
0.60927
0.71772
0.59894
0.77355
0.9009
0.87473
0.67668
0.70401
0.77452
0.84742
0.9574
0.78756
0.88467
0.81933
0.72828
0.72951
0.73905
0.9045
0.96058
0.75744
0.69458
0.926
0.89667
0.6883
0.66162
0.67708
0.78634
0.69994
0.73687
0.769
0.7672
0.87202
0.98115
1.0168
0.74311
0.94301
0.94011
0.8396
0.90502
0.755
0.86885
0.63361
0.66322
0.70996
0.71932
0.81667
0.81598
0.79933
1.0012
1.0382
0.75844
0.93875
0.62348
1.002
0.90261
0.62432
0.62373
0.84006
0.80168
0.78953
0.64849
0.88819
0.86732
0.63598
0.91841
0.85027
0.5955
0.79736
0.90862
0.7792
0.59986
0.79408
0.97145
1.0715
0.80644
1.0138
0.71794
0.73682
0.84907
0.83216
0.81786
0.95197
0.80177
0.8922
0.16517
0.86227
1.1025
0.69731
0.90518
1.0004
0.66026
0.82046
0.5799
0.73658
0.83437
0.86689
0.64236
1.0213
0.90102
0.74152
0.87573
0.90666
0.85172
0.72017
0.78986
0.94886
0.9746
0.6914
0.82573
0.84073
0.82949
0.7052
0.69203
0.66538
0.71737
0.95584
0.99872
0.71059
0.76626
0.85221
0.58726
0.75602
0.76072
0.89845
0.81917
0.85361
0.8267
1.0217
0.79803
0.89465
0.97518
0.61888
0.76614
1.0483
0.88952
0.92659
0.86018
0.81336
0.67837
0.80861
0.75112
0.94584
0.63063
0.60227
0.70322
0.86316
0.76919
0.71673
1.1265
0.71811
0.93705
0.80377
0.93471
0.80484
0.54491
0.59584
0.55114
0.84129
0.86263
0.93228
0.93691
0.7241
0.98167
0.76429
0.8316
0.73818
0.73738
0.64001
0.96022
0.56336
0.85261
0.64328
0.66258
0.76966
0.7069
0.58594
0.74308
0.76462
0.90555
0.70021
0.87894
0.76623
0.55116
0.89074
0.68283
0.91346
0.89707
0.75524
0.7544
0.84937
0.78514
1.0013
0.77925
0.71385
0.57736
0.95338
0.9051
0.99932
1.0821
0.58594
0.96793
0.32604
0.62471
0.81226
0.67852
0.66682
0.80277
0.89203
0.75763
0.3654
0.81116
0.72516
0.76495
0.66718
0.73314
0.84667
0.85754
0.84173
1.0043
0.78588
0.85871
0.87322
0.77817
0.60948
0.73466
0.62624
0.73855
0.79148
0.56765
0.90489
0.81841
0.96422
0.63592
0.66642
0.52403
0.94174
0.94192
0.95187
0.9255
0.94321
0.88318
1.0175
0.65012
0.74945
0.60487
0.64566
0.78856
0.71982
0.66457
0.78782
0.75591
0.69071
0.90972
0.87739
0.77357
0.7494
0.77518
0.94654
0.79134
0.67677
1.0525
0.8425
0.7494
0.74482
0.56257
0.86186
0.95665
0.64409
0.66411
0.6499
0.84169
0.86562
0.95087
0.9544
0.8476
0.9376
0.86284
0.9453
1.0662
0.82867
0.75694
0.7126
0.80727
0.81494
0.85379
0.95634
0.93463
0.80752
0.74428
0.79143
0.76666
0.90851
0.64887
0.92252
0.76657
0.77743
0.81728
0.94121
0.70967
0.86074
0.75993
0.73984
0.80417
0.68624
0.76374
0.90011
0.77647
0.7257
1.0004
0.95907
0.6886
0.89353
0.85347
0.73158
1.0838
0.88078
0.77048
0.86141
0.50417
0.86725
0.61006
0.93513
0.9232
0.84952
0.50389
0.86528
0.89386
0.85788
0.92207
0.58362
0.81178
0.64297
0.95777
0.69908
0.63721
0.82558
0.75951
0.83535
0.64894
0.79718
0.87185
1.0225
0.78848
0.91695
0.79789
0.95981
0.9107
0.93196
1.0451
0.58774
0.73671
0.77267
0.87024
0.90119
0.73084
0.84282
0.71103
1.0126
0.69554
0.80812
0.892
0.55481
0.80161
0.91333
0.50121
0.68538
0.75293
0.99896
0.75866
0.59254
0.43671
0.87338
0.64791
0.83726
0.89494
0.84644
0.89371
0.89039
0.98893
0.93705
0.83295
0.86275
0.71275
0.56425
0.77642
0.89013
0.8139
0.81283
0.88123
0.57974
0.95644
0.96855
0.78468
0.83262
0.84819
0.91095
0.81508
1.0015
0.90003
0.769
1.094
0.85764
0.71696
0.78013
0.83987
0.68628
0.94959
0.80219
0.982
0.70565
0.77271
0.74722
0.52177
0.83193
0.83417
0.87197
0.53691
1.0501
0.51028
0.85432
0.96409
0.77132
0.76872
0.77068
0.9073
0.84695
0.8221
1.0561
0.75814
0.78377
0.92893
0.6063
0.61331
0.84081
0.64393
0.89344
0.89998
0.98068
0.79002
0.97015
0.74111
0.95113
0.83329
0.88755
1.0029
0.49362
0.84707
0.71379
0.52798
0.91164
0.76734
0.60404
1.0466
0.91974
1.0611
0.76823
0.58579
0.93671
0.97533
0.76553
0.90106
0.83119
1.074
0.71602
0.70106
0.92442
0.64043
1.0055
0.92392
0.91131
1.0202
0.70072
0.76849
0.88291
0.77613
0.57902
1.022
0.96437
0.94052
0.96051
0.77632
0.97807
0.67414
0.7103
0.8352
0.43968
0.88943
0.84704
0.72272
0.8935
0.66008
0.87024
0.73989
0.89012
0.96741
0.42687
0.78507
0.91703
0.804
0.93139
0.74114
0.6961
0.93983
0.84463
0.5178
0.59774
0.8581
0.65571
0.76241
0.81118
0.85749
0.83941
1.0265
0.78667
0.87058
0.58811
0.59716
0.84525
0.94345
0.98404
0.96754
0.65329
0.76817
0.79073
0.9765
0.93143
1.0227
0.68844
0.89952
0.86582
0.76061
0.39428
0.86585
0.8421
0.71734
0.60397
0.63667
0.83844
0.7611
0.6293
0.64655
0.65227
0.80271
0.95172
0.61866
0.94313
0.83502
0.77236
0.88222
0.89801
0.70991
1.0162
0.83024
0.5212
0.79395
0.79342
0.79676
0.87503
0.83786
0.83192
0.79764
0.6503
0.87895
1.0022
0.79236
0.90136
0.75037
0.85276
0.84512
0.70993
0.89298
0.81056
0.53311
0.98176
0.96069
0.47734
0.52092
0.60879
0.69491
0.69255
0.85154
0.86804
0.80724
0.74126
0.71066
0.95035
0.60446
0.87576
0.76612
0.74745
0.78359
1.0735
0.81425
0.57513
0.86427
0.5975
0.82462
0.42294
0.73842
0.83755
0.70688
0.7342
0.56814
0.88126
0.7915
0.79981
0.49847
0.91427
0.569
0.79642
0.67438
0.83449
0.98215
0.92975
0.867
0.79018
0.92711
0.78217
0.78513
0.80718
0.93092
0.86005
1.0672
1.0506
0.659
0.94085
0.80444
0.891
0.97712
0.94058
0.75537
0.93465
0.82386
0.76874
0.98518
0.8259
0.81736
0.65147
0.84062
0.78541
0.87023
0.81532
0.52856
0.60384
0.96996
0.87654
1.0133
0.88224
0.83228
0.9251
0.85117
0.64108
0.7166
0.71152
0.86161
0.51816
0.56832
1.0396
0.64925
0.66948
0.41629
0.89546
0.58226
0.72289
0.81821
0.83045
0.60867
0.74574
0.79588
0.65485
0.73645
0.8096
0.85153
0.87752
0.85867
0.88306
0.73858
0.79585
0.87328
0.76754
0.82082
0.70333
0.87391
0.72221
0.93121
0.60786
0.80962
0.89263
0.78335
0.76161
0.9092
0.83953
0.63582
0.96267
0.93688
0.76356
0.68522
0.82208
0.6327
0.89023
1.0159
0.95766
0.83764
0.91901
0.68267
0.79627
0.54265
0.89675
0.9643
0.89603
0.72457
0.71332
0.54714
0.89185
0.99086
0.81197
0.81008
0.7208
0.98424
0.86793
0.98125
0.89793
0.84031
0.82442
0.47034
0.57436
0.92112
0.62936
0.85706
0.89572
0.76659
0.91851
0.8649
0.77658
0.91408
1.0144
0.78451
0.92634
0.72985
0.71987
0.84133
0.69147
0.90553
0.84077
1.0394
0.63779
0.78322
0.81369
0.83956
1.0069
0.99696
0.75252
0.77577
0.94509
0.73014
0.78643
0.92894
0.8991
0.57716
0.74474
0.67097
0.89966
0.77461
0.80435
1.038
0.60421
0.99762
0.71487
0.86203
0.88903
0.57494
0.47342
0.78358
0.83961
0.71597
1.0571
0.82883
0.68997
0.92431
0.76615
0.71206
0.91039
0.63518
0.88992
0.73689
0.80766
0.98039
0.72573
0.68438
0.92751
0.8603
0.86851
0.77735
0.67966
0.70747
0.64381
1.0218
0.54307
0.86264
0.87011
0.54424
0.46125
0.89551
0.7692
0.96711
1.0206
0.95621
0.74982
0.84379
0.78125
0.95326
0.80273
0.94469
0.77024
0.77014
0.76069
0.50974
0.88058
0.88772
0.58691
1.0397
0.75819
0.44143
0.74196
1.0152
0.86822
0.88569
0.83751
0.70062
0.61001
0.74869
0.79302
0.83783
0.82403
0.78971
0.62919
0.92149
0.68172
0.80464
0.8804
0.89755
0.80729
0.8835
0.91706
0.88069
0.88611
0.53193
0.84623
0.61734
0.88962
0.84165
1.1057
0.73046
0.85513
0.70615
0.67845
0.80982
0.61348
0.66476
0.9873
0.86211
0.82298
0.69794
0.80116
0.71108
0.8568
0.9067
0.86751
0.66201
0.65312
0.75479
0.77628
0.56782
0.82228
0.76979
0.94038
0.67964
0.64901
0.74738
0.49259
0.89482
0.54202
0.73589
0.93079
0.60367
0.86698
0.99585
0.7671
0.65573
0.89426
0.7098
0.72804
0.91469
0.9102
0.8737
0.8983
0.46374
0.78708
0.5347
0.78874
0.83916
0.87747
0.77444
0.67587
0.87882
0.66855
0.73875
0.69864
0.64665
0.61492
0.59543
0.98416
0.7722
0.99202
0.61469
0.77997
0.75274
0.933
0.58167
0.70202
0.88976
1.0005
0.67709
0.95807
1.1287
0.70729
0.84583
0.89365
0.69931
1.0185
0.89932
0.8312
0.8562
0.71784
0.65622
0.77488
0.54702
0.93276
0.94872
0.89113
0.33319
1.0399
0.95501
0.60456
0.75912
0.78533
0.83054
0.88766
0.94875
0.72821
0.80826
0.91884
0.72309
0.89031
0.71151
0.68587
0.71011
0.92917
0.76107
0.73934
0.9975
0.57034
0.80931
0.87923
0.81019
0.90055
0.6464
0.904
0.81333
0.71015
0.69851
0.82762
1.0021
0.73989
0.91911
0.98046
0.91977
1.0701
0.83112
0.92039
0.81134
0.8284
0.993
0.886
0.70015
0.98629
0.99918
0.79522
0.87105
0.72737
1.0105
0.85234
0.84472
0.83648
0.93626
0.65003
0.8062
0.75932
0.54822
0.92769
0.73993
0.80858
0.97561
0.77636
0.93992
0.71235
0.88793
0.98819
1.0046
0.93119
1.0038
0.82972
0.85468
0.76677
0.74829
0.76313
0.77518
0.64458
0.93283
0.64812
0.88858
0.92707
0.72495
0.7835
0.59522
1.0343
0.92367
0.91918
0.87355
0.81968
0.88842
0.55676
1.021
0.85425
0.95279
0.83179
1.0209
0.66858
0.791
0.8146
0.72707
0.74007
0.86693
0.97272
0.80711
0.98624
0.65288
0.86416
0.89143
0.76852
0.75581
0.49756
0.78937
0.91266
0.79946
1.029
0.81745
0.85725
0.91463
0.85268
0.92974
0.99008
0.64401
0.73871
0.62216
0.6413
1.0259
0.62592
0.96139
0.80042
0.96287
0.5611
0.49016
0.97264
0.87135
0.76723
0.98564
0.84858
0.79467
0.81979
0.76189
0.83256
0.78233
0.72221
0.51914
0.79424
0.82935
0.8103
0.55416
0.7803
0.7139
0.53411
0.76496
0.91408
1.0234
0.7849
0.63251
0.62348
0.74969
1.0251
0.91531
0.82843
0.70396
0.30835
0.57214
0.63804
0.86956
0.89975
0.86846
0.70351
0.77252
0.88481
0.57251
0.8279
0.75764
0.84345
0.67426
0.96082
0.86586
0.78076
0.65745
0.89972
0.75346
0.76951
0.83097
1.0276
0.76595
0.65243
0.937
0.76997
0.92338
0.85289
1.0069
0.76954
0.99119
0.78291
1.0603
0.93562
0.84167
0.98744
0.88889
0.77746
0.8751
0.83583
0.81219
0.7911
0.77897
0.6854
0.82261
0.71181
0.70432
0.75991
0.84077
0.72193
0.72893
0.76335
0.86636
0.80091
0.64324
0.78866
0.97955
0.75899
0.65287
1.0428
0.75026
1.0076
0.77955
0.96348
0.99088
0.82801
0.75545
0.32542
0.78891
0.90469
0.71892
0.77068
0.64064
0.84971
0.85842
0.86235
0.84061
0.75358
0.63859
0.81818
0.85712
0.78851
0.89446
0.82088
0.88979
0.83246
0.72851
0.83797
0.66605
0.84859
0.95391
0.85918
0.49661
0.90448
0.96865
0.8851
0.69629
0.64899
0.82992
0.76886
1.0369
0.90416
0.78237
0.58336
0.84057
0.9112
0.78797
0.81394
0.91481
0.79069
0.8318
0.68477
0.95857
0.70158
0.76492
0.55012
0.83949
0.83507
0.77176
0.69318
0.5918
0.72415
0.85666
0.91544
0.95755
0.88895
0.77603
0.67846
0.85524
0.60895
0.81371
0.74822
0.69316
0.72662
0.41158
0.89616
0.64528
0.70613
0.98365
0.86624
1.0029
0.8864
0.6157
0.85766
0.81413
1.0908
0.6685
0.84275
0.95802
0.8598
0.7629
0.57416
0.50394
0.55479
0.75078
0.80864
0.73466
0.84521
0.74541
0.83557
0.80449
0.85477
0.87942
0.76842
0.88358
0.82016
0.71031
0.64914
0.7641
0.84654
0.90259
0.81511
0.85916
0.84464
0.76696
1.0028
0.72254
0.93282
0.65428
0.80915
0.81924
1.0163
0.73402
0.78185
0.73651
0.80028
0.48787
0.85533
0.97568
0.91503
0.95736
0.83832
0.79091
0.79025
1.0102
0.83689
0.90038
0.81978
0.68702
0.48683
0.71098
0.69833
0.75966
0.83449
1.0122
0.76634
0.83924
0.86753
0.95688
0.9445
0.69264
0.92609
0.98721
1.0092
0.89633
0.85989
0.58988
0.72649
0.85453
0.70574
0.81959
0.91965
0.57368
0.90537
0.64321
0.62113
0.94105
0.85881
0.75568
0.79095
0.50236
0.67659
0.80809
0.7976
0.71706
0.64399
0.90347
0.83547
0.58059
0.87586
0.68927
0.62378
0.87533
0.79795
0.91455
0.97677
0.932
0.75447
0.7245
0.75298
0.85836
0.70991
0.86626
1.001
0.68407
0.95265
0.59987
0.82178
0.51745
0.85555
0.79852
0.63937
0.82198
0.88568
0.82831
1.0789
0.69766
0.58926
0.68386
1.02
0.80611
0.95221
0.93802
0.80605
0.92987
0.69319
0.91787
0.86827
0.78636
0.89705
1.0296
0.93896
0.89604
0.59979
0.8105
0.72221
0.76006
0.61766
0.77962
0.7588
1.0129
0.71518
0.97475
0.72609
0.84365
0.92592
0.9809
0.7891
0.88438
0.82967
0.69317
0.84347
0.93775
0.91167
0.78864
0.81926
0.97595
0.93622
0.40832
0.85852
0.67703
0.6165
0.83191
0.79172
0.61107
0.85899
0.73388
0.74189
0.86905
0.8109
0.81962
0.58679
0.76188
0.90722
0.75896
0.72545
0.78344
0.95541
0.75699
0.6794
0.86965
0.68225
0.91514
0.726
0.85398
0.96095
0.79263
0.76238
1.0593
0.63088
0.80587
0.65768
0.81596
0.64681
0.99391
0.94567
0.7037
1.0956
0.69785
0.8616
0.77596
0.88413
0.79
0.67663
0.72865
0.62312
0.78892
0.86336
0.98803
0.8218
0.82754
0.62369
1.009
0.86333
0.85601
0.73123
0.61731
1.0332
0.98233
0.73713
0.70299
0.75936
1.0425
0.58305
0.91035
0.91505
0.80761
0.7832
0.73606
0.88153
0.85663
0.84509
0.66256
0.69189
0.79857
0.63713
0.83314
0.95508
0.67929
0.91348
0.4329
0.79088
0.84998
0.53122
0.8459
0.80376
0.61926
0.84652
0.75446
0.93585
0.97634
0.90229
0.76756
0.83089
0.75727
0.81188
0.67892
0.72125
0.67408
0.92607
0.90907
0.62001
0.92562
0.5794
0.77256
1.0831
0.59139
0.91737
0.88159
0.85515
0.76976
0.88659
0.96105
0.97187
0.90513
0.58823
0.71488
0.71925
0.84569
0.74428
0.68787
0.57992
0.83648
0.93079
0.68632
0.82982
0.67753
0.78936
0.82589
0.85502
1.0158
0.86058
1.0724
0.81124
0.76598
0.92303
0.87224
0.83509
0.60351
0.49584
0.80452
0.85844
1.0197
0.64813
0.82307
0.70212
0.51503
0.88064
0.65981
0.66469
0.54432
0.86417
1.131
0.77039
0.91371
0.77204
0.77912
0.97862
0.90553
1.0728
0.88023
0.9098
0.81062
0.57817
0.93256
0.96172
0.71031
0.81809
0.55711
0.96314
0.76129
0.69828
0.84961
0.9883
0.79266
0.92048
0.78256
0.71065
0.95301
0.73658
0.70011
0.83366
0.97477
0.839
1.0315
0.93676
0.68628
0.74631
0.76323
0.69162
0.46978
0.9332
0.69298
0.83826
0.70632
0.97703
0.82294
0.94134
0.73201
0.70087
1.014
0.72721
0.71468
0.95178
1.0164
0.91993
0.87423
0.92573
0.47461
0.73412
0.83276
0.60898
0.8153
0.66412
0.65127
0.94843
1.0014
0.96786
0.79678
0.90025
0.78009
1.0011
0.76414
0.71781
0.83279
0.58168
0.62393
0.67432
0.81647
0.90701
0.97087
0.7905
1.0871
0.60736
0.86839
0.90294
0.90003
0.97722
0.49746
1.0167
0.52225
0.69574
1.0289
0.82234
0.80712
0.75123
0.80274
0.85848
0.76051
1.0027
0.89355
0.53498
0.57061
0.7009
0.64509
0.81152
0.7417
0.92769
0.58909
0.91747
0.67852
0.80462
1.0457
0.78995
0.63905
0.77471
1.0227
0.8465
0.95376
0.88028
0.73612
0.70009
0.93018
0.74242
0.86193
0.84879
0.80659
0.78719
0.85541
0.83545
0.74871
0.63963
0.582
0.80389
0.51447
0.74852
0.87178
0.83189
0.60743
0.74895
0.5222
0.82242
0.85131
0.77579
0.6903
0.90655
1.035
0.69523
0.82997
0.72227
0.74822
0.48751
0.55092
0.85963
0.93891
0.87959
0.81166
0.79215
0.90921
0.71076
0.8927
0.65913
0.91187
0.63988
0.96019
1.0017
0.66927
0.84955
0.76541
0.65322
0.77499
0.62099
0.75765
0.84871
0.73417
0.96022
0.63917
0.5501
0.78248
0.77674
0.88572
0.54174
0.71036
0.68453
0.40996
1.0112
0.86943
0.77304
0.74902
0.81862
0.84693
0.87728
0.92773
0.8531
0.59761
0.86104
1.0287
0.87359
0.82064
0.73352
0.67928
0.7288
0.82538
0.81499
0.80019
0.8509
0.87578
0.83583
0.99934
0.61127
0.94274
0.82584
0.81263
0.70885
0.61375
0.7953
0.72052
0.72225
0.85466
0.8696
0.63949
0.83141
0.93889
0.84948
0.88245
0.80599
0.86616
0.5988
0.59149
0.93805
0.81084
0.56899
0.94891
1.0076
0.67205
0.80418
0.71522
0.43094
0.82657
0.98918
0.86014
0.69144
0.42896
0.70698
0.99967
0.81239
0.63933
0.9148
0.7508
0.6878
0.42636
0.8517
0.70422
1.0207
0.82884
0.80415
0.89343
0.65509
0.82844
0.80294
0.70605
0.63574
0.8073
0.92607
1.0066
0.94178
0.81767
0.98034
0.93458
0.65167
0.9655
0.84038
0.62197
0.88007
0.83246
0.5792
0.959
0.83391
0.7037
0.85534
0.85324
0.80806
0.64188
0.78224
0.89949
0.73204
0.89977
0.72513
0.92366
0.75317
0.96517
0.74146
0.8023
0.63126
0.82945
0.95815
0.87289
0.91611
0.85616
0.58342
1.0094
0.90693
0.66019
0.85337
0.76341
0.94957
0.77541
0.66621
0.69099
0.7401
0.63717
0.8817
0.57149
0.80355
0.71251
0.95628
0.96727
0.75504
0.75264
0.80678
0.82194
0.73856
0.56
0.77583
0.80404
0.80928
0.67966
0.97456
1.0503
0.74279
0.90169
0.85231
0.72585
0.59515
0.52908
0.85322
0.75047
0.63588
0.76008
0.89474
0.89225
0.67265
0.95219
0.77883
0.68403
0.95315
0.91981
0.92414
0.81194
0.97376
0.70378
0.93444
0.96061
0.8105
0.70359
0.76471
0.6899
0.85911
0.58927
0.73353
0.84165
0.82182
0.84126
0.82967
0.80427
0.871
0.86465
0.76257
0.74207
0.83681
0.82689
0.80479
0.83496
0.86123
0.71915
0.82441
1.0503
0.76808
0.95057
0.81694
0.65577
0.76734
0.98667
0.57222
0.80386
0.52932
0.72239
0.87619
0.75142
0.8659
0.93021
0.67245
0.62604
0.71828
0.61386
0.78915
0.88416
0.55775
0.66624
0.62103
0.70575
0.60614
0.8268
0.635
0.79977
0.60724
0.70368
0.98044
0.80597
0.82157
0.87503
0.84775
0.90844
0.97526
0.85217
0.83362
0.78502
0.89861
0.90243
0.78064
0.84896
0.93454
1.0488
0.76261
0.86245
0.71634
0.49775
0.91849
0.90698
0.65089
0.85631
0.83947
0.68015
0.78536
0.99719
0.72427
0.7405
0.5659
0.77008
0.78904
0.5383
0.88517
0.82585
0.81663
0.923
0.4526
0.69648
1.0603
0.48305
0.56402
0.66693
0.77302
0.72588
0.8964
0.71339
0.79169
0.78667
0.7077
0.95613
0.89971
0.97171
0.76839
0.67767
0.59195
0.70092
0.73001
0.45113
0.87993
0.77494
0.47677
0.97881
0.70153
0.56558
0.54295
1.025
0.71758
0.66339
0.7188
0.73116
0.83264
0.95311
0.91275
0.59293
0.79981
0.78994
0.83145
0.99024
1.0078
0.86854
0.84602
0.82902
1.0485
0.96794
1.0261
0.57786
0.79749
0.82431
0.81814
0.54487
0.84121
0.56888
0.6809
0.8845
0.92705
0.81711
0.71715
0.84894
0.61973
0.87498
0.779
0.96939
0.80149
0.52761
0.70764
0.87226
1.0597
0.54598
0.88439
0.74527
0.80518
0.83846
0.4374
0.84418
0.68468
0.66665
0.6729
0.60899
0.91692
1.03
0.65194
0.66591
0.66464
0.66746
0.77003
0.65608
0.72975
0.94056
0.79414
0.55376
0.87743
0.93808
0.89043
0.83178
0.93116
0.72093
1.0578
0.73521
0.71034
0.88307
0.78634
0.69689
0.75442
0.87428
0.82534
0.7488
0.8616
1.0701
0.92415
0.61531
0.90909
0.8391
0.76702
0.50278
0.916
0.7891
0.83008
0.89756
0.78401
0.59915
0.81547
0.87334
0.89423
0.71903
0.97444
0.77908
0.85108
0.60611
0.55202
0.69674
0.91112
1.1204
0.94002
0.86403
0.80826
0.69687
0.92346
0.46449
0.89371
0.83875
0.96994
0.79635
1.0551
0.89815
0.69317
0.593
1.0282
0.83069
0.82264
0.65734
0.82143
0.81076
0.80317
0.81017
0.76166
0.75907
0.66535
0.81309
0.57757
0.80769
0.76012
0.69283
0.88663
0.8081
0.64135
0.9205
0.28262
0.94488
0.89294
0.84141
0.72657
0.84585
0.92939
0.84318
0.94077
0.81322
1.0485
0.79387
0.94889
0.78385
0.83668
0.55762
0.71667
0.81854
0.73068
0.7294
1.0769
0.9722
0.51387
0.71634
0.86629
0.94668
0.83506
0.74661
0.59244
0.76861
0.68278
0.66425
1.1401
0.76345
0.70998
0.73542
0.89262
0.78753
0.80036
0.75381
0.88471
1.026
0.66856
0.70775
0.87819
0.86836
0.60632
1.0014
0.90544
0.75453
0.96154
0.69838
0.52375
0.82296
0.78059
0.76775
0.84838
0.75222
1.0126
1.0124
0.87034
0.86101
0.86053
0.91166
0.96968
0.93664
0.78361
0.93898
0.75843
1.0765
0.71941
0.97528
0.75687
0.8158
0.68019
0.50891
0.63336
0.55931
0.82444
1.119
1.0103
0.74127
0.96242
0.93436
0.70821
0.39161
0.90885
0.86477
0.71239
0.7196
0.99324
0.78424
0.73195
0.90122
0.8467
0.96694
0.73837
1.0317
0.95378
0.72153
0.89328
0.41218
0.46706
0.88278
0.74133
1.0113
0.92272
0.70445
0.62609
0.84328
0.63069
0.90855
1.0122
1.0142
1.0284
0.89488
0.85215
0.7162
0.82303
0.93034
0.8784
0.86027
0.73229
0.83032
0.94371
0.98722
0.60916
0.61862
0.65666
0.86354
0.82969
0.61668
1.0688
0.8605
0.91034
1.0753
0.78054
0.60678
0.87103
0.73049
0.74657
0.81475
0.80677
0.70506
0.59263
0.88378
0.90013
0.64565
0.78941
0.89993
0.42999
0.70574
0.82362
0.86365
0.65796
0.84481
0.84589
0.80621
0.88076
0.98087
0.38746
0.86908
0.8093
0.80608
0.75807
0.77496
0.88268
0.77552
0.62974
0.76828
0.82281
0.68108
0.98454
0.94854
0.61251
0.79295
0.93944
0.75369
0.63704
0.74454
0.65262
0.54079
0.78585
0.84611
0.50646
0.93772
0.78692
1.0174
0.82654
0.80395
1.0976
0.80254
0.71646
0.70429
0.88003
1.0346
0.54741
0.98232
0.65305
0.92149
0.84164
0.49541
0.67598
0.57438
0.83728
0.81598
0.67677
0.86946
0.78181
0.7122
0.76711
0.90683
0.91669
0.58219
0.84049
0.88514
0.90817
0.67114
0.83609
0.86509
0.87712
0.93614
0.76581
0.8768
0.98492
0.71141
1.0284
0.9911
0.74473
0.85065
0.70419
0.90346
0.79622
0.68921
1.0176
0.76825
0.99691
1.065
1.0697
0.64251
0.89873
1.0098
0.69786
0.96609
0.62704
0.9343
0.80165
0.98531
0.51755
0.80579
0.90995
0.93921
0.58649
0.76372
0.73393
0.61485
0.80533
1.0169
0.45336
0.93046
0.71956
0.85056
