1.0485
0.6358
0.922
1.0313
1.0578
0.65674
0.638
0.74816
0.54022
0.85144
0.99386
0.74819
0.56519
1.0535
0.90733
0.88865
0.75843
0.59203
0.9728
0.55119
0.77326
0.8667
0.53314
0.72214
0.38055
0.88072
0.65197
0.9701
0.85168
0.68988
0.80299
0.79711
0.96695
0.62646
0.99632
0.84739
0.93215
0.87861
0.98225
0.90992
0.76176
0.82864
1.0577
0.79096
0.79069
0.79099
0.72728
0.24576
1.1253
0.9731
0.74736
1.0337
0.60649
0.93059
0.89493
1.0441
0.45867
0.84693
0.61722
0.87114
0.64759
0.87805
0.85401
0.73688
0.81828
0.89235
0.90642
0.94136
0.90633
0.6457
0.97728
0.86723
0.81921
0.6243
0.79627
0.95419
0.99404
1.0688
0.74068
0.95361
0.73222
1.0845
0.80261
0.81338
0.86336
1.0193
0.85961
0.83536
0.8992
0.95941
0.86544
0.95956
0.73857
0.85679
0.62314
0.81312
0.88772
1.0096
0.52027
0.43565
0.89407
0.80722
0.82108
0.79432
0.84985
0.96609
0.7528
0.87953
1.0834
0.61238
0.74403
0.73987
0.98347
0.78415
0.93902
0.68111
0.77892
0.74711
0.75005
0.60471
1.0289
0.84127
0.96782
0.77327
0.49701
0.76561
1.0155
0.76328
1.017
0.73884
0.86458
0.71428
0.95633
0.65581
0.8554
0.90947
0.58026
0.6269
0.43702
0.87938
1.07
1.0455
0.84004
0.772
1.0015
0.88087
0.7028
0.81792
0.86747
1.0244
1.0566
0.78663
1.0318
1.0541
0.8055
0.85472
0.84455
0.75104
0.71368
0.7769
0.95275
1.0605
1.0798
0.81005
1.0369
0.69885
0.84365
0.81473
0.71412
0.74695
0.68487
0.60683
0.71739
0.77955
0.99993
0.91109
0.86077
0.76369
0.79795
0.87809
0.79782
1.052
0.9257
0.66482
0.9486
0.66575
1.0103
0.91214
0.86539
0.64604
0.90893
0.76748
0.67559
0.88205
0.81803
0.86056
1.0306
0.89901
0.74762
0.88411
0.78092
0.98261
0.79319
0.85742
0.94851
0.86347
0.92208
0.62351
0.88927
0.81786
0.94487
0.61131
0.74092
0.70277
0.51336
0.66921
1.072
0.91069
0.78157
0.83945
0.73758
0.71487
0.4041
0.90438
1.0463
0.92832
1.0446
0.84752
0.5699
0.79249
0.64344
0.80583
0.83318
0.88329
1.0342
0.80555
0.67861
0.93269
0.92112
0.85645
0.95189
0.92573
0.76623
0.74824
1.0252
0.92366
1.0703
0.75107
1.0442
0.8017
0.99662
0.92529
1.0404
0.89997
1.0925
0.69967
0.71532
1.0481
0.87838
0.57751
0.85743
0.93792
0.80334
0.763
1.003
0.77693
1.0408
0.66174
0.59818
0.40728
0.96078
0.75021
0.79816
0.6663
0.89295
0.59833
0.91287
0.98651
0.62918
0.97045
0.96972
0.80187
0.89849
1.155
0.85269
0.74898
0.82925
0.7091
0.86386
0.62642
0.87402
0.93804
0.66867
0.62002
0.88757
0.8919
1.0026
1.091
0.75291
0.99097
0.73063
0.71797
0.662
1.0672
0.89474
0.97451
0.85269
0.75064
1.003
0.67784
0.64653
0.79834
0.73378
0.92011
0.91329
0.779
0.88088
0.92079
0.78154
1.0768
0.72387
0.66168
0.78592
0.88611
0.84205
0.88088
0.69099
0.83958
0.83836
0.9322
1.1178
1.0527
0.70386
0.83612
0.94754
0.96062
0.67957
0.80171
0.92128
0.94365
0.97225
0.86829
0.87054
0.63348
0.96716
0.97564
1.1819
0.69445
0.63298
0.80161
0.86209
0.9584
0.77656
0.57136
0.85865
0.68768
0.77799
0.86255
0.74943
0.99571
0.82412
0.97993
0.74082
0.83352
1.0623
0.55666
0.71008
0.74289
0.76866
0.77995
0.82036
0.79885
0.54112
0.73547
0.76618
0.97852
0.56928
0.96447
0.88933
0.83444
0.81336
1.0073
0.86463
0.84715
0.49806
0.85641
0.7565
0.82757
0.71283
0.50367
0.47728
0.74753
0.77933
0.69359
0.79458
0.68412
0.75587
0.80558
0.61266
0.48998
0.83084
0.8536
0.92831
0.77122
0.75093
0.84162
0.7598
0.71338
0.61746
1.0149
0.87861
0.95392
0.71939
0.97837
0.76696
0.80092
0.55929
0.80607
0.96775
0.40522
1.1732
0.94093
1.0763
0.92551
0.94984
0.47397
0.95354
0.84075
1.0486
0.8565
1.063
1.0092
0.93551
0.85169
0.9997
0.83871
0.85779
0.81756
0.83239
0.96775
0.61674
0.92464
0.93257
0.61499
0.64856
0.32922
0.92928
0.86621
0.73825
0.69932
0.84548
0.92015
1.0667
0.47273
0.94564
0.89811
0.97647
0.95895
0.69998
0.99373
0.67549
0.86617
0.34125
0.68077
0.75042
0.9249
0.6661
1.0163
0.89459
0.8903
0.87551
0.7804
0.54148
0.71663
0.83464
0.69055
0.77303
0.73762
0.62955
1.0313
0.48175
0.95547
0.81857
0.92896
0.99505
0.92028
0.99632
1.161
0.94021
0.77202
0.8403
0.94172
0.90525
0.88301
0.46429
0.81825
0.78221
0.96429
0.85613
0.91739
0.65487
1.0056
0.79887
0.75257
0.6859
0.64086
0.88191
0.90317
1.0163
0.79298
0.90451
0.43403
0.9193
0.72776
1.0783
0.90935
0.74281
0.9306
0.75807
0.75482
0.94006
0.87907
0.8345
0.82042
1.0062
0.80296
0.8212
0.82097
0.97301
0.62366
0.77091
1.1387
1.005
0.82444
1.0008
1.0646
0.73936
0.7851
1.0078
0.73562
1.0327
0.91664
0.73564
0.902
1.148
0.96935
0.83283
1.0518
0.96289
0.52073
1.1055
0.8186
0.82445
0.78096
0.80774
0.80749
0.83477
0.81081
0.81787
0.79675
0.84617
0.81984
0.91892
0.99519
0.90699
0.65533
1.0015
1.225
0.78334
0.75926
0.94461
1.1027
0.71106
0.82187
0.80992
0.97873
0.78367
0.83046
0.78414
0.89311
0.92393
0.94262
0.78503
0.74923
0.93992
0.76688
0.94176
0.92315
0.79915
0.91189
0.8439
0.73593
0.61234
1.0036
0.71939
0.75148
1.1272
0.83256
0.90029
0.69608
0.86035
1.1177
0.90546
1.0532
0.94208
0.60752
0.95543
1.2171
0.78426
0.76716
0.85999
0.87573
1.1495
0.89836
0.87876
0.55837
0.7439
0.7233
1.0348
0.61627
1.1968
0.86465
0.95982
1.0212
1.035
0.77757
0.71355
0.70577
0.65759
0.9076
1.0012
0.71886
0.77472
1.0137
0.8437
0.83469
0.81843
1.0075
0.91367
0.93399
1.0271
1.0953
0.79926
0.86788
0.6078
0.71166
0.59343
0.99527
0.92677
0.61542
0.62557
0.97565
1.0863
0.7213
0.99814
0.99609
0.85554
0.96108
0.74059
0.79183
0.60542
1.1544
0.91409
0.5055
1.1143
0.83165
0.85935
1.2126
0.76967
0.9609
0.8666
0.8515
0.58796
0.95675
0.83154
0.89201
0.57368
0.4709
0.6491
0.92654
0.80392
0.76217
1.1429
0.68651
0.72141
0.79334
0.95702
0.98644
0.72823
0.9872
0.97153
1.1818
0.80335
1.1084
0.88883
0.89763
0.76363
0.5238
0.79161
0.83017
1.0434
0.85956
0.33658
0.656
0.97177
0.8931
0.7654
0.81877
0.62133
1.0013
1.0157
0.61075
0.76779
0.88753
0.82971
0.96657
0.95847
0.65254
0.77891
0.49329
0.76792
0.96997
0.80577
1.1777
0.80281
0.64618
0.52135
0.71577
0.63988
0.8415
0.99139
0.96838
0.62801
0.63726
0.96089
0.63454
0.77979
1.0452
0.74602
1.166
0.70422
0.83875
0.6828
1.0819
1.1205
0.75089
0.59138
0.91236
0.57004
1.0784
0.59254
0.86876
0.64487
0.73021
0.91423
0.80034
0.9338
0.94229
0.83088
0.54076
0.83513
0.95464
0.76834
0.70364
0.92725
0.94751
0.79897
0.56694
0.78643
0.72286
0.93996
0.70878
0.70957
0.60901
0.82396
0.73408
1.0274
0.78092
0.77617
0.98397
0.9927
0.76774
0.7918
0.7851
0.89512
1.0289
0.9094
0.97347
0.76112
0.72945
1.087
0.88161
0.8828
0.93845
0.53568
0.92394
0.59786
0.97724
1.0726
0.99421
1.0307
1.1702
0.52603
0.77846
0.69979
0.84307
1.1251
0.65136
0.64061
1.0292
0.86725
0.79853
0.81207
0.98488
0.77837
1.0145
0.79389
0.8177
0.73728
1.121
0.75079
0.81542
0.85872
0.51153
0.73518
0.62694
0.816
0.86538
0.90467
0.85243
0.77549
0.58505
0.93717
0.99827
1.0276
1.0121
0.67067
1.098
0.849
0.83854
1.0096
1.0672
1.0174
0.88494
0.77579
0.81121
0.66629
0.68982
0.86554
0.7898
0.97054
0.94104
0.9983
0.61178
0.72102
0.6848
0.73735
1.1168
0.74485
0.67557
0.98053
0.77611
0.93661
0.76267
1.1122
0.50269
0.83361
0.96653
0.83078
1.0019
0.65906
0.69153
0.60692
0.74271
0.94205
1.0191
0.92952
0.98094
0.9416
0.81101
0.49975
0.6233
0.79333
0.89203
0.84526
0.64413
0.74513
0.71445
0.5393
0.85244
1.0233
0.86587
0.59204
0.59839
1.1343
0.49538
0.61561
0.69705
0.53484
0.54797
1.0844
0.67341
0.78093
0.88121
0.78489
0.75587
0.95118
0.7287
0.85301
0.98316
0.87164
1.0713
0.84164
0.79804
0.97947
0.92618
0.82769
1.0686
0.85147
0.68944
0.9937
1.0501
0.60906
0.96354
0.85905
1.119
1.05
0.81158
1.0134
0.9026
0.74846
0.61756
0.96486
0.82015
0.88016
0.91421
0.98352
0.70244
0.66203
0.61262
0.64403
1.0812
0.55398
0.95881
0.73333
0.81329
0.8805
0.98288
0.57856
1.1438
0.73486
0.72497
0.69461
0.51949
0.63208
0.7867
0.69775
0.83154
0.77026
0.87791
0.92854
0.54383
0.75726
0.7562
0.90005
0.7166
0.93802
0.97429
0.95997
0.85953
0.9498
0.54576
0.69213
0.88306
0.90881
0.73794
0.77206
0.69409
0.80709
0.89422
0.96163
0.71818
0.92412
0.84265
1.0406
1.0896
1.0002
1.0005
0.93373
0.73256
0.96952
0.82786
0.72274
0.8268
0.86115
0.8609
0.69047
0.76738
1.0465
0.96207
0.8229
0.86802
0.66267
0.89371
1.0931
1.1
1.1683
0.90927
0.73173
0.54594
0.80881
0.89789
0.82659
0.94284
0.69131
0.64235
0.82392
1.0976
0.70535
0.87162
0.41858
0.79047
0.8827
0.65992
1.006
0.57043
0.9099
0.74909
0.9954
0.77221
1.0931
1.0648
1.0044
0.77699
0.83469
1.1577
0.70817
0.66283
0.74992
0.69411
0.49402
1.0373
1.038
1.0197
0.89404
0.57443
0.84877
0.81191
0.92983
0.78102
0.57624
0.84933
0.67546
0.74234
0.78732
0.93051
0.79813
0.95998
1.0895
0.93204
0.99899
0.67719
0.83842
0.58954
0.88755
0.64284
0.88477
0.44791
0.82353
0.92049
0.9486
0.96494
1.2354
0.74361
0.87674
0.63668
1.0798
0.56834
0.73865
0.9035
0.86722
1.0928
0.71365
0.93769
0.98598
0.88839
0.90699
0.64956
0.86634
0.83561
0.83523
0.82224
0.84829
1.0533
0.7641
0.81894
0.65349
0.75513
0.96045
1.0654
0.97824
0.97936
0.85553
0.8459
0.83569
0.90811
0.91922
0.82194
0.88654
0.89508
0.94504
0.82302
1.057
0.57312
0.83795
0.92438
1.0378
1.025
1.0022
1.0548
0.76621
0.75191
0.66273
0.97628
0.82006
0.94883
0.87339
0.57561
1.0545
0.91321
1.0327
0.88607
0.79196
0.80792
0.89606
0.61258
1.0538
1.08
0.85441
0.95581
0.95407
0.76958
0.42471
0.54745
0.98203
0.90527
0.86761
0.83855
0.88408
1.1705
0.77033
1.1125
0.96307
0.95811
0.84452
0.67277
1.071
0.82034
0.95708
0.72044
0.69697
0.88909
0.76337
0.66117
1.1425
0.97648
0.79602
0.82673
0.79124
0.71413
0.48468
0.80597
0.62413
0.86951
0.64094
0.81354
0.64438
0.77573
0.83567
0.79014
0.69293
0.91753
1.0172
0.81465
0.5695
0.98961
0.83295
0.97643
0.61428
0.98614
0.7807
0.46684
0.73389
0.64647
0.76457
0.92676
0.64852
0.93292
0.91796
0.60959
0.76647
0.68515
0.836
0.83528
1.037
0.67589
0.83091
1.0654
0.56722
0.98729
0.75259
1.0388
1.0039
0.93261
0.7606
1.0446
0.67468
0.87685
0.92822
0.56656
1.1079
0.73425
1.007
0.84327
0.74587
0.82312
0.80199
0.89701
0.73581
0.88559
0.88682
0.83063
0.92287
0.87813
0.97034
0.82038
1.0577
0.58457
0.76148
0.99392
0.74775
1.0459
0.89917
0.87591
0.63289
0.78943
0.87381
0.84683
1.0837
0.90369
0.90142
0.64411
1.0054
0.9697
0.6968
0.85906
0.93002
0.73182
0.83609
0.45926
0.56126
0.83561
0.79234
0.60903
1.0417
0.6153
0.84147
0.6922
0.93888
1.1026
0.74869
0.96281
0.82734
0.79878
0.80764
0.95984
1.0764
0.9374
0.62173
1.0551
1.038
1.089
1.0396
0.97902
0.72189
0.85213
0.72602
1.0356
0.9605
1.1322
0.98651
0.90757
0.34376
0.81635
0.55621
0.79572
0.70607
0.77291
0.7656
0.77952
0.96261
0.91368
0.95619
0.6915
1.1201
0.86971
0.78743
0.80446
0.78999
1.1574
0.79622
0.68476
1.0624
0.89031
0.9578
0.76799
1.0004
0.59298
0.94351
0.7586
0.73698
0.96445
0.93859
0.61818
0.98718
0.67128
0.97232
1.0468
0.9302
0.65696
0.98448
0.73595
1.0805
0.89364
0.68251
0.87646
0.87881
0.87405
0.60646
0.98248
0.91939
0.69586
0.30708
0.91419
0.85685
0.9208
0.2933
0.90711
0.65535
0.81076
0.58815
0.9622
0.97731
0.73429
0.55896
0.75636
0.85497
0.73307
1.0675
0.73306
0.74642
1.0603
1.1017
0.98413
0.81882
0.86776
0.85737
0.93147
0.77562
1.0449
0.74919
0.96718
1.1076
0.82909
0.83214
0.69746
1.0245
0.89326
1.0343
1.1262
0.75564
0.92626
0.83233
1.0461
0.84412
0.72178
0.9589
1.162
1.0197
0.63653
0.85957
0.97758
0.74867
1.0535
1.0654
0.70473
0.89553
0.78064
0.92036
0.5752
0.82088
0.86892
1.004
0.94655
1.0037
0.88681
0.94746
0.50861
0.86403
1.0396
0.79143
1.0584
0.86433
0.74587
0.98973
1.2319
0.50544
0.74179
0.84409
0.8302
0.8557
0.96479
1.1185
0.88932
0.88544
0.78519
0.90081
0.99322
0.70461
0.96369
0.76008
0.71154
1.1596
0.81735
0.99848
0.59561
0.63886
0.74868
1.122
0.90723
0.82515
0.8059
0.94819
0.85983
0.69071
0.73776
0.80098
0.85648
0.98194
0.91391
0.87337
0.84286
0.65365
0.97374
0.6916
0.42885
0.89998
0.49952
0.89317
0.94212
1.1122
0.96888
0.79884
0.73764
0.92346
0.95737
0.83051
0.86805
0.77818
0.8577
0.75268
1.0728
0.80783
0.8203
1.0806
0.79585
0.94813
0.68108
0.7308
0.85848
0.81846
0.80762
0.93194
0.7339
0.92468
0.75938
0.83583
0.7318
0.99371
0.70816
0.77439
0.85642
1.0872
0.82987
0.72098
0.87254
0.91202
0.64526
0.84507
1.0574
0.86179
0.78514
0.90521
0.95762
0.51929
0.93851
1.0945
1.0136
0.35623
1.0119
0.80846
1.0203
0.97621
0.93068
0.94099
0.72064
0.94072
0.80762
0.90985
0.60045
0.90438
0.73059
0.79057
0.88684
1.0802
0.89119
0.74037
0.85608
0.65205
0.98522
0.44603
0.92054
0.57749
1.1669
0.7717
0.82707
0.66282
0.87461
0.71073
0.71691
0.51514
1.0523
0.95444
0.59975
0.98979
0.50117
1.1024
0.89968
0.59129
0.75784
0.72135
0.62711
0.86407
0.8012
0.93597
0.80929
1.0251
0.84998
0.66348
1.0719
0.94872
0.84021
1.076
0.8451
0.77644
0.96719
0.8624
0.61426
0.95205
0.96389
0.83591
0.76658
0.89598
0.98309
0.98184
0.85783
0.94421
1.0235
1.107
0.49197
0.6147
0.54646
0.79591
0.86226
0.89954
0.51499
0.90884
0.5386
0.95638
0.6397
0.99239
1.1362
0.77356
0.93043
0.92112
0.84827
0.94557
0.76834
0.60104
1.0396
0.7299
0.85723
0.98129
0.89177
0.85631
0.86811
0.8376
0.88137
0.84262
0.79451
0.68856
1.001
0.61396
0.74087
0.7976
0.75581
1.0006
0.80908
0.76048
0.79781
1.0304
0.90931
0.9501
0.84677
0.90326
0.66561
0.71481
0.90801
0.75291
0.75417
0.77446
1.0991
1.0216
0.48959
0.81179
0.97324
0.79715
1.0924
0.81089
1.0045
0.68805
1.0157
0.63782
0.94788
0.71243
0.71465
0.9509
0.8499
0.61605
0.95125
1.13
0.93873
1.2148
0.98454
0.72115
0.94337
0.86792
0.64362
0.95641
0.7379
0.91735
0.99399
0.96624
0.73873
0.95917
0.79074
0.59162
0.69821
0.87393
0.92454
0.41636
0.97614
1.0567
0.73816
0.84858
0.89557
0.77227
0.98993
0.64587
0.64314
0.89615
0.94869
0.41713
1.0144
0.69928
1.1612
0.72836
0.89142
0.95473
0.6715
0.67169
1.024
0.8254
1.159
0.63208
0.92199
0.73075
0.79637
0.75501
0.74834
1.0634
1.0193
0.92428
0.66479
0.7205
0.82224
0.84859
0.81042
0.97034
0.77637
0.78693
0.97166
0.99947
0.89397
0.8005
0.6101
0.75614
0.80584
0.72847
0.48203
0.93836
0.85758
0.84263
1.0973
0.8335
0.76584
0.86975
0.57229
0.80724
0.73549
1.109
0.74416
0.61326
0.72203
1.0532
1.1692
1.1076
0.61962
0.74466
1.0883
0.89386
0.88671
0.95537
0.59694
1.2087
0.93077
0.70222
0.29118
1.0394
1.0214
0.7701
0.68848
1.1514
0.70204
0.72587
1.0205
0.9552
1.1396
0.60572
0.97216
1.0317
0.72043
0.95338
0.29886
1.0058
0.80989
0.97726
0.80551
1.0298
0.69782
0.89762
0.68131
0.64144
0.66663
0.90003
0.85935
0.5227
0.99598
0.86218
0.95821
0.7852
1.053
0.71841
0.58816
0.75273
0.94553
1.0075
0.65296
0.76626
0.98972
0.99524
0.65961
0.69557
0.72108
0.93682
0.91542
0.79769
0.91
1.1767
0.74322
0.61261
0.91282
0.88831
0.97642
0.76645
0.61139
0.59398
0.6533
0.72438
0.86354
0.64477
0.75894
0.7428
0.9138
0.63505
0.72579
0.53176
0.74451
0.83964
0.91432
0.83027
0.87731
0.93327
0.65821
1.0703
0.86424
0.87351
0.83103
0.98701
1.0037
0.8056
0.94449
0.82684
0.77571
1.0489
1.0649
0.94067
0.74512
0.89071
0.98445
0.98165
0.27769
0.57336
0.54625
0.9743
0.68161
0.82989
0.78968
0.70841
1.0333
0.84969
0.84835
0.57483
0.76985
0.79728
0.88701
0.8908
1.0746
0.6242
0.73243
0.90672
0.78125
1.0444
0.83853
1.0023
0.92878
0.82496
1.0188
0.64488
0.91787
0.93605
0.99097
0.97268
0.91546
0.59137
0.51664
0.54259
0.87545
1.0746
0.48133
1.0979
0.88717
0.81793
0.95097
0.85661
0.85526
0.97884
0.94638
0.98341
0.63167
0.67268
0.8461
1.0955
0.86683
0.78687
1.0436
1.1403
0.54952
0.85046
0.84644
0.80603
1.1513
0.96199
0.64626
1.0617
0.63848
0.51317
0.70828
0.98293
0.97948
0.88738
0.73478
1.0018
0.69842
0.6462
0.82389
0.70799
0.79478
0.95983
0.88427
0.70236
0.87486
1.0956
0.86629
0.92519
0.65609
0.89418
0.87814
1.1353
0.9777
0.98641
0.83627
0.96946
1.0716
0.84692
0.85911
0.76897
0.90092
0.78306
1.0324
0.83167
0.57862
0.69282
0.43024
0.84129
0.8278
0.76428
0.75804
0.80451
0.83004
0.96095
1.0462
0.67579
0.83134
1.0255
0.83113
0.95107
0.81811
0.96097
0.95072
0.71111
0.62047
0.78211
0.85235
0.90077
0.44933
0.87111
0.78395
0.64877
0.74385
0.82008
0.90061
0.62014
0.97124
0.6817
0.89855
0.74009
0.94818
0.91255
1.0409
0.62428
1.0802
0.73562
0.8588
0.65799
0.49553
0.65662
0.46088
0.66329
0.6305
0.66339
0.84146
0.83509
1.0336
0.60842
0.5777
1.059
0.95226
0.77068
0.96922
1.1039
0.87764
0.55616
0.87966
0.9853
0.60955
0.83514
0.77275
1.0766
0.76817
0.93931
0.69467
0.64658
0.50922
0.91167
1.0287
0.75225
0.99137
0.61574
1.054
0.53593
0.88499
0.91282
1.0472
0.67039
0.4851
0.94262
0.96782
0.68052
0.75115
1.0271
0.85543
0.75556
1.0055
0.79401
0.43078
0.84513
0.98594
0.74026
1.0609
0.64888
0.93702
1.0177
1.0672
0.73069
0.79487
0.84944
1.0552
0.82729
0.90518
0.99026
0.73657
0.82331
0.72316
0.72547
0.72839
0.76609
0.57767
0.89605
0.61154
0.94445
0.80679
0.877
0.8188
0.92981
0.96825
0.59429
0.79811
1.0521
0.89923
0.72885
0.78995
0.67015
0.64414
0.74846
0.68312
0.92324
0.96995
1.0068
0.61514
0.59933
0.7954
0.79909
1.0486
0.7696
0.69366
0.88357
0.62141
1.0684
0.92687
0.72063
0.9442
0.85422
0.60013
0.95298
0.88128
0.8244
0.89059
1.0502
0.77897
0.79159
0.90642
1.0544
0.95903
1.0494
0.69039
0.98593
1.0107
0.79749
0.65042
0.93609
0.85872
0.81379
0.64029
0.74572
0.94606
0.85802
0.61411
0.98579
1.105
1.01
0.7722
0.38982
0.88611
0.5623
1.1685
0.97855
1.057
1.1343
1.0014
1.0175
1.0065
0.82189
0.68565
1.0996
0.96802
0.64168
0.95755
0.79995
0.74728
1.101
0.75361
0.82727
1.0645
0.69973
0.89763
1.0079
1.1228
0.97183
0.79678
0.8774
0.88478
1.0644
0.91042
0.83693
0.56875
0.98252
0.71616
0.60211
0.87901
0.88405
0.86509
0.76602
0.8186
0.86152
0.58647
0.83406
0.64039
0.98805
0.92453
0.85282
0.58636
0.88827
0.74579
0.8001
0.82741
0.96313
1.0018
0.66979
0.98345
0.87991
0.80156
0.99587
0.68071
0.72176
0.8961
0.45171
0.79845
0.90786
1.0177
0.81981
0.90094
0.95568
0.62634
1.0789
0.63811
0.90853
0.87826
0.80439
0.88783
0.73438
0.82984
0.96584
0.78003
0.80885
0.87968
0.96577
0.612
1.0077
0.81574
0.88549
0.49673
0.93732
0.88847
0.73109
0.73171
1.0043
0.9457
0.99562
1.0573
0.9733
0.74677
0.75078
0.73327
0.67797
1.1148
0.75565
0.99151
0.56706
0.94056
0.87851
0.80992
0.97282
0.72685
0.72914
0.52877
1.0449
0.65229
0.93645
0.57374
1.1227
0.94265
0.58975
0.70385
0.80847
0.82348
0.74014
0.90041
1.0003
0.63654
0.83806
1.091
0.90606
0.74439
0.44821
0.98396
1.1344
1.0455
0.97742
0.93203
0.8448
0.69311
0.8587
0.61353
0.91597
0.92652
0.98492
0.97334
0.93082
0.82821
0.52879
1.1021
0.97912
0.91798
0.95956
1.0265
1.0745
0.9582
0.71355
1.1746
0.89386
0.88863
0.96863
1.0784
0.88508
0.69527
0.93556
0.84248
0.8765
0.83992
0.91578
0.63451
0.77561
0.81576
0.48385
0.9724
0.92073
0.93264
0.85272
0.80083
0.50029
0.94816
0.52863
0.87972
0.84902
0.51452
0.85287
0.82793
0.82796
0.83061
0.68058
0.57682
1.0502
0.63618
0.93066
0.64875
0.81782
0.65989
0.6751
0.84717
0.79464
0.98359
0.55887
0.78084
0.89298
0.91871
0.90791
0.80974
0.70249
0.59686
0.81241
0.95968
0.92874
0.72353
0.89819
1.0049
0.67038
1.0113
0.9414
0.66464
0.85548
0.73373
0.70097
0.69035
0.65208
0.94813
0.90115
1.0545
0.86335
1.0767
0.81411
1.0807
1.0066
0.70371
0.76774
1.0678
0.55952
0.64594
0.79258
0.6213
1.2293
0.78409
0.80454
1.0434
0.97809
0.55365
0.8508
0.61557
0.88065
0.79012
0.82602
0.90953
0.8351
0.99619
0.71621
0.95276
0.58399
0.92819
0.52471
0.81726
1.0826
0.89721
0.98867
0.8247
1.1303
0.90705
0.69263
0.75838
0.82632
0.77583
1.0593
1.0825
0.98228
1.0204
0.53523
0.70492
0.89546
0.84428
1.0194
0.4521
0.86824
0.75486
0.70002
0.92958
0.81532
0.73913
0.78055
0.77326
0.77665
0.85615
0.71663
0.72469
0.86912
1.0927
0.7621
0.94085
0.74494
0.81824
0.94472
0.60877
0.91985
1.1285
0.78745
0.70716
0.66832
0.70145
0.96503
0.81474
0.90979
0.77196
0.7357
0.95845
0.58224
0.87653
0.75761
0.58916
1.0193
0.73254
0.91903
0.76039
0.9634
0.81318
0.75416
0.81106
0.74518
0.80234
0.83471
1.0129
0.76084
0.97298
0.60461
0.64755
0.90078
1.1025
0.74925
0.78602
0.77557
0.86219
1.0831
1.2694
0.86187
0.94118
0.73797
0.79756
0.66958
0.59165
0.65747
0.67114
1.0067
0.77148
0.88657
0.62834
0.93506
0.79023
1.0568
1.0907
0.58427
0.87357
0.74332
0.77224
1.0301
0.98659
0.83725
0.64508
0.58763
0.76361
0.79461
0.63973
0.52939
0.93604
0.65982
1.0533
0.87498
0.78938
0.68875
0.89176
0.75538
1.03
1.0238
0.75121
0.72272
0.911
0.70264
0.84499
0.9361
1.014
0.55462
0.8104
0.90611
0.81626
0.81789
0.95027
0.73515
1.0034
0.99064
1.0063
0.98233
0.706
1.0401
0.82394
0.90214
0.80116
0.79919
1.1728
1.0104
0.86824
1.1169
0.96478
0.72134
0.99014
0.86165
1.095
0.75532
0.90947
0.90748
0.84578
1.0308
1.0741
0.88906
0.9642
0.82101
0.5867
0.36201
0.89503
0.78774
1.098
0.59019
0.69271
0.61078
1.0629
0.89557
0.83657
0.83617
0.71084
0.94062
0.98789
0.56304
0.84802
0.95155
0.94614
0.71699
0.69937
0.92505
0.62268
0.9729
0.81133
0.76817
0.97213
0.8607
0.919
0.76298
0.72339
0.89315
0.77761
1.0903
0.69944
0.88775
0.57038
0.59979
0.66279
0.69243
0.72187
0.64616
0.81717
0.84512
0.90331
0.8805
0.8955
0.84665
0.97564
0.85078
1.002
0.8745
1.1051
0.48699
0.90294
0.6346
0.47565
0.96017
0.86079
0.85713
0.9315
0.89423
0.83241
0.7983
0.93322
0.52208
0.68123
0.67611
0.98998
0.86347
0.51881
0.96571
0.96358
1.0246
1.1164
1.0104
1.0646
0.80218
0.94866
0.8038
0.97183
0.83639
0.54088
0.58215
0.65918
0.41626
0.91008
0.76261
0.58932
0.96113
0.77166
0.80304
0.65179
0.92043
0.87354
1.0452
0.87109
1.1194
0.73378
0.71012
0.70219
1.1247
0.72652
0.78761
0.94569
0.81324
1.0671
0.76553
0.60381
0.82241
0.70035
0.63614
1.0762
0.92346
0.8109
0.71764
0.79514
1.1117
0.76612
0.85883
0.96429
0.91995
1.0515
0.6481
0.52265
0.64344
0.55437
1.0586
0.7608
0.90915
0.84568
0.83326
0.7511
1.0223
0.83183
0.96572
0.96316
0.66429
0.8715
0.78982
0.79197
0.78618
0.93405
0.82145
0.88089
0.80361
0.9843
0.84694
0.87601
0.8539
0.61372
0.73181
0.66289
0.87767
0.797
0.93941
0.93963
0.69826
0.55961
0.86511
0.88477
0.96269
0.85158
1.0193
0.81055
0.91258
0.95658
0.95727
0.93666
0.80321
0.66266
0.87395
0.71316
0.99299
0.80137
0.65278
0.59536
0.81295
0.72597
0.80433
0.99533
0.91591
0.63559
0.74512
0.33286
1.0123
0.7332
0.69342
0.87702
0.78931
1.0937
0.79206
0.89534
0.87722
0.77944
0.83712
0.68403
0.94422
0.67151
0.90101
1.0122
0.48895
0.86076
0.9348
1.1152
0.94869
0.96047
0.57233
0.70155
0.64648
1.0175
0.82065
0.58245
0.77547
0.79207
1.0634
0.94869
0.72851
0.81147
0.59713
1.0645
0.8912
0.86196
0.82948
0.92992
1.0532
0.87845
0.93148
0.80531
0.65062
1.0568
1.0277
1.0193
0.77043
0.73694
1.0124
0.87785
0.9215
0.59051
0.56682
0.75508
0.49688
0.86685
0.90094
1.0155
0.94255
0.94349
0.94816
0.77351
1.0322
0.78832
0.93693
0.93585
0.90723
0.9824
0.80027
0.50767
0.74129
0.84971
1.0407
0.88887
0.94928
0.80431
0.88139
1.1115
0.5882
0.8829
0.70377
1.0013
0.77488
1.034
0.80494
1.0078
0.87149
0.9212
0.7334
0.97104
1.0236
0.78043
0.9366
0.87611
0.82238
1.1748
0.94002
0.66565
0.69258
0.92987
0.77654
1.0123
0.75848
0.7141
0.53187
0.76068
0.58266
0.65995
0.87131
0.91495
1.0785
0.83676
0.9776
0.61329
0.93826
0.79035
0.74999
0.85241
1.0909
0.93358
0.81192
0.90524
0.8234
0.91129
0.72075
1.0386
0.95159
0.80157
0.92096
0.95715
0.77811
0.74699
0.88494
0.84544
0.81141
0.95329
0.82383
1.0465
0.84016
0.6203
0.70139
0.35933
0.84417
0.66343
0.96762
0.74305
0.8583
1.0008
0.76298
0.87175
0.85766
1.1328
0.4639
0.78008
1.005
0.79868
0.96874
1.0109
0.94494
0.83697
0.60396
0.75977
0.86904
0.76262
0.73562
0.51782
0.72972
0.86784
0.50775
0.61932
0.79801
1.1401
0.9732
0.81554
0.88997
0.84485
0.81325
0.76253
0.98795
0.70229
0.58581
0.71635
0.77478
0.96731
1.0339
0.65447
0.84005
0.69924
0.96199
0.75499
0.74803
0.63338
0.92592
0.77398
0.87141
0.97083
0.77138
0.79295
0.76333
0.95248
0.60901
1.1136
1.0929
0.62411
0.60294
0.85252
0.483
0.9266
0.88052
0.79429
0.9937
0.74413
0.59794
0.95507
0.88362
0.36766
0.87617
0.8573
0.89616
0.77144
0.91504
0.68788
0.87957
0.81487
1.0291
0.45628
0.9051
0.73452
1.0243
0.67915
0.97132
0.73016
0.79623
0.7254
0.55485
0.88914
0.55768
0.96769
0.6829
0.48785
0.60078
0.73946
0.8599
1.1519
1.1157
1.2225
0.97716
0.8126
0.63405
0.95958
0.92415
0.63738
0.95655
0.97815
0.50649
0.76316
0.68911
0.68415
0.71139
1.0438
1.0589
0.83518
0.84609
0.93235
0.93176
0.91702
0.8514
0.85435
0.71535
1.0372
0.7476
0.82767
1.0657
0.90077
0.96966
0.738
0.47961
0.67049
0.86644
0.90502
0.6846
0.86591
0.76358
0.61109
0.79161
1.0427
0.74057
0.85053
0.84563
0.87096
0.88079
0.57386
0.90547
0.65614
0.79696
0.77079
0.98229
1.0837
0.72031
0.46866
0.93097
0.88753
1.1411
1.0207
0.84144
1.1468
0.76151
0.71443
0.83653
0.74974
0.61502
0.95739
0.76888
0.96964
0.64739
0.25978
0.79429
0.68225
0.62623
0.84135
0.96182
0.95884
1.0916
0.80335
0.87123
0.52603
0.65845
0.56621
0.45718
0.69708
0.76858
1.0602
0.99282
0.93932
1.1506
0.91686
0.92654
0.79894
1.1173
0.89794
1.0438
0.60927
1.098
0.59005
1.0687
0.9124
0.86444
1.0689
0.7809
0.65654
0.81842
1.0377
0.92523
1.0463
0.80123
0.89121
0.84675
0.64088
0.84511
0.63716
0.92133
1.0164
0.60279
1.0469
0.79417
0.92153
0.95989
0.72451
0.71601
0.78618
0.70514
0.68498
0.74839
0.78967
0.8048
0.95805
0.48026
0.97
0.98693
0.20057
0.82042
1.0709
0.76763
0.81677
0.9299
0.84524
0.81028
0.81397
0.81887
0.84591
0.79204
0.479
1.0058
0.8109
0.8012
0.78682
0.93921
1.057
0.94172
0.80584
0.61593
0.66468
0.65639
0.579
0.76727
0.8108
0.86815
0.89518
0.69679
0.86051
0.94845
0.74293
0.83616
0.91812
0.94026
0.86845
0.9221
0.78343
0.72092
0.94926
0.76755
0.85779
0.96958
0.7768
0.84521
0.90358
0.92205
0.89409
1.0493
0.65871
0.88755
0.68501
0.71927
0.90158
0.70781
0.78969
0.9197
1.139
0.94131
1.0243
1.0856
0.81558
0.86559
0.73932
0.89266
0.69069
0.80626
0.86352
0.37893
1.0803
0.92608
0.98529
0.90045
0.79467
0.97433
0.66207
0.66348
0.70108
0.83016
0.67723
0.88748
0.59883
0.9543
0.75805
0.76692
0.99423
1.0201
0.86095
0.69595
0.46327
0.7485
0.64208
0.66379
0.95224
0.96054
0.98257
0.98021
0.86176
0.91582
0.82452
0.97897
1.0127
0.80771
0.92905
0.9592
0.65298
1.0174
1.0327
0.86004
0.76863
0.95819
0.94644
0.70779
0.91767
0.5803
0.81707
0.31997
0.72822
0.5845
0.91582
1.2077
0.93911
0.67168
0.80964
0.60325
0.98382
1.011
0.82316
1.0108
0.99987
1.2218
0.67803
0.83065
0.9987
0.83567
0.68121
0.69558
0.92518
0.87177
0.62371
0.79056
0.99875
1.0337
0.70509
0.55687
0.86924
0.98072
0.77656
0.85071
0.92585
0.7049
1.0623
0.70706
0.76568
1.0516
0.98802
0.85654
0.96031
0.82039
0.72052
0.78217
0.64804
0.7556
0.98699
0.93752
1.0104
0.81624
0.74267
1.047
0.91548
0.91458
0.60063
0.7591
0.66267
0.89319
0.94741
0.97123
0.5431
1.1233
0.98195
0.75644
0.74526
0.69665
0.97998
0.7001
0.75713
0.71226
0.72622
0.78869
1.0967
0.69755
0.83962
0.88911
1.0521
0.51549
0.78451
0.71733
0.8621
0.89233
0.98247
0.93779
0.54376
0.89413
0.81346
0.91456
0.87271
1.0026
0.93729
0.71227
0.92703
0.98809
0.82312
0.71236
0.67521
0.67077
0.88455
0.87548
1.1022
0.59099
0.79481
1.124
0.79689
0.86735
0.87306
0.78632
0.60309
0.94066
0.67527
1.0698
0.73391
0.82501
0.81753
1.169
0.56015
0.97017
0.8652
0.7911
0.81527
0.90065
0.76041
0.71272
0.88398
0.95768
0.91572
0.57543
0.70479
0.90757
0.8463
0.94741
0.93199
0.90499
0.74703
0.88265
0.7623
0.94135
0.81406
0.81694
0.80674
0.7039
0.9079
1.0874
0.70509
0.58514
0.88531
0.63171
0.84524
0.36936
0.994
0.86436
0.94693
0.64456
0.725
0.81293
0.78502
1.0274
0.76253
0.8254
0.75058
0.93692
0.67278
0.81293
0.88215
0.92267
0.73011
1.0635
0.81922
0.87112
0.74934
0.3476
0.90295
1.0036
0.99908
1.0192
0.90044
0.93178
0.71406
1.0307
0.55283
0.73406
0.69538
0.77718
0.93481
0.89722
0.96561
0.87253
0.8571
0.78229
0.6264
0.80175
0.96784
0.83243
0.99866
0.81761
0.87467
0.87035
1.053
0.57076
0.8975
0.892
0.59419
0.9155
0.56361
0.7856
0.6799
0.73007
0.74354
0.59781
0.88826
0.4919
0.83602
0.5365
0.85995
0.88281
0.54403
0.62841
0.75266
0.65304
0.88897
0.9037
1.1318
1.0478
0.8192
0.68833
0.75991
0.88609
0.82793
0.84686
0.92888
1.0414
0.65324
0.7445
0.58974
1.0518
0.81734
0.82982
0.91346
0.75794
0.63143
0.83308
0.72982
0.91295
0.94488
0.96572
0.95053
0.88103
0.91063
1.0508
0.74567
0.99437
1.0819
0.75123
0.7782
0.92164
0.95854
1.1146
1.058
0.60115
1.0375
0.58076
0.67428
0.82234
0.98803
0.87071
0.81333
0.69789
0.86773
0.91609
0.97332
0.91512
0.66615
0.58792
0.61397
0.71356
0.63818
0.92848
1.1818
0.80296
1.1085
0.92121
0.8554
0.96894
0.43382
0.91596
0.84065
1.1558
0.90113
0.86642
0.91226
0.63215
0.98505
0.81806
0.99798
0.44702
0.68122
0.7996
0.8478
0.73182
0.93797
1.114
0.52306
0.89241
0.73105
0.77252
1.0058
0.85916
0.93673
0.98873
0.96652
0.87547
0.74525
0.30528
0.9872
0.93447
0.96579
0.86562
0.65697
0.93005
1.0028
0.6908
1.0121
0.97597
0.35471
0.93782
1.0527
0.95692
0.79119
0.89543
0.95632
0.94254
0.92808
0.8221
1.1183
0.99444
0.58392
0.76559
0.6106
0.90895
0.59922
0.8441
0.91691
0.95285
0.61188
0.95085
0.91625
0.99027
0.74746
0.88749
0.38918
0.90951
0.60249
0.98416
0.87429
0.80562
0.89109
0.84285
0.77102
0.96314
0.80844
0.7119
0.83825
0.76873
0.84097
0.81099
0.61082
0.88281
0.85734
1.004
0.57077
0.96457
0.65866
1.0086
0.90057
0.80992
0.83099
0.93506
1.0133
0.68917
0.82073
0.84852
0.57363
0.9867
0.79104
0.76172
1.0348
0.97065
0.99243
1.1366
1.0341
1.0187
0.62518
1.0816
0.66752
1.0177
0.93397
0.75186
0.76727
0.77378
1.0079
0.87989
1.0808
0.79739
0.91182
1.0837
0.96468
0.86916
1.2254
0.89485
1.1947
0.93567
0.63772
1.0915
0.94857
0.58604
0.97611
1.035
0.62359
1.0178
0.60007
1.0461
0.93679
0.69702
0.78612
0.76677
0.6589
0.96596
0.79659
0.8925
0.88381
0.89101
0.59462
0.741
0.84186
1.0082
0.87784
0.78932
0.87337
0.83313
0.99197
1.011
1.1187
0.85741
0.41095
0.99269
0.89396
0.72982
0.96702
0.86118
1.0388
0.97959
0.91716
0.52133
0.99231
0.83405
0.778
0.90683
0.6636
0.43422
0.80006
0.78226
0.86877
0.93316
0.81591
0.64552
0.87906
0.81334
0.70707
0.69233
0.83329
0.60749
0.9733
0.75818
0.73046
1.0153
0.97557
0.80338
0.80631
0.74967
0.95471
0.96896
0.83322
0.49253
0.68039
0.67612
0.84943
1.0271
0.94201
0.89119
0.91366
0.47125
0.81413
0.85272
0.9256
0.90046
0.83067
0.80925
0.85232
0.86742
0.85105
0.38613
0.60764
0.62847
0.85731
0.80968
0.91923
0.94684
0.44565
0.68329
0.75848
0.79834
0.79849
0.49211
0.8814
0.58184
0.79422
1.0179
0.98862
0.90355
0.89177
1.0454
0.58123
0.9027
1.0067
0.84978
0.9758
0.80302
0.65513
1.0095
0.92456
0.71637
0.85331
0.79226
0.96926
0.81365
0.70879
1.0412
0.81354
1.0916
0.54947
1.0115
0.74187
0.66209
0.61426
0.64231
0.65387
0.63543
0.92346
0.95518
0.93957
0.79145
0.75262
0.88084
1.1416
0.84598
0.71493
0.76556
0.90435
1.0294
0.80902
0.77126
0.75437
0.97071
1.09
0.90078
0.68056
1.0315
1.0248
0.96549
0.51813
0.90359
0.79333
0.97887
0.89315
1.0668
0.8843
0.78755
0.88307
0.98912
1.003
0.98282
0.80663
0.66753
1.123
0.98082
0.98806
0.77519
0.87272
1.0768
1.0858
0.84016
1.0242
0.86883
0.41517
1.0039
0.68487
1.0124
0.8497
0.48321
0.85229
0.99655
0.78126
0.77022
0.80765
0.68304
0.98614
0.84889
0.78581
0.59539
0.94058
0.92741
1.109
0.95699
0.61022
0.71125
0.81522
0.77447
0.63013
0.89045
0.71816
1.0065
0.95804
0.86354
0.62838
0.62085
0.85981
0.63262
0.81024
0.85587
0.86674
1.002
0.53143
1.1471
0.92713
0.76796
0.68447
0.92751
0.94135
0.89399
0.9896
0.8525
0.61091
1.1037
1.0113
0.98699
0.6576
0.91307
1.1691
0.8283
0.85204
0.82008
0.70994
0.93537
1.0564
1.0196
0.39168
0.84826
0.80789
0.96988
0.49476
0.86171
1.0614
0.85419
0.60037
0.6751
0.69726
0.7678
0.90934
0.7683
0.77057
0.8499
1.1028
1.0863
0.79938
0.7571
0.55742
1.0675
0.69727
1.0181
0.62632
0.89202
0.75289
1.0493
0.90436
0.71524
0.48572
1.0854
0.90607
0.70942
1.154
0.83078
0.81819
0.76756
0.82903
0.89303
0.59495
0.80765
0.71786
0.76285
0.80125
0.96494
0.6933
0.72626
0.87021
0.73502
0.64382
0.79604
0.74959
0.87333
0.88125
0.82891
0.85594
0.9679
1.1856
0.99301
1.0368
0.89025
0.91325
1.026
0.69936
0.69167
0.67066
0.56349
0.71513
0.79901
0.99856
0.84661
0.90751
0.79354
0.93445
0.67067
0.71925
0.93741
1.022
0.83961
0.63897
1.0533
1.0075
1.0182
0.61896
0.85293
0.78433
0.74288
0.98611
0.76206
1.138
0.37398
0.75906
0.69878
0.95776
1.0726
0.96838
0.80152
0.94993
0.63408
0.65902
0.59739
1.1162
0.98239
0.86825
0.88434
0.81806
0.96071
0.8452
0.74049
0.82002
0.88561
0.83868
0.95616
0.64378
0.96577
0.7887
0.86433
0.98776
0.78988
0.98685
0.85909
0.80429
0.92682
0.71537
0.65626
0.86853
0.378
0.63284
1.1762
0.73775
0.76864
0.98624
0.71859
0.93789
1.0114
0.97726
0.78271
0.69847
0.92679
0.66109
0.93778
0.74704
0.89482
0.75656
0.82753
0.85439
0.55715
0.83254
0.85409
0.71427
1.0853
0.92586
0.84549
0.79739
0.84458
0.95328
0.57492
0.7147
1.012
0.90859
0.70761
0.9922
0.91735
0.80873
0.82097
0.72554
1.0356
1.0742
1.0686
0.40964
0.7681
0.90387
0.89973
0.91741
0.90053
0.76845
0.89779
0.95025
0.70057
0.91621
0.93931
0.68552
0.78465
0.74355
0.74753
1.0265
0.63345
0.88846
1.022
0.72344
0.95262
0.81301
1.0024
0.4585
0.76027
0.87849
1.021
1.1431
0.73082
0.49085
0.51821
0.94727
0.74876
0.91534
0.76706
0.66777
0.435
0.44293
0.78885
0.88085
0.67309
0.72515
0.79279
0.65297
0.93589
0.69335
0.75724
0.92529
0.92722
0.99978
0.5909
0.9355
0.30358
0.99125
0.92717
0.92661
0.501
0.69855
0.81301
0.85775
0.7485
0.5698
0.98208
0.62555
0.57019
0.89306
0.84639
0.83285
0.46239
0.94293
0.7066
0.69141
0.97232
0.63784
0.63961
1.0922
0.8119
0.92546
0.81225
0.62045
0.78988
1.1362
1.0042
0.84874
0.55115
0.99092
0.94245
0.88135
0.91013
0.81799
0.60748
0.73316
0.9851
0.96323
0.59981
0.48714
0.85554
0.96429
1.0486
0.8054
0.83629
0.75721
0.84995
0.82003
0.78897
1.1048
0.89485
0.46285
0.87625
1.0694
0.38326
0.7256
0.8043
0.91558
0.83802
0.90622
1.0297
0.65124
0.9119
0.69701
0.71873
0.69619
0.73711
0.83696
0.38842
0.92471
0.95045
0.86967
0.78528
0.77453
0.924
1.0456
0.29482
1.0399
0.59199
0.74962
0.99823
0.98931
0.70788
0.92072
0.73902
0.90896
0.81997
0.74154
0.68541
0.97988
0.83772
0.88284
0.9343
0.71562
0.86887
0.99216
0.99594
0.71221
0.84344
0.5634
0.84766
0.82773
0.47185
0.61527
0.42487
0.98363
0.80343
0.90976
1.0826
0.85074
0.65416
0.93049
0.95393
0.77441
0.82654
0.89565
0.83995
0.66673
0.56409
0.8135
0.99428
0.83703
0.89529
0.73775
0.48749
0.56731
1.1039
1.0537
0.87654
0.78597
0.8102
0.85074
1.0269
0.53487
0.73321
0.86627
0.96217
0.65651
0.72802
0.92336
0.67598
1.0207
0.83547
0.9326
0.95021
1.0062
0.78627
0.57835
0.67309
0.84483
1.0335
1.0493
1.0143
0.96704
1.0621
0.72498
1.088
0.85088
0.66243
0.84811
0.94098
1.0708
0.84751
0.69586
0.75372
0.76298
0.99897
0.91924
1.0259
0.30427
0.72835
0.57443
0.44499
0.78785
0.877
0.83322
0.85613
0.81398
0.77947
0.76588
0.81742
0.60856
0.5266
0.68501
0.61847
0.70735
1.1283
0.72286
0.91954
0.94281
0.48222
0.88673
0.82469
0.83048
0.89556
1.1599
0.82269
0.986
0.72325
0.73127
0.82309
0.89709
0.81238
0.48913
0.99066
0.81399
0.88393
0.99733
0.93756
0.85629
0.71846
0.78144
0.89957
0.73896
0.63337
0.7828
0.79045
0.76011
1.1286
0.86294
0.54311
1.0464
0.96623
0.93542
0.73829
0.90293
0.71125
0.60213
0.92848
0.60569
0.92358
0.92302
0.74534
0.85504
0.85652
0.9224
0.99593
0.94716
0.78715
0.71085
0.67928
0.68715
0.86133
1.0435
1.0419
0.50661
0.87281
0.86341
0.80845
0.91721
0.80713
1.0563
1.0177
0.87926
0.70157
1.0431
0.92069
0.99783
0.92229
1.0612
1.0388
0.70024
0.95735
0.80932
0.45141
0.59791
1.0307
0.7928
0.80905
0.65683
0.71135
0.99235
0.62619
0.63378
0.65787
0.7741
0.98612
0.5735
0.87696
1.0848
0.78911
0.93328
1.0339
0.82389
0.75701
0.87157
1.0032
1.0104
0.76753
0.83131
0.57648
0.70217
0.69947
0.83917
0.68621
0.9308
0.76492
1.1686
0.59942
0.79111
0.67359
0.78027
0.74465
0.6927
1.095
0.85352
1.0088
0.76377
0.91907
0.83124
1.0471
0.72561
0.96257
0.86443
0.89139
0.71169
0.91888
0.79692
0.68411
0.46407
0.66584
0.70713
0.69035
0.87447
1.0728
0.83482
0.85141
0.83581
1.0249
1.026
0.93647
1.0877
0.69613
0.63623
0.69477
0.91364
0.95877
0.80916
0.9808
0.55843
0.90115
0.95983
0.78824
0.76487
0.84927
0.72592
0.75414
0.65209
0.92736
0.72043
1.0394
1.0322
0.8113
1.1202
0.88318
0.66325
0.6813
0.67206
0.80019
0.81638
1.1157
0.70041
1.0551
0.85703
0.82744
0.86301
0.93964
0.92914
0.90582
0.85727
0.85068
0.96777
0.8039
0.9329
0.79639
0.78299
0.70973
0.74912
0.71414
0.81658
0.93327
1.1317
0.96242
0.98456
0.33584
0.53518
1.0217
0.84895
0.9888
0.86683
0.7987
0.94493
1.0148
0.57077
1.2037
0.94488
0.66171
1.0253
0.61859
0.75859
0.99305
1.0727
0.93188
0.51999
0.66049
0.75127
0.87457
0.68685
0.92357
0.70179
0.55669
0.64178
0.99583
0.69603
0.95625
1.0699
0.81729
1.0269
0.98562
0.70707
0.71637
0.88608
0.76628
0.84297
0.6816
0.81207
0.8598
0.62582
0.89315
0.84221
0.81285
1.0018
0.78488
0.85896
0.59533
0.90097
1.0768
1.1468
0.94307
0.92152
0.91795
0.89188
1.0169
0.87257
0.58658
0.89025
1.0342
0.88101
0.65011
0.62397
0.65813
0.88219
0.89463
0.5936
0.91093
0.69261
0.69863
1.0058
0.87358
0.78703
0.79221
0.79829
0.83342
0.94178
0.70914
0.8787
0.64791
0.72337
1.0348
0.81813
0.80242
0.32413
0.88269
0.95048
1.0148
0.62016
0.8913
0.9272
0.8835
0.6402
0.99937
0.96466
0.76222
0.77069
0.69521
1.0539
0.90909
0.57642
0.99982
0.81863
0.66113
0.78687
0.83045
0.5516
0.6026
0.92986
1.0957
0.80992
0.74917
0.68253
0.83969
0.72116
0.76043
0.75057
0.73524
0.81614
1.0109
0.67406
0.81928
0.53772
1.0451
0.93032
0.74876
0.51223
0.86667
0.52791
1.0395
0.84034
0.91945
1.0405
0.48796
0.89114
0.83936
0.93716
0.42312
0.89492
1.0296
0.65259
0.86113
0.86578
0.92437
0.67987
0.68006
1.0487
0.54263
0.632
0.82691
0.64629
0.64836
0.72238
0.79321
0.81207
0.80499
0.96428
0.81369
0.94693
0.66306
0.64973
0.99116
0.80619
0.75898
0.27048
0.77271
0.85391
0.43088
0.82168
0.94653
0.8737
0.73737
1.0925
0.90769
1.0219
0.69577
0.69149
0.69121
0.65672
0.98243
0.75369
0.90718
0.81481
0.82502
0.78599
0.64469
0.95805
0.83855
0.60583
1.0179
0.89202
0.94856
0.85417
0.85752
0.772
0.86926
0.55605
0.70735
0.90456
1.0571
0.87076
0.65636
0.4645
1.1097
1.1576
0.85796
0.8585
0.76524
1.0159
0.84575
0.61976
0.82288
0.91975
0.95317
0.79486
0.99449
0.52566
0.95081
0.92557
0.92071
0.60809
0.93646
1.0142
1.0497
0.82517
1.0413
0.68431
0.57316
0.94385
0.97657
1.0307
0.87679
0.81274
0.9577
0.88952
0.74717
0.77636
0.61763
0.72492
0.95754
0.52367
0.80591
0.76977
0.64005
0.62793
0.85756
1.0166
0.64113
1.1103
0.68131
0.515
0.8249
0.88271
0.97151
1.0874
0.8916
0.5601
0.75027
0.76084
0.26734
0.88736
0.74059
1.037
0.86907
0.77832
0.94898
0.80703
1.0555
1.0249
0.90369
0.94545
0.81652
0.94275
0.87495
0.91463
0.82717
0.77268
0.78029
0.86775
0.78548
0.76978
0.90298
0.88184
0.83863
0.89688
0.85895
0.92869
0.76534
0.68409
0.57928
0.38793
0.70412
0.65484
0.75815
0.97895
0.88179
1.1127
0.77549
0.51641
1.0098
0.96971
0.57911
0.97219
0.92027
0.87659
0.86028
0.82683
0.52325
0.93311
0.85443
0.91111
0.83918
0.73996
0.82337
0.62237
0.64052
0.68409
0.9301
0.78392
0.63438
0.60611
1.0615
0.69617
0.90911
0.90641
0.90711
0.66053
0.95645
0.66469
0.63896
0.82791
0.90219
0.57345
0.89782
0.52581
1.0763
0.99515
1.0026
0.79202
0.71469
0.83422
0.96944
0.80001
0.80122
0.8449
0.81281
0.80642
0.86773
0.939
0.95054
0.84699
0.74044
1.0524
0.80508
0.80866
1.0535
1.0532
0.68052
1.0283
0.93837
0.56393
0.33873
1.1036
0.74429
1.071
0.60468
0.95192
0.77421
0.8201
0.72354
0.98778
0.89776
0.92592
0.62574
0.89437
0.81031
0.65192
1.0175
0.51525
0.53903
0.73871
0.73199
0.47927
0.77523
0.57409
0.84899
0.93397
0.66546
0.70487
0.54579
1.0319
0.77765
0.63721
0.65424
0.85678
0.51685
0.97993
1.0774
0.94949
1.0161
0.40822
0.49126
0.70815
0.66183
0.74836
0.98472
0.83122
0.67704
0.96907
0.96654
1.0227
0.75079
0.69166
0.71567
0.77892
0.76702
0.91141
1.0734
0.55145
0.87912
0.85698
0.9011
0.97143
0.88183
0.91143
1.0831
0.40999
0.96754
0.68631
0.73359
1.0249
0.66666
0.67043
1.1128
0.67287
1.0356
0.92712
0.56421
1.0218
0.55876
0.65684
0.90285
0.78292
0.94514
0.62442
0.89849
0.94753
0.72583
0.86032
0.57349
1.0573
0.86843
0.85902
0.95907
0.94986
0.75729
0.87512
0.79309
0.81608
1.0333
0.33718
0.84173
0.96756
0.91897
1.0768
0.89583
0.66306
0.83293
0.62101
0.9596
0.82187
0.93285
0.63884
0.80555
1.118
0.57297
0.82479
1.0089
1.07
0.95939
0.40811
0.78628
0.50749
1.2281
0.80059
0.65393
0.94264
0.64778
0.78473
0.89296
0.91131
0.79474
0.71923
1.0552
0.85198
1.0521
0.95722
0.85596
1.0488
0.99216
1.0124
1.0474
0.77173
0.64969
0.83906
0.84304
0.9061
0.92343
0.96893
0.99496
0.46842
0.68429
0.59946
0.9164
0.78933
0.85974
0.70211
0.52984
0.91711
0.60793
0.75518
0.86221
1.0721
0.81633
0.99281
1.0983
0.72133
0.75752
0.90253
0.78665
1.0141
0.7795
1.0702
1.0413
0.9534
0.8354
0.82646
0.89808
0.80252
0.89623
0.67728
1.0597
0.85088
0.72423
0.8067
1.1361
0.93718
0.81022
1.0333
1.1444
0.7339
0.94521
0.58922
0.99158
0.58762
0.50709
0.70969
0.74125
0.94902
0.70724
1.105
0.73414
0.86295
0.93956
1.1432
0.87934
0.97322
0.95571
0.4879
0.77001
0.84432
0.89766
0.89723
0.89868
0.88737
0.55358
1.0269
1.0408
0.99812
0.96958
0.98166
0.95222
0.84387
0.91615
0.86633
1.0058
1.0257
0.78639
1.0149
0.78147
0.82381
1.0136
0.63703
0.86318
0.88809
1.0711
1.227
0.84627
1.1851
0.63594
1.0599
0.8599
0.5047
0.57918
0.58872
0.70178
0.89396
0.74216
0.52962
0.59603
1.0006
0.80534
0.81085
1.0813
0.68049
0.35568
1.0559
0.86083
0.94345
0.86812
1.0844
1.0765
0.88152
0.94693
0.74562
0.82955
0.94996
0.58108
0.77642
1.0896
0.89956
0.90284
0.83229
0.72658
0.78574
0.81844
0.93273
0.72907
0.69138
0.57536
0.74358
0.49973
1.086
0.58777
0.91949
0.79149
0.8247
0.71066
0.81829
0.99005
0.85384
0.65544
0.92194
0.67923
0.69249
0.97194
0.89166
1.1122
0.82233
0.92486
0.80802
0.91081
0.68858
0.8576
0.98854
0.5442
0.62465
0.70499
0.59006
0.93453
0.69936
0.97256
0.83638
0.88319
0.98813
0.86953
0.80625
0.78976
0.38713
0.82888
0.96681
0.93422
1.0238
0.56929
0.63027
0.76829
0.79419
0.95547
0.78713
0.52852
0.60956
0.82916
1.0516
0.78057
0.91931
0.73471
0.86151
0.81366
0.88343
0.6489
0.6824
0.95368
0.70057
0.7698
0.84164
1.0578
0.95739
1.0859
0.4828
0.9637
0.70882
0.78571
0.89433
0.91603
1.0275
1.0295
0.98691
0.79359
0.98671
0.82296
0.65664
0.74768
0.84963
0.75353
0.62024
0.89377
0.76735
0.88561
0.74683
0.84671
0.95632
0.91853
0.7795
1.0233
0.86494
0.79782
0.9449
0.99919
1.0329
1.149
0.90305
1.0152
0.9033
0.73861
0.83888
0.8046
0.73375
0.68539
0.85476
0.89169
0.938
0.62406
0.72035
0.65496
0.80779
0.8647
0.60135
0.98402
0.42982
0.85564
0.86885
0.95629
0.82328
0.61886
0.45519
0.87619
1.0331
0.96522
0.89389
0.80271
0.88172
0.65076
0.97153
0.9421
0.88946
0.85495
0.6718
0.64363
0.96236
0.83131
0.71538
0.94576
0.84146
0.71523
0.81701
0.81118
1.0345
0.86561
0.82
1.1153
0.61441
1.0139
0.88249
0.64884
0.62874
1.0224
0.48763
0.8204
0.63033
1.0351
0.66727
0.69683
1.1025
0.97648
0.67515
0.66285
0.72913
1.0628
0.72535
0.49048
0.89667
0.90513
1.1346
0.78376
0.87113
0.6815
0.94163
0.91655
1.013
0.96002
0.66279
0.85652
1.0295
0.86778
0.99042
0.75274
1.162
0.99579
0.65514
0.7404
0.94117
1.0276
0.58257
0.96815
0.79748
0.84342
0.95585
1.0905
0.82462
0.75722
0.47229
0.81034
0.89139
0.59879
0.98014
0.99935
0.81222
0.86279
0.77453
0.81122
0.60525
0.79873
0.90094
0.92192
0.67399
0.66687
0.65845
0.79682
0.87807
1.0433
0.9181
0.95098
0.99619
1.0713
0.58411
1.0586
0.81435
0.78695
0.68707
0.82438
0.9666
0.92827
0.73067
0.78648
0.83513
0.78345
0.58547
0.59483
1.178
1.0445
1.1047
1.0315
0.73308
0.82909
1.0425
0.9009
1.036
0.8553
0.71821
0.65667
0.52132
0.88619
0.94742
0.85415
0.99935
0.9343
0.81778
1.132
0.9284
0.73758
0.65197
0.76739
0.58619
0.83441
0.70778
0.92458
0.80296
0.78958
0.87481
0.9083
0.85087
0.51161
0.81178
0.57413
0.93832
0.87125
0.91652
0.77691
0.9412
0.68842
0.42488
0.76591
0.54436
0.8923
0.7829
1.0122
0.67331
0.62035
0.46403
0.92428
0.66921
1.0755
1.029
0.80463
0.65519
1.0339
0.86577
0.79313
0.76807
0.87579
0.93477
0.60567
0.69335
0.82447
0.77566
0.64009
0.82607
0.74276
0.94928
0.8681
0.79949
0.62215
0.7828
1.0326
0.91867
1.0942
0.92669
0.99004
0.78519
0.79314
0.70129
0.83796
0.70277
0.46403
0.88132
0.98845
1.0974
0.73217
0.81449
0.80194
0.91136
0.87585
0.80695
0.70152
0.83923
0.66199
1.0186
0.67144
0.87048
1.1004
1.0122
0.91502
0.86251
0.66675
0.62016
0.75632
0.70791
0.90028
0.98767
0.94673
0.96592
0.99844
0.63377
0.58551
0.61865
0.83345
0.78845
0.88625
0.87553
0.68455
0.99889
0.92307
0.95966
0.67466
0.78153
0.83463
0.81975
0.75969
0.80164
0.91134
0.69198
0.61784
0.76595
1.0814
0.86868
1.034
0.81158
0.71813
1.0094
0.75024
0.84404
0.88688
0.78318
0.99892
0.76874
0.51303
0.71195
1.0835
0.81242
0.82018
0.521
0.71924
0.82145
0.8068
1.0493
0.95635
0.89452
1.004
0.96406
0.82628
0.74356
0.59949
0.61904
0.99823
0.87317
0.67116
0.86902
0.75203
0.761
0.81353
0.99433
0.80785
1.0455
0.85179
0.64792
0.72663
0.69436
0.57758
0.90285
0.86922
1.0973
0.76375
0.92019
0.71972
1.1014
0.86258
1.0235
0.64483
0.61976
1.0085
0.97664
0.83119
0.96871
0.82345
0.87823
1.0602
0.8089
0.6139
0.95147
0.98081
0.68511
0.7033
0.49632
0.91357
0.75561
1.0594
1.0005
0.39765
0.92292
0.89671
0.95283
0.82306
1.0785
1.092
0.95817
0.87277
0.874
0.60889
0.80071
0.5556
0.96714
0.77707
1.0895
0.91382
0.83105
0.96799
0.87562
0.80763
0.7916
0.97574
0.86983
0.94346
0.75235
0.75289
0.96815
1.0884
0.86084
0.92677
0.85194
0.57554
0.98484
0.6249
1.0524
0.75297
0.87881
0.89974
0.84046
0.98332
0.69361
0.59512
0.89188
0.8882
0.94343
0.75764
0.90934
0.87732
0.66583
0.72386
1.1301
0.92902
0.66614
0.65716
1.0405
0.68288
0.60687
0.71204
0.98277
0.89111
1.0183
0.37538
0.60623
0.73559
0.94452
0.85627
0.87435
0.94238
0.73118
0.86334
0.77605
0.8581
0.56531
0.7838
0.82648
1.2227
0.56823
0.62037
1.0277
0.73346
0.93686
1.1683
0.93371
0.6097
0.82557
0.89991
0.68357
0.70637
0.86546
1.0525
0.7283
1.1631
0.98385
0.90488
0.68189
1.0074
0.91497
0.82688
0.99369
1.0237
0.54347
0.52693
0.92851
0.92104
0.6548
0.8095
0.95119
0.63815
0.75274
0.84362
0.81364
0.85149
0.84425
0.78316
0.67597
0.51475
0.82007
0.98677
0.98288
1.1145
0.7343
0.50763
1.163
0.77867
0.92353
0.77473
1.0304
1.0064
1.0817
0.77178
0.96899
0.79592
0.8137
0.67595
0.95425
0.75105
0.89474
0.54792
0.56606
0.87744
0.77012
0.89454
0.85219
1.0684
0.92876
0.76421
1.0434
0.88716
0.96932
0.5007
0.62348
0.81071
0.84076
1.0921
1.0395
0.75845
0.79633
0.72621
0.89389
0.78157
1.0212
0.53243
0.99481
0.82793
0.61269
0.50296
0.68936
0.54388
0.78714
0.98435
0.73096
0.93812
0.77662
1.0507
0.85038
1.052
0.65836
0.90558
0.81027
1.1084
0.74165
0.51541
0.96539
1.1153
0.8254
0.6768
0.98133
0.82268
0.79167
0.89327
0.84045
0.69852
0.74998
0.82638
0.82407
0.65971
0.57861
0.57562
0.83976
1.0641
0.98084
1.0429
1.0728
0.9715
0.84782
0.75659
1.0501
0.62826
0.75578
1.0324
0.74697
0.89888
0.76259
0.93724
0.82498
0.94783
0.80127
0.78746
0.91447
0.82203
0.8319
0.92993
0.8406
0.81091
0.81372
0.55915
0.83374
0.81853
0.81636
1.0487
0.80683
0.5926
0.96244
0.52274
0.71091
0.73735
0.84163
1.0322
0.82916
0.75306
0.87802
0.96772
0.83484
0.55057
0.93148
0.62943
0.78717
0.75281
0.73481
1.0548
0.4679
0.68268
0.78715
0.69529
0.98948
0.96663
0.88699
0.94761
0.94186
0.6613
0.54176
0.70765
0.82676
0.9644
0.81078
0.77452
1.0673
0.94781
0.80765
1.0717
0.91683
0.50787
0.86921
1.096
0.51086
0.88697
0.51935
0.34085
0.81476
0.51308
0.86774
0.98586
0.81971
0.81678
0.64136
0.87355
0.74712
0.7849
0.74217
0.54294
0.87103
0.70027
0.8438
0.7166
0.96058
0.70696
1.0202
0.56099
1.0017
0.80259
0.53283
0.74112
0.67302
0.97888
0.78321
0.93685
0.69973
0.75626
0.98851
0.73262
1.1212
0.63385
0.53493
0.75447
0.83266
0.71596
0.98339
0.64454
0.69255
0.74346
0.93474
0.74699
0.99269
0.82918
0.66828
0.95907
0.66212
0.80253
0.8276
0.53925
0.52977
0.71118
0.94004
1.1618
0.85195
0.94493
0.74653
0.75135
0.84799
1.2625
0.88689
0.87843
0.93077
0.75786
0.66778
0.57603
0.73634
1.1529
0.92412
0.86478
0.49448
0.69794
0.83396
0.93675
0.93498
0.60145
0.57223
0.82007
0.76469
1.0562
0.49204
0.81758
0.77764
0.61012
0.42154
0.42186
0.65421
1.0409
0.95692
0.92752
1.0237
0.89093
0.86396
0.79665
1.0874
0.84876
0.6885
0.94338
0.69195
0.86556
0.90911
0.84394
0.81924
0.55575
1.0695
0.83091
0.70413
1.0262
0.83783
0.88199
0.76824
0.82339
0.52162
0.92178
0.89937
0.82273
0.86471
0.90918
0.64389
0.82574
0.80815
0.51183
0.71121
1.0739
0.98468
0.71852
0.88034
0.65234
1.0483
0.60919
0.8049
1.0196
0.87184
0.94215
0.58772
0.95511
0.90166
0.68453
0.84575
0.89249
0.84778
0.89903
0.87825
1.091
0.72168
0.85754
0.7729
0.76632
0.76721
0.84027
0.90566
0.68886
0.80526
0.50146
0.55377
0.5871
1.02
0.7137
0.82797
0.78705
0.52846
1.0691
0.85975
0.95801
0.90821
1.0123
0.84872
0.96889
0.91351
0.9412
1.0087
0.77751
0.89352
0.84761
0.77469
1.0748
0.5147
0.67468
0.91211
0.63137
0.49659
0.84074
0.87739
0.76017
0.86542
0.82321
0.81444
0.99339
1.1024
0.69435
1.0092
0.86558
0.99082
1.1328
0.80725
0.73873
0.86338
0.99062
0.72718
0.90986
0.98221
1.1439
0.7532
0.80745
0.75045
0.73201
0.82661
0.95269
1.0432
1.0106
0.67569
1.0381
0.94892
0.8411
0.8544
0.75251
0.94358
0.54696
0.86631
0.71129
0.58883
0.41891
0.87279
0.8578
0.99613
1.0433
0.7007
0.88888
1.0231
0.92834
0.88994
0.72936
1.0115
0.65105
0.71729
0.84108
0.84926
0.74761
1.029
0.70412
0.96777
0.8163
1.0513
0.89376
0.65091
1.0411
0.53878
0.71289
0.76856
0.79266
0.68584
0.87268
0.81456
0.33345
0.91853
0.85303
0.75483
0.70896
0.90505
0.93238
0.7528
1.0172
0.73604
0.90404
0.88906
0.42359
0.65546
0.6634
1.1898
0.67791
0.97557
0.97147
0.73694
1.0424
0.74733
0.64511
0.49946
0.94381
0.6638
0.72363
1.0861
0.78322
0.69588
0.72188
1.0218
0.73337
0.76106
0.87082
0.78134
0.72868
0.8143
0.87914
0.90777
0.62252
0.80805
1.1172
0.83258
0.54191
0.86536
0.90548
0.90965
0.8944
0.63081
0.85937
0.78023
0.81535
0.86931
0.98071
0.8178
0.91586
0.93378
0.80184
0.86043
1.0478
0.54986
1.0143
0.9131
1.0826
0.93767
0.85094
0.67907
0.68178
0.79378
0.85127
0.88182
0.74229
0.92883
0.84385
0.956
0.75701
0.67225
1.0328
1.0567
1.047
0.85616
0.7231
0.91105
0.69712
0.78897
0.93902
0.82585
0.7875
0.70046
1.0075
0.88436
0.77638
0.86681
0.80947
0.45186
0.9239
0.61212
0.92932
0.64189
0.76687
0.66417
0.84328
0.96481
0.66703
0.62092
0.7964
0.98272
0.76422
0.73134
0.86387
0.65115
0.92844
0.85921
0.81791
0.82156
0.5458
0.76828
0.68009
0.91538
0.78695
0.77269
0.95721
0.84322
0.78765
1
0.43899
0.75489
0.8189
0.55643
0.68042
0.95443
0.85155
0.72857
0.83029
0.75018
0.89549
0.90197
0.6464
1.0053
0.71374
0.80931
0.95625
0.58801
0.63505
0.91578
0.50845
0.86016
0.67352
0.40917
0.91094
1.0047
0.80422
0.96933
0.71695
0.56252
0.67604
1.0549
0.71861
0.91816
0.46845
0.65069
0.52423
0.55073
0.89031
0.68238
0.82589
0.76722
0.93512
0.44301
0.80737
0.82912
0.65974
0.92293
0.75542
0.73752
1.0456
1.0072
1.0749
0.93506
1.0422
1.0727
0.91601
0.87756
0.84146
0.78978
0.8793
0.84222
0.88838
1.0712
0.80296
0.98202
0.55445
0.77375
1.0919
0.90315
0.59562
0.96721
0.6602
1.1
0.96718
0.81306
0.83631
1.0205
1.1117
0.865
0.71198
0.79096
0.75284
0.96376
0.76642
0.99558
0.73056
0.61558
1.0027
0.94054
1.0371
0.98659
0.31394
0.91409
0.50639
0.56318
0.72341
1.0126
0.78368
0.94562
0.98076
0.71699
0.93805
0.70876
0.99636
0.64515
0.84624
0.68589
0.64123
0.70142
0.78938
0.9058
0.99625
0.77161
0.91751
0.97014
0.82191
0.80647
1.0107
0.65645
0.78199
1.0057
0.84328
0.79444
0.491
1.0872
0.88743
1.0646
0.33112
0.92763
0.97171
0.87829
0.94836
0.95947
0.85806
0.73522
0.96388
0.50393
0.97554
0.65261
0.79256
0.89489
0.77021
0.87877
0.79382
0.61696
0.91171
1.0908
0.65252
1.0647
0.63986
0.88487
1.0418
1.0629
0.91349
0.69628
0.85001
0.77147
0.93701
1.0003
0.96319
0.87406
0.42703
0.69646
0.9193
0.9859
0.90702
0.57463
0.97734
0.96682
1.1373
0.97325
0.99183
0.9726
1.0707
0.83527
0.76438
0.60445
1.0934
0.96824
0.82128
0.88129
0.98513
0.47231
0.94313
0.93304
1.0314
0.44619
0.88841
0.93782
0.74303
0.8721
0.75946
0.85264
0.64938
0.68726
0.86575
0.83423
0.98909
0.78926
0.73546
1.0287
0.68598
0.56748
0.39377
0.82951
0.85012
0.86349
0.87181
0.96951
0.91871
0.90011
0.85637
1.0202
0.80831
0.89175
0.94037
0.696
0.63011
1.0654
0.95492
0.93592
0.8603
0.836
0.86791
0.88238
0.98085
0.54948
0.71475
0.87976
0.51375
0.99529
0.99526
0.88328
0.66612
0.80825
1.0806
0.91029
1.0322
0.84913
0.71453
0.86192
0.906
0.87922
0.51118
0.87837
1.1375
1.0378
0.74271
0.68447
1.0766
0.8029
0.8849
0.59578
0.90245
0.96834
0.90107
0.85241
0.78659
0.5418
0.8302
0.69013
0.73026
0.69704
0.39806
1.0512
0.8602
0.71241
1.0695
0.85846
0.37148
0.78087
0.86886
0.93123
0.87098
0.66433
0.80304
0.51745
1.0385
0.93685
0.63179
0.82691
0.90733
0.88485
0.91399
0.5967
0.83026
0.85224
0.98446
0.66173
0.69628
0.66849
0.88903
0.85671
0.8626
0.86483
0.54697
0.94434
0.98429
0.80226
0.73775
0.74761
0.427
0.42971
0.85257
0.96318
0.72394
0.56577
0.80488
0.71987
0.66922
1.0681
0.57053
0.88704
0.93922
0.63752
0.93315
0.90101
0.9205
0.99941
1.0265
0.88522
0.88038
0.90055
0.95595
0.65581
0.89397
0.60095
0.69766
0.79591
0.76445
0.74184
0.96308
0.3348
0.95974
0.84467
0.84174
0.67927
0.89691
0.79475
0.63103
0.59419
0.59419
1.0043
0.91615
0.91219
1.0814
0.57465
0.32386
0.86934
0.93484
0.56325
0.85576
0.84125
0.69448
0.86033
0.56616
0.55926
0.76198
0.99806
0.99648
1.0402
0.61315
0.72981
0.60047
0.43673
0.57359
0.79374
0.89635
1.0001
1.0134
1.1865
0.85426
0.8927
0.88255
1.0854
1.0838
0.85841
0.78517
0.70981
1.01
0.93025
0.7461
1.0231
1.0798
0.82983
0.85455
0.91371
0.58636
0.98855
0.77446
1.1065
0.9503
1.0769
0.78525
0.88337
0.79601
0.96499
1.0928
1.0709
0.96606
0.86767
1.0303
0.83252
0.94505
0.62802
0.62141
0.74745
0.89903
0.78072
0.92835
0.71518
1.075
1.0787
0.7806
1.0155
1.0934
0.50457
0.94968
0.95643
0.77906
0.93448
0.71464
0.80101
0.96692
0.51732
0.68637
1.013
0.75976
0.60301
0.63191
0.85
0.62595
0.83822
0.92745
1.0733
0.65877
0.73512
0.93902
1.0497
0.7517
0.94062
0.79131
0.49537
0.86554
0.82131
0.77333
0.75669
0.83597
0.74841
1.2014
0.55517
0.88736
1.0068
0.44843
0.99515
0.86124
0.87368
0.70217
0.60399
1.0188
0.91078
0.84023
1.0152
0.54854
0.58154
0.70226
0.83512
0.72541
1.0008
0.96294
0.8269
0.91795
0.91261
0.61582
0.78069
1.0264
0.42099
0.92313
0.86052
0.9076
0.93196
0.80216
0.9921
0.97632
0.74746
0.66864
1.1074
0.67315
0.68082
0.83085
0.54812
0.91839
0.6748
0.74166
0.94517
0.89557
0.90741
1.0565
0.73469
0.7787
0.65435
0.76329
0.69587
0.87101
0.79034
0.95989
0.9833
0.87236
0.91125
0.84033
0.80442
0.87618
0.89508
0.45533
0.59493
1.0645
0.72442
0.86374
0.41642
0.90186
0.87528
0.91824
0.75672
0.55112
1.0499
0.69401
1.1089
0.87
0.91683
0.66865
0.77272
0.98908
0.79303
0.63616
1.0353
0.9069
0.56773
1.0133
0.64416
0.89252
1.0236
0.77759
1.1198
0.68926
0.99148
0.91128
1.043
0.83355
0.88373
0.70559
0.63372
0.25697
0.99823
0.85718
0.58657
0.9945
0.99893
0.66906
1.0441
0.82042
0.891
0.72507
0.88437
1.0106
0.9124
1.0322
1.0385
0.93936
0.96889
0.97854
0.62249
0.93539
0.91887
0.84949
0.84425
0.6825
1.1328
1.0956
0.97933
0.58417
0.96275
0.49685
0.81589
0.77142
1.0054
0.90175
0.77511
0.84289
0.77936
0.80742
0.96801
0.80056
0.73458
0.71119
1.0384
0.64797
0.85735
0.72662
0.9972
1.0773
0.95923
0.95634
0.86523
0.88154
0.76867
0.70497
0.80791
1.0179
0.73053
0.69629
0.46816
1.0688
0.72084
0.65246
0.88493
0.48922
0.85747
1.1467
0.69678
0.69116
0.94583
0.84112
0.91296
0.69444
0.94317
0.8421
1.0247
0.69952
0.62159
0.8226
0.96399
0.98509
0.91864
0.49485
0.80718
1.1079
0.74465
0.7726
0.90658
0.5629
0.9036
1.1241
0.59765
0.83104
0.89749
0.95482
0.81511
0.9114
0.89319
0.81836
0.72356
0.87087
0.62855
1.1414
0.97331
1.0258
0.82783
0.95537
0.66529
0.762
0.73146
0.91975
0.87571
1.0695
0.87417
0.70169
1.1236
0.83018
0.77391
0.79805
0.96331
0.72949
1.0947
0.87111
0.79272
0.77546
0.83601
0.73918
0.71714
0.94868
0.74448
0.72601
0.98302
0.86488
1.1253
0.8392
0.81126
0.71145
0.77521
0.64075
0.69461
0.86239
0.62887
0.83407
0.39359
1.0254
1.0022
0.69942
0.71456
0.85389
0.55023
0.60236
1.0175
0.68336
0.71934
0.88369
0.76716
0.63327
0.85113
0.72799
0.84199
0.86537
0.82306
0.90003
0.9869
0.69947
0.72862
0.89617
0.59774
0.81617
1.0019
0.77248
0.67851
0.85262
1.1768
0.73174
1.0739
0.79624
0.5396
1.008
0.72623
0.73258
0.70371
0.5092
0.64348
0.70597
0.84986
0.98885
0.95495
0.98121
0.78185
0.90244
0.82862
0.56632
0.91305
0.9446
0.7133
0.80265
0.85755
0.67149
0.78146
1.0205
0.73798
0.72993
0.74091
1.0629
0.49972
0.67752
0.94313
0.61475
0.95112
0.81582
0.82152
0.91377
0.78662
0.8578
0.64803
0.82047
0.71202
0.74989
0.80655
0.6649
0.75941
0.9091
0.64316
0.59152
0.92696
0.66346
0.83827
0.88079
0.58242
0.97628
0.99256
0.97075
0.65247
0.8409
0.93557
0.65021
0.97979
1.0198
0.83728
0.74766
1.0302
0.6868
0.54883
0.78045
0.82438
0.75406
1.0812
0.90448
0.8632
0.74028
1.056
0.91936
0.81837
1.095
0.94259
1.0025
1.0035
0.90839
0.90007
0.84793
0.65028
0.77496
1.0642
0.75195
0.87453
0.83863
0.87723
1.0668
0.77312
0.78836
0.83455
1.0327
0.68406
0.93668
0.88772
0.91988
0.57096
0.68086
0.51191
1.1432
0.98989
0.84422
0.84484
0.79944
0.94112
0.96832
1.0312
1.0205
0.82104
0.66717
0.8557
0.8013
0.77546
0.72933
1.101
0.87251
1.0034
0.65721
1.0246
0.96166
0.85384
0.76388
0.77556
0.95796
0.94315
0.82577
0.70338
0.54777
0.8734
0.82278
0.78048
0.6207
0.77573
0.94965
0.88466
0.70605
1.0099
0.85008
1.0724
0.91838
0.81298
0.91318
0.8303
0.87065
1.0274
0.79629
0.7766
1.0352
0.8738
0.99257
0.45579
0.80846
0.55035
0.87355
0.96382
0.71399
0.81331
0.87111
0.95019
0.86088
0.52725
1.1078
0.81531
0.76754
1.03
0.89401
0.95929
0.70017
0.65442
0.50527
0.85602
0.87731
0.93276
1.0755
0.83454
1.0237
0.98633
0.92952
0.93562
0.75469
0.73589
0.78513
0.60104
0.81295
0.76598
0.65528
1.0709
0.90076
0.53772
0.58233
0.91499
0.95554
0.96475
0.9875
0.81081
0.94338
0.87602
0.94697
0.92322
0.68805
0.75058
0.94736
0.84044
1.0683
0.89337
0.90044
0.67362
0.98835
0.70225
0.97817
0.92803
0.9611
0.85346
0.603
0.81814
1.028
0.65674
0.82536
1.0195
0.61684
0.8482
0.80688
1.0164
0.83979
0.99331
0.86192
0.7913
0.90466
0.89335
0.48371
1.0292
0.57404
0.64733
0.70664
1.0365
0.89746
0.61995
0.67318
0.96836
0.93932
0.75288
0.85846
0.94264
0.76121
0.80625
0.99846
0.99147
0.80496
0.96904
0.94468
0.65053
0.90698
0.55125
0.90203
0.77713
0.85396
0.60885
0.83333
1.1208
0.98469
0.57627
0.98952
0.24991
0.96446
1.0579
0.86734
0.74748
0.69474
0.52892
0.42729
0.61594
0.67452
0.97847
0.9681
0.79789
0.72966
0.83412
1.0205
0.91234
0.8596
0.98499
0.89727
0.76368
1.0478
0.81733
1.053
0.62963
1.1015
0.81597
1.0648
0.86049
0.7403
0.77712
0.78926
0.91916
1.0276
0.87161
0.99865
0.76664
0.65198
0.89393
0.92957
0.97291
0.71863
0.78352
0.63889
1.0376
0.82195
0.95247
0.54849
0.78176
0.64957
0.67344
0.90835
0.86194
0.91502
1.0186
1.1239
0.63376
0.86506
1.0327
0.80895
0.86498
0.89668
0.64848
0.61357
1.1247
1.0045
1.0158
0.91362
1.0751
0.77524
0.80083
0.82239
0.88066
0.63911
0.77111
0.76521
0.82341
1.0851
0.85071
0.75595
0.7777
0.8833
0.98509
0.92436
0.92286
0.8933
0.90661
0.93612
0.75821
0.95158
1.0313
1.0186
0.84609
0.7988
0.8098
0.65438
0.72229
0.90174
0.88411
1.0269
0.61027
0.90718
0.78719
1.1154
0.72406
0.47501
0.9337
1.0401
0.94458
0.64658
0.50159
0.94402
0.7513
0.84817
0.76165
1.0596
0.90837
0.92763
0.84119
0.88203
0.60643
0.83036
0.98573
0.69297
0.74176
0.95922
0.91192
1.0657
0.54513
0.79327
0.97733
0.81254
0.9573
0.9543
0.86705
0.94095
0.96124
0.68982
1.1103
0.66872
0.75215
0.70778
0.71275
0.96813
0.69767
0.76495
0.70922
0.90519
1.1032
1.0062
0.72324
0.74382
0.7261
0.84687
0.81887
0.61425
0.43592
0.90519
1.0302
1.0104
1.0755
0.61887
0.83519
0.66604
1.138
1.0712
0.75945
0.60481
0.77478
0.76948
0.81293
0.84483
0.76337
1.0366
0.82208
0.99576
0.96236
0.86227
0.76514
0.87148
0.62897
0.88416
0.46371
0.98864
0.62746
1.0504
0.72245
0.70577
0.97001
0.68747
0.72528
0.78259
1.0137
0.84365
1.0267
0.63643
0.55301
0.96122
0.86681
0.8716
0.60472
1.0457
1.0649
0.61729
0.69735
0.83053
0.70801
0.89776
0.45807
0.62811
1.0329
0.86525
1.0064
0.85891
0.70512
0.88206
0.63968
0.75267
0.72206
0.99096
0.94401
1.0782
0.59983
0.9223
0.84358
0.931
1.0276
0.75206
0.81918
1.0537
0.90265
0.94522
1.071
0.68423
0.77836
0.95131
0.6371
1.1738
1.1757
0.74746
0.89511
0.82324
1.0096
0.75207
0.74002
0.98621
0.94583
0.86376
0.67137
0.6418
0.72297
0.73511
0.86687
0.75704
0.92641
0.8374
0.91441
0.94018
0.77972
0.80517
1.0578
1.0183
0.86179
0.99133
0.9833
1.0565
0.61355
0.66863
0.55832
0.81791
0.82621
0.47372
1.0543
1.1244
0.99228
0.82248
0.85581
0.46783
0.81796
0.92758
0.92473
0.74258
0.99873
0.9056
0.85158
0.85738
0.92607
0.79649
0.96826
0.94448
0.79859
0.92856
0.92638
0.82113
1.1995
0.98908
0.69932
0.60963
1.0965
0.64765
1.0748
0.85552
0.86223
0.77097
0.88535
0.83624
0.78245
0.65837
0.92448
0.94966
0.74982
0.69977
0.81976
0.79402
0.91675
0.71219
1.12
0.96148
0.85723
0.93923
0.84733
0.71328
0.71797
0.91649
0.85612
1.035
0.89796
0.84477
0.46907
0.74898
0.80601
0.82866
0.71798
0.77173
0.62292
0.77138
0.84745
1.1465
0.86428
0.79152
1.1062
0.97702
1.0836
0.695
0.94165
0.90761
0.37282
0.93177
0.5447
0.94768
0.86278
1.0328
0.94383
0.68511
0.62805
0.7889
0.7064
0.72481
0.86454
0.71392
0.94034
0.57171
0.69509
0.76656
1.0061
0.77427
0.91533
0.67016
0.72951
0.98694
0.89114
1.1582
0.74165
0.92452
0.82317
0.78428
0.81297
0.97647
0.41931
0.89233
1.0901
0.85092
0.723
0.78291
0.52754
0.78825
0.65043
0.81891
0.82539
0.56523
1.0262
0.74781
0.84997
0.86429
0.92438
0.80839
0.6794
1.0159
0.85235
0.57857
0.70266
0.77137
0.82741
0.94544
0.69564
0.66019
1.0076
0.62409
0.84638
0.80564
0.98892
0.4789
0.44056
0.7937
0.8472
0.76373
1.0051
0.76633
0.98379
0.44532
0.90649
0.39896
0.80938
0.80465
0.88332
0.94575
1.0562
0.76809
0.74184
0.73617
0.98264
0.58986
0.66919
0.70535
0.62258
0.85484
0.82124
0.84678
1.006
0.80589
0.90511
0.92575
0.9291
0.69324
0.4115
1.016
0.77493
0.54819
0.6779
0.49257
1.0295
1.0766
0.90009
0.98124
0.91165
1.015
0.71344
0.87635
0.81314
0.74495
0.86935
0.72697
1.052
1.054
0.99585
0.96519
0.80927
0.89082
1.0476
0.66184
0.68111
1.0721
0.90384
0.99114
0.83937
0.55769
0.70382
0.76127
0.88397
0.60706
0.95537
0.78072
0.6927
0.74691
0.36459
0.7981
0.45205
0.91341
0.73028
0.94562
0.62452
1.059
1.0366
0.87298
0.94462
1.001
1.0427
0.9458
1.0383
0.78215
0.88622
0.76457
0.58369
0.85666
0.81467
0.94169
0.73817
1.0894
0.60375
0.59582
0.6762
0.83219
0.91298
1.0602
0.94475
0.6701
0.63925
0.87779
0.88118
0.81275
0.83568
0.83234
0.83867
0.79338
0.76904
0.9301
0.81821
0.90745
0.797
1.0773
0.58047
1.0705
0.98216
0.70349
0.94851
0.88389
0.6365
0.5423
1.0855
0.72444
0.71954
0.68553
0.80361
0.83957
0.85114
0.74309
0.7673
0.56997
0.97428
0.84089
0.95839
0.79913
0.76017
0.93087
0.83547
0.87814
0.93307
0.94603
1.0435
0.94873
1.0262
0.47297
0.84955
0.56775
0.82416
0.59865
1.0758
0.84663
0.81692
0.65241
0.65888
0.85917
0.47821
1.2786
1.0707
0.7822
0.77059
0.56074
0.88303
0.85561
1.0135
0.51343
0.87516
0.6077
0.92565
1.096
0.51881
0.87018
0.55222
1.0502
0.85692
0.89236
0.93177
1.0843
0.79377
0.98443
0.84071
1.184
1.1239
0.86346
0.81494
0.90132
0.89123
0.93552
1.1544
0.61699
0.763
0.97869
0.97798
0.72388
0.73058
0.86568
0.97233
0.89637
0.64526
1.1072
0.78512
1.0638
0.89239
0.85704
1.0691
0.69583
0.53869
0.82969
1.0776
1.0576
0.90591
0.90996
0.97294
1.0654
0.53199
0.99854
0.65627
0.87807
1.1454
0.87288
0.84928
0.51958
0.87031
0.72799
0.89605
0.9124
0.73752
0.39557
0.64902
0.73792
0.65238
0.94974
0.87685
0.64431
0.67953
0.72692
0.92442
0.86192
1.015
0.76549
0.76616
0.79278
0.8196
0.76236
0.94117
0.97581
0.76682
0.86117
0.99862
0.85642
0.79851
0.73117
0.65836
0.58061
0.47078
0.93163
0.93577
0.54171
0.89833
0.99396
0.81959
0.66718
0.83509
0.73193
0.68895
1.0946
0.93598
0.91446
0.88649
0.68171
0.59646
0.89098
0.96835
0.81139
0.48198
0.82005
0.99099
1.0479
0.96129
0.77137
1.057
0.83336
0.97067
1.133
0.7798
0.87717
0.57734
0.61866
0.42287
0.87683
0.89634
0.93889
0.94384
0.96018
1.0536
1.051
1.101
0.57329
0.68873
0.75916
1.061
0.86314
1.0846
0.66784
0.7211
0.91972
0.70598
0.89618
1.0245
0.7723
0.83474
0.61995
0.83324
0.92474
0.91331
0.64881
0.85902
0.90549
0.95705
0.89751
0.88823
0.72271
0.50758
1.0926
0.95046
0.71946
0.67961
0.74572
0.84165
0.9783
0.97092
0.82564
0.58636
0.91406
0.75435
0.94947
0.57823
0.91291
0.83981
0.8036
0.65457
0.9394
1.1425
0.75442
1.0322
0.78794
0.78617
0.97429
0.86162
0.87255
0.57762
0.63229
0.90838
1.0053
0.94735
1.0449
1.0535
1.0732
0.7618
0.90498
0.93389
0.83419
0.86955
0.88799
0.97187
0.74732
1.023
0.7874
0.92015
0.80364
0.86961
1.0512
0.90308
0.74351
0.97969
0.81713
0.71297
0.75638
1.0776
0.8323
0.47286
1.0658
0.83829
0.78048
0.58093
0.86049
0.98034
0.9176
0.93755
0.80451
0.69505
0.79793
0.75587
0.85528
0.90839
0.89725
0.81014
0.6976
0.94035
0.88014
1.0125
0.95217
0.77577
0.89393
0.82422
0.70817
1.0304
1.0514
1.0524
0.74367
0.79193
0.56703
0.78365
0.70853
0.73728
1.0317
1.069
1.1
0.73011
0.64398
0.9214
0.7209
0.91006
0.75916
0.96088
0.7503
0.84154
0.69991
0.83005
0.82882
0.96898
0.61148
0.94398
0.80313
0.64841
0.88452
0.75641
1.0187
0.67103
1.0398
0.88099
0.6859
1.1294
1.1566
0.62162
0.84972
0.74351
1.0067
0.72542
0.96504
0.90948
0.79658
0.902
0.68217
0.74601
0.66883
0.56259
1.0263
0.82197
0.88324
1.1306
0.40935
0.85548
1.0854
0.72245
0.89899
0.94125
0.73505
0.52811
0.98008
0.6218
0.95217
0.81931
0.87169
0.69019
0.71963
0.99003
0.76844
0.92247
0.73859
0.99685
0.80138
0.46018
1.0038
0.85366
0.45465
0.45166
1.0214
0.72777
0.56955
0.82659
0.85361
1.0109
1.0294
0.28705
0.66508
0.88686
0.66209
0.4184
0.91765
0.87384
0.64215
1.0431
0.36283
0.92046
0.65366
0.69838
0.69754
1.1378
0.49986
0.94252
0.46151
1.0504
0.72694
0.69245
0.90615
0.82195
0.91987
0.62891
0.69686
0.51993
0.92614
0.91517
0.7994
0.72925
0.66712
0.88391
0.85564
0.31093
0.67659
0.5869
0.99139
0.92744
0.9425
0.82134
0.98918
0.78616
1.0527
1.0751
0.7036
0.45594
0.80849
0.65319
0.75161
0.70474
0.69351
0.95735
0.77262
0.69742
0.88029
0.87579
0.88402
0.67428
1.2039
0.73255
0.9317
0.67698
0.72115
0.8789
0.81251
1.1067
0.5496
0.89709
0.9511
0.79439
0.79199
0.6912
1.0517
0.89319
0.6648
0.97065
0.88725
0.73288
0.82941
0.91318
0.53086
0.52428
0.84812
0.76134
0.89319
0.74452
0.6188
1.0983
0.46151
0.73291
0.9279
0.38214
0.86967
0.79022
0.33441
1.0588
1.0832
0.64817
0.90798
0.92587
0.51698
0.70381
0.96814
0.99333
0.60896
0.78698
0.79504
0.59741
0.95214
0.58826
0.85046
0.94079
0.6716
1.0439
0.84766
0.67326
1.1325
0.81698
0.65915
0.80906
1.0367
0.79196
1.0074
0.93747
1.0296
1.0328
0.84265
0.77063
0.85504
0.79522
0.74783
0.81661
1.036
0.63417
0.59083
0.67064
0.86408
0.81694
0.99723
0.92265
0.97568
0.77845
1.0501
0.9062
0.86344
0.5552
0.74126
0.90973
1.0523
0.90845
0.77902
0.60031
0.95351
0.89493
0.87696
0.88114
0.77763
0.73605
0.81371
0.95121
1.0755
0.71814
0.70068
1.0174
1.0425
1.1655
0.5871
0.91349
0.96727
0.84491
0.84748
0.97527
0.76104
0.98
0.74585
0.78476
0.96028
0.79512
1.0578
0.66526
0.91016
0.47088
0.97099
0.99561
1.0526
1.0332
0.79249
1.0128
0.84511
0.66494
0.82119
0.86984
1.2815
0.8292
0.86999
0.82032
0.7404
0.79627
0.69847
0.48672
1.1363
0.40598
0.72218
0.52211
0.92307
0.90798
1.1521
0.85378
0.73388
0.60747
1.0987
1.1482
0.47783
1.1559
0.75733
1.0666
0.89869
1.0924
0.95076
1.0198
0.79547
0.95232
0.70569
0.74075
1.0406
0.77445
0.93784
0.90978
0.91935
0.93449
0.85083
1.0983
1.054
0.779
1.0358
0.49127
0.7447
1.0697
0.90914
1.1251
0.83161
0.76821
0.54527
0.76965
0.93856
1.1267
1.0259
0.70057
0.91852
0.5572
0.78728
0.7142
0.80669
0.96336
0.85383
0.59125
0.96822
0.92508
0.91639
1.1936
0.5897
1.0185
0.71814
0.84862
0.83924
1.0428
1.0182
0.91368
0.75657
0.96104
0.82414
0.89099
0.9884
0.66677
0.807
1.021
0.62767
1.0287
0.64643
1.147
0.85345
0.73427
0.89325
1.0394
0.78517
0.88394
0.88925
0.79159
0.77903
1.0398
0.88065
1.0729
0.93657
0.86701
1.0933
0.97235
0.52494
1.0866
0.71242
0.78273
0.97977
0.80623
0.94395
0.752
0.66489
0.9652
0.37611
0.91185
0.87068
0.72436
0.75001
0.68199
0.89973
0.72889
0.80623
0.77813
0.67001
0.94057
0.88289
1.107
0.98773
0.77872
0.83414
0.61875
0.5343
1.1977
1.0483
0.92905
0.87271
0.82257
0.82246
0.99103
0.91988
0.86762
0.67359
0.36261
1.1279
0.61127
0.56469
0.62182
0.83875
0.83043
0.96696
0.92288
0.88133
0.82678
0.8523
1.031
0.74245
0.6627
0.92799
0.80004
0.9331
0.70347
1.0214
0.90608
0.59723
0.6312
0.73609
0.9145
0.90355
0.89738
0.68469
0.85718
0.6207
0.91995
0.73858
0.95489
0.63311
0.82125
0.56018
1.1318
0.64346
0.74353
0.96474
0.87895
0.91629
1.0525
0.82736
0.84437
0.75623
0.67347
0.72867
0.58512
1.0385
0.78989
0.97086
0.90724
0.94866
0.66068
0.65031
0.62761
0.79987
0.84196
0.86792
0.78332
0.935
0.58401
1.0736
0.83337
1.1822
0.92814
0.633
0.66223
0.87884
0.95181
0.95679
0.79991
0.56254
0.87657
0.7051
0.57417
0.7227
1.096
1.024
1.0324
0.68656
0.95485
1.1524
1.0338
0.78874
0.64394
0.70609
0.48638
0.83723
0.91174
0.95967
0.84443
0.92055
0.73312
1.0727
0.94981
0.80628
0.37431
1.0201
0.81528
0.55138
0.87315
0.9712
0.79804
0.87253
1.0019
0.98779
0.80773
0.64242
0.79324
0.9767
0.6773
0.80922
0.82235
0.79587
0.95539
0.63392
0.80745
0.97861
0.76748
0.58793
0.77127
0.96436
1.04
1.0983
0.70614
1.0239
0.89709
0.80706
0.89262
0.67786
0.96382
0.81078
1.0281
0.84822
0.9917
0.72017
0.97065
0.8075
0.76438
0.86096
0.81776
0.52696
0.81975
0.68888
0.96848
0.45308
0.81204
0.77997
0.67826
1.1091
0.83573
0.92256
1.0622
0.65838
0.42168
0.79987
0.73744
0.70436
0.92473
0.88502
0.49991
1.0208
0.67262
1.1079
0.921
0.86659
0.95138
0.81968
0.59218
0.95319
0.53896
0.62902
0.74584
0.80984
0.85708
0.65686
0.79406
0.53014
0.79657
0.70089
0.91635
0.95396
0.83805
0.98333
0.73581
0.79228
0.68582
0.84595
0.71521
0.85908
0.6387
0.99081
0.90505
0.86802
0.89434
0.73144
1.0844
0.79002
0.77556
0.58103
0.89434
0.36863
0.62072
0.80408
0.52518
0.78651
0.8304
0.96344
0.72579
0.93459
0.91197
0.89394
0.73222
0.85344
1.1065
0.89942
0.88745
1.0192
0.69509
0.87998
0.95661
1.0789
1.0876
0.95704
0.74785
0.92278
0.88923
0.98907
0.58924
0.43907
0.88909
0.87343
0.79165
0.53283
0.93167
0.81031
1.0667
0.91763
0.65825
1.1381
0.939
0.80122
1.1627
1.1093
1.0309
0.64351
1.0031
0.55127
0.44904
0.81214
0.64428
0.76437
0.75406
0.80571
0.77984
0.94725
0.6327
0.63893
1.0173
0.79848
0.90748
0.94395
0.46551
0.77202
0.51382
0.66648
0.95556
0.83652
1.0182
0.77108
0.69912
0.89845
1.1269
0.5995
0.79797
0.95774
0.9067
0.54923
0.91103
0.94239
0.65285
0.79309
0.57826
0.69493
0.85654
0.94952
0.91412
0.8412
0.71842
0.96382
0.99132
0.92651
1.1537
0.70172
1.0409
0.89711
1.1004
0.88694
0.93892
0.64148
1.1016
0.88725
0.81409
0.74551
0.67085
0.82084
0.90488
0.62377
0.80859
0.79374
0.81532
0.71716
0.91623
0.93793
0.6202
0.90798
0.46983
0.95216
0.92727
0.78167
0.77675
0.66762
0.91205
0.55632
0.73277
0.92
0.6625
0.99543
0.7806
0.86294
0.87591
0.92461
0.93772
0.81867
0.65978
0.8823
0.95447
0.67804
0.92474
0.8109
1.1457
0.8827
0.77334
0.90272
0.88858
0.85001
1.074
1.0318
0.7083
1.0938
0.99706
0.76363
0.88248
0.97246
0.75024
1.0071
0.68915
1.141
0.70259
1.0797
0.87515
0.92924
0.55599
0.67535
0.89618
0.77078
0.95151
0.7288
0.45106
0.88162
1.0313
0.51697
0.64185
0.91238
0.65599
1.1364
0.90868
0.83088
0.84335
0.79229
0.99746
0.94505
0.74851
0.9869
0.81079
0.80737
0.74806
0.88727
0.82573
0.73531
0.99867
0.95605
0.67753
0.83202
0.85169
0.97419
0.69336
0.70268
0.75041
0.61612
0.88504
0.67049
1.0784
0.72928
0.83545
0.8347
1.0407
0.61567
0.88942
0.649
0.75883
0.97848
0.77912
0.86145
0.94383
0.70663
0.73628
0.87663
1.0275
1.0851
1.0212
1.1003
0.69733
0.75603
0.43511
0.79684
0.72245
0.73484
0.6347
0.74886
0.86992
0.66856
0.77949
0.87844
1.1056
0.97026
0.85996
0.85964
0.99003
0.87962
0.83268
0.65163
0.89469
0.92892
1.0338
0.7782
0.8543
0.78297
0.95652
0.70374
0.77717
0.49393
0.76034
0.89495
1.012
0.8697
1.0851
0.78626
1.0421
0.89485
0.80022
0.98962
0.53924
0.92678
1.0087
0.65933
1.0791
0.8408
1.0228
0.86299
0.88269
0.9464
0.87509
0.69149
0.75161
0.73363
0.9243
0.75985
0.28106
0.91687
0.95063
0.92541
0.5926
0.76209
0.92369
1.0075
0.94048
0.93329
0.79352
0.63795
0.91418
1.0609
1.0771
0.68895
0.52117
0.70465
0.8926
0.82225
0.66623
0.99834
0.97237
0.96801
0.74335
0.73537
0.97858
0.91505
0.71107
0.9078
0.6389
0.95244
0.85016
0.7888
0.99468
0.80556
0.78836
0.83741
0.77729
0.74515
0.65393
0.96746
0.96815
1.2345
0.8908
0.83023
0.62375
0.60964
0.96294
0.33334
0.85563
1.0077
0.5223
0.43403
0.41813
0.81231
0.90931
0.67946
0.80069
0.6129
0.76982
0.95316
0.61917
0.51136
0.8903
0.88012
0.90104
0.82053
0.7779
0.76275
0.6724
0.49638
0.97244
0.69816
0.6326
0.98567
0.54851
0.97875
0.90074
1.1594
0.91229
0.92156
0.88218
0.73441
0.67657
0.31564
0.79649
0.95931
0.64129
0.97601
1.0154
0.91812
1.084
0.80804
0.86692
0.8185
0.92204
0.98954
0.43468
1.1018
0.63069
0.8624
0.4676
0.90753
0.76731
1.0128
0.89176
0.40133
0.78229
0.81223
0.83659
0.93556
0.87059
0.9918
0.96958
0.84218
0.5239
0.80463
0.65995
0.60557
0.94148
0.72853
0.86
1.0253
0.92361
0.84009
0.90398
0.9161
0.60683
0.76206
0.9893
1.1613
0.44635
0.75027
0.82131
0.53255
0.7596
0.92145
0.59385
0.6557
0.90431
0.93142
0.65205
1.0129
0.97837
0.35246
0.97859
1.0016
0.96126
0.90565
0.90295
0.67722
0.90698
0.83507
0.62121
0.94685
0.82165
0.87631
0.76116
1.0707
0.70951
0.62643
0.68739
0.86861
0.99647
0.90955
0.95777
1.0974
0.87979
0.91681
0.63084
0.87974
0.83424
0.86593
1.0654
0.67111
0.92514
0.32146
0.79485
0.8585
0.68358
0.77011
1.1044
0.78863
0.8433
0.83358
0.87811
0.93635
0.76142
0.87072
0.98225
0.90122
0.58122
0.97247
0.63456
1.1791
0.78472
0.82237
0.59686
0.88912
0.4589
0.75806
0.79512
1.1208
0.91972
0.76832
0.91289
0.7869
0.97562
1.0769
0.95103
0.69063
0.7883
0.75175
0.74667
0.75279
0.96515
0.62364
0.87388
0.95209
0.75282
0.90575
0.83626
0.93123
0.9507
0.8159
0.86022
0.70139
0.99181
0.70706
0.83039
0.7522
0.9719
0.78704
0.91387
0.74364
0.81826
0.7537
0.66183
0.61686
0.44922
0.92156
0.77685
0.63595
0.71376
0.47516
0.90924
0.9646
0.97414
0.94717
0.85485
1.0075
0.90923
0.9442
0.83739
1.063
0.94774
0.79627
1.043
0.9288
0.90846
1.0084
0.95334
1.1308
1.0198
0.9664
0.77142
0.99236
0.88573
0.80717
0.96714
1.0165
0.93927
0.87825
0.89857
0.85055
0.85677
1.02
0.85752
0.78718
1.0286
0.73934
0.86691
0.9958
0.53661
0.58289
0.73883
0.86306
0.86842
0.82802
0.86541
0.74245
0.62061
0.96897
1.0642
0.69151
0.87401
0.89358
0.70627
0.50869
0.71297
0.75042
0.91003
0.67979
0.74967
0.81198
0.79104
1.0799
0.84549
0.8472
0.9429
0.78205
0.86065
0.78091
0.7535
1.0746
0.67739
0.85927
0.67316
0.9891
1.0537
0.91551
0.78715
0.85512
1.0204
0.89672
0.99253
0.82544
0.85303
0.88905
0.76184
0.95061
0.72041
0.90125
0.90519
0.84813
0.85675
1.049
1.0392
0.84562
0.96534
0.92668
1.0125
0.95018
0.94287
0.98341
0.72176
1.0843
0.89378
0.94186
0.96196
0.81351
0.74708
0.91931
0.66258
0.663
0.77303
0.94882
0.58698
0.8443
0.84308
0.51959
0.76149
0.8463
0.69431
0.70369
1.0536
0.87574
0.96638
1.147
0.85856
1.0266
0.73458
0.88811
0.93911
0.94065
0.60425
0.92934
1.1006
0.78304
0.63976
0.84821
0.84689
0.94726
1.0395
0.79781
0.53419
0.87596
0.95712
0.82261
1.0394
0.76113
0.76542
0.98525
0.65037
0.80007
0.62168
0.88858
0.9259
0.65565
0.84794
0.63727
1.0067
0.79659
0.84486
1.0132
0.54312
0.99346
0.94321
0.8626
0.65176
0.82895
0.71096
0.94301
0.70551
0.8443
0.80324
0.76175
0.88555
1.0383
0.91455
0.79562
0.85437
0.89443
0.93339
0.72103
0.61966
0.3659
0.51916
0.76191
0.80001
1.0189
0.79162
1.0039
0.99346
0.86098
0.70805
0.75971
0.83099
0.9121
0.8815
0.74569
1.1531
0.9593
1.289
0.70248
0.77125
0.90471
0.75733
1.0372
1.011
0.73599
1.0731
0.86439
1.0347
0.97949
0.71275
0.77832
1.0155
0.70861
0.74617
0.69625
0.74139
0.75066
0.6108
1.0665
0.95937
0.63864
0.61085
0.92496
1.026
0.69602
0.74193
0.87884
0.90477
1.2545
0.72504
0.85477
0.98462
0.8415
0.51654
0.61424
0.75349
1.0705
0.71009
0.74142
0.86955
0.78053
1.0614
0.97616
0.91664
0.90131
1.1874
1.0143
0.81872
1.0157
0.54436
0.9183
1.0354
0.81101
0.88493
0.61038
0.9064
0.88226
0.68175
0.72636
0.78549
0.60974
1.1357
0.89979
1.0578
0.59403
0.65191
0.72701
0.57203
0.99477
0.86758
0.79898
0.44593
1.0154
0.7986
0.84607
0.79926
0.98623
0.78317
0.75408
0.82891
0.77772
0.73101
0.44431
0.82679
0.61287
0.81265
0.83382
1.1095
0.80618
0.85045
0.87919
0.82751
0.95942
0.70157
0.7973
1.0914
0.96948
0.98612
0.95298
0.77676
0.69395
0.98557
0.64527
1.0857
0.67951
0.7117
0.82587
0.84327
0.89043
0.73443
0.77564
0.74293
0.67686
1.0066
0.80158
0.80454
0.80701
0.73897
0.70795
0.88744
0.80977
1.001
1.0617
1.0393
0.69023
0.50249
0.76053
0.75587
0.73569
1.0708
0.50354
1.1342
1.1461
0.82971
0.88249
0.93838
0.84463
0.96621
0.81233
0.96019
0.79062
0.69172
0.68269
0.98273
0.68371
0.6828
0.95575
0.80753
0.97655
0.99763
0.81507
0.76738
0.61065
0.69699
0.76305
1.0774
0.66811
0.95041
0.97701
1.0434
0.65664
0.85866
0.71769
0.99975
0.98897
0.73931
1.1175
0.93281
0.77822
0.66316
0.8694
0.53315
0.98594
1.0318
0.9717
0.84257
0.80623
0.69337
0.89557
0.63412
0.89009
0.67309
0.89996
0.87857
0.84243
0.71592
0.80803
0.86898
0.78735
0.864
0.81631
1.1086
0.64302
1.0549
0.79056
0.69031
0.83079
0.92107
0.60898
0.40762
0.71663
0.79906
0.74334
0.5862
0.92488
1.0208
0.90959
0.74446
0.79236
0.76072
1.0011
0.95154
1.0378
0.84906
0.77089
0.81193
0.88699
0.45854
0.64774
0.87385
1.1537
0.57958
0.65808
1.0042
0.61518
0.96727
0.61329
0.82519
0.52567
0.79343
1.005
1.0181
0.76266
0.66652
1.0936
0.70996
0.82924
0.92601
0.8119
0.55549
1.0073
0.91747
0.84125
0.87654
0.66435
0.7992
0.90598
0.99221
1.0197
0.81571
0.87305
0.52704
0.68023
0.83793
0.88086
0.91349
0.8984
0.75837
0.70223
1.0399
1.1007
1.072
0.77545
0.69043
0.95776
0.39739
0.62499
0.76434
0.8939
0.40746
0.92389
0.51267
1.0406
0.89058
0.61047
0.91698
0.49778
0.49643
0.90635
0.88168
0.8678
1.1688
0.71064
0.83902
0.94331
0.79352
0.88348
0.93029
0.85506
0.91151
0.52304
0.89095
0.80533
0.61622
0.73826
0.68121
0.61933
0.80166
0.78566
0.68644
0.81678
0.81259
0.77364
0.77328
1.1501
0.76772
0.76908
0.54929
0.90996
0.98163
0.73505
0.83965
0.93044
0.96688
0.86468
0.96573
0.52739
0.96689
0.62601
0.80369
0.79226
0.56952
0.8163
0.60425
0.50044
0.63783
0.85698
1.0572
0.94287
0.928
0.52545
0.88983
0.79466
0.65567
0.92383
0.79144
0.38188
0.58536
0.74633
0.4989
0.94123
0.78336
1.0305
1.0884
0.92489
0.61381
0.88721
0.76053
0.64493
0.91177
0.68977
0.83719
1.0666
0.7769
0.88046
0.9146
0.97623
1.0774
0.87408
0.89012
1.1758
0.95478
0.93838
0.6953
1.0678
0.9679
0.94758
0.67977
0.87036
0.92968
0.6889
0.99855
0.97673
0.90516
1.1236
0.80482
0.85117
0.6421
1.0034
0.71137
0.86483
1.0068
0.65989
0.82507
0.57701
0.97298
1.1737
0.58114
0.43731
0.86768
0.74278
0.77904
0.73115
0.59928
0.98769
0.83389
0.81526
1.0718
0.77584
0.7248
0.98935
0.73812
0.88607
0.80105
0.77138
0.96787
0.76543
0.79578
0.65319
0.82919
0.72361
0.4912
0.80244
0.88449
1.0366
0.83189
0.68967
0.72976
0.6181
0.65331
0.85162
0.71037
0.88708
0.53618
0.91111
0.90692
0.77109
1.0007
0.93459
0.83841
0.87581
1.0373
0.67513
0.93019
0.69833
0.78427
0.72116
0.78238
0.86213
0.80423
0.97251
0.85578
0.66097
0.68919
0.7118
1.148
0.91024
0.49157
0.69557
0.96626
0.88031
0.49958
0.88473
0.76954
0.97627
0.95054
0.92248
0.78482
0.98589
1.0334
0.69706
0.9944
0.97664
0.81965
0.92497
0.70669
1.0189
0.5782
1.0315
0.572
0.85429
0.65342
0.89304
1.0138
0.83237
0.90217
0.99893
0.8578
0.83292
0.91685
0.85511
0.95427
1.1102
0.70714
1.017
0.77032
0.66997
0.93221
0.67672
0.97055
1.1591
0.81684
1.0667
0.88321
0.73129
1.0546
0.99976
0.61587
0.96565
0.61724
0.99642
0.75175
0.72958
0.7418
0.8696
0.87598
0.6795
0.86396
0.73836
1.0673
0.90848
0.79566
0.964
1.0005
0.7522
1.1098
0.76662
0.91078
0.75669
0.97219
0.86218
1.1174
0.66788
0.81743
0.776
1.0149
0.70996
1.1447
0.78484
0.97148
0.851
1.0838
0.66495
0.89669
0.68031
0.67571
0.8355
0.97007
0.88186
0.65179
0.93095
0.82951
0.57278
0.57944
0.92162
1.0749
0.88948
1.0311
0.79815
1.0531
0.87655
0.96453
1.0791
0.82066
0.60227
0.77783
1.0404
0.83894
1.0653
0.75588
0.79128
1.0341
0.7934
1.0147
1.0291
0.76245
0.96231
0.87854
0.6555
0.9498
0.95879
0.92743
0.69704
0.80075
0.71123
0.76005
1.0691
0.6115
0.7162
0.60209
0.65938
0.81612
1.0027
1.031
0.76466
0.80933
1.1374
0.68842
0.70655
0.66936
0.84899
0.6253
0.89285
0.75821
0.72554
0.69903
0.81859
0.94144
0.8294
0.90174
0.69513
0.76123
1.069
0.82212
0.89231
0.82743
0.82725
0.8514
0.96078
0.93695
1.0029
0.70898
0.96336
0.88241
0.94466
0.94811
0.91853
0.993
0.73633
0.98973
0.73582
0.95865
0.82455
0.90555
1.0974
0.81736
0.80306
0.95938
0.56121
0.6387
0.71906
0.65989
1.0227
0.85226
0.70518
0.77135
0.83637
0.83031
0.96343
0.82807
0.87062
0.70074
0.88041
0.95797
0.45831
0.45673
0.96273
0.64666
0.65113
0.65623
0.64196
0.96422
0.58014
0.49974
0.89204
1.0697
0.74469
0.77115
0.84755
0.82213
1.0565
0.75633
1.0047
0.82713
0.81252
0.99281
0.79097
0.99022
0.91121
0.91569
0.81817
0.55642
0.73509
0.62757
0.615
0.80244
0.69032
0.68196
0.75287
1.013
1.0065
0.72075
0.6747
0.74685
0.77962
0.53332
0.61543
0.77407
0.93351
1.0754
0.86395
0.71327
0.55115
0.73171
0.90477
0.88935
0.83156
0.95468
0.84527
0.87232
1.1955
0.85335
0.8761
0.75877
0.60729
0.98159
1.0261
1.1576
0.82357
0.99925
0.69286
0.89725
0.62887
0.65934
0.95279
0.74414
1.0107
0.77814
0.74186
0.64823
0.85394
0.97038
0.62099
1.0502
0.51331
0.89196
0.7248
0.69212
0.86387
0.45433
0.75318
0.93525
1.049
0.97737
0.92884
0.79551
0.90355
0.86604
1.0576
0.97553
0.78641
0.66146
0.99279
0.68611
0.95883
1.007
0.82318
0.93168
0.73481
0.5154
0.99356
0.6525
0.7804
0.79372
0.78267
0.77837
1.0756
0.70582
0.65814
0.90097
0.95597
0.73423
0.93639
0.81083
0.6611
0.90388
0.59287
0.74704
0.66931
0.5122
0.67869
0.92503
0.79757
0.58569
0.93485
0.8478
0.6514
0.99216
0.90299
0.98104
0.83281
0.86049
0.81601
0.75091
0.7062
0.74277
0.73212
1.0117
0.70936
0.84165
1.0668
1.0232
0.64844
1.0463
0.62243
0.77067
0.6853
0.54192
0.99998
0.70461
0.63156
0.64286
0.93611
0.48943
0.78945
0.4748
1.0471
0.65457
0.94045
0.85138
0.93078
1.0821
0.90787
0.9383
0.94126
0.77944
0.80944
0.81651
0.84999
0.67146
0.83295
0.79197
0.88381
0.86604
0.90983
0.9055
1.0168
0.70218
0.65624
0.75434
0.58021
0.98346
1.0448
0.55804
0.81649
0.60446
0.79973
0.81639
1.0817
0.87832
1.0087
0.78959
0.56814
1.0389
0.81543
0.86445
0.93602
0.55984
0.45904
0.84821
0.94223
0.99888
0.62623
0.65263
0.45609
1.005
0.5837
0.79806
0.94958
0.66172
0.61025
0.91939
0.9041
0.66428
0.87975
0.69214
0.81788
0.67126
0.89656
0.83432
0.81142
0.78261
0.65431
1.0339
0.57794
0.8987
1.0216
0.67584
0.84345
0.82283
0.71426
1.1779
1.0266
0.80962
0.5471
0.91422
0.94985
1.007
0.88391
0.97716
0.91273
0.61057
0.7681
0.59811
0.74444
0.93844
1.0093
0.98185
0.88949
0.90319
0.9522
0.78491
0.96722
1.0594
1.0337
0.64212
0.82392
0.65789
0.91458
0.94453
1.0033
0.74673
1.0095
0.96902
0.68227
0.93192
0.70977
0.9845
0.74854
0.61144
0.77548
0.92004
1.0175
0.58526
0.77209
0.58971
0.65604
0.96824
0.78752
0.64594
0.61456
1.0024
0.91289
0.8884
0.71351
0.45851
0.78477
0.65084
0.72909
1.0499
0.56043
0.74389
0.87288
0.6717
1.0701
0.93028
0.95175
0.95119
1.0127
0.80336
0.5469
0.92876
0.86641
0.96743
0.90766
0.75429
0.95275
0.58879
0.68185
0.97035
0.90184
0.92374
0.81158
0.93854
0.88036
0.93861
0.95427
0.86201
1.064
1.1493
0.89972
0.80963
0.83677
0.86722
0.90105
0.96786
0.57713
0.82388
0.70409
0.53139
0.3958
0.79696
0.86855
0.72139
0.78418
0.86802
0.81145
0.87673
0.352
0.70802
1.0813
0.80935
0.71637
0.66866
0.37928
0.78161
0.94377
0.95101
0.60576
0.77668
0.9368
0.73215
0.69008
0.72899
0.61586
0.87852
0.82296
0.81105
0.80425
0.71465
0.87221
0.687
0.42541
0.8441
0.58158
0.89626
0.9392
1.0163
0.55754
0.82615
0.76706
0.6316
0.49734
0.82517
0.84158
0.48809
0.75404
0.91973
0.96893
0.84293
0.52759
0.90783
0.86672
0.40544
0.52156
1.0716
1.0555
0.76702
0.69462
0.69996
0.64717
0.88951
0.70676
0.63236
0.72186
1.0162
0.71928
0.86679
0.76808
0.72166
0.76915
0.89022
0.70626
0.6842
0.84766
0.91839
0.75371
0.99777
0.75151
0.61358
0.87424
0.82058
1.0323
1.0279
0.7489
0.69915
0.71927
0.88365
0.83741
0.90009
0.6144
1.0238
1.0677
1.0968
0.99551
0.73575
0.63551
0.84635
0.75461
0.51137
0.78234
1.1727
0.98827
0.82184
0.96828
0.69134
0.85564
0.88408
0.77109
1.0664
0.89604
1.2749
1.079
0.8754
0.6088
0.8166
0.80628
0.65811
0.70814
0.88432
1.0158
1.1676
0.97989
0.69682
0.73534
0.69254
0.76537
1.0861
0.60787
0.68342
0.74446
1.0323
0.84553
1.0911
0.63874
0.74785
0.69772
0.51843
0.73104
0.92813
0.92323
0.60737
0.75665
0.68866
0.86265
0.62359
0.91856
1.1038
0.51099
0.96234
0.80432
0.97191
0.84909
0.57326
0.91883
0.61969
0.85948
0.91372
0.62538
0.88566
0.44527
0.60475
1.0989
0.98567
0.64764
0.72135
0.74434
1.0157
0.6574
0.66018
0.72345
0.77891
1.0042
0.89322
0.74741
0.9909
0.73849
0.85833
0.77872
1.0458
0.60998
0.81711
0.59178
0.53545
1.1068
0.50501
0.67039
0.81529
0.60889
0.8054
0.81683
0.58567
0.81997
0.36525
0.62117
0.95138
0.62291
0.75757
0.94095
0.99901
0.77068
0.92473
0.8864
1.0534
0.88481
0.50393
0.68736
0.94655
0.98144
0.59579
0.99842
0.7101
0.78594
1.0203
0.54153
0.95772
0.9468
0.77115
0.95536
0.87398
0.82033
0.97668
1.1081
0.84456
0.90372
0.86319
0.8952
0.76755
0.78764
0.81959
1.0028
0.88774
0.84087
0.92924
0.9817
0.98614
0.8871
0.70128
0.809
0.67021
1.0473
0.91241
0.84037
0.92516
1.0191
0.69697
0.88585
0.85974
0.80453
0.8033
0.79515
0.92417
0.6633
0.60628
0.87311
0.84813
0.88981
0.81278
1.0124
0.85935
1.0716
0.86768
0.70432
0.98737
0.77487
0.92395
1.0306
0.73101
1.1379
0.86114
0.8362
0.87709
0.82212
0.7782
1.0142
0.85889
1.0623
0.952
0.83841
0.92656
0.88104
0.96494
0.76607
0.72488
1.0518
0.84491
0.86258
1.071
0.98048
0.92566
0.71002
0.51282
0.82841
0.89315
0.55242
0.94274
0.85323
0.79392
0.72109
0.59801
0.9302
0.76495
1.0379
1.1094
1.0461
0.42713
0.88562
0.57005
0.80545
0.8493
0.74601
0.69856
0.99065
0.9974
0.94298
1.0825
0.82325
0.83883
0.52459
0.97185
0.62983
0.6714
0.97957
0.8935
0.8678
0.8799
0.91738
0.87495
0.71242
0.75421
0.8166
0.7333
0.64305
0.88903
0.80128
0.85405
0.78005
0.84196
0.65121
0.81889
0.71671
0.71885
0.74617
0.84971
0.72652
0.79904
0.84912
0.66955
0.85339
0.93259
0.87242
0.63893
0.89799
0.9354
0.91385
0.52425
1.0748
0.84524
0.99602
0.75778
0.81982
1.0443
0.62734
0.91394
0.75136
0.89842
0.7795
0.57305
0.94957
0.84043
1.0074
1.0065
0.94205
0.80245
0.67254
0.76751
0.64485
0.88711
0.86259
0.97165
0.63856
0.99876
0.96698
0.83188
1.0312
0.95746
0.77153
0.58802
0.99443
0.78195
0.74541
0.71376
0.97055
1.0181
0.65649
0.99965
0.69527
0.78993
0.73812
0.82823
1.1245
0.77598
0.90841
0.9249
0.76035
0.83548
0.80652
0.9832
0.94922
0.93996
0.90622
0.80127
0.96191
0.79277
0.78116
0.87425
0.65965
0.95779
0.85733
0.92473
1.0258
0.86884
0.75205
0.9999
1.1393
1.0473
0.65661
1.025
0.91594
0.85296
0.65476
0.8495
0.96511
0.8775
0.97365
0.96261
1.024
1.0012
0.74235
0.8819
1.0887
