1.0193
0.96643
0.9442
0.87617
0.60052
0.71452
0.77085
1.0291
0.88089
0.92552
0.56103
0.62117
0.91819
1.0012
1.0486
1.0175
0.59675
0.95603
0.88722
0.64435
0.70228
0.70308
1.0041
0.95529
0.67598
0.87784
0.92871
0.99862
0.96839
1.0431
0.66392
0.4504
0.86667
0.51786
0.83011
1.1242
0.79273
0.9526
0.9043
1.063
0.93918
0.94037
0.68714
1.0842
0.96001
0.88191
0.95307
1.0783
0.6759
0.69161
1.0904
0.93767
0.95505
0.97992
0.9223
1.0552
0.81671
0.92432
1.0832
0.9851
0.61472
0.77464
1.0542
0.95569
0.82572
0.62965
0.99372
0.85954
0.98646
1.0262
0.26614
1.0287
0.68827
0.93597
0.88106
1.048
0.70919
0.70734
0.89098
1.005
1.0752
0.81941
1.0635
0.59531
1.1547
0.95213
1.0154
0.98455
0.82697
1.0301
1.0868
0.82887
0.85272
0.81159
0.87087
1.0355
0.94108
0.6982
0.7638
0.85248
1.0128
0.71063
1.0157
0.40302
0.68311
1.2118
0.63525
0.82599
0.85711
0.86551
0.90051
0.59629
1.1072
0.5118
0.74214
0.62108
0.97324
0.93826
0.63226
0.45003
0.93677
0.9671
0.89314
1.0407
0.72307
0.86194
0.84491
0.9064
0.87391
0.66159
0.88531
1.0986
0.85886
1.0257
0.82622
0.74769
0.88605
0.81544
0.98773
0.83958
0.95631
0.94859
0.64001
0.6339
0.92348
0.63116
0.99365
1.0244
1.0891
0.62611
0.88916
0.74292
1.082
0.73937
0.7698
0.52239
0.90645
0.76136
1.0353
1.118
0.65764
1.1578
1.072
1.1587
0.81863
1.0408
0.82914
0.60848
0.88288
0.82463
0.58414
0.64205
0.68737
0.94772
1.0631
0.73672
0.96303
1.0645
0.57176
0.79049
0.78218
1.0438
0.90433
0.99834
0.98251
0.79325
0.85283
1.0708
0.69058
0.46294
0.92991
0.73077
0.9387
0.90934
0.78713
0.82215
1.0377
0.73033
1.1072
1.0277
0.72124
0.55424
1.0377
0.87657
0.88722
1.048
0.82581
0.8209
0.89573
1.0073
0.71849
0.67071
0.62882
0.74569
0.79426
0.68384
0.93875
0.85224
0.98852
0.96138
0.70831
0.90038
1.0883
0.78596
0.79052
0.85146
0.88473
0.87807
0.93444
1.1029
0.7786
1.1166
0.80272
0.59266
0.55786
0.87467
0.49117
0.74721
0.81895
0.56867
0.71788
1.0991
0.79941
0.86962
0.97293
0.81564
0.46469
0.86369
0.75589
0.81581
0.83797
0.69984
0.85146
0.7359
0.58833
0.94894
0.99772
0.52368
0.85464
0.82286
0.9343
0.68533
0.75927
0.82546
0.82616
1.0225
0.96892
0.55292
0.91862
0.86877
0.9384
0.74406
0.99724
0.64698
0.93065
0.80862
0.96722
0.54786
1.0245
1.0408
0.87703
0.44647
0.25817
0.72698
0.99285
0.91491
0.96836
0.80397
0.74739
0.62843
0.80559
0.81413
0.59077
1.0841
0.69386
0.78797
0.73087
0.84517
0.80113
0.8172
0.90803
0.79313
1.0704
0.86399
0.96788
1.1543
1.051
1.1377
0.93469
1.0087
0.86228
0.91893
0.93555
0.87849
0.73121
0.77082
0.81037
0.92477
0.93445
0.92577
0.90258
0.86026
0.91667
0.72676
0.69299
1.1585
0.77483
0.67548
0.97773
1.0179
0.92719
0.9932
0.95555
0.99582
0.96148
0.83122
1.0089
0.48598
1.0512
0.82643
0.79709
0.8281
0.71746
0.90584
1.1013
0.99242
0.82602
0.83839
0.62347
0.93696
0.47692
0.88258
0.88757
0.7003
0.7048
0.86614
0.93272
0.97878
1.057
1.0743
1.0677
0.93674
0.93279
1.0625
0.91468
0.56128
0.68212
0.94119
0.93665
0.88974
0.60298
1.078
0.9251
0.83194
0.93657
0.7419
0.58434
0.92999
0.88974
0.96787
0.77127
0.90962
0.79879
0.90234
0.97312
0.53489
0.78713
0.68299
0.78913
0.73208
0.82913
1.0129
0.66887
0.90453
1.0093
0.7837
0.89591
1.1109
0.74925
0.79553
1.1076
1.0791
0.90004
0.75125
0.98133
0.52138
0.83024
0.70529
0.92206
0.87618
0.84077
0.97084
0.87895
0.75783
0.52266
0.62493
0.806
0.8465
0.82746
0.84466
1.1537
0.86454
0.91565
0.94331
0.83065
1.0482
0.6123
0.78073
0.85321
1.0001
0.52712
0.73122
0.92144
1.0721
0.80784
0.76461
0.65087
0.77043
0.75388
0.68959
0.76102
1.0332
1.0826
0.93845
1.091
0.7217
0.71633
0.78068
1.1153
0.82952
0.91555
0.74411
0.69697
0.7542
0.82961
0.56809
0.8848
0.62729
0.8039
0.69496
1.0087
1.0132
1.1037
0.92173
0.6708
0.97643
0.89522
0.98244
0.88691
1.0637
0.83803
0.65602
0.77239
1.0645
0.85878
1.0317
0.65498
0.82945
0.85512
0.59807
1.0004
0.84744
1.1162
0.5992
0.77057
0.72232
0.41915
0.8422
0.76615
0.9633
0.79569
0.99226
0.71958
1.0545
0.86632
0.88055
0.8371
0.93854
0.88141
0.85166
0.78401
0.79623
0.77043
0.94635
0.91057
0.84329
0.91156
0.87415
0.63956
0.79468
0.87355
0.97753
0.9033
1.1169
0.71056
0.79392
0.77674
0.65549
0.7694
0.94635
0.54907
0.97585
0.86316
0.79311
0.62942
0.87449
0.95336
0.90323
0.89032
0.76386
0.71593
0.71686
0.8391
0.88651
0.97398
0.44659
0.83529
0.87775
0.85312
0.68245
1.0542
0.68449
0.83692
1.0013
1.0636
1.1533
0.6364
0.73196
0.98698
0.80108
0.76618
0.9073
0.57967
0.71927
0.67218
1.0378
0.75607
0.61344
0.82055
0.91621
0.92422
0.75381
0.89258
0.54622
0.5336
0.8278
0.82303
1.0526
0.55069
0.71878
1.0031
0.65727
0.72288
0.93286
0.76322
0.71452
0.60616
0.94912
1.0941
0.99253
0.97841
0.98518
1.0708
0.92292
0.90726
0.88966
0.91001
0.98906
0.96407
1.0868
0.97648
0.49656
0.79076
1.004
0.96255
0.71527
0.98843
0.97147
0.6657
0.8476
1.0114
0.949
0.9696
0.88885
1.0416
0.93883
0.97251
0.96392
0.83191
0.6655
0.94627
0.77015
0.92878
0.90015
0.79625
0.78649
0.91219
0.70821
0.72619
0.65336
0.56137
0.8295
0.54139
0.71649
0.90379
0.70905
1.1416
0.85134
0.98555
0.77659
1.0905
0.96155
0.97643
0.90651
1.0418
0.68188
0.80627
0.81332
0.87885
1.0079
0.8411
0.69098
0.82107
0.80823
0.95424
0.91613
0.97814
0.31937
0.75366
0.75892
0.94741
0.75912
0.90789
0.69455
0.70358
0.94472
1.0599
0.98065
0.95726
0.85145
0.9009
1.0256
1.0594
0.52066
0.48492
1.0131
0.71534
0.54901
0.68431
0.80077
0.85882
1.0588
0.66679
0.6906
0.87676
0.72905
1.1651
0.95681
0.76898
0.95497
0.95741
0.88901
1.0252
0.89101
0.72168
0.80534
0.85689
0.81101
0.86792
0.63672
0.94546
0.95667
1.0246
1.0593
0.75749
0.91824
0.71668
0.82653
0.69927
0.52242
0.67177
0.71466
1.0542
0.81078
0.86634
0.90042
0.96335
0.75389
0.86255
1.0864
0.78953
0.82039
1.0517
0.71318
0.90701
0.57839
0.56896
1.219
0.7848
0.89623
0.81448
1.1299
1.2257
0.90747
0.60109
0.87474
0.90632
0.8771
0.88615
1.0496
0.91674
0.80939
1.1159
0.95687
0.95056
0.60241
1.0129
0.80706
0.71386
0.79166
0.87945
0.81669
0.94621
0.68267
0.77697
0.61369
0.87907
0.96156
0.78482
0.9281
0.64315
0.44834
0.78895
1.0091
0.8352
0.93079
0.69919
1.0186
0.66942
0.91509
1.1054
1.0794
0.45829
0.65949
0.92271
0.9495
0.84971
0.68989
0.76466
0.81367
0.86175
0.90737
0.97574
0.78475
1.0471
0.68906
0.94942
1.032
0.94923
0.93884
0.92668
0.80667
0.7426
1.1137
0.75591
0.70134
0.76189
0.79869
0.66217
1.1307
0.9753
0.57392
0.86104
0.76656
0.75641
0.46695
0.90794
0.93483
0.85076
0.73192
1.0931
0.81664
0.79949
1.0041
0.99437
0.62526
1.1712
0.81974
1.0145
0.93423
1.0511
0.91796
1.0536
0.77724
0.96641
0.95436
0.54233
0.77772
0.94601
0.53094
0.77943
0.94373
0.75772
1.0106
1.0062
0.67913
1.2313
0.81081
0.84292
0.77083
0.81539
0.90234
0.70798
0.72483
0.8878
0.96205
1.0435
0.9136
0.93606
0.74829
0.74006
1.0514
0.81257
1.0134
0.98503
0.93614
0.84474
0.70261
0.74556
0.99375
0.88755
0.95881
0.78762
0.95732
0.96483
1.032
1.0206
0.85998
1.0351
0.86335
0.92631
0.83197
0.86515
0.79799
0.60947
0.78184
1.0856
0.88572
0.99517
0.78343
0.84729
0.82461
0.6821
0.52882
0.8314
1.0097
0.85178
0.87186
0.67627
0.73697
0.78579
0.85545
1.0439
1.0414
1.0625
0.69805
0.82114
0.74032
0.89116
0.87216
0.75888
0.77936
0.8302
0.97948
0.88944
0.93753
0.8089
0.93131
0.97975
0.67639
0.76848
0.97941
0.86576
0.65368
0.90169
1.0462
1.0432
0.93536
0.67385
0.67333
0.74488
0.86524
0.70522
1.0792
0.82321
0.84139
0.64451
0.85303
1.0912
0.59783
0.93412
0.99889
0.64265
0.69161
0.839
0.95822
0.48082
0.94365
0.87458
0.99718
0.94366
0.7833
1.0544
0.83777
1.0151
0.91036
0.64641
0.83811
0.6367
0.86117
0.88435
0.95501
0.81196
0.82214
0.64085
0.74716
0.85104
0.70441
0.78681
0.94342
0.66409
0.96106
0.83795
0.51253
0.93209
0.98353
0.75035
0.65716
0.6822
0.86255
0.63799
0.9786
1.0097
0.82395
0.47975
0.83826
0.76222
0.75227
0.94746
0.80323
0.85597
0.63926
0.81552
0.88446
0.87358
1.0772
0.7065
0.68815
0.63076
0.9515
0.70104
0.60262
0.77422
0.91474
0.82118
0.59313
0.92323
0.82
0.83148
0.77214
1.0152
0.73101
0.80856
0.90754
0.7659
0.87526
0.963
0.47492
0.9455
0.86822
0.87922
1.1723
0.82861
0.82758
0.97557
0.68073
0.83538
0.66208
0.54005
0.72228
0.91991
0.93334
0.82719
0.71473
0.90106
0.56618
0.85254
0.93389
0.85013
0.97536
0.70136
0.88995
1.0512
0.7518
1.1942
0.86917
0.92932
0.82854
1.0687
0.82778
0.81179
0.99919
0.69262
1.1234
0.66656
0.69953
0.56391
0.85123
0.91822
0.99951
0.91274
0.86501
0.90746
0.89864
0.72989
0.73883
0.89824
0.86907
0.92242
0.64305
0.84279
0.75387
0.87305
0.76219
1.0747
0.45256
0.86231
0.98876
1.1009
1.093
0.95925
1.0803
0.88789
0.54447
0.80774
0.50542
0.78912
0.69453
0.98713
0.92607
1.0285
0.91604
0.92559
0.27611
0.88831
0.87515
1.0056
0.88319
0.63065
1.0831
0.88878
0.54255
0.88716
0.55491
1.0688
0.70966
0.65362
1.0617
0.79438
0.90998
0.75621
0.88322
0.80184
0.70747
1.0039
0.75279
0.9093
0.98689
1.0684
0.96959
1.114
0.95447
0.8296
0.83144
1.0369
0.84216
0.52936
0.882
0.76872
0.79114
0.83505
0.91677
0.53124
0.98775
0.95476
0.75441
0.59654
0.90043
1.0052
1.1084
0.98172
1.0166
0.79152
0.98267
0.88703
0.88543
0.95395
0.88546
0.87622
0.95459
0.64919
0.75306
0.55429
0.76421
0.66152
0.82434
0.85405
0.79785
0.84048
0.68958
0.5962
0.60012
0.53035
0.56806
1.0401
0.91368
0.88065
0.9191
0.87286
0.67133
0.70696
0.98844
0.76856
0.9732
0.8557
1.0698
0.92992
0.65523
1.0928
0.58985
0.97161
0.80346
1.1641
0.86018
0.75666
0.93974
0.90729
0.67427
0.61914
0.99606
0.65538
0.83072
0.92992
0.9902
0.62722
0.5097
0.78184
1.0836
0.72937
0.7191
0.83757
0.946
0.89558
0.88058
1.2476
0.75279
0.79416
0.83249
1.2575
1.0133
0.91083
0.83942
0.788
0.76584
0.93167
0.8782
0.94404
1.0572
0.71608
0.65914
0.92073
0.7453
0.64544
0.80404
0.91154
1.0838
1.058
0.73095
0.79083
0.85113
0.69459
0.93267
0.66407
1.1367
1.0101
0.90885
1.0172
0.66645
1.0969
0.9564
0.86428
0.82062
0.92179
0.82412
0.76057
0.98069
1.1195
0.89667
0.80691
0.8918
0.99333
0.74153
0.73057
0.85908
1.0503
0.94665
0.87387
0.56955
0.93768
0.89957
0.96424
0.9593
0.92682
0.52742
0.81454
0.9577
0.79947
0.78511
0.89613
0.75853
0.43721
0.82674
0.96291
0.76594
0.92897
0.89858
0.90824
0.79003
0.79503
1.0575
0.71492
0.70266
0.92471
0.58365
0.98061
0.99634
1.0232
0.95627
1.0305
1.0301
0.66273
0.94689
0.76147
0.97781
0.8266
0.81469
0.80739
0.70664
0.69887
0.93473
0.94971
0.87566
0.70003
0.74504
0.79957
0.69064
0.85443
0.90313
0.66957
1.1797
0.95572
0.82122
0.74473
0.83956
0.67305
0.73989
0.69424
1.0193
0.75521
0.57044
0.85919
0.69984
0.98244
1.0328
0.85408
0.9495
0.74015
0.59066
0.98608
0.91162
1.0809
0.59221
0.75782
0.64945
0.24123
0.71447
0.96343
0.90502
0.85204
1.0066
0.70285
0.87944
0.63062
0.73907
0.96567
0.49998
0.57565
0.82204
0.70912
0.64801
0.67197
0.85803
0.79794
0.85765
0.95693
1.1484
0.47918
0.95644
0.92449
0.71427
0.98922
0.97788
1.034
0.97347
0.98968
0.92315
1.0973
0.83989
0.73717
0.98097
0.60741
0.73079
0.97871
0.87879
0.76255
0.70529
0.77731
0.949
0.87128
0.89312
0.80123
0.80597
0.66076
0.55199
0.85075
0.86278
0.932
0.53263
0.63514
1.168
1.0519
1.0961
0.82906
0.82775
1.0565
0.77318
0.86824
0.70001
0.66753
0.69133
0.74136
0.58083
0.85679
0.78111
0.92445
0.73589
1.0408
0.95561
0.71249
0.47653
0.48284
0.76483
1.0405
1.0466
0.95894
1.0704
0.77249
0.95603
0.74324
0.88682
1.0793
0.93614
0.99581
0.68904
0.8231
0.66043
0.67543
1.0965
0.82029
0.78451
0.66751
0.67055
1.0215
0.95111
1.0578
0.76094
0.65774
0.99983
0.76829
1.1523
1.054
0.93189
0.91445
0.65041
0.63752
1.1099
0.98477
0.59026
0.91013
1.0023
1.026
1.1401
0.6504
1.0332
0.9549
0.78539
0.79648
0.93295
0.92556
0.75478
0.98732
0.7662
0.90762
0.85938
0.68134
1.0963
0.55749
1.0315
0.86844
0.63375
0.91195
0.61271
0.84385
0.82692
0.73636
0.86688
0.87184
0.8743
0.65366
0.60745
0.95477
0.75986
0.55105
0.71701
0.8771
1.001
0.84783
0.68025
0.43593
1.0815
0.82844
0.9966
0.94223
0.7504
0.69777
0.58926
0.94405
0.9777
0.95451
1.1926
0.67327
0.92202
0.81558
0.54931
0.76907
1.0916
0.98481
1.0034
0.97787
1.1256
0.68428
0.56639
0.80659
0.82855
0.79981
0.91919
1.0372
0.80153
0.59894
1.0034
0.88777
0.56096
0.81973
0.97139
0.70215
0.97681
0.79513
0.80268
0.54454
1.0574
0.7282
0.49646
0.96066
0.78384
1.0263
0.82117
0.93374
0.74513
0.90476
0.74432
0.74872
0.93248
0.77913
1.0237
0.91304
1.0303
0.82591
0.74769
0.71297
0.61264
0.70781
0.73642
0.85779
1.0571
1.0322
1.1055
0.86787
1.0373
0.75337
0.66944
0.45618
0.72333
0.74674
0.88471
1.072
0.90373
0.82449
1.0752
0.89057
0.92189
0.91616
0.90765
0.97589
1.1324
0.84728
0.77726
0.78434
1.042
0.79887
1.0953
0.91236
0.90807
0.94489
0.91203
0.98078
0.95748
1.0769
0.99698
0.75867
0.72552
1.1206
0.56549
0.39344
0.91131
1.1013
0.97758
0.75403
0.89131
0.8009
0.61683
0.67031
0.79443
0.9585
0.37639
0.75247
0.69451
1.1739
0.69581
0.58416
0.75042
0.80864
1.0227
0.8618
0.92719
0.74778
0.66614
0.7548
0.77084
0.51769
0.8681
0.85813
0.968
0.9642
1.0062
0.94202
0.87321
1.1244
0.71445
0.81184
0.8627
0.91463
0.72742
0.95858
1.0633
0.618
0.48491
1.0021
0.57813
0.77771
0.6233
0.89676
1.0484
0.80371
1.0101
1.0873
0.88132
0.69824
1.1352
1.0757
1.0006
0.71734
0.81381
0.87737
0.77968
0.82802
0.85165
1.0053
0.91337
0.96092
0.8637
0.87091
0.77796
0.72099
0.94676
0.9178
0.74975
0.71588
0.88138
0.9094
0.589
0.9978
0.56704
0.91539
1.077
0.98255
0.82753
0.95378
1.0751
0.85978
1.0351
0.97661
1.0624
0.98609
0.95836
0.80808
0.98201
0.9062
0.70381
0.74797
0.63092
0.97119
0.88743
0.68308
0.82477
0.76501
1.0078
0.91425
1.0818
0.8622
0.81319
0.81614
0.91551
0.84451
0.67173
1.1676
0.86975
0.44735
1.1076
1.1145
0.73323
0.71091
0.60902
1.029
0.87309
0.88658
0.95758
0.97754
0.89715
0.85994
0.99114
0.55392
0.96721
1.1403
0.84933
0.84691
0.89263
0.82563
0.78009
0.59405
0.6127
0.70181
0.75699
0.67761
1.0239
0.98364
0.79254
0.8752
1.0128
0.88255
0.79654
0.67135
0.97407
1.0258
0.91847
0.90915
0.80241
0.82908
0.8426
0.56695
0.82577
1.0063
0.7985
0.94978
0.68144
0.77566
0.63515
1.0227
0.76527
0.91513
0.95727
0.90373
0.91401
0.6406
1.0064
0.75365
0.68408
0.92738
0.8793
0.78928
0.73876
0.74788
0.80473
0.75059
0.72117
0.94218
0.85155
0.85435
0.56676
0.77969
0.73312
0.456
0.76042
0.90296
1.007
0.74115
0.79625
0.83424
0.82966
0.76989
0.49982
0.96889
0.89528
0.77614
0.99577
0.85159
1.0753
0.80799
0.98088
0.94313
0.7451
0.88053
0.94348
0.93774
0.86848
0.69101
0.79811
0.95131
0.8719
0.90054
0.79474
0.78639
0.64519
0.61493
1.1144
1.0375
0.80836
0.75172
0.74039
0.73957
0.62805
0.61539
0.87265
0.79416
0.61396
0.86698
0.79334
0.82064
0.63142
0.63453
1.0228
0.60095
0.67753
1.0109
0.9888
1.0141
0.77895
0.90932
0.35351
0.72927
0.84769
0.89767
0.82569
0.85618
0.82949
0.82976
0.7049
0.89476
1.1098
0.82051
0.76883
0.75912
0.85289
0.93246
0.78534
0.73275
0.92982
0.9435
0.95525
0.80629
0.71024
0.78868
0.77824
1.2023
0.92531
0.73464
0.5546
0.73026
0.80071
0.84377
0.88287
1.028
0.8209
1.1269
0.76818
0.68046
0.98687
0.77332
0.57356
0.71639
0.80951
1.0766
0.93624
0.68042
0.54767
0.87127
0.61835
0.88082
0.96261
0.81574
0.85857
0.95535
0.91846
0.7855
0.49592
0.93219
0.54766
0.53125
0.7931
0.81357
0.96766
0.85128
1.1695
0.92281
0.76304
0.83901
0.72971
0.82276
0.68931
0.92303
0.91032
0.86651
0.5761
0.72443
0.89304
0.88427
0.85769
0.66835
0.70647
0.82291
0.77775
0.69027
1.0773
0.78003
0.62918
0.68219
0.73442
0.60462
0.86338
0.7893
0.91993
1.1115
0.84716
0.81063
0.87726
0.77683
0.66922
0.65143
0.67595
0.55101
0.89
0.96981
0.79365
0.99589
1.1273
1.0127
0.63088
0.88829
0.77081
0.29306
0.74557
1.0764
0.76054
0.86232
0.78356
0.58358
0.91216
0.83495
0.75599
0.57287
0.75724
0.81839
0.84564
1.1332
0.99272
0.73043
1.0353
1.0064
0.74898
0.73673
0.80422
1.1138
0.77253
1.053
0.66981
0.88805
0.89378
0.89707
0.90445
1.0085
1.0938
0.9783
0.96663
0.99559
0.71277
0.52587
0.89312
0.89837
0.66529
0.99531
0.64128
0.90831
0.89596
1.0016
0.75054
0.60251
0.7543
1.147
1.0197
0.87322
0.85499
0.80104
1.0242
0.89835
0.78876
0.88881
0.77332
0.84942
0.69344
0.90958
0.86808
1.0022
0.92425
0.74451
0.67514
1.0046
1.09
1.0441
0.8792
0.88314
0.97972
0.99004
0.76034
0.94324
1.1078
0.66482
0.59091
0.84731
0.6607
0.91696
0.71647
0.75118
0.92347
0.9241
0.90672
0.86319
0.91888
0.70172
0.93099
0.80382
0.78524
0.77936
0.74441
0.75082
1.0059
0.72046
0.89153
0.87611
0.54565
0.59079
0.82707
0.93918
0.94292
0.97177
0.61475
0.91122
1.0311
0.89419
0.9555
0.94137
0.75807
0.69789
1.0782
0.95955
0.70426
0.60683
0.69063
0.85386
0.77934
0.62116
0.80764
0.97874
0.80136
0.55437
0.9778
0.92817
0.99783
0.9152
0.95585
0.80239
0.82678
0.73403
0.82667
0.87924
1.0275
0.80908
1.0055
0.72078
0.78588
0.95012
0.77385
1.0467
1.0154
1.0486
1.1871
0.75031
0.73422
0.71765
1.0774
0.80665
0.6063
0.80413
0.93167
0.91754
0.90184
0.89594
0.50516
0.60976
1.0877
0.87839
0.70372
0.64712
0.87066
0.79957
1.2227
0.87448
0.66865
0.86399
0.78404
0.93881
0.74058
0.95329
0.89125
0.86081
0.87405
0.82558
1.0251
0.58214
0.73617
0.52174
0.71752
1.077
0.45189
0.54907
0.90569
0.81199
0.8997
0.634
0.99626
0.81023
0.56139
0.72939
0.82757
0.85688
0.81497
0.7228
1.0056
0.87505
0.96706
0.8699
0.72085
0.9704
0.724
0.73035
0.98391
0.84409
0.4889
0.97351
0.43401
1.1365
0.99713
0.77031
0.65549
1.0134
0.86786
0.41308
0.56957
0.94094
0.92722
0.90172
0.59174
0.90879
0.73214
0.87997
0.68593
0.60733
0.59759
0.83711
0.80795
0.79313
0.73999
1.0743
0.64923
0.73914
0.63401
0.90948
0.79478
1.0158
0.93053
0.92694
0.89524
1.2019
0.99102
0.8889
0.78241
0.80181
0.81979
0.88063
0.85426
1.0537
0.92541
0.62023
0.77306
0.9276
0.77665
0.90175
0.90623
0.69239
1.0385
0.8722
0.93971
0.78471
0.95415
0.98857
0.95542
0.3283
0.84626
0.51797
1.1545
0.83537
0.88506
0.91198
0.90689
0.89709
1.0065
1.0112
0.62074
1.0169
0.88921
0.7179
0.76649
1.0275
0.63455
0.70516
0.73064
0.73577
0.94241
0.72491
0.72106
0.55455
0.90988
0.8359
1.0622
0.85415
0.90434
0.87495
0.87553
0.84312
0.7929
0.77507
0.8292
0.61523
0.75716
1.1195
1.0008
0.87204
0.2621
1.037
0.83047
0.78609
0.85245
0.81351
0.88936
0.89237
0.77342
0.71807
0.73982
0.98284
0.50794
1.0882
0.96486
0.73417
0.8194
0.7133
0.73468
0.61936
0.68008
1.11
0.22957
1.2262
0.73087
0.9811
1.0113
1.1654
0.62178
0.90483
1.0647
0.63652
0.76978
0.71608
0.61295
0.76215
0.69568
1.0159
0.82267
0.99311
0.67566
0.91851
0.85394
0.84175
0.94042
0.80974
1.0158
0.71994
0.62362
1.0649
0.94268
0.88576
0.9337
1.0902
0.8322
0.92743
0.93322
0.76472
0.56179
0.66203
0.72298
0.72851
0.60137
1.0163
0.64125
1.0086
0.86582
0.75406
0.9285
0.9634
0.67465
0.6882
0.62929
0.73298
0.93485
0.89044
1.033
0.66456
0.99614
0.81659
0.81676
0.6853
0.9263
1.0434
0.92092
1.0364
0.72176
0.85459
0.83931
0.59556
1.1387
1.0867
0.61863
0.87826
0.54951
0.79207
0.67112
0.77173
0.82449
0.3863
0.99268
0.83835
1.1729
0.63592
0.71954
0.53144
0.81898
0.88184
0.97618
0.88626
0.86678
0.98702
0.89104
1.0001
0.69898
1.048
0.91828
0.95246
0.76867
0.69232
1.1114
0.67285
0.40601
0.73151
0.92378
0.48361
1.0398
0.9408
1.0008
0.94262
1.0141
0.76314
0.96994
0.84979
1.0001
0.94675
0.91363
0.74521
0.80746
0.83869
1.0514
0.81696
0.68051
0.47872
0.5231
0.48069
0.49417
0.88707
0.64913
0.96647
0.85275
0.95696
1.0036
0.98224
1.0132
0.92711
0.88085
0.97429
0.85927
0.60481
0.84405
0.91377
0.77945
0.94575
1.0052
0.97645
0.9334
0.72432
0.76274
0.64402
0.90314
0.93743
0.70544
1.0844
0.81498
1.0718
0.72201
0.76516
0.80498
1.0888
1.086
0.79833
0.93972
0.81708
0.9106
1.0618
0.83389
1.0383
0.94722
1.1223
0.9243
0.84585
0.95732
1.051
0.90727
0.8924
0.93914
0.92392
1.0391
0.83214
0.99732
0.70932
0.81145
1.064
0.94653
0.73506
0.78873
1.0528
0.74666
0.78398
0.94545
1.1494
0.99953
0.96458
1.2441
0.75776
0.9469
0.5161
0.62031
1.079
0.87381
1.0765
0.75308
0.8188
0.90606
0.59363
0.57372
0.72447
0.77935
0.81714
0.92415
0.90516
0.92192
0.96563
0.86262
0.59866
0.63664
0.66645
1.0855
1.0548
0.82452
0.71617
0.97039
0.95297
0.98233
0.92105
0.87223
0.99763
0.65859
0.66855
0.85179
0.77901
0.86558
0.6965
0.6745
0.92082
0.82371
1.0251
1.1229
0.46291
0.824
0.92289
0.98055
0.83731
0.88689
0.7464
0.90151
0.88507
0.83953
0.93713
0.63466
0.92729
0.71233
1.0119
0.90723
0.91274
0.69962
0.85945
0.88504
0.83162
0.99405
0.75348
0.82248
0.62402
0.98953
0.56986
1.0324
0.83862
0.67854
0.75064
0.82348
0.91756
0.63122
0.75052
0.87255
0.92445
0.80596
0.80083
1.1192
0.87681
0.99093
0.81011
0.74008
0.36675
0.96638
0.9175
0.88256
0.93762
0.6609
0.98244
0.94043
0.94192
0.56994
1.0764
0.90795
0.7688
0.92444
0.67863
1.0455
0.65971
0.91526
0.96921
0.9815
0.80983
0.80516
0.83114
0.9861
1.0284
1.1583
0.62887
0.9787
0.63622
1.0153
1.0839
0.93662
0.83134
0.96553
0.8198
0.75612
0.83405
0.9306
0.98032
0.68084
0.88781
1.027
1.0959
0.9322
0.71299
1.0653
0.99547
1.0105
0.69335
0.48167
0.7653
0.65373
0.90377
1.1542
0.85872
0.91344
1.0654
0.99398
0.59507
0.83035
0.86681
1.0697
0.72341
0.84568
0.8235
0.87986
0.92157
0.78387
0.67339
0.93602
0.70473
0.87754
0.8372
0.65685
0.98013
0.88613
0.92373
0.87211
0.99587
0.81012
0.63657
0.94865
0.75133
0.68405
0.91488
1.0587
0.83975
0.97791
1.0181
0.90922
0.93127
1.1266
1.0106
1.0362
0.58185
0.69217
0.79598
0.78501
0.59457
1.0174
0.84725
0.61056
0.76978
0.97071
0.42908
1.0251
1.0059
0.99338
0.87653
0.85285
0.76341
0.78023
0.80923
0.95269
1.0239
0.81666
0.85961
0.95955
0.66807
0.75915
0.90926
0.94415
0.90463
0.82914
0.91606
1.0889
0.94671
0.99236
0.71867
0.86177
0.48928
0.8055
0.54376
0.96308
0.72988
1.0115
0.65309
0.59297
0.9011
0.81934
0.86074
1.1106
0.72758
0.88968
0.84376
0.75387
1.0178
0.85755
0.62462
0.88816
0.82923
0.63422
0.91346
1.1467
1.011
0.84991
0.74915
1.056
0.63017
0.83851
0.94733
0.70838
0.93352
0.94243
0.90453
0.96742
0.7488
0.99361
0.90014
0.71998
0.6991
0.6613
0.81258
0.91641
0.7171
0.91449
1.0971
0.96982
0.83478
0.80927
1.0075
0.80947
0.74554
0.82255
0.89142
0.73231
0.91482
0.75342
0.82733
0.91098
0.74873
0.83916
0.40365
1.023
0.67669
0.94368
0.63715
0.67995
0.53348
0.72544
0.9448
0.74532
0.77432
1.1041
0.75377
0.76315
0.67764
0.80889
0.87825
0.7077
1.0073
0.8708
0.60102
0.87464
0.97515
1.006
0.75411
0.77406
0.79789
0.97161
1.0667
1.1766
1.0643
1.0197
0.88569
1.0193
0.87203
0.80626
0.91223
0.9771
0.91572
0.77879
0.9413
0.62634
0.78965
0.84658
0.93816
0.79303
0.83633
0.97492
0.82494
0.74714
0.92774
0.73433
0.81181
0.60437
1.0729
0.92185
0.96874
0.76588
1.1311
0.77007
0.85371
0.82449
0.44813
0.95912
0.46404
0.7453
0.64451
0.96886
0.48823
1.0185
0.60388
0.74333
0.91205
0.91499
0.81204
1.1219
0.73694
0.75812
1.063
1.0175
0.73103
0.76021
0.53788
1.0143
0.38501
1.0202
1.0221
0.70739
0.94478
0.95891
1.0347
0.81355
0.74038
0.82847
1.0638
0.92764
1.1193
1.001
0.7563
0.9341
0.55995
0.56056
0.98722
1.0086
0.93598
1.0816
0.88297
0.99605
0.74969
1.0276
0.79889
0.97588
0.67825
0.91644
0.91899
1.096
1.0606
0.94467
1.0051
0.81915
0.96748
1.2003
0.8956
0.77112
0.9828
1.0549
1.0124
0.68857
0.65808
0.5617
1.0615
0.85855
0.69084
0.82981
0.92331
0.90784
0.93961
0.88252
0.93834
1.031
0.73668
1.1869
0.72567
0.89669
0.71361
1.0322
0.95805
0.66804
0.61305
1.0423
0.86832
1.1742
0.76226
0.82133
0.94891
0.98965
1.0176
1.1288
0.99153
1.0814
1.0871
0.63821
0.98964
0.84549
0.94909
0.89806
1.0477
0.63423
0.9585
1.1136
0.918
1.0588
1.1649
0.93428
0.96705
0.83794
0.47787
0.85621
0.8622
1.0806
0.86621
0.81132
0.52542
0.97749
0.76028
0.80203
0.88771
0.93928
1.0082
0.6258
0.63478
0.65881
1.0143
0.69271
1.0396
0.93903
0.87997
0.75878
1.1383
0.35601
0.98281
0.9549
1.0061
0.89483
0.64109
0.92628
0.82669
0.861
0.63035
0.94551
0.97621
0.83284
0.92394
1.0663
0.51185
0.64088
1.0743
0.42043
0.75351
0.80688
0.93606
0.86248
0.90759
0.82624
0.82675
0.80318
0.79432
1.236
0.83401
0.94946
0.99329
0.59342
1.0479
0.69627
0.87226
0.70997
0.83782
0.8163
0.90577
0.89019
0.72213
0.9026
0.69
1.0898
0.5277
0.99459
1.0921
1.0752
1.0605
0.73556
0.75658
0.80071
0.58468
0.90513
0.42505
0.9158
1.0486
0.90939
0.91374
0.55349
1.0026
0.83459
0.70665
1.0152
1.0921
0.94468
1.2508
1.1343
0.58974
0.94883
0.91986
0.78216
0.94581
0.7741
0.20357
1.0193
0.93652
0.70884
1.0283
1.0654
0.92483
0.68981
0.73522
0.93935
1.3117
1.128
0.93086
1.0726
0.92495
0.64172
0.64059
0.59088
0.83363
0.79649
1.0207
0.7812
1.0343
0.89545
0.72472
0.96341
0.92841
1.0123
0.91808
0.95381
1.1126
0.87705
0.90682
0.67216
0.68774
0.8711
0.70315
1.1002
0.89717
1.1437
0.9304
0.99445
0.50998
1.0565
0.64048
0.84028
0.95354
0.76712
0.84722
0.68366
0.96869
0.91568
0.94387
0.83244
0.82387
0.81976
0.8374
1.0666
0.98079
0.78865
0.57065
0.89233
1.19
1.0252
0.75864
0.97712
0.99401
0.98181
0.77661
1.0283
0.80869
0.59147
0.94023
0.93405
0.7679
0.62647
0.75407
0.8694
0.43014
0.88357
0.92436
1.2397
0.98251
0.88021
1.1166
0.6859
0.76906
0.86519
0.98992
0.78082
0.69505
0.66977
0.93368
0.79709
0.73744
0.77428
0.97784
0.88327
0.93835
0.96112
0.80512
0.99858
0.99321
0.82315
0.76527
0.74909
0.69317
0.77511
0.73967
0.91659
0.89041
0.50035
0.84667
0.69008
0.99946
1.0074
0.75605
0.75868
0.58013
1.0528
0.75654
0.91195
0.89459
0.73799
0.73116
1.0214
0.89129
1.0059
0.79639
0.84362
0.63674
0.87867
0.82385
1.0035
0.97446
0.59835
0.77583
1.0286
1.0833
0.80612
0.93533
0.66256
0.94589
0.88192
0.77024
1.0878
1.0187
0.82318
0.76804
0.85344
1.0042
0.97931
0.82287
0.76369
0.96922
0.81713
0.95172
1.0176
0.80333
0.64021
0.67888
0.87908
0.93168
0.79048
0.93688
0.71557
0.6826
0.56671
0.85798
0.78548
1.0165
0.5758
1.0301
0.4732
0.84271
1.0742
0.96339
0.99521
0.87263
0.85755
0.89214
1.1078
0.67711
0.80651
0.79402
0.69802
0.57337
1.0151
0.82064
0.85132
0.90835
0.8163
0.83358
0.76946
1.0412
0.9011
1.0158
0.83451
0.94392
0.87921
1.0332
0.71087
0.96109
0.94174
0.79657
1.0009
0.68942
0.91089
0.85228
0.97181
0.86813
0.59733
0.57209
0.93173
1.0921
0.9369
0.61869
0.77789
0.69621
0.58124
0.68721
1.0697
1.0587
0.91625
1.1139
0.57982
0.821
1.0887
0.57296
0.76091
1.0017
0.737
0.88341
1.1451
0.53539
0.871
0.94684
1.0971
0.92251
0.65195
0.60158
0.88486
0.91095
0.92649
0.90601
0.79727
0.91261
0.91161
0.77528
0.89587
0.66459
0.68926
0.96144
0.76564
0.89602
0.93516
0.96386
0.98221
0.76781
0.71172
0.93929
1.0458
0.85902
1.0468
0.94902
0.98699
1.1293
0.98674
0.82938
0.72998
0.79936
0.8286
1.0393
0.94936
0.91787
1.0366
0.89924
0.70615
0.72573
0.72066
0.94452
0.59124
0.99375
0.92721
0.80036
1.0059
0.76652
0.6798
0.71289
0.74872
0.58692
0.98115
0.97929
0.94187
0.91514
0.93913
0.95393
0.73688
0.75991
0.76662
0.98514
0.92468
0.88711
1.0822
0.87468
0.87611
0.92338
1.0669
0.83328
0.78224
0.95908
1.0413
0.84501
0.75466
1.0643
0.94973
1.0055
1.0363
0.84032
0.87091
0.51405
1.0583
0.76729
0.97237
0.61587
0.77631
0.72872
0.67703
0.89352
0.58949
0.74196
0.8462
0.75946
1.0679
0.86799
0.91408
0.81704
1.0018
0.75858
0.99965
1.0148
0.8675
0.76834
0.79377
1.0306
0.87364
0.91336
0.50214
1.0154
0.97811
0.64824
0.76481
0.68378
0.92276
0.79204
0.88188
0.74402
0.77435
0.6717
0.78028
0.86801
0.97243
0.78397
0.82087
0.97798
0.72115
0.68238
0.80361
0.69807
0.69286
0.76152
0.64086
0.56478
0.66023
0.9756
0.82181
0.8569
0.90222
0.92178
1.0803
0.98531
1.1034
1.0572
0.43725
0.66993
0.7145
0.86679
0.74655
0.9846
0.7806
1.1008
0.88013
0.92921
1.0068
1.123
1.0348
0.97046
0.65381
0.8365
0.85154
0.67957
0.94797
0.48783
0.55785
1.1774
1.1263
0.87131
1.0382
0.86571
0.7221
0.92252
0.7774
0.8409
0.92092
0.52322
0.79335
0.68888
0.83417
1.0015
0.44904
1.0527
0.85586
0.86229
0.77094
0.93091
1.0079
1.0301
0.75049
0.86946
0.99586
0.93921
0.45949
0.66819
1.0227
1.0879
0.59646
0.88653
0.79042
1.0265
1.0228
0.80862
0.92902
0.93438
0.96361
0.9797
0.90896
1.0913
0.98144
0.87886
0.84298
0.8897
1.0338
0.63802
1.0029
0.67402
0.99743
1.1237
0.6316
0.98471
0.86786
0.74626
0.84545
0.80132
0.88099
1.0515
0.95391
0.96776
1.0646
0.93525
0.57551
0.95313
0.95498
1.0012
0.58139
1.0572
0.85533
0.76799
1.0506
0.84299
0.78324
1.1308
0.67418
0.88405
0.83027
1.0626
0.87463
0.35591
0.54935
0.89802
0.74734
1.0582
0.91914
0.97
0.80168
0.83902
1.0869
0.99129
0.96469
0.81754
0.94742
0.84367
0.51617
0.97583
0.97678
1.0877
0.80693
0.8489
0.85682
0.71437
0.80185
0.84499
0.80801
0.99404
0.76661
0.89993
0.88109
0.70154
0.91607
0.77512
0.53773
0.88032
0.74963
0.99674
0.69448
1.2151
1.0087
0.97371
0.96646
0.75289
0.4273
1.0242
0.66738
0.92633
0.94545
0.82714
0.81898
0.76702
0.88367
0.78011
0.49547
0.53271
0.75758
0.91167
0.57046
1.0127
0.92171
0.7962
0.70848
0.92899
0.91983
0.89072
0.72846
0.73071
0.58946
0.92276
1.0397
0.74668
0.87412
0.75321
0.75364
0.91112
1.0371
0.83645
0.78256
0.55212
0.9761
0.85882
0.4623
1.0476
0.92483
0.9981
0.80155
0.99464
1.0452
0.74872
0.9041
0.97963
0.55888
0.8261
1.0053
0.99376
0.57216
0.69391
0.95175
0.60942
1.112
0.61442
0.76941
0.88468
0.99733
1.1209
0.58434
0.80234
0.8857
1.043
0.9817
1.1204
0.93791
0.54575
1.0726
0.78586
0.99978
0.89066
0.87541
0.77044
0.72026
0.95692
0.84715
0.61334
0.93572
0.46103
0.9667
0.8976
0.67683
0.87238
0.75871
0.64184
0.959
0.83359
0.9452
0.80757
0.82896
0.6069
0.663
0.73812
0.69647
1.0181
0.70733
0.94103
1.026
0.99197
0.56206
0.94962
0.84533
1.1258
0.76751
0.84053
0.99208
0.81495
0.86706
0.85296
0.97611
0.94507
0.63404
0.83071
0.78554
1.0108
0.89678
0.91666
0.62137
0.97528
0.97781
0.82731
0.944
0.66349
0.88861
0.86711
0.7421
0.88023
0.60524
0.96291
0.49583
0.80064
0.88959
0.77686
0.74243
0.86004
0.8749
0.92402
0.68176
0.97972
0.72671
0.90006
0.9833
0.71582
0.58334
0.85048
0.74472
0.90341
0.84549
0.82057
0.68556
0.6369
0.70939
1.0516
0.60182
0.24423
0.38416
0.81923
0.75051
1.0751
0.915
0.85136
1.1366
0.79207
0.93657
1.0363
0.93136
0.85287
0.77934
0.90271
0.6065
0.83975
0.77542
1.1371
1.069
0.67295
0.78517
0.58526
0.71775
0.61929
0.87183
0.78149
0.70961
0.61158
0.78076
1.1011
0.63966
0.71946
0.6904
0.75109
1.1209
0.92246
0.92717
1.0185
0.93418
0.75858
0.7388
0.98089
0.86624
0.83268
0.6762
0.81941
0.94087
0.99906
0.87804
0.54247
0.96049
0.84827
0.99515
0.81532
0.77076
1.1145
1.0322
1.0769
0.87695
0.78589
0.84153
1.0257
0.80932
0.71224
0.79893
0.88047
0.74965
1.0311
0.78911
0.89176
0.79462
0.72326
0.98623
1.0266
0.57572
0.93111
1.1675
0.79445
0.88494
1.1921
0.73968
0.82708
1.0419
1.0127
0.9892
0.90815
0.77394
0.82001
1.1314
1.0822
0.67242
0.90443
0.7158
1.1475
0.86442
1.1681
1.0668
0.82963
0.89128
0.98813
0.94214
0.63582
0.91034
0.86676
0.82246
0.97464
0.66152
0.90289
0.85622
0.97714
0.86887
0.80456
0.70772
0.6851
0.71024
0.62457
0.86953
0.84526
0.97256
1.1278
1.0737
0.83036
0.75921
0.83919
0.68712
0.42877
1.0769
0.55758
1.1475
0.74835
0.67236
0.99848
0.82444
0.95525
1.0842
0.52038
0.9649
0.82428
0.98651
0.5145
1.1457
0.8315
0.72539
1.1916
0.92319
0.82037
0.98488
0.7733
0.77735
0.79424
1.123
1.0488
1.1957
1.0234
0.70595
1.0072
0.73229
0.76955
0.98598
0.76712
0.97561
1.0252
0.9845
0.63212
0.60608
0.95069
0.84848
0.84526
0.82604
0.93415
0.83616
1.1162
0.98649
0.53883
1.0537
1.0325
1.0252
0.70638
0.61295
0.9113
1.1489
0.91685
0.86462
0.96187
0.94646
0.83334
0.91411
0.76207
0.90727
0.93743
0.7893
0.80754
0.64191
0.77121
0.83931
0.72985
0.89851
0.96397
0.81871
0.94514
0.94404
0.88044
0.57201
0.77927
0.77655
0.76673
0.93203
0.90202
0.8367
0.78392
0.52799
0.81468
0.74451
0.96595
0.78073
0.97059
0.59469
0.6593
0.63996
0.62242
0.62645
0.80594
0.82324
1.0199
0.98546
0.9195
0.34906
0.91313
0.62378
0.84226
0.69646
1.1075
0.91845
1.0755
0.68621
1.0085
0.78453
1.2057
0.94773
0.6939
1.0145
0.61632
0.74254
0.84889
0.83892
0.98333
0.74295
0.76545
1.0202
0.56156
1.003
0.60362
1.0975
1.029
0.74164
0.75225
0.77224
0.78591
1.1515
0.70852
0.74209
0.87608
0.80281
0.87059
0.99296
0.71572
0.927
0.76503
0.59859
0.85657
0.6115
0.67042
0.79661
1.0049
0.68576
0.94803
0.97779
0.96339
0.89771
0.6958
0.82282
0.72829
0.83726
0.63214
0.673
0.86217
0.77235
0.72656
1.0837
0.74063
0.88012
0.96832
0.99151
0.95682
0.92596
0.57026
0.96459
0.87977
0.78466
0.61177
0.96549
0.90873
0.45844
1.1197
0.98822
0.64184
0.78574
1.0096
0.76444
0.82563
0.82465
1.0555
0.70666
0.93379
0.4464
0.96742
0.67933
0.61644
1.0359
0.86872
0.79708
0.78564
0.77798
0.83122
0.53656
0.76421
0.78355
1.0148
1.0087
0.51958
0.91904
0.94291
1.133
0.96238
0.97151
0.82036
0.89308
0.87071
0.72434
0.58143
0.62717
0.87723
0.63167
0.70742
0.72066
0.8166
1.17
1.0691
0.76228
0.96282
0.9893
0.95775
0.73073
0.92431
0.76784
0.8477
0.7756
0.95869
0.70535
0.40484
0.66803
0.79089
0.7195
0.69601
0.71506
1.0209
0.64963
0.79231
0.87198
0.88244
0.32816
0.51666
1.0744
0.76231
0.74787
0.92235
0.78357
0.8279
0.70453
0.88778
0.86515
1.073
0.74422
0.86322
0.56826
0.75351
0.78825
0.654
0.77151
0.82765
0.95623
0.7847
0.64107
0.59238
0.88996
0.84315
0.98354
0.88773
1.0153
1.0317
0.90387
1.0911
1.0071
0.45173
0.83975
0.92229
0.79443
1.1225
0.99871
0.98362
0.73198
0.87823
0.98326
0.7041
0.98703
0.91823
0.719
0.9059
1.12
0.98848
0.86994
0.92401
0.54269
0.90885
0.83704
0.95539
0.6868
0.64808
1.0369
0.87271
0.86887
0.80764
0.96435
0.8408
0.76385
0.94813
0.83566
0.92442
0.93125
1.0488
0.92555
0.85355
0.87579
0.87614
0.94759
1.1098
1.0205
0.86297
1.0803
0.68296
1.157
0.88204
0.89776
0.97201
0.65519
0.81573
0.95435
0.58255
0.97659
0.57823
0.90186
0.8481
1.1087
0.47372
0.86429
0.83724
0.57929
0.81365
0.93612
0.79535
0.77735
0.54163
0.31864
0.91471
0.90954
0.89179
0.66324
0.92477
0.80021
0.70925
0.97109
1.0676
0.84267
0.59011
0.98629
0.85085
0.90556
0.71116
0.82905
0.78154
0.41079
0.91403
0.80537
0.89225
0.7514
1.0138
0.84848
1.014
0.7453
0.93802
0.62216
0.95922
0.77732
0.98679
0.78474
0.76786
0.5835
0.94772
0.75412
1.0152
0.75089
0.57983
0.72199
0.64417
0.73839
1.0297
0.77903
0.86355
0.96638
0.97589
0.93125
0.78405
0.79364
0.86983
0.71257
0.90829
0.96542
1.0684
0.9345
0.92153
0.87816
1.0023
0.8926
0.74821
1.0037
0.76307
0.98673
0.90242
0.87164
0.85598
0.59246
0.66133
0.90413
0.9802
0.99767
0.77127
1.1092
0.74762
0.77516
0.89015
0.98645
0.66244
0.73962
1.0813
0.90983
1.0057
0.70219
1.0502
0.73166
0.76185
0.91899
0.80759
0.90081
0.70959
0.99533
0.68969
0.73753
0.90842
0.81463
0.89014
0.73202
0.8135
0.66152
0.94742
0.98076
0.9075
0.96024
0.81808
1.1368
0.69415
0.90038
0.90346
0.5857
0.89832
0.75922
1.1713
1.1828
0.96836
0.74052
0.88617
1.2245
0.85863
1.0782
0.85418
0.76876
0.66954
0.91097
0.6489
0.82746
0.69047
0.55585
1.0357
0.61387
0.8344
0.89909
1.1015
1.1062
0.80482
0.81612
0.69581
1.1065
1.1545
0.96142
0.7366
0.54268
0.76434
1.1043
0.79414
0.94108
0.91864
0.91789
0.79396
0.92195
0.67451
0.92498
0.87569
1.1251
0.76878
0.71762
0.8215
0.79229
0.98444
0.57
0.88729
0.61344
0.72827
0.87932
0.81854
0.87389
0.8527
0.84626
0.59641
1.0366
0.97978
0.804
0.65613
0.89986
1.1629
0.58213
1.04
1.0117
0.83703
0.72821
0.71163
0.97985
0.85759
0.80605
0.71759
0.97789
0.83791
0.95138
0.55254
0.75637
0.64871
0.95839
0.71581
1.0236
0.96669
0.36081
0.77971
0.81927
0.82147
0.857
0.89461
0.49103
0.83164
0.93605
0.8063
0.64838
0.62044
0.96015
0.99789
0.86533
0.73509
0.75995
0.85364
0.76579
1.0579
0.81167
0.87547
0.9797
1.0441
0.78787
0.84201
0.86366
1.266
0.7772
1.0206
0.56301
0.72748
0.743
0.88939
0.78998
0.91693
0.57037
0.59021
0.70472
1.1135
0.93225
0.5059
0.88185
0.9535
0.84422
0.74634
1.0694
0.78649
1.0352
0.8273
0.93564
0.73779
0.96663
0.81159
0.8541
0.67649
0.87656
0.71138
0.90553
0.84736
0.8422
0.84266
0.69101
0.50976
0.72124
0.70502
0.89208
0.7535
0.99331
1.031
0.53195
0.96549
0.82213
0.91124
1.0154
1.1041
1.041
0.99274
0.5652
0.68728
0.92567
0.96361
0.9599
0.65351
0.83316
0.83623
0.80314
0.66099
0.62327
0.7286
0.84667
0.94594
1.1062
0.97983
0.67183
0.69519
0.76697
0.80336
0.98651
1.159
0.93613
0.64556
1.0182
0.61054
0.98235
0.85801
0.76964
0.6405
0.55047
0.96145
0.93595
0.97148
0.76329
0.9745
0.94691
0.75839
0.96233
0.79242
0.46451
0.78343
0.82669
0.67053
0.82009
1.0553
0.79743
0.7052
1.023
0.826
0.82792
1.0127
0.98784
1.099
0.83423
0.90614
0.94507
0.73579
1.1996
0.89881
0.87372
1.1748
0.79214
0.79398
1.0111
0.92036
0.7741
0.9208
1.0492
0.87389
0.80524
0.95552
1.0436
0.78548
0.68212
1.1328
0.94078
0.95519
0.57047
0.98744
1.0023
0.627
0.78734
0.59784
0.7284
0.8397
1.0263
1.0883
0.83394
0.81333
0.87926
0.93594
0.77525
1.1091
0.93145
0.96805
0.98569
0.95453
0.79995
0.8192
0.63876
0.68069
0.90755
0.67481
0.76182
1.1516
0.7999
0.69144
0.87696
0.93862
0.83743
1.1003
0.90197
0.91132
1.1276
0.88739
0.55862
0.90196
0.98521
0.79142
0.767
0.95626
0.93527
1.1335
0.99613
0.51649
0.83993
0.75922
0.77574
1.1979
0.66106
0.95442
0.98396
0.97607
0.51512
0.97359
1.0125
0.77049
0.88079
0.79118
0.62768
0.92608
0.92611
0.86088
0.87709
0.89194
0.65505
0.30238
1.0053
0.96152
0.81775
0.8515
0.89725
0.86894
0.86966
0.83582
0.76698
0.69649
0.70977
0.69458
0.77822
0.9179
0.88976
0.94613
0.75328
1.0085
0.89619
1.1474
1.0043
0.91004
0.81794
0.64024
1.0356
1.0026
0.76105
0.72025
0.95154
0.70474
0.8712
0.91534
0.88
1.1464
0.81726
1.0695
0.75673
0.72029
0.77857
0.78176
1.0316
1.0514
0.83978
0.72409
0.98292
0.8706
0.6641
0.97988
0.91234
0.79071
0.74731
1.0035
0.96382
0.92087
1.0266
0.81192
0.84598
0.76077
0.65184
0.60897
1.0241
0.97489
1.0136
0.8128
1.0771
0.67317
0.78655
0.75662
0.77485
0.72121
0.93707
0.77985
0.76542
1.0168
0.90782
1.1187
0.77129
0.81471
0.90117
0.70469
0.91767
1.0758
0.85563
0.89728
0.96448
1.1001
0.98264
0.82073
0.78687
0.89802
0.82025
0.90798
0.96892
0.81807
0.9275
0.72847
0.8157
0.94129
1.0775
0.76834
0.72834
0.63043
0.97622
0.75846
1.064
0.53234
0.93916
1.0959
1.0479
1.0229
0.71848
1.0142
0.51438
0.95547
0.91831
0.81314
0.86758
1.0656
0.82144
0.91803
0.79487
0.8472
0.66433
0.91235
0.81909
0.42743
0.84584
0.83721
1.0371
0.79734
0.70045
0.93632
1.0443
1.0197
0.7978
0.88014
0.77152
1.0173
0.78211
0.90301
0.81945
1.0272
0.56234
0.96616
0.78956
0.96568
0.84412
0.82832
0.75214
0.97102
0.81912
0.86421
1.0181
0.83732
0.96665
0.79987
0.97737
0.81621
1.0872
0.76846
0.77926
0.66673
0.62034
0.71986
0.82223
0.90522
0.72524
0.7645
0.88936
0.94011
0.90129
0.80621
0.86242
0.84981
0.6672
0.49395
0.87757
0.88581
0.99076
0.63855
1.0494
0.69017
0.85316
0.89604
0.7673
0.61574
0.50476
0.61763
0.89037
0.71474
0.66202
0.9319
0.9076
0.5979
0.75681
0.85046
0.3451
0.77019
0.83945
0.97714
0.90195
0.95634
0.90924
0.71045
0.94271
0.95722
0.80873
1.0663
0.86324
0.92361
0.89865
0.37724
1.0513
1.0323
0.76224
0.8959
0.54612
1.1459
0.77165
0.58544
0.93418
0.71825
1.0061
0.88689
0.69785
0.805
0.8096
0.79886
1.036
0.9589
0.90494
0.86447
0.8562
0.7116
1.0544
0.64118
0.81489
0.7536
0.71917
0.91069
1.0192
0.8167
1.2164
0.71112
0.62125
0.85812
0.73164
0.98803
0.70541
0.69225
0.87036
0.86159
0.83644
0.85533
0.72651
0.89157
0.84058
0.72094
0.87895
0.99655
0.98359
0.9276
0.85752
0.77991
0.46682
0.84623
0.73937
0.47939
0.94028
0.8361
0.99801
0.435
0.75452
0.61543
0.9131
0.77384
0.54275
0.94956
0.50661
0.75495
0.92574
0.78321
0.81162
1.0619
1.0651
0.77889
0.81651
0.90764
0.93211
0.83084
0.76079
0.87421
0.74342
0.50553
0.90523
0.9523
0.94469
0.70998
0.91248
0.8619
0.60914
0.79229
0.70743
0.67172
0.92669
0.81568
0.88641
0.95237
0.97049
0.81652
0.93797
0.71704
0.75586
0.66989
0.86307
0.93694
0.86879
0.97746
1.0231
1.1045
0.81521
0.82733
0.71885
0.95744
0.98187
0.93415
1.1716
0.9159
0.79794
0.97501
0.9724
0.8299
0.9727
0.67122
0.67056
0.71804
0.76053
0.90296
0.67091
0.77411
1.0337
0.62247
0.77324
0.94946
1.0278
0.90741
0.91606
0.70903
1.1073
0.70325
0.83596
1.0612
0.66547
0.73159
0.73074
0.83989
0.85455
1.1322
0.93001
0.78716
0.65505
0.82504
0.94591
1.1574
0.64426
0.48503
0.92407
0.50896
0.7911
0.78533
0.7206
0.86283
0.80386
0.68067
0.94398
0.88168
0.68422
1.0238
0.6611
0.81353
1.0336
0.92155
1.2045
0.52183
0.94437
0.85996
0.68453
0.95041
0.93287
0.55123
0.83562
0.54927
0.77618
0.81806
1.0278
0.70964
0.67867
0.83698
0.65417
0.63988
0.87887
0.83999
0.91864
0.59286
1.07
0.68671
0.97261
0.79977
0.81181
0.77171
0.90643
1.1462
0.73362
0.72737
0.56554
0.76249
0.71423
1.0337
1.0471
1.0482
0.82715
0.78765
0.6574
0.77073
0.99136
0.83505
0.78819
0.77634
0.87279
0.74412
0.81069
0.78709
0.88092
0.76167
0.75357
0.89294
0.95965
0.94799
0.79151
0.80471
0.74557
0.90399
1.056
0.89931
0.95525
0.64732
0.86432
0.88601
0.52909
1.0152
0.61545
0.93707
1.18
0.76689
0.93815
0.63915
0.91637
0.7931
0.98837
0.73135
1.0409
0.8156
0.75263
0.73544
0.6524
0.83414
0.75496
0.84231
0.55675
1.1058
0.80956
1.0914
1.0857
0.804
0.8964
0.92347
0.94076
0.72036
0.6961
0.64041
0.82874
0.89256
0.29917
0.82848
0.6529
0.90866
0.83365
0.9415
1.0713
0.7003
0.95206
0.8697
0.7665
0.75939
0.96957
0.68837
0.523
0.68522
1.0113
0.7914
1.0625
0.84116
0.72346
0.85023
0.62764
0.88745
0.7285
1.0057
0.62703
0.97812
0.46434
0.65706
0.8012
0.90776
0.99737
0.91527
0.80444
0.92118
0.78264
0.58465
0.93563
1.0144
0.95072
0.91546
0.94615
0.88217
0.89614
0.81776
0.90724
0.60059
0.83416
0.97583
0.87802
0.82821
0.8202
1.1707
1.0097
1.0517
0.93646
0.93113
0.67401
0.57531
0.4879
0.68504
0.83358
0.77307
1.0342
1.3227
1.1061
1.0557
0.87979
0.85422
0.91422
0.93374
0.84231
0.50733
0.87192
0.76276
0.98067
0.76566
0.69925
1.0101
0.73236
0.84131
1.2086
0.8265
0.80585
0.69103
0.92784
0.60039
0.49907
0.88631
0.8781
0.87807
1.0078
0.81273
0.53222
0.95131
0.79277
0.80407
1.0721
0.72867
0.83818
1.0038
0.8283
0.70086
0.93094
1.0525
0.79347
0.95328
0.82292
0.95132
1.0886
1.0159
0.81495
0.80724
0.9879
0.99416
0.62589
0.86643
0.85357
0.79558
0.93263
0.927
0.82067
1.0432
1.0636
0.96942
0.75718
1.0805
1.0416
1.0451
0.91966
0.94868
1.1288
0.76547
0.99603
1.0402
0.98895
1.1817
0.71835
0.89696
0.82866
1.0533
1.0554
1.0128
0.81306
0.88207
0.75183
1.0465
1.1031
0.85311
1.0477
0.57802
0.66069
1.0754
0.63785
0.92379
0.74915
0.53863
0.87069
0.60902
0.84467
1.0747
0.69929
0.67626
0.90801
0.74431
0.94085
0.95813
0.65814
0.81479
0.63706
0.88692
1.1746
0.58178
0.82986
0.63279
0.89158
0.83553
0.79634
1.0118
0.8712
0.67431
0.54796
0.99406
0.9879
0.87604
0.95424
0.78325
0.84796
0.85003
1.0108
0.98365
0.59552
0.62167
0.88847
0.72536
0.692
0.82902
0.63087
0.67932
0.82314
0.42253
0.94893
0.85877
0.69666
0.98335
1.0065
0.97138
1.0027
1.015
0.96507
0.97739
0.93504
1.011
0.75837
0.88932
1.0861
0.7171
0.93242
0.94221
0.78014
0.79588
0.84696
0.97061
1.0775
0.99794
1.0327
1.0277
1.0335
0.73438
0.89941
0.97371
0.52642
0.68738
0.67752
0.94132
0.83338
0.75444
0.71781
0.93395
0.7733
0.95276
0.56635
0.7932
0.80907
0.71512
0.85328
0.84291
0.87916
1.0366
1.1452
0.62624
1.0678
0.89585
0.82627
0.9387
0.76401
0.88151
1.0129
0.80053
1.0541
1.0666
0.58348
0.88708
1.0359
0.94301
0.92854
0.8695
0.67222
0.91069
0.62087
1.1117
0.54085
0.95839
0.81601
0.94089
1.0086
0.55657
0.73325
0.79228
0.86272
1.0541
0.70048
0.79495
0.70859
0.96274
0.39204
0.69915
0.79686
0.96192
0.88659
1.0933
0.72478
1.0278
0.86597
0.87201
0.99173
0.82083
0.62587
0.76508
0.96481
0.76178
0.85815
1.0112
0.71214
0.59189
0.59991
1.0373
0.82569
1.1342
0.99666
0.63316
0.66895
0.75216
0.6928
0.84587
1.0923
0.71157
0.89323
0.85117
0.89314
0.78469
0.96542
0.82133
0.89664
0.71523
0.82223
0.35688
0.89048
0.57158
0.8703
1.053
1.0954
1.1076
0.60286
0.85338
0.80508
0.97669
0.40734
0.8428
0.98886
0.91068
0.83579
1.0413
1.0307
1.0684
0.6577
0.71523
0.67927
0.79108
0.95838
0.68456
1.0021
0.77611
0.96415
1.1461
0.92155
0.76872
0.84971
0.72306
0.7626
0.93926
0.88753
0.90057
0.58051
0.98805
0.87703
0.99188
0.74646
0.78608
1.1211
0.80577
0.74858
1.0907
0.76085
0.91864
0.84462
0.67831
0.83694
1.0543
0.9668
0.61483
0.87853
0.95966
1.0255
0.73927
0.80003
1.1348
0.6688
1.0727
0.87881
0.77199
0.81261
0.99068
0.87927
0.87879
0.764
0.56855
0.80616
0.90722
0.85253
0.9295
0.83931
0.82926
1.1918
0.7165
1.0039
1.0937
0.95066
1.0989
1.0783
1.0108
0.95324
0.80665
0.96977
0.85906
0.71859
0.70878
0.9439
0.79188
0.69653
0.872
0.91525
0.52234
0.93557
1.0532
0.85632
0.86153
0.62279
0.94752
0.83885
0.87281
1.0525
0.9757
1.0737
0.89549
0.87216
1.083
1.1256
0.96466
0.92246
1.1556
0.90842
0.81814
0.78806
1.1296
1.0224
1.2156
0.7145
0.69086
1.006
0.81066
0.7914
0.79732
1.0314
0.84972
1.0506
1.0379
0.85257
0.95122
0.44275
0.52811
0.91533
0.99896
0.95498
0.83179
0.72025
1.0347
1.1223
0.96635
1.0589
1.142
0.72206
0.7828
0.7419
0.93534
0.98769
0.66839
0.97855
0.91289
0.87944
0.81076
1.0252
0.7569
0.82209
0.85705
0.72156
0.89698
0.82468
0.82271
0.68728
0.81424
1.0152
0.64035
0.59144
0.41868
0.64014
0.87409
1.0829
0.84541
0.90231
0.61374
0.96878
0.48724
0.79186
0.71066
0.57455
0.83467
0.86485
0.97311
0.93152
0.8521
0.61729
1.1108
0.89227
0.76939
0.68731
1.0704
0.85864
0.83663
1.0202
0.82249
0.89216
0.75911
1.0039
0.87246
0.94295
0.91706
0.57238
0.83481
0.88609
0.76443
0.67094
0.81751
1.0095
0.65599
0.81868
0.59537
0.8377
0.98052
0.75267
0.71699
0.60737
0.98594
1.0795
0.9331
0.99489
0.68113
1.0692
0.6005
0.74892
0.84324
1.0174
0.58196
0.71064
1.0251
0.94611
1.1114
0.9841
0.84805
0.94853
0.90541
0.80194
0.57778
0.9885
0.47573
0.91139
0.57172
0.8772
0.64358
0.93537
0.84
0.79024
0.91682
0.95575
0.815
0.92052
0.82351
1.0133
0.69792
0.78918
1.0071
0.93555
0.71367
0.45515
0.88078
0.55044
0.90752
1.171
0.53536
0.4875
1.0456
0.64086
1.0939
0.79997
0.74309
0.9085
0.81861
0.8566
0.95433
0.90597
0.88361
0.47504
0.90418
0.608
0.99813
0.99848
0.94139
0.76517
1.0473
0.90384
0.83321
0.95031
1.011
0.82294
0.64869
0.7745
1.0199
0.90182
0.92261
1.0487
0.86789
0.58115
0.7325
1.0571
0.56295
0.63939
1.0569
0.42878
1.0338
0.78554
0.88029
0.95153
0.85942
0.7524
0.73892
1.0366
0.77228
0.9242
1.0616
0.62072
0.80397
0.98701
0.61284
0.76678
0.82214
0.69373
1.0124
0.8337
0.42325
0.67911
0.70073
1.0072
1.1173
0.98384
0.73164
0.93293
0.96947
0.63529
0.94957
0.81188
0.78493
0.52134
0.48654
0.86138
0.95571
0.67182
1.0869
0.83674
0.91545
0.97872
0.93548
1.0747
0.87215
0.48508
0.90773
0.83979
0.97455
0.91907
0.47263
0.82575
0.84525
0.97502
0.88683
0.95011
0.76925
0.95896
1.0594
0.73339
0.74228
0.84205
0.91821
0.69831
0.92118
0.92182
0.97085
0.99043
0.87386
0.68205
0.69815
1.0773
0.65826
1.1096
0.71218
0.45455
0.84237
0.77489
0.73249
0.95727
0.76034
0.74402
0.8709
1.1132
0.721
0.5528
0.87837
0.78855
0.93983
1.0158
0.54973
1.1652
0.75178
0.68652
0.46213
1.1002
0.76633
1.026
0.67093
0.99934
0.922
0.70424
0.89172
0.40994
0.8632
0.72218
0.54769
0.94217
1.0107
0.90516
0.69245
0.95021
0.9898
0.82183
0.84382
0.95542
0.92436
1.0483
0.83533
0.52062
0.65339
0.94362
0.78711
1.0968
0.70951
0.63057
0.83719
0.9879
0.92171
0.68722
0.76789
0.83364
0.76842
0.84476
0.80621
0.99982
0.92408
0.94689
0.99271
0.679
0.77283
0.79528
0.86988
0.73733
0.93045
1.1423
0.58813
0.68716
0.84257
0.62295
0.84002
1.0222
0.84353
0.64159
0.81832
0.7821
0.78179
0.97323
0.7793
1.1004
0.44343
0.85552
0.99093
1.095
1.1859
0.88878
0.72418
0.87215
0.82799
0.68469
0.76552
0.6697
1.0787
0.86888
0.93339
0.74329
0.65297
0.95238
0.82502
0.85924
1.0378
0.86817
0.80383
1.0004
0.96187
1.1809
0.90057
0.6301
0.66019
0.49282
0.98236
0.82061
0.95398
0.97897
0.92641
0.86044
0.94132
0.89714
0.92572
0.75379
0.83453
0.56316
0.93487
0.82292
0.85918
0.91159
0.89792
0.83948
0.9414
1.0823
0.69592
1.1575
0.90063
0.7598
0.98829
0.7545
0.79754
1.0305
0.8304
1.0456
1.0128
0.84679
1.0507
0.6762
0.62043
0.84831
1.0733
0.95161
0.85224
0.74103
0.51336
0.86156
0.87484
0.90605
0.61546
1.1314
0.93353
0.77012
0.69609
0.96049
0.96601
0.79756
0.93901
0.56786
0.56732
0.96763
0.61947
1.0007
0.89735
0.96708
1.0109
0.60433
0.76717
0.45729
0.89163
0.76555
1.0211
0.8019
0.78892
0.86845
0.81733
0.71352
0.74181
0.76881
0.86035
1.0165
0.74041
0.9936
0.84373
0.97019
0.59887
0.88406
0.87861
0.84048
0.86871
0.92754
0.41817
0.92842
0.80786
0.74513
0.8471
1.0062
0.89762
0.63211
0.79627
0.76912
0.96932
0.93356
0.84611
0.76456
0.83612
0.78837
0.89177
0.77693
0.79109
0.79939
0.57942
0.9073
0.80546
1.1349
0.79121
0.80515
0.90385
1.2186
0.75691
0.87697
0.86351
0.88851
1.0162
0.89574
0.91134
0.90506
0.54462
0.91041
0.9105
0.49282
0.82573
0.5671
1.083
0.64607
0.63705
0.98928
0.95503
1.0324
0.96109
0.55698
0.92355
0.64423
0.81392
0.99074
1.0408
0.61781
0.90187
0.90022
1.0007
0.89793
0.47171
0.90888
0.98147
1.0336
0.98132
0.71808
0.79839
0.85622
0.63495
0.94874
1.0338
0.66569
0.74848
0.85651
0.64765
0.64542
0.90052
0.91487
0.87061
0.58012
0.78497
0.61566
1.0642
0.8694
1.0196
0.93271
0.99587
0.9002
0.89413
0.98765
0.73339
0.85139
0.97391
1.1015
0.86178
1.0941
0.90591
0.45743
0.94243
0.66306
1.0213
0.70289
1.0218
0.84998
0.9086
0.91116
0.92222
0.9185
0.80698
0.90648
0.93167
0.92772
1.0011
0.99554
0.77734
1.0514
1.0823
0.87953
1.0567
0.93154
0.87613
0.87692
0.66777
0.92806
0.9275
0.97737
0.69365
0.5803
0.60842
0.89641
0.77992
0.75325
0.73885
0.66882
0.56489
0.87042
0.77852
1.0305
0.58239
0.89654
1.0249
0.79977
0.89874
0.56853
0.97091
0.88705
0.92394
0.85612
0.83671
1.0179
0.99899
1.0268
0.95652
1.1383
0.77051
0.80709
0.6678
1.2384
0.86994
0.75167
0.84824
0.8459
1.0035
0.88262
0.828
0.84683
1.0483
0.98591
0.63736
0.90245
0.7965
1.0099
0.77939
0.91023
1.1077
0.49504
0.99324
0.79917
0.99113
0.71958
0.89237
1.0022
0.87573
0.68997
0.82432
0.86916
0.84745
0.98472
1.0198
1.0634
0.79409
1.0995
0.82761
0.78645
1.0967
1.0322
0.98965
0.8488
1.1243
0.90961
0.93299
0.74382
0.81197
0.42257
0.79444
0.53527
0.78419
0.79176
1.025
0.66398
1.0542
0.71344
0.60515
0.93997
1.0278
0.6844
0.9897
0.92262
0.59692
0.81742
0.9391
0.65696
0.69574
0.91949
0.90003
0.9263
0.95977
0.61847
0.4603
0.7641
0.88835
0.86822
0.36109
0.65918
0.89426
0.71928
0.9153
0.85014
0.71801
0.67442
1.0133
0.62978
0.76924
0.74988
0.96795
0.57213
1.1418
0.56096
0.74423
0.9859
1.0223
0.79486
0.60649
0.97855
0.77084
0.82125
0.87983
0.76057
0.7483
0.63931
1.0873
0.69628
1.0761
0.97093
0.77127
0.94484
0.52857
0.48159
1.0342
0.6891
1.0318
0.66806
0.91269
0.78557
0.68908
0.52254
0.85884
0.68444
0.88663
0.99166
0.91661
0.61
0.67287
0.75082
0.86027
0.9748
0.92869
0.66625
0.8607
0.63847
0.93251
0.54915
0.80616
0.87044
1.0989
1.0706
0.6534
1.0086
0.98995
0.84673
0.80493
0.95946
0.53563
0.89837
0.69423
0.33178
0.95528
0.87928
0.93362
0.78664
1.0145
0.84482
0.78735
0.87643
0.74437
0.57202
1.0461
0.69829
0.60875
0.89947
0.86645
0.97072
1.0423
0.72742
0.87351
0.88754
0.77599
1.0362
0.94252
0.97108
0.91984
0.6424
0.57277
0.84145
0.66059
0.94322
0.95597
0.74764
0.9764
0.74178
0.56635
0.70228
0.87427
0.8326
1.1433
0.60946
0.70663
0.70707
0.74181
0.89884
0.89996
0.82056
0.65112
1.1274
0.99642
0.9369
0.75688
0.88115
1.0365
0.71485
0.88103
0.88034
0.75225
0.88579
0.5332
0.94243
0.51611
0.84824
1.0598
0.77584
0.93695
1.1396
0.60849
0.63224
0.81875
0.94934
0.93082
0.90813
1.0497
0.68046
0.87059
0.70151
0.75179
0.66184
0.79221
0.83356
1.0361
0.93905
0.9769
0.7882
0.86563
0.8167
0.93769
0.78268
0.87418
0.88465
0.84164
0.78868
0.57503
0.89249
0.79685
0.74941
0.68694
0.75822
0.86608
0.93547
0.36199
0.75763
1.1941
0.59168
1.1895
0.97043
0.7801
0.8843
0.73881
0.41355
0.98363
0.63451
0.90008
1.0428
1.0256
1.0566
0.95286
0.47815
0.83354
1.037
0.8362
0.94573
0.72156
0.87336
0.8352
1.0289
0.62342
0.92552
0.49376
0.52716
0.9469
0.97659
0.71331
0.88276
0.94794
0.83269
0.69312
1.0214
0.8192
1.0132
0.7636
0.77837
0.7338
0.65199
1.0289
0.92347
0.91429
1.1563
0.60746
0.87523
0.75118
1.0199
1.02
0.97271
0.80543
0.50577
0.73682
0.86468
1.0904
1.0936
0.83671
1.0469
0.87353
0.73123
1.0067
0.99574
0.85524
0.70562
1.2001
0.68149
0.8726
0.8146
0.9694
0.99871
0.2103
0.78446
0.51421
1.1537
0.50179
0.8996
1.0058
0.71814
0.77688
0.72337
0.95207
0.91206
0.82595
0.99401
0.82811
0.66312
0.76425
1.3061
0.80081
0.77513
0.8901
0.68714
0.77926
0.58643
0.89845
1.012
0.63069
0.53534
1.0876
0.8267
1.0247
0.50701
0.99748
0.6385
0.74229
0.78566
0.75709
0.39666
0.71144
0.63384
0.44378
0.77436
0.80273
0.57941
0.91005
0.90268
0.81038
0.75346
0.88405
0.64024
0.70879
0.94675
0.50224
0.62145
0.90259
0.39218
1.0502
0.97902
0.65265
0.56693
0.82073
0.88404
0.75979
0.67759
1.0582
0.91037
0.85346
0.93686
0.88806
0.73939
1.1186
0.56625
1.0738
0.80506
0.80902
0.88098
0.45281
0.96044
0.75114
0.73474
1.0184
0.89804
0.8163
0.91532
0.67627
0.85071
0.59022
1.0631
0.99866
0.75131
0.817
0.72634
0.94807
0.94112
0.53234
1.0702
1.0361
1.1236
0.99955
0.81316
0.77406
0.84474
0.99153
0.67528
0.64851
0.79711
1.0138
0.88019
0.99948
1.0509
0.74374
0.74539
0.56804
0.84384
0.87066
0.94522
0.95543
0.94364
0.92873
0.93628
0.91406
0.64269
0.65145
0.47068
0.98905
0.69928
0.66359
0.96445
1.0187
0.82817
0.7421
0.87245
0.73049
0.77909
0.68805
0.92634
0.92268
0.75794
0.957
0.76955
0.83413
0.79036
0.69004
0.68315
1.0215
0.67508
1.0006
0.60244
0.84276
0.9239
0.49157
0.95433
0.8447
0.92797
0.75418
0.6319
0.83526
0.90586
1.0537
0.98251
0.42684
0.87821
0.93251
0.78788
0.88771
1.0012
0.7499
0.92269
0.99563
0.7963
0.63694
0.85138
0.95761
0.72754
0.64432
1.1108
1.0067
0.85738
0.55593
0.79791
0.59148
0.70613
0.93955
0.76396
0.95448
0.56685
1.139
0.83398
0.57871
0.95181
0.87789
0.95463
0.9356
0.88147
1.1705
1.0059
1.0391
0.98965
0.86482
0.67985
0.73254
1.0611
0.56608
0.81039
0.83145
0.89611
0.8387
0.84595
0.97425
0.69426
0.93843
0.94577
0.80516
0.81605
0.75497
0.73577
0.95176
0.74944
0.85738
0.79118
1.0999
0.87222
0.86848
0.82156
0.88733
1.0435
0.59887
0.83051
1.0517
0.77654
1.0082
0.58036
1.0661
0.87368
0.8178
0.88053
0.75735
0.59608
1.0533
0.9636
0.59315
0.858
0.96084
0.79853
0.25736
0.89639
0.83407
0.91287
0.72695
0.74236
0.96002
0.77103
0.88042
0.69028
1.1146
0.83126
0.79559
0.60666
0.56122
0.79263
0.84997
1.0377
0.60316
0.6755
1.0671
0.86486
1.0232
0.92474
0.75653
0.90609
1.0217
0.93823
1.0756
0.88852
0.91679
0.85234
0.84366
0.64239
1.0016
0.74197
0.80756
0.627
0.73939
1.1151
1.1731
0.91282
0.88773
1.0986
0.73078
1.0222
0.78495
0.68265
1.1825
0.97011
0.94937
0.47439
0.92892
0.92002
0.68564
1.0065
1.123
0.83055
0.83294
0.87441
0.66899
0.94789
0.94881
0.70349
1
0.92739
0.97311
0.56614
0.94342
1.0488
0.56818
0.4266
0.67997
0.89298
1.0114
0.91513
0.66018
0.86514
0.80331
0.92152
0.91792
0.68509
0.95495
1.0249
1.1927
0.77498
1.0944
0.937
0.97092
0.83771
0.96196
0.83705
1.0035
0.82027
0.80389
0.91237
0.75351
0.85762
0.65708
0.91455
0.47598
0.89859
0.89188
0.79573
0.91886
0.78687
0.6039
0.83874
0.66606
0.90094
0.74773
0.63892
1.1244
0.90568
0.92062
0.58256
0.94525
0.91757
0.45171
0.87472
1.0756
0.95408
0.76772
0.68533
0.83443
0.43861
0.89949
1.008
0.90157
0.9756
0.54098
0.67131
0.72037
0.74939
0.99916
0.82765
0.6576
0.83739
0.68047
1.212
0.78616
0.72498
1.0012
1.0069
0.85274
0.81567
0.94878
0.99486
0.72552
0.97671
0.70123
0.65591
0.97118
0.92838
1.0171
1.0349
0.5856
0.71882
0.75255
0.73389
0.79657
0.81532
0.55499
0.82741
0.62926
0.94735
1.097
0.9103
0.82689
1.1175
0.81904
0.77577
0.77137
0.79947
0.87499
0.96251
0.89278
0.78864
1.029
0.6513
0.80379
0.54326
0.56394
0.9738
0.94379
0.8122
0.79971
0.66766
0.67471
0.91387
0.44016
0.53717
0.75046
0.68347
0.74123
0.65287
0.98266
0.95623
0.82466
0.9017
0.53591
0.99015
0.81606
0.62927
0.99089
0.9087
0.81923
0.47502
0.7152
0.80579
0.71773
0.83387
1.0094
0.26264
0.82664
0.66355
0.72587
0.62673
0.81925
0.65594
1.0719
0.91847
0.73186
0.75852
0.9075
1.131
0.99061
0.94713
0.60145
0.86448
0.59502
0.98738
0.84096
1.0151
0.80775
0.90838
0.8711
0.97089
0.55988
0.80132
0.81277
0.7902
0.78145
0.59498
0.51064
1.0184
0.70583
0.82454
0.89943
1.0297
0.86623
0.70885
0.55613
0.65026
0.76831
0.90384
0.86839
0.65782
0.88767
0.73433
0.92882
0.69733
1.0625
0.75949
0.90663
1.0841
1.0853
0.92576
0.74081
0.93585
0.72711
1.1272
0.99761
0.63337
0.95242
0.84904
0.98576
0.84018
0.80476
0.90846
0.97019
0.94993
0.96447
0.75657
0.59704
0.82654
1.1183
0.89826
0.71969
0.7395
0.74693
0.60921
0.74681
1.0964
0.9172
0.73739
0.95865
0.97248
0.825
0.90414
0.69266
0.73251
0.9007
0.77861
0.95436
0.70047
0.73059
0.65342
0.93486
0.53299
1.0579
1.0524
0.87936
0.75757
0.55898
0.89788
1.0506
0.9446
0.94613
0.97144
0.86887
1.0498
0.8442
0.98814
1.0222
0.68515
0.65855
0.95529
1.1471
0.9142
1.135
0.80119
0.95547
0.8646
0.68482
0.93284
1.0014
0.84381
1.002
0.75791
1.2157
0.87975
0.99208
0.58003
0.96934
0.83802
0.86513
0.95737
0.61746
0.96806
0.94087
0.98278
0.9803
1.0928
0.70297
0.96306
0.63951
0.56529
0.95874
0.98371
0.66346
0.88497
0.97426
0.91119
0.96831
0.64499
1.0216
0.68921
1.0384
0.75908
0.88263
0.86862
0.55569
0.86534
0.49865
0.56357
0.78062
1.05
0.47131
0.97027
0.95795
0.75686
0.75236
0.82718
0.919
0.84998
0.92843
1.0492
0.78195
1.001
0.82043
1.0157
0.63404
1.1212
0.56889
0.85591
0.65146
0.66
0.75999
0.76574
0.97286
1.0761
0.8188
0.87481
0.53193
0.82544
0.68457
0.90391
0.86252
0.66905
0.95689
0.85582
0.7691
0.72245
0.95828
1.0582
0.80803
0.8122
0.8056
0.91473
1.1361
0.84723
1.0621
1.0089
0.99649
0.9477
0.84192
0.86066
0.99602
0.85756
1.0744
0.8748
0.9041
0.91706
0.78414
0.90315
1.0417
1.0215
0.84277
0.66506
0.79118
0.88143
0.87599
0.66363
0.6187
0.98421
0.9582
0.76638
0.99755
1.1795
0.55052
0.99059
0.72711
0.69678
0.83068
0.80261
0.85308
0.90467
0.88899
1.0495
0.55624
1.0183
1.016
0.90797
0.42101
0.90852
0.63161
0.65521
0.80899
1.1364
0.81533
0.79273
0.82253
1.1618
0.85312
1.0896
0.84348
0.66615
0.77699
0.95325
0.85114
0.83123
0.84041
1.1492
1.2037
1.0196
0.83878
0.93661
0.90002
1.0353
0.72806
0.75239
0.9451
0.79624
0.96214
1.004
1.0474
0.77677
0.64823
0.9777
0.87027
1.0817
0.79324
0.86189
1.0017
1.0123
0.38712
0.88893
0.95839
0.65424
0.68254
0.84981
0.73549
0.80659
0.46085
0.9592
0.70905
0.8486
0.99329
0.53188
1.0303
0.82022
0.9219
0.71865
0.78217
0.76364
0.67999
0.84406
0.78125
0.73317
0.62657
1.0231
0.96129
0.90328
0.87564
0.93037
0.74843
0.93008
0.75324
0.88567
0.71986
0.88316
0.91543
1.0201
0.8318
0.89348
0.62093
0.47186
1.0486
0.74271
0.76003
0.88065
0.83993
0.56774
0.87837
0.58603
0.87312
0.97701
0.47317
0.59965
0.65732
0.86564
0.7711
0.95454
0.95278
0.64818
0.97822
0.61262
0.98854
1.0091
0.89837
0.90264
0.75062
0.885
0.65298
0.92644
0.80789
0.77042
1.1324
0.90741
0.93132
0.89418
0.78504
0.84168
0.84736
0.67509
0.65529
0.55172
0.88301
0.83985
0.58558
0.69151
0.65765
0.83611
0.61814
0.87109
0.78681
0.91685
0.54048
0.79237
0.94871
0.85416
0.78941
0.90915
0.82463
0.65214
0.93579
0.498
0.88285
0.89705
0.44443
0.78744
0.59663
0.8235
0.96666
0.59062
1.089
0.74163
0.8864
0.81939
1.1385
0.47435
0.60658
0.90739
0.68968
0.919
0.72877
0.78336
0.79448
1.0495
0.97696
0.9501
0.58432
0.79924
0.68921
0.60507
1.1106
0.50945
0.76104
0.78877
0.9861
1.2143
0.97058
0.93341
0.73685
0.76034
0.86061
0.74016
0.89162
0.94744
0.59776
0.9057
0.76149
0.752
0.91717
0.77654
0.85531
0.96988
0.93159
0.73371
0.71136
1.0073
0.70343
0.71786
0.36281
0.92721
0.98175
0.99084
1.04
1.1312
0.95625
0.83931
1.0356
0.93571
0.78408
0.88728
0.93698
0.82326
0.86149
0.975
1.0894
0.84437
0.78776
0.88244
0.782
0.76328
0.60794
1.0607
0.78265
0.69505
0.92022
0.72526
0.86822
0.5581
0.89543
0.76285
0.61612
0.98594
1.1441
0.86369
0.90345
0.87073
1.1241
0.73844
0.63901
0.9296
0.61792
0.59347
0.7412
0.75157
0.83387
0.92855
0.84467
0.93561
0.87074
0.7901
1.0397
0.85935
0.64985
0.58699
0.58309
0.82724
0.93823
0.49071
0.64083
0.9459
0.84221
0.97623
0.24295
0.9158
0.87312
0.45636
0.69701
1.0352
1.0176
0.69595
0.62341
0.93954
0.81903
0.94284
0.74113
0.93127
0.95615
1.0066
0.94724
0.93814
1.0111
0.86463
0.76882
1.1105
1.0394
0.86056
0.84272
1.0429
1.0367
0.85913
0.72536
1.0198
1.0301
1.1364
0.68295
0.85311
0.79056
0.77474
1.0343
0.96828
1.0782
0.65401
0.70672
0.79915
1.0228
0.7848
0.82336
0.87021
0.7521
0.70009
0.80825
0.86251
0.79999
0.95322
0.83053
1.1417
0.8944
1.1475
0.85883
0.92345
0.76413
0.58151
0.84763
0.91918
1.0334
0.89924
0.64407
0.97645
0.85673
0.9413
0.97361
0.75393
0.93729
1.0359
0.96277
0.4511
1.0004
0.52662
0.91983
1.0174
0.80375
0.67547
1.013
0.62393
0.79381
1.0386
0.60124
1.1276
0.67557
0.83148
0.84586
0.80329
0.75165
0.91201
0.67734
0.91413
1.0513
0.96506
1.0467
0.90149
0.96101
0.86147
0.96571
0.80718
0.73284
0.98191
1.1788
0.95348
0.63553
0.79591
1.0963
0.88881
0.58815
1.0807
0.73726
0.61269
0.72418
0.9622
0.879
0.74224
1.1391
0.70779
0.69819
0.78504
0.91404
1.0715
0.94408
0.77618
0.78173
0.71969
0.97347
0.82092
0.6553
0.92026
0.88114
1.0396
0.6862
0.61617
0.77054
0.85925
1.0455
0.89693
1.0112
0.69365
0.75351
0.83875
0.84738
0.91224
0.75064
0.92542
0.79373
0.79632
0.42704
0.63277
0.88377
0.40311
0.91435
0.97099
0.75156
1.0618
0.92135
0.75116
0.88761
0.83101
1.1254
0.80991
1.0394
1.1019
0.48929
0.79352
0.77607
0.902
0.87213
0.90672
0.88802
0.89277
0.86616
0.98435
1.0025
0.74178
0.96619
0.7164
0.56287
1.0156
1.0406
0.8519
0.71145
0.54316
0.96328
0.68391
0.76611
0.81686
0.9239
1.0324
1.103
0.88228
0.90695
0.91694
0.69095
0.95797
0.79547
0.97976
0.76755
0.58598
0.65667
0.95761
0.49196
0.78308
0.76742
0.78828
0.8915
0.67795
0.76414
0.85826
0.81736
0.90805
0.64362
0.84058
0.7364
0.85604
0.94292
0.9072
0.95608
0.62187
0.67721
0.77882
0.88246
0.72495
0.5609
0.8166
1.1445
0.83776
0.92442
0.99662
0.8738
0.66846
1.1084
0.8094
0.80938
1.0843
0.73234
0.89234
1.0668
0.81534
0.74981
0.93308
0.68141
0.88462
0.99153
0.76464
0.7343
0.75044
0.795
0.47642
0.78006
0.9561
0.89266
0.91721
0.75569
0.80226
0.70989
0.76103
0.79493
0.88206
0.91737
0.95973
0.89292
0.69115
1.0188
1.1001
0.56308
0.66346
0.85854
0.9262
0.72274
0.92559
0.87862
1.0011
0.59017
0.79538
0.45782
1.0802
0.65692
0.88243
1.1403
0.982
0.69503
0.82201
0.71652
0.62941
0.8245
0.92839
0.87336
0.89259
0.9336
0.74732
0.88331
0.95583
0.7485
0.76253
0.58254
0.88287
0.89236
0.48969
0.92225
0.6649
1.0944
0.73971
0.54045
1.0808
0.78424
0.68271
0.8274
0.80315
0.88345
1.0516
0.85282
1.1435
0.98025
1.0623
0.82859
0.90615
0.69269
0.97765
0.88924
0.89717
0.7447
0.90915
1.1501
0.84709
1.06
0.85813
0.7716
0.93572
0.96964
1.0458
0.79333
0.93083
0.49685
0.56462
0.77855
0.94535
0.45635
1.05
0.91615
0.7149
1.0151
0.72676
0.71113
0.82154
0.82433
0.84796
0.64203
0.92648
0.65149
0.73241
0.94969
0.84075
0.89036
1.1543
0.64962
0.67702
0.69471
0.85024
0.63486
0.80612
0.87417
0.8646
0.71897
0.79674
0.6588
0.72735
0.80051
0.87875
0.86011
0.56138
0.7851
0.67995
0.65665
0.76036
1.04
0.71084
0.68978
0.90077
0.53932
0.84726
0.92166
1.0766
1.0279
0.90043
1.0362
0.8306
0.81012
0.5723
0.87318
0.6666
0.71699
0.71924
0.71394
1.2373
0.79343
0.71135
0.79366
0.88359
0.82178
0.73223
0.9052
0.87338
0.86327
1.1369
0.92058
1.0535
0.72358
0.87061
0.82027
0.74534
0.80861
0.92622
0.62337
0.7435
0.93794
0.9703
0.80612
0.5706
1.0133
0.72609
0.86544
0.93344
0.90099
0.44422
0.57229
0.65569
0.93102
1.0008
0.83799
0.5221
1.0766
0.98872
0.90422
0.73636
0.78242
0.89368
1.0563
1.0082
0.44218
0.908
0.92459
0.93273
0.99265
0.65612
0.69738
0.85175
0.66727
0.61706
0.69284
0.98518
0.83386
0.68637
0.84315
0.75448
1.0149
1.0569
0.45104
1.1342
1.0141
1.0213
0.99626
0.53549
0.89496
0.78172
0.74206
0.5677
0.76386
0.94142
0.75276
0.74226
0.7709
0.55483
1.1254
0.53729
0.85026
0.9258
1.1559
0.68075
0.69754
0.87647
1.1295
0.67067
1.0021
0.84909
0.85953
0.9237
0.75768
0.76777
0.68555
0.66211
0.62647
0.70297
0.89173
1.003
0.88483
1.1972
1.0914
0.84168
0.68713
1.1491
0.9718
0.69199
0.98321
0.84607
0.91698
0.956
0.78168
0.44588
0.73903
0.84906
0.92725
0.8937
0.93398
0.77054
0.99083
1.039
0.8538
0.85357
0.99619
0.68282
0.65282
0.97747
0.74756
0.74934
0.95105
0.92098
0.68205
0.76353
0.91443
0.7262
0.95247
0.97765
0.85461
0.69613
0.69174
1.0667
0.94426
0.66503
0.67673
0.82678
0.79077
0.48396
0.77983
0.96895
0.85725
0.89971
0.69768
1.1041
0.94636
0.92066
0.84839
0.86984
0.67012
0.49188
1.0245
0.89159
0.76831
1.1287
1.099
0.95593
0.85088
0.92124
0.85759
0.67782
1.1218
0.55872
0.93379
0.81324
0.63568
0.48072
1.1596
0.72192
0.86865
0.79554
0.62749
0.91607
0.82199
0.85874
0.79366
0.9206
1.0801
0.81013
0.94146
0.69641
0.95718
0.87934
0.88426
0.83914
0.98037
0.69075
0.50252
0.94019
0.68148
1.0347
1.0414
0.49556
0.75778
0.89933
0.74688
0.9777
1.0876
0.84449
0.95148
0.90186
0.98303
0.87899
0.81637
0.45035
0.67626
0.98739
0.82302
0.96504
0.86798
0.51392
0.87898
0.62016
0.78872
1.0062
0.9464
0.87883
0.56919
0.70129
1.1713
0.70451
0.56774
0.85648
1.1704
0.78433
0.91069
0.91629
0.64962
0.87037
0.68728
0.85076
1.0692
0.81809
0.74834
0.91187
0.78626
0.73324
1.0639
0.94991
0.99253
1.0433
0.79497
0.97032
0.6204
1.0072
1.0904
0.86456
0.76985
0.69479
0.70895
0.93949
0.98231
0.96547
0.76347
0.63472
1.1357
0.79278
0.74423
1.0037
0.85455
0.91869
0.57603
0.79331
0.476
0.72814
0.78758
0.90498
0.79295
0.97008
0.85724
0.63251
0.8139
0.96156
0.88416
0.98277
1.0189
1.0276
0.84278
1.0852
0.72081
0.94552
1.1351
0.95984
1.0548
0.84422
0.82994
0.63713
0.82048
0.81818
0.88559
0.89549
0.97727
1.0281
1.0618
0.94621
0.94013
1.0634
1.0338
0.81224
0.87327
0.99662
0.9218
0.81947
1.0743
0.84477
0.92952
0.91409
1.0231
0.69718
0.91232
0.88625
0.51862
0.95359
0.84956
0.8243
0.64135
0.94984
0.86316
0.77077
1.0462
0.91302
1.0185
0.77121
0.87563
1.0532
1.2025
0.91928
0.90334
0.89484
0.92139
1.1496
0.86891
0.59056
1.0102
1.0475
0.63991
0.84827
0.73964
0.59765
1.0278
0.80154
0.57652
0.88044
0.98206
0.90015
0.75207
0.89811
0.93792
1.0546
0.58783
0.77101
0.7032
1.1067
0.7649
0.6743
0.7202
1.0091
0.99008
0.55555
0.56448
0.62387
1.0257
0.72331
0.75466
0.98873
0.76894
0.98643
0.83096
0.84753
0.97493
0.98969
0.5864
0.68483
0.85954
1.0909
0.85425
0.88721
1.0166
0.57195
0.94435
0.88062
0.5502
0.8109
0.85807
0.75558
0.74585
0.94745
0.84745
0.71455
0.68735
0.64875
1.0843
0.63983
0.68367
0.9775
0.91281
0.76645
1.0821
1.0614
0.95648
0.7366
0.94785
1.0525
0.64074
0.89022
0.97473
0.81911
1.0226
0.76143
0.75528
1.0388
0.97297
0.7128
0.82962
0.77511
0.98019
0.77079
1.0044
0.94194
0.89964
1.0277
0.83126
0.90549
0.94853
0.83616
0.81052
0.59534
0.89168
0.97649
0.79473
0.4616
0.81627
0.99705
1.015
0.34424
0.9214
0.96425
0.87557
0.77776
0.97638
0.65223
0.78455
0.7568
0.69152
0.87696
0.76192
0.89636
0.77807
0.59783
0.69359
0.92231
0.75907
0.98431
0.6876
0.89845
0.84187
0.50468
1.0338
0.82145
0.86594
0.74559
0.89657
0.63789
0.84993
0.78781
0.56309
0.98789
0.83488
1.0021
0.96115
0.88401
0.89042
0.90042
0.77097
0.95153
0.96915
0.7347
0.94103
0.97072
0.86428
0.99211
0.94288
0.82371
0.95615
0.78883
0.90859
0.84406
0.86345
0.99294
0.88025
0.81997
0.66164
0.63258
0.88682
0.96689
1.1005
0.62876
1.0095
0.87811
0.81382
0.93146
0.95614
1.0229
0.79926
0.77838
0.55986
0.50538
1.0918
0.53619
0.74155
0.94397
1.0465
1.2148
0.92594
0.93544
0.93152
0.87176
0.81001
0.79542
0.9956
0.75884
1.0984
0.77315
0.98877
0.73774
0.93134
0.74158
0.60344
0.76393
0.77016
0.75102
0.95076
1.0111
0.59485
0.82447
1.1178
1.0139
0.64625
0.87451
0.91211
1.0008
1.0213
1.1352
1.0171
0.83228
0.58677
0.70095
0.92515
0.62126
1.0603
0.8524
0.99525
0.68939
0.70162
0.67068
0.85442
0.90806
0.57049
1.0513
0.84022
0.59491
0.96174
0.9806
0.51987
0.79326
1.0938
0.91076
0.9908
1.0207
0.83036
0.87508
0.9832
0.73491
0.97563
0.80348
0.86641
0.79688
1.0536
0.67922
0.9141
0.79473
0.78591
1.0571
0.80115
0.831
0.8641
0.6916
0.99064
0.9514
0.94804
0.80218
0.84095
0.67451
0.76871
0.87049
0.89565
0.91246
0.90696
0.47968
0.85669
0.67665
1.0757
0.88278
0.7072
0.53318
1.0753
0.41666
1.0338
0.55401
0.96759
0.736
0.55833
0.74539
0.61482
0.61514
0.79585
0.86311
0.83285
1.0295
0.95602
1.0786
0.92355
0.80904
0.72212
1.1507
0.8493
0.59196
0.7582
0.92149
1.0059
0.90766
0.8329
0.65528
0.83263
0.89419
0.8403
1.0747
0.83918
1.013
0.89958
0.67544
0.93809
0.79381
0.81601
0.8425
0.84804
1.0613
1.0088
1.0816
1.0928
0.84877
0.74213
0.87185
0.72723
0.59267
1.2529
0.97544
0.91333
0.8783
0.64412
1.0452
1.025
0.72556
0.88042
0.81743
0.79199
0.57298
0.93001
0.80504
0.55289
0.58846
1.0348
0.93303
0.52193
1.0232
0.91828
0.94657
0.85827
0.9316
1.0242
1.096
0.73104
1.0312
1.04
0.70719
0.97003
0.77543
0.89032
0.77838
0.32562
0.99209
0.8812
0.99492
0.91065
0.76946
0.79889
0.86374
0.79517
0.70458
0.86118
0.64992
1.0239
0.99567
0.82458
0.93332
1.0067
1.0535
0.72507
0.67967
1.1675
0.87885
1.1255
1.0593
0.62705
0.70688
0.81105
0.40972
0.68884
0.87828
0.82366
1.1318
1.0088
0.58374
0.75355
0.92208
0.81922
0.84798
0.83142
1.0271
0.88409
0.65145
1.1049
0.8153
1.0509
0.74576
0.95712
1.1358
0.81175
0.84711
0.93451
1.1614
0.92218
0.74993
0.94729
0.82699
0.75653
1.0107
1.1668
0.59356
1.0217
0.84821
0.94128
0.82408
0.70018
0.74418
1.0175
1.0219
0.87951
0.431
0.79578
0.85648
0.78354
0.95728
1.0012
0.78
0.72265
0.88342
1.0282
0.80776
0.87945
0.8975
0.77835
0.90022
0.79343
1.0678
0.88225
0.68989
0.72554
0.6106
0.95424
0.61791
0.92894
0.70066
0.95393
0.85571
0.62226
0.86087
1.1316
0.75887
0.60018
0.8785
0.71763
0.73478
1.1117
1.1186
0.82722
0.6698
0.78422
0.77136
0.85124
0.9365
0.80478
1.0013
0.93011
0.76192
0.6024
0.41456
0.94746
0.92265
1.0523
0.87393
0.81878
0.96627
1.0165
0.89734
0.60841
0.8049
0.80264
0.93916
0.96029
0.76465
0.8791
0.86289
0.92871
0.75998
0.66978
0.87301
0.72782
1.0812
0.77181
0.88427
0.9992
0.97445
1.0508
0.59504
0.82266
0.78922
0.94718
0.95801
0.79709
0.63929
0.78544
0.67641
0.59539
0.94122
0.59432
0.92362
0.91145
0.76307
0.92239
1.07
0.8439
0.80381
1.2072
0.9392
0.73766
0.78865
1.0841
0.503
0.9213
0.96966
0.73337
1.072
0.93615
0.75472
0.88872
0.85927
0.56342
0.762
0.90727
0.66757
0.89291
0.7296
0.64839
0.7541
0.79989
0.83377
0.98772
0.94378
0.7632
0.86374
0.84976
0.71271
0.92604
0.90591
0.95201
0.55291
0.54366
1.0935
0.94392
0.76104
1.0929
0.80747
0.6888
0.87621
0.59295
0.78286
0.33284
0.96385
0.84582
0.83654
0.94856
1.1602
0.9071
0.88747
0.96659
0.74856
1.089
0.74118
0.63777
0.90114
1.0196
0.74856
0.78464
1.012
0.80399
0.74547
0.84018
1.0325
0.78692
0.79284
1.0123
0.77054
0.9168
0.59768
0.84696
0.90339
0.66174
0.85785
0.7195
0.8158
0.75459
0.98267
1.0202
0.85606
0.63154
0.8835
0.83462
0.70308
0.4445
0.86265
0.7332
0.99426
0.63434
0.95107
0.7027
0.92304
0.97698
0.59713
0.82886
0.94897
0.92249
1.0208
0.96063
0.57514
0.98407
0.88553
0.79609
0.67737
1.0172
1.0132
1.0385
1.0986
1.1347
0.7387
0.99718
0.97033
0.88761
0.72361
0.71971
0.68107
0.94324
0.87012
0.5757
0.96761
0.81819
0.77085
0.95431
0.75539
0.58736
0.92383
0.91443
1.0643
0.82256
0.54439
0.9654
0.73792
0.72326
0.78516
1.0246
1.0782
0.98446
0.81183
0.92826
1.2484
0.80637
1.0599
0.60451
1.0114
0.89513
1.0891
0.7338
0.88028
0.99878
0.66352
0.96229
1.132
0.98772
0.64826
0.74524
0.93953
0.53397
0.75937
1.0245
0.90671
0.95878
0.3873
0.51827
1.1238
0.84744
0.9637
0.64163
0.8836
0.89093
0.93931
0.77929
0.97296
0.86349
0.74504
0.69918
0.80029
0.79355
1.2796
0.88925
0.86156
0.8794
1.0136
0.7434
1.0959
0.52219
1.1171
0.51047
0.84092
1.0405
0.78379
0.85935
0.68257
0.73867
0.80615
1.1097
0.73664
0.63883
0.82557
1.1152
0.96995
0.97714
0.80463
0.77235
1.0116
0.44575
1.0564
0.97644
0.99938
1.0822
1.0835
0.88232
0.68843
0.82119
0.71464
0.99679
0.96377
0.44244
0.84684
0.52839
0.63061
0.99182
1.1409
1.0314
0.84236
0.8874
0.78853
0.68411
0.56375
0.80569
0.6894
0.72164
0.95231
1.0623
0.73993
0.75744
0.47414
0.94139
0.83526
0.83628
0.54299
0.83397
0.65872
0.92306
0.97525
0.90765
0.81446
0.82231
1.0419
0.56584
0.80867
0.88475
0.74291
0.99592
0.90932
0.93713
0.99514
0.862
1.0288
0.63548
1.1148
0.83418
0.71394
0.74773
0.928
0.84179
0.95073
0.86136
0.52489
0.75201
0.59491
0.73598
0.90425
0.73739
0.92808
0.81713
0.68298
0.89247
0.56808
0.87866
0.77534
1.0607
0.79974
0.63948
0.23269
0.81229
0.75817
1.1004
0.85214
0.76709
0.88596
0.59823
0.61511
0.75981
0.47398
0.86737
0.86195
0.80689
0.88962
1.0293
0.7925
0.95881
0.81793
0.93073
0.80425
1.0319
0.93165
0.62128
0.81832
0.78748
0.44341
0.81652
0.76795
0.78268
0.7583
0.7417
0.72972
0.76369
0.80994
0.71636
0.88137
0.80749
0.75498
0.76264
0.77099
0.79933
0.81505
0.92154
0.92631
0.59323
1.016
0.89239
0.86334
0.98679
0.96706
1.0078
0.72664
0.89224
1.0252
0.66662
0.661
0.95418
0.63965
0.7557
0.90481
0.74443
0.67849
1.043
0.5243
0.59146
0.81606
1.0419
1.0185
0.84545
0.6669
0.9733
0.97565
0.89119
0.7325
0.87885
0.85314
0.92437
0.99861
0.97325
0.78002
0.94846
1.1032
1.0683
0.75677
0.45642
0.77489
0.58018
0.90325
0.84834
0.83833
0.73589
0.88997
1.017
0.70451
0.81959
0.79064
1.0081
1.1068
1.0103
0.84141
0.94094
0.84769
0.76214
0.6361
0.79332
0.96989
0.7155
1.127
0.76593
0.89929
0.75911
0.75364
0.54069
0.4749
0.87205
0.8777
0.79844
0.8343
0.46893
0.79945
0.84401
1.0695
0.83827
0.81348
0.77116
0.98522
0.95706
0.86509
0.89271
0.73583
0.89514
0.83505
0.98891
0.97652
0.5322
0.95135
0.67483
0.89992
0.7789
0.82896
1.0184
0.75373
0.74069
1.0986
0.57436
1.0558
0.6966
0.84229
0.82867
0.93345
0.95155
0.96386
0.81523
0.90117
0.91836
0.60197
0.77762
0.89327
1.1041
0.98437
0.87641
1.031
0.58888
0.88184
0.7413
1.0887
0.80888
0.9014
0.64234
0.79384
0.88608
0.89558
0.68476
0.77388
0.51528
1.0221
0.64446
0.90508
0.74839
0.76806
0.94449
0.74349
1.0131
0.85483
0.79292
0.82794
0.58365
1.0754
0.85203
0.81305
1.0996
0.9306
0.92679
0.94441
0.78515
0.76296
0.72858
0.86683
0.66462
0.94134
1.1725
1.0646
1.1001
1.089
0.62739
0.96128
0.92538
0.76247
1.0284
1.0123
0.99987
0.86922
1.0609
0.92397
1.1253
0.93307
0.72797
0.7848
0.97404
1.2198
1.0074
0.63008
0.54844
0.98597
0.89633
0.63726
0.5402
0.66013
0.79312
0.91934
0.9383
0.93487
0.90276
1.0811
0.90568
0.7031
0.72597
0.73109
0.85962
0.46924
1.0139
0.97427
0.75299
0.82659
0.8818
0.99383
0.76793
0.89175
1.0807
0.74005
1.0449
1.0926
0.82007
0.66694
1.0157
0.82944
0.59239
0.90549
0.92021
0.83347
0.86953
0.77678
0.74284
0.75887
0.98808
0.59434
0.94729
0.75423
0.85652
1.083
0.74848
1.0953
0.99131
0.83315
0.83485
0.83924
1.0792
0.49123
0.56823
1.0466
1.1355
0.46914
1.0257
0.91732
1.0067
0.64785
0.87209
0.8048
0.9089
0.62095
0.83762
0.97308
1.0782
0.92656
0.8326
0.81336
0.81934
0.88998
0.79761
0.76351
1.0118
1.1108
1.0734
0.46559
0.80328
0.89643
0.99517
0.84696
0.94482
1.0185
1.1456
0.80695
0.67863
0.83902
0.39524
1.084
0.79485
0.66129
0.95191
0.99465
0.85734
0.75258
0.95137
0.80509
0.80016
0.5308
0.92218
1.0699
1.0161
0.6513
0.91662
0.51702
0.99683
0.86663
0.78891
0.79614
0.78088
0.83988
0.95968
0.83265
1.0216
0.85945
0.62764
0.77399
1.0563
0.87414
0.80133
0.86864
0.47044
1.0496
0.64584
0.97641
0.84778
0.9852
0.61957
0.95928
0.86169
1.1608
0.8398
0.93874
0.64486
0.90049
0.77131
0.69706
1.0597
0.9733
1.0045
0.92937
0.83879
0.86295
0.81529
1.1622
0.85962
0.86763
0.63233
0.93695
0.98044
0.91199
1.0771
0.88773
0.91985
0.79368
0.77991
0.48867
0.81763
0.90336
0.40098
0.77519
1.0337
0.86223
1.0715
1.0192
0.95832
0.87598
0.96435
0.92405
0.90521
0.55924
0.94558
0.97707
0.89483
1.1475
1.0569
0.8319
1.0305
0.70619
0.9272
0.38987
0.75024
0.55809
0.87387
0.7963
0.86202
0.90495
0.84337
0.9597
0.83917
0.91854
0.97437
0.62305
0.5659
0.79624
0.35223
0.93256
0.52904
0.81486
0.84852
1.0265
0.75368
0.668
0.73551
0.69825
0.95027
0.94453
0.97817
1.0459
0.96297
0.71467
0.87489
0.87975
1.0207
0.95659
0.9865
1.0403
0.82749
0.91442
0.96588
0.66929
0.93538
0.86106
1.0447
0.90318
1.063
0.88891
0.939
0.99251
0.75996
1.01
0.95327
0.95341
0.47936
0.77057
0.86611
0.85338
0.83606
0.83708
0.61911
0.89224
1.027
1.0348
0.69078
0.83042
0.85582
0.94765
0.74015
0.72402
0.65559
0.60128
1.0288
0.73494
0.77953
0.75639
0.82634
0.81817
0.96473
0.65745
0.95191
0.89581
0.94933
0.61234
1.0189
0.97045
0.80627
0.73974
0.93376
0.78848
0.8244
0.81983
1.1215
0.79452
0.59652
0.77021
0.54009
0.93187
0.97191
0.56375
0.57991
0.90392
0.65742
0.50903
0.87434
1.0473
0.67071
0.69305
0.9874
0.69018
0.94436
0.93368
0.91151
1.0204
0.93705
0.99566
0.82238
0.89221
1.168
0.52755
0.75962
0.82805
1.1179
0.41974
0.85881
0.92606
0.73805
0.61845
0.98671
0.69319
0.83479
0.86685
0.79031
0.49023
0.61854
0.89032
0.77312
0.65603
1.0119
0.85718
0.70267
0.89044
0.70676
1.0419
0.96775
0.79567
1.0834
0.98552
0.97586
0.88643
0.79742
0.76555
0.86717
0.67515
0.79106
0.7089
0.76512
0.84659
0.75346
0.94936
0.67287
0.93301
0.67917
0.71554
0.79783
0.85246
0.88265
0.76913
0.58707
0.97715
0.86849
0.81507
0.85405
0.88926
0.91824
0.78419
0.88811
0.94355
0.73283
0.70208
0.69922
0.81817
0.86019
0.82084
0.86649
0.83936
0.78313
0.64541
1.0435
0.80154
1.1886
0.56609
0.6904
0.97747
0.85888
1.0694
0.75052
0.91983
0.75903
1.1108
0.90674
0.73861
0.57829
0.87427
0.73718
0.91693
0.73402
0.77562
1.0423
0.90265
0.86423
0.70782
1.1023
0.84933
0.82986
1.0013
0.76335
0.85978
0.90585
0.88818
0.69788
0.85153
0.95115
0.4853
0.97494
0.709
0.73146
0.75645
0.4983
0.72892
0.88047
0.7492
0.9903
0.91056
0.68664
0.75784
0.93627
0.84391
0.89253
0.90875
0.61695
0.69887
0.59544
0.92959
0.66346
0.76325
1.0199
0.95661
0.77012
1.0353
0.97761
0.41389
0.89689
0.86767
0.86405
0.72668
1.142
0.83447
0.98325
0.77523
0.63335
1.0058
1.0567
0.88745
1.2143
0.81259
1.0028
0.88527
0.83275
0.65837
0.68115
0.75842
0.82867
0.98461
0.94604
0.98821
0.88575
0.98084
0.80525
0.95575
0.89896
0.80826
1.2252
0.7103
0.90783
0.88093
0.86527
1.0144
0.95535
0.86706
0.91074
0.90884
0.77343
0.36519
0.56638
0.93495
0.85522
1.0634
0.85556
0.80941
0.44725
0.8663
0.77607
0.72718
0.84384
0.71054
0.89397
1.0136
0.79762
1.0329
1.0821
0.77564
0.55286
0.68973
0.98932
0.72339
1.1445
0.97768
0.97264
0.98432
1.0707
0.81807
0.69897
0.86522
1.0361
0.59417
0.7659
0.74232
0.97266
0.73966
0.68994
0.7622
0.79701
0.79549
0.62489
0.9895
1.0791
0.95456
0.8874
0.71897
0.58172
1.0314
1.0257
0.90097
0.68138
0.81696
0.86858
0.79555
0.83815
0.88476
0.83003
0.53846
1.1469
1.0371
0.78412
0.81515
1.0401
1.0117
0.9156
0.89489
0.9959
1.1361
0.92913
0.90742
1.0045
0.77129
1.0647
1.0354
0.7687
0.94528
0.70967
0.78504
1.1664
0.78404
0.8816
0.88771
0.60897
0.67742
0.98936
0.80011
0.99368
1.0943
0.75678
0.57302
0.8397
0.8138
1.1136
0.92882
0.89648
0.92385
0.95611
0.61022
0.83296
0.6023
0.81264
0.6035
0.69925
0.76703
0.7801
0.84126
0.92558
0.94434
0.82498
0.75192
0.93564
1.1334
0.50678
0.80213
0.65943
0.8988
0.70927
0.7632
0.76386
1.061
0.6103
0.7643
0.90297
0.93289
0.84098
0.52576
0.88789
0.7151
0.95234
0.85124
0.7103
1.1108
1.2391
0.73448
0.84326
0.64042
0.7415
0.67246
0.80006
0.83989
0.88595
0.95547
0.65546
0.92593
0.66303
1.0013
0.60166
0.76868
0.7836
0.70827
0.80303
1.0595
0.84749
0.4704
0.58162
0.66458
0.9431
0.91938
0.98775
0.62047
0.90159
0.72044
1.1249
1.0445
1.0077
0.99325
0.68623
0.96106
1.0528
1.1011
0.70188
0.8699
1.1264
0.89149
0.99729
0.77184
0.66666
0.94975
1.0826
0.73749
0.77241
0.56422
0.32854
0.74725
1.0239
0.83221
0.76343
0.67193
0.85147
1.0367
0.88377
0.65225
0.62364
0.49576
0.68286
1.0271
0.79436
0.85092
0.91066
0.68302
0.81988
0.95308
0.82631
0.89394
0.6098
0.62796
0.90475
0.8558
0.91909
0.99961
0.7141
0.88624
0.38488
0.77381
1.0384
0.97253
0.87149
0.92591
1.2013
0.80707
1.0699
0.78349
0.99086
0.70592
0.80717
0.86332
0.65333
0.87125
0.55552
1.157
0.57729
0.86375
1.0118
0.5355
0.66149
0.84936
0.85259
0.77433
1.1227
1.1461
1.0517
0.75896
0.59612
1.2033
0.92975
0.89714
0.96499
0.96811
0.71294
0.73092
0.58227
0.73718
0.98479
0.8523
0.88814
1.037
0.7963
0.87607
0.8298
0.96139
1.0084
0.93429
0.99513
0.72832
0.94076
0.80166
0.94424
0.99911
0.85743
0.56529
0.85583
0.72033
0.91412
0.74777
0.8984
0.76368
0.74498
0.9905
0.74373
0.65766
1.0823
0.77311
0.41135
0.65536
1.0813
0.91752
0.86367
0.83479
1.1429
0.69299
1.0112
1.0171
0.45319
0.78457
0.99749
0.96507
0.82045
0.66162
1.1689
0.92626
0.91378
1.0002
0.77707
1.0978
0.89971
0.44434
0.91714
1.0091
0.94919
0.96315
1.0012
0.88967
0.94682
0.71089
0.96479
0.97538
0.82221
0.75055
0.84216
0.81029
0.95536
0.85316
0.91399
0.75268
0.68663
0.99009
0.89372
0.99056
0.78916
0.77434
1.1703
0.6707
0.78516
0.76114
1.0164
0.52759
1.0088
0.57522
0.89962
0.77713
1.1749
0.86815
0.93046
0.74643
0.70113
1.001
1.063
0.65176
0.88627
0.70114
0.72064
0.86029
1.0207
0.78639
1.0374
1.0157
0.98963
1.0657
1.0009
0.70945
0.66314
0.8906
0.80527
0.94552
1.1252
0.59093
0.58396
0.87577
0.97382
0.90733
0.81295
1.0921
0.96508
0.86895
1.006
0.88101
0.71501
0.93269
1.0299
0.77355
0.72558
0.99475
0.87243
0.82994
0.94101
0.70621
0.77685
0.64397
0.8515
0.82985
0.90239
0.53372
0.77397
0.857
0.98381
1.0728
0.79143
0.89587
0.78655
0.91584
0.98114
0.96984
0.7915
1.1288
0.56572
0.66952
0.90202
0.91215
0.88936
0.87996
0.72167
0.88847
0.86463
0.83971
0.71344
0.99573
0.89057
0.66273
0.81113
0.92012
0.98353
0.99625
1.1273
0.80318
0.99435
0.85347
0.7458
0.89659
0.69855
0.76083
0.84899
0.81554
1.0638
1.0132
0.89016
0.77589
0.76615
0.69795
0.76702
0.55813
0.90342
0.56839
0.61207
1.0934
1.116
0.9873
0.8476
0.8099
0.75576
0.7853
1.077
0.99346
1.1009
0.87556
0.92986
0.70052
0.91443
0.94303
0.88137
0.97126
0.89072
0.72025
1.0265
0.53894
0.97558
0.91901
0.74861
0.93669
0.91524
0.91886
1.0381
0.98161
1.0422
1.0008
0.70183
0.77433
0.87711
1.0089
0.98928
0.62554
0.9697
1.0018
0.99996
0.97347
0.99309
0.9193
0.66334
0.85815
0.89969
0.77835
1.039
0.50683
0.66053
1.0051
0.9397
0.98686
0.99641
0.89928
0.91763
0.95189
0.88181
0.71626
0.88222
0.96068
0.5759
0.95583
0.78625
1.0494
0.72436
0.72762
0.67982
0.79917
1.0615
0.57427
1.0087
0.98556
0.8056
0.95434
0.96655
0.82742
0.66881
1.2327
0.77304
0.70691
1.1179
1.068
0.82362
0.88229
0.82285
1.0352
0.68165
1.0483
1.0615
0.90916
0.83124
1.0889
1.0399
1.0733
0.68475
0.81789
0.84503
1.0883
0.89552
0.95171
1.0832
0.8433
1.0107
1.0131
0.9054
0.9592
0.76011
0.81966
0.71145
0.86083
1.0893
1.084
0.6861
1.0105
0.94549
0.59978
0.57156
0.65505
0.91679
0.93296
0.55623
0.74522
0.9329
0.89728
0.88507
0.87536
1.0043
0.86725
0.96734
0.72741
0.83084
0.88603
0.59137
0.56476
0.65719
0.52091
0.42306
0.74087
0.93899
0.92376
1.0191
0.89355
1.0556
1.0866
0.82571
0.80133
0.95338
0.6622
0.77964
1.0745
0.7443
0.80108
0.99182
0.95506
0.74103
0.75074
1.0471
0.86632
1.005
0.7557
0.74135
0.91293
0.85465
0.67696
0.9255
0.72465
0.99934
0.76029
0.83683
0.56876
0.53818
0.98954
0.9172
0.63144
0.85049
0.8437
1.0181
0.59864
1.0317
0.94175
1.0728
0.96138
0.76961
0.93222
0.94391
0.83629
0.75614
0.8375
0.7634
1.016
0.76073
0.72526
1.0197
0.70538
0.83554
0.967
0.94096
0.88535
0.79567
0.86197
0.71206
0.77164
1.0596
0.81679
0.64678
0.88265
0.76589
0.95317
1.1034
1.0361
1.0969
0.89867
0.85826
0.84175
0.93144
0.65148
0.9683
0.32985
0.41794
0.60578
0.75066
0.60387
0.72703
1.0064
0.76329
1.2036
0.8976
0.78017
0.89607
0.98047
0.78995
0.98312
1.0277
0.78913
1.008
0.86339
0.99946
0.89405
0.66341
0.85518
0.87798
0.67322
0.94712
0.9769
0.92772
1.0144
0.94521
0.74694
0.91029
1.0016
0.83252
0.77952
0.76863
1.1101
0.92386
0.66321
0.97424
0.86565
0.46657
1.0006
0.85473
0.77581
0.85902
0.79088
0.87366
0.81757
0.69913
1.0923
0.61477
0.61724
0.82966
0.68289
0.98437
0.84772
0.94467
0.98223
1.0391
0.8133
0.80124
0.86615
0.93919
1.0665
0.78691
0.59991
0.562
0.77934
0.81668
1.1399
0.80989
0.73858
0.95216
0.90542
0.50899
0.97578
0.53286
0.73115
0.77555
0.84879
1.0448
0.73806
1.0355
0.73482
1.0447
0.62591
1.1084
0.98955
0.70771
0.78905
0.98961
0.71249
0.8458
0.87067
0.41507
0.81982
0.78691
0.99247
0.70287
0.77172
0.69888
0.92719
0.41742
0.84111
0.96522
1.0792
0.93122
0.90373
0.93218
0.94201
0.76325
0.26482
1.0644
1.0224
0.76963
0.72473
0.70502
0.92933
0.87427
0.71952
0.63422
0.53321
0.83172
0.98312
0.99095
0.77246
1.032
0.73054
0.93414
0.75364
1.0247
0.56209
0.98821
0.76101
0.51201
0.78044
0.34376
0.99164
0.81163
1.1013
0.62366
1.0272
0.87074
0.84533
0.93457
0.95745
0.70752
0.94401
0.88769
0.97836
0.83299
0.77889
0.66262
0.73038
0.82847
0.63673
0.92744
0.86114
0.93235
0.88779
0.82122
0.87864
0.81995
0.67061
0.57069
0.98549
0.74276
0.8383
0.91736
0.98408
0.63946
0.79958
0.81231
0.96548
1.0179
0.71831
0.89654
0.82308
1.1207
0.66364
0.66431
0.82567
0.8033
0.61528
0.87144
0.8632
0.47286
0.95708
0.87738
1.1096
0.83336
1.1071
0.98459
0.5822
0.8585
0.87575
1.0318
0.87985
0.89253
0.68152
0.97628
0.56158
1.0675
0.99374
0.73813
0.7239
0.7836
0.95438
0.83564
0.85206
0.76137
0.70046
0.96238
0.62394
0.57582
0.82155
0.79503
0.76483
1.0514
0.73808
0.95742
0.63336
0.80955
1.0269
1.0137
1.0485
0.89756
0.38196
0.70848
0.77821
0.67604
0.69682
0.75457
0.82894
0.60898
0.7725
1.1227
0.82662
0.97857
0.56555
0.60863
0.89295
1.0058
0.85396
0.89866
0.78519
0.83201
0.85038
0.98648
1.151
0.82264
0.76
0.91478
1.1734
1.1216
1.0383
0.38639
0.66227
1.0504
0.97979
0.90062
0.84708
0.96114
0.81165
0.81199
0.84798
0.91476
0.94219
0.8794
0.68468
0.96195
0.66905
0.92574
0.68609
0.57294
0.71798
1.02
0.78269
0.92072
0.5691
0.99736
0.86474
0.90244
0.6699
0.57296
1.0123
0.79829
0.78697
0.80129
0.95654
0.69015
0.94318
0.76276
0.81044
0.74235
0.71596
0.90579
0.86836
0.91642
0.62278
1.0574
0.82347
0.90079
1.0388
0.68828
0.93125
0.96298
0.59185
1.006
0.71178
0.77539
0.89842
0.84043
0.78552
0.91025
0.87765
0.78818
0.83994
0.91895
0.95315
0.80675
0.65173
0.96543
1.0661
0.73444
0.9186
0.83698
0.84707
0.98019
0.89887
0.76995
0.83214
0.96851
0.78153
0.73561
0.73771
0.58912
0.87922
0.97974
0.8731
0.79115
1.0142
0.8691
0.69228
0.8995
0.86957
0.77384
1.0217
1.008
1.036
0.83246
0.67321
1.0284
0.34729
0.82422
0.63343
0.93326
0.43528
0.91272
0.72745
0.97749
0.87924
1.0121
0.5573
0.71623
0.66824
0.96338
1.0001
0.70755
0.80792
0.71525
0.84025
0.63671
0.93562
0.55378
1.046
0.83255
1.0189
0.76419
0.62698
0.71271
0.8574
0.9622
0.99946
0.85424
0.92253
0.99558
0.75532
0.72802
0.8124
0.87158
0.58483
0.90291
1.0012
0.96814
0.66108
0.93039
0.57576
0.97526
0.71222
0.73361
0.7063
1.0509
1.0625
0.69101
0.89596
0.80268
0.74935
0.80911
0.80467
0.9339
0.97672
0.99265
0.84791
0.80088
1.0664
0.97845
0.68534
0.89869
0.76408
0.90962
0.98044
0.86116
1.0008
0.96666
0.79874
1.0065
0.86852
0.89113
0.81861
1.0387
0.88054
0.81104
0.96885
0.70547
0.46773
0.78883
0.76645
0.92319
1.0469
0.94227
0.94429
0.83273
0.74032
0.99885
0.74834
1.1295
1.092
0.55486
0.67582
1.0564
0.81156
1.0276
1.0285
0.86332
0.91928
0.91183
0.84883
0.69782
0.622
1.0105
0.79045
0.75957
0.39021
1.0899
0.83077
1.1251
0.97407
0.74971
0.86307
1.0015
0.9352
0.93488
0.45321
0.87265
0.8709
0.89247
0.79069
0.71458
0.67731
0.98083
0.98718
0.63023
0.98689
1.073
0.67128
0.83931
0.94935
0.60484
0.88423
0.97655
0.50378
1.0646
0.83978
0.83782
0.69648
0.91914
0.78292
0.69593
0.61519
1.0247
1.1614
0.84553
1.0052
0.76818
0.92447
0.80735
1.017
0.8978
0.52208
0.72579
0.60353
0.78581
0.71073
0.99539
0.74282
0.95892
0.93999
1.0974
1.0036
0.75236
1.0246
0.86998
0.90528
0.82806
0.97792
0.85683
1.0383
1.129
0.93877
0.75129
1.0188
0.82773
0.81751
0.81766
1.2045
0.82838
0.84888
0.90855
0.62124
0.66503
0.7843
0.85299
0.68161
0.57527
0.73115
0.91257
0.98304
0.42875
0.85344
0.76029
0.73252
0.87235
0.63962
0.87955
1.003
0.71863
0.70322
0.45614
1.088
0.74202
0.79042
0.52963
0.64299
0.82152
0.91532
0.7965
0.86791
0.95317
0.92988
1.0918
0.96929
0.92615
0.95428
1.0254
1.3514
0.58736
0.52823
0.83697
0.84771
1.0039
1.0901
0.66547
0.59605
0.87766
0.88868
0.79142
0.76317
0.89787
0.96064
0.9146
1.0476
0.82092
0.81518
0.84733
0.65014
0.74421
0.95326
0.78022
0.73236
0.82126
0.7865
0.71756
0.58256
0.73475
0.73414
0.51267
1.0119
0.76053
1.1201
0.7661
0.87158
0.94882
1.0109
0.75827
0.98144
1.0216
1.0049
0.86654
0.79287
0.74957
0.90397
1.1007
0.76387
0.71849
0.80182
0.90871
0.86992
0.93722
0.83796
0.97227
0.94011
0.98055
0.56608
0.81737
1.0042
0.98705
0.62456
1.0049
0.69528
0.61462
0.97635
0.37121
1.0335
0.68541
0.71151
0.7277
0.90394
0.83838
0.82229
0.65184
1.0203
0.74474
0.90402
0.97696
0.82435
1.063
0.85788
0.58652
0.5726
0.95289
0.70448
0.80179
0.81057
0.90501
0.66364
0.83396
0.67205
0.58452
0.78555
0.72829
0.86129
0.84912
0.56994
0.83736
0.62974
0.96246
0.78561
1.0898
0.8203
0.83322
0.67049
0.85252
1.0163
0.84996
0.84448
0.93301
0.78075
0.67868
0.96059
1.0691
0.92508
0.62241
0.94611
0.98359
0.81914
0.92309
0.76868
0.87629
0.96827
0.62265
0.88225
0.97233
0.62416
1.0628
0.853
1.0399
0.95525
0.92481
0.76427
1.0295
1.0622
0.6426
0.90497
0.78175
0.78019
0.85228
0.57559
0.70141
0.7156
0.67556
0.74786
0.96665
0.72758
1.1568
0.93316
0.91994
0.93142
0.7141
0.93272
0.98468
0.97564
0.89466
0.75767
0.98351
0.76073
0.60252
0.92985
0.61789
1.0089
0.93946
0.6898
1.0719
1.0833
0.9525
0.97467
0.89265
0.77204
1.006
0.93018
0.83494
0.66657
0.83078
0.71731
0.62534
0.6759
0.60049
0.74843
0.66812
0.73264
0.93498
0.86264
0.70802
0.98904
0.95423
0.95863
0.65637
0.94879
0.99763
0.63459
0.6658
0.7753
0.98358
0.94047
0.92014
0.94453
0.77199
0.9718
0.82669
0.9848
0.95869
0.91907
0.73993
1.0463
0.95309
0.83437
1.0086
0.81635
0.81428
1.0299
0.87642
0.83321
0.91289
0.91197
1.0294
0.61164
0.87232
0.88353
0.65677
0.6667
0.85725
0.89468
0.78222
0.57244
0.57886
0.66763
0.87218
0.35997
0.75799
0.73112
0.83296
0.96922
0.873
1.0092
0.90446
1.171
0.96308
0.6698
0.82784
0.886
0.60642
0.69684
1.0127
1.0329
0.92581
0.40211
0.91336
0.78257
0.76016
0.97914
1.0482
0.98673
0.94411
0.94641
0.83294
1.1157
0.95225
0.75908
0.5904
0.84848
0.8691
0.75787
1.0179
0.97166
1.078
0.54837
1.0405
1.1898
0.7166
1.0229
0.96951
0.68831
1.0539
0.73704
0.79991
0.62446
0.87118
0.79239
0.99451
0.95602
0.91876
0.71492
0.66621
0.70075
0.57975
1.1164
0.80456
0.71933
0.77496
0.8735
0.99395
0.87523
0.91707
0.85103
0.95506
0.61872
0.89637
0.90872
0.84283
1.0045
0.738
0.99428
1.0263
1.0843
1.0124
0.82557
1.1406
0.79618
0.56027
0.90952
0.77252
0.7783
0.85796
0.73777
0.77213
0.84947
0.50053
0.77246
0.96825
0.67193
0.6579
0.89924
0.90071
0.98728
0.78926
1.2075
0.88151
0.95223
0.4214
1.0083
0.63055
0.59255
0.80342
0.61446
0.57573
0.90399
0.88876
0.93684
0.96184
0.77373
0.78557
0.94754
0.9432
0.82027
0.91376
0.58898
0.84296
0.76219
0.91204
0.77606
0.90634
0.91141
0.90319
0.57899
1.1344
0.94722
1.0031
1.0574
1.0747
0.84052
0.70577
0.85316
0.63825
0.88801
0.8736
0.55569
0.65533
0.9205
1.059
0.59753
1.0591
0.91967
0.63182
1.0078
0.45362
0.98269
1.1656
0.65788
0.89948
0.93978
0.59624
1.0848
0.73151
0.73288
1.1097
1.0112
0.93613
0.73577
0.75689
0.76038
0.92055
0.90818
0.8977
0.76897
0.71692
0.80812
1.2867
0.5841
0.82432
1.0155
0.95463
0.83051
0.83912
0.89537
0.94408
0.83656
0.98376
0.69239
1.0462
0.51696
0.8288
0.42062
1.0731
0.76493
0.86182
0.75804
0.80181
0.72806
1.0621
0.74169
0.69366
0.87919
1.1708
0.82038
0.405
0.99871
0.84313
0.9473
0.96747
0.69318
0.87536
0.85754
0.78441
0.93295
0.83033
0.49822
0.69362
0.76678
0.7755
0.69294
0.87536
0.42191
0.80112
0.82167
0.30604
0.5927
1.1174
