0.75425
0.81838
0.64743
0.81902
0.88446
0.55898
0.85308
0.74581
0.64604
0.75383
0.79298
0.66499
0.53516
0.69628
0.54999
0.80961
0.65732
0.70237
0.6024
0.88826
0.73172
0.84454
0.6052
0.65714
0.64939
0.63974
0.49865
0.72439
0.87398
0.66988
0.93599
0.67156
0.951
0.72237
0.82543
0.74497
0.69766
0.83802
0.54961
0.59834
0.80679
0.70713
0.80506
0.79132
0.6571
0.78928
0.74992
0.49375
0.58676
0.59764
0.78512
0.70437
0.81159
0.56111
0.36702
0.95365
0.8624
0.6777
0.65512
0.73912
0.80063
0.65768
0.56288
0.84541
0.69948
0.85571
0.81864
0.80085
0.61493
0.55867
0.84306
0.74259
0.78811
0.79211
0.53314
0.70605
0.76964
0.89132
0.88438
0.56988
0.5241
0.74574
0.83698
0.88549
0.58959
0.8218
0.52188
0.64631
0.51324
0.81706
0.67305
0.59337
0.77654
0.71966
0.91291
0.64718
0.53842
0.80974
0.74691
0.94236
0.82957
0.67644
0.815
0.66321
0.70364
0.82322
0.64932
0.73749
0.68984
0.89294
0.8605
0.95045
0.72427
0.83381
0.73525
0.89991
0.70621
0.46756
0.80455
0.67417
0.62898
0.77355
0.95013
0.47191
0.88696
0.84397
0.73955
0.78213
0.67976
0.7719
0.74198
0.61145
0.63717
0.97618
0.69904
0.26842
0.74665
0.75651
0.84266
0.6671
0.82561
0.55254
0.71523
0.78939
1.0019
0.6678
0.69222
0.35592
0.56916
0.69418
0.67846
0.74588
0.79493
0.79581
0.73935
0.54189
0.64174
0.63085
0.93029
0.50608
0.83732
0.60553
0.61763
0.90961
0.73511
0.93927
0.52148
0.85611
0.67042
0.67357
0.53051
0.59387
0.79422
0.72981
0.49943
0.79273
0.57861
0.79883
0.66556
0.75339
0.61552
0.62504
0.65103
0.76184
0.84508
0.81275
0.82667
0.7266
0.88025
0.69851
0.84786
0.54071
0.52366
0.74738
0.68748
0.88297
0.81985
0.50858
0.57844
0.79176
0.74218
0.41616
0.82113
0.41439
0.69465
0.75739
0.71471
0.74037
0.62034
0.8835
0.67718
0.70823
0.56468
0.76288
0.71071
0.61329
0.43329
0.7197
0.60921
0.66925
0.59435
0.87617
0.97837
0.46326
0.65369
0.68683
0.74217
0.41304
0.61023
0.71017
0.80358
0.49632
0.55848
0.66154
0.73975
0.69895
0.75722
0.85095
0.68091
0.81663
0.75117
0.8628
0.84622
0.82161
0.64927
0.72726
0.68047
0.81729
0.83923
0.53596
0.63588
0.78001
0.6839
0.76973
0.74223
0.54065
0.84587
0.78455
0.61541
0.86593
0.82546
0.73977
0.72664
0.72972
0.69313
0.72462
0.6888
0.70724
0.76133
0.94903
0.52556
0.84714
0.65624
0.67598
0.80478
0.81382
0.7264
0.57726
0.86936
0.47335
0.73046
0.68554
0.81573
0.85903
0.69785
0.85664
0.69616
0.77089
0.73886
0.72313
0.76893
0.46666
0.63215
0.78025
0.76134
0.55642
0.72347
0.62053
0.7404
0.81877
0.71289
0.74396
0.8541
0.61432
0.64756
0.82076
0.62191
0.7688
0.73071
0.82572
0.75236
0.72972
0.69283
0.78147
0.73262
0.8022
0.7652
0.66978
0.73043
0.77902
0.70631
0.91786
0.70844
0.55354
0.6775
0.85178
0.7595
0.53868
0.73684
0.67976
0.71024
0.86636
0.96582
0.72366
0.78833
0.8716
0.71832
0.53005
0.72849
0.78455
0.90361
0.73983
0.69473
0.8395
0.82523
0.57124
0.77183
0.7314
0.74538
0.65362
0.63919
0.56705
0.68082
0.71599
0.68886
0.451
0.78103
0.84
0.70373
0.52908
0.72942
0.42322
0.86147
0.95846
0.66131
0.52844
0.73375
0.66003
0.3937
0.76693
0.56299
0.70312
0.80026
0.91674
0.67496
1.0272
0.52043
0.77481
0.89259
0.85727
0.75399
0.55848
0.80272
0.64397
0.71306
0.52851
0.9728
0.64984
0.58918
0.64577
0.65606
0.75037
0.80344
0.62241
0.79413
0.69644
0.82412
0.56878
0.84578
0.75434
0.76616
0.77875
0.69954
0.60986
0.71327
0.89988
0.65289
0.89159
0.77167
0.71296
0.85258
0.85438
0.88489
0.48619
0.68968
0.88576
0.9526
0.93818
0.71031
0.54553
0.60435
0.73092
0.5853
0.90389
0.65215
0.88019
0.68991
0.63881
0.83663
0.80867
0.61181
0.85782
0.73182
0.68628
0.74872
0.89945
0.62648
0.92252
0.80139
0.4974
0.75916
0.67998
0.55955
0.54177
0.79633
0.91539
0.87429
0.48678
0.70775
0.75059
0.46668
0.62765
0.76699
0.65301
0.99593
0.71636
0.85608
0.61853
0.87548
0.58072
0.55279
0.50189
0.60248
0.68095
0.81904
0.86424
0.67778
0.77464
0.66389
0.82426
0.91663
0.72745
0.67823
0.63903
0.7938
0.84439
0.62411
0.85312
0.72324
0.72545
0.69119
0.66009
0.90147
0.68847
0.80097
0.77789
0.73051
0.74308
0.64189
0.7447
0.7462
0.49881
0.45854
0.83298
0.94559
0.54241
0.38793
0.63072
0.57424
0.60597
0.94968
0.81362
0.81325
0.79945
0.5783
0.71106
0.69946
0.81246
0.96914
0.56023
0.57755
0.84497
0.68208
0.85277
0.7977
0.75944
0.60293
0.74322
0.91557
0.56918
0.60917
0.73773
0.81244
0.77647
0.58479
0.72863
0.8542
0.62496
0.56488
0.72284
0.95123
0.84189
0.65464
0.71679
0.69809
0.64025
0.59851
0.73461
0.63518
0.63852
0.67533
0.73715
0.4513
0.73479
0.66787
0.78908
0.52925
0.62563
0.98426
0.70304
0.82046
0.88596
0.74227
0.75104
0.61505
0.62157
0.65043
0.95113
0.8642
0.74843
0.72897
0.64333
0.68567
0.80703
0.7455
0.39974
0.72238
0.59185
0.7753
0.86248
0.69447
0.79485
0.68815
0.98216
0.84049
0.92493
0.65365
0.60916
0.79765
0.75158
0.70185
0.68161
0.79713
0.76192
0.58262
0.71359
0.51128
0.79506
0.79361
0.73988
0.94136
0.77073
0.74574
0.56631
0.73013
0.63739
0.7041
0.73496
0.7019
0.82632
0.67003
0.83892
0.67038
0.60728
0.60661
0.7392
0.78094
0.90968
0.8617
0.6525
0.85668
0.65307
0.71639
0.75734
0.83771
0.87773
0.86724
0.53344
0.88071
0.96909
0.79238
0.7099
0.6581
0.63105
0.82194
0.58842
0.81471
0.63755
0.73908
0.78803
0.4777
0.66043
0.7685
0.75099
0.76977
0.68881
0.80448
0.64477
0.83157
0.86638
0.84029
0.77357
0.66952
0.49813
0.69939
0.63177
0.64057
0.67288
0.69587
0.81079
0.78411
0.89412
0.86242
0.66735
0.72286
0.68776
0.86994
0.7891
0.74704
0.5662
0.58714
0.71568
0.69669
0.54562
0.71663
0.8381
0.68438
0.54756
0.7084
0.88797
0.52165
0.60583
0.7506
0.47788
0.95583
0.69332
0.81026
0.82749
0.65031
0.58048
0.86111
0.70211
0.82484
0.59875
0.73544
0.4854
0.53139
0.66121
0.88539
0.65554
0.91109
0.87577
0.83781
0.54711
0.70537
0.48068
0.6261
0.59837
0.63283
0.91891
0.72068
0.53306
0.63765
0.76432
0.75507
0.66074
0.77247
0.792
0.59056
0.9048
0.82104
0.66702
0.92758
0.74557
0.787
0.78912
0.70554
0.80759
0.60114
0.52614
0.76425
0.78537
0.54749
0.9207
0.58122
0.75605
0.59535
0.68425
0.58558
0.49175
0.83561
0.41993
0.82845
0.83071
0.72055
0.57643
0.47134
0.67306
0.41687
0.74042
0.91341
0.74226
0.7753
0.66753
0.66574
0.63411
0.90139
0.66311
0.64419
0.76125
0.62233
0.80177
0.67551
0.59625
0.77633
0.72863
0.77175
0.67733
0.85365
0.51325
0.65367
0.80683
0.72026
0.56342
0.53057
0.57566
0.76339
0.65485
0.72088
0.64176
0.77957
0.54862
0.63087
0.70378
0.58328
0.34948
0.67134
0.47526
0.81054
0.78866
0.73773
0.56525
0.82231
0.41439
0.90149
0.51527
0.61291
0.94411
0.87153
0.80272
0.58228
0.62109
0.82674
0.95169
0.74922
0.54722
0.69469
0.6355
0.71949
0.85923
0.45323
0.62804
0.68125
0.62803
0.86283
0.60687
0.75959
0.54276
0.86232
0.80274
0.68523
0.89077
0.68325
0.67311
0.95972
0.90159
0.56047
0.68299
0.8624
0.78383
0.66595
0.47123
0.47701
0.51216
0.74814
0.70175
0.69772
0.77085
0.91883
1.0063
0.79884
0.85071
0.72133
0.66947
0.84464
0.58568
0.83057
0.78058
0.57257
0.62138
0.7709
0.79128
0.75884
0.80111
0.67908
0.67331
0.6469
0.65267
0.55578
0.80169
0.62564
0.78148
0.71466
0.81687
0.80616
0.36685
0.78737
0.86214
0.84964
0.61722
0.73092
0.63563
0.88835
0.82074
0.81873
0.81674
0.68006
0.80269
0.69143
0.65198
0.7579
0.55574
0.7678
0.71178
0.75066
0.59037
0.76523
0.72477
0.67287
0.5123
0.81136
0.72667
0.69703
0.6046
0.68108
0.81411
0.7911
0.7762
0.8829
0.58609
0.65991
0.81804
0.71915
0.75589
0.69008
0.69087
0.79626
0.64159
0.59699
0.39961
0.69403
0.48248
0.85668
0.63714
0.78284
0.76309
0.78564
0.85321
0.72149
0.70833
0.78022
0.63707
0.82047
0.89417
0.52505
0.8679
0.69026
0.91796
0.91508
0.88062
0.67931
0.63736
0.82859
0.76705
0.46401
0.8007
0.81411
0.71282
0.61213
0.69766
0.69615
0.75923
0.53012
0.85452
0.90175
0.65147
0.57749
0.74475
0.63353
0.53768
0.56031
0.46875
0.56192
0.67117
0.60955
0.63908
0.61331
0.83237
0.78402
0.52109
0.78847
0.81178
0.77854
0.88392
0.61647
0.66715
0.81972
0.91452
0.70991
0.73903
0.57009
0.71344
0.78742
0.57409
0.8178
0.6049
0.3147
0.66453
0.5235
0.73705
0.75796
0.85891
0.50077
0.75245
0.53658
0.76177
0.7366
0.74236
0.62904
0.76113
0.87965
0.79192
0.8971
0.55165
0.72109
0.73278
0.76525
0.46923
0.81885
0.70822
0.7884
0.40312
0.63474
0.7284
0.93626
0.69338
0.63119
0.52179
0.77744
0.69515
0.66219
0.78284
0.71954
0.80304
0.79803
0.88119
0.92362
0.87038
0.79462
0.87613
0.75886
0.82392
0.56802
0.72294
0.65579
0.82439
0.9794
0.86406
0.74044
0.73438
0.70844
0.86389
0.85654
0.78513
0.59598
0.77186
0.46102
0.55903
0.91435
0.52473
0.61825
0.85743
0.74212
0.55518
0.61393
0.74002
0.80543
0.77305
0.80263
0.58936
0.80354
0.73083
0.51982
0.69791
0.72533
0.84121
0.73533
0.90837
0.6578
0.70748
0.79644
0.8536
0.68592
0.80929
0.71243
0.40005
0.7523
0.53398
0.56494
0.66967
0.83654
0.56361
0.64241
0.71797
0.74012
0.34
0.72116
0.77905
0.69821
0.64261
0.96315
0.77284
0.50495
0.68651
0.52607
0.68055
0.87778
0.86493
0.90533
0.58146
0.63361
0.88694
0.5393
0.59105
0.78005
0.6483
0.75053
0.76161
0.69001
0.42814
0.627
0.71982
0.79804
0.81377
0.83303
0.79347
0.73486
0.86727
0.80363
0.68652
0.80057
0.49872
0.85391
0.7021
0.26151
0.69624
0.64181
0.63945
0.59176
0.76568
0.68451
0.71778
0.62427
0.92299
0.59795
0.49286
0.73618
0.64588
0.58984
0.84655
0.4321
0.92892
0.77733
0.87504
0.84539
0.63837
0.72424
0.67972
0.52686
0.81351
0.85039
0.64339
0.71331
0.40225
0.80679
0.81366
0.72322
0.74312
0.49861
0.64983
0.76461
0.90761
0.61002
0.71239
0.77058
0.70255
0.69038
0.68615
0.57253
0.63497
0.72205
0.60211
0.85671
0.73536
0.89562
0.61529
0.60138
0.88707
0.51515
0.78421
0.81449
0.8411
0.83691
0.74524
0.63069
0.45406
0.76906
0.89959
0.83538
0.82883
0.87636
0.81931
0.70415
0.89956
0.78354
0.83865
0.78754
0.94399
0.7514
0.96117
0.87454
0.68982
0.70868
1.0156
0.64958
0.68879
0.72716
0.86287
0.66501
0.68568
0.61423
0.65667
0.80017
0.70794
0.79167
0.70514
0.525
0.91108
0.61691
0.68333
0.93502
0.58827
0.64256
0.65596
0.80041
0.80558
0.46392
0.49481
0.83208
0.89823
0.47041
0.6634
0.68913
0.52201
0.69605
0.80262
0.527
0.87227
0.89297
0.88723
0.87523
0.76536
0.70872
0.57782
0.90438
0.51147
0.76398
0.66308
0.85072
0.76878
0.66784
0.90319
0.61752
0.74879
0.76701
0.69399
0.71017
0.62335
0.46277
0.75929
0.78525
0.39744
0.66197
0.86119
0.5659
0.57138
0.89593
0.81176
0.46329
0.84139
0.70382
0.73086
0.74392
0.68041
0.5703
0.72754
0.49323
0.91374
0.61509
0.99723
0.7175
0.75312
0.7599
0.61397
0.79211
0.70816
0.60337
0.83767
0.91231
0.8771
0.68035
0.79241
0.65537
0.80386
0.79953
0.7587
0.82423
0.58448
0.3692
0.95677
0.58473
0.67797
0.67292
0.46075
0.52126
0.49708
0.77912
0.86447
0.79084
0.75434
0.8827
0.79889
0.64437
0.72087
0.8697
0.69266
0.66807
0.50593
0.73534
0.71117
0.70244
0.70526
0.7611
0.84309
0.85061
0.64013
0.95765
0.61432
0.77237
0.80115
0.80401
0.69166
0.65136
0.73697
0.45889
0.76633
0.73896
0.7615
0.43709
0.58009
0.7706
0.78163
0.64835
0.74303
0.62579
0.84956
0.48846
0.86276
0.72722
0.72439
0.42457
0.32187
0.60382
1.0338
0.93783
0.82188
0.51077
0.74805
0.79247
0.81308
0.73492
0.82726
0.71536
0.73092
0.50492
0.87185
0.75389
0.691
0.92017
0.38309
0.79304
0.61868
0.6679
0.63313
0.77172
0.76985
0.82107
0.91096
0.90383
0.88666
0.64476
0.85098
0.87978
0.87719
0.95235
0.75176
0.72919
0.66209
0.6254
0.88696
0.9409
0.7315
0.41889
0.61227
0.82547
0.85962
0.75699
0.79021
0.65871
0.8503
0.82679
0.6148
0.86415
0.74947
0.84582
0.87538
0.7033
0.80744
0.42201
0.53026
0.83812
0.90314
0.67709
0.62458
0.66098
0.64449
0.61568
0.83347
0.71149
0.91056
0.78479
0.5742
0.45387
0.81905
0.74912
0.69943
0.47359
0.6141
0.60894
0.69421
0.6919
0.56948
0.7072
0.41758
0.82245
0.71544
0.4941
0.5479
0.83228
0.76498
0.91406
0.69729
0.75238
0.69574
0.76789
0.65835
0.74356
0.39761
0.90724
0.92729
0.61035
0.85188
0.5777
0.45894
0.8918
0.83136
0.83549
0.41034
0.86716
0.57635
0.90705
0.83008
0.72087
0.90645
0.65811
0.77856
0.86959
0.90157
0.66599
0.70174
0.71511
0.71112
0.75488
0.83757
0.82631
0.6631
0.73279
0.72118
0.53041
0.664
0.90412
0.62213
0.67881
0.68243
0.81552
0.68459
0.8618
0.62623
0.51138
0.69653
0.6901
0.78866
0.71065
0.65949
0.71863
0.74199
0.66055
0.64148
0.67853
0.64264
0.80436
0.61111
0.80994
0.53989
0.75747
0.8964
0.76105
0.79368
0.63657
0.69804
0.74617
0.47085
0.96132
0.7877
0.43366
0.57948
0.59777
0.7507
0.75176
0.73295
0.46854
0.66431
0.88034
0.68595
0.85682
0.89487
0.86908
0.75226
0.80489
0.68365
0.85441
0.73877
0.514
0.52476
0.74777
0.67561
0.66758
0.77855
0.73163
0.46309
0.56678
0.6928
0.60212
0.61403
0.67175
0.86439
0.85352
0.98479
0.3949
0.85315
0.74051
0.60122
0.41698
0.79819
0.97323
0.7895
0.68339
0.91177
0.73158
0.44124
0.66442
0.60074
0.90261
0.50779
0.73515
0.50504
0.84762
1.0495
0.79923
0.76301
0.86273
0.75057
0.66602
0.72981
0.44415
0.79713
0.66904
0.90809
0.44441
0.77162
0.6407
0.66018
0.54505
0.60151
0.74692
0.81222
0.8038
0.90302
0.64512
0.75409
0.47685
0.39915
0.86887
0.64206
0.80948
0.84645
0.66866
0.7457
0.942
0.59301
0.6582
0.91302
0.50888
0.73398
0.70094
0.85008
0.75185
0.7894
0.84279
0.68835
0.58345
0.63052
0.77634
0.85153
0.91715
0.68925
0.62644
0.60164
0.28877
0.53902
0.26708
0.66947
0.54434
0.59247
0.53771
0.64609
0.50171
0.77419
0.78251
0.87959
0.51922
0.69051
0.73936
0.63938
0.64875
0.73463
0.5805
0.78558
0.77886
1.0092
0.54542
0.56236
0.64391
0.78229
0.66757
0.76234
0.62984
0.38438
0.81635
0.88226
0.76084
0.71471
0.67868
0.64413
0.68139
0.65594
0.5192
0.54746
0.64335
0.85985
0.57638
0.80148
0.67544
0.83492
0.76676
0.87991
0.81218
0.69182
0.71365
0.75649
0.52514
0.62729
0.89358
0.58708
0.81218
0.55839
0.3721
0.64013
0.71691
0.44556
0.70471
0.4858
0.36586
0.76146
0.6863
0.86902
0.82808
0.6981
0.70539
0.72081
0.43241
0.70947
0.65036
0.7215
0.83544
0.84417
0.87293
0.58553
0.91887
0.80831
0.75552
0.44404
0.62218
0.73709
0.78324
0.62391
0.70233
0.8219
0.715
0.73954
0.84539
0.61565
0.80729
0.70243
0.70568
0.59091
0.72713
0.68939
0.47377
0.94073
0.55862
0.83979
0.6716
0.69826
0.83518
0.70453
0.57854
0.59552
0.71487
0.82579
0.62236
0.72002
0.88706
0.62373
0.91968
0.51171
0.60143
0.78056
0.73679
0.71862
0.81333
0.80187
0.88625
0.82815
0.79271
0.70261
0.67205
0.81055
0.63754
0.7191
1.0138
0.82302
0.77634
0.68951
0.84185
0.82826
0.54233
0.74503
0.45715
0.72755
0.94908
0.77331
0.70144
0.8748
0.87618
0.78083
0.60126
0.87569
0.78855
0.83278
0.9257
0.84119
0.79852
0.78574
0.69425
0.60382
0.70215
0.72255
0.82347
0.66578
0.61958
0.73976
0.76824
0.80947
0.82469
0.55354
0.81772
0.84482
0.68697
0.69753
0.68912
0.66781
0.69796
0.72831
0.93815
0.79831
0.69847
0.63683
0.58165
0.77968
0.73726
0.62955
0.71691
0.42019
0.61457
0.88541
0.56609
0.60055
0.89547
0.43772
0.81461
0.74261
0.77071
0.82793
0.86138
0.75374
0.74185
0.72441
0.66617
0.87137
0.88841
0.58715
0.78024
0.87297
0.75286
0.6627
0.52414
0.96505
0.55992
0.97305
0.46384
0.8924
0.7981
0.73987
0.7797
0.8289
0.75336
0.63837
0.40988
0.83088
0.72995
0.85618
0.71442
0.96472
0.65755
0.68553
0.65165
0.62057
0.80451
0.4966
0.91837
0.74521
0.94122
0.49275
0.63852
0.68162
0.95911
0.66102
0.55696
0.74715
1.0052
0.71019
0.80098
0.89975
0.65303
0.69426
0.83101
0.72689
0.76288
0.80347
0.41933
0.86384
0.65113
0.95041
0.69672
0.66141
0.65866
0.71639
0.50118
0.61132
0.63556
0.65699
0.95125
0.80886
0.82023
0.42095
0.66496
0.74861
0.62732
0.76514
0.83908
0.4686
0.63894
0.69662
0.63942
0.78849
0.32814
0.67645
0.71593
0.52842
0.7838
0.70896
0.67842
0.61533
0.64097
0.99138
0.78883
0.99086
0.66318
0.65355
0.60426
0.65407
0.64035
0.60779
0.59313
0.86328
0.66136
0.75129
0.56575
0.67578
0.77739
0.63078
0.75058
0.7672
0.61983
0.90209
0.63249
0.63017
0.48213
0.85959
0.69457
0.80868
0.80529
0.75244
0.61156
0.4968
0.81291
0.78526
0.72568
0.83844
0.73746
0.56872
0.91451
0.75984
0.92478
0.79213
0.53014
0.90676
0.62374
0.75667
0.65868
0.69315
0.81978
0.46398
0.84833
0.66885
0.84025
0.83839
0.77469
0.73303
0.74138
0.68003
0.43656
0.71573
0.76235
0.69538
0.76893
0.69448
0.54753
0.75491
0.91011
0.72237
0.61994
0.46813
0.80477
0.51009
0.79057
0.53344
0.65115
0.8331
0.37986
0.68441
0.84234
0.33164
0.43397
0.6414
0.85877
0.54536
0.68248
0.79922
0.47091
0.75325
0.76368
0.61712
0.60007
0.64061
0.75477
0.8544
0.44018
0.84836
0.54207
0.82802
0.53489
0.46943
0.52668
0.4771
0.73814
0.63823
0.718
0.75003
0.71021
0.47145
0.63099
0.48863
0.52103
0.66834
0.84328
0.86965
0.61721
0.86833
0.90324
0.71703
0.89946
0.85418
0.78854
0.83856
0.71752
0.49538
0.66269
0.87298
0.63149
0.82461
0.46616
0.76929
0.78608
0.67894
0.65135
0.73689
0.84714
0.58096
0.7671
0.62704
0.70299
0.83903
0.81951
0.79825
0.51122
0.63697
0.72744
0.71659
0.59195
0.47081
0.85666
0.73047
0.88504
0.99388
0.92959
1.014
0.89028
0.78994
0.84689
0.87029
0.63483
0.72476
0.51481
0.69374
0.56664
0.81594
0.60527
0.62933
0.55637
0.81069
0.86733
0.7518
0.81962
0.8967
0.59613
0.55539
0.75935
0.90767
0.77532
0.68348
0.62538
0.65902
0.51957
0.82214
0.72913
0.74847
0.66608
0.80353
0.79947
0.81913
0.66706
0.7364
0.85614
0.54795
0.65257
0.88456
0.81174
0.56863
0.77746
0.88184
0.70898
0.82615
0.62658
0.6551
0.76997
0.65044
0.70002
0.81345
0.53067
0.70193
0.74481
0.67008
0.87907
0.72972
0.86682
0.766
0.67433
0.49464
0.65258
0.6965
0.72985
0.50533
0.58502
0.51456
0.85689
0.75284
0.74259
0.75534
0.88712
0.84631
0.79687
0.92314
0.49878
0.83515
0.48196
0.40462
0.75278
0.55348
0.99341
0.80206
0.67371
0.83542
0.75737
0.71383
0.84537
0.77942
0.64726
0.32168
0.61288
0.89963
0.77911
0.65384
0.84581
0.8957
0.7521
0.75882
0.78732
0.74139
0.53683
0.58953
0.92949
0.74329
0.74622
0.6414
0.62073
0.72117
0.71144
0.78943
0.75482
0.72578
0.87747
0.56558
0.83224
0.6143
0.84517
0.74799
0.76311
0.82504
0.44869
0.80421
0.60172
0.71182
0.94558
0.89046
0.74501
0.76301
0.65051
0.78483
0.77337
0.64638
0.50441
0.60592
0.59987
0.74807
0.65959
0.66036
0.48286
0.75116
0.69142
0.76944
0.91232
0.67793
0.82179
0.76669
0.76791
0.74835
0.58469
0.82722
0.77115
0.79139
0.40869
0.67605
0.96821
0.82884
0.7923
0.82651
0.72718
0.55303
0.84079
0.66083
0.85554
0.80806
0.57185
0.64581
0.98569
0.56058
0.75432
0.81719
0.65405
0.58115
0.75541
0.81293
0.64107
0.68272
0.69353
0.72777
0.6301
0.73622
0.39853
0.67851
0.66557
0.58493
0.74109
0.70374
0.64737
0.59066
0.8994
0.77214
0.90759
0.63191
0.65691
0.73617
0.49205
0.9295
0.58482
0.5805
0.94865
0.90037
0.60583
0.67782
0.62437
0.74023
0.79441
0.62715
0.66114
0.80178
0.8034
0.63818
0.71647
0.81624
0.66623
0.69195
0.37577
0.87904
0.76841
0.63034
0.89511
0.46196
0.80611
0.82517
0.85564
0.76018
0.89702
0.93922
0.74474
0.60508
0.62139
0.93117
0.39031
0.62339
0.6753
0.83839
0.76324
0.89699
0.64736
0.86822
0.72394
0.77147
0.65276
0.7871
0.5571
0.61828
0.60869
0.53463
0.82699
0.79267
0.77775
0.64623
0.73536
0.77186
0.70609
1.0235
0.35368
0.84711
0.75277
0.73848
0.85065
0.74206
0.66546
0.58234
0.84694
0.61599
0.63923
0.71322
0.682
0.55614
0.82098
0.70868
0.79495
0.85187
0.53391
0.56483
0.65223
0.93293
0.61608
0.86806
0.80941
0.84614
0.68152
0.58032
0.66268
0.74368
0.61542
0.74451
0.56151
0.4964
0.3925
0.68025
0.56924
0.76464
0.46573
0.68304
0.89148
0.56381
0.70844
0.78209
0.57621
0.58731
0.79731
0.98153
0.69078
0.63478
0.64123
0.55719
0.8472
0.81108
0.85654
0.66282
0.88616
0.80456
0.67943
0.78719
0.628
0.66621
0.63795
0.65345
0.64137
0.5082
0.67576
0.74111
0.41392
0.94503
0.6896
0.57115
0.68091
0.61239
0.62745
0.60476
0.82591
0.77747
0.60979
0.37182
0.68525
0.80603
0.82037
0.81705
0.75061
0.7865
0.89285
0.87957
0.51641
0.81585
0.69674
0.71721
0.70473
0.62719
0.70245
0.75275
0.58667
0.77374
0.37855
0.69788
0.72051
0.87515
0.74624
0.79527
0.72845
0.66972
0.81536
0.66714
0.69843
0.7232
0.83455
0.79361
0.82121
0.62961
0.70089
0.89222
0.81336
0.69418
0.89944
0.71914
0.61286
0.6962
0.72861
0.80256
0.88622
0.92103
0.6075
0.94134
0.84187
0.58945
0.49638
0.82775
0.68754
0.79566
0.68986
0.78567
0.77905
0.69621
0.64881
0.92569
0.7978
0.72225
0.64867
0.64782
0.81164
0.71653
0.68698
0.876
0.75267
0.90198
0.62274
0.80399
0.62181
0.74997
0.76973
0.69137
0.82873
0.62977
0.8368
0.81156
0.3078
0.60137
0.74117
0.80376
0.64517
0.64321
0.82207
0.73549
0.63576
0.61817
0.50731
0.83899
0.70229
0.64845
0.65059
0.77903
0.64749
0.57874
0.70164
0.73312
0.51805
0.79914
0.38438
0.89542
0.59652
0.47546
0.79087
0.43738
0.76858
0.56595
0.73196
0.86956
0.68301
0.90634
0.67293
0.78977
0.55468
0.55215
0.5135
0.74361
0.99238
0.7617
0.65032
0.75222
0.50388
0.61173
0.56466
0.71813
0.51077
0.92343
0.59776
0.73428
0.82608
0.70087
0.73922
0.55687
0.84416
0.83835
0.56677
0.57308
0.55488
0.78039
0.85504
0.76987
0.68214
0.74579
0.5675
0.95177
0.68849
0.80915
0.63088
0.699
0.70964
0.80847
0.73604
0.57209
0.91647
0.85832
0.75647
0.75908
0.77335
0.71794
0.84016
0.71902
0.69042
0.67302
0.87349
0.80092
0.81481
0.62771
0.72775
0.67867
0.70758
0.63079
0.53694
0.90044
0.5464
0.71061
0.68396
0.5516
0.93181
0.73506
0.60341
0.35703
0.48779
0.66893
0.48303
0.5146
0.34182
0.70304
0.5635
0.82552
0.74175
0.68898
0.89033
0.60878
0.76921
0.9192
0.6522
0.80059
0.75982
0.84836
0.67374
0.45915
0.97898
0.78863
0.47925
0.74781
0.96728
0.83017
0.54927
0.6937
0.7367
0.82266
0.71055
0.65383
0.79052
0.67031
0.63976
0.78483
0.80396
0.81022
0.76458
0.44848
0.78151
0.65149
0.81337
0.7953
0.45118
0.68375
0.59003
0.86163
0.87801
0.47115
0.56407
0.81249
0.44732
0.79264
0.56788
0.70733
0.35949
0.89977
0.60313
0.76654
0.84607
1.0054
0.64727
0.71994
0.7886
0.3566
0.83919
0.63281
0.74798
0.79056
0.76154
0.81584
0.5481
0.80318
0.89829
0.86348
0.58855
0.7872
0.76461
0.43475
0.52869
0.79131
0.66424
0.78506
0.94041
0.77647
0.7209
0.87716
0.85318
0.60081
0.89141
0.63942
0.30832
0.95237
0.82963
0.63476
0.88273
0.69539
0.50763
0.82674
0.82005
0.6636
0.75494
0.7343
0.54012
0.72566
0.71266
0.82257
0.81548
0.82296
0.57431
0.72001
0.78043
0.7451
0.77481
0.78597
0.76173
0.78317
0.87378
0.8827
0.83943
0.66189
0.80992
0.78597
0.56827
0.836
0.94107
0.66369
0.71758
0.77297
0.47891
0.67231
0.90411
0.56405
0.57023
0.6946
0.82687
0.90827
0.68742
0.73484
0.80134
0.47581
0.88574
0.86408
0.61601
0.71778
0.57033
0.72898
0.88446
0.70024
0.91238
0.83617
0.40512
0.73938
0.52102
0.46503
0.68851
0.51913
0.72262
0.63299
0.8737
0.48768
0.65087
0.81333
0.55994
0.76357
0.57596
0.69519
0.7948
0.58434
0.74043
0.79236
0.60499
0.57738
0.79182
0.77998
0.72521
0.7661
0.5218
0.83996
0.73438
0.82914
0.96242
0.39234
0.67086
0.75913
0.73697
0.79824
0.66662
0.7972
0.71767
0.6473
0.90989
0.68088
0.77814
0.6467
0.4736
0.8369
0.53191
0.67944
0.6626
0.78564
0.77907
0.71887
0.35857
0.71189
0.52861
0.52092
0.71497
0.56974
0.59419
0.88804
0.53052
0.58071
0.77453
0.5903
0.60669
0.62768
0.67409
0.61504
0.68767
0.62619
0.85856
0.54284
0.63054
0.58993
0.79481
0.91616
0.59137
0.81608
0.81771
0.67502
0.66566
0.81939
0.72635
0.68012
0.76932
0.70596
0.74825
0.80291
0.5838
0.76949
0.67757
0.68903
0.53319
0.74126
0.76794
0.72285
0.77252
0.53449
0.86915
0.88278
0.37506
0.64286
0.85555
0.86381
0.6292
0.89341
0.71997
1.0828
0.89456
0.56316
0.96148
0.8085
0.60148
0.72743
0.79899
0.77782
0.51744
0.58858
0.62459
0.75929
0.63743
0.96626
0.69919
0.71825
0.80701
0.54945
0.79129
0.88772
0.65147
0.78826
0.67403
0.63779
0.53967
0.53925
0.7063
0.57806
0.82205
0.59371
0.37661
0.93989
0.70199
0.63045
0.89609
0.76453
0.77131
0.80377
0.84796
0.67252
0.59114
0.79604
0.77485
0.63923
0.91472
0.63694
0.69594
0.60402
0.66206
0.74184
0.69238
0.76092
0.93041
0.61407
0.87832
0.59682
0.7079
0.71246
0.74659
0.47554
0.74272
0.85013
0.8345
0.59961
0.79383
0.68074
0.89851
0.594
0.81322
0.54104
0.88036
0.64793
0.63153
0.74895
0.91695
0.83822
0.75816
0.88948
0.60681
0.31266
0.76126
0.80601
0.89421
0.61877
0.76194
0.7993
0.816
0.65277
0.88939
0.67678
0.45955
0.67519
0.51607
0.70716
0.65746
0.65701
0.68482
0.67727
0.48145
0.7513
0.71442
0.78475
0.59528
0.73359
0.67392
0.33301
0.79502
0.55532
0.52869
0.69819
0.77022
0.76333
0.83103
0.88277
0.84131
0.62686
0.76799
0.68105
0.77303
0.71384
0.47553
0.70101
0.81684
0.71198
0.75241
0.75533
0.75279
0.89323
0.75656
0.47692
0.66792
0.34124
0.83047
0.94756
0.47853
0.81172
0.65577
0.54923
0.86119
0.61341
0.51739
0.79152
0.88033
0.63246
0.50613
0.76602
0.66041
0.6291
0.91047
0.6991
0.52662
0.75219
0.61891
0.85467
0.61149
0.57665
0.62587
0.86921
0.68005
0.89966
0.64163
0.89795
0.65705
0.80343
0.77959
0.80737
0.70629
0.67701
0.81816
0.90912
0.60668
0.87338
0.70794
0.66305
0.57054
0.69324
0.73668
0.48322
0.67019
0.65572
0.59238
0.94523
0.77313
0.51726
0.75675
0.64184
0.79137
0.767
0.85152
0.77347
0.577
0.57103
0.6326
0.623
0.51882
0.64842
0.75533
0.66706
0.70933
0.86279
0.84085
0.7685
0.66692
0.95407
0.90647
0.82927
0.59682
0.66749
0.63725
0.50147
1.0411
0.64953
0.69465
0.79923
0.56441
0.55812
0.39613
0.68068
0.63305
0.5427
0.48302
0.79707
0.43623
0.81433
0.70866
0.76578
0.67142
0.72182
0.70442
0.78599
0.84153
0.63599
0.72184
0.92831
0.46599
0.58177
0.88437
1.0305
0.73102
0.90844
0.78507
0.70284
0.62195
0.77435
0.66695
0.58452
0.89058
0.73644
0.36052
0.89222
0.65043
0.88334
0.90377
0.54283
0.88744
0.97173
0.77028
0.85353
0.93317
0.59414
0.34025
0.68993
0.62474
0.3461
0.63397
0.67238
0.75152
0.60175
0.67245
0.91018
0.60562
0.70357
0.72216
0.84901
0.94576
0.6129
0.70101
0.7233
0.73332
0.61455
0.51886
0.84173
0.66972
0.81549
0.63068
0.6379
0.71961
0.5914
0.90898
0.98205
0.81994
0.97541
0.68211
0.69755
0.75441
0.55375
0.66846
0.75634
0.86067
0.8147
0.66313
0.78943
0.6902
0.7073
0.69262
0.94509
0.81832
0.65175
0.78756
0.88234
0.83663
0.84432
0.62666
0.65767
0.74601
0.84371
0.78058
0.71969
0.70687
0.72067
0.69043
0.82449
0.86441
0.7767
0.73355
0.57697
0.76381
0.79762
0.84962
0.5759
0.91269
0.71892
0.80246
0.70198
0.73192
0.81109
0.45928
0.69301
0.66854
0.84115
0.48419
0.71214
0.75528
0.76006
0.85013
0.83954
0.82285
0.6695
0.65177
0.7516
0.66046
0.88008
0.61104
0.71241
0.81915
0.27487
0.7146
0.76904
0.88671
0.8161
0.77155
0.75229
0.69902
0.84069
0.83813
0.78424
0.32944
0.75414
0.80617
0.58471
0.60688
0.66626
0.74668
0.6119
0.87791
0.48893
0.83418
0.84079
0.49892
0.72393
0.68366
0.64448
0.56291
0.7268
0.80071
0.7041
0.68859
0.74427
0.74502
0.66541
0.86362
0.5593
0.63435
0.7256
0.91249
0.80407
0.92021
0.9475
0.81535
0.88485
0.5816
0.59
0.71394
0.79429
0.69723
0.51055
0.67719
0.71924
0.63716
0.68396
0.66076
0.77814
0.56872
0.61547
1.0022
0.68711
0.57368
0.74616
0.46301
0.59812
0.76312
0.58641
0.76225
0.94071
0.59812
0.49566
0.52058
0.70184
0.66784
0.63794
0.58094
0.73189
0.81409
0.71492
0.8369
0.7769
0.81405
0.38616
0.72586
0.53234
0.69549
0.87926
0.50356
0.80917
0.83995
0.66732
0.87151
0.82719
0.83187
0.61823
0.77389
0.6931
0.57582
0.53351
0.80273
0.72961
0.78993
0.67072
0.7028
1.0705
0.59717
0.76113
0.60901
0.75406
0.69744
0.54646
0.75461
0.8136
0.90722
0.69937
0.67304
0.76428
1.0169
0.84309
0.89573
0.61071
0.49092
0.66574
0.8389
0.77012
0.76064
0.91061
0.61786
0.58344
0.73582
0.68504
0.74473
0.47989
0.70264
0.67337
0.67553
0.6389
0.66768
0.77515
0.58404
0.60059
0.82323
0.73759
0.63575
0.62887
0.80107
0.73946
0.74482
0.58794
0.57098
0.69374
0.88039
0.60599
0.74014
0.60343
0.76418
0.85384
0.72114
0.83533
0.91083
0.64001
0.86808
0.82195
0.79694
0.67651
0.81769
0.56581
0.49518
0.68717
0.86153
0.61311
0.75769
0.82403
0.77259
0.94516
0.64012
0.7848
0.60782
0.54148
0.89732
0.7202
0.68848
0.57679
0.90146
0.39711
0.71174
0.67637
0.73976
0.81442
0.84307
0.69607
0.81697
0.7291
0.85932
0.82192
0.6161
0.91377
0.67745
0.6382
0.37507
0.49372
0.88666
0.69702
0.79001
0.83877
0.88163
0.97809
0.73622
0.88609
0.66434
0.63515
0.81721
0.83682
0.8235
0.59739
0.74622
0.82597
0.79805
0.79963
0.70981
0.82921
0.70599
0.83854
0.55134
0.6044
0.80078
0.69106
0.83641
0.81945
0.8408
0.80258
0.72354
0.95847
0.74206
0.8412
0.69604
0.47978
0.87683
0.78311
0.85875
0.85453
0.79506
0.8445
0.70595
0.80633
0.66823
0.89741
0.6407
0.74994
0.84044
0.91834
0.77324
0.86416
0.75778
0.6433
0.71782
0.85091
0.59063
0.7215
0.8084
0.92856
0.44458
0.92212
0.59362
0.96984
0.91586
0.8154
0.81338
0.64783
0.71725
0.85814
0.57357
0.75157
0.63491
0.84994
0.80819
0.3349
0.62519
0.59928
0.82888
0.76723
0.74276
0.65755
0.90934
0.87171
0.34106
0.87431
0.76014
0.65429
0.67218
0.48186
0.80866
0.77088
0.8684
0.59349
0.50563
0.80641
0.548
0.68362
0.71786
0.74955
0.8982
0.52034
0.79423
0.81116
0.76894
0.67712
0.51779
0.46471
0.53294
0.84888
0.84283
0.76449
0.55764
0.72196
0.62103
0.53502
0.8194
0.69098
0.78523
0.75941
0.68836
0.76626
0.66637
0.52722
0.65618
0.77854
0.62763
0.68419
0.76669
0.57304
0.83552
0.74959
0.7468
0.56443
0.72676
0.62873
0.62281
0.69451
0.86838
0.62156
0.64041
0.70594
0.6379
0.72111
0.77338
0.883
1.0709
0.86683
0.73164
0.86773
0.53864
0.61317
0.73912
0.82973
0.77309
0.92438
0.85896
0.85467
0.65629
0.5332
0.73099
0.80253
0.70933
0.89206
0.93126
0.48631
0.76542
0.33958
0.56877
0.58095
0.68955
0.92334
0.93762
0.94934
0.83416
0.65139
0.72909
0.67648
0.69081
0.67459
0.80251
0.81153
0.58102
0.6701
0.66383
0.78197
0.71173
0.45261
0.55135
0.61999
0.76002
0.71
0.70241
0.69295
0.722
0.71992
0.77429
0.53035
0.38626
0.60497
0.72747
0.52978
0.37514
0.68886
0.57224
0.68106
0.79272
0.54833
0.76677
0.72285
0.89615
0.55888
0.94054
0.93659
0.69703
0.89635
0.81075
0.70559
0.80815
0.76603
0.36542
0.75357
0.67591
0.88924
0.57626
0.65469
0.75203
0.82804
0.58647
0.56355
0.59231
0.9523
0.869
0.52165
0.72452
0.46294
0.649
0.7102
0.61274
0.84399
0.70142
0.87257
0.70604
0.91292
0.68535
0.86975
0.8706
0.5843
0.72438
0.77823
0.87773
0.73896
0.88925
0.77391
0.86395
0.76164
0.74098
0.72014
0.94192
0.93065
0.81338
0.42493
0.72827
0.86495
0.87333
0.71588
0.76848
0.59848
0.82966
0.93587
0.86482
0.82622
0.53198
0.69468
0.81199
0.85284
0.66882
0.67612
0.74457
0.82059
0.86031
0.5951
0.44594
0.73964
0.94214
0.53942
0.71276
0.72915
0.75481
0.63871
0.61329
0.77202
0.74889
0.68172
0.37239
0.73084
0.38262
0.63826
0.44904
0.77571
0.62664
0.7741
0.69151
0.88535
0.88909
0.85315
0.85478
0.51577
0.52914
0.78154
0.83038
0.61795
0.61879
0.8878
0.70614
0.83002
0.80252
0.69929
0.75501
0.6359
0.62291
0.58147
0.77882
0.60693
0.78922
0.8659
0.64438
0.48603
0.47622
0.822
0.70609
0.77254
0.88357
0.64506
0.70907
0.7959
0.82506
0.71726
0.71444
0.67379
0.81082
0.7435
0.55038
0.72265
0.75599
0.806
0.77127
0.68718
0.91454
0.76938
0.80315
0.73425
0.78268
0.71041
0.66771
0.61437
0.61192
0.54718
0.95042
0.54561
0.71394
0.81424
0.87149
0.70449
0.59021
0.79815
0.33314
0.67901
0.86558
0.52442
0.57484
0.64195
0.50153
0.87861
0.76191
0.53621
0.75336
0.74603
0.86577
0.78653
0.31361
0.60911
0.79839
0.97576
0.86059
0.73999
0.45019
0.84621
0.90412
0.85057
0.73981
0.89134
0.77452
0.81537
0.59746
0.82933
0.78914
0.64117
0.61262
0.61913
0.77148
0.65933
0.81546
0.66517
0.5474
0.89616
0.71793
0.76168
0.77451
0.77916
0.90511
0.93174
0.54528
0.79896
0.54985
0.81064
0.44355
0.78324
0.81433
0.72474
0.84677
0.76076
0.67601
0.77503
0.85648
0.54899
0.45372
0.77069
0.80884
0.78908
0.5487
0.54268
0.66475
0.832
0.84198
0.75455
0.5948
0.27904
0.84344
0.6387
0.91462
0.81736
0.83769
0.7206
0.50306
0.62393
0.58079
0.66583
0.69853
0.81498
0.71532
0.57458
0.71756
0.80613
0.61826
0.71754
0.50635
0.63739
0.74031
0.59114
0.7042
0.68892
0.68802
0.74985
0.75832
0.83239
0.58151
0.79415
0.78713
0.65239
0.67243
0.60416
0.76799
0.77151
0.55004
0.70814
0.622
0.47309
0.731
0.53832
0.81425
0.77262
0.7782
0.53263
0.71607
0.58935
0.48636
0.83327
0.80871
0.84169
0.96689
0.51432
0.71938
0.66496
0.82057
0.9292
0.52259
0.62063
0.84775
0.85727
0.72791
0.46988
0.49135
0.78473
0.79526
0.8475
0.89466
0.75608
0.65512
0.81164
0.67992
0.6889
0.67819
0.84942
0.7472
0.78856
0.76459
0.6249
0.88769
0.51626
0.62156
0.69428
0.66896
0.8376
0.80184
0.51291
0.88321
0.70997
0.70627
0.6639
0.79596
0.52135
0.38761
0.61996
0.36431
0.94799
0.89413
0.55204
0.45527
0.78688
0.69374
0.62324
0.55823
0.8441
0.59556
0.76551
0.85448
0.95639
0.73071
0.71563
0.87814
0.42018
0.61318
0.87808
0.87185
0.7048
0.73409
0.79829
0.61709
0.8239
0.85519
0.87782
0.64396
0.96665
0.67936
0.5756
0.55669
0.36732
0.65512
0.71463
0.8992
0.78172
0.99472
0.7434
0.53669
0.84131
0.44613
0.74273
0.9671
0.66333
0.9233
0.6987
0.4908
0.67952
0.84303
0.70255
0.6751
0.79443
0.89387
0.78884
0.53795
0.69452
0.62219
0.88973
0.57096
0.84017
0.70237
0.98224
0.98814
0.49146
0.40809
0.84051
0.55435
0.95436
0.77542
0.77086
0.39964
0.71883
0.74741
0.6667
0.6548
0.88336
0.61247
0.7974
0.37941
0.67133
0.65801
0.66418
0.83231
0.77401
0.65823
0.46978
0.75837
0.65139
0.67943
0.72308
0.63052
0.69915
0.82299
0.63455
0.96257
0.74654
0.69489
0.63489
0.9637
0.69547
0.69085
0.88848
0.85653
0.83149
0.64771
0.62361
0.46646
0.71391
0.53939
0.72281
0.73109
0.66069
0.63702
0.65642
0.54804
0.64762
0.61696
0.86799
0.62558
0.52221
0.56591
0.71631
0.66377
0.67491
0.82287
0.62932
0.74693
0.69139
0.64796
0.71556
0.77778
0.5228
0.83031
0.7166
0.49698
0.67442
0.92924
0.73521
0.5669
0.90141
0.93228
0.60962
0.50791
0.77946
0.82455
0.6152
0.53029
0.48784
0.88727
0.5902
0.74929
0.79087
0.77581
0.81575
0.67055
0.7012
0.70615
0.62344
0.5701
0.62091
0.86325
0.56291
0.45276
0.68236
0.83854
0.61521
0.56708
0.6778
0.829
0.68585
0.71448
0.66791
0.88203
0.7767
0.90067
0.96336
0.65035
0.62589
0.64484
0.79399
0.81385
0.65837
0.69168
0.72554
0.97667
0.44768
0.78403
0.43879
0.80561
0.68371
0.68606
0.73205
0.94856
0.75477
0.69177
0.77443
0.89037
0.68257
0.85616
0.89212
0.69939
0.65923
0.47399
0.88754
0.72349
0.77459
0.74496
0.6058
0.65639
0.93084
0.73101
0.80938
0.75915
0.76605
0.70188
0.50695
0.7761
0.56089
0.74251
0.57319
0.83849
0.82347
0.761
0.72613
0.74807
0.63741
0.84338
0.69546
0.61085
0.84329
0.6662
0.69276
0.60922
0.70707
0.63544
0.7673
0.72171
0.81831
0.83445
0.76432
0.66893
0.78778
0.62877
0.97556
0.79578
0.87102
0.8019
0.61339
0.80663
0.58259
0.97009
0.78179
0.76935
0.70914
0.74624
0.76418
0.71984
0.77215
0.85669
0.75337
0.75672
0.72572
0.56271
0.90274
0.63983
0.64504
0.52788
0.58301
0.65605
0.65596
0.75692
0.54815
0.64904
0.63957
0.61021
0.71883
0.64743
0.56103
0.7611
0.572
0.76261
0.78449
0.51935
0.78804
0.63672
0.61898
0.62778
0.51421
0.83721
0.49062
0.63501
0.73877
0.80217
0.63323
0.78044
0.59434
0.55734
0.45853
0.78213
0.61586
0.60891
0.92007
0.65276
0.76209
0.53492
0.82272
0.79235
0.98866
0.84856
0.69933
0.72198
0.90698
0.77854
0.72089
0.81281
0.75792
0.58154
0.79759
0.89424
0.7562
0.76057
0.74636
0.56397
0.67074
0.92232
0.45623
0.70535
0.72162
0.36902
0.75732
0.72441
0.75173
0.7294
0.70236
0.81237
0.47737
0.57335
0.7017
0.53222
0.78718
0.69674
0.59512
0.53466
0.85765
0.47387
0.79292
0.59105
0.5359
0.56607
0.61654
0.42828
0.21041
0.61832
0.6703
0.69057
0.66288
0.60116
0.72398
0.79726
0.70549
0.98721
0.60955
0.61172
0.56669
0.48953
0.8168
0.87754
0.64049
0.62092
0.71557
0.46572
0.59203
0.66966
0.81262
0.55355
0.85706
0.78439
0.88082
0.81304
0.54802
0.72014
0.81645
0.78023
0.91186
0.77869
0.59298
0.92043
0.70233
0.72554
0.73561
0.56713
0.5246
0.5103
0.7907
0.80306
0.79717
0.33916
0.59292
0.7184
0.66278
0.82569
0.60951
0.70777
0.61611
0.61825
0.51154
0.28809
0.76026
0.82565
0.73698
0.87675
0.60675
0.67602
0.47818
0.50631
0.66047
0.70757
0.62527
0.74908
0.71523
0.786
0.73498
0.57689
0.66669
0.76727
0.41771
0.58874
0.4591
0.73888
0.60505
0.59587
0.79063
0.74399
0.64441
0.69562
0.60212
0.75696
0.86498
0.89252
0.96969
0.73036
0.81957
0.79267
0.69007
0.73713
0.60164
0.78992
0.8218
0.83746
0.79755
0.7478
0.84423
0.89416
0.70788
0.80658
0.78297
0.81308
0.78682
0.60569
0.85316
0.91022
0.74445
0.63882
0.66365
0.62645
0.85878
0.79241
0.76683
0.73764
0.69903
0.87979
0.57083
0.84116
0.59092
0.51092
0.79149
0.6291
0.60252
0.73536
0.60559
0.75881
0.77057
0.76111
0.49859
0.82305
0.61484
0.84608
0.58022
0.74372
0.81982
0.73967
0.83972
0.35037
0.5229
0.68659
0.80911
0.71219
0.48284
0.61551
0.67934
0.50124
0.7525
0.79952
0.58317
0.91936
0.71193
0.86072
0.65841
0.97625
0.77522
0.67673
0.85859
0.74346
0.7973
0.68328
0.87464
0.69818
0.71149
0.70408
0.39297
0.7396
0.96458
0.86848
0.66988
0.79231
0.79555
0.65185
0.73442
0.60955
0.56189
0.64376
0.40412
0.5476
0.65809
0.46257
0.4725
0.94403
0.61081
0.71799
0.95106
0.71833
0.50756
0.8132
0.88763
0.82916
0.48822
0.73181
0.53901
0.652
0.9126
0.82477
0.91744
0.68971
0.71539
0.69378
0.69286
0.71719
0.5252
0.79092
0.66015
0.86317
0.74017
0.73348
0.59311
0.71812
0.73473
0.64211
0.8557
0.704
0.73418
0.74279
0.79221
0.78786
0.80331
0.66943
0.83912
0.71387
0.89774
0.79801
0.66379
0.69216
0.52356
0.73874
0.69215
0.88848
0.76002
0.54154
0.75943
0.51154
0.72082
0.43437
0.92054
0.80475
0.70416
0.951
0.7329
0.42025
0.86643
0.68289
0.52193
0.96212
0.88357
0.74183
0.62981
0.71976
0.53029
0.68697
0.96834
0.72323
0.87443
0.88263
0.75136
0.76083
0.96048
0.6642
0.71434
0.66949
0.57683
0.75732
0.85627
0.80578
0.65245
0.65153
0.70878
0.85657
0.81003
0.61859
0.59475
0.72912
0.74291
0.77054
0.74206
0.83324
0.76792
0.68254
0.68902
0.76348
0.87144
0.84758
0.91482
0.66305
0.62015
0.97114
0.57892
0.63332
0.79941
0.837
0.87616
0.82945
0.3145
0.68888
0.68463
0.75964
0.66971
0.61549
0.92422
0.85718
0.62843
0.9175
0.78907
0.7058
0.70923
0.58912
0.54317
0.84307
0.8747
0.71894
0.5994
0.75437
0.63475
0.63493
0.58216
0.70697
0.86187
0.87757
0.7571
0.51029
0.7234
0.783
0.78034
0.6645
0.80708
0.63401
0.45007
0.68841
0.50175
0.33649
0.56182
0.54628
0.63577
0.87635
0.6171
0.90956
0.72027
0.93259
0.65591
0.9715
0.55777
0.59469
0.56166
0.92247
0.74111
0.7044
0.75288
0.87895
0.77719
0.68619
0.5205
0.74432
0.6722
0.76022
0.71901
0.86199
0.61667
0.97741
0.77089
0.7384
0.64087
0.39404
0.78666
0.57594
0.7787
0.81803
0.81119
0.80357
0.79835
0.69771
0.54609
0.62788
0.71955
0.63943
0.75305
0.84583
0.85628
0.87888
0.97995
0.74419
0.71479
0.89576
0.58888
0.84796
0.71378
0.31499
0.47567
0.98158
0.81231
0.84526
0.75754
0.93868
0.73461
0.75465
0.76558
0.74759
0.67151
0.53331
0.76632
0.62732
0.72592
0.48918
0.67104
0.8017
0.88349
0.49575
0.77629
0.65713
0.77572
0.47038
0.71194
0.76556
0.7016
0.5164
0.83464
0.83581
0.68942
0.85182
0.59074
0.53538
0.54093
0.54289
0.7196
0.82291
0.45048
0.64557
0.63381
0.82441
0.72616
0.49025
0.85405
0.61244
0.6703
0.4979
0.89695
0.73386
0.65103
0.59397
0.8355
0.48388
0.79789
0.70302
0.71116
0.62328
0.70437
0.90503
0.84457
0.38749
0.84704
0.60607
0.62759
0.73879
0.78414
0.81938
0.41041
0.62066
0.80008
0.76355
0.71684
0.71506
0.84248
0.84223
0.61693
0.84691
0.70805
0.77179
0.81315
0.91324
0.84035
0.88224
0.76117
0.90104
0.79679
0.77087
0.83132
0.53266
0.71041
0.61835
0.77456
0.813
0.9122
0.79553
0.66205
0.76074
0.61351
0.63364
0.77221
0.45387
0.74693
0.75198
0.89609
0.60517
0.65723
0.75762
0.80796
0.73796
0.59788
0.71091
0.81933
0.73251
0.60136
0.89241
0.66089
0.65857
0.68467
0.57059
0.76631
0.7793
0.45434
0.89658
0.71435
0.90972
0.63733
0.79919
0.87198
0.8615
0.68926
0.7653
0.83381
0.67283
0.53868
0.64718
0.5753
0.94809
0.67516
0.85726
0.86391
0.5714
0.65498
0.38473
0.81219
0.73357
0.90134
0.52108
0.74693
0.64313
0.68554
0.70555
0.46116
0.85429
0.60433
0.80404
0.77935
0.86582
0.90092
0.59282
0.59874
0.75368
0.83588
0.96385
0.55227
0.74623
0.73487
0.75382
0.7573
0.71627
0.72009
0.80941
0.85291
0.70632
0.92601
0.65989
0.46485
0.75489
0.76568
0.65372
0.81125
0.7177
0.71946
0.68489
0.76593
0.77519
0.94
0.55931
0.84838
0.86693
0.89922
0.69215
0.77035
0.73048
0.86199
0.7825
0.78207
0.59994
0.80425
0.6144
0.97744
0.75131
0.80852
0.80067
0.54432
0.35292
0.68437
0.79365
0.80821
0.65593
0.43018
0.72803
0.92805
0.50122
0.80002
0.52826
0.79898
0.81271
0.71615
0.74348
0.62963
0.76769
0.86463
0.55959
0.87228
0.86246
0.7574
0.82468
0.57186
0.65529
0.99351
0.57354
0.75861
0.76202
0.74228
0.67149
0.85224
0.72524
0.71724
0.81699
0.53846
0.80618
0.60301
0.48212
0.7928
0.74753
0.68502
0.5869
0.64159
0.59652
0.87626
0.61829
0.75128
0.56303
0.66842
0.68422
0.47217
0.67337
0.56012
0.86001
0.67842
0.77133
0.48556
0.73653
0.7994
0.57965
0.86124
0.75918
0.74772
0.73254
0.74686
0.77001
0.68525
0.74561
0.77639
0.45838
0.78394
0.65116
0.75301
0.76688
0.74812
0.76656
0.73821
0.63334
0.65874
0.72297
0.7036
0.81009
0.78478
0.87695
0.46415
0.49745
0.6272
0.3781
0.84603
0.69744
0.83094
0.7082
0.58882
0.64509
0.76311
0.61021
0.81953
0.91047
0.64029
0.68396
0.70096
0.60767
0.5227
0.61873
0.20311
0.76704
0.52842
0.71769
0.6822
0.62807
0.65404
0.74154
0.78255
0.81509
0.70211
0.52412
0.51104
0.91459
0.75862
0.7401
0.79804
0.6578
0.72352
0.70061
0.50402
0.74824
0.72062
0.83824
0.81245
0.83843
0.91261
0.93202
0.56091
0.7467
0.86048
0.74303
0.79477
0.63212
0.60473
0.48932
0.61444
0.61675
0.52896
0.96479
0.66867
0.95755
0.69424
0.33081
0.64544
0.56932
0.59178
0.83725
0.67536
0.76652
0.65299
0.68601
0.71681
0.73357
0.91546
0.87853
0.76395
0.80495
0.73607
0.71405
0.63818
0.70873
0.80013
0.59135
0.53867
0.86282
0.50388
0.46137
0.88231
0.71248
0.6928
0.75829
0.69881
0.73655
0.56591
0.7507
0.56192
0.61558
0.75795
0.72043
0.91276
0.67331
0.77006
0.97805
0.7103
0.7897
0.40251
0.47741
0.72815
0.5796
0.6868
0.60805
0.52126
0.54726
0.73732
0.85067
0.41003
0.44264
0.78861
0.88222
0.89797
0.6076
0.99489
0.73225
0.73544
0.72484
0.76886
0.62746
0.6483
0.69376
0.80856
0.52625
0.80673
0.85615
0.54945
0.66485
0.85873
0.92953
0.75049
0.74568
0.68009
0.79837
0.841
0.52378
0.67722
0.59645
0.75532
0.86289
0.63116
0.81834
0.84649
0.82589
0.63739
0.68977
0.7196
0.82071
0.65447
0.78603
0.75251
0.6004
0.77755
0.76201
0.3824
0.56418
0.49612
0.65613
0.89786
0.91556
0.89087
0.75852
0.64233
0.82573
0.92664
0.71214
0.56826
0.73582
0.61945
0.65608
0.63277
0.40759
0.64852
0.77103
0.72788
0.80345
0.83411
0.74958
0.71047
0.77908
0.86894
0.67888
0.72643
0.68445
0.83679
0.55061
0.71017
0.48639
0.57019
0.50845
0.69494
0.77499
0.49489
0.59224
0.72029
0.6145
0.44495
0.85107
0.80384
0.75191
0.68866
0.88118
0.95263
0.81169
0.55251
0.73727
0.74082
0.80533
0.68539
0.71486
0.86188
0.83457
0.52202
0.9472
0.78354
0.79265
0.67328
0.67595
0.81569
0.49965
0.76683
0.47498
0.78079
0.38842
0.58928
0.76626
0.87531
0.63919
0.76597
0.73958
0.80083
0.32978
0.83183
0.4665
0.65488
0.57175
0.81383
0.82658
0.62957
0.55562
0.60951
0.84118
0.66372
0.85242
0.8198
0.7172
0.64784
0.83139
0.65188
0.61616
0.72652
0.72052
0.88422
0.65993
0.66551
0.9343
0.60711
0.50763
0.687
0.76405
0.76316
0.69472
0.7418
0.52126
0.64908
0.76556
0.64529
0.60469
0.73687
0.82603
0.65765
0.88909
0.95365
0.59891
0.68021
0.83002
0.71611
0.83561
0.49179
0.71377
0.54502
0.54662
0.94873
0.92793
0.9473
0.68412
0.63463
0.57903
0.7745
0.57744
0.55768
0.7813
0.76632
0.57695
0.59234
0.74966
0.80602
0.68423
0.70056
0.52707
0.73547
0.78385
0.75071
0.76656
0.81858
0.39813
0.65755
0.68779
0.49984
0.8341
0.38685
0.50346
0.88587
0.7208
0.8824
0.80833
0.59906
0.59367
0.66371
0.82942
0.93931
0.78302
0.82298
0.89408
0.6122
0.86299
0.7285
0.92026
0.78299
0.70873
0.7581
0.53602
0.83776
0.74319
0.63207
0.86967
0.56808
0.76549
0.62753
0.60915
0.6966
0.60827
0.79987
0.88906
0.85794
0.92875
0.96225
0.4709
0.58535
0.5636
0.49851
0.60535
0.77529
0.80838
0.73163
0.76012
0.62977
0.7863
0.80353
0.82018
0.63705
0.65566
0.84276
0.59399
0.83449
0.51138
0.64653
0.77981
0.62977
0.59838
0.81736
0.87631
0.81411
0.75062
0.92869
0.55568
0.52187
0.57623
0.6153
0.95981
0.69576
0.7751
0.63538
0.53627
0.36466
0.67186
0.70485
0.66429
0.87191
0.85679
0.73543
0.72966
0.635
0.51798
0.76246
0.68861
0.85285
0.79706
0.60327
0.48967
0.72803
0.66688
0.63497
0.78552
0.76816
0.90329
0.87749
0.69852
0.73131
0.83991
0.53833
0.89132
0.8438
0.80611
0.73089
0.79693
0.74318
0.89898
0.74324
0.72068
0.66365
0.61098
0.87405
0.63227
0.85623
0.83135
0.79863
0.69923
0.82271
0.46034
0.80544
0.59397
0.77458
0.70721
0.6326
0.94865
0.36776
0.7343
0.74171
0.74733
0.81501
0.5788
0.82762
0.69195
0.59928
0.60976
0.53237
0.89858
0.49663
0.77557
0.84725
0.62588
0.6537
0.77798
0.77486
0.55216
0.5876
0.62263
0.81592
0.81116
1.0236
0.77733
0.8706
0.51235
0.85474
0.6918
0.70411
0.69185
0.76895
0.7085
0.75695
0.44322
0.89395
0.6741
0.63749
0.64087
0.56954
0.7703
0.79488
0.72346
0.67049
0.59583
0.72649
0.73101
0.9441
0.61851
0.8958
0.81002
0.41899
0.63181
0.86828
0.50639
0.68016
0.80698
0.6046
0.77325
0.79546
0.41018
0.78328
0.64707
0.72462
0.92801
0.66666
0.6919
0.81799
0.62036
0.78068
0.858
0.71662
0.70445
0.4975
0.85946
0.74363
0.75902
0.80704
0.9434
0.53339
0.68355
0.62876
0.54043
0.75917
0.65406
0.67384
0.75988
0.9436
0.85751
0.68031
0.70356
0.87024
0.84739
0.78767
0.49365
0.76633
0.77087
0.44211
0.36706
0.42437
0.69579
0.66294
0.73604
0.68219
0.8929
0.84087
0.71478
0.53082
0.832
0.59497
0.73474
0.70934
0.83893
0.62215
0.84125
0.70528
0.74266
0.99385
0.65614
0.81875
0.7618
0.90491
0.76362
0.69001
0.82962
0.51788
0.70438
0.70522
0.94135
0.80591
0.68106
0.8525
0.66409
0.78253
0.691
0.5899
0.69045
0.71059
0.74629
0.56302
0.64413
0.67594
0.51843
1.0002
0.83522
0.47036
0.7599
0.87047
0.55118
0.58726
0.79926
0.711
0.85375
0.75071
0.58705
0.82594
0.65825
0.5683
0.94342
0.55229
0.68088
0.54383
0.74936
0.50084
0.85786
0.82027
0.80248
0.92127
0.7247
0.79781
0.6276
0.63843
0.61477
0.67209
0.61265
0.36662
0.72152
0.65118
0.63902
0.80138
0.67115
0.75691
0.69848
0.75612
0.65622
1.0635
0.63619
0.7385
0.81885
0.81368
0.64136
0.6617
0.70645
0.93823
0.78617
0.69053
0.5284
0.69326
0.90126
0.79698
0.67356
0.56897
0.9091
0.64622
0.76207
0.49618
1.0618
0.51327
0.70966
0.7653
0.70181
0.63208
0.68459
0.8451
0.45542
0.8452
0.81499
0.8906
0.81342
0.7999
0.59707
0.84664
0.49026
0.79521
0.84751
0.62732
0.65303
0.59558
0.59327
0.66135
0.3689
0.5985
0.71037
0.89721
0.67017
0.6657
0.36774
0.54094
0.54674
0.78862
0.57618
0.66929
0.91376
0.67788
0.84998
0.76046
0.86095
0.73859
0.52418
0.8245
0.37356
0.60416
0.66788
0.76975
0.79957
0.76367
0.89191
0.73418
0.7676
0.7469
0.68328
0.78093
0.64331
0.65442
0.61075
0.66586
0.96596
0.92758
0.7681
0.67389
0.73801
0.51661
0.49123
0.91614
0.59415
0.72461
0.74807
0.55172
0.69402
0.70748
0.55725
0.67353
0.88241
0.8017
0.70103
0.3988
0.75766
0.75227
0.52495
0.61515
0.69514
0.89502
0.58309
0.6293
0.72934
0.77214
0.99982
0.73777
0.88865
0.66593
0.79165
0.87794
0.79616
0.64944
0.83359
0.81296
0.26863
0.72136
0.80487
0.96161
0.70478
0.7603
0.66525
0.70234
0.76119
0.81324
0.81355
0.67075
0.81579
0.55908
0.8805
0.68513
0.74417
0.81452
0.75403
0.4203
0.83744
0.63217
0.6264
0.73711
0.68598
0.76733
0.36121
0.41023
0.73136
0.47132
0.61024
0.80412
0.88604
0.70859
0.7119
0.8265
0.88409
0.70141
0.96836
0.61054
0.67932
0.63085
0.80481
0.83951
0.68595
0.76113
0.82284
0.6785
0.52337
0.82221
0.7874
0.61208
0.69482
0.72403
0.67759
0.72732
0.7981
0.35403
0.74467
0.75171
0.78647
0.64869
0.69646
0.70621
0.79502
0.80769
0.71071
0.95544
0.84775
0.58511
0.47793
0.54678
0.47271
0.69807
0.76852
0.8139
0.50474
0.85852
0.45286
0.7477
0.65533
0.72928
0.84941
0.8422
0.9045
0.92628
0.59078
0.72663
0.56933
0.73965
0.6152
0.45929
0.54953
0.46923
0.65302
0.64862
0.78148
0.63851
0.84107
0.76667
0.89246
0.36273
0.71758
0.76723
0.71935
0.77557
0.6791
0.7989
0.68075
0.82055
0.70574
0.8416
0.70986
0.69848
0.79338
0.48915
0.77823
0.53959
0.62116
0.76473
0.64118
0.76338
0.66146
0.62935
0.41422
0.74526
0.70719
0.8901
0.81908
0.68896
0.57065
0.78806
0.86422
0.49455
0.67133
0.66484
0.68725
0.75052
0.72132
0.84198
0.56369
0.68369
0.57907
0.7674
0.80646
0.54413
0.56802
0.57749
0.87957
0.82156
0.8768
0.83037
0.72271
0.81285
0.82088
0.72485
0.76211
0.86078
0.77766
0.71692
0.66835
0.76591
0.617
0.58307
0.85399
0.84873
0.82858
0.69666
0.72411
0.70658
0.8069
0.83759
0.58889
0.65055
0.58258
0.82265
0.84539
0.34574
0.56846
0.45296
0.65302
0.59432
0.81933
0.48995
0.64258
0.64782
0.70129
0.67554
0.63416
0.68484
0.5318
0.70973
0.61865
0.68781
0.3015
0.7409
0.82208
0.39372
0.49574
0.63049
0.77607
0.77974
0.49829
0.85668
0.82428
0.96363
0.56692
0.72431
0.51985
0.84765
0.59604
0.91609
0.84598
0.81683
0.75076
0.89173
0.59443
0.86278
0.75988
0.65555
0.6621
0.93064
0.56303
0.74158
0.76348
0.59254
0.87001
0.88185
0.60295
0.63768
0.59033
0.99101
0.66912
0.48889
0.80549
0.69031
0.89791
0.58768
0.69465
0.63325
0.80758
0.67016
0.63518
0.75238
0.78867
0.52653
0.46248
0.69477
0.65271
0.5931
0.27093
0.82019
0.9289
0.69582
0.81415
0.80185
0.64001
0.80134
0.72678
0.72756
0.6547
0.80838
0.762
0.66742
0.87229
0.92168
0.86779
0.54401
0.88216
0.5826
0.59632
0.74136
0.56536
0.50907
0.78271
0.4978
0.59814
0.86435
0.78717
0.71748
0.93074
0.60958
0.7785
0.78398
0.78647
0.57155
0.52885
0.71167
0.68992
0.74101
0.5466
0.73971
0.68321
0.83514
0.74987
0.80844
0.77076
0.75636
0.62434
0.5586
0.64298
0.64182
0.97315
0.64301
0.6098
0.72388
0.74244
0.51898
0.82722
0.72041
0.72627
0.7945
0.76944
0.40098
0.77067
0.70423
0.76678
0.60479
0.58166
0.76708
0.91955
0.72693
0.68604
0.83985
0.59705
0.55355
0.45003
0.72998
0.77753
0.42049
0.68404
0.5381
0.60265
0.53935
0.79969
0.6441
0.60892
0.66677
0.96062
0.60921
0.61347
0.98859
0.64941
0.80461
0.71422
0.86251
0.62999
0.92126
0.93915
0.45396
0.97702
0.84283
0.8433
0.69251
0.74755
0.83311
0.47828
0.8792
0.78197
0.80801
0.77573
0.73707
0.63525
0.83958
0.63454
0.74383
0.64378
0.60607
0.81924
0.73778
0.78092
0.96258
0.66267
0.55647
0.64645
0.81127
0.47914
0.6449
0.85347
0.67916
0.91302
0.71182
0.56124
0.62577
0.54533
0.57303
0.86375
0.76909
0.85437
0.64713
0.6283
0.86648
0.84723
0.72516
0.66363
0.61624
0.86321
0.70957
0.62035
0.58624
0.76372
0.46641
0.68915
0.7555
0.71828
0.58173
0.57816
0.72742
0.93205
0.60225
0.75076
0.6674
0.60623
0.86355
0.83452
0.62926
0.8866
0.76104
0.76457
0.92045
0.8158
0.75902
0.91943
0.95023
0.60352
0.60226
0.57687
0.58025
0.74787
0.90458
0.72011
0.62568
0.73878
0.83506
0.8183
0.69568
0.7432
0.79764
0.80384
0.82962
0.85296
0.85621
0.65321
0.65362
0.79165
0.60855
0.57057
0.42024
0.69017
0.8964
0.57352
0.66241
0.72127
0.50686
0.79969
0.86959
0.86729
0.69547
0.68902
0.62524
0.71412
0.785
0.71156
0.72069
0.44109
0.64738
0.38648
0.89625
0.60217
0.46865
0.77264
0.70236
0.60185
0.80681
0.65909
0.62131
0.77854
0.62079
0.52816
0.61493
0.82813
0.48116
0.77261
0.67456
0.83861
0.59821
0.91174
0.69623
0.42823
0.97714
0.51957
0.75727
0.54571
0.56695
0.76777
0.84886
0.63998
0.87164
0.60807
0.60708
0.70639
0.75064
0.55629
0.71978
0.86325
0.65321
0.46489
0.72698
0.73349
0.80429
0.55366
0.75589
0.48801
0.73534
0.7707
0.76002
0.65718
0.7763
0.48527
0.84502
0.42389
0.78777
0.79308
0.81624
0.82381
0.86663
0.67247
0.67151
0.82653
0.75493
0.70587
0.83071
0.73757
0.82629
0.65663
0.85672
0.68862
0.71524
0.46685
0.68994
0.76501
0.55478
0.62194
0.89063
0.46194
0.53697
0.67975
0.61591
0.76816
0.83167
0.62667
0.5646
0.71581
0.75731
0.74875
0.58317
0.83677
0.69429
0.77549
0.69772
0.89687
0.67221
0.92571
0.86677
0.67156
0.79925
0.5757
0.84231
0.88508
0.75042
0.76952
0.86132
0.65139
0.61688
0.65139
0.67033
0.84423
0.85707
0.56906
0.67181
0.85804
0.71253
0.6997
0.62949
0.78678
0.93655
0.82123
0.8054
0.6224
0.72008
0.69948
0.82316
0.64761
0.57599
0.68799
0.66345
0.7324
0.98355
0.54481
0.74236
0.64094
0.38963
0.83691
0.92679
0.73036
0.61168
0.73073
0.73965
0.48083
0.65447
0.72299
0.73499
0.86734
0.82769
0.65063
0.36244
0.80341
0.5997
0.55788
0.87837
0.94964
0.66548
0.76639
0.77866
0.87902
0.43133
0.76946
0.66947
0.49659
0.64639
0.50726
0.66369
0.95381
0.51756
0.63592
0.36288
0.68043
0.40681
0.63533
0.64835
0.61618
0.79076
0.82134
0.82416
0.67229
0.74578
0.66516
0.77113
0.60264
0.85615
0.87052
0.73227
0.79061
0.67242
0.70574
0.65328
0.96938
0.83698
0.8429
0.96694
0.86853
0.85855
0.69055
0.65354
0.55044
0.94007
0.61747
0.77965
0.6726
0.7468
0.51068
0.65118
0.90679
0.79763
0.80143
0.53833
0.92634
0.62955
0.76468
0.88479
0.77611
0.67574
0.80394
0.67766
0.81113
0.75053
0.5682
0.39222
0.64977
0.75226
0.73564
0.83474
0.58371
0.71575
0.73274
0.75988
0.58871
0.62238
0.70367
0.61111
0.68461
0.70709
0.84289
0.74594
0.69926
0.85704
0.81611
0.70791
0.71565
0.58782
0.74487
0.79296
0.42532
0.60217
0.77984
0.85515
0.51791
0.64705
0.80537
0.71791
0.81203
0.72108
0.70064
0.78039
0.78619
0.72918
0.91848
0.56903
0.66151
0.64568
0.67206
0.72624
0.51164
0.93446
0.8462
0.40314
0.85228
0.79758
0.84244
0.68635
0.67579
0.58218
0.79949
0.44907
0.62613
0.91234
0.7859
0.60233
0.7188
0.70126
0.38919
0.66887
0.66168
0.73647
0.60768
0.54546
0.82029
0.62054
0.68715
0.64185
0.66443
0.7647
0.95417
0.77466
0.69959
0.56576
0.84614
0.50587
0.5651
0.78868
0.68365
0.93051
0.75491
0.82595
0.56142
0.69979
0.85647
0.97691
0.88988
0.79377
0.82795
0.87755
0.73563
0.85662
0.62807
0.73555
0.69027
0.61549
0.59956
0.72862
0.67952
0.67525
0.80561
0.83831
0.3826
0.49979
0.7841
0.70671
0.53255
0.7456
0.7917
0.78463
0.71297
0.68028
0.77197
0.62333
0.82784
0.79784
0.62844
0.68625
0.74098
0.81602
0.42233
0.69743
0.72721
0.42527
0.69276
0.84741
0.96966
0.78723
0.71975
0.60631
0.61707
0.62715
0.82198
0.80554
0.71218
0.70398
0.42705
0.67976
0.64974
0.69165
0.81547
0.82989
0.84084
0.89125
0.64205
0.42161
0.73336
0.61361
0.56912
0.716
0.95318
0.68084
0.90895
0.73301
0.72711
0.79681
0.96035
0.72191
0.674
0.2981
0.95831
0.77695
0.62851
0.87579
0.87776
0.74572
0.73203
0.75524
0.63617
0.72488
0.4647
0.44377
0.84208
0.74731
0.77888
0.6781
0.85001
0.81711
0.72843
0.68858
0.9544
0.63318
0.77869
0.86714
0.59549
0.61591
0.79287
0.813
0.56364
0.71638
0.83218
0.76215
0.85849
0.72187
0.87979
0.89789
0.491
0.72061
0.88987
0.78751
0.7461
0.66172
0.4842
0.69567
0.63696
0.72659
0.60228
0.70468
0.88598
0.74262
0.69475
0.69913
0.85435
0.75646
0.803
0.76817
0.5224
0.52275
0.76703
0.61189
0.55473
0.80133
0.64291
0.57683
0.66305
0.62167
0.29652
0.56433
0.75784
0.55294
0.74582
0.92206
0.48815
0.78871
0.49909
0.72503
0.7821
0.78204
0.73433
0.42878
0.64563
0.57839
0.60084
0.74426
0.74032
0.46893
0.53901
0.53437
0.86515
0.63839
0.89626
0.94224
0.64323
0.91398
0.68128
0.65892
0.84848
0.81591
0.65023
0.81212
0.90161
0.57063
0.75394
0.79853
0.76314
0.67506
0.8795
0.80333
0.81887
0.6643
0.86815
0.6041
0.81986
0.71721
0.7382
0.64177
0.85515
0.74059
0.87336
0.68222
0.70564
0.57657
0.60932
0.90829
0.87157
0.5005
0.45851
0.62343
0.77723
0.6772
0.56779
0.59087
0.64839
0.80318
0.71372
0.63306
0.83127
0.8521
0.67888
0.77942
0.68256
0.71499
0.7693
0.79594
0.48524
0.79851
0.67617
0.43479
0.80538
0.74558
0.57802
0.54451
0.70553
0.81451
0.56693
0.58302
0.61234
0.63065
0.86134
0.66889
0.87055
0.6394
0.77022
0.84728
0.69369
0.56328
0.97585
0.79547
0.79123
0.87599
0.74935
0.90756
0.71961
0.85938
0.52147
1.0078
0.93598
0.80232
0.86474
0.68807
0.71552
0.91398
0.71274
0.9159
0.75683
0.90674
0.57152
0.63953
0.45741
0.55164
0.74605
0.73153
0.78108
0.81155
0.67928
0.83421
0.50221
0.47048
0.68716
0.58537
0.92624
0.66597
0.76918
0.7655
0.68311
0.39847
0.67094
0.59747
0.47388
0.72705
0.60953
0.71151
0.64743
0.61269
0.60981
0.78118
0.88016
0.5646
0.79035
0.39559
0.64314
0.52759
0.60287
0.86275
0.38542
0.69144
0.59134
0.86013
0.6651
0.55813
0.68091
0.65148
0.59961
0.56605
0.94763
1.0096
0.72533
0.75559
0.43055
0.70611
0.61717
0.92658
0.35162
0.68083
0.56301
0.77415
0.81139
0.61295
0.72092
0.6678
0.62106
0.6535
0.66327
0.89512
0.64035
0.78862
0.78813
0.78138
0.46724
0.74557
0.45265
0.79344
0.59312
0.78543
0.53529
0.77446
0.81101
0.64681
0.81157
0.74448
0.46108
0.89475
0.75071
0.61786
0.39038
0.77001
0.75867
0.62356
0.88722
0.76358
0.94466
0.78225
0.75488
0.6202
0.33488
0.37586
0.68383
0.9111
0.93689
0.65502
0.45515
0.82482
0.79702
0.76381
0.71693
0.77163
0.82139
0.74245
0.67509
0.59036
0.86623
0.76957
0.66719
0.71989
0.88218
0.65656
0.66559
0.71323
0.81064
0.61785
0.60349
0.69139
0.85091
0.75142
0.90053
0.8288
0.72921
0.82163
0.73086
0.57134
0.50544
0.69602
0.50059
0.82329
0.96993
0.51189
0.77072
0.83966
0.72158
0.85869
0.62402
0.72149
0.74032
0.56475
0.73873
0.7208
0.80415
0.71365
0.96285
0.57372
0.70192
0.84198
0.72123
0.5112
0.80601
0.64327
0.73879
0.71527
0.65407
0.68749
0.93127
0.559
0.5794
0.70872
0.7121
0.73666
0.80225
0.73112
0.41297
0.98982
0.60258
0.49821
0.74447
0.74614
0.73476
0.80001
0.52143
0.76318
0.75211
0.74706
0.57998
0.74405
0.7059
0.82409
0.87115
0.99438
0.82226
0.6716
0.85799
0.86048
0.888
0.77406
0.72012
0.99396
0.54882
0.76942
0.65613
0.66078
0.71504
0.59587
0.71497
0.68804
0.46436
0.64905
0.86696
0.55152
0.89313
0.48308
0.73264
0.57501
0.68061
0.88284
0.89471
0.69185
0.73935
0.8583
0.55322
0.34868
0.50255
0.69428
0.68496
0.75112
0.83493
0.87344
0.75352
0.90054
0.77466
0.63658
0.68499
1.0185
0.59749
0.88162
0.69467
0.43431
0.83224
0.39518
0.57827
0.71376
0.78348
0.75723
0.73739
0.70147
0.96564
0.60689
0.80928
0.56438
0.8376
0.45031
0.60307
0.77379
0.57381
0.88075
0.76014
0.68108
0.71177
0.81547
0.90716
0.92507
0.62641
0.69402
0.64157
0.71096
0.79865
0.74076
0.65052
0.50723
0.45981
0.52638
0.70632
0.70742
0.47318
0.76218
0.66155
0.76714
0.6535
0.72184
0.98011
0.84192
0.54868
0.80097
0.7365
0.63285
0.56354
0.61215
0.48769
0.79509
0.59508
0.75386
0.40194
1.0644
0.82697
0.7059
0.64811
0.79981
0.78707
0.57864
0.68484
0.90557
0.82316
0.82635
0.79324
0.75306
0.908
0.66638
0.7501
0.85581
0.54692
0.54815
0.68274
0.7628
0.61707
0.89358
0.63116
0.83915
0.58708
0.59806
0.89127
0.65175
0.46552
0.71986
0.75211
1.0266
0.65788
0.77791
0.67047
0.35656
0.75493
0.506
0.53472
0.98327
0.79734
0.83971
0.57521
0.91279
0.73138
0.89382
0.39335
0.68316
0.772
0.80485
0.44149
0.63077
0.74917
0.57394
0.45036
0.75264
0.63734
0.77419
0.86286
0.78375
0.51152
0.86395
0.91288
0.77225
0.84608
0.62633
0.68685
0.85301
0.91839
0.60934
0.80441
0.80551
0.69506
0.54317
0.76311
0.63779
0.73924
0.85308
0.50913
0.65196
0.83654
0.70757
0.65656
0.65958
0.72639
0.66717
0.79272
0.77072
0.9793
0.5513
0.70268
0.96716
0.85558
0.71662
0.86142
0.60492
0.70319
0.63512
0.90692
0.93688
0.83849
0.82263
0.57415
0.48744
0.71855
0.79807
0.78
0.81445
0.76133
0.55036
0.81957
0.77211
0.86489
0.86322
0.73448
0.50559
0.76693
0.66312
0.89976
0.71284
0.464
0.80967
0.63224
0.85204
0.66856
0.77697
0.58548
0.76076
0.74587
0.61559
0.68662
0.68866
0.52214
0.80787
0.73726
0.61688
0.70225
0.42513
0.72483
0.68044
0.63313
0.66577
0.76823
0.67636
0.37493
0.94116
0.79715
0.88816
0.64916
0.66569
0.91558
0.79071
0.7359
0.73804
0.88993
0.61962
0.53725
0.72986
0.41965
0.87055
0.55099
0.70087
0.42213
0.98588
0.73709
0.83086
0.89093
0.78397
0.58367
0.5087
0.60074
0.63221
0.40451
0.59669
0.73848
0.74371
0.57957
0.74266
0.82546
0.56299
0.7448
0.7533
0.868
0.83658
0.68186
0.84619
0.61983
0.75034
0.61234
0.85607
0.71283
0.64469
0.76073
0.36587
0.47394
0.68557
0.49417
0.4931
0.7089
0.81969
0.75938
0.62733
0.68452
0.8498
0.74451
0.76002
0.76891
0.84476
0.79523
0.51249
0.63936
0.78745
0.78016
0.66882
0.67643
0.76987
0.7226
0.76723
0.78518
0.67164
0.60879
0.78873
0.60626
0.74293
0.66075
0.72071
0.53538
0.79846
0.71374
0.7469
0.65717
0.91599
0.57172
0.61744
0.59633
0.84941
0.82172
0.52302
0.81189
0.48012
0.90797
0.77042
0.53106
0.89101
0.73411
0.77653
0.49528
0.59412
0.64429
0.69859
0.70685
0.85736
0.77139
0.89326
0.82293
0.68508
0.67433
0.9664
0.44709
0.67719
0.56148
0.84994
0.59349
0.84504
0.76681
0.55176
0.50607
0.43233
0.46513
0.48617
0.63005
0.71847
0.75456
0.61945
0.72905
0.63411
0.57419
0.80182
0.87571
0.89044
0.90489
0.51755
0.56366
0.83967
0.79458
0.76519
0.54793
0.89295
0.64994
0.67607
0.71765
0.86808
0.50875
0.66386
0.70426
0.7789
0.52441
0.76236
0.5847
0.57773
0.87324
0.71443
0.57328
0.64405
0.80936
0.74358
0.70713
0.62802
0.73645
0.71862
0.85941
0.7508
0.76026
0.89059
0.69352
0.67616
0.67856
0.69173
0.91134
0.84377
0.62605
0.78709
0.84698
0.7902
0.81101
0.49189
0.65478
0.86657
0.82311
0.5516
0.71108
0.36244
0.58951
0.58258
0.66955
0.6548
0.75066
0.84842
0.68881
0.83414
0.79228
0.55409
0.59736
0.87492
0.56867
0.88947
0.92906
0.82186
0.67699
0.82682
0.97781
0.49211
0.7254
0.43877
0.82988
0.79138
0.80655
0.96409
0.49063
0.67899
0.51428
0.80315
0.82414
0.79714
0.78426
0.85435
0.63091
0.77558
0.68476
0.74552
0.66972
0.79388
0.59611
0.75366
0.6444
0.62803
0.62337
0.70189
0.78802
0.68307
0.49679
0.72027
0.71615
0.72245
0.78004
0.82079
0.67177
0.57364
0.53657
0.75007
0.66526
0.59401
0.74968
0.75326
0.91457
0.84727
0.83853
0.53136
0.87256
0.80875
0.83204
0.84425
0.82019
0.80676
0.66486
0.66988
0.52239
0.46713
0.46267
0.65007
0.71184
0.94543
0.66982
0.83243
0.73359
0.49018
0.73076
0.61376
0.60653
0.71469
0.37014
0.48887
0.57111
0.62234
0.74862
0.64264
0.62304
0.68859
0.63855
0.45354
0.7601
0.80601
0.82318
0.78361
0.77825
0.74351
0.5232
0.59816
0.64057
0.64868
0.67259
0.72476
0.6472
0.72941
0.45948
0.79995
0.65194
0.84684
0.73239
0.689
0.89134
0.79137
0.4022
0.90039
0.56911
0.53888
0.31655
0.77427
0.89988
0.72672
0.91681
0.57304
0.56093
0.65095
0.97973
0.56759
0.65662
0.46728
0.67435
0.79389
0.93662
0.73049
0.71359
0.79839
0.9397
0.54878
0.66324
0.76522
0.25171
0.62861
0.54899
0.85326
0.63818
0.70008
0.62556
0.68128
0.51553
0.57651
0.70342
0.68628
0.76051
0.77778
0.57773
0.5445
0.59849
0.78052
0.83439
0.45326
0.75974
0.63665
0.76855
0.5531
0.83054
0.84121
0.66435
0.94197
0.73954
0.71263
0.66248
0.70641
0.92111
0.45815
0.82116
0.92154
0.54066
0.74338
0.92475
0.64932
0.57657
0.78742
0.70467
0.7842
0.48596
0.82351
0.80213
0.59269
0.86393
0.54938
0.67701
0.79669
0.63018
0.64823
0.791
0.46234
0.73727
0.68747
0.81541
0.31518
0.43432
0.75039
0.6706
0.60102
0.88245
0.74309
0.85632
0.88648
0.98101
0.61311
0.56257
0.7371
0.943
0.79287
0.61575
0.63988
0.64087
0.75724
0.72694
0.76927
0.50966
0.65136
0.52407
0.74147
0.59034
0.68053
0.56191
0.54368
0.65538
0.75981
0.47451
0.62199
0.59976
0.63278
0.76408
0.62435
0.60713
0.87107
0.66213
0.74054
0.5134
0.4388
0.8472
0.75928
0.58246
0.60822
0.64656
0.81597
0.74053
0.97795
0.76149
0.87463
0.82234
0.87169
0.73286
0.90596
0.75871
0.50595
0.74794
0.6944
0.65649
0.79913
0.66912
0.6874
0.77752
0.70081
0.68723
0.93134
0.55905
0.76844
0.73236
0.81847
0.82843
0.62913
0.80754
0.8656
0.71747
0.59418
0.74662
0.82655
0.95546
0.64134
0.83145
0.77956
0.65388
0.88223
0.77877
0.96765
0.77333
0.76922
0.84805
0.74329
0.65616
0.79342
0.73388
0.74611
0.59287
0.78192
0.70448
0.52701
0.74266
0.42309
0.34384
0.82966
0.81162
0.74617
0.56424
0.6571
0.84302
0.74728
0.80391
0.755
0.87878
0.83756
0.89179
0.71238
0.83653
0.60483
0.59388
0.61863
0.83869
0.70347
0.68747
0.77711
0.72876
0.68494
0.59889
0.97473
0.8558
0.71147
0.64558
0.94991
0.57768
0.94799
0.76437
0.94221
0.66299
0.60288
0.44984
0.57038
0.67531
0.47216
0.62624
0.78144
0.8111
0.59341
0.90358
0.83584
0.79041
0.89082
0.79523
0.47022
0.71404
0.82061
0.54926
0.70259
0.82255
0.8106
0.80294
0.71807
0.68318
0.49761
0.66178
0.7825
0.84929
0.87451
0.60493
0.69976
0.94635
0.77905
0.72377
0.70813
0.43265
0.49676
0.81413
0.79187
0.40313
0.81774
0.78627
0.62708
0.75389
0.48899
0.86073
0.40167
0.57727
0.87762
0.68067
0.72313
0.85238
0.7364
0.63582
0.741
0.81781
0.72633
0.86037
0.50433
0.74382
0.74693
0.71554
0.85365
0.60555
0.74507
0.84561
0.63845
0.60854
0.73142
0.70544
0.78464
0.68927
0.81056
0.78324
0.73011
0.74488
0.6484
0.42399
0.92311
0.90208
0.85186
0.59918
0.60459
0.47832
0.7063
0.55678
0.73518
0.61941
0.79966
0.79017
0.82395
0.89122
0.81914
0.83016
0.82656
0.75837
0.56188
0.52278
0.88864
0.95261
0.56607
0.60033
0.72311
0.62881
0.68437
0.57002
0.90021
0.57296
0.7273
0.72403
0.56145
0.44786
0.59194
0.87193
0.53673
0.85911
0.58322
0.72368
0.61258
0.65479
0.63491
0.61877
0.52849
0.78785
0.6063
0.55372
0.62258
0.78804
0.4204
0.7526
0.86794
0.83141
0.62203
0.68494
0.83536
0.78729
0.79131
0.61907
0.69161
0.88987
0.97223
0.6532
0.76506
0.47027
0.80347
0.54865
0.69114
0.62687
0.44574
0.76721
0.92222
0.70821
0.67119
0.65218
0.85219
0.6364
0.7626
0.51963
0.83683
0.75125
0.66349
0.8488
0.63762
0.75171
0.70695
0.7439
0.59083
0.79734
0.76713
0.79578
0.57636
0.45087
0.75319
0.55981
0.54289
0.72369
0.74931
0.65183
0.87246
0.51001
0.84096
0.86558
0.6664
0.9868
0.66766
0.53932
0.66869
0.57693
0.6235
0.69529
0.8374
0.52765
0.87294
0.92384
0.6852
0.90014
0.54076
0.88517
0.87594
0.62084
0.7125
0.74536
0.87419
0.87109
0.68524
0.75128
0.66188
0.43115
0.9441
0.59388
0.61976
0.78413
0.80026
0.66352
0.81627
0.9224
0.81477
0.39926
0.7604
0.632
0.68383
0.61401
0.51469
0.74598
0.6011
0.7932
0.77726
0.52225
0.67905
0.6679
0.87263
0.63274
0.64804
0.69855
0.75909
0.55886
0.80841
0.6282
0.95447
0.53946
0.75702
0.71426
0.77794
0.26731
0.69912
0.90945
0.64409
0.63593
0.55509
0.34401
0.78655
0.84353
0.7198
0.7347
0.65354
0.81443
0.7288
0.59688
0.73266
0.89192
0.79419
0.75763
0.73568
0.78946
0.61427
0.69641
0.64602
0.81493
0.82012
0.86898
0.71489
0.85149
0.7683
0.74109
0.65476
0.7542
0.79288
0.6184
0.70849
0.7158
0.92642
0.68998
0.76069
0.32175
0.64954
0.74358
0.7556
0.64971
0.71644
0.74926
0.6686
0.66358
0.87144
0.55204
0.81614
0.72465
0.83206
0.89921
0.87453
0.8598
0.75408
0.68058
0.53682
0.53841
0.40848
0.76705
0.32844
0.77544
0.45606
0.60147
0.42296
0.95834
0.73174
0.75418
0.83248
0.44726
0.75607
0.58598
0.70904
0.51178
0.89215
0.88869
0.8086
0.59397
0.62784
0.9031
0.79455
0.79734
0.76065
0.68979
0.80581
0.6322
0.51168
0.84534
0.80975
0.87264
0.60411
0.74095
0.74435
0.60772
1.1233
0.70539
0.61782
0.86421
0.61028
0.59554
0.77566
0.85225
0.69409
0.81768
0.70842
0.71154
0.79214
0.88429
0.52873
0.7393
0.46386
0.80352
0.85918
0.63862
0.67612
0.57684
0.52133
0.47699
0.67928
0.82327
0.85884
0.60364
0.76353
0.84519
0.50146
0.66896
0.78854
0.63164
0.71634
0.78645
0.71425
0.6329
0.52722
0.58825
0.68423
0.75976
0.68833
0.69825
0.28559
0.67729
0.68674
0.55887
0.97019
0.66741
0.82937
0.50598
0.70791
0.65194
0.64766
0.69256
0.50893
0.84982
0.724
0.92367
0.9397
0.48968
0.71435
0.88183
0.73427
0.51006
0.48438
0.69704
0.98176
0.65655
0.82361
0.45009
0.86358
0.64119
0.63989
0.74809
0.6879
0.93107
0.49646
0.67983
0.772
0.73489
0.76989
0.84477
0.50105
0.93692
0.78391
0.42086
0.26392
0.79838
0.62715
0.96827
0.68701
0.78865
0.60063
0.72791
0.60087
0.80453
0.71797
0.57953
0.67128
0.6179
0.83298
0.66241
0.6095
0.73224
0.8532
0.75561
0.68607
1.0031
0.68566
0.60951
0.5472
0.69348
0.81672
0.68358
0.50741
0.87504
0.7308
0.75759
0.68029
0.85943
0.79638
0.80894
0.65058
0.71302
0.59485
0.73178
0.56228
0.63516
0.83322
0.50861
0.67918
0.85417
0.54622
0.80822
0.82628
0.57134
0.63822
0.70598
0.82891
0.64943
0.68573
0.76988
0.81637
0.52314
0.78814
0.79182
0.92017
0.58691
0.61938
0.65299
0.60047
0.81899
0.65759
0.55057
0.78762
0.74968
0.84435
0.74215
0.56482
0.79167
0.73346
0.90197
0.51482
0.60266
0.81354
0.79858
0.53063
0.74973
0.86235
0.72355
0.79786
0.94962
0.80668
0.86263
0.61884
0.76798
0.68719
0.85868
0.76198
0.89287
0.55147
0.65786
0.65895
0.71867
0.84916
0.85287
0.57247
0.96856
0.57777
0.66643
0.82343
0.52413
0.70269
0.80601
0.56793
0.69684
0.62566
0.81169
0.32851
0.85478
0.77193
0.54231
0.88189
0.80583
0.78703
0.7072
0.59881
0.87488
0.66734
0.63442
0.80416
0.87042
0.60922
0.53573
0.60486
0.73108
0.67636
0.82984
0.73147
0.8463
0.71487
0.82198
0.40112
0.60118
0.74263
0.92305
0.61109
0.65672
0.39973
0.63935
0.82426
0.75179
0.72502
0.94418
0.52436
0.62538
0.54084
0.90914
0.75648
0.60989
0.66703
0.79311
0.8576
0.67887
0.78011
0.66923
0.52919
0.66332
0.73137
0.73871
0.64025
0.71234
0.63112
0.60781
0.74642
0.51532
0.61526
0.98533
0.60767
0.8226
0.80061
0.7181
0.94272
0.96563
0.7019
0.73309
0.88035
0.58481
0.76005
0.80865
0.5487
0.66892
0.70401
0.73946
0.74477
0.6577
0.6467
0.76944
0.89485
0.76681
0.77357
0.81633
0.85849
0.63681
0.68325
0.48412
0.46937
0.71086
0.65115
0.8377
0.79347
0.83318
0.79198
0.5248
0.57747
0.69521
0.80434
0.64758
0.55673
0.77971
0.8624
0.47962
0.4054
0.30075
0.41401
0.63894
0.62089
0.78321
0.45009
0.69985
0.52149
0.90935
0.63053
0.88354
0.66528
0.72358
0.20609
0.51613
0.61686
0.83246
0.74846
0.83541
0.69604
0.44416
0.5998
0.89748
0.7111
0.53294
0.77241
0.5566
0.72911
1.0347
0.69005
0.68234
0.86526
0.59956
0.82033
0.80064
0.67368
0.90044
0.54733
0.73556
0.72363
0.79239
0.57426
0.91109
0.75127
0.7522
0.77276
0.50849
0.72398
0.51936
0.70731
0.68599
0.47322
0.5516
0.71271
0.75055
0.75185
0.50235
0.76903
0.84612
0.7785
0.64295
0.74589
0.68313
0.808
0.70365
0.78715
0.56602
0.75138
0.74114
0.77795
0.6882
0.62126
0.62986
0.71457
0.91384
0.7501
0.87998
0.82653
0.71966
0.71462
0.63837
0.92722
0.55309
0.29466
1.0212
0.72068
0.84045
0.65705
0.5533
0.85411
0.64793
0.59715
0.72529
0.65644
0.645
0.6521
0.84536
0.82182
0.72325
0.7973
0.54294
0.66327
0.39689
0.63959
0.74431
0.62885
0.80753
0.68207
0.64481
0.58945
0.75489
0.54956
0.69718
0.76182
0.7848
0.68908
0.72576
0.68996
0.73482
0.84811
0.70802
0.6896
0.75333
0.86885
0.63969
0.78727
0.89065
0.64247
0.54285
0.66739
0.69225
0.40618
0.7654
0.84867
0.76109
0.73311
0.70823
0.73233
0.67937
0.81287
0.76793
0.68727
0.94398
0.69982
0.86561
0.57349
0.37976
0.81511
0.53854
0.69194
0.74392
0.56223
0.58106
0.73478
0.77443
0.5715
0.76957
0.6878
0.35822
0.73378
0.55937
0.76591
0.75941
0.73681
0.7164
0.71915
0.50359
0.59291
0.67304
0.66549
0.86949
0.46564
0.71976
0.77968
0.83925
0.72657
0.54727
0.76562
0.67251
0.43419
0.61471
0.78091
0.72051
0.71001
0.92524
0.6344
0.45493
0.88092
0.90929
0.54017
0.86861
0.89663
0.67488
0.68745
0.66376
0.72817
0.8685
0.58475
0.65208
0.8477
0.65765
0.53514
0.79697
0.64971
0.80007
0.87182
0.61594
0.35858
0.65632
0.77799
0.8367
0.8663
0.67257
0.86784
0.56333
0.80257
0.69252
0.69828
0.47478
0.85407
0.65535
0.89191
0.92682
0.64317
0.78417
0.61514
0.54873
0.48032
0.82787
0.78731
0.5383
0.57585
0.51885
0.45634
0.86296
0.82169
0.47847
0.6989
0.55739
0.76709
0.74827
0.72005
0.91211
0.68164
0.57213
0.75202
0.90088
0.6574
0.86241
0.74106
0.84388
0.54809
0.88456
0.7741
0.61643
0.51025
0.95621
0.59881
0.93158
0.80735
0.73036
0.65095
0.82841
0.72645
0.78843
0.76646
0.81635
0.87096
0.83168
0.76086
0.57986
0.69993
0.58998
0.97275
0.80186
0.80666
0.79532
0.73026
0.71741
0.63189
0.58508
0.75026
0.90535
0.57162
0.84798
0.58071
0.5129
0.82287
0.4471
0.83326
0.518
0.8158
0.54545
0.74536
0.62238
0.67466
0.88897
0.68604
0.7014
0.86799
0.83774
0.54148
0.80579
0.4986
0.87988
0.57344
0.72273
0.82346
0.84136
0.80793
0.65891
0.77268
0.57671
0.61784
0.65669
0.73792
0.71121
0.6893
0.89964
0.70576
0.65406
0.72937
0.57679
0.76128
0.50087
0.58543
0.83615
0.82554
0.83973
0.82375
0.75204
0.74903
0.84708
0.49002
0.70337
0.82157
0.83985
0.64844
0.76093
0.8701
0.63788
0.475
0.65231
0.68576
0.731
0.47294
0.76003
0.77961
0.79253
0.44683
0.93718
0.73884
0.60656
0.81452
0.84727
0.63177
0.56679
0.80482
0.85383
0.69065
0.78604
0.71221
0.92001
0.62773
0.55383
0.64324
0.68874
0.95936
0.53543
0.71805
0.56686
0.7924
0.50028
0.77487
0.62887
0.63727
0.53131
0.71964
0.86895
0.65131
0.75014
0.72285
0.76503
0.85192
0.88217
0.86352
0.75914
0.65229
0.75062
0.74571
0.62469
1.0193
0.83554
0.9092
0.74009
0.57196
0.82445
0.67646
0.82139
0.86007
0.77744
0.92002
0.79309
0.74312
0.48213
0.59577
0.64105
0.65688
0.67849
0.67231
0.40581
0.67451
0.92452
0.81332
0.67445
0.53632
0.60974
0.74291
0.7224
0.8246
0.48501
0.73569
0.47815
0.64356
0.66172
0.80803
0.89789
0.35351
0.30893
0.61389
0.71081
0.75395
0.66636
0.79331
0.65191
0.8593
0.78215
0.64968
0.74957
0.87937
0.77044
0.77993
0.88898
0.69176
0.68239
0.77317
0.79736
0.89298
0.69322
0.76337
0.42619
0.72087
0.65936
0.76425
0.71202
0.79304
0.66608
0.69024
0.74874
0.71222
0.84896
0.74387
0.49763
0.64173
0.76703
0.698
0.8484
0.86759
0.76911
0.66921
0.73489
0.82756
0.29141
0.70463
0.7762
0.28436
0.79886
0.79051
0.87119
0.8737
0.56511
0.88079
0.902
0.86732
0.91502
0.59728
0.81257
0.76856
0.79748
0.78809
0.25298
0.57704
0.56057
0.78877
0.76044
0.51932
0.74197
0.6355
0.70548
0.82555
0.85429
0.65984
0.61507
0.46283
0.769
0.70854
0.66639
0.68847
0.69023
0.88585
0.53045
0.86391
0.75827
0.52857
0.6038
0.8751
0.61506
0.69747
0.67531
0.6651
0.81812
0.66313
0.78858
0.81239
0.80168
0.86642
0.82321
0.93325
0.64647
0.47532
0.70139
0.80053
0.67108
0.78079
0.68693
0.66912
0.68858
0.62065
0.80119
0.64285
0.62056
0.81796
0.71392
0.80083
0.88519
0.71442
0.7898
0.74996
0.63987
0.72065
0.86046
0.75869
1.0753
0.59064
0.70219
0.71103
0.66522
0.65892
1.0234
0.45199
0.95915
0.64222
1.0115
0.69118
0.65834
0.76659
0.88085
0.76659
0.96594
0.69218
0.7221
0.61066
0.72393
0.53615
0.82436
0.86034
0.66011
0.64651
0.83952
0.78835
0.84562
0.82334
0.35001
0.80071
0.81268
0.54451
0.81489
0.67587
0.6288
0.68295
0.65009
0.52279
0.71444
0.48158
0.835
0.43592
0.58286
0.69685
0.75561
0.72883
0.49834
0.57412
0.93243
0.73616
0.58037
0.8629
0.75612
0.60645
0.59382
0.6732
0.71049
0.87604
0.68588
0.54706
0.82467
0.85009
0.64194
0.73319
0.61157
0.58475
0.95373
0.59197
0.75945
0.71234
0.93521
0.72177
0.89676
0.90013
0.93562
0.66452
0.82522
0.41293
0.78567
0.41162
0.65363
0.68575
0.59175
0.81735
0.86759
0.65653
0.71516
0.74247
0.5718
0.88659
0.98946
0.86145
0.65658
0.94192
0.76067
0.81371
0.84096
0.85942
0.60755
0.57956
0.76523
0.65042
0.71449
0.58576
0.89562
0.70385
0.95057
0.75254
0.64282
0.55246
0.71456
0.23467
0.66495
0.7
0.8103
0.5864
1.0536
0.84996
0.65036
0.73199
0.82472
0.8148
0.82354
0.81112
0.56297
0.84101
0.43351
0.87922
0.62292
0.76833
0.65561
1.027
0.70858
0.60397
0.46264
0.65191
0.53587
0.59077
0.8642
0.78208
0.80464
0.62408
0.94537
0.74862
0.4981
0.71849
0.82161
0.5955
0.64879
0.69518
0.84239
0.95417
0.71788
0.69893
0.89064
0.76053
0.61473
0.65834
0.94453
0.84454
0.77616
0.92025
0.72987
0.77722
0.61694
0.78222
0.84825
0.78877
0.62789
0.83914
0.71543
0.93935
0.67379
0.67371
0.71852
0.5632
0.47945
0.30122
0.83376
0.50869
0.64324
0.68415
0.66332
0.72573
0.67788
0.64242
0.73365
0.53654
0.79405
0.77994
0.59639
0.82932
0.63905
0.73172
0.64627
0.77881
0.61416
0.84392
0.92308
0.81037
0.89351
0.74365
0.8195
0.70126
0.81406
0.6038
0.54998
0.50806
0.81858
0.73087
0.39572
0.79576
0.64482
0.76616
0.69552
0.80834
0.64834
0.78097
0.8257
0.82596
0.91225
0.46953
0.70107
0.79275
0.62781
0.76555
0.76187
0.88585
0.60299
0.71409
0.61032
0.83956
0.76646
0.93965
0.59658
0.52024
0.89829
0.67982
0.4964
0.82514
0.6916
0.84412
0.58105
0.84698
0.70053
0.49445
0.74719
0.86664
0.59675
0.82294
0.755
0.63789
0.71876
0.85183
0.63945
0.80614
0.78271
0.5746
0.89089
0.61131
0.68507
0.70062
0.66949
0.65212
0.76293
0.76145
0.66651
0.9217
0.83251
0.81812
0.8375
0.5653
0.688
0.69809
0.64448
0.69275
0.72747
0.74425
0.53151
0.95276
0.70443
0.81
0.75875
0.74733
0.71361
0.87254
0.62701
0.71584
0.94306
0.75801
0.56032
0.68849
0.95545
0.81381
0.76693
0.79144
0.58871
0.71439
0.75196
0.69259
0.70784
0.5643
0.91268
0.8601
0.58476
0.66506
0.663
0.83256
0.68707
0.61587
0.60036
0.77517
0.5833
0.70526
0.65543
0.87686
0.75494
0.6657
0.77686
0.73919
0.74674
0.60441
0.61647
0.61769
0.71785
0.6766
0.61819
0.71016
0.58432
0.69214
0.74542
0.76696
0.71998
0.82829
0.67901
0.6801
0.82097
0.96998
0.70942
0.82157
0.81363
0.93747
0.66312
0.68025
0.59751
0.84116
0.7895
0.70714
0.70497
0.72086
0.81979
0.76808
0.71601
0.77543
0.74473
0.52242
0.88229
0.81251
0.89027
0.84288
0.74789
0.50441
0.45393
0.47342
0.73173
0.587
0.62484
0.7446
0.82045
0.82242
0.7828
0.66163
0.78803
0.70504
0.77881
0.59278
0.76883
0.83655
0.55543
0.62279
0.76516
0.66357
0.84729
0.74035
0.62439
0.60158
0.82917
0.76894
0.85216
0.83223
0.87803
0.81055
0.60172
0.68267
0.8011
0.80171
0.83027
0.71847
0.90801
0.3307
0.62349
0.76558
0.79221
0.65851
0.69814
0.84594
0.71025
0.72765
0.64104
0.51924
0.69185
0.85973
0.68437
0.69062
0.91202
0.72797
0.62232
0.51484
0.86777
0.86407
0.74151
0.64267
0.28359
0.49797
0.53586
1.0351
0.82207
0.52746
0.80767
0.83929
0.67915
0.67371
0.61821
0.80191
0.62777
0.56892
0.88063
0.59415
0.67807
0.7175
0.6218
0.73079
0.92371
0.73458
0.71682
0.72497
0.92917
1.0468
0.56133
0.67943
0.83209
0.67733
0.81603
0.76798
0.79035
0.71323
0.71081
0.6918
0.73202
0.71419
0.73445
0.72047
0.83595
0.79884
0.48788
0.61823
0.87972
0.47934
0.44622
0.83876
0.59995
0.79152
0.63299
0.52135
0.85671
0.62566
0.6064
0.55697
0.52226
0.70482
0.53748
0.72456
0.80027
0.61888
0.89562
0.68063
0.62687
0.66539
0.78463
0.58782
0.55087
0.54936
0.70983
0.94269
0.88414
0.82912
0.8835
0.76413
0.814
0.67645
0.61337
0.5411
0.90713
0.83006
0.91026
0.54501
0.54165
0.87372
0.64189
0.75816
0.66667
0.75454
0.72981
0.87171
0.6721
0.52888
0.53896
0.77012
0.94884
0.63875
0.86749
0.43405
0.686
0.52136
0.83302
0.66451
0.89746
0.74617
0.80076
0.69467
0.73535
0.88237
0.61253
0.70953
0.72763
0.68491
0.87515
0.87894
0.78797
0.78325
0.4996
0.5803
0.6011
0.61383
0.67208
0.61877
0.96194
0.4717
0.94933
0.88561
0.87946
0.54363
0.64642
0.5167
0.75182
0.79773
0.7531
0.67259
0.76881
0.82782
0.70526
0.45599
0.70465
0.68975
0.70943
0.627
0.84498
0.78297
0.80431
0.72055
0.49661
0.54587
0.75397
0.75913
0.57101
0.54963
0.67249
0.62856
0.50134
0.50668
0.687
0.73254
0.63034
0.78042
0.40509
0.81079
0.90661
0.73337
0.5856
0.41497
0.75219
0.84473
0.61842
0.78636
0.67229
0.55661
0.85939
0.4901
0.68864
0.61509
0.62407
0.61917
0.42468
0.78876
0.68987
0.49172
0.61862
0.50107
0.66082
0.65622
0.81543
0.67308
0.71175
0.79638
0.58193
0.79863
0.77569
0.63366
0.75322
0.80746
0.48506
0.73323
0.69807
0.58894
0.55809
0.28833
0.87704
0.78208
0.67319
0.87638
0.8537
0.693
0.7403
0.59702
0.5172
0.75457
0.70759
0.65317
0.93261
0.82194
0.80643
0.82193
0.742
0.48278
0.77429
0.73127
0.74218
0.63691
0.69314
0.68688
0.49217
0.67448
0.77976
0.9224
0.79769
0.55245
0.68754
0.74714
0.55345
0.74002
0.81728
0.67559
0.8329
0.80942
0.7211
0.44416
0.56565
0.55731
0.66157
0.54288
0.59155
0.71421
0.78379
0.59548
0.85185
0.64216
0.64052
0.40959
0.74522
0.71342
0.83043
0.60022
0.60165
0.79644
0.87363
0.97314
0.60492
0.27361
0.4851
0.61389
0.76457
0.7358
0.64051
0.59429
0.86217
0.76341
0.66082
0.67569
0.80069
0.57157
0.84814
0.80734
0.68736
0.86617
0.84792
0.75602
0.67493
0.86969
0.74695
0.80052
0.79473
0.79146
0.67399
0.70004
0.63088
0.96499
0.54061
0.84209
0.73865
0.71724
0.75143
0.4719
0.76024
0.95771
0.64753
0.65607
0.82397
0.66703
0.90983
0.59645
0.71439
0.56993
0.94028
0.67186
0.67534
0.84045
0.63639
0.56025
0.62589
0.5764
0.55289
0.75185
0.45051
0.78707
0.75521
0.58407
0.64361
0.63051
0.66191
0.74232
0.93602
0.78885
0.82873
0.88785
0.83225
0.86992
0.81918
0.82519
0.54698
0.58858
0.87727
0.62213
0.81036
0.79311
0.68644
1.0598
0.67987
0.83252
0.46128
0.50876
0.58412
0.64743
0.85354
0.60726
0.67389
0.72101
0.5725
0.86979
0.87466
0.71035
0.64159
0.557
0.77616
0.68765
0.69475
0.84421
0.32452
0.64631
0.60345
0.73822
0.8767
0.67042
0.64019
0.46109
0.80433
0.81632
0.77241
0.87294
0.7959
0.82957
0.52104
0.63078
0.56629
0.83201
0.75231
0.6365
0.58582
0.70012
0.6536
0.67272
0.76842
0.64235
0.75444
0.85919
0.63496
0.86295
0.73932
0.82892
0.8127
0.80019
0.67227
0.71469
0.499
0.54319
0.54243
0.5033
0.60339
0.74767
0.47647
0.8658
0.59758
0.8054
0.95402
0.73245
0.76964
0.66606
0.56409
0.90963
0.70691
0.83054
0.81004
0.48115
0.67571
0.75127
0.78806
0.64092
0.54368
0.99105
0.61094
0.83057
0.80631
0.5321
0.89151
0.6611
0.65603
0.71384
0.47084
0.59063
0.66914
0.68631
0.53555
0.76693
0.53473
0.94524
0.93026
0.42621
0.65919
0.77802
0.74564
0.60234
0.55716
0.79808
0.67097
0.78404
0.90771
0.66698
0.84668
0.82836
0.64836
0.44626
0.53991
0.50105
0.84976
0.82817
0.80475
0.75089
0.64259
0.72576
0.75321
0.71043
0.66086
0.73882
0.41974
0.78861
0.81163
0.85453
0.80166
0.57659
0.8876
0.56456
0.67677
0.54955
0.74847
0.90214
0.76363
0.54525
0.69927
0.59465
0.50235
0.6242
0.78295
0.62624
0.76194
0.79758
0.64341
0.6842
0.73482
0.59259
0.76338
0.44059
0.65705
0.61484
0.87842
0.88981
0.7792
0.62368
0.67238
0.67337
0.55127
0.58182
0.77235
0.89757
0.61616
0.89642
0.7669
0.72704
0.80867
0.6468
0.90394
0.78928
0.66381
0.45427
0.79427
0.51334
0.4836
0.83826
0.75546
0.64271
0.51421
0.74955
0.58574
0.77063
0.81192
0.77192
0.7308
0.2989
0.64543
0.98416
0.86922
0.67762
0.84717
0.88926
0.58586
0.65367
0.44388
0.70239
0.62968
0.82731
0.93575
0.62168
0.91359
0.73257
0.75775
0.81767
0.89084
0.79249
0.65411
0.73776
0.6005
0.54259
0.86747
0.75807
0.68412
0.82473
0.82303
0.61174
0.73312
0.6239
0.65363
0.57699
0.8243
0.74748
0.84507
0.57614
0.8684
0.75063
0.92781
0.95422
0.72341
0.8283
0.25753
0.62958
0.36105
0.54144
0.67848
0.834
0.70164
0.82718
0.68771
0.76062
0.70883
0.80048
0.79042
0.76318
0.78808
0.67492
0.68722
0.62827
0.41079
0.73413
0.50171
0.76681
0.51973
0.57489
0.53188
0.68579
0.76202
0.52707
0.82234
0.75145
0.80086
0.86237
0.58527
0.78933
0.56176
0.70204
0.49719
0.66279
0.39686
0.90567
0.53667
0.30824
0.77223
0.70564
0.83326
0.76227
0.87188
0.8392
0.59634
0.73586
0.51252
0.47531
0.60234
0.73401
0.84912
0.75721
0.71657
0.72893
0.67305
0.79072
0.81099
0.76097
0.86314
0.63193
0.79086
0.91231
0.85808
0.45605
0.7733
0.79416
0.71991
0.83405
0.78791
0.80748
0.7042
0.87695
0.82721
0.691
0.77669
0.73541
0.81635
0.7893
0.70052
0.61541
0.85666
0.73833
0.77746
0.71593
0.61479
0.78713
0.74929
0.48425
0.74493
0.72313
0.88359
0.55488
0.95425
0.76861
0.70406
0.70793
0.83775
0.6546
0.77919
0.88501
0.82055
0.64217
0.6503
0.88831
0.7944
0.86712
0.41236
0.74001
0.4978
0.89118
0.72672
0.702
0.762
0.60087
0.84583
0.82635
0.78928
0.82896
0.7606
0.81743
0.53813
0.57086
0.63571
0.89674
0.65711
0.62469
0.78893
0.85555
0.62386
0.79827
0.58144
0.56539
0.91507
0.74204
0.71245
0.84289
0.94972
0.5545
0.5861
0.82858
0.78119
0.83296
0.57482
0.66636
0.77683
0.7888
0.77992
1.0027
0.4328
0.80867
0.66197
0.47688
0.52655
0.67895
0.91768
0.67355
0.81257
0.67934
0.74423
0.50198
0.76085
0.65595
0.69763
0.69257
0.83343
0.92923
0.80833
0.77657
0.67271
0.64306
0.67173
0.59122
0.72987
0.58448
0.6962
0.77714
0.74797
0.78324
0.80016
0.66467
0.65406
0.69406
0.78951
0.82943
0.53219
0.71047
0.673
0.78891
0.75273
0.84409
0.84896
0.58919
0.87185
0.64027
0.77776
0.66287
0.67357
0.37022
0.55645
0.66419
0.89421
0.83121
0.84853
0.87275
0.78213
0.62513
0.72841
0.78999
0.64778
0.9952
0.7999
0.79032
0.79206
0.76565
0.91256
0.60989
0.68896
0.57763
0.57209
0.68105
0.81788
0.79123
0.42245
0.77663
0.56861
0.82122
0.75673
0.73878
0.82815
0.55431
0.86412
0.69871
0.73936
0.90546
0.75421
0.6328
0.72539
0.73495
0.85353
0.63535
0.42152
0.7501
0.79393
0.48958
0.865
0.57083
0.37069
0.59166
1.0329
0.70569
0.87011
0.66499
0.7269
0.81652
0.83712
0.65702
0.53699
0.71356
0.832
0.76314
0.82805
0.75048
0.88514
0.67438
0.70532
0.56175
0.75919
0.39284
0.77109
0.76184
0.95252
0.87719
0.69983
0.63934
0.83413
0.71896
0.80063
0.68895
0.55378
0.50324
0.93073
0.77208
0.71482
0.84009
0.36637
0.88112
0.64666
0.66293
0.66326
0.67556
0.72113
0.4134
0.63821
0.84269
0.84544
0.47938
0.46934
0.62154
0.63506
0.64168
0.8486
0.74034
0.45649
0.61572
0.79849
0.76727
0.62212
0.70421
0.63
0.68414
0.66837
0.54051
0.68948
0.62641
0.72019
0.73084
0.69863
0.66743
0.71529
0.4078
0.74793
0.64322
0.844
0.45975
0.6029
0.30999
0.80211
0.94769
0.39159
0.80581
0.6337
0.48688
0.66535
0.3217
0.67939
0.56554
0.55649
0.70954
0.75624
0.70867
0.74285
0.80302
0.58995
0.63509
0.95655
0.54008
0.74684
0.82327
0.7636
0.93218
0.66897
0.7062
0.76778
0.75494
0.72005
0.79891
0.55567
0.5548
0.52413
0.91411
0.65027
0.93471
0.47787
0.53929
0.55193
0.80259
0.89823
0.75723
0.41012
0.7502
0.70375
0.66801
0.83614
0.59408
0.80954
0.60319
0.68632
0.5204
0.89959
0.60569
0.87514
0.78072
0.60947
0.6698
0.89075
0.81414
0.85844
0.63019
0.67813
0.75808
0.69504
0.76293
0.76807
0.83893
0.69988
0.92143
0.50162
0.5384
0.49778
0.50704
0.74696
0.70089
0.92535
0.73748
0.42793
0.67322
0.81281
0.66679
0.69739
0.62931
0.77768
0.55564
0.71518
0.95473
0.69381
0.81462
0.84687
0.78588
0.34832
0.71288
0.88583
0.56475
0.99003
0.88533
0.83476
0.80998
0.65008
0.54558
0.75587
0.5806
0.69235
0.80718
0.49589
0.8707
0.76539
0.71945
0.65904
0.67106
0.73216
0.83285
0.79252
0.79314
0.9158
0.57445
0.80521
0.71683
0.53104
0.61072
0.66224
0.78213
0.86299
0.81686
0.96113
0.75628
0.79848
0.57445
0.73139
0.78946
0.92289
0.59237
0.69411
0.59966
0.82451
0.82299
0.70343
0.72162
0.38325
0.66541
0.82749
0.68674
0.74725
0.49598
0.627
0.74536
0.96236
0.57134
0.52214
0.70161
0.58463
0.53984
0.70526
0.72012
0.86543
0.55145
0.63585
0.64608
0.72468
0.8502
0.77238
0.75569
0.56225
0.62116
0.66535
0.78338
0.80396
0.68604
0.73082
0.70132
0.66898
0.78091
0.36849
0.91734
0.71288
0.47079
0.8952
0.75174
0.72362
0.70596
0.72552
0.80964
0.62169
0.59279
0.66015
0.52795
0.89368
0.70127
0.7818
0.57273
0.84327
0.39829
0.72464
0.87378
0.4647
0.65838
0.56054
0.74835
0.74401
0.74596
0.85021
0.66483
0.94932
0.69174
0.71736
0.6989
0.68396
0.68933
0.43223
0.85168
0.68532
0.65266
0.77345
0.84424
0.67651
0.9143
0.65885
0.77038
0.79634
0.71147
0.84439
0.72332
0.65635
0.79895
0.90156
0.53719
0.42871
0.66439
0.80852
0.65795
0.90233
0.65566
0.86765
0.84943
0.61717
0.93972
0.70603
0.77898
0.60036
0.44353
0.50404
0.69753
0.74594
0.87442
0.83993
0.60878
0.74328
0.58512
0.48371
0.67057
0.65683
0.79915
0.65775
0.89491
0.94673
0.88382
0.75838
0.87596
0.46161
0.69901
0.74685
0.61266
0.81848
0.72256
0.81661
0.33
0.67401
0.75279
0.32462
0.85105
0.58816
0.76391
0.80753
0.63657
0.50517
0.8832
0.52877
0.44361
0.64281
0.62787
0.74915
0.68629
0.76851
0.76384
0.36526
0.85537
0.66952
0.84672
0.67811
0.56873
0.96846
0.63263
0.71076
0.51909
0.59133
0.78764
0.77933
0.56253
0.71171
0.63033
0.68096
0.96106
0.42361
0.75794
0.57531
0.73189
0.57463
0.90612
0.70204
0.81171
0.66924
0.75488
0.70269
0.80581
0.76433
0.72055
0.89157
0.68451
0.73952
0.81537
0.71049
0.60448
0.60449
0.43465
1.0247
0.7189
0.86108
0.62647
0.70794
0.5404
0.75286
0.77081
0.81554
0.8509
0.58528
0.85722
0.81682
0.9264
0.70384
0.89841
0.76881
0.4554
0.45926
0.80324
0.65953
0.71683
0.69579
0.60027
0.8072
0.63404
0.79526
0.8469
0.61932
0.75306
0.69606
0.81407
0.79871
0.64584
0.84896
0.67922
0.63308
0.84779
0.92984
0.74037
0.77839
0.77358
0.56486
0.55894
0.76563
0.89854
0.91218
0.7054
0.92858
0.86017
0.71227
0.88875
0.28629
0.71365
0.73429
0.69666
0.76849
0.62718
0.60889
0.77838
0.4804
0.92108
0.23543
0.85111
0.76301
0.75117
0.54258
0.67106
0.93259
0.94128
0.45161
0.65132
0.75793
0.81155
0.51538
0.60951
0.90709
0.61735
0.79931
0.78985
0.65153
0.78715
0.76695
0.77279
0.55562
0.69639
0.81266
0.90692
0.91402
0.82509
0.67245
0.80984
0.85917
0.60157
0.97074
0.50051
0.70741
0.86425
0.63795
0.57859
0.73915
0.59598
0.73656
0.60141
0.48152
0.52256
0.78593
0.60971
0.73512
0.77918
0.88545
0.89819
0.31401
0.64365
0.80861
0.86913
0.66552
0.73937
0.7164
0.50052
0.67313
0.72264
0.58284
0.59141
0.8187
0.53417
0.74291
0.75442
0.78475
0.62616
0.76917
0.67427
0.74104
0.85501
0.49348
0.96656
0.83571
0.88713
0.71091
0.91664
0.68203
0.54203
0.80848
0.66952
0.70746
0.68073
0.53929
0.87438
0.85664
0.96572
0.44924
0.76889
0.58381
0.78752
0.83099
0.87171
0.74207
0.48671
0.78711
0.82607
0.80151
0.80484
0.477
0.64751
0.7624
0.62095
0.54445
0.92619
0.68808
0.66998
0.75711
0.74772
0.95026
0.68757
0.77259
0.71905
0.89387
0.49076
0.57588
0.51709
0.79719
0.79342
0.76873
0.71172
0.72119
0.76427
0.73002
0.76805
0.74119
0.52511
0.70744
0.66145
0.82281
0.69947
0.77476
0.77823
0.90331
0.71078
0.42217
0.54101
0.74848
0.69691
0.6363
0.39301
0.60739
0.8886
0.77536
0.80683
0.75717
0.84319
0.7498
0.7003
0.57294
0.62664
0.73799
0.57005
0.69719
0.74793
0.85878
0.74471
0.66589
0.70947
0.67655
0.83574
0.69098
0.78715
0.81931
0.51265
0.43505
0.93491
0.73054
0.91933
0.48599
0.86002
0.84834
0.69558
0.64094
0.90909
0.72138
0.72607
0.69527
0.83411
0.92578
0.71991
0.94317
0.62645
0.88981
0.86822
0.66725
0.60821
0.69052
0.58845
0.77845
0.58017
0.69624
0.62451
0.54274
0.96883
0.68194
0.76918
0.75044
0.63931
0.65215
0.76182
0.85549
0.26487
0.79029
0.57437
0.69889
0.7662
0.63817
0.61173
0.81841
0.67925
0.68198
0.82161
0.87268
0.79763
0.66247
0.68389
0.86676
0.56949
0.93009
0.76409
0.47962
0.7989
0.71603
0.42474
0.71003
0.79432
0.66381
0.49097
0.39742
0.59652
0.40551
0.77709
0.69496
0.63244
0.26951
0.74227
0.68959
0.88323
0.90348
0.59416
0.92005
0.71514
0.70208
0.86813
0.75262
0.87832
0.6257
0.45541
0.57972
0.78996
0.97896
0.55748
0.96937
0.48918
0.47266
0.78421
0.73751
0.84203
0.74512
0.67913
0.73757
0.46794
0.75097
0.70553
0.85064
0.82214
0.74854
0.78345
0.69721
0.44053
0.89891
0.89371
0.71627
0.65743
0.65818
0.78708
0.70933
0.70693
0.73048
0.68617
0.65871
0.9298
0.36859
0.71782
0.99911
0.83496
0.7794
0.4642
0.98071
0.81966
0.71383
0.91552
0.85454
0.6132
0.96225
0.58219
0.84928
0.65587
0.6895
0.68372
0.55194
0.73185
0.7981
0.72794
0.70394
0.71065
0.81557
0.47437
0.70291
0.48939
0.45226
0.78752
0.60565
0.68695
0.64464
0.52107
0.70425
0.60093
0.80171
0.77931
0.75881
0.94631
0.62478
0.93142
0.53839
0.81162
0.75108
0.76103
0.79425
0.81494
0.72155
0.41333
0.72845
0.87302
0.90131
0.81826
0.32001
0.63659
0.89523
0.91119
0.69061
0.89443
0.79099
0.74018
0.84159
0.68577
0.94862
0.51246
0.85424
0.83722
0.66832
0.71377
0.67104
0.8155
0.80341
0.70369
0.78219
1.0073
0.68728
0.66809
0.74481
0.74693
0.72882
0.7551
0.57463
0.56363
0.61076
0.63799
0.53447
0.77382
0.87911
0.84871
0.8954
0.70925
0.77155
0.91303
0.76127
0.73137
0.53209
0.68967
0.84331
0.62836
0.66678
0.78101
0.56807
0.62805
0.64387
0.63043
0.48726
0.93169
0.77546
1.0792
0.72513
0.54226
0.84947
0.48282
0.58448
0.71036
0.83055
0.88915
0.74782
0.82901
0.75437
0.72867
0.69738
0.90642
0.73633
0.83126
0.70384
0.73796
0.64528
0.63859
0.78945
0.56155
0.76471
0.64161
0.9129
0.68959
0.741
0.49552
0.722
0.91734
0.77153
0.55858
0.6578
0.55866
0.81296
0.78765
0.51705
0.91977
0.8131
0.55517
0.90377
0.84941
0.66267
0.83517
0.87146
0.79887
0.67598
0.80757
0.87667
0.69433
0.77661
0.68335
0.70692
0.77492
0.93073
0.66746
0.72773
0.65506
0.52945
0.72272
0.66646
0.80877
0.68009
0.64265
0.69632
0.85689
0.77118
0.83827
0.63486
0.43928
0.77504
0.93155
0.72212
0.67781
0.48157
0.80617
0.55998
0.71579
0.96359
0.51434
0.87458
0.74009
0.63341
1.1003
0.69556
0.52007
0.70209
0.79535
0.70447
0.85876
0.60055
0.42326
0.78565
0.94494
0.74359
0.74323
0.72354
0.85218
0.7103
0.75018
0.72047
0.84177
0.77871
0.90238
0.75893
0.61762
0.81682
0.73002
0.37006
0.82732
0.68339
0.69534
0.54303
0.78152
0.65729
0.65936
0.86189
0.73024
0.8695
0.77048
0.61049
0.85509
0.83427
0.47068
0.87791
0.70422
0.42883
0.58454
0.68828
0.75433
0.68243
0.87492
0.7077
0.80031
0.73424
0.80151
0.4173
0.54207
0.52767
0.94109
0.83158
0.70317
0.70123
0.72322
0.69561
0.8316
0.65102
0.45731
0.81346
0.85476
0.59956
0.83113
0.56024
0.59658
0.69921
0.79617
0.91005
0.55818
0.63899
0.89479
0.6678
0.64381
0.76989
0.62969
0.79787
0.84781
0.78612
0.67528
0.63819
0.79301
0.61164
0.48562
0.856
0.71335
0.48862
0.57448
0.66054
0.65223
0.77162
0.66134
0.62418
0.71656
0.83191
0.59097
0.67723
0.74388
0.8099
0.7712
0.65513
0.84245
0.67003
0.88
0.55378
0.50308
0.81108
0.85581
0.82419
0.74679
0.86075
0.80954
0.77202
0.53916
0.76497
0.7293
0.56799
0.7677
0.84787
0.63331
0.70754
0.88668
0.58532
0.65553
0.66543
0.85374
0.71396
0.58769
0.94543
0.56648
0.58574
0.52436
0.79157
0.63539
0.60547
0.86139
0.47838
0.89699
0.8176
0.87152
0.68626
0.8709
0.67652
0.81692
1.0048
0.70868
0.73818
0.62574
0.79376
0.45063
0.8696
0.89338
0.54439
0.67776
0.73444
0.76112
0.99481
0.87549
0.7554
0.93636
0.7644
0.44201
0.81754
0.69396
0.87625
0.8264
0.8728
0.61949
0.82483
0.94745
0.85675
0.53301
0.55172
0.81721
0.74132
0.80845
0.54244
0.66731
0.60901
0.7885
0.75651
0.62702
0.7532
0.85025
0.68637
0.73593
0.75441
0.67016
0.53387
0.70163
0.67819
0.68367
0.34676
0.825
0.68842
0.75286
0.88535
0.9324
0.75383
0.7231
0.77885
0.51955
0.53227
0.57897
0.72363
0.6312
0.64081
0.66905
0.70359
0.78133
0.80082
0.67795
0.64192
0.60902
0.63961
0.75924
0.57615
0.83759
0.49496
0.81841
0.77557
0.58076
0.64684
0.6396
0.73437
0.79651
0.79828
0.91006
0.86708
0.94222
0.50503
0.63279
0.63127
0.79211
0.72993
0.81842
0.84339
0.64657
0.61865
0.36805
0.80589
0.97016
0.42467
0.44234
0.82244
0.34122
0.78701
0.7032
0.53473
0.60402
0.57601
0.72341
0.69271
0.66313
0.81912
0.9162
0.7913
0.84965
0.71851
0.9203
0.86834
0.69566
0.65306
0.77701
0.80189
0.82674
0.75146
0.83804
0.79025
0.91764
0.62858
0.65002
0.57882
0.62038
0.60717
0.81167
0.61773
0.66543
0.78885
0.8018
0.77568
0.72944
0.69338
0.75682
0.74002
0.52856
0.68447
0.77972
0.70863
0.57172
0.79473
0.68521
0.82143
0.79766
0.81983
0.4575
0.76267
0.73227
0.91603
0.66141
0.82101
0.74446
0.28931
0.72181
0.76115
0.93445
0.75248
0.8473
0.82219
0.78285
0.65837
0.70164
0.77679
0.82072
0.6773
0.80477
0.37587
0.90753
0.6049
0.66826
0.88806
0.46398
0.76883
0.74604
0.70827
0.65235
0.65586
0.92105
0.77673
0.90896
0.60092
0.75493
0.91379
0.6232
0.78627
0.5573
0.64003
0.73521
0.83581
0.82177
0.62518
0.85969
0.82897
0.7618
0.83511
0.87508
0.74739
0.8751
