1.1027
0.72567
0.80788
0.61282
1.008
0.73704
0.66826
0.7636
0.80186
1.0467
0.75928
1.1102
0.65698
0.94101
0.89973
0.8378
1.0941
0.88337
1.1558
0.84809
1.0728
0.77447
1.1684
0.82565
0.34743
0.55748
0.47818
0.94554
0.56983
0.63223
0.5699
1.0732
0.79221
0.65536
0.79845
0.91843
0.80947
0.44376
1.0348
0.67853
0.86816
0.66983
0.8846
0.81309
0.57749
0.57544
1.0607
0.93392
1.0415
0.83657
0.6444
0.77045
0.87314
0.49582
1.0052
0.92176
0.99022
0.51152
0.70489
0.89555
0.5011
1.1157
0.78372
0.55182
0.76528
0.82662
0.63807
0.67749
0.74159
0.77621
0.56177
0.67927
0.77845
0.78935
0.82301
0.84887
0.56525
0.74791
0.92742
0.86136
0.86723
0.49437
0.89652
0.85655
0.97561
0.89853
0.48152
0.52708
0.87254
1.0486
0.76425
0.99793
0.88459
0.85244
1.015
0.92813
1.0638
0.9587
0.96081
0.70432
0.90058
0.86264
0.73119
0.96577
0.61862
1.018
0.96156
0.78525
0.64869
0.83666
0.60791
0.88457
0.7004
1.0247
0.94311
0.82854
0.66199
0.60134
0.66443
0.86317
0.90351
0.92765
1.0062
1.0956
0.91296
0.70717
0.85977
0.85218
0.55354
0.6251
0.71489
0.59044
0.46159
0.83941
1.0586
0.91682
0.92737
0.29428
0.92951
0.53336
0.84754
0.83029
0.99053
1.0097
0.67367
0.84983
0.8232
0.82192
0.93935
0.73227
0.88012
0.49251
0.8154
0.70426
0.72038
0.83212
1.1623
0.56199
0.83186
0.60875
0.82151
0.7617
0.77707
0.61138
0.81015
0.66981
0.85238
0.66306
1.0582
0.778
0.52337
0.96378
0.90558
0.79514
0.56742
0.74324
1.0795
0.89346
0.80161
0.90847
0.76935
0.82296
0.9584
0.74714
0.89892
0.87272
0.9369
0.73155
0.84839
0.75667
0.9141
1.0342
0.70435
0.83827
0.96815
0.89611
0.72072
0.81643
1.0495
0.86066
0.77212
0.89304
0.86054
0.83377
0.61681
0.74062
0.78244
0.62663
0.90731
0.88249
0.91798
0.6301
1.0618
0.91594
0.72437
1.0463
0.72452
1.0681
0.78284
0.69035
0.8071
0.81578
0.61369
0.96095
0.87223
0.9446
0.88371
0.85436
1.0247
0.86029
0.81343
0.78263
0.77056
0.71904
0.81614
0.5673
0.76808
0.83547
0.65265
0.83483
0.90245
0.63318
0.70874
0.74934
0.99229
1.0409
0.68318
0.5448
0.71226
0.91319
0.83067
0.75487
0.65162
0.75119
1.168
0.54544
0.54806
0.49636
0.49175
0.70656
1.0503
0.78297
0.79295
1.1286
1.0928
0.38596
0.77144
1.0301
1.0182
0.98238
0.60104
0.99562
0.68086
0.78993
0.62081
0.52994
0.94349
0.95132
0.97287
0.62424
0.71024
0.85908
0.81438
0.82322
0.92521
0.70706
0.85109
1.1269
1.0686
0.91592
0.64875
0.96044
0.64571
0.40609
0.93099
1.0969
0.77832
0.78561
0.76381
0.63276
0.70493
0.60516
0.9562
1.0635
0.34517
0.97847
0.67223
0.9496
0.99375
1.0372
1.0485
0.87952
0.73869
0.98556
0.85031
0.50911
0.51417
0.88233
0.75374
0.97323
1.0666
0.83195
0.94797
0.68761
0.99325
0.81209
0.91853
1.0029
0.95516
0.83068
0.69465
1.174
0.81142
0.49669
0.43623
0.81716
0.91699
0.67612
0.93773
0.61421
1.1246
0.50668
0.84529
1.0886
0.93811
0.88304
0.24847
0.6045
0.70729
0.82577
0.91911
0.36924
0.57267
0.9833
0.97441
0.65658
0.96337
0.79383
0.96088
0.8946
0.63452
0.86294
0.87036
0.67816
0.81448
0.8256
1.1515
1.091
0.9434
0.85817
0.82271
0.66607
0.70872
1.1668
0.94189
1.0021
0.52891
0.64548
1.1755
0.96197
0.85981
0.93374
0.58604
0.9661
0.68627
1.0356
0.82189
0.91529
0.81088
0.94776
0.93379
0.87464
0.77901
0.88234
0.7808
0.71548
0.85105
0.71656
0.58061
0.89807
0.91744
0.69371
0.83382
0.91989
0.88591
0.71104
0.92891
0.63366
0.63216
0.80378
0.95686
0.50864
0.96259
0.91375
1.0004
0.77875
1.1324
0.85305
0.77385
0.77744
0.72107
0.8278
0.84293
0.64359
0.78106
0.77399
1.0593
1.215
1.0032
0.99993
0.79353
0.99142
0.69703
0.85539
1.1037
0.87809
0.91229
1.1116
0.98365
0.97779
0.6459
0.50092
0.75943
1.0401
0.63749
0.82947
0.61543
0.89608
0.82928
0.80849
0.92158
0.73675
0.48245
0.66565
0.63406
1.0918
0.81446
0.81718
0.62303
0.77689
0.71011
0.92363
0.71408
0.93629
0.86035
0.89587
0.84611
0.67546
0.877
0.73515
0.95455
0.78439
0.78731
1.0304
1.014
1.1635
0.93643
0.55161
0.73014
0.96938
0.92016
1.0389
0.76129
0.58157
0.77365
0.97643
0.81473
1.1049
0.7157
0.91237
0.72962
0.90657
0.86896
0.98748
0.78227
0.81246
0.8525
0.75661
1.0006
0.79119
0.72424
0.50612
0.95479
0.74957
0.88165
0.43504
0.89145
1.0318
0.70683
1.1707
0.94869
0.70655
0.76386
0.84891
1.1635
0.54735
0.69409
0.94275
0.69968
0.84128
0.96545
0.97593
0.95392
0.88406
0.63718
1.0109
0.74833
0.73224
0.90446
0.74958
0.70749
0.70644
0.78204
0.80912
0.70952
0.61918
0.87186
0.86565
0.66656
0.51836
0.77468
0.74856
0.46965
0.92846
0.96
0.8573
0.87447
0.98144
1.1072
0.71447
0.79515
1.0106
0.82349
0.65606
1.0131
0.66066
0.75614
0.69026
1.047
0.7656
0.89311
0.6371
0.74986
0.92501
0.83882
0.7527
0.62176
0.83512
0.90324
0.66233
0.56957
0.43564
0.39599
0.80393
0.82483
0.74009
0.73277
0.8181
0.89808
0.91022
0.78667
0.35208
0.71966
0.74645
0.66874
1.0028
0.83214
0.90647
0.62898
0.70671
0.70732
1.1013
0.89273
0.72953
0.82916
0.79229
0.89971
0.67948
0.70497
0.9071
0.71639
0.88105
0.89227
0.97422
0.76792
0.69883
0.90168
1.0829
0.80369
0.87174
0.80008
0.70949
0.64118
0.78165
0.96584
0.75078
0.56306
0.80819
0.71511
0.97475
0.85489
0.98628
0.92405
0.89881
0.97208
0.70985
0.63674
0.83351
0.75214
0.62879
0.96946
0.82566
0.96274
0.86622
0.52219
0.77274
0.80901
0.94983
0.96846
1.0264
0.94403
0.88762
0.92056
0.32983
0.64449
0.58534
0.52044
0.5564
0.97067
0.7865
0.74023
0.83843
0.90727
0.6265
0.81639
0.696
0.86885
0.78181
0.77925
0.86765
0.68555
1.1704
0.95747
0.42524
0.90116
0.86597
0.51874
0.79256
0.38249
0.90118
1.0052
0.93189
0.74643
0.80973
0.38582
0.93959
0.77857
0.89933
0.86556
0.93548
0.49258
0.51718
1.0983
0.49197
0.75475
0.87591
0.76729
0.89005
0.83616
0.59451
1.1463
0.67527
1.0203
0.65837
1.0994
1.0562
0.78527
0.59808
0.50669
0.92298
0.73393
0.75085
0.94029
0.98141
0.55844
0.61154
0.77286
0.68406
0.47557
0.81026
1.0259
0.63502
0.70115
0.79347
0.7068
1.0207
0.68647
0.82906
0.95304
0.87609
0.91913
0.90525
1.0136
0.87851
0.57659
0.70653
0.96295
0.79223
0.789
0.8708
0.65751
0.86236
0.86442
0.96381
0.63043
0.64439
1.0885
0.6156
0.93985
0.81392
0.88881
0.69758
0.69115
0.67282
0.61267
0.71788
0.7109
0.72532
0.62946
0.68423
0.66022
1.0281
0.59041
0.90141
0.67596
1.0224
0.85457
0.51637
1.0596
0.99157
0.73686
0.84869
0.78805
0.62155
0.99413
0.90367
0.8345
0.6891
0.96614
1.1016
0.94427
0.67945
0.64158
0.94601
0.44896
0.99956
0.8237
0.77461
0.69635
0.95057
0.94017
1.1487
0.79526
0.82956
0.70955
0.52884
0.97126
0.36452
0.63998
0.68255
0.54177
0.95133
0.90993
0.82695
0.67384
0.53262
0.39282
0.70699
0.87142
0.43651
0.95214
0.94824
0.81838
1.0951
0.96753
0.71036
0.67617
0.80631
0.72363
1.0501
0.60674
1.036
0.98246
0.76382
0.8291
0.65566
0.85737
0.96604
0.96689
0.98397
0.85996
0.87368
0.95095
0.79588
0.90912
0.80934
0.88528
0.79404
0.88144
0.66278
0.75142
0.59745
1.083
1.0988
0.6943
1.1178
0.39116
0.96405
1.0431
0.93982
0.99558
0.68065
0.87669
0.95993
0.74724
0.5871
0.96033
0.84836
0.91918
0.49064
0.65563
0.86579
0.46761
0.90936
0.79468
0.75892
0.24677
0.99151
0.64373
0.77898
0.76603
1.007
0.91817
0.89708
1.0497
1.0113
0.62407
0.82589
0.90435
0.84096
0.79118
1.0467
0.68937
0.70533
0.79592
0.81177
0.85072
0.55076
0.58116
1.1544
0.78526
1.0031
0.89733
0.63591
0.97312
0.68617
0.65746
0.81455
0.74656
0.99618
0.80722
0.86099
0.57886
0.90017
0.38696
0.84607
0.65998
0.91719
0.65909
0.84257
0.87316
0.94923
0.73432
1.0508
0.83762
0.35841
0.69099
0.75734
0.92243
1.0121
0.97517
1.0167
0.54524
0.4955
0.6255
0.84641
0.65987
0.82086
0.6639
0.85649
0.89219
0.83411
0.59328
0.97427
0.90852
0.75143
0.77569
0.64167
0.95984
1.0783
1.0724
0.90412
0.79278
0.56217
1.0884
0.95678
0.96631
1.0108
1.0644
0.61351
0.8593
0.88966
0.93402
1.0186
0.95006
0.95176
0.93054
0.93107
0.80966
0.83433
1.0053
0.77094
0.89314
0.83991
0.51028
0.81794
0.60342
0.84731
1.1068
0.89885
0.80833
0.63207
0.48608
0.84892
1.0421
0.78966
0.65398
0.90211
0.86126
0.77386
0.32915
0.90571
0.70448
0.898
0.791
0.88142
1.0653
1.0632
0.81465
0.91334
0.52803
0.63474
0.73422
1.0031
0.75924
0.86349
0.59895
0.57103
0.433
0.68782
0.77965
0.39097
0.79181
0.72374
0.85688
0.58112
0.83024
0.78405
0.8177
1.059
0.78087
0.80843
0.88202
0.90939
0.88932
0.75723
0.66695
1.0013
0.60063
0.51049
0.68066
0.71502
0.71487
0.7342
0.77641
1.0728
0.76045
0.62823
0.86199
0.84753
0.83015
1.0023
0.66072
1.0091
0.8549
0.60378
0.9982
0.88535
0.90566
0.90282
0.96234
0.87369
0.75983
0.87399
0.66813
0.98465
0.63225
0.90278
0.91373
1.3149
0.77099
0.94727
0.89339
0.76672
0.89762
1.1173
0.67834
0.8072
0.7729
0.55439
0.89457
1.0824
0.81884
0.47232
0.74687
0.42941
0.67813
0.60432
0.8626
0.44458
0.63827
0.97916
0.42129
0.87561
0.90169
0.79764
0.67259
0.90337
0.95974
1.1245
1.183
0.87826
0.54714
0.70131
0.92307
0.68269
0.83491
0.79605
0.59
0.98479
0.77164
0.85449
0.89
1.1254
0.76999
0.8818
0.80197
0.81019
0.55389
0.41632
0.68505
0.79668
0.91533
0.59925
0.56917
0.90696
0.6095
0.73153
0.6221
1.0081
0.84509
0.74354
0.79602
0.7674
0.8126
0.92985
0.68541
0.8158
0.832
0.92914
0.90358
0.66096
0.9259
0.72019
0.98727
0.81293
0.82995
0.77834
0.76316
0.63851
0.94698
0.55182
0.68327
0.97775
0.42739
0.86333
0.86949
0.74355
0.89703
0.74347
0.77081
0.68702
0.79143
0.55815
0.84593
0.81248
0.99628
0.86297
0.73172
0.93558
0.8584
0.68739
0.94452
0.78214
0.80363
0.92115
0.87276
0.77341
0.74573
0.74274
0.88595
0.80065
0.80339
0.99504
0.61153
0.78748
1.0701
1.0703
0.55805
0.82838
0.8612
0.85108
1.0289
0.81242
0.70623
0.77809
0.91314
0.71124
0.42635
0.68789
0.89715
0.80155
0.92722
0.70034
0.73836
0.66827
0.63582
0.75453
0.85208
1.0728
0.50467
1.1637
0.80974
1.0003
0.68275
0.86469
0.92826
1.0097
1.0375
0.97627
0.69082
0.59197
0.68048
0.7979
0.6628
0.9496
0.89325
0.66522
0.70588
0.99362
0.88708
0.97241
0.8197
0.88364
0.77201
0.91894
0.78882
0.79408
0.68361
0.76035
0.58915
0.82209
1.0152
1.0683
0.5468
0.85744
0.77995
0.83744
0.64325
0.63216
0.73292
0.83044
0.90131
0.53535
0.78947
0.95931
0.86632
0.71127
0.66478
0.88032
0.8076
0.97161
0.73642
0.79635
0.72595
0.62132
1.0094
0.85134
0.69785
0.76745
0.85741
0.92399
0.80172
0.83259
0.74778
0.85846
0.95329
0.86156
0.73167
0.68708
1.0268
0.86346
0.81459
1.0754
0.83991
0.89262
0.78348
0.86095
0.9447
0.68905
0.701
0.49219
0.96941
0.89323
0.77568
0.59649
0.85868
0.98359
0.92449
0.90669
0.67558
0.73651
0.84396
0.8954
0.8596
0.64712
1.0531
0.81289
0.78578
0.69948
0.90738
0.59138
0.87059
0.97428
0.53127
0.75354
0.81394
0.67735
0.76491
0.87221
1.0406
0.86592
0.70711
1.1835
0.98752
0.57028
0.72996
0.95604
0.90097
0.88637
0.96413
0.49439
0.92506
0.99757
0.83899
0.84266
1.0733
0.81349
0.7291
0.94296
0.8883
0.78191
0.62273
0.63684
0.81438
0.95062
0.86757
0.74461
0.87497
0.77893
0.81397
1.0115
0.56918
0.81873
0.9025
0.98467
0.81679
0.98756
0.61205
1.0045
0.94955
0.7941
0.64727
0.78189
0.79428
0.91781
1.039
0.71457
0.39501
0.82264
0.92009
0.93027
1.0725
0.83395
1.0209
0.8685
0.58795
0.85565
1.0732
0.90223
0.94697
0.76175
0.88615
0.60857
0.8681
0.60819
0.97597
0.99549
0.90412
0.97655
0.71916
1.0496
0.90018
0.68977
0.89585
0.55669
0.49631
0.9246
0.69813
0.82026
0.43583
0.56349
0.82686
0.56664
0.54771
0.87171
0.62027
0.59925
0.85375
0.66495
0.9497
0.74525
0.96125
0.7206
0.52497
0.72127
0.70727
0.62201
0.88705
0.78544
0.99528
0.8865
0.97886
0.71031
0.97537
0.8371
0.86947
0.96843
0.85728
1.0451
0.55987
0.78281
0.75587
0.86414
0.68868
0.56515
0.82443
0.88749
0.93198
0.84346
0.93604
0.72033
0.66233
0.86367
0.9215
1.1619
0.86672
0.45204
0.91911
0.80994
1.0449
0.76529
0.85431
1.0232
0.93248
0.58294
0.71522
0.89209
1.0295
0.71117
0.61717
0.68211
0.8025
0.94164
1.0144
0.81935
0.76662
0.8472
0.84383
0.92564
0.86279
0.58433
0.83402
0.82299
0.83815
0.83381
0.87012
0.89796
0.80425
1.2046
0.718
0.72305
0.44119
0.93416
0.59808
0.89065
0.71833
0.85643
0.85419
0.95021
0.91118
0.98818
0.90803
1.0473
0.82667
1.1424
0.87071
0.76279
0.73718
0.44022
0.78016
0.91899
0.68111
0.72618
0.67368
0.84604
0.39467
0.8991
0.84474
0.67188
0.79823
1.1268
0.80021
0.88928
0.92788
0.97542
0.88974
0.77839
0.87447
0.79604
0.85423
0.79301
0.63215
0.90152
0.75626
0.70128
1.0496
0.62537
0.94371
0.64978
0.54461
0.77296
0.86676
0.81227
0.80805
0.8448
0.90403
1.0982
0.82921
1.1331
0.7411
0.99252
0.87604
0.56655
0.97611
0.92128
0.8893
1.0406
0.77294
0.8642
0.83545
0.81903
0.4935
1.1534
0.37321
0.96856
0.9511
0.94034
0.80053
1.0779
0.75831
0.95027
0.76217
0.74099
0.61698
0.83178
1.1588
0.63787
0.90721
0.792
0.93324
0.58008
1.0335
0.96572
0.9474
0.98758
0.75183
0.9808
0.7658
1.0175
0.75373
0.73602
0.90073
0.73507
0.87942
0.78214
0.92921
0.65461
0.75054
0.97802
0.53223
0.8515
1.0614
0.65084
0.63786
0.82783
0.63596
0.3924
0.7228
0.96183
1.0586
0.99911
1.0092
0.90962
0.89211
0.77517
1.0062
0.67836
0.80391
0.87086
0.61656
0.8822
0.67656
0.75525
0.77823
0.54003
0.71255
0.63172
0.87508
0.71195
0.97045
1.0073
0.76422
0.60717
0.73174
0.86339
0.5686
0.94081
0.77175
0.58167
1.0417
0.62716
0.8655
0.83221
0.81384
1.0069
0.85516
1.0237
0.90229
0.8591
0.80843
0.82026
0.94867
1.0333
0.44964
0.85248
0.7803
0.80588
0.78669
0.80648
0.77444
1.165
0.64465
0.94849
0.58714
0.80789
0.96136
0.88452
0.53359
0.81488
1.0771
0.87136
0.96447
0.63767
0.95419
1.0114
0.96866
0.61055
0.77201
1.1215
0.90138
0.92655
0.53512
0.59981
1.0277
0.9203
0.80481
0.90812
1.0129
0.68388
0.63207
1.0392
0.78278
0.88246
0.95051
0.98038
0.69238
0.68799
0.98945
0.64046
0.60625
0.67458
0.81272
0.60247
1.0188
0.84064
0.44316
0.74134
0.90384
0.66309
0.73007
1.0433
0.68275
0.88445
1.019
0.94539
0.94499
0.84347
0.59185
0.76743
0.89674
0.87456
0.7948
0.50298
0.76236
0.6118
0.65553
0.81674
1.0252
0.75376
0.82934
0.6965
0.66804
1.1005
0.84746
0.95635
0.75225
0.86204
0.8541
0.92237
0.74299
0.3499
0.64121
1.0571
0.75029
0.82854
0.92237
0.82927
0.7676
0.8558
0.80523
0.63791
0.89465
1.0326
0.74859
1.004
1.1927
0.86966
0.73665
0.93823
0.71488
0.72936
0.62108
0.91054
0.57403
1.1011
0.98449
0.90264
0.90007
0.93481
0.83987
0.67707
0.99588
0.74212
0.72585
1.1919
0.63596
0.46144
0.81018
0.58964
0.96028
0.80467
0.73617
1.0392
0.82665
0.71051
0.74961
0.62358
0.75969
1.0462
0.95917
0.9462
0.97504
0.59941
0.91207
0.89637
1.0063
0.88649
0.61584
1.0975
0.69785
0.7671
0.60536
0.9522
0.68823
0.6716
0.86318
0.56251
0.83712
0.78747
1.1357
0.75658
0.93618
0.91885
0.98375
0.89845
0.73779
0.80921
0.93815
0.60114
1.0555
0.95065
0.75682
0.93745
1.1587
0.57038
0.94726
0.63081
0.76145
0.86047
0.45784
0.83695
0.74882
0.71481
0.65369
0.9697
0.81878
0.83371
0.83376
0.77128
0.72432
0.66491
1.0327
0.73055
1.028
0.99937
0.92496
0.89977
0.73717
0.90821
0.92989
0.84311
0.83355
0.77898
0.69764
1.0165
0.71589
1.1131
0.88756
0.83667
0.95516
0.82684
1.0105
0.61838
0.75557
0.97884
0.68494
0.93531
0.76891
1.0101
0.74959
1.1267
0.7937
0.43147
1.092
0.72673
0.62252
0.54005
0.6444
1.038
0.61854
0.6239
0.83948
1.0259
0.73538
0.84621
0.73153
0.78775
0.58906
1.0605
0.41502
0.9005
0.95108
0.94161
0.91819
0.85808
0.6911
0.67383
0.81709
0.53771
0.88682
1.0176
1.022
0.94899
0.93845
0.92337
0.85301
0.89684
0.28341
0.90204
0.77499
0.72232
0.68816
0.59486
0.97904
0.74978
0.80008
0.9271
0.95417
0.73225
0.92108
0.81156
0.87139
0.97131
0.82506
0.93751
0.86106
0.87919
1.0776
0.9807
0.98197
0.82919
0.96874
0.79321
0.88879
0.70408
0.5601
0.94448
0.78651
0.99377
0.84396
0.98848
0.91746
0.77212
0.75959
0.55918
0.64713
0.95547
0.57841
0.79698
0.79521
1.2118
0.95183
0.93592
0.93702
0.65052
0.61741
0.85537
0.80263
0.5496
1.0373
0.90662
0.59771
0.75119
1.0202
0.68046
0.66401
0.6024
0.99009
0.8315
0.88147
0.454
1.0134
0.67022
0.68355
0.81153
0.74328
0.59584
1.1032
0.98456
0.67535
0.87166
0.32966
0.64399
0.66825
0.85318
0.91534
0.70746
0.49415
0.94072
0.90755
0.90297
0.45927
1.1275
0.42479
0.70612
1.0019
0.89955
0.81152
0.67099
0.67023
0.87484
0.75001
0.80284
0.98439
0.94732
0.89797
0.74668
0.54552
0.86878
0.62598
0.63806
0.70792
0.52564
0.97142
0.68527
0.63123
0.71983
0.94453
0.5082
0.31227
0.72701
0.62795
0.95696
0.7311
0.88553
0.85305
0.66821
0.58975
0.79954
0.52353
0.54579
0.55336
0.88131
0.77019
0.66401
1.062
0.92535
0.97011
0.64617
0.85787
0.92109
0.65161
0.89063
0.92811
0.56427
0.95447
0.99061
0.92066
0.61799
0.87381
1.0431
0.37469
0.9102
0.82968
0.87626
0.9265
1.0087
0.61582
0.76601
0.86715
1.0286
0.675
0.98967
1.0862
0.86044
0.77879
1.0439
0.98466
0.69175
0.84399
0.69369
0.63429
0.87265
0.86382
0.79267
0.60513
1.0171
0.4719
1.0099
0.53721
0.95871
0.8258
0.72978
0.70675
1.1331
0.82739
0.72919
0.95571
0.78961
0.79267
0.81136
0.92964
0.86186
1.0224
0.83532
0.80036
0.72547
0.74456
1.1179
0.72145
0.64779
0.76503
0.77867
0.7242
0.6903
0.97719
0.70247
0.96341
0.77094
0.97554
0.69389
0.74284
1.0006
0.94138
0.46347
0.60312
0.94592
0.63051
0.72005
0.69651
0.76329
0.64538
0.84066
0.66859
0.77119
0.79747
0.97702
0.76484
0.68298
0.90784
0.69917
0.89957
0.59928
0.65518
0.80398
0.67128
0.84005
0.56149
0.81008
0.74064
0.65111
0.82055
0.92571
0.82242
0.91415
1.0871
0.79178
1.0663
1.0115
0.7251
0.67502
0.90318
0.78836
1.1255
0.90429
1.06
0.95067
0.69439
0.82209
0.83008
0.76858
0.83729
0.8068
0.53855
0.72723
0.87811
0.96201
0.814
0.64803
0.8391
0.76339
1.0474
0.81438
0.91978
0.91904
0.31544
0.81091
0.83332
0.7989
0.98346
1.0698
0.49805
0.76952
0.7131
0.66575
0.7644
0.97
0.36037
1.1065
0.77762
0.81279
0.82516
0.59719
1.004
0.70014
0.97222
0.80728
0.58908
0.89021
0.72117
1.0556
0.92797
0.8978
0.97554
0.88262
0.86767
0.84988
0.73572
0.97957
0.74287
0.72973
0.65544
0.85227
0.87599
0.72213
0.80466
0.81999
0.69616
0.92146
0.84421
0.94726
0.68619
0.80958
1.0693
0.57618
0.75541
0.75431
0.8494
0.78371
1.0142
0.75087
0.47045
1.056
0.97293
0.53605
0.95954
0.65414
1.085
1.0761
0.61122
0.85714
0.95683
0.91678
0.91106
0.87878
1.0649
0.89261
0.81273
0.74642
0.73864
0.76398
0.92058
0.8086
0.83078
0.9291
1.0262
0.65118
1.0743
0.64768
0.58066
0.54422
1.0034
0.70485
0.52463
0.6851
0.52729
1.0228
1.0384
0.69714
0.71716
1.1016
0.82877
0.82043
0.91572
0.6094
0.81722
0.65528
1.0264
0.72497
0.57846
0.91107
0.85514
0.9482
0.6404
0.69839
0.68296
0.65392
0.70126
0.77385
0.89219
0.91806
0.6067
0.9052
0.5056
0.57357
0.68536
0.87289
0.76122
0.49041
0.48923
0.7534
0.9006
0.61868
0.96497
0.60746
0.73594
1
0.8405
0.80634
0.81933
0.80755
0.84837
0.42892
0.6812
0.97994
0.61673
0.76747
0.62766
0.60446
0.94851
0.92213
0.76978
0.94126
0.68795
0.71015
0.59883
0.66523
0.85894
0.87275
1.0294
0.60098
0.95764
1.0557
1.0766
0.63706
0.5885
0.58084
1.0036
1.0529
1.0489
0.76882
0.6952
0.856
0.97739
0.95551
0.81618
0.92883
0.61397
0.69441
0.76727
0.73427
0.95388
0.87846
0.79905
0.66906
0.97687
0.76958
0.59113
0.79546
0.97318
0.93533
1.0301
0.90079
0.98817
0.75752
1.1254
0.66312
0.86493
0.90808
0.87079
0.75606
0.65279
0.90778
0.8482
0.56298
0.88577
0.78077
0.88995
0.94207
0.73596
0.96606
0.7739
0.89135
0.86112
0.82237
0.78286
0.68141
0.89263
0.80224
0.45499
0.79252
0.64639
1.0245
0.81736
0.51831
1.034
1.1967
0.69666
0.81305
0.97208
0.90662
0.76763
0.89454
1.0472
0.84689
1.0193
1.0431
1.0228
0.56166
0.45455
0.47805
0.809
0.51618
1.0458
0.46922
0.5856
0.59718
0.86663
0.92392
1.1973
0.76861
0.84215
0.7471
0.50055
0.89101
1.0134
1.084
0.90011
0.73507
0.95496
0.6846
0.78176
0.96307
0.80926
0.72435
0.86391
0.84369
0.77571
0.81763
0.78015
0.69156
0.89481
0.81538
0.73054
0.9722
0.89793
0.65254
0.7704
0.89075
0.71858
0.88736
0.80917
1.0056
0.9943
0.59885
0.8559
0.91958
1.1747
1.0392
0.91575
0.52466
0.76498
0.78304
0.81093
0.7664
0.8299
0.64998
1.0458
0.98374
0.98106
0.89944
0.5325
0.77217
1.0248
0.60601
0.80054
0.71303
0.6366
0.59603
0.75593
0.95602
0.94207
0.96777
0.86406
1.1143
0.80026
0.81813
0.94189
0.58585
0.94362
1.2152
0.51411
1.0186
0.84773
0.93646
0.75696
0.79458
1.0454
0.49412
0.91004
0.72255
0.83256
1.1005
0.66535
0.77345
0.94545
0.59854
0.4915
0.68663
0.78197
0.79895
1.0303
0.99237
0.99719
0.9035
1.0024
0.90219
1.1359
0.55619
1.0004
0.60772
1.0312
0.93306
0.93311
0.84254
0.33504
0.81495
1.0088
1.0664
0.83099
0.63652
0.63418
0.7472
0.70735
1.0626
0.54056
0.92953
0.72261
0.87774
0.80366
0.58434
0.72556
0.65909
0.77856
0.81708
0.60247
0.51665
0.813
0.86579
0.88455
0.83738
0.68287
0.78456
0.39372
0.98545
0.94239
0.60803
1.065
0.70957
0.49578
0.79136
0.91054
0.50169
0.90641
0.8886
0.85462
0.93067
0.82015
0.65771
0.80135
0.74733
0.77379
1.0032
0.34922
0.86098
0.72527
0.8643
0.79486
0.47613
0.5532
0.80078
0.68677
0.72904
0.90687
1.0639
0.58627
0.89328
0.85137
0.90534
0.64292
0.72041
0.78083
0.96824
0.89384
0.75422
0.75134
0.96161
0.40271
0.83275
0.87222
0.79814
0.71111
0.66821
0.92089
0.9723
0.89856
1.0258
0.88134
0.93903
0.62568
0.90181
0.53133
0.83709
0.7918
0.7682
0.87369
0.64642
0.56999
0.79352
0.79117
0.34648
0.78506
0.88477
0.86809
0.58471
0.96406
0.9825
0.87358
0.69528
0.88824
0.63652
0.77731
0.7893
0.3665
0.90618
0.78009
0.61686
0.69895
0.901
0.64089
0.56199
0.63702
0.58083
0.94413
0.47518
0.7696
0.72449
1.0179
0.92833
0.85043
0.84178
1.1568
0.73697
0.62163
0.86925
0.90735
0.82635
1.0084
0.65102
0.75534
0.85225
0.69207
0.80908
0.82803
0.84114
1.0821
0.91942
0.85805
0.73174
0.94407
0.74061
0.72213
0.84493
0.54924
0.8736
0.86
0.85527
1.1075
0.95963
0.99074
0.73418
0.87242
0.54795
0.90938
0.94419
0.96442
0.87398
0.80966
0.79245
0.97428
0.79335
0.91198
0.80281
0.85234
0.60793
0.76543
0.77566
0.86653
0.85663
0.61778
0.90352
1.0296
0.84553
0.71778
0.71608
0.75643
1.1614
0.92052
0.86275
0.67708
0.6753
0.70785
0.78085
0.80625
0.63272
0.69071
1.1643
1.0911
0.8164
1.0339
1.1407
0.55944
1.1055
1.0702
0.97021
0.83207
0.75318
0.61121
0.96418
1.0053
0.95926
0.49291
0.9157
0.84434
0.70226
0.64038
0.82825
0.74438
0.96439
0.58076
0.77265
0.97999
0.72074
0.91536
0.96575
0.97411
0.56977
0.77621
0.7534
0.81914
0.6784
0.77093
0.66438
0.8381
0.66873
0.75754
0.70012
0.74044
0.55835
1.0912
0.78877
0.97334
0.91153
0.77909
0.91531
0.72405
0.58064
0.78525
0.59425
1.0168
0.68002
0.95927
0.9522
0.7009
0.80527
0.8501
0.89222
0.84675
0.69871
0.88026
0.9212
0.86758
0.57344
0.44594
0.8638
0.7444
0.74304
0.81641
1.1416
0.89672
0.78151
0.69502
0.95171
0.92718
0.6357
0.76061
1.1117
0.77772
0.87743
0.76038
1.1333
0.68358
0.79447
0.80487
0.60218
0.93433
0.65495
0.93632
0.91213
0.95194
0.83181
0.92525
0.83116
0.54991
0.47957
0.74734
0.75719
0.80231
0.96474
0.89123
0.59109
0.81603
0.85829
0.94098
0.84854
0.65974
0.8316
0.74154
0.74093
0.93224
0.60924
0.91562
0.62255
0.99102
0.75395
0.92843
0.9414
0.91874
0.8696
0.33162
0.65847
1.0227
0.62205
0.41896
0.72565
0.61156
0.95203
0.71077
0.84346
0.61826
0.81415
0.80408
0.64175
0.71333
0.83427
0.88486
0.7578
1.121
0.82099
1.0198
0.70061
1.0532
0.66209
0.89152
0.54229
0.83655
0.4798
0.60791
0.97488
0.42723
0.87215
0.87215
0.28478
0.80768
0.81838
0.75726
0.8348
0.86442
0.87865
0.89728
1.1288
1.0528
0.94685
0.97366
0.68206
0.62561
0.86148
0.79869
0.47216
0.79265
0.67987
0.94424
0.77358
0.73151
0.7974
0.80294
0.50733
0.83241
0.80369
0.78613
0.91187
0.82608
0.68215
1.0076
0.81343
0.68585
0.80857
0.65185
0.99261
1.0959
0.52533
0.53537
0.6741
0.83228
0.85467
1.0806
1.0458
0.83137
0.77942
1.0153
0.72715
0.68012
0.92936
0.75264
0.864
0.66631
0.70199
0.74454
0.82465
0.87474
0.55761
0.79076
0.75507
0.69015
0.84524
0.74576
0.7197
0.65548
0.85277
0.78882
0.88934
0.9795
0.87086
0.8871
0.93371
0.62293
0.78166
0.69101
0.6281
0.78934
1.0383
0.976
0.97497
0.88638
1.061
0.87012
0.80815
0.62735
0.77
0.51414
0.70241
0.81725
0.62025
0.48854
0.89359
0.73226
0.85956
0.72753
0.7933
0.641
0.88586
0.54675
0.53341
0.55072
1.0197
0.72674
0.95315
1.0306
0.92614
0.73972
0.54313
0.68185
0.58662
0.77634
0.73285
0.98482
1.0697
1.135
0.44459
0.75212
0.54484
0.79081
1.0257
0.52423
0.93805
0.70471
0.8579
0.74915
0.91897
0.73376
0.50904
0.70787
0.68994
0.86738
0.99183
0.92474
0.77577
1.1122
0.7136
0.59939
0.95119
1.1189
0.76784
1.0994
0.76626
0.75673
0.7388
0.75977
1.0136
0.48525
0.87397
1.0896
0.73491
0.84489
0.45282
0.75415
0.82085
0.83478
0.78839
0.57699
0.91444
1.0042
0.87638
1.0124
0.91391
0.65494
0.69626
0.88712
0.8071
1.022
1.0062
0.91127
1.0314
1.0252
0.87853
0.69146
0.89365
1.1692
0.89782
0.874
1.0007
0.79129
0.59371
0.87747
0.65689
0.638
0.76203
0.79544
1.0839
0.67406
0.68897
1.0158
0.73566
0.83966
0.67149
0.90476
0.86394
0.94699
0.9474
0.75069
1.0001
0.93633
0.75352
0.73025
0.93919
0.60788
0.92891
0.40286
0.82512
0.77494
0.96317
0.64982
0.65778
0.63727
0.77304
0.87356
0.67579
0.78981
0.89607
0.4524
0.64477
0.87179
0.60971
0.97722
0.79879
1.0032
0.78965
0.66999
0.92663
0.69064
0.63607
0.80005
0.83784
0.75912
0.92314
0.81913
1.0442
0.85735
0.61004
0.85562
0.75407
0.83502
0.8235
0.79469
0.87442
0.72461
0.8898
0.6052
0.82526
1.1406
1.0253
0.58333
0.55041
0.67203
0.73756
1.0908
0.6801
1.1826
0.84503
0.78479
0.98058
0.75532
0.96992
0.41092
0.88607
0.96367
0.65837
1.0313
0.72068
0.9376
0.85745
0.7795
0.91751
0.62735
0.59455
0.53913
0.77453
0.39098
0.74758
0.67909
0.78342
1.0105
0.88896
0.85537
1.0259
0.98599
0.71882
0.99007
0.88985
0.6519
0.74087
0.45295
0.5963
0.87469
0.56235
0.76901
0.94255
0.85386
0.82524
0.88931
1.1183
0.86848
0.80811
0.73665
0.51517
0.80191
0.82609
0.8945
0.78538
0.60634
0.72002
0.8117
0.58719
0.74228
0.72998
0.71507
0.78929
0.87569
0.90018
0.64876
0.98269
0.75291
0.75795
0.88955
0.7114
0.74131
0.94741
0.85211
0.66376
0.93191
1.0552
1.0066
1.0034
0.6144
0.57022
0.83688
1.1844
0.81068
0.97124
0.80251
0.62771
0.81617
0.89005
0.61232
1.0471
0.86854
1.0094
0.5759
0.83887
1.0814
0.62893
0.86636
0.77105
0.95539
0.93298
0.87429
0.7067
0.64321
0.52422
0.8552
0.81478
0.95826
0.89388
0.89393
1.0955
0.53202
0.8252
0.78733
0.89787
0.97858
0.82533
0.45521
0.65564
0.55102
0.77838
0.88935
0.90803
0.97082
0.94809
0.74916
0.8729
0.9284
0.49098
0.83895
0.91304
0.74767
0.91595
1.028
0.88406
0.90417
0.56019
0.91353
0.65048
0.72189
0.82654
0.91229
0.86035
0.71229
0.8744
0.89179
0.99694
0.82585
0.85916
0.98329
1.0679
0.97738
0.67404
1.002
1.1349
0.47542
0.60504
0.9053
0.96647
0.71365
0.87951
0.55972
0.66145
1.0081
0.81006
0.88075
0.94394
0.71088
0.89959
0.64444
0.93613
0.7081
0.7541
0.75324
0.79978
0.71169
0.81954
0.86967
1.0419
1.1379
0.71132
0.77106
0.52479
0.70614
0.8747
0.99282
0.93512
0.4426
1.1064
0.54798
0.76403
0.94768
0.71475
1.0121
0.76525
0.66437
1.1355
1.1238
1.059
0.76482
0.51433
0.82642
0.52942
0.89977
0.46593
0.74642
0.89068
0.5507
0.97684
0.45992
0.8086
1.0395
0.72153
0.96196
0.83913
1.0377
0.78286
0.85306
0.77134
0.79355
0.51883
0.96841
0.88521
0.91228
0.62521
0.68492
0.69982
0.68135
1.0413
0.77734
0.87169
0.90954
0.71143
0.733
0.79866
0.81718
0.7235
0.709
0.77482
0.42517
0.89097
0.58768
1.0122
0.47061
0.86046
0.61384
0.56679
0.85448
0.61846
1.0472
1.1321
0.57966
1.0111
0.88813
0.86659
0.19595
0.86213
1.0348
0.88647
0.77704
0.55393
0.28524
0.49188
0.92351
0.81328
0.80927
0.6345
0.90214
0.83884
0.73445
1.0074
0.89986
0.85248
1.0138
1.0302
0.80522
0.80204
0.74871
0.99715
0.89319
1.0387
0.65727
0.85518
0.63471
0.74302
1.0031
0.74913
0.61363
0.55699
0.9371
0.97196
0.75148
0.94005
1.1836
1.0328
0.97769
0.9236
0.76619
0.82284
0.74939
0.59556
0.8276
0.85787
1.1616
0.32927
0.54181
0.724
0.9218
1.0097
0.82526
0.97846
0.92205
0.76262
0.71643
1.0906
0.84014
0.88106
0.57947
0.95617
0.67714
0.84571
0.78827
0.72381
0.89536
1.0242
0.49943
0.78101
1.0017
0.97596
0.57537
1.0013
0.37597
0.83113
1.0289
0.94258
0.93238
0.84908
0.39609
0.69171
0.77024
0.99841
0.71352
0.96239
1.0373
0.82658
1.0318
0.89016
0.69341
0.53712
0.59439
0.44804
0.59735
0.97747
0.75996
0.92175
0.93
0.93854
0.8717
0.71814
0.96888
0.85351
0.83571
0.66045
0.61262
0.65008
0.49698
0.79217
0.96471
0.84063
0.72744
0.75778
0.90292
1.0038
0.59804
1.0114
0.68501
0.72688
0.66479
0.33786
0.69148
0.77286
0.58579
0.71813
0.70968
0.85334
0.92687
0.92381
0.82204
0.88094
0.72837
0.65057
1.1072
0.97137
1.097
0.82349
0.88714
0.74456
0.99161
0.84383
0.81715
0.78481
0.75056
1.0047
0.93017
0.86212
0.9594
0.68281
0.91022
0.53141
0.44316
0.57944
0.90915
0.70543
0.90219
0.87279
0.74133
0.79078
1.034
0.79446
0.86272
1.2204
1.0266
0.82554
1.097
0.63973
0.95968
0.9383
0.77097
0.685
0.8261
0.93871
0.81517
1.1415
1.1222
0.55138
0.9412
0.58984
0.5541
0.73985
0.88172
0.72236
1.1
0.99574
0.75696
0.85
0.75534
0.6576
0.89984
0.95278
0.84315
0.73109
0.84721
0.91801
0.91602
0.99828
0.66887
0.83746
0.9016
0.7093
0.83729
0.90268
0.69723
0.68418
0.62741
0.79131
0.73359
0.65169
0.81985
0.82578
0.7716
1.0041
0.9348
0.7494
0.69273
0.95065
0.38826
0.61303
0.67768
0.62928
0.68516
1.1534
1.0044
0.5105
0.91805
1.177
1.1202
0.59578
0.76596
0.72632
0.64556
0.71679
0.80972
1.0182
0.95195
0.81228
0.61312
0.91106
0.58971
0.94218
1.1176
0.64679
0.8977
0.88203
0.81243
1.018
0.71326
1.0566
0.57893
0.77626
0.57615
0.88013
0.68169
1.0057
0.85966
1.1245
0.88545
1.0571
0.82722
0.99586
0.44123
0.7217
0.87911
0.74067
0.63518
0.91193
0.74536
0.9831
0.95371
0.8485
0.82533
0.96879
0.95171
0.94935
0.54493
0.7545
0.74013
0.96546
0.74419
0.81633
0.82569
0.71859
0.98504
0.75451
0.33343
0.79115
0.67847
0.95164
0.64691
0.65653
0.8806
0.74471
0.70732
1.03
0.78561
0.83052
0.88985
0.8448
0.82774
0.96501
0.66241
0.8016
0.92432
0.83306
0.76712
0.71176
0.72872
0.94826
0.83803
1.1057
1.083
0.92632
0.95491
1.0295
0.48572
0.776
1.0592
0.91004
0.6966
0.80964
1.1694
0.88766
0.71178
0.54259
0.85863
1.0186
0.82857
0.57512
0.79372
0.91179
0.62974
0.53975
0.82031
0.97122
0.87277
0.74569
0.42875
0.80219
0.80162
0.71937
0.82001
1.0386
0.88858
0.84132
0.85433
1.1153
0.92804
0.67746
0.8165
0.70319
0.65513
0.81808
0.89338
0.98138
0.47224
0.63177
0.81782
0.75269
0.91103
0.55145
0.86708
0.84319
0.91524
0.79212
0.51115
0.92485
0.50319
0.84367
0.71486
0.63019
0.64851
1.0307
0.82731
1.0593
0.79702
0.7898
0.77857
0.5894
0.6912
1.1383
0.97601
0.44351
0.80443
0.87523
0.93918
0.79372
0.70642
0.77596
0.86502
0.75763
0.83353
0.74812
0.92455
0.59142
0.80963
0.71222
0.44511
0.687
0.78181
1.0413
0.78847
0.72185
0.83677
0.91699
0.91719
0.65133
0.90674
0.67673
0.70433
0.65254
0.84117
1.0046
0.92197
0.71225
1.0117
0.8652
1.0336
1.0033
0.9408
0.78869
0.5654
0.76886
0.67313
0.80376
0.75798
0.77618
0.50932
0.72084
0.84749
0.99917
0.85266
1.0534
0.76609
0.69598
0.75756
0.59422
0.93983
0.75364
0.72421
0.92109
0.41598
0.98647
0.76589
0.79332
0.64078
0.82228
0.61634
0.92256
0.82271
0.68968
1.0113
0.78479
0.84963
0.67995
0.69789
0.73711
0.72212
0.66774
0.57694
0.83065
0.9296
0.85723
0.67931
0.93666
0.68868
0.89336
0.71547
1.1765
0.88862
0.77722
0.54479
1.0284
0.92855
0.95458
1.0028
1.0212
0.72048
0.61681
0.83453
0.98539
0.69474
0.8859
1.1333
0.90254
0.77403
0.86801
0.65045
0.62842
0.7682
0.79698
0.6933
0.87835
0.72786
0.90378
0.80892
0.72992
0.65748
0.78439
0.91108
0.91735
0.85285
0.80307
0.79031
0.89341
0.68513
1.0836
0.72202
0.8903
0.58381
0.87392
0.96239
0.95278
0.96904
0.90391
0.81672
1.039
0.7669
0.51594
0.84269
0.71352
0.72223
0.72606
0.56882
0.57698
0.97112
0.75755
0.59564
0.54471
0.75714
0.69561
0.791
1.0183
0.99712
0.8126
0.88515
0.75029
0.62164
0.84782
0.32806
0.80625
0.43063
0.56203
0.75021
0.60285
0.62003
0.45853
0.67946
0.8951
0.78668
0.29349
0.60495
1.1266
0.68028
0.70636
0.97211
0.90359
0.99556
0.86242
0.55651
1.0413
0.88762
0.81516
0.86431
0.62754
0.79022
0.79747
0.89631
0.84278
0.64751
0.82698
0.92923
1.0425
0.63281
1.0678
0.76922
0.83875
0.47571
0.64192
0.51286
0.93169
0.96003
0.9832
0.83435
0.91964
0.65562
0.72131
0.97339
0.96371
0.76089
1.0052
0.89275
0.59266
1.037
0.98687
0.97473
0.67809
1.0158
0.85178
0.88555
0.66425
1.0599
0.53095
0.66701
0.74434
0.62774
0.88068
1.0765
0.78044
0.79063
0.82542
0.7612
0.87088
0.56622
1.1125
0.84928
0.57882
0.86944
0.77568
0.54332
0.75835
0.56335
1.0231
0.83911
0.79036
0.99301
0.87779
0.75933
0.86288
0.86617
0.79171
0.81327
0.89419
0.95076
0.60897
0.84587
1.0195
1.0179
0.75827
0.96966
0.77414
0.63649
0.60516
0.84422
0.98246
0.48142
1.0047
0.86173
0.84782
0.64738
0.63007
0.94362
0.88952
0.73617
0.81404
0.81843
0.79056
0.89987
0.84508
0.98055
1.0795
0.69789
0.46598
0.56599
0.64457
0.54693
1.1597
0.89701
0.94939
0.83065
0.75519
0.3652
0.73807
0.83083
0.93845
1.0645
0.82333
0.81026
0.89055
1.0681
0.84184
0.92669
0.89534
1.1423
0.66047
0.82831
1.0346
0.66271
0.87403
0.62962
0.63737
0.58718
0.53568
0.96483
0.88899
0.73351
0.71122
0.67803
0.90728
0.56755
0.90072
0.5588
0.89985
0.39394
0.7947
0.95171
0.6126
0.8922
0.90198
0.88501
1.0296
0.92505
0.77217
0.79001
1.2184
0.74487
0.96689
0.85765
0.47347
0.79448
0.98445
0.92746
0.78564
0.86794
0.84031
0.94505
0.85798
0.82267
0.82797
0.99058
0.69262
1.1275
0.46723
0.6727
0.69407
0.97904
0.84437
0.58978
0.86
0.43673
0.64842
1.0773
0.89233
0.84885
1.039
0.67256
0.83211
0.68729
0.58419
1.0327
0.86961
0.8666
1.2265
0.88551
0.78772
0.65053
0.72459
0.72352
0.85349
0.82895
0.86522
0.84899
0.5152
0.46632
0.86966
0.8802
0.71855
0.86518
0.6241
0.85034
1.046
1.0137
0.65656
0.40145
1.0734
0.72818
0.95711
0.65464
0.43134
0.70333
1.1058
0.93249
0.8617
1.0246
0.95157
0.84264
1.0007
0.91347
0.75833
0.74171
0.85822
0.96814
0.99694
0.74067
1.0181
0.82075
1.059
0.99538
0.5621
1.0059
0.87841
0.83897
0.89112
0.7038
0.81401
0.55693
0.89851
0.92446
0.73217
0.77464
1.0991
0.78521
0.89808
0.829
1.0829
1.0016
0.96426
0.9079
0.84126
0.7529
1.0625
0.8753
0.69437
0.87973
0.9369
0.74302
0.90386
0.53428
0.9729
0.80568
1.0059
0.86631
0.86886
0.80433
0.19042
0.81141
0.82488
0.65791
0.76289
0.41478
0.82846
0.94902
0.89163
0.76672
1.0712
0.93789
0.92174
0.65554
0.75946
1.0056
0.55216
0.60459
0.66341
0.79839
1.1047
0.82821
0.42378
0.72694
0.89319
0.60759
0.7883
0.95821
0.95337
0.81788
0.82645
1.0555
1.1248
0.99833
0.84161
0.9951
0.75013
0.97761
0.82139
0.82901
0.92412
0.86828
0.79162
0.8402
1.0153
0.91868
0.59216
0.91552
1.0742
0.69667
0.96233
0.52162
1.0048
0.79464
0.80318
0.51113
0.82359
0.86059
0.91295
0.75081
0.90662
0.87675
0.68095
1.0704
0.60716
0.7915
0.94802
1.045
1.1159
0.83769
0.63948
1.0195
0.69793
0.77373
0.94803
0.84626
0.88818
0.61095
0.93275
0.93627
0.74462
0.74497
1.0943
0.77668
0.90565
0.99424
0.9163
0.79687
0.57214
0.67668
1.1238
0.98362
0.6483
0.99753
0.95269
0.92923
0.82174
0.82891
0.68533
0.85155
0.86955
0.83894
0.39376
0.85807
0.92597
0.97072
0.36779
0.96152
0.70657
0.84731
0.74279
0.89878
0.70153
0.60301
0.73502
0.99198
0.67255
0.65326
1.113
0.8921
0.56926
0.82114
0.92996
0.97682
0.90521
0.73141
0.62692
0.71414
0.93936
0.63555
0.57372
0.45205
0.89796
0.82042
0.9144
0.74551
0.72721
0.75342
0.98577
0.5388
0.80075
0.92423
0.7554
1.0589
0.63047
0.70894
0.48375
0.48692
0.81179
0.94046
0.64856
1.0321
0.72188
0.84263
0.82828
0.84341
1.0301
0.78876
0.78223
0.84532
0.83241
0.98665
0.91259
0.89922
1.0333
0.65313
0.90814
0.91441
0.36713
0.51814
0.91895
0.54987
0.71966
0.80359
0.66896
1.2536
0.82119
0.90168
0.73203
0.59557
0.71189
0.41972
0.85985
1.004
0.98821
0.63565
0.56906
0.60574
0.93878
0.65444
0.65936
0.90523
0.90731
0.7879
0.8674
0.37116
1.0005
0.67627
0.69487
0.58267
0.59325
0.92367
0.75741
0.73168
0.71103
0.89312
0.86251
0.56803
0.80117
0.99589
1.0104
0.6031
0.7224
0.82821
0.58521
0.5867
0.62884
0.95481
0.39118
0.74052
1.0645
0.9613
0.75124
1.0682
0.77337
0.73624
0.8958
0.93402
0.89479
0.80279
0.80663
0.58225
0.82091
0.78513
1.1768
0.84941
0.20786
0.67935
0.49006
0.42931
0.85439
0.7711
0.81982
0.7204
1.0856
0.86223
0.5378
0.85476
0.46247
0.59478
0.75402
0.61031
0.78173
0.4418
0.52328
0.90232
0.3602
0.96205
0.62103
0.87746
0.74069
0.71216
0.33091
0.50582
0.89741
0.93613
0.89298
0.7854
0.5852
0.52783
0.78616
0.91278
1.0075
0.77174
0.72787
0.96358
1.0765
0.86344
0.836
0.506
0.91963
0.80384
0.61608
0.66025
1.0919
0.3753
0.80765
0.85742
0.9402
0.9462
0.64041
1.1266
0.81185
0.85703
0.66152
0.70378
0.86559
0.23009
0.67291
0.92039
0.94427
0.56933
0.86833
0.75115
0.65656
0.51976
0.92603
1.0184
0.76261
1.0687
0.93441
0.87993
0.94667
0.91851
0.58401
0.96438
0.89297
0.84726
0.66746
1.0619
0.76452
0.8321
0.9992
0.92413
1.019
0.75918
0.94149
0.55484
0.75946
0.94668
0.4512
0.92844
0.81009
0.39145
0.88372
0.59558
0.7667
0.81951
0.59171
0.60251
1.0547
0.75425
0.67623
0.78735
0.75615
0.93273
1.0645
0.8145
0.74443
1.0869
0.65386
0.77196
0.84359
0.70139
0.68791
0.95556
0.89752
0.86938
0.73095
0.76122
0.97116
1.1688
0.74139
0.76866
0.73049
0.93406
0.6191
0.7848
0.82039
1.0315
0.86176
0.98731
0.73047
0.56918
0.82369
0.75335
0.85056
0.5053
0.84277
0.85214
0.94465
0.78165
0.81264
0.93422
0.65874
0.94327
0.68165
1.0242
0.89319
0.85769
0.88259
0.96803
0.83434
0.38847
0.59895
0.48064
0.35568
0.64453
0.85091
1.1124
0.99928
0.62153
0.95111
0.83131
0.96558
0.75568
0.956
0.86671
0.73023
0.70412
0.72737
0.88691
0.6406
0.66906
0.74675
0.98338
0.89049
0.67826
0.56629
0.50608
0.88588
0.86603
0.61608
0.7108
1.0334
0.63417
0.69997
0.62923
0.62386
0.57123
0.72457
0.93407
0.68536
0.69754
0.75944
1.0299
0.77008
0.61557
0.56504
0.59737
0.69624
1.0108
0.55956
1.0743
1
0.93164
0.8248
0.73377
0.54086
0.76907
0.88037
1.0067
0.78863
0.69307
0.87852
0.77493
0.6049
0.9311
0.74919
0.9966
0.93213
0.96397
0.68328
0.92673
0.78394
0.94106
0.83181
0.79161
0.81083
0.97862
0.80205
0.60966
1.0581
0.81732
0.61708
0.97198
0.81646
0.50612
0.65106
0.80387
0.95027
0.81502
0.84654
0.52282
0.86431
1.0531
0.87817
0.88425
0.97668
0.43876
0.72826
0.86755
1.0199
0.73108
1.0107
0.57115
0.30887
0.55352
0.51715
0.69515
0.94856
0.82858
1.0684
0.6979
0.54794
0.68371
0.46656
0.87147
0.62741
0.78825
0.50811
1.096
0.87682
0.64857
1.09
0.79228
1.1271
0.70784
0.77714
1.1144
0.69665
0.89393
1.093
0.99148
0.66092
0.95229
1.0832
0.8309
0.78777
0.89667
0.81777
0.76973
0.95855
1.1515
0.7394
1.1601
1.0061
0.42343
0.76485
0.82389
1.0829
0.74126
0.98513
0.80041
0.97587
0.80012
0.68855
0.98445
1.0001
0.79928
0.94899
0.729
0.70973
0.83936
0.69304
0.78864
0.76003
0.70888
0.58175
0.87422
1.0117
0.88442
0.95817
0.89694
0.77961
1.0814
0.86143
0.96994
0.4971
0.81427
0.82075
0.55265
0.56636
0.79886
0.9408
0.91628
0.82659
0.90682
0.86923
0.84494
0.96599
0.53134
0.99292
0.55769
0.39974
0.94665
0.63243
0.83749
0.85312
0.65494
0.93283
0.68296
0.78939
0.72647
0.84625
0.6938
0.66364
0.8134
0.70986
0.98117
0.86515
0.92049
0.95501
0.44455
0.5347
0.36312
1.1285
0.71673
0.6414
0.44946
0.97353
0.84497
1.0764
0.74637
0.79245
0.75688
0.73843
0.92801
0.81436
0.70696
0.72996
0.95986
0.88952
0.73857
1.053
0.79155
0.66651
0.58157
0.72291
0.78354
1.0208
0.50053
0.38119
0.71422
0.78674
0.75658
1.0341
0.59381
0.81401
0.66532
0.70918
1.0386
0.90079
0.86111
0.59926
0.73261
0.86879
1.0821
0.85394
0.93268
0.54224
1.1825
0.79863
0.72336
0.93707
1.0172
1.1297
0.99097
0.5492
0.53543
0.72423
0.89109
0.99691
1.1245
0.83868
0.77189
0.6833
0.75818
1.1141
0.70468
0.73555
0.79895
0.75537
0.72344
0.50219
0.89316
1.009
0.79782
0.71809
0.82782
0.91513
0.86973
0.98995
0.70027
0.90104
0.64785
0.78956
0.7028
0.90989
0.18384
0.74318
0.78098
0.69543
0.75195
0.81237
0.95067
0.50822
0.65005
0.97462
0.77797
0.87125
1.0458
0.99916
0.98982
0.78297
1.023
0.84299
0.8907
1.0075
0.97179
0.78233
0.87686
0.93864
0.84816
0.85357
0.86283
0.67067
0.75903
0.93191
0.60187
0.79977
0.71315
0.87384
0.67779
0.69277
0.82605
0.897
0.79579
0.759
0.98139
0.82997
1.1742
0.65869
0.85543
0.84866
0.88831
0.85483
0.75596
0.83499
1.0293
0.89237
0.48534
0.49261
0.875
0.58484
1.0028
0.59607
0.85001
1.1214
1.0217
0.62339
0.98917
0.79482
1.0971
0.6605
0.93237
0.96426
0.69414
0.81807
0.72955
0.98034
0.6925
0.92359
0.5064
0.98753
0.78842
0.89255
0.7464
0.42458
1.0508
0.8508
0.95054
0.71367
1.1352
0.68814
0.73975
0.68679
0.6353
0.67634
0.85129
0.96913
0.79181
0.93917
0.89621
0.93233
0.6472
0.60926
0.94459
0.8475
0.50606
0.86595
0.96559
0.82469
0.44711
0.88759
0.76379
0.59112
0.94997
0.77566
0.82368
0.77475
0.68993
0.52067
0.8869
0.73281
0.94916
0.79658
0.96987
0.99428
0.6413
0.9131
0.84128
0.83493
0.80747
0.66918
1.0196
0.82641
0.89101
0.89307
0.8467
0.75363
0.51396
0.76664
1.0136
0.62864
0.72747
0.71931
0.88745
0.71239
0.88337
0.67349
0.89883
0.74479
0.81644
0.65234
0.65292
0.50258
0.7516
0.67122
0.88129
0.82012
1.0145
0.71233
0.76937
1.0061
0.91057
0.89612
0.8498
0.84188
1.0981
0.82447
0.46141
0.96254
0.61989
0.90842
1.1818
1.2889
0.95574
0.81737
0.66995
0.86587
0.84869
0.58382
0.83169
0.83638
0.84199
0.92807
1.0843
0.61725
0.79685
0.54246
0.86422
0.7156
1.1169
0.92038
0.45051
0.6395
0.60094
0.78705
0.67915
0.51282
0.76853
0.91326
0.81555
0.71982
0.68848
1.1123
1.0608
0.81246
0.76909
0.77428
0.31751
0.73843
0.98869
0.50758
0.82406
0.76713
0.7209
1.0304
0.6561
0.96331
0.82633
0.71469
0.59377
1.0317
1.0364
0.78531
0.99944
0.75992
1.0995
0.41647
0.83669
0.77467
1.1031
0.89001
0.69379
0.94424
0.84413
0.97637
0.99148
0.82754
0.86269
0.90195
0.95452
0.47118
0.72599
0.87092
0.6751
0.90482
1.0425
0.86081
0.83011
0.92414
0.99279
0.88339
0.89388
0.7628
0.84694
0.99545
0.64745
0.80766
0.82037
0.63819
0.9027
0.85288
0.96294
0.66
0.84713
0.8943
0.65791
0.96746
0.69377
0.70949
0.92072
0.9057
0.84429
0.948
0.88438
0.88687
0.70529
0.97916
0.88183
0.91031
0.9034
0.81195
0.7655
0.51878
0.79257
0.81111
0.60758
0.844
0.88361
0.87845
0.88549
1.0395
0.80912
0.76686
1.0902
0.66471
0.63458
0.8782
0.86938
0.79764
0.81672
0.737
0.78749
0.78009
0.8414
0.54427
0.7564
0.76592
1.0047
1.0863
0.83675
0.97093
0.93446
0.87026
0.88845
0.78307
0.69305
0.79944
0.80543
0.69326
0.45921
0.90693
0.95834
0.74044
0.82299
0.99854
0.91028
1.0468
0.918
0.87051
0.72429
1.0052
0.97923
0.88132
0.7729
0.802
0.60522
0.85332
1.0768
0.86822
1.0209
0.72516
1.0449
0.79728
0.81433
0.82825
0.65574
0.88373
0.85843
0.91986
0.82507
0.77129
0.64528
0.94338
1.0095
0.31816
0.89623
0.76613
0.57692
0.92985
0.89881
1.0068
0.85945
0.48789
1.0339
0.7626
0.96703
0.80311
0.62903
0.817
0.87119
0.61522
0.80008
0.84993
0.66656
0.77718
0.75169
0.78775
0.55219
0.74739
0.86858
0.84551
0.83615
1.077
0.95145
0.95439
0.75634
0.36951
0.90569
0.66093
1.0541
0.7852
0.69402
0.83369
0.78884
0.88868
0.94398
0.63829
0.82017
0.77195
0.68684
0.61734
0.80656
0.97132
1.0016
0.84691
0.57486
0.86247
0.83587
1.0304
0.91193
0.93341
0.85219
0.64676
0.91224
0.93244
0.9019
0.93281
0.9337
0.861
0.77519
0.82927
0.9697
0.97769
1.1347
0.79785
0.97924
0.82917
0.8425
0.64506
0.71227
0.92432
0.59856
0.78214
0.94378
0.71983
0.65441
0.89317
0.70053
0.77169
0.76663
0.64547
0.73174
0.57685
0.9302
0.97233
0.74323
0.58049
0.9066
0.9306
0.97992
0.80763
0.8389
0.77712
0.8826
1.0504
0.86992
0.99382
0.78149
1.1191
0.94954
0.96496
0.67244
0.37641
1.0381
0.82337
0.73384
0.96588
0.63128
0.42239
0.89053
0.75387
0.69767
0.71446
0.77644
0.68377
0.73698
0.68843
0.99682
0.82249
1.0077
0.90165
0.90032
0.34161
0.54893
0.79847
0.71379
0.65958
0.79144
0.98482
0.95391
0.61447
0.85744
0.75485
0.78455
0.95021
0.53212
0.78558
0.83745
0.9741
0.73075
0.77979
1.0381
0.93484
0.87741
1.0159
0.6248
0.94489
0.59952
0.83395
0.87865
0.86441
0.63079
0.74942
0.72204
0.92916
0.69187
0.87624
0.72054
0.64812
0.58485
0.73408
0.81912
0.61374
0.94506
0.75228
0.75633
0.8758
0.78521
0.96702
0.5354
0.67458
0.62645
0.8883
0.73303
0.82191
0.81575
0.86862
0.91934
0.91434
1.0006
0.60274
0.98647
0.80872
0.98406
0.69224
0.88022
1.0216
0.81501
0.44723
0.78713
0.47463
0.51782
0.92801
0.82351
1.05
0.98962
0.73258
0.80577
1.0742
0.89522
0.83668
0.7969
0.75078
0.68296
0.81349
0.6804
0.68141
0.57116
0.87518
0.87694
0.60873
1.0298
0.60189
0.60485
0.99516
0.7077
0.88321
1.0512
0.77806
0.62033
0.79865
0.89808
0.75219
0.66434
0.65962
0.82305
0.95013
0.71826
0.74665
0.74083
1.0097
0.84467
0.97243
0.91148
0.44286
0.62725
0.68121
0.88893
0.67728
0.67663
0.5737
0.90654
0.80409
0.67814
0.68953
0.92152
0.83343
0.7133
0.90473
0.84178
0.54132
0.96219
1.1363
0.59326
0.74399
0.64203
0.72256
0.9718
0.98961
0.9565
0.76905
0.82913
0.98162
0.86297
0.95833
0.95471
0.92102
0.81584
0.92552
0.84342
0.8513
0.99272
0.81733
0.88518
0.83508
1.0192
1.0658
1.0992
0.9878
0.81439
0.97618
0.42003
0.88457
0.60932
0.54839
0.61509
0.88802
0.65923
0.75614
0.96204
0.74907
0.88622
0.73571
0.83542
1.0131
0.83669
0.77237
0.63351
0.88421
0.87094
0.38918
0.86468
0.90653
0.83545
0.74258
0.80613
0.97546
0.67071
0.76111
0.62326
0.92166
0.93328
1.0385
0.59523
0.92048
0.88123
0.72247
0.90927
0.74942
0.65434
0.80306
0.56928
0.72652
0.61631
0.8965
0.84499
0.43864
0.67499
0.63545
1.0744
0.99499
0.9418
0.88754
0.74926
0.6508
1.1482
0.68101
1.0273
0.46666
0.85915
0.88603
0.80369
0.56872
0.89815
0.64424
1.0444
0.7344
0.94027
0.71574
0.73022
0.71818
0.8016
0.69955
0.63403
0.76026
0.76722
0.88447
0.81972
0.70427
1.0046
1.0278
0.7201
0.91026
0.72445
0.79605
0.81821
0.83793
0.93872
1.1544
0.72512
0.90612
1.1982
0.87865
1.047
0.74933
0.79695
1.0215
0.48628
0.43074
0.65811
0.92233
0.64934
0.70924
1.1294
0.83675
0.97159
0.78614
0.83927
0.63319
0.74521
0.87833
0.78185
0.93078
0.77736
0.78189
0.68806
0.70452
0.95369
0.81976
0.88891
0.84345
0.54527
0.96282
0.72777
1.0495
0.55872
0.54869
0.60326
0.9442
0.75009
0.85544
0.61259
0.92529
0.98338
0.92811
0.76648
0.93653
0.93077
0.79693
0.84309
0.79132
1.1663
0.73457
0.52292
0.7526
0.62131
0.91829
0.92954
0.8781
0.85224
1.0776
0.91217
0.65777
0.80821
0.99005
0.81024
0.86969
0.7037
0.68261
0.80998
0.75029
0.83604
0.99656
1.0146
1.096
0.76959
0.94542
1.0221
0.50807
0.59695
1.1078
0.73225
0.93314
0.97531
0.67173
0.79706
0.93392
0.98553
0.7088
0.92158
0.74625
0.80217
0.69225
0.85054
1.0159
0.71504
0.81031
0.80523
0.808
0.78216
0.91018
0.83328
0.7928
1.0902
0.75263
0.82632
0.95368
0.97001
0.72373
0.99879
0.91479
0.96488
0.743
0.8239
0.93831
0.86337
0.91367
0.79734
0.91996
1.1126
0.6183
0.8276
0.73927
0.78631
0.87014
0.54068
0.91143
0.71807
0.84289
0.85401
0.82271
0.60843
0.76766
1.0621
0.55231
0.79651
0.73115
0.85633
0.77671
0.91442
0.9269
0.4386
0.55077
0.89607
0.55003
0.57004
0.93329
0.84813
0.68869
0.97283
0.54552
1.0742
0.90862
0.95904
0.83169
0.94939
0.95825
0.69465
0.99639
0.96256
0.73447
0.96026
0.86403
0.93686
0.60542
0.96239
0.9911
0.64433
0.69552
0.5571
0.5517
0.75219
0.59545
1.055
0.87222
0.84848
0.69261
1.1046
0.85271
0.90461
1.0058
0.81746
0.61235
1.052
0.28427
0.88351
0.8442
0.81912
0.93315
0.83983
0.93811
0.9631
0.69967
1.0534
0.92631
1.007
0.90504
1.1421
0.4847
1.1922
0.72329
0.57618
0.9278
0.7117
0.86681
0.53207
0.51402
0.61674
1.0479
0.8005
0.98503
0.85852
0.32919
0.86385
0.93539
1.0812
0.50045
1.102
0.98311
0.82885
0.77247
0.85526
0.64382
0.48456
1.0048
0.66615
0.5091
0.75859
0.89541
0.76527
0.67635
0.23226
0.89033
0.82972
0.88249
0.81075
0.81266
0.88988
0.62982
0.73357
0.77838
0.85459
0.76465
0.91705
0.82862
0.80022
0.89996
1.0113
0.88248
0.87048
0.73022
0.76502
0.80242
0.94857
0.96846
0.76453
0.87834
0.68393
0.96775
0.64155
0.9806
1.2037
1.0947
0.83109
0.62274
0.63968
0.78573
0.82681
0.91248
0.79584
0.57471
0.97767
0.96617
1.0687
0.9954
0.94674
0.90079
0.70522
0.7433
0.93541
0.72814
0.69438
1.026
0.84213
0.89634
0.86901
0.92966
0.69968
0.8103
0.67469
0.93252
0.87135
0.77858
1.0431
0.76902
0.72938
0.90649
0.64955
0.87198
0.81043
0.69987
0.84755
1.1734
0.93633
0.74331
0.4854
1.0908
0.84396
0.71875
0.75308
0.65493
0.94232
0.81857
0.85314
0.90648
0.45115
0.86054
0.84684
0.84326
0.90067
0.70994
0.87912
0.80203
0.60421
0.74683
0.87021
0.82925
0.81333
0.81498
0.66934
0.75327
0.88294
0.81904
0.91228
0.58978
0.9623
0.95069
0.67106
0.82257
0.77822
0.88062
0.84505
0.87398
0.82258
0.77073
0.58138
1.102
0.68805
0.90134
0.74147
0.55047
0.82424
0.71124
0.49493
0.70807
0.95224
0.8673
0.80346
0.64825
0.89673
0.69704
0.79218
0.94691
0.87725
0.89955
0.79346
0.53668
0.90484
0.85493
0.82912
0.66981
0.74374
0.61728
0.64616
0.72506
0.84173
0.79472
0.76575
0.74801
0.91274
0.75666
0.7492
1.0563
0.75437
0.72791
0.99982
0.64726
0.90907
0.91624
0.54033
0.59592
0.55728
0.8182
0.5998
0.97901
0.7806
0.96126
0.78242
1.0263
0.76317
1.0641
0.6476
0.94695
0.93535
0.83745
0.78092
0.90075
0.93141
0.92071
0.91424
0.69851
0.83001
1.0137
0.98009
0.74281
0.68071
0.82183
0.92378
0.98237
0.59837
0.57489
0.90484
0.93677
0.91929
0.54652
1.0742
0.66245
0.76761
0.87114
1.0014
0.95861
0.98704
0.76962
0.9634
0.68449
0.82064
0.60684
0.88774
0.93656
0.74903
0.71587
0.81549
0.66634
1.0747
0.70142
0.88506
0.75442
0.8038
0.78859
0.97892
0.8272
0.6331
0.89524
1.034
0.50422
0.91738
0.71494
0.45731
0.83517
0.64765
0.94622
0.65361
0.82741
1.0376
0.43633
0.72984
0.77181
0.55276
0.74217
0.66379
0.95906
0.70702
0.74512
1.1545
0.90081
0.88211
0.99537
0.76453
0.58869
0.80835
0.69724
0.61985
1.0402
0.74295
0.85003
0.42455
0.58491
0.6898
0.59411
0.73295
0.87265
1.1346
0.67434
0.90762
0.52682
0.64524
0.36132
0.91007
0.77242
0.77918
0.89526
0.94512
1.0398
0.77597
0.61686
0.81242
0.7637
0.85536
0.67754
0.80415
0.47298
0.63443
0.49638
0.71661
0.90151
0.5457
0.63668
0.92741
1.0616
0.7003
0.50643
0.90813
1.0139
0.96517
0.52246
1.0578
0.67834
0.64922
0.5811
0.82936
0.90909
0.81601
0.68948
0.98005
0.92086
0.72944
0.66175
0.70892
0.86287
0.76191
0.87892
0.92049
1.0006
0.78936
0.66092
0.79207
0.59271
0.70247
0.9836
0.79944
0.96671
1.1719
0.97315
0.68412
0.85534
0.73387
0.77574
0.87841
0.99862
0.89591
0.88042
0.8721
0.81553
0.85836
0.96752
0.57905
0.82338
1.0274
0.8107
0.74414
0.81347
0.4463
0.88503
0.8188
1.0585
0.64078
0.65339
0.66202
0.72247
0.67431
0.56757
1.0522
0.63756
0.7491
0.7507
1.1394
0.75257
0.90173
0.97427
1.0038
0.67313
0.54297
0.66665
0.68964
1.0371
0.96683
0.79458
0.77889
0.65561
0.80419
1.0125
0.89995
0.55
0.96312
0.89771
0.79718
0.85246
0.83462
0.49742
0.7923
0.73703
0.91906
0.98187
0.60958
0.85772
0.62976
0.79338
0.75945
0.93253
0.62713
0.85593
0.93276
0.80178
1.0429
0.52165
0.61102
0.93787
0.75062
0.56569
0.80734
0.87553
0.73661
0.85441
0.5515
0.81559
0.58896
0.92015
0.67098
0.78416
0.87725
0.9257
1.2138
0.95517
0.85106
0.67862
0.70993
0.829
0.68578
1.1014
1.1935
1.0206
0.48587
0.81319
0.56602
0.49863
1.0066
0.69017
0.73176
0.93108
0.82006
0.84509
0.83205
0.88379
1.0303
0.90199
1.0103
1.0798
0.73534
0.87311
0.4804
0.88333
0.78786
0.4369
1.0883
0.62897
0.82575
1.1446
0.96797
0.86924
0.88973
0.88406
0.61033
0.80707
0.8933
0.47332
0.59997
0.62137
0.87341
0.69489
0.57568
0.58843
0.75091
1.1434
0.96422
0.49935
1.1248
0.99854
0.94537
0.6098
0.95754
0.89324
1.0736
0.53706
1.0149
0.40818
0.97583
1.0009
0.81952
0.71293
0.6452
0.96012
0.63694
0.90734
0.88765
0.67969
0.62439
1.0144
0.66847
0.54775
0.89513
0.82604
0.96379
0.44946
0.91798
0.84347
0.60025
0.49036
0.86088
1.0111
0.9413
0.9785
0.44462
0.96267
0.75577
0.8144
0.68595
0.64234
0.7136
0.76973
0.6308
0.76859
0.82969
0.69908
0.89197
0.61497
0.48778
1.113
0.74633
0.74293
0.87367
0.55774
0.99269
0.69712
0.72839
0.65395
0.75637
0.73441
0.92717
1.1096
0.81445
0.75016
0.91627
0.83329
0.81593
0.5546
1.1834
0.82807
0.78398
0.57161
0.67254
0.73781
0.75655
0.96426
0.72842
1.0351
0.72463
0.71859
0.5242
0.7323
0.37907
0.72635
0.93256
0.36133
0.80011
0.94054
0.84561
1.0206
1.1885
0.54895
0.67532
0.79998
0.75537
1.0715
0.88231
0.74862
0.70714
0.90069
0.85877
0.49582
0.57004
1.0123
0.99211
1.212
0.61004
0.81425
0.80165
1.0715
0.73839
0.78579
0.86487
0.65546
0.80203
0.8313
0.88142
0.82681
0.95015
0.98913
0.9539
0.70486
0.82692
0.69961
0.7572
0.80706
0.93622
0.83221
0.80766
0.77608
0.42612
1.0783
0.84
1.0055
0.84984
0.91981
0.6873
0.89925
0.87606
0.77827
0.68565
0.82488
0.79161
0.89652
0.69538
0.69241
0.70633
0.89852
0.76478
0.6237
0.73739
0.67551
0.62975
0.84827
0.62915
0.73029
0.83429
0.90753
0.68226
1.0168
0.73732
1.0066
0.91353
0.7119
0.78365
0.81573
0.99126
0.75711
1.0511
0.85749
0.9173
0.90385
0.74979
0.66781
0.52877
0.80794
0.88331
0.90815
0.94772
1.044
0.95493
1.1759
0.90478
0.99848
0.66444
0.92724
0.72286
0.45032
0.98478
0.70073
1.0004
0.8858
1.0469
0.93442
0.79334
0.79911
0.9694
0.56503
1.1046
0.81019
0.69867
0.68325
0.61649
0.61661
0.80244
0.92138
0.71193
0.79414
0.63151
0.64919
0.5873
0.96224
0.88577
0.5427
0.62018
0.84671
0.77284
1.0271
1.0053
1.0271
0.91301
0.76775
0.64777
0.63986
0.63892
1.0668
0.8435
0.70739
0.87583
0.83868
0.18802
0.34012
0.83767
0.90007
1.0072
0.752
0.87632
0.73643
0.31892
1.0814
1.072
0.83647
1.074
0.92574
0.77756
1.0073
0.7778
0.72568
0.92609
1.0029
0.83264
0.8543
0.64827
1.0529
0.82599
0.7059
0.91775
0.76548
0.70618
0.77453
0.90852
0.75495
0.78886
0.88644
0.77592
0.59337
0.73203
0.84001
0.95945
0.35423
0.98474
0.7972
0.96713
0.95442
0.98947
0.8575
0.3178
0.73896
0.70364
0.70379
0.85274
0.95807
0.67856
0.97634
0.87364
0.78396
1.0288
0.88759
1.0929
0.71987
0.80489
0.88529
0.95758
0.94093
0.72172
0.84613
0.90872
0.45867
0.73377
0.9003
0.79762
0.88649
0.90409
0.86067
0.61099
0.91921
0.54347
0.76685
0.80924
0.97705
0.89408
0.47741
0.39995
0.90405
0.91232
0.97856
0.41433
0.54196
0.67047
0.73649
0.64596
0.92754
0.65916
0.82061
0.85574
0.45167
0.81913
0.9107
0.98521
0.71587
0.69148
1.0162
1.0248
0.9991
0.54644
0.98591
0.86454
0.95048
0.65453
0.96224
1.0034
0.73019
1.0492
0.6619
0.79344
0.77816
0.84842
0.9898
0.61353
0.85808
0.99141
0.84223
0.75009
0.96799
1.023
0.77207
1.0409
0.41947
1.0787
0.76197
0.95683
0.9903
0.88263
0.7798
0.72634
0.62819
0.7179
0.82126
0.90756
0.85896
0.83303
0.69876
0.76139
0.65284
0.8858
0.93147
0.80174
0.48883
1.0014
0.81739
0.97469
1.0278
0.78696
0.62097
0.9122
0.65608
0.78203
0.74971
0.80925
0.67431
0.70777
0.8609
0.89625
0.87856
0.79581
0.75409
0.86026
0.70624
0.84041
0.84751
0.75013
0.67994
0.78821
0.775
0.89713
0.8471
0.97167
0.66058
0.86
0.9102
0.77087
0.53025
0.81306
0.70919
0.95228
0.965
0.65015
0.75172
0.68808
1.0724
0.43248
0.75308
0.81612
0.72257
0.63873
0.96206
0.9348
0.94231
0.82359
0.85189
0.88654
0.52955
0.47598
0.79836
0.7117
0.61194
0.70043
0.83037
0.93863
0.95377
0.69381
0.78125
0.39208
0.72281
0.8188
0.67024
0.49986
0.64493
0.7104
0.82002
0.88667
0.79461
0.76466
0.72543
1.1177
0.51236
0.91825
0.76684
0.89574
0.79489
0.63843
0.60946
0.86268
1.021
0.78961
0.85808
0.9022
0.70508
0.94266
0.78744
1.1314
0.72531
0.78023
0.77829
0.75443
0.78415
1.0237
0.86239
0.84399
0.73645
0.61755
0.71645
0.58792
0.79595
0.68838
0.72977
0.91968
0.73804
1.0675
0.70251
0.90782
0.97229
0.97995
0.49798
0.46178
0.90507
0.97665
0.77269
1.0652
0.8874
0.99837
0.75623
0.9395
0.75965
0.90949
0.83245
0.77755
0.61699
0.85214
0.67655
0.91731
0.90059
0.97516
0.81269
1.0576
0.8555
0.60479
0.85936
0.74459
0.60844
0.94063
0.89118
0.56878
1.1786
0.88466
0.44952
1.045
0.75668
0.88692
1.0765
0.70669
0.83794
0.80809
0.81287
0.54056
0.89038
0.9114
0.90062
0.62964
0.85311
0.72389
0.75084
0.86593
1.0027
1.0809
0.7116
0.67217
1.0175
1.0174
0.56805
0.89818
0.95654
0.98867
0.79537
0.46783
1.0262
0.97742
0.94915
1.053
0.89448
1.0025
0.6168
0.85077
0.5771
0.67819
0.78982
0.94453
0.6326
0.89461
0.94223
1.0913
1.0074
0.74371
0.97433
1.0225
0.59384
0.76668
0.86534
1.0596
0.57098
0.96618
0.72456
0.95253
0.74307
0.81842
0.77402
0.92177
0.43808
0.80426
0.71531
0.79278
1.0793
0.93206
1.0018
0.89362
0.96759
1.0521
0.94413
0.5855
0.77647
0.46005
0.94207
0.94688
0.8829
0.79051
0.89974
0.66872
0.85939
0.74162
0.65648
0.89372
0.75882
0.84402
0.78378
0.7804
0.56912
1.0158
0.78933
0.91842
1.0199
0.81573
0.8719
0.90751
0.71729
0.83618
0.91803
0.80185
0.87822
1.0105
0.89991
0.89631
0.72952
1.0431
0.74542
0.80449
0.84067
0.72773
0.82481
0.76532
1.0227
0.77607
0.83002
0.91057
0.86937
0.41747
0.83944
0.72532
0.89859
1.0117
0.8479
1.0242
0.89914
1.0301
0.62993
0.91619
0.90601
1.0277
0.89935
0.7734
0.79504
0.69841
0.77003
0.64264
0.98909
0.60228
0.8599
0.39487
0.70722
0.73069
0.57149
0.8965
0.76309
0.84323
0.80185
0.56911
0.47939
1.1416
0.93368
0.96606
0.61503
0.65808
0.584
0.97137
0.79055
0.76504
0.83608
0.73835
0.70487
0.98234
0.69851
0.50473
0.63317
0.78389
1.0082
0.74726
0.85988
0.97559
0.78008
0.93162
0.87669
0.97716
0.58791
0.95184
0.72072
0.92142
1.0641
0.91591
0.74172
0.71253
0.82793
0.59174
0.8282
0.53738
1.0874
0.66529
0.91928
0.67111
0.61005
0.95879
1.0136
0.69452
0.98732
1.0705
0.66771
0.8122
0.94989
0.80465
0.91471
1.0109
0.93775
0.83303
0.73573
0.78661
0.70329
0.70871
0.53559
0.88514
0.64292
0.49211
0.77982
1.0512
0.86883
0.78174
0.96863
0.72272
0.83889
0.71292
0.68102
0.7888
0.54774
0.88081
0.97785
0.70915
1.0031
0.56124
0.83123
0.60102
0.57793
0.89456
1.2001
0.65063
0.70987
1.0242
0.69518
0.88123
0.71155
0.87785
1.0847
0.91677
0.35598
1.0965
0.9693
0.80105
0.77973
1.1163
0.69272
0.70436
0.72589
1.1263
0.96216
1.2018
0.53793
0.61292
0.87859
1.1295
0.68134
0.84322
0.81219
0.88241
0.62265
0.94386
0.71693
0.84089
0.67881
0.50784
0.61212
0.53287
0.5852
0.69381
0.84183
0.70938
0.85652
0.76463
0.9109
0.71911
1.0537
0.85041
0.57821
0.90313
0.42314
0.68401
0.95645
0.96881
0.93906
0.60068
0.93178
0.35088
0.66974
1.1688
0.77795
0.61923
0.81299
0.69326
0.59247
0.76096
1.0635
0.84444
1.0839
0.96248
0.78652
0.79872
0.71028
0.79612
0.80614
0.86046
0.96528
0.59056
0.5746
1.1996
0.8239
0.74782
0.80606
0.66115
0.70743
0.88859
0.52945
0.77931
0.57714
0.6261
0.59375
0.70329
0.77961
0.50047
0.83667
0.86775
0.71478
0.9169
0.7179
0.85959
0.76721
0.81961
0.63047
0.64569
0.98264
1.0596
0.95123
0.66976
0.65431
0.72912
0.56575
1.0317
1.0124
0.80608
0.50714
0.79944
0.84894
0.68671
0.93483
0.60271
0.90022
0.90824
0.59865
0.83407
0.68999
0.86915
0.8208
0.90503
0.56974
0.714
0.56738
0.71925
0.7899
0.89683
0.75164
0.87409
0.49269
0.65974
1.0209
0.85837
0.9368
0.95508
1.0887
1.0744
1.0703
1.1472
0.95921
1.0311
0.78136
0.67522
0.77754
0.7296
0.70056
0.82732
0.97949
0.77597
0.588
0.86112
0.82641
1.0229
0.81118
0.50635
0.74813
0.89592
0.94911
0.89018
0.89148
0.87465
0.82923
0.99236
0.81091
0.68835
0.58099
0.31934
0.82826
0.72838
0.70431
0.83148
0.97097
0.49596
0.887
0.57527
0.8371
0.75605
0.69686
0.99205
0.65784
0.63199
0.74118
1.0283
0.74387
1.119
0.38662
0.47177
0.74677
0.95706
0.71412
0.89195
0.92217
0.90573
0.93421
1.2091
0.89185
0.94908
0.81639
1.0912
0.87529
0.88544
0.77481
0.94986
0.74158
0.73659
0.97503
0.97754
0.93304
0.82645
0.42165
0.99582
0.69383
0.8925
0.94589
0.82847
0.88916
0.8934
0.76777
0.86176
0.79738
1.0207
0.52921
0.92421
1.011
0.76698
0.96888
0.8161
0.89238
0.57695
0.68491
0.92404
0.74232
0.80361
0.90009
0.57754
0.97454
0.9534
0.39386
0.80424
0.58172
0.85157
0.63895
0.77938
1.0291
0.91864
0.71316
0.61568
1.0342
1.0254
0.76267
0.55348
0.71735
0.78398
0.70261
0.81616
0.61251
0.88467
0.81556
0.6015
0.85411
1.0039
0.69781
1.2104
1.0556
0.4727
0.8843
0.58343
0.60402
0.80271
0.64379
0.6099
0.73198
0.77948
0.80314
0.60427
0.7823
0.9121
0.99578
0.64011
0.79875
0.87651
0.89879
0.88973
0.87087
0.88907
0.45429
1.0543
0.51568
0.65464
1.049
0.96889
0.88254
1.0784
0.94574
0.61421
0.42444
0.75154
0.53733
1.0397
0.79585
0.72733
0.86371
0.89181
0.94153
0.69413
0.93156
0.74097
0.98169
0.84379
0.80728
1.0478
0.82608
0.81447
0.78377
0.62659
0.70594
0.7841
0.56308
0.69212
0.7074
0.84151
0.82546
0.78611
0.91605
0.70015
0.50783
0.46891
0.71335
0.76885
0.75107
0.79119
1.1085
0.82922
0.96473
0.97839
0.54292
0.51975
0.43007
0.96401
0.92624
0.6289
0.61103
0.89782
0.76174
0.87622
0.53428
0.86305
1.0441
0.82786
0.66286
0.89255
0.82089
0.59274
0.86514
0.32571
0.80536
1.1227
0.91232
1.0434
1.0073
1.0076
0.98219
0.85024
0.9549
0.85475
0.47682
0.87667
0.78613
0.54084
1.0531
1.0069
0.63002
0.97215
0.55528
0.69456
0.84741
1.1169
0.71559
0.82089
0.79841
0.65697
0.59923
0.51864
1.1305
0.63833
0.81602
0.32556
1.0173
0.77101
0.68229
0.76826
0.71254
0.66716
0.97198
1.0408
0.95013
0.70458
0.74237
1.1022
0.75065
0.776
0.98509
0.69614
0.97365
0.9258
0.75882
0.71896
0.89909
0.77036
0.67334
1.1069
1.0596
0.89021
1.007
0.65812
0.95634
0.99606
0.73062
0.83281
0.95179
1.0529
0.66575
0.7
0.87328
0.98211
0.8806
0.66423
0.72145
0.78462
0.79485
0.6383
0.989
1.0481
0.54998
0.91007
0.54885
0.87412
0.86114
0.51521
0.80763
0.58884
0.94725
0.8642
0.86553
0.96121
0.67783
1.0941
0.78843
0.78052
0.88173
0.92775
0.58378
0.72979
0.81312
1.0885
0.96594
0.68539
0.72542
0.81513
0.60128
0.95671
1.0355
0.70625
0.93568
0.96963
0.9762
0.65415
1.1149
0.71422
0.91655
0.83242
0.97612
0.89223
1.0843
0.69533
0.62542
0.92397
0.97577
0.74732
0.73681
0.83301
0.97267
0.99948
0.71851
0.77194
0.96627
0.8468
0.73741
0.97681
0.93706
0.9521
0.88931
0.92926
0.82516
0.62626
1.007
0.90397
0.80716
1.0489
0.99045
0.81984
0.76625
0.75575
0.68531
0.5962
0.70648
0.9554
1.0542
0.66407
0.76698
0.74453
1.1866
0.91536
0.45023
1.0119
1.0672
0.92866
0.6509
0.52958
0.91758
0.76433
0.8243
0.98549
0.84286
0.94331
0.77589
0.50363
0.9067
0.76586
0.43985
0.84557
0.77443
0.59352
0.62192
0.54247
0.72993
0.73547
1.1324
0.68352
0.82693
0.77451
1.2544
0.5656
0.41618
0.991
1.1919
0.93541
1.057
0.6558
0.66238
0.60409
0.74866
0.94987
0.58226
0.75432
1.0318
0.90724
0.85411
0.64508
1.0873
0.79312
1.0099
0.89428
0.49028
1.0252
0.77736
0.4384
0.85565
0.73208
1.1066
0.86117
0.87735
0.85907
0.53496
0.84099
0.93693
0.88589
0.77292
1.0262
0.84805
1.0733
0.59664
1.0216
0.58724
0.90779
0.7361
0.4383
0.83502
0.90008
0.98847
0.87552
0.94392
0.78139
0.63841
0.70956
1.0244
0.93986
0.88188
1.0935
0.83302
0.55544
0.76636
0.88495
0.59842
0.77782
0.64082
0.92289
0.93589
0.8769
0.80055
0.92716
0.5263
0.96
0.90933
0.9909
0.94644
1.0669
0.51553
0.78183
0.75188
0.72572
0.71147
0.80985
0.95171
0.96362
0.81483
0.86628
0.76828
1.0657
1.1004
0.8577
0.68484
0.89891
0.90017
0.80656
1.0175
1.0423
0.90938
1.0338
0.83002
0.57004
0.86083
0.79033
1.063
1.0163
0.92662
0.71352
1.0553
0.92754
0.9757
0.69871
0.59785
1.0339
0.65787
0.70948
0.74888
0.79672
0.80608
0.94756
0.80266
0.70067
0.9141
1.0469
0.74542
0.89394
0.92228
0.75102
0.84508
0.61355
0.98414
0.8498
0.72939
0.39394
0.65928
0.95887
0.62179
1.0246
0.88373
0.55486
0.65555
0.92949
0.94876
0.44921
0.75623
0.6697
0.96924
0.72173
0.74416
0.5373
0.8939
0.6791
0.99149
0.83049
0.94685
0.79689
0.63391
0.8708
0.85385
0.74302
0.69513
0.70256
0.76306
0.95165
0.76041
0.77261
0.62511
0.88376
0.64482
0.71717
0.61052
0.95385
1.0869
0.6372
0.65239
0.98888
0.80216
0.79631
0.63057
0.9153
0.58321
0.62916
0.9425
1.044
0.91308
0.89891
0.87628
0.99141
1.0422
0.41406
0.68099
1.0441
0.43587
0.74916
0.80852
0.87545
0.66184
0.75889
1.0033
0.94197
0.79941
0.88526
0.98145
0.7375
0.52441
0.94103
0.99127
0.60702
0.62054
0.83005
0.67776
0.73832
0.75945
0.8159
0.8706
0.90251
0.84877
0.81482
0.60646
1.044
0.47534
0.55098
0.88734
0.77363
1.1793
0.84971
0.73872
1.0561
0.5616
0.83152
0.78133
0.88452
0.75656
0.59286
0.52056
0.78745
0.87105
1.1106
0.8436
0.95687
0.62358
0.97896
0.6884
0.94053
0.71167
0.92472
0.73831
0.50826
0.85108
0.82476
0.84465
0.89807
0.69079
0.68321
0.71276
0.83703
0.88991
0.6707
0.7716
0.63276
0.98966
0.64317
0.7653
0.88851
1.0476
0.86718
0.60466
0.97205
0.86492
0.70574
0.72329
0.62913
0.8234
0.85115
0.51094
0.64057
0.69333
0.7255
0.85438
0.80619
0.75263
0.65032
0.84923
0.7608
1.0437
0.8004
1.0777
0.76596
0.77815
0.83753
0.70131
0.68242
0.67148
0.82152
0.7755
0.50018
0.88111
0.46014
0.99623
0.58553
0.76779
0.64527
1.0757
1.0238
0.93484
0.62755
0.59996
0.70564
0.59791
0.73471
1.0345
0.60598
0.85744
0.77016
0.83384
0.77965
0.79004
0.70757
0.94028
0.82636
0.86964
0.98147
0.62082
0.79332
0.61375
0.87069
0.85298
0.68795
0.71221
0.81331
1.057
0.91061
1.0515
0.67237
1.0214
0.79803
0.78473
0.82391
0.70793
0.77809
0.80225
0.48857
0.98447
1.0008
0.81422
0.80094
0.54534
0.57809
0.73088
1.0238
0.33733
1.1302
0.74963
0.87727
0.72942
0.6622
0.77149
0.8851
0.88744
0.90478
1.0254
0.82794
0.76179
0.80176
0.54179
0.77921
0.69246
0.57228
0.56465
0.83076
0.38361
0.87487
0.41365
0.82611
1.0498
0.87288
0.77804
0.80959
0.94269
1.0592
0.71867
0.77621
0.82851
1.0643
0.89907
0.91404
0.93947
0.71997
0.88657
0.8519
0.76861
0.51816
0.92167
0.71279
0.76212
1.106
0.99148
1.0735
0.91838
0.64586
0.6944
0.72307
0.59916
0.75494
0.41649
0.51942
0.51206
0.73823
0.99453
0.93444
0.52867
0.5238
0.79693
0.78885
0.61351
0.84767
1.0259
0.96374
0.99003
0.88006
0.87983
1.0032
0.49309
0.8106
0.61994
1.0113
0.91812
0.80006
0.64695
0.6039
1.0573
0.86674
0.94632
0.93976
0.56263
0.92416
0.89007
0.91046
1.0208
1.107
0.93604
0.70137
0.9013
0.81477
0.67597
0.59059
0.69977
0.84244
0.54057
0.95314
0.99431
0.61952
0.72001
1.0228
0.86068
1.0274
0.84326
0.66628
0.91565
0.89382
0.35393
1.037
0.93371
0.96117
0.58392
0.90219
1.0116
1.0099
0.98175
0.85845
0.75721
0.66084
0.62045
0.71909
0.87425
0.96572
0.33359
0.73856
0.66013
0.64913
0.70165
0.67408
0.94262
0.7702
0.7475
0.90395
0.97084
0.58145
0.90721
0.6635
0.99749
0.69977
0.85447
0.71923
0.77835
0.77887
1.2116
0.91031
0.85201
1.0771
0.37181
0.76277
0.9322
0.90101
0.77499
1.1113
0.49024
1.1038
0.735
0.71594
0.67324
0.76805
0.86745
0.75483
0.88836
0.83882
0.65596
0.89927
1.1348
0.4788
0.83115
0.95199
1.0243
0.83776
0.74199
1.0011
0.85276
0.60856
1.137
0.8968
0.8822
0.73506
0.86198
0.79093
1.1621
0.81176
0.54489
0.68748
0.43186
0.7362
0.93098
0.95943
0.65765
0.76839
0.92887
0.75114
0.93717
0.82914
1.0283
0.97768
1.003
1.0273
0.84061
0.53121
0.86335
0.58152
1.1029
0.88084
0.60993
0.7315
0.85694
0.88289
0.73756
0.57097
0.95684
0.96486
0.87386
0.81486
0.67878
1.0342
0.82166
1.1594
0.84008
0.90357
0.89217
0.59882
0.88875
0.61117
0.857
0.88884
0.50886
0.93715
0.77909
0.81742
0.62731
0.88347
0.81735
0.75351
0.60439
0.94738
0.7218
0.87755
1.2014
1.0272
0.77883
0.82038
0.60216
0.8497
0.54822
0.88554
0.25964
0.76653
0.78373
0.97902
0.54226
0.79198
0.89482
0.50616
0.37563
1.0121
0.81365
0.94864
0.83293
0.74409
0.65763
0.66146
0.62321
0.97754
0.87593
0.96314
1.118
0.68072
0.59969
0.81878
0.77637
0.74264
0.54086
0.61923
0.91862
0.80367
0.96136
0.69128
0.91997
0.76556
0.88613
0.61755
0.92028
0.94505
0.79629
0.57965
0.79768
0.94504
0.58124
0.95404
0.55265
1.0801
0.85451
0.57472
0.6977
0.95743
0.92257
0.71412
0.85241
0.91555
0.82905
0.77237
0.77289
0.82415
0.69156
0.78096
0.67476
0.49938
0.89109
0.8949
0.85053
0.83151
1.0756
0.65375
0.85382
1.0209
0.87248
0.80664
0.72377
0.92112
0.80825
0.81035
0.62517
0.91977
0.78922
0.68947
0.91138
1.0573
0.67479
1.002
0.81904
0.80542
0.77765
0.54133
0.82862
0.57162
0.43619
0.6406
1.015
1.099
0.61535
0.81608
0.71635
0.98859
0.92638
0.97816
1.0776
0.86786
0.91759
0.8161
0.82989
0.56529
0.62344
0.61198
0.82924
0.7724
0.6091
1.0245
0.519
0.67576
0.9414
0.9606
0.69213
0.90673
0.92118
0.75862
0.74992
0.65898
0.78249
0.4396
0.56081
1.0938
0.4179
0.74621
0.87347
1.122
0.94097
0.74694
0.81332
0.75714
0.63432
0.76407
0.81608
0.86381
0.69503
0.60923
0.52797
0.76069
0.8789
0.96898
0.68157
0.98563
0.65705
0.85504
0.85089
0.77595
0.83659
0.58604
0.63207
1.0854
0.94178
0.97654
0.89185
0.73657
0.95969
1.0426
0.96919
0.87669
0.88177
0.7636
0.96278
0.77745
0.78575
0.72377
0.84242
0.73442
0.50461
0.82629
0.82488
0.66708
0.65229
0.38263
0.69716
0.97404
0.62257
0.70283
1.0659
0.49182
0.93798
0.79883
0.58312
1.0421
0.78781
0.86001
0.90833
0.73755
0.78768
0.91333
0.78544
0.74209
1.0554
0.69387
0.74687
0.89858
0.84654
0.5229
0.79649
1.1148
0.93847
0.63558
0.67683
0.89159
0.77456
0.79039
1.0749
0.79208
0.79404
0.47748
0.72033
0.51513
0.58015
1.0798
0.7793
0.84085
0.8177
0.56895
0.8527
0.98108
0.65938
0.81322
0.64142
0.921
0.84231
0.74478
0.55889
0.90749
1.0169
0.96292
0.81987
0.74223
0.9305
0.62908
1.0195
1.0365
1.0783
0.6914
0.75606
0.87697
0.66023
0.76987
0.87463
1.2254
0.92765
0.8202
0.91824
0.40397
0.76115
0.97881
0.74322
0.65823
0.83918
0.72105
0.71084
0.84398
0.68093
0.88047
0.87026
0.81759
0.75172
0.74894
0.45811
0.6918
1.0108
0.70068
0.509
0.95197
1.1016
0.74174
1.0425
0.65693
0.7904
0.86052
0.92321
0.90812
0.51157
0.87534
1.0437
0.90464
0.71315
1.0893
0.49964
0.18783
0.65945
1.0317
0.70109
1.0568
0.79609
1.0164
0.70343
0.74545
1.0754
0.38565
0.84178
0.5993
0.80205
0.79216
0.6454
0.75537
0.75232
1.0018
0.68292
0.88486
1.0938
0.70651
1.0921
0.93972
0.78093
0.82206
0.81088
1.0401
0.88808
1.0731
0.81698
0.69809
0.78304
0.76631
0.92071
0.49174
0.79663
0.95114
0.90541
1.0284
0.66918
0.88786
0.79022
0.94895
1.0026
0.99548
0.89988
0.8806
0.67759
0.34864
0.96986
0.78194
0.65581
0.56955
1.0126
0.8288
0.59714
0.40421
0.91707
0.68413
0.64527
0.93559
0.83067
1.0724
0.8228
0.6447
0.77709
0.76638
1.2589
0.84962
0.70616
0.64788
0.71122
1.0957
0.78943
0.95921
0.78218
0.85468
0.71839
1.1722
1.0011
0.83032
0.4391
0.81958
0.72972
0.92761
0.73926
0.50088
1.122
1.0444
0.94636
0.81923
0.8154
0.78533
0.97627
1.097
0.9376
0.51534
1.0764
0.7042
0.7937
0.85439
1.0142
0.93887
0.78018
1.0425
0.77176
0.78746
0.83879
0.87629
0.82496
0.78873
0.9015
0.90539
0.86996
0.61508
0.78907
0.67056
0.83382
0.90846
0.54583
0.74928
0.94407
0.88459
0.99655
0.74262
0.94816
1.0116
0.95342
0.56301
0.96732
0.90893
0.68923
0.82117
0.61694
0.72972
0.66269
0.80712
1.0592
0.87744
0.92971
0.92687
0.81139
0.79703
0.80589
0.97273
0.77789
0.85591
0.802
0.79972
0.97439
1.0144
0.87875
0.71921
0.50693
1.0064
0.7003
0.65095
0.71416
0.74298
0.90132
0.83253
0.32961
0.58819
0.87028
0.58744
0.65325
0.42817
0.83076
0.84494
0.94739
0.73907
1.0481
0.78126
0.88526
0.82719
0.66479
0.92079
0.84434
0.71787
1.0829
1.159
0.91129
0.7466
0.88042
0.61325
0.85759
0.6064
0.91552
0.75793
0.78491
0.93348
0.7275
0.94017
0.31617
0.79122
0.67236
0.99483
0.88871
0.95794
0.79607
0.78043
0.83685
0.85687
1.1805
0.87352
0.78854
1.0507
0.80668
0.4563
0.94845
1.0387
0.69507
0.82818
0.92474
0.85191
0.64196
0.84196
0.81451
0.70541
0.73309
0.76117
1.0363
1.0001
0.73183
1.0181
0.49909
1.0339
0.9446
0.83774
0.96676
1.1229
0.78917
0.61627
0.70335
0.76824
0.9949
0.83224
0.98891
0.67902
0.9066
0.60278
0.49855
0.69045
0.95346
0.7434
0.63319
0.52112
0.79635
0.73182
0.85296
0.92937
0.7902
0.92074
0.78659
0.61593
0.85016
0.45637
0.99315
0.7977
0.76245
0.93435
0.89567
0.71875
0.76245
0.87276
0.64223
0.67998
0.92351
1.0165
0.85147
0.84414
0.88248
0.9324
0.83408
0.97294
0.85172
0.92968
0.87806
0.56456
1.0071
0.62704
1.0668
0.6735
0.78273
0.81913
0.57028
0.90935
0.75383
0.80063
1.1156
1.01
0.78693
0.66738
0.93448
0.51143
0.65505
0.94256
0.69207
0.56992
0.33904
0.90385
1.0792
0.76408
0.96612
0.79023
0.70935
0.66192
0.98154
0.74614
0.98642
0.88954
0.825
0.67038
0.70307
0.68076
0.97643
0.77037
0.60015
0.91215
0.97691
0.91938
1.0583
0.75668
0.70064
1.0579
0.78662
0.43153
0.88507
0.81924
0.61274
0.924
0.87587
0.62145
0.75752
0.80313
1.0283
0.89921
0.7749
0.8518
0.72395
0.67372
1.1441
0.86396
0.83616
0.67553
1.0226
0.89135
0.56326
0.89659
0.95762
1.0001
0.65847
0.77391
0.67641
0.78807
0.84723
0.88971
0.96954
0.76624
0.85381
0.61864
1.0321
0.87268
0.90026
0.74072
0.7604
0.5788
0.97819
0.85369
0.89772
0.78491
0.76753
0.83836
0.71063
0.92972
1.0422
0.74368
0.89592
0.9256
1.0184
0.74171
0.81614
0.74327
0.91718
1.0513
0.6178
0.53089
1.0374
0.76394
0.77075
0.85793
0.3334
0.85232
0.97886
0.43835
0.75957
0.9522
0.72426
0.90846
0.99602
0.56413
0.68597
0.88895
0.92408
0.74637
0.77331
1.0049
0.84402
1.0878
0.72627
0.66777
0.74592
0.75806
0.91673
0.96389
0.64246
0.72917
1.1542
1.0062
0.75396
0.86168
1.0194
0.89856
1.0283
0.77247
0.95626
1.0981
0.92589
0.98035
0.51498
0.76556
0.73689
0.82424
0.43996
0.71167
0.8392
0.8919
0.86081
1.0218
0.82202
1.0693
0.88267
1.0623
0.82054
0.9095
0.6436
0.95632
1.0693
0.86929
0.89529
0.77485
0.47707
0.86798
0.64373
0.77833
0.84212
0.68966
0.9786
0.63631
0.4283
0.89373
0.63432
0.92343
0.73226
0.9714
0.5643
0.84166
0.8261
0.82656
1.0748
0.85298
0.72813
0.99785
0.93108
0.81434
0.77043
0.80918
1.3334
0.67025
0.8945
0.8366
0.99957
0.78458
0.80253
1.077
0.57582
0.99082
0.55963
0.80326
0.6335
0.96702
0.56273
0.98309
0.43206
0.88926
0.50253
0.60502
0.83112
1.0219
0.75052
1.131
0.60773
1.129
0.72235
0.79292
1.0392
1.0544
0.78332
0.72261
0.64103
0.50274
0.90438
1.0919
0.76428
0.63598
0.82212
0.69284
0.80397
0.40309
0.75701
0.90181
0.82754
0.97209
0.69064
0.82806
1.1124
0.44982
0.86923
0.94502
0.62174
0.78477
0.74234
0.77451
0.89674
0.4564
1.0907
0.72118
0.80741
0.63916
0.70201
0.69978
0.72072
0.90668
0.8526
0.84024
0.83067
0.81624
1.0607
0.67304
0.82239
0.81862
0.96532
0.9281
0.95782
0.85804
0.86644
0.63931
0.819
0.926
0.69198
0.79183
0.82222
0.87684
1.0866
0.91376
0.95267
0.73481
0.65262
0.95546
0.61186
0.7104
0.95259
0.77355
0.83205
0.81535
0.70915
1.1253
0.66524
0.94412
0.86654
0.60511
0.80046
0.83878
0.87622
0.91067
0.88844
0.85456
0.77515
0.54509
0.62213
0.76512
0.80851
0.91666
0.74633
0.97207
0.96922
0.81282
1.0171
0.89245
0.81287
0.85508
0.97728
1.0011
0.84884
0.71627
0.97475
0.75838
0.7893
0.76008
0.64131
0.70768
0.9167
0.89736
0.55913
0.94668
0.84938
0.85913
0.86777
0.72474
0.90656
0.97747
0.95699
0.75398
0.74568
0.68958
0.80931
0.65841
0.83786
0.91866
0.89779
0.90608
0.51845
0.944
0.80399
0.90724
0.96617
0.82865
0.71367
0.60594
0.96666
0.85391
0.74711
0.88349
0.50758
1.0546
0.85115
0.97282
0.8
0.74486
0.90296
0.88655
0.81864
0.79615
1.0452
0.87455
0.96104
0.38066
0.7615
0.97126
0.87439
0.95141
1.0328
0.81949
0.781
0.50186
0.70793
0.98679
0.85062
0.73065
0.86854
0.91368
1.2176
0.85158
0.95869
0.73714
0.99554
0.93522
0.77375
0.86606
0.99365
0.69837
1.0206
0.23932
0.5721
0.57817
0.44885
0.97105
0.78672
0.89116
0.7843
0.88156
0.8688
0.69516
0.90408
0.95079
0.78149
0.8155
0.65814
0.81861
0.8299
1.0755
0.74818
0.82255
0.70125
0.75363
0.87078
0.91916
0.7257
0.85273
1.0293
0.71244
0.8842
0.75241
0.60483
0.74266
0.84253
0.60887
0.77159
0.75957
1.1313
0.87302
0.6716
0.7333
0.78517
0.91727
0.83671
0.92828
0.89762
0.95671
1.1601
0.74358
0.72435
0.77356
0.84347
0.92216
1.2152
0.75826
0.70421
1.1033
0.9687
0.61954
1.0161
0.47686
0.91331
0.83452
0.89933
0.77811
0.84508
1.0566
0.56244
0.76252
0.96687
0.74595
0.73481
0.76263
0.94528
0.99937
0.7928
0.66261
0.64035
0.57796
0.9596
0.75626
1.0068
0.90528
1.104
0.79745
0.89275
0.67126
0.7146
0.83223
0.56162
0.82723
0.82697
0.76579
0.58474
0.85941
1.0806
0.60108
0.88036
0.61709
0.60584
0.74763
0.96481
0.74735
0.75315
0.96541
0.7329
0.63646
0.84307
0.76729
0.99032
0.70346
0.6602
0.58747
0.49179
0.92643
0.70089
0.82897
0.8703
0.84991
0.92711
0.71334
0.86737
0.87578
0.87136
1.0456
0.99695
0.77818
0.72312
0.81002
0.95174
0.70761
0.94252
0.95896
0.9104
0.91584
0.75149
0.63832
0.76603
0.8124
0.5507
0.76465
0.97745
0.63706
0.71869
0.68441
0.8488
0.95012
0.552
0.81302
0.92697
0.73922
0.82828
0.8005
0.72066
0.55904
0.45993
1.0052
0.65078
0.79171
0.60143
0.92906
0.70452
0.75746
0.76556
0.99003
0.91828
1.0385
0.34499
0.82117
0.72543
0.95168
0.91504
0.87858
0.82827
0.88429
0.62163
1.1423
0.796
0.79584
0.49351
1.0124
0.62105
0.99811
0.88967
0.59349
0.86996
1.0151
0.91039
0.75026
0.56059
0.80959
0.7121
0.71125
0.72231
0.83168
0.54165
1.0687
0.5767
0.82087
0.60303
0.7323
0.74632
0.89949
0.90147
0.54244
0.66714
0.84214
1.007
0.70289
0.67191
0.5596
0.76853
0.80069
0.77812
0.71706
0.7874
0.77564
0.85968
0.91048
0.76892
0.58132
0.38705
0.49017
0.97034
0.85654
0.87215
0.78929
0.7892
0.68846
0.82083
0.61105
0.83589
1.0829
0.81968
0.96211
0.86014
1.0223
0.46469
1.0166
0.79931
0.92348
0.87469
0.63408
0.85943
0.28413
0.68182
0.62848
1.0184
0.72812
0.71077
0.72605
0.7554
0.65657
0.63665
0.7604
0.96376
0.93288
0.93518
0.93405
0.77053
0.78307
0.71445
0.67787
1.0015
1.0163
0.98289
1.0674
0.80447
0.94209
0.86784
0.77939
0.9425
0.79824
0.76054
0.79521
0.72832
1.0476
0.78226
0.98581
0.88198
0.99362
1.0434
0.97862
0.90199
0.86588
0.87073
0.84257
0.86879
0.68066
1.0158
0.7912
0.68406
0.86887
0.57644
0.80859
0.80093
0.842
0.95996
0.8439
0.91278
0.70337
0.84566
0.61277
0.9177
0.9676
0.79451
0.86735
0.8105
0.83504
0.89478
0.66822
0.74258
0.84445
0.85715
0.97949
0.90326
0.72561
0.57582
0.90313
0.77938
0.76883
0.86751
0.58467
1.0073
0.7173
0.59355
1.0544
0.86337
1.0289
0.77293
0.91973
1.0653
1.2011
0.71405
0.59278
1.125
0.87841
0.83268
0.90725
0.97575
0.99871
0.65822
0.74199
0.78629
0.63777
0.86971
0.80366
0.71659
1.0091
0.72639
1.1316
0.79079
0.90369
0.97889
0.69392
0.8282
0.73442
0.97896
0.65233
0.94797
0.68666
1.1794
0.64716
0.63015
0.75105
0.89631
0.62337
0.6239
0.66059
0.6963
0.84229
0.89745
0.58426
0.71647
0.65666
0.99453
0.71524
0.84089
0.98792
0.99702
0.66013
0.70812
0.72425
0.66773
0.87011
0.70659
0.67417
0.91449
0.8987
0.54658
0.60956
0.91774
0.94951
0.97508
1.0172
0.42448
0.86606
0.84019
0.93583
0.84489
0.68173
0.67584
0.75551
0.79733
0.91811
0.84793
0.95573
0.74588
0.92966
0.65611
0.90087
0.40746
0.87016
0.47436
0.7411
1.0353
1.0259
0.96216
0.86003
0.63114
0.89803
0.97093
0.74565
0.87788
0.84053
1.0289
0.9124
0.88575
0.71464
1.0586
0.76482
0.94344
0.70234
0.68867
0.98687
0.92631
0.8509
0.72314
0.82296
0.88384
0.98596
0.92513
0.76472
0.90351
0.74299
0.70598
0.9386
0.91536
0.65743
0.95133
0.65788
0.87031
0.83796
0.59126
0.64643
0.74977
0.74342
0.97694
1.0376
0.83768
0.93626
0.78713
0.73766
0.94004
0.72088
1.1806
0.82213
0.81633
0.92855
1.0529
1.0482
0.83044
0.83151
0.79901
0.86162
0.91045
0.85366
0.86191
0.64401
0.58187
0.77515
0.5159
0.62503
0.72333
0.58746
0.93097
1.0825
0.87081
0.86307
0.80263
0.98206
0.83832
1.0559
0.78182
0.45877
0.71103
0.91215
1.0198
0.77585
0.91381
0.71067
0.82046
1.1917
1.05
0.87158
0.61472
0.95018
0.7733
0.93492
0.84354
1.0572
0.81987
0.80885
0.70725
0.46384
0.74273
0.83962
0.56023
1.0426
0.90279
0.73589
0.96084
0.68461
0.60934
0.79403
0.57768
0.88749
0.74998
0.93867
0.74879
0.90551
0.54119
0.34908
0.94564
0.40316
0.85363
0.87925
0.99438
1.0392
0.65795
0.91071
0.90749
0.75762
0.71548
0.9635
0.74881
0.91901
0.8084
0.96889
0.86369
0.57944
0.86182
0.56327
0.79
0.66049
0.87572
0.78139
0.84361
0.60058
0.57352
1.018
0.72099
0.74516
0.86242
0.73973
0.76771
0.73237
1.0466
0.66865
1.0007
0.76168
0.57752
0.93368
0.66747
0.90004
0.78412
1.0317
0.71756
0.75272
0.97073
0.75216
0.48872
0.98581
0.96837
0.63916
0.73805
0.97277
0.47793
0.85753
0.87878
0.92106
0.74582
0.30632
0.85259
0.89985
0.62839
0.92828
0.85016
0.93735
0.93971
1.0813
1.0745
0.81312
0.82146
1.0003
0.93444
0.85118
0.58325
0.85403
0.90812
0.71164
0.94231
0.95688
0.47586
0.86028
0.99409
0.98913
0.84974
1.1513
0.52485
0.87089
0.80284
0.7852
0.60371
0.78929
1.0334
0.62436
0.79969
1.0743
0.6311
1.0529
1.0653
0.9795
0.97086
1.0664
0.87163
0.79918
0.85061
1.0325
0.82507
0.58234
0.89449
0.69315
0.97779
0.86661
0.96436
0.80621
0.65518
1.1543
0.90199
0.47126
0.4551
1.0061
0.79329
0.62723
0.72077
0.67048
1.103
0.99188
0.96826
0.70133
0.84303
0.58668
0.96085
0.91152
0.85643
0.83871
0.91471
1.122
0.93115
0.9471
0.97191
0.90649
0.70012
0.8961
0.6079
0.91747
0.68924
0.48521
0.80259
0.99514
0.81835
0.69808
0.92308
0.54717
0.89195
0.91381
0.80372
0.45975
0.66391
0.85251
0.67389
1.0192
0.68867
0.84696
0.6266
1.0104
0.92088
0.73361
0.9396
0.88824
0.50352
0.91436
0.35264
0.91667
0.92717
0.69635
0.95581
1.0171
0.56756
0.90561
0.82491
0.81914
0.80939
0.84327
0.94728
0.33885
0.33766
0.61192
0.95892
1.0492
1.1251
0.72781
0.82988
0.82601
0.8442
0.69485
0.88921
0.77332
0.66895
0.86007
0.80208
0.72686
0.6749
0.88042
0.84658
0.75307
0.99521
0.97193
0.72942
0.83523
0.85343
0.87258
0.64739
0.66825
0.81351
0.35249
0.91944
0.49186
0.8344
1.0326
0.80163
0.79327
0.74642
0.56707
0.8184
0.86509
0.6513
0.67376
0.82894
0.85702
0.76481
0.86476
0.66095
1.0487
1.0168
0.84456
0.89546
0.5273
0.72237
0.62149
0.93955
0.7727
0.90899
0.76767
0.80645
1.0621
0.91139
0.78841
0.27654
0.78971
0.9332
0.73097
0.8394
1.128
1.0831
0.87326
1.0466
0.74642
1.0524
0.65233
0.8812
0.61461
0.65178
0.58335
0.5959
0.64984
0.79961
1.071
0.68761
0.59863
0.69468
0.80718
1.0684
0.62928
0.75039
0.90504
0.92427
0.90937
0.73607
0.92538
0.51639
0.81137
0.61068
0.61108
1.0672
0.74133
0.49145
1.0109
0.99219
0.60618
0.77256
0.96926
0.55891
1.0442
1.0555
0.69173
0.43358
0.94113
0.79263
0.75036
0.79798
0.86487
0.88844
0.97835
0.64307
1.1233
0.79742
1.0464
0.69596
0.75145
1.0171
0.72561
0.74479
0.88008
0.63896
1.004
0.97015
0.8398
0.44746
0.99099
0.89393
1.0348
0.98297
0.72856
0.82003
0.68398
0.70094
0.53874
0.7062
1.1397
1.128
0.74741
0.69439
0.86626
0.50072
0.93999
0.91667
0.85291
0.80958
1.0619
0.64251
0.70375
0.52609
0.70979
0.76887
0.73309
0.47444
0.8078
0.64661
1.0878
0.84126
0.40426
0.81971
0.84131
0.75666
0.57878
0.70144
0.70508
0.99844
1.0176
0.86818
0.70893
0.93132
0.69648
0.81826
0.50627
0.87435
0.66976
0.80997
0.69838
0.72953
0.93428
0.85295
0.54068
0.51354
0.80939
1.0098
0.97583
1.045
0.84796
0.91828
0.83385
0.82141
0.80479
0.878
0.64311
0.62089
0.74667
0.76297
0.84093
0.57966
0.50526
0.76354
0.73923
0.70123
0.73734
0.70217
0.60437
0.55199
0.71156
0.57977
0.59342
0.90738
0.70837
0.55085
0.83152
0.957
0.83913
1.0086
0.49505
0.68314
0.82084
0.99216
0.81347
0.70267
0.48153
0.82182
0.99124
0.90803
0.93705
0.85015
0.74959
1.0379
0.47365
0.73565
0.7953
0.82578
0.74959
0.83672
1.1122
0.7072
0.77265
0.96889
0.76349
0.73283
0.73609
0.88693
0.84185
1.0652
0.40262
0.68942
0.70822
0.88027
0.72895
0.47044
0.52089
0.7587
0.67142
0.98075
0.62757
1.0343
0.74851
0.94851
0.90525
0.95093
0.99255
0.86613
0.63444
0.96762
1.0093
0.5263
0.84147
0.83694
0.81623
0.58567
0.44101
0.72201
0.80778
1.0207
0.94965
1.0003
0.98568
1.0349
0.64666
1.058
0.79875
0.85568
0.89713
0.58541
0.68864
0.98626
0.94929
0.93441
0.58895
0.78183
0.69241
0.65506
0.8535
0.63981
0.67716
0.83813
0.80725
0.81725
0.9214
0.95326
0.76949
0.85765
0.93046
0.99341
0.84226
0.98202
0.98301
0.96814
0.662
0.82329
1.0119
0.65895
0.88031
0.69625
0.82604
0.99536
0.8171
0.86642
0.73623
1.1688
0.79742
0.94429
0.89472
0.9548
0.75542
0.79449
0.99393
0.79696
1.0239
0.93513
0.69152
0.83901
0.31066
0.63484
0.99946
0.46419
0.8744
0.43684
1.0055
0.77366
0.92396
0.9493
0.71833
0.93077
0.9412
0.74943
0.4896
0.67784
0.78561
0.81193
0.96307
0.9902
0.70017
0.39392
0.9291
0.72157
1.1291
0.42452
0.91779
0.56907
0.68882
0.69852
1.146
0.66164
0.81639
0.94709
1.0875
0.79026
1.0479
0.83496
0.57177
0.99639
0.83899
0.82136
0.68669
0.85932
0.588
0.94195
0.58404
1.0576
0.87663
0.69855
0.82833
0.74634
0.94156
0.69477
0.80755
0.92268
0.85857
0.94605
0.78737
0.83583
0.96966
0.77318
0.89449
0.73098
0.76066
0.5214
0.75775
1.095
0.77293
0.9776
1.1561
0.89745
1.0321
0.94073
0.9816
1.0135
0.70768
1.1283
0.58828
0.82895
0.61084
0.84043
0.84071
0.76954
0.87119
0.7163
1.083
0.61926
0.86352
1.0026
0.89945
1
0.90559
0.81127
0.79991
0.59917
0.44309
0.79338
0.70243
0.8227
0.8218
0.65044
0.95852
0.90814
0.52848
0.88489
0.67519
0.58744
0.72041
0.88918
0.85107
0.62672
0.69641
0.90201
0.85895
0.7754
1.0207
0.88184
1.0543
0.82455
0.45108
0.83373
0.88027
1.0472
0.83833
0.77791
0.67346
0.71263
0.76817
0.89581
0.89426
0.86132
0.92742
0.76925
0.87488
0.72041
0.95057
0.98117
0.92015
0.83741
1.0078
0.77283
0.81611
0.93298
0.83757
0.76472
0.96582
0.6414
0.73074
0.57721
0.87369
0.64384
1.1093
0.86419
1.0264
0.57885
0.85156
0.85428
0.5858
0.8474
0.98118
1.0025
0.9408
0.64962
0.59205
0.82591
0.81329
1.0166
0.65422
0.79196
0.55161
0.74691
1.0098
0.85543
0.97873
0.86213
0.49793
0.73698
1.0626
0.86418
0.79126
0.92385
0.94512
1.0162
0.62833
1.0039
0.56621
1.0518
0.95215
0.84295
1.2027
0.88432
0.41181
0.51267
0.86084
0.80972
1.1268
0.92747
0.82966
0.72826
0.79222
0.8755
0.76703
0.7676
0.76871
0.58539
0.82165
0.68134
0.83264
0.8792
0.91551
0.7754
0.6149
0.71418
0.63834
0.87954
0.94944
0.85773
0.73723
0.92158
0.62681
0.71463
0.81958
0.95806
0.46912
0.66305
0.80337
0.74015
0.69049
0.7626
0.88308
0.74105
1.1414
0.80446
0.46112
0.79271
1.0463
1.0594
0.51908
0.55388
0.82456
0.6807
0.77353
0.59969
0.87561
0.85132
0.78934
0.95601
1.0912
0.95436
0.51779
1.0596
0.96932
0.99626
0.82672
0.88513
0.88508
0.87446
1.0038
0.89007
0.77377
0.51512
0.7369
0.97104
0.74184
0.58483
0.81139
0.98174
0.92805
0.76664
0.85565
0.91799
0.72181
0.78169
0.97219
0.54109
0.80084
0.89628
0.92463
0.94182
0.84331
0.99385
1.232
0.93672
0.69285
0.97371
0.88608
0.67866
0.91425
0.84104
0.68508
0.72037
0.94905
0.45672
1.0029
1.0255
0.96296
0.73858
0.46867
0.99454
0.76482
0.99992
0.65232
0.78819
0.87306
0.6624
0.69011
0.96086
0.73448
0.90092
0.58619
0.75021
0.92772
0.72787
1.0136
0.95312
0.75303
0.70895
0.65794
0.7349
0.7885
0.65317
1.0509
0.97985
1.0337
0.96697
0.89848
0.72865
0.88724
0.66251
0.88759
0.99851
0.74151
0.98198
0.91375
1.0075
0.77888
0.76254
0.87258
0.9234
0.97922
0.92855
0.92888
0.89275
0.7231
1.1166
1.0511
0.78922
0.82353
0.83413
1.0122
0.74911
1.0167
1.0129
0.99732
0.84146
0.93646
1.0675
0.76015
0.55767
0.38481
0.72682
1.0622
1.0119
0.82314
0.95126
1.1123
0.97872
0.91307
0.76659
1.0122
0.83789
0.77025
0.72951
0.83786
0.69963
0.78107
0.57243
0.84238
0.72408
0.91058
1.0217
0.71972
1.1467
0.81676
0.81308
0.79692
0.60584
0.8212
0.65642
0.91469
0.96478
0.7132
0.88546
0.9996
0.95537
1.0083
1.0951
0.79541
0.66053
0.99534
0.64794
0.72645
0.7722
0.64252
0.98976
0.91709
0.57321
0.7516
0.6938
0.75508
0.87966
0.97223
0.81938
0.68802
0.98273
0.97106
0.76639
1.05
0.92903
0.71115
0.79511
0.69378
0.75694
0.38639
0.54672
0.94676
1.0604
0.62843
0.80905
0.82529
0.64035
0.8819
0.92149
0.80635
0.97284
0.66547
1.141
0.9015
0.78158
0.77497
0.88842
0.73436
0.56342
0.99606
0.69793
0.91549
0.88746
0.85537
0.74836
0.78981
0.83152
0.73057
0.87571
0.79387
0.8433
0.75923
0.90815
1.0157
0.72215
0.69454
0.78432
0.94729
0.9889
0.89919
0.91453
0.62936
0.64158
1.0876
0.87971
0.98074
0.5096
0.42979
0.64478
0.54321
0.65349
0.87165
0.92444
0.49481
0.92076
0.68305
0.57225
0.8877
0.48433
0.58519
0.83289
0.67656
0.98977
1.0228
0.55408
0.97195
0.86486
0.7714
0.7836
0.99396
0.89483
1.008
0.98857
0.83487
0.74284
0.84304
0.87477
1.0887
0.80545
0.7061
0.77422
0.86059
0.9371
0.79647
0.8593
0.9749
0.8737
0.83769
0.66468
0.84077
0.65803
0.79558
0.94358
0.73944
0.98223
0.9969
0.83978
1.0777
0.66071
0.9055
0.95778
0.91606
0.96278
0.8888
0.6952
1.0155
0.5376
0.78982
0.48112
0.82593
0.60891
0.87781
0.8727
0.90104
0.66975
0.76756
0.70332
0.82785
0.62303
0.93082
1.0195
0.85801
0.52481
0.78788
0.90469
0.67983
0.78207
0.84052
0.83758
1.0069
0.9202
0.62639
0.75595
0.37836
0.57746
0.63959
0.82114
0.97506
0.9317
0.86526
0.75153
0.74342
1.056
0.76437
0.59779
0.866
0.33918
0.9718
0.87005
1.084
0.68533
0.84482
0.32769
1.1075
0.68745
0.66049
0.47955
0.87649
0.91996
0.97475
0.69381
0.74968
0.91566
0.98831
0.51114
0.61421
1.0064
1.1559
0.81409
1.0358
0.83598
0.70869
0.48894
0.8746
0.61104
1.0234
0.75852
0.61466
0.64834
0.69626
0.62106
0.67687
0.70884
0.96164
1.0274
0.7981
0.75953
0.835
0.82811
0.90226
1.031
0.67114
0.55228
0.99467
0.90998
0.74807
1.0499
0.63966
0.63649
0.81011
0.8809
0.86153
0.54841
0.77296
0.6999
0.86469
0.90259
0.70747
0.79344
0.95719
0.73047
0.7443
0.83166
1.0496
0.83852
0.93027
0.78341
0.94988
1.0014
1.041
0.77342
0.8942
0.80994
0.66412
0.85064
1.1633
0.81901
0.97444
0.95445
0.82107
0.70439
0.83538
1.0622
0.85349
0.72144
0.82572
0.79928
0.80959
0.65637
0.75081
0.89773
1.0549
0.79137
0.87412
0.28074
0.80268
0.80023
0.91402
0.88375
0.79685
0.66123
0.77211
0.44042
0.97625
0.97811
0.61583
0.72286
0.65207
0.41202
1.0001
0.83088
0.85647
0.87633
0.86444
0.74258
1.0913
0.60806
1.1622
0.84791
0.87991
1.0732
0.5407
0.50544
0.735
0.81485
0.67753
0.82932
0.72711
0.78968
0.74437
0.5036
0.89965
0.67006
0.94586
0.75573
0.8964
0.75745
0.5713
0.84205
0.65157
0.46256
0.65967
1.0338
1.0017
1.0118
0.87188
0.49723
0.74142
0.88969
0.79304
0.61884
0.74106
0.88472
0.79053
0.84168
0.94956
0.65641
0.90368
1
0.79287
0.8943
0.84013
0.79168
0.72834
0.7297
1.0392
0.90874
0.89319
0.93213
0.94855
0.88678
0.83213
1.0913
0.9914
0.90871
0.86725
0.71031
0.67381
0.89195
1.0742
0.78563
0.48597
0.74839
0.69806
1.02
0.90962
0.48295
1.0914
0.59468
0.99204
0.80178
1.1246
0.83237
0.99676
0.83499
0.21697
1.062
0.83463
0.59352
0.94485
1.001
0.43684
0.57445
0.9788
0.83131
0.86389
0.73594
0.9238
0.76483
1.0247
1.0018
1.0237
0.51691
0.79943
0.75984
0.72538
0.47397
0.96987
1.2056
1.0609
0.80818
0.88184
0.82453
0.73613
0.95283
1.0295
0.85258
0.65914
0.85461
0.97281
0.7348
0.66231
0.87779
0.66829
1.0445
0.86032
0.93766
0.81319
0.8146
0.83227
0.82636
0.70784
0.78297
1.0021
0.5942
0.72888
0.73334
1.0406
0.52254
0.72684
0.85999
0.88071
0.86572
0.87629
1.1478
0.82836
0.97177
0.84527
0.55993
0.78051
0.89157
0.72831
0.7006
0.71987
1.0501
0.71634
1.2439
0.8268
0.68057
0.8023
0.94159
0.46579
1.0924
0.50782
0.75103
0.78314
1.1698
0.89626
0.90318
0.79621
0.77987
0.8515
0.95849
0.90018
1.0209
0.97393
0.74536
0.90414
0.8813
0.82567
0.72957
0.84298
0.82723
0.93999
0.83133
0.68604
1.1146
1.0641
0.6788
0.57151
0.50107
0.87836
0.82378
0.94476
0.74578
0.84345
0.99962
0.73936
0.65207
0.79499
0.69078
0.70446
0.78529
0.73434
0.92861
0.54682
0.77161
0.80884
0.81478
0.78784
0.63606
0.70902
0.5491
0.64872
0.57548
0.61972
0.92332
0.75459
1.0449
0.44054
1.1907
0.77045
0.65988
0.67695
0.73494
0.7534
0.77477
0.6804
0.9152
0.92666
0.93392
0.85732
0.90803
0.78195
0.60675
1.0913
0.79934
0.98375
0.919
0.80496
0.73398
0.82643
0.67487
0.94581
0.81659
0.86927
0.88196
0.70013
0.86993
0.89576
0.70787
0.70338
1.002
0.71646
0.80122
0.88784
0.68623
0.74872
0.76604
0.73792
0.78533
0.89417
0.42514
0.66145
0.85517
0.98269
0.72097
0.22009
1.0062
0.98904
0.94878
0.95997
1.0368
0.7101
0.90394
1.0865
0.9572
0.85687
0.96951
0.92075
0.3398
0.88553
0.97821
1.0555
0.75026
0.9906
0.9084
0.75197
0.64527
0.93536
0.58513
0.84562
1.142
0.91731
0.71547
0.78102
0.568
0.95396
1.1286
0.86211
1.1553
0.70715
1.0402
0.53777
0.79642
0.85809
0.63354
1.0922
0.87412
0.84697
0.50965
0.84058
0.91869
0.79623
0.58885
0.56935
0.77711
0.86563
0.66805
1.1176
0.90249
0.73512
0.79392
0.82546
0.62307
0.72903
0.98899
0.94631
0.89999
0.86837
0.94789
0.66136
1.0207
0.62517
0.88174
0.83998
0.43966
0.80073
0.91194
0.8228
1.0284
0.70729
1.0181
1.0697
0.78864
0.78973
0.70832
0.74708
0.90315
0.82934
0.94013
0.53567
0.85549
1.0045
0.99773
0.80417
0.78166
0.82657
0.76819
0.74063
0.77069
0.96729
1.1009
1.1973
0.90259
0.46565
0.84988
0.94379
0.39231
0.9641
0.921
0.92748
0.92243
0.84194
1.0299
0.77034
0.53408
0.87657
0.70958
0.82652
0.73124
1.0201
0.79958
0.69428
0.79597
0.80669
0.59217
0.6891
1.024
0.90775
0.75165
1.0069
0.80858
1.0628
0.91832
0.97454
1.0069
0.86617
1.0863
0.65776
0.49455
0.99656
0.79817
0.61158
0.29665
1.1404
1.0484
1.0095
0.92494
0.63837
0.79928
0.68345
0.66889
0.76516
0.76212
1.0274
0.98923
0.76195
0.80327
0.73569
0.47875
0.97171
1.0057
0.54853
0.71567
0.56437
0.60095
0.78814
0.7429
0.63304
0.88485
0.9729
0.72676
1.1108
0.7637
1.0297
0.69736
0.8845
0.97326
1.0568
0.77963
0.86443
0.65141
1.1287
0.6114
0.77779
1.0443
0.68794
0.91194
0.74258
0.93584
0.80162
0.68237
0.71043
0.38318
0.59957
0.79905
0.8469
0.88739
0.73855
0.93406
0.94244
0.65207
0.81646
0.82121
0.70643
0.90221
0.93449
0.62481
1.0223
0.95853
0.80022
0.85945
0.59859
0.51716
0.52224
0.73683
0.84367
0.76421
1.0489
0.42592
0.60497
0.77741
0.66343
0.58675
0.70065
0.90927
0.89586
0.87544
0.71197
0.7213
0.89281
0.90538
1.0371
0.81343
0.84925
0.44944
0.74472
0.74915
0.65811
0.94978
