0.80698
0.87047
0.75664
0.57908
0.81299
0.75207
0.86339
0.70461
0.96589
0.96346
0.92335
0.99153
0.64866
0.94342
0.85836
0.94595
0.77716
0.72016
0.66854
1.0558
0.85744
0.86103
0.74645
0.78452
0.8308
0.61438
0.85717
0.8427
0.80334
0.81348
0.88539
0.78306
0.824
0.87837
0.78479
0.61809
0.67704
0.89519
0.72818
0.57084
0.91996
0.8178
0.7511
0.81009
0.8706
0.83389
0.81138
0.8619
0.85857
0.73244
1.0101
0.63499
0.82628
0.81033
0.7774
0.62185
0.84811
0.71868
0.63389
0.77081
0.83905
0.70295
0.70756
0.88238
0.86452
0.78679
0.69204
0.79614
0.71588
0.90341
0.76968
0.579
0.45895
0.83665
0.63656
0.38924
0.54053
0.35054
0.85251
0.85753
0.6503
0.79283
0.75748
0.92279
0.91956
0.78449
0.84194
0.78574
0.82902
0.76001
0.90599
0.84533
0.65154
0.67708
0.84728
0.96234
0.72641
0.7304
0.98826
0.67645
0.8865
0.87598
0.74936
0.92926
1.0283
0.90247
1.002
0.8655
0.69266
0.91899
0.91756
0.72432
0.83278
0.80601
0.98528
0.8778
0.94884
0.86875
0.76534
0.90982
0.73794
0.85007
0.50061
0.59919
0.75578
0.83765
0.76518
0.83081
0.68788
0.82338
0.55608
0.70079
0.86491
0.67547
0.56475
0.92513
0.80245
0.87326
0.83492
0.74829
0.96089
0.6727
0.74681
0.67761
0.6991
0.75889
0.69681
0.83738
0.5373
0.73296
1.0428
0.9357
0.664
0.62061
0.70257
0.88002
0.7094
0.72541
0.82306
0.74481
0.52972
0.2326
0.55601
0.78732
0.82897
0.71285
0.53528
0.92527
0.80574
0.65397
0.55246
0.76889
0.87443
0.71534
0.68366
0.84278
0.84802
0.89617
0.8525
0.90751
0.91264
0.88468
0.7005
0.8739
0.78995
0.91975
0.57857
0.77226
0.79532
0.77082
0.81703
0.90633
0.44868
0.3853
0.57686
0.72887
0.7256
0.62428
0.69945
0.72849
0.58066
0.68476
0.67595
0.80036
0.74324
0.59878
0.79915
0.72676
0.85052
0.71545
0.57672
0.91592
0.89082
0.91275
0.82064
0.78378
0.65836
0.62482
0.45101
0.65777
0.68446
0.91788
0.88726
0.87363
0.72768
0.6062
0.82105
0.78126
0.88955
0.67513
0.81601
0.75057
0.89571
0.8904
0.97757
0.81202
0.46696
0.87684
0.82543
1.0452
0.67352
0.94047
0.78994
0.96972
0.53451
0.86437
0.50657
0.96015
0.87938
0.95705
0.66214
0.97625
0.82801
0.90282
0.58992
0.78901
0.66366
0.91381
0.67693
0.91895
0.81704
0.78297
0.70305
0.75354
0.90974
0.74346
0.92831
0.71629
0.83446
0.84944
0.6722
0.86833
0.92884
0.7361
1.0886
0.88354
0.9455
0.73872
0.81353
0.76375
0.82699
0.77047
0.74589
0.66286
0.83285
0.59269
0.62461
0.88792
0.76767
0.83401
0.82369
0.94371
0.73021
0.96425
0.57496
0.42848
0.48392
0.80858
0.67268
0.48805
0.77858
0.85598
0.78901
0.99495
0.76808
0.77983
0.39051
0.78143
0.72363
0.55701
0.67907
0.82673
0.62156
0.84048
0.82245
0.70201
0.79052
0.58015
0.4242
0.64171
0.85945
0.66022
0.86152
0.63073
0.76024
0.89875
0.83682
0.76249
0.72887
0.56444
0.74011
0.82173
0.74236
0.96522
0.91837
0.70286
0.91329
0.88883
0.57116
0.99397
0.83321
0.95845
0.97426
0.71207
0.84748
0.6963
0.87607
0.81223
0.62388
0.93845
0.91751
0.74714
0.82811
0.61929
0.62458
0.51191
0.81317
0.98288
0.72924
0.8722
0.81904
0.56825
0.85656
0.69241
0.57532
0.89815
0.71868
0.77263
0.87406
0.63887
1.0116
0.39122
1.0636
0.88271
0.77044
0.57966
0.71528
0.81592
0.8854
0.71183
0.89072
0.6126
0.97835
0.60239
0.70087
0.81654
0.86656
0.88976
0.80021
0.62284
0.5997
0.64679
0.86126
0.85178
0.73679
0.68468
0.76337
0.76873
0.54544
0.76175
0.657
0.89959
0.87168
0.86795
0.67718
0.80681
0.79611
0.85151
0.47105
0.77855
0.90818
0.3987
0.60133
0.80985
0.68584
0.6799
0.7091
0.86393
0.80566
0.68989
0.76108
0.87279
1.0178
0.72339
0.88241
0.60693
0.74486
0.43725
0.62051
0.77646
0.87064
0.70541
0.85927
0.72306
0.78488
0.58607
0.88602
0.81798
0.63737
0.78014
0.69447
0.7753
0.60643
0.72355
0.74583
0.75389
0.75919
0.74149
0.93431
0.90121
0.88052
0.87578
0.90295
0.81113
0.86995
0.75493
0.6105
0.57057
0.61133
0.30703
0.9082
0.81721
0.64216
0.51568
0.9031
0.83363
0.91197
0.92072
0.8029
0.81829
0.97346
0.64206
0.75228
0.87145
0.90613
0.86755
0.97129
0.87781
0.82706
0.96493
0.88416
0.89623
0.8485
1.0197
0.94361
0.67845
0.83045
0.56509
0.6862
0.62568
0.8512
0.6229
0.94596
0.5786
0.80035
0.77067
0.62336
0.79953
0.84046
0.94975
0.77803
0.66598
0.59364
0.88321
0.60862
0.94073
0.72541
0.96624
0.77191
0.92762
0.54132
0.89952
0.62016
0.72183
0.77913
0.66429
0.72829
0.8865
0.6127
0.76009
0.55842
0.99268
0.81336
1.0713
0.58185
0.87023
0.70616
0.88224
0.85517
0.66541
0.91717
0.78875
0.81873
0.62266
0.64862
0.81041
0.85082
0.56455
0.95847
0.76795
0.96403
0.78722
0.69013
0.86104
0.53244
0.68842
0.85779
0.78646
0.86671
0.8604
0.78431
0.70103
0.84366
0.82866
0.82876
0.58465
0.89793
1.0091
0.83701
0.77844
0.69088
0.90073
0.65679
0.77269
0.87974
0.74114
0.65016
0.67296
0.8766
0.79899
0.6597
0.85389
0.92071
0.85975
0.86307
0.73375
0.48785
0.73628
0.49852
0.80233
1.0419
0.75889
0.84724
0.73058
0.83496
0.6582
0.64866
0.8663
0.92951
0.7314
0.95089
0.91722
0.75368
0.75129
0.84649
0.60394
0.96659
0.82051
0.91451
0.84425
0.98395
0.86703
0.64631
0.87062
0.44481
0.90752
0.6992
0.4179
0.65288
0.73068
0.91799
0.79165
0.95166
0.729
0.65242
0.94289
0.82818
0.65208
0.54675
0.60018
0.76151
0.74666
0.87795
0.85986
0.87279
0.97412
0.80083
0.43171
0.65173
0.66214
0.39764
0.75788
0.85539
0.70697
0.75487
0.87416
0.80249
1.049
0.5188
0.94668
0.83369
0.65978
0.71417
0.92916
0.79728
0.92844
0.66901
0.86406
0.65117
0.72852
0.92613
0.7908
0.90759
0.87231
0.67178
0.8833
0.61001
0.74068
0.74951
0.79863
0.79362
0.5443
0.96127
0.9644
0.70277
0.86289
0.94821
0.93487
0.84098
0.67938
0.72753
0.71872
0.7379
0.73129
0.86825
0.83115
0.62635
0.63677
0.69209
0.7162
0.67718
0.41067
0.83918
0.87267
0.75034
0.93939
0.77658
0.76881
0.82369
0.81711
0.67544
0.98652
0.88059
0.76423
0.7453
0.79213
0.56008
0.83989
0.73366
0.81986
0.72955
0.61925
0.85487
0.63959
0.99105
0.91121
0.70109
0.85985
0.76174
0.70232
0.7887
0.95061
0.71372
0.86105
0.71821
0.65198
0.72187
0.81394
0.88975
0.90695
0.69278
0.43999
0.77499
0.84251
0.92015
0.77399
0.98556
0.84564
0.8397
0.91261
0.79292
0.83434
0.53192
0.94975
0.82837
0.94207
0.73047
0.82954
0.68334
1.0365
0.73714
0.82755
0.64142
0.72385
0.76088
0.83084
0.96454
0.58111
0.53833
0.83276
0.97374
0.87638
0.31969
0.76074
0.75379
0.60593
0.91731
0.83817
0.74528
0.95319
0.70554
0.95658
0.69573
0.64091
0.71372
0.50834
0.66987
0.86816
0.84178
0.82961
0.79714
0.80084
0.72371
0.86713
0.64488
0.79289
0.85135
0.78208
0.54087
0.75307
0.70606
0.89718
0.70697
0.7267
0.70537
0.71244
0.42573
0.67038
0.98052
0.54458
0.75517
0.81779
0.75375
0.95284
0.63299
0.93147
0.87801
0.83401
0.88449
0.84325
0.83061
0.58207
0.45859
0.70677
0.98368
0.98424
0.88657
0.66279
0.76711
0.72662
0.85461
0.91718
0.61673
0.77333
0.79866
0.8756
0.61794
0.7277
0.83625
0.89363
0.82454
0.75847
0.94495
0.80228
0.87425
0.72356
0.66382
0.80849
0.82578
0.78283
0.76487
0.81719
0.69632
0.54501
0.75896
1.0103
0.7479
0.94166
0.85157
0.75708
0.78142
0.85159
0.84473
0.96775
0.89349
0.86001
0.67113
0.81109
0.91467
0.54194
0.88724
0.7473
0.73927
0.53059
0.93548
0.67231
0.6668
0.97857
0.72919
0.41073
0.92303
0.8153
0.66207
0.73589
0.85198
0.70094
0.60495
1.0089
0.82179
0.387
0.87272
1.0093
0.90769
0.76447
0.78788
0.91005
0.90147
0.75227
0.90327
0.77486
0.71942
0.68128
0.72184
0.75851
0.8776
0.85437
0.79625
0.71209
0.47116
0.81917
0.75749
0.53292
0.74221
0.6841
0.80085
0.78947
0.87355
0.76582
0.85449
0.84614
0.87933
0.9148
0.63181
0.60768
0.57589
0.57539
0.79787
0.77509
0.90682
0.48225
0.92618
0.79627
0.58729
0.95757
0.31874
0.49788
0.67481
0.86598
0.85867
0.70701
0.59115
0.59363
0.68736
0.77498
0.63611
0.80014
0.58861
0.70128
0.72657
0.79639
0.83025
0.76885
0.89611
0.77328
0.65007
0.77961
0.77372
0.77996
0.74629
0.62194
0.95714
0.81974
0.88633
0.73719
0.92934
0.76463
0.76278
0.65421
0.91236
0.63508
1.0048
0.66054
0.67396
0.5445
0.53418
0.6404
0.68961
0.80208
0.88844
0.86455
0.93398
0.84095
0.7199
0.5597
0.91086
0.90738
0.35416
1.003
0.58954
0.69233
0.99077
0.96658
0.86661
0.74217
0.84805
0.6614
0.88338
0.87272
0.68295
0.51736
0.71114
0.7488
0.86664
0.96485
0.76209
0.74159
0.90833
0.78267
0.73975
0.53328
0.93416
0.73838
0.9722
0.7417
0.45174
0.84444
0.85043
0.67626
0.97553
0.6498
0.84346
0.54917
0.71989
0.89459
0.83039
0.88569
0.74943
0.7522
0.80897
0.69517
0.69649
0.90203
0.84751
1.021
0.9146
0.81224
0.85909
0.82913
0.90706
1.0022
0.95089
0.7584
0.89035
0.83334
0.92429
0.45773
0.90392
0.81107
0.77167
0.87747
0.93645
0.74589
0.69669
0.73712
1.1117
0.82951
0.83195
0.79737
0.64691
0.7842
0.90122
0.88975
0.85007
0.83702
0.7452
0.7826
0.87713
0.7709
0.83054
0.73272
0.85243
0.57434
1.0338
0.70254
0.76071
0.77103
0.75712
0.83824
0.73328
0.96053
0.70773
0.94008
0.90903
0.82537
0.77987
0.7754
0.82567
0.78896
0.83405
0.68554
0.75509
0.92775
0.81627
0.45671
0.68638
0.93077
0.88022
0.61929
0.609
0.66715
0.89457
0.47882
0.5755
0.85679
0.59111
0.77516
0.96381
0.81537
0.71564
0.66446
0.73979
0.82434
0.85085
0.83555
0.62779
1.0053
0.74441
0.7071
0.83194
0.6945
0.69588
0.81228
0.75112
0.6566
0.62722
0.75338
0.51785
0.67686
0.80157
0.64983
0.86789
0.78211
1.001
0.57371
0.67701
0.61424
0.63071
0.71419
0.89336
0.67882
0.54394
0.75116
0.83158
0.42653
0.91358
1.0109
0.35586
0.65538
0.70409
0.52688
0.77575
0.71728
0.88326
0.84178
0.62903
0.78503
0.89149
0.97119
0.49276
0.81123
0.78731
0.82402
0.70524
0.58556
0.95495
0.91004
0.80641
0.80612
0.66972
0.82626
0.63225
0.92647
0.48267
0.9502
0.75555
0.79891
0.8573
0.91489
0.77939
0.60576
0.65321
0.87316
0.76829
0.58651
0.85401
0.79673
0.80195
0.80571
0.87885
0.70184
0.78798
0.80086
0.80214
0.85106
0.94372
0.8503
0.68763
0.89319
1.004
0.82283
0.96536
0.5624
1.0208
0.74221
0.89534
0.80527
0.57599
0.80321
0.79895
0.75189
0.68912
0.6124
0.91992
0.93457
0.6816
0.87201
0.81766
0.84899
0.64441
0.76095
0.87687
0.7497
0.82726
0.78826
0.77946
0.65153
0.77781
0.77128
0.9239
0.92903
0.69308
0.76773
0.77032
0.96458
0.97925
0.97155
0.73111
0.75677
0.9172
0.80635
0.84269
0.87998
0.94518
0.95478
0.91405
1.0554
0.71793
0.67634
0.64278
0.79041
0.81264
0.80619
0.84234
0.59529
0.73967
0.77097
0.80638
0.924
0.92841
0.75046
0.78271
0.77745
0.86854
1.0183
0.75831
0.81002
0.94354
0.63439
0.91698
0.85756
0.90997
0.81952
0.91482
0.72685
1.0396
0.67
0.67519
0.66459
0.5563
0.91271
0.63269
0.89999
0.75314
0.65328
0.77389
0.81507
0.75623
0.94784
0.73273
1.0363
0.686
0.92995
0.74701
0.88428
0.63813
1.0125
0.62574
1.0694
0.87408
0.71524
0.67705
0.85104
0.71575
0.9188
0.96642
1.0173
0.7895
0.68291
0.75546
0.81022
0.9219
0.86681
0.76757
0.9609
0.81153
0.96067
0.87178
0.98744
0.85068
0.95358
0.45362
0.78656
0.72647
0.6701
0.86072
0.99323
0.73999
0.57102
0.79963
0.70927
0.77681
0.73039
0.74618
0.61421
0.54811
0.80945
0.9955
0.79082
0.84977
0.95636
0.68226
0.67902
0.76407
0.82416
0.44874
0.70108
0.57935
0.6665
0.87481
0.67353
0.71929
0.53829
0.58251
0.71764
0.89751
0.53468
0.50227
0.92379
0.85695
0.60454
0.61916
0.90541
0.6212
1.0602
0.91426
0.61934
0.78635
0.59892
1.0144
0.83855
0.67422
0.66287
0.83992
0.77864
0.32283
0.98317
1.0009
0.86932
0.97624
0.69427
0.93516
0.89722
0.97726
0.87036
0.98519
0.85982
0.78788
0.6819
0.86992
0.60823
0.97545
0.81035
0.8829
1.0449
0.81928
0.76483
0.85656
1.054
0.83385
0.85914
0.66949
0.93016
0.87124
0.94352
0.94791
0.94184
0.90998
0.87146
0.83314
0.67689
0.59864
0.5429
0.83009
0.91985
0.98384
0.64644
0.76654
0.95046
0.72291
0.77786
0.69424
0.78125
0.67425
0.81303
0.64276
0.81754
0.71935
0.82588
0.8267
1.0648
0.41674
0.77265
0.94836
0.68153
0.66485
0.58061
0.88116
0.92719
0.80937
0.6885
0.85667
0.83427
0.85575
0.96318
0.77242
0.7976
0.77556
0.96564
0.98926
0.79523
0.67695
0.95187
0.80523
0.60338
0.8222
0.59201
0.68668
0.86844
0.81239
0.77246
0.75148
0.8603
0.8088
0.83157
0.87388
0.86211
0.97596
0.74115
0.84465
0.95244
0.66922
0.80164
0.86486
0.80282
0.80587
0.90265
0.6918
0.64132
0.45841
0.9273
0.68812
0.63715
0.83333
0.80579
0.72957
0.89769
0.56308
0.58859
0.89732
0.52926
0.81653
0.80591
0.58945
0.42977
0.75275
0.67577
0.81039
0.77905
0.83347
0.75874
0.93105
0.87967
0.76365
0.6976
0.71172
0.84118
0.76243
0.73417
0.93347
0.92213
0.86387
0.78136
0.94055
0.65482
0.90177
0.5735
0.85622
0.97886
0.84637
1.0513
0.82824
0.74439
0.665
0.8415
0.77194
0.66974
0.56762
0.93938
0.72797
0.90122
0.86986
0.86076
0.63559
0.95943
0.54791
0.60364
0.85642
0.89723
0.71762
0.96764
0.79775
0.86167
0.81907
0.71053
0.72453
0.7403
0.95149
0.90385
0.7887
0.54356
0.71446
0.59453
0.82484
0.93948
0.86112
0.81008
0.69675
0.87619
1.0243
0.77691
0.97932
0.80865
0.65184
0.62583
0.90148
0.66087
0.75504
0.87831
0.82457
1.0309
0.86556
0.78771
0.94598
0.52514
0.72144
0.70499
0.76908
0.64983
0.87599
0.8892
0.86114
0.46018
0.90069
0.96035
0.89041
0.71711
0.88989
0.91418
0.95924
0.86751
0.82905
0.82219
0.82709
0.61279
0.72971
0.75769
0.99492
0.7799
0.86879
0.91178
0.7334
0.60495
0.82742
0.63424
0.82554
0.54914
0.70995
0.7716
0.8167
0.83724
0.73288
0.75195
0.82143
0.96698
0.66455
0.73097
0.90772
0.90795
0.77914
0.72254
0.85289
0.72299
0.61602
0.90903
0.88034
0.87287
0.55452
0.83951
0.93173
0.74977
0.80128
0.67434
0.85359
0.77082
0.78633
0.70726
0.77971
1.0086
0.97272
0.60532
0.70886
0.67591
0.66658
0.69607
0.75934
0.96042
0.68892
0.26505
0.88264
0.87237
0.82619
0.67055
0.68138
0.68241
1.0213
0.76551
1.0942
0.85692
0.56934
1.0923
0.64318
0.72211
0.69926
0.859
0.62392
0.77337
0.71368
0.78803
0.78014
0.74244
0.9156
0.69418
0.80077
0.76958
0.92421
0.87017
0.70071
0.73966
0.90767
1.0053
0.66684
0.96879
0.90111
0.67688
0.84271
0.75274
0.9489
0.84338
0.58717
0.94447
0.95201
0.76572
0.76413
0.73399
0.61811
0.64066
0.78834
0.79492
0.79589
0.85871
0.78782
0.70328
0.71255
0.33809
0.81543
0.84721
0.78302
0.76175
0.74075
0.70184
0.91021
0.68518
0.57117
0.81581
0.64866
0.75202
0.50622
0.79919
0.99229
0.71951
0.54918
0.59816
0.88481
0.96324
0.92852
0.79144
0.59378
0.81822
0.71267
0.64109
0.5801
0.78192
0.80859
0.93055
0.97434
0.63925
0.71321
0.73427
0.87827
0.63204
0.67588
0.92212
0.85786
0.78867
1.0137
0.79931
0.86731
0.90944
0.8804
0.70667
0.68217
0.68086
0.8988
0.50534
0.80724
0.92086
0.88764
0.74086
0.90893
0.7006
0.64239
0.52627
0.93039
0.87676
0.46222
0.78842
0.89544
0.74069
0.67892
0.66513
0.77932
0.632
0.41323
0.84523
0.62802
0.67342
0.74334
0.689
0.46905
0.93633
0.91911
0.82311
0.74573
0.83132
0.87741
0.83522
0.96197
0.64299
0.62197
0.67904
0.66977
1.0138
0.5963
0.86798
0.83862
0.62631
0.77152
0.78373
0.62058
0.70663
0.85682
0.81322
0.92284
0.72274
0.66084
0.41511
0.85383
0.78953
0.68238
0.68791
0.93335
0.81473
0.51407
0.61819
0.9194
0.7287
0.71324
0.69235
1.0515
0.47753
0.76423
0.70025
1.0222
0.84561
0.97143
0.9556
0.86256
0.59983
0.74683
0.88498
0.68861
0.6882
0.89578
0.46267
0.90658
0.70739
0.47652
0.84449
0.72684
0.51594
0.78474
0.56709
0.85325
0.71616
0.90686
0.82787
0.60541
0.79719
0.93059
0.87175
0.71098
0.73787
0.71816
0.93891
0.85125
0.80735
0.80695
0.71438
0.81156
0.72373
0.52464
0.82028
0.79484
0.58343
0.48573
0.65004
0.54934
0.56213
0.93178
0.72581
0.8439
0.80863
0.99637
0.75498
0.54614
0.85118
0.76697
0.95612
0.7593
0.85736
0.4594
0.82775
0.52569
0.88642
0.44761
0.78174
0.56942
0.84457
1.0232
0.70224
0.51512
0.95981
0.6321
0.8427
0.86005
0.62397
0.80008
0.98088
0.96245
0.71045
0.8171
0.91279
0.62033
0.61607
0.76429
0.76762
0.525
0.85691
0.80238
0.77289
0.75215
0.56845
0.68449
0.75951
0.75498
0.5627
0.74628
0.70533
0.76583
0.92867
0.68205
0.78756
0.5764
0.67507
0.50123
0.74652
0.72259
0.92025
0.89825
0.77937
0.76894
0.62723
0.84803
0.73783
0.67662
0.67084
0.88146
1.0991
0.91041
0.65953
0.75742
0.85948
0.58181
0.83175
1.0169
0.73574
0.87635
0.77325
0.75184
0.86371
0.65094
0.85747
0.94762
0.46949
0.77822
0.72866
0.7965
1.0169
0.76727
0.87767
0.9713
0.95394
0.73232
0.74552
0.80132
0.74123
0.74383
0.66881
0.70952
0.64948
0.81116
0.85412
0.83487
0.86077
0.71336
0.83859
0.64622
0.75108
0.53316
0.71753
0.83347
0.61631
0.90942
0.9105
0.98266
0.73919
1.0061
0.6161
0.82719
0.97386
0.81844
0.78834
0.82438
0.95094
0.79908
0.98025
0.72562
0.71269
0.86909
0.99965
0.81533
0.6574
0.93051
0.76786
0.68883
0.65815
0.71881
0.73722
0.49496
0.769
0.8035
0.4408
0.86609
0.87004
0.89326
0.95248
1.0067
0.79493
0.5277
0.48587
0.72944
0.9544
0.73838
0.91799
0.5296
0.86648
0.99694
0.95392
0.91614
0.70935
0.79792
0.72475
1.0118
1.0142
0.94608
0.48119
0.83823
0.49977
0.96667
0.53583
0.66744
0.76408
0.86737
0.69053
0.80836
0.87025
0.66647
0.84554
0.78154
0.80619
0.81095
0.90621
0.82453
0.74025
0.66551
0.81323
0.72437
0.71833
0.86517
0.7719
0.50392
0.69396
0.86273
0.76907
0.72479
0.85119
0.74935
0.89332
0.60234
0.87956
0.91988
0.84494
0.79245
0.67222
0.78119
0.67252
0.62415
0.7515
0.66105
0.6916
0.86191
0.79751
0.65126
0.85837
0.91225
0.82248
0.91626
0.89196
0.68333
0.54873
0.70789
0.94286
0.89278
0.84714
0.58938
0.55282
0.84363
0.73831
0.6436
0.71265
0.92004
0.81865
0.8795
0.73218
0.82017
0.7244
0.7837
0.88643
0.61264
0.83517
0.7522
0.90051
0.81339
0.76907
0.59475
0.6126
0.64357
0.71738
0.67791
0.74465
0.87651
0.79933
0.73783
0.66783
0.62616
0.63536
0.85366
0.7299
0.73671
0.8608
1.004
0.6049
0.74602
0.94666
0.85105
0.80385
0.88063
0.7366
0.90526
0.4046
0.66288
0.83236
0.98426
0.63152
0.67987
0.39558
0.81495
0.83288
0.74751
1.0464
0.70216
0.59751
0.88046
0.86425
0.81703
0.82832
0.9009
0.95357
0.88361
1.0704
0.81409
0.81438
0.4313
0.42746
0.85102
0.71929
0.94012
0.67539
0.77447
0.92653
0.65812
0.88388
0.55187
0.85248
0.9345
0.87904
0.87262
0.79795
0.57825
0.54914
1.0181
0.65241
0.76637
0.63647
0.7157
0.75891
0.96711
0.70034
0.52074
0.72351
0.92196
0.79428
0.75539
0.84628
0.85939
1.0183
0.96537
0.93625
0.75463
0.71688
0.95202
0.75167
0.87959
0.81727
0.76435
0.81726
0.86398
0.60432
0.69047
0.85322
0.92976
0.74132
0.49573
0.92344
0.70351
0.93031
0.8114
0.50482
0.83264
0.84643
1.0132
0.81306
0.59472
0.70804
0.90534
0.85995
0.92812
0.72837
0.5024
0.83057
0.86096
0.68058
0.87406
0.77532
0.47506
0.74266
0.76025
0.73419
0.67803
0.70711
1.0095
0.58133
0.84322
0.71023
0.76607
0.74125
0.73818
0.66807
0.80021
0.8056
0.60584
0.94152
0.51139
0.94396
0.77674
0.51264
0.84424
0.79087
0.80831
0.58846
0.82424
0.73937
0.67948
0.6992
0.82137
0.84904
0.70777
0.78255
0.90323
0.76929
0.91618
0.94172
0.88956
0.65204
0.75766
0.51145
0.62201
0.96194
0.82537
0.7411
0.83727
0.76896
0.83701
0.92504
0.75531
0.59706
0.74794
0.66077
0.84132
0.8009
0.77652
0.70502
0.57319
0.95996
0.93294
0.54521
0.32481
0.69853
0.72704
0.85305
0.75906
0.76633
0.77525
0.92016
0.74031
0.83533
0.92947
0.52442
0.59408
0.7436
0.77981
0.5751
0.66044
0.79388
0.76831
0.86955
0.75663
0.94244
0.86268
0.77614
0.77409
0.739
0.64708
0.84482
0.83676
0.78368
1.0485
0.90795
0.56137
0.84891
0.73785
0.68239
0.85897
0.80445
0.72128
0.84769
0.78015
0.66592
0.85617
0.63414
0.80116
0.74501
0.70363
0.93469
0.68717
0.97411
0.78247
0.95657
0.71989
0.68784
0.90135
0.98944
0.66051
0.83418
0.95736
0.75784
0.91731
0.7892
0.7484
0.97125
0.92103
0.83261
0.53537
0.92284
0.6929
0.94986
0.85587
0.79509
0.61103
0.64077
0.39009
0.71403
0.90769
0.70124
0.82253
0.80487
0.92776
0.60954
0.8363
0.65356
0.73045
0.79968
0.55562
0.80378
0.60448
0.8368
0.96418
0.80801
0.7113
0.91642
0.89603
0.87692
0.91552
0.89732
0.69804
0.91146
0.57888
0.83367
0.84237
0.79344
0.77562
0.88925
0.85311
0.76573
0.72537
0.5915
0.86531
0.54118
0.92448
0.87631
0.74677
0.6836
0.92404
0.83957
0.75495
0.8456
0.76142
0.88017
0.8887
0.67577
0.75373
0.62845
0.67472
0.43114
0.65585
0.73991
0.67509
0.61697
0.70412
0.73578
0.84753
0.73053
0.84877
0.7271
0.64283
0.50718
0.82682
0.63815
0.84001
0.81958
0.87292
1.0422
0.98026
0.68368
0.58093
0.62307
0.88423
0.86996
0.64801
0.83813
0.96167
0.95404
0.72676
0.89825
0.72285
0.83334
0.88182
0.88127
0.56598
0.86477
0.81915
0.72958
0.60259
0.85471
0.76291
0.5847
0.92612
0.69036
0.75875
0.89977
0.60752
0.93183
0.92956
0.67004
0.7745
0.63158
0.80446
0.89259
0.57598
0.80003
0.67445
1.0157
0.57634
0.83973
0.6671
0.69957
0.54741
0.78777
1.043
0.81639
0.89866
0.69413
0.89608
0.76904
0.62569
0.90971
0.95401
0.52973
0.62363
0.86881
0.76235
0.90321
0.87987
0.59545
0.87285
0.93139
0.66105
0.62464
0.77814
0.96373
0.82351
0.85421
0.80719
0.61763
0.74082
0.82133
0.73328
0.73073
0.98353
0.84701
0.73028
0.88622
0.72591
0.98842
0.77893
1.0289
0.5645
0.84426
0.40603
0.72938
1.0368
0.79111
0.83939
0.52842
0.8968
0.81614
0.9895
0.83144
0.91221
0.72169
0.93555
0.62549
0.8412
0.90786
0.91147
0.67149
0.83594
0.70534
0.86998
1.002
0.7093
0.69332
0.91978
0.69002
0.60652
0.97689
0.72619
1.0577
0.76602
0.63116
0.59976
0.89025
0.8107
0.74515
0.98484
1.0385
0.78583
0.87745
0.9445
0.72253
0.96524
0.86119
0.76359
1.0365
0.30719
0.79667
0.73778
0.81779
0.69063
0.62639
0.61214
0.82783
0.91871
0.88577
0.56906
0.94282
0.37482
0.70713
0.74209
0.82939
0.57535
0.75399
0.76828
0.78068
0.71669
0.77823
0.79959
0.89507
0.86486
0.74595
0.91731
0.65039
0.88468
0.78084
0.81165
0.7923
0.64494
0.92316
0.56712
0.83706
0.88342
0.68233
0.87005
0.95339
0.83789
0.91707
0.76474
0.77212
0.61714
0.79795
0.76241
0.92598
0.83748
0.7735
0.78353
0.70455
0.83882
1.0231
0.831
0.85644
0.78156
0.88794
0.85048
0.77242
0.81575
0.87041
0.69851
0.6864
0.7452
0.80077
0.82597
0.9406
0.79181
0.95939
0.74097
0.80894
0.70576
0.89772
0.81027
0.54478
0.34633
0.91201
0.63114
0.76748
0.81473
0.83218
0.59956
0.70908
0.62047
0.83124
1.0193
0.42183
0.76599
0.77241
0.72259
0.79876
0.88776
0.9519
0.92637
0.58581
0.6585
0.69315
0.89406
0.82262
0.89229
0.79865
0.75491
0.77618
0.54341
0.56681
0.60731
0.65998
1.0252
0.85934
1.0917
0.68912
0.82566
0.92815
0.88284
0.82877
0.87038
0.92419
0.70924
0.64754
0.53557
0.6232
0.63801
0.82429
1.0351
0.65166
0.68869
0.8794
0.78366
0.86946
0.81813
1.0136
0.813
0.84274
0.82111
0.76708
0.5985
0.82466
0.90968
0.87982
1.0533
0.81035
0.76659
0.69401
0.79842
0.84658
0.55253
0.80199
0.88948
0.87374
0.5593
0.78581
0.78254
0.87597
0.86083
0.8095
0.6843
0.96217
0.85087
0.75334
0.8786
0.93778
0.87637
0.81801
1.0186
0.86594
0.79098
0.76426
0.85821
0.67631
0.64913
0.46025
0.90519
0.61984
0.78419
0.8118
0.63768
1.0054
0.86237
0.82864
0.78754
0.78873
0.68081
0.71924
0.89044
0.78264
1.018
0.95102
0.65385
0.77741
0.85607
0.68073
0.93648
0.50475
0.7188
0.66225
0.7892
0.68891
0.48743
0.79631
0.68012
0.76881
0.52872
0.92071
0.65723
0.7758
0.56603
0.94096
0.89612
0.61513
0.93777
0.65968
0.70423
0.81259
0.61587
0.84683
0.91089
0.71287
1.0225
0.59684
0.82674
0.84013
0.86816
0.88904
0.86444
0.76765
0.71631
0.53555
0.9203
0.88947
0.84013
0.84332
0.9198
0.82062
0.90633
0.76735
0.71325
0.74738
0.89513
0.74516
0.75965
0.79562
0.89137
0.77461
0.89564
0.81691
0.97777
0.68495
0.77723
0.82341
0.78729
0.77746
0.72082
0.67514
0.61014
0.84355
0.71137
0.8851
0.85366
0.73289
0.86949
0.87951
0.75038
0.87148
0.81337
0.57056
0.79528
0.66943
0.7217
0.75302
0.93776
0.78843
0.4425
0.87291
0.6312
0.74953
0.81648
0.67874
1.0219
0.88676
0.62901
0.99209
0.82151
0.6982
0.86407
0.58297
0.37884
0.81857
0.86483
1.0228
0.79489
0.60161
0.60869
0.94651
0.68195
0.88118
0.9366
0.89975
0.91791
0.97748
0.82699
0.426
0.72949
0.64192
0.76934
0.96055
0.8187
0.96304
0.79785
0.50599
0.9192
0.42524
0.83887
0.53854
0.68907
0.82356
0.9451
0.59092
0.95088
0.73304
0.73154
0.84888
0.69573
0.97691
0.8847
0.88669
0.72866
0.78512
0.80162
0.70744
0.66473
0.89017
0.85284
0.79325
0.84009
0.70773
0.69099
0.71607
0.86779
0.62387
0.80063
0.9117
0.65006
0.70763
0.64977
0.73598
0.84653
0.86263
0.90795
0.56091
0.80598
0.67338
0.73851
0.68082
0.75069
0.5686
0.78398
0.84533
0.85701
0.73699
0.84586
0.77483
0.59693
0.79071
0.88459
0.73651
0.364
0.69825
0.77895
0.98921
1.1256
0.69904
0.86134
0.97423
0.72772
0.864
0.89977
0.72884
0.77313
0.71072
0.93657
0.43548
0.68359
0.8136
0.84638
0.73213
0.76344
0.70167
0.64599
0.92996
0.98015
0.80059
0.91471
0.49834
0.70653
0.86739
0.58689
0.73236
0.60601
0.72567
0.85861
0.88659
0.68032
0.85758
0.84696
0.68126
0.74703
1.0286
0.53209
0.94765
0.72656
0.69177
0.63679
0.84642
0.70179
0.73461
0.83486
0.70466
0.75895
0.88314
0.55096
0.85722
0.70317
0.76007
0.781
0.94046
0.89368
0.44617
0.56674
0.60526
0.97122
0.72859
0.85249
0.90241
0.82466
0.79855
0.79697
0.36892
0.83502
0.7573
0.81402
0.88083
0.89281
0.79247
0.65018
0.67256
0.90939
0.58239
0.69653
0.73152
0.66501
0.92404
0.65905
0.7899
0.88627
0.63928
0.93678
0.49581
0.63436
0.99157
0.8176
0.85755
0.81225
0.76934
0.79222
0.83054
0.78512
0.89196
0.90067
0.95477
0.76625
0.90346
0.97166
0.71649
0.66401
0.60671
0.61262
0.80258
0.84272
0.47584
0.68903
0.98866
0.85044
0.84141
0.8541
0.60304
0.94071
0.72104
0.7716
0.62361
0.79132
0.73366
0.7147
0.92907
0.82118
0.65628
0.64437
0.52274
0.78852
0.74931
0.60795
0.83936
0.69876
0.81321
0.89803
0.8296
0.58539
0.80651
0.81466
0.75817
0.74495
0.72977
0.90472
0.69418
0.5411
0.79136
0.79618
0.68018
0.89044
0.58758
0.78443
0.65176
0.8957
0.86048
0.85495
0.88728
0.8272
0.37578
0.803
0.79468
0.88413
0.65377
0.78543
0.88541
0.81635
1.0591
0.58928
0.53452
0.7959
0.71537
0.97068
0.7426
0.76708
0.52088
0.77052
0.53721
0.94832
0.66026
0.85149
0.8816
0.50534
0.72434
0.85133
0.83834
0.82897
0.7345
0.71958
0.89802
0.93836
0.80673
0.88125
0.97446
0.89853
0.74078
0.74464
0.73366
0.81051
0.738
0.65124
0.72469
0.70099
0.64292
0.79419
0.86355
0.70899
0.58843
0.37284
0.90062
0.83982
0.81853
0.86704
0.86798
1.0516
0.83384
1.0087
0.87427
0.75437
0.92723
0.61505
0.99382
0.9762
0.91991
0.75486
0.88796
0.88737
0.87838
0.79982
0.74052
0.87878
0.88375
0.85354
0.81955
0.74047
0.90657
0.89575
0.49946
0.72077
0.89445
0.57142
0.84995
0.64453
0.76596
0.67302
0.9791
0.7488
0.76396
0.7446
0.62115
0.64786
0.90346
1.0056
0.70686
0.77353
0.72793
0.91087
0.71901
0.73089
0.74631
0.99401
0.80563
0.76448
0.65727
0.73041
0.76816
0.71916
0.56218
0.89655
0.66941
0.81184
0.93156
0.69216
0.99078
0.8349
0.81703
0.68586
1.0383
0.80079
0.81574
0.74147
0.64821
0.81121
0.95375
0.59042
0.75495
0.69331
0.73591
0.92553
0.73202
0.70713
0.65904
0.62534
0.79733
0.65544
0.56914
0.8206
0.80887
1.0236
0.78155
0.87972
0.97891
0.92458
0.82822
0.97621
0.96321
0.69328
0.82502
0.81263
0.71285
0.62153
0.79486
0.69917
0.84871
0.65704
0.46613
0.84919
0.89152
0.88072
0.85085
0.94351
0.69627
0.95582
0.58888
0.8054
0.66614
0.81044
0.69883
0.74903
0.68998
0.66723
0.70561
0.78726
0.82594
0.74908
0.56765
0.88051
0.80089
0.67637
0.53898
0.52987
0.9298
0.77596
0.60988
0.7862
0.79605
0.74647
0.89596
0.74368
0.76506
0.70908
1.0134
0.93717
0.86503
0.49599
0.72525
0.88376
0.866
0.92122
0.61836
0.6289
0.50801
0.6145
0.65801
0.83518
0.93942
0.80208
0.76725
0.7441
0.97457
0.80819
0.76635
0.98858
0.70027
0.59068
0.8732
0.67247
0.9164
0.80758
0.84182
0.40019
0.59994
0.72952
0.84097
0.7797
0.74769
0.80196
0.87774
0.64608
0.90762
0.48563
0.72814
0.8498
0.78112
0.77282
0.7663
0.77341
0.70914
0.6329
0.78167
0.84412
0.93032
0.72482
0.92358
0.89064
0.79907
0.57199
0.79924
0.45523
0.67248
0.77787
0.7671
0.63088
0.86581
0.68756
0.76271
0.39424
0.90991
0.74131
0.8264
0.68383
0.93416
0.72709
0.60797
0.62025
0.9138
0.83924
1.0378
0.62727
0.87646
0.58321
0.77981
0.90263
0.80559
0.82834
0.85841
0.82516
0.87058
1.0429
0.96691
0.96878
0.87989
0.79197
0.80473
0.94251
0.78416
0.85598
0.92629
0.78037
0.88503
0.77777
0.86611
0.54917
0.78041
0.87925
0.58747
0.60925
0.86351
0.68836
0.90014
1.0067
0.52621
0.79694
0.61071
0.66717
0.49764
0.61453
0.52745
0.34999
1.0019
0.74313
0.81515
0.83284
0.78816
0.86637
0.59122
0.8017
0.95814
0.71501
0.72697
0.6119
0.72869
0.87099
0.82785
0.73041
0.57571
0.88283
0.64895
0.70732
0.73121
0.75299
0.6028
0.81922
0.70942
0.87124
0.90232
0.80291
0.60009
0.86042
0.86471
0.82713
0.64771
0.71144
0.93148
0.78728
0.84559
0.88463
0.78567
0.93329
0.9078
0.84422
0.9413
0.71142
0.7318
0.59266
0.59667
0.83226
0.8907
0.77942
0.96331
0.76301
0.84565
0.67951
0.69522
0.94993
0.87318
0.80401
0.58395
0.82494
0.86135
0.88794
0.51202
0.84492
0.8067
0.94427
0.63782
0.76635
0.72166
0.7022
0.78965
0.57522
0.6607
0.97894
0.76097
0.6734
0.89465
0.63373
0.8118
0.76424
0.65318
0.41353
0.63216
0.53696
0.62027
0.6783
0.79809
0.66956
0.95468
0.47111
0.84286
0.73013
0.89605
0.83212
0.74884
0.9212
0.8479
0.76868
0.955
0.89687
0.86007
0.91549
0.78132
0.71288
0.80168
0.89867
0.74133
0.75738
0.7009
0.98921
0.76482
0.8302
0.8654
1.1297
0.76251
0.38833
0.61893
0.83256
0.85485
0.59329
0.57693
0.72468
0.69024
0.64653
0.77753
0.7756
0.74891
0.53946
0.89392
0.81773
0.61773
0.69788
0.72244
0.84226
0.9379
0.82916
0.91747
0.72988
0.72408
0.88473
0.88516
0.85083
0.98737
0.82071
0.91144
0.8633
0.93937
0.68454
0.85847
0.76653
0.81347
0.71665
0.8749
0.72378
0.98399
0.61354
0.81591
0.92502
0.86683
0.69799
0.54233
0.86152
0.58881
0.85809
0.89299
0.89185
0.86305
0.86578
0.76522
0.79859
0.88294
0.81457
0.50024
0.88996
0.55144
0.79276
0.56302
0.74434
0.90333
0.71079
0.78976
0.92569
0.76184
0.82696
0.6422
0.92599
0.62866
0.84077
0.64903
0.86584
0.74996
0.521
0.86394
0.85673
0.72212
0.82625
0.59887
0.80738
0.84354
0.78519
0.69204
0.92096
0.82294
0.77819
0.66652
0.66972
0.87199
1.0247
0.69466
0.8065
0.6699
0.53912
0.69716
0.71893
0.50057
0.7309
0.43948
0.8651
0.69291
0.7027
0.8955
0.90702
0.87667
0.89331
0.88165
0.68637
0.81316
0.91831
1.002
0.61251
0.79729
0.92439
0.7739
0.56455
0.69149
0.69525
0.76546
0.71379
0.87084
0.85845
0.75135
0.74134
1.0277
0.69527
0.74108
0.7938
0.93817
0.73728
0.86128
0.75388
0.87735
0.78469
0.72941
0.89248
0.7969
0.66496
0.62803
0.67982
0.76084
0.97057
0.8933
0.75726
0.49219
0.85243
0.53153
0.76516
0.29437
0.49689
0.91969
0.88303
0.80117
0.65525
0.59636
0.84468
0.54516
0.75381
0.78415
0.61714
0.78788
0.87519
0.74494
0.68127
0.61765
0.6817
0.77415
0.88646
0.74855
0.50366
0.92244
0.92968
0.70255
0.71543
0.78188
0.94894
0.61025
0.80696
0.86093
0.73689
0.83506
0.53107
0.73587
0.80811
0.77354
0.95082
0.85894
0.95017
0.81128
0.96828
0.57799
1.0361
0.71143
0.79633
0.67056
0.7079
0.95808
0.81743
0.81065
0.90274
0.56459
0.90667
0.89703
0.95311
0.60401
0.6173
0.87961
0.68124
0.61317
0.94778
0.73308
0.48634
0.88406
0.89119
0.70807
0.85966
0.74888
0.76064
0.57599
0.81606
0.8216
0.83213
0.96634
0.72792
0.58762
0.57133
0.97102
0.79432
0.64157
0.70159
0.80411
0.62052
0.42585
0.61338
0.60381
0.59447
0.74197
0.90278
0.75494
0.66375
0.85494
0.78947
0.88059
0.77797
0.77754
0.8439
0.98449
0.64576
0.74116
0.46209
0.49041
0.89099
0.66584
0.48297
0.69434
0.71458
0.59081
0.93015
0.90053
0.63404
0.53154
0.41084
0.75075
0.94404
0.65489
0.57474
0.82641
0.79753
0.89738
0.64454
0.79121
0.5366
0.85525
0.87993
0.85027
0.90844
0.38691
0.76097
0.60168
0.89547
0.72826
0.7443
0.76716
0.89155
0.74946
0.75794
0.7298
0.89015
0.64402
0.87477
0.96156
0.68101
0.79457
0.86075
0.69917
0.59942
0.71914
0.8176
0.73727
0.69246
0.58697
0.88892
0.82545
0.91265
0.74943
0.90558
0.71682
0.72896
0.96029
0.87205
0.85607
0.83787
0.6069
0.78368
0.80906
0.83895
0.77962
0.91033
0.88547
0.98834
0.8008
0.75449
0.54641
0.87869
0.67317
0.73908
0.84197
0.70249
0.691
0.84768
0.63792
0.81181
0.59655
0.98195
0.90188
0.81484
0.72955
0.72959
0.93872
0.84236
0.77417
0.61219
0.88729
0.69384
0.54911
0.70621
0.76076
0.76398
0.84174
0.83878
0.74609
0.77456
0.8621
0.71494
0.82741
0.71845
0.83346
0.72289
0.82165
0.68434
0.75058
0.97912
0.92437
0.76531
0.78147
0.68711
0.72004
0.77591
0.53981
0.82763
0.86299
0.89353
0.72623
0.609
0.74674
0.71158
0.81972
0.8001
0.69803
0.7578
0.86847
0.65598
0.67226
0.94462
0.83389
0.78598
0.66446
0.85977
0.78093
0.53905
0.7654
0.63684
0.89036
0.90938
0.91899
0.79511
0.86246
0.6776
0.70752
0.76765
0.81563
0.77307
0.81715
0.7931
0.70369
0.77998
0.64757
0.96406
0.61867
0.82194
0.88016
0.73248
0.52353
0.81116
0.74434
0.74141
0.51
0.64066
0.67922
0.90753
0.75838
0.85226
0.61936
0.71349
1.0041
0.77334
0.97216
0.93449
0.98194
0.85424
0.85507
0.63113
0.84047
0.57022
0.8206
0.95263
0.35175
0.71415
0.76084
0.64724
0.94662
0.76514
0.79419
0.73652
0.64349
0.88876
0.82843
0.71205
0.86881
0.74822
0.67166
0.80138
0.93776
0.8112
0.81142
0.90897
0.68972
0.67984
0.85973
0.88541
0.83255
0.66759
0.90022
0.73061
0.84972
0.98433
0.79406
0.75671
0.87623
0.45325
0.56346
0.48261
0.8339
0.84525
0.43633
0.78293
0.89747
0.78556
0.66148
0.93735
0.78696
0.87161
0.88504
0.61587
0.93521
0.76695
0.71952
0.84257
0.78457
0.93762
0.75886
0.8367
0.74066
0.57265
0.70427
0.6299
0.67119
0.66611
0.70658
0.77199
1.01
0.89039
0.88229
0.88533
0.71713
0.59649
0.81073
0.66786
0.87934
0.72801
0.66589
0.80682
0.76957
0.80143
0.56072
0.70209
0.7596
0.69626
0.80075
0.91715
0.8271
0.86053
0.75674
0.57853
0.91002
0.97931
0.69824
0.65044
0.72435
0.68314
0.7227
0.51121
0.71835
0.98519
0.78077
0.83102
0.65696
0.62364
0.73854
0.88945
0.70068
0.70981
0.9001
0.97612
0.71818
0.69756
0.8921
0.68666
0.64787
0.89404
0.7399
0.72097
0.63686
1.0172
0.84491
0.96434
0.7472
0.82921
0.663
0.45346
0.89128
0.95566
0.6537
0.77986
0.63685
0.71453
0.98131
0.83238
0.94883
0.81918
0.54393
0.95631
0.81766
0.77563
0.93675
0.91195
0.92343
0.71367
0.45985
0.90023
0.54807
0.74884
0.64878
0.89819
0.90733
0.68893
0.76871
0.57943
0.68814
0.73505
0.72225
0.90763
0.95071
0.8432
0.94287
0.70782
0.63056
0.76341
0.69488
1.0014
0.47011
0.82671
0.78722
0.93855
0.85383
0.88974
0.59951
0.45983
0.66563
0.82891
0.69601
0.85441
0.69469
0.8887
0.78187
0.69367
0.74674
0.87762
0.87052
0.985
0.8148
0.90669
0.98009
0.91923
0.8351
0.60173
0.74322
0.80716
0.81636
0.73072
0.85035
0.82362
0.92575
0.96767
0.67283
0.95659
0.61535
0.79642
0.82884
0.73516
0.79423
0.61256
0.68255
0.78281
0.71369
0.77119
0.61319
0.93026
0.84579
0.72296
0.62391
1.0554
0.73732
0.777
0.4229
0.8422
0.71881
0.92222
0.86621
0.80148
0.75489
0.58366
0.67641
0.65284
0.60475
0.85416
0.61129
0.91099
0.80707
1.0192
0.76023
0.72906
0.61102
0.575
0.91647
0.91749
0.84964
0.52381
0.82551
0.66153
0.81167
0.88083
0.90867
0.59472
0.5843
0.87244
0.86099
0.87779
0.85869
0.93687
0.82211
0.76936
0.95003
0.83818
0.77683
0.81134
0.74837
0.68928
0.73088
0.77492
0.8713
1.055
0.94585
0.8379
0.80134
0.65769
0.80286
0.7707
0.79882
0.69245
0.82258
0.84635
0.80202
0.71443
0.55472
0.88949
0.82994
0.69266
0.84142
0.98363
0.79575
0.76218
0.67096
0.59395
0.75701
0.93173
0.86306
0.80207
0.79011
0.68393
0.74628
0.78774
0.89019
0.52879
0.7193
0.62822
0.4403
0.95676
0.93827
0.91048
0.9345
0.73181
0.65434
0.80779
0.6779
0.55178
0.73188
0.91104
0.73011
0.51813
0.87839
0.71907
0.60556
0.59638
0.73769
0.74158
0.89355
0.86399
0.61017
0.76607
0.8997
0.87127
0.95187
1.0175
0.65986
0.53014
0.78189
0.65263
0.69167
0.76042
0.77019
0.46807
0.59697
0.71195
0.87861
0.67685
0.58578
0.75034
0.79267
0.81877
0.82136
0.6654
0.50744
0.78733
0.75662
0.71713
0.7298
0.94532
0.94535
0.89546
0.6171
0.8112
0.80704
0.53833
0.9832
0.66997
0.83262
1.0635
0.8069
0.96778
0.79347
0.60075
0.96258
0.93349
0.82925
0.92377
0.89973
0.83699
0.94774
0.88625
0.83971
0.64021
0.75902
0.82234
0.85962
0.94465
0.96427
0.71078
0.77308
0.93499
0.83397
1.0366
0.82586
0.89279
0.59883
0.89892
0.90803
0.70207
0.62167
0.72306
0.57064
0.86424
0.84884
0.75228
0.81321
0.77028
1.0445
0.63284
0.90714
0.84227
0.9883
0.57107
0.92767
0.79801
0.67108
0.81504
0.76768
0.67025
0.49907
0.83183
0.73008
0.69431
0.80815
0.72956
0.91262
0.92829
0.59061
0.88947
0.6502
0.85816
0.79297
0.91124
0.58511
0.77552
0.6978
0.83966
0.67341
0.72139
0.63588
0.78931
0.57552
0.82255
0.75871
0.62622
0.74029
0.69682
0.80891
0.9252
0.96644
0.68213
0.83617
0.94736
0.77115
1.0177
0.61277
0.66305
0.76746
0.87608
0.60631
0.80733
0.86438
0.69941
0.71462
0.66502
0.62021
0.79252
0.85613
0.91036
0.85834
0.93443
0.65653
0.98246
0.66652
0.69537
0.78015
0.84521
0.59912
0.52188
0.93598
0.94176
0.66931
0.82981
0.70596
0.91976
0.7198
1.0187
0.96234
0.64737
0.69696
0.67103
0.88189
0.54369
0.43949
0.80047
0.72967
1.1006
0.71096
0.72549
0.8466
0.86955
0.54654
0.90761
0.61043
0.96479
0.80818
0.85281
0.78983
0.73027
0.83215
0.7529
0.92889
0.89523
0.87655
0.61625
0.7379
0.90609
0.61354
0.64133
0.81022
0.8919
0.7643
0.76567
0.94817
0.73962
0.91714
0.68478
0.61843
0.68587
0.90365
0.71525
0.60599
0.77265
0.77759
0.71549
0.87124
0.6583
1.077
0.86639
0.84011
0.62998
0.91554
0.85789
0.79358
0.67285
0.77612
0.5795
0.828
0.70442
0.88885
0.84543
0.99845
0.91375
0.60966
0.61057
0.54212
0.78916
0.88926
0.86555
0.69933
0.93446
0.66577
0.83543
0.79382
0.92237
0.698
0.58986
0.67236
0.88182
0.64635
0.63297
0.79201
0.75552
0.93835
0.7366
0.98208
0.73542
0.69187
1.0595
0.74637
0.89714
0.94469
0.74502
0.79056
0.60043
0.57125
0.83918
0.81651
0.73685
0.59367
0.8779
0.81697
0.71099
1.0045
0.72838
0.93277
0.76862
0.69527
0.8121
0.79373
0.91398
0.85715
0.73308
0.60909
0.58608
0.78184
0.92988
0.82705
0.83544
0.38167
0.8387
0.77168
0.86399
0.90257
0.68234
0.59026
0.70818
0.66214
0.78102
0.58433
0.77359
0.66531
0.45975
0.81251
0.85006
0.67921
0.88432
0.72553
0.88302
0.67999
0.89543
0.32756
0.83597
0.7586
0.73789
0.60248
0.85341
0.62773
0.73437
0.78495
0.69358
0.79652
0.75955
0.76431
1.0294
0.71032
0.91118
0.81472
0.8693
0.77786
0.73843
0.93492
0.82012
0.93032
0.8731
0.89869
0.87974
0.57216
0.84216
0.70892
0.85189
0.86339
0.63458
0.90987
0.55023
0.61374
0.81008
0.70331
0.89666
0.74985
0.82716
0.91195
0.83428
0.86261
0.74144
0.77276
0.984
0.87769
0.95076
0.65322
0.80003
0.66044
0.66033
0.57668
0.40277
0.59895
0.61807
0.57559
0.59662
0.56758
0.79341
0.71995
0.88166
0.51288
0.55362
0.80424
0.98076
0.39251
0.77502
0.76018
0.39486
0.715
0.77388
0.77223
0.84352
0.80171
0.64697
0.5471
0.64425
0.60971
0.6246
0.78835
0.62756
0.75489
0.82508
0.718
0.59938
0.95571
0.75915
0.81482
0.54949
0.87622
0.76036
0.85532
0.90226
0.69341
0.94219
0.86819
0.95831
0.82926
0.70867
0.79851
0.55232
0.82679
0.84651
0.71358
0.77509
0.72483
0.8068
1.1406
0.92978
0.77049
0.6461
0.80483
0.68513
0.81788
0.65193
0.64238
0.55088
0.77498
0.4682
0.7554
0.75367
0.80414
0.98088
0.49185
0.99834
0.84126
0.91641
0.90021
0.67171
0.78656
0.83775
0.60252
0.69984
0.71754
0.4903
0.88072
0.60499
0.87815
0.64852
0.52085
0.74027
0.76385
0.65258
0.92965
0.62014
0.72626
0.87379
0.71276
0.77098
0.79868
0.79214
1.0047
0.95674
0.77651
0.59336
0.70513
0.80122
0.66799
0.74668
0.6904
0.72313
0.60987
0.84285
0.93305
0.82616
0.86037
0.48825
0.80249
0.81851
0.95897
0.74242
0.57144
0.75285
0.59811
0.72796
0.84942
0.63743
0.70243
0.91042
0.52492
0.91343
0.70764
0.93841
0.71771
0.90534
0.49275
0.48903
0.75222
0.65267
0.73771
0.75965
0.44625
0.45776
0.70884
0.92671
1.0135
0.77502
0.91896
0.34758
0.78093
0.75125
0.80779
0.61048
0.81677
0.7052
0.79505
0.66581
0.83717
0.83681
0.70876
0.94519
1.0439
0.63847
0.7666
0.92246
0.91844
0.50713
0.93305
0.86715
0.91364
0.70842
0.81575
0.78273
0.86595
1.0094
0.83009
0.74225
0.87716
0.79826
1.0569
0.95125
0.66882
0.74114
0.87437
0.77629
0.85124
0.53026
0.90547
0.48667
0.72555
0.61317
0.67878
0.83572
0.89821
0.83016
0.81261
0.88188
0.63002
0.6741
0.91203
0.98061
0.96359
0.90608
1.0048
0.8695
0.66729
0.53713
0.65116
0.87756
0.96037
0.68517
0.82991
0.80623
1.0644
0.80155
0.64896
0.63217
0.66899
0.99025
0.97476
0.86936
0.66678
0.89524
0.59269
0.67461
0.69536
0.80939
0.77172
0.83952
0.86202
0.98149
0.58163
0.93043
0.52092
0.75801
0.6556
0.7062
0.79283
0.91197
0.85263
0.73721
0.84729
0.70056
0.70845
0.71066
0.85332
0.45117
0.50899
0.91465
0.90924
0.74019
0.73918
0.53396
0.64187
0.53569
0.78448
0.76919
0.45456
0.75953
1.0191
0.80787
0.71439
0.83058
0.78458
0.7648
0.81916
0.96422
0.9058
0.81784
0.57061
0.65408
0.87545
0.83022
0.86441
0.84982
0.71782
0.99569
0.83504
0.94478
0.89522
0.77707
0.84457
0.51233
0.69598
0.74658
1.0458
0.64234
0.76829
0.83004
0.79045
0.69972
0.97667
0.88831
0.82831
0.98762
0.77174
0.5856
0.78157
0.84902
0.87029
0.75361
0.76761
0.61728
0.80671
0.70923
0.73269
0.76666
0.49264
0.81075
0.99177
0.74279
0.95187
0.64754
0.58011
0.74062
0.85709
0.61329
0.87478
0.98415
0.85952
0.76806
0.89679
0.94891
0.7299
0.88984
0.68581
0.61464
0.82024
0.61092
0.8821
0.85291
0.60655
0.67968
1.0234
0.68084
0.7072
0.82633
0.86284
0.4883
0.80923
1.0535
0.75048
0.68574
0.94882
0.85628
0.68224
0.93824
0.74305
0.91096
0.65339
0.86862
0.85893
0.81007
0.73388
0.5939
0.915
0.87865
0.70024
0.76793
0.78037
0.8791
0.94772
0.8649
0.86175
0.89943
0.53153
0.72161
0.87493
0.94297
0.78583
0.6559
0.8703
0.79508
0.86874
0.69334
0.90651
0.85811
0.73518
0.70969
0.68469
0.73249
0.81884
0.59202
0.95414
0.91996
0.88633
0.68632
0.82834
0.88877
0.83241
0.67438
0.97539
0.83192
0.75398
0.69085
0.56732
0.7117
0.61247
0.74744
0.64858
0.76518
0.73661
0.68512
0.95876
0.58102
0.7469
0.77797
0.60089
0.84332
0.88279
0.79178
0.80174
0.61412
0.60328
1.0394
0.77095
0.81052
0.63513
0.42679
0.83364
0.69871
0.70381
0.70322
0.78406
0.84522
0.71509
0.29495
0.73955
0.76179
0.90471
0.70276
0.96238
0.72169
0.65821
0.67477
0.84547
0.62686
0.65541
0.67004
0.61781
0.7641
0.66035
0.83574
0.78577
0.70659
0.87989
0.78348
1.0107
0.67767
0.75863
0.8554
0.75956
0.81045
0.44369
0.64553
0.65005
0.76233
0.71965
0.74951
0.77584
0.87063
0.8071
0.75744
0.97217
0.94522
0.91955
0.65574
0.67671
0.74871
0.79304
0.95356
0.98187
0.50867
0.84628
0.74731
0.83481
0.76577
0.90044
0.72954
0.65606
0.81251
0.82586
0.93588
0.93316
0.50876
0.79486
0.87794
0.53336
0.62845
0.85814
0.81605
1.0406
1.0108
0.87191
0.56971
0.87406
0.64061
0.95899
0.76203
0.89409
0.90573
0.82875
0.92132
0.68277
0.71189
0.56199
0.87511
0.71155
0.7171
0.66507
0.53232
0.85206
0.72889
0.7559
0.8636
0.61695
0.87067
0.62944
0.99786
0.65222
0.72501
0.7076
0.73384
0.72306
0.53942
0.90585
0.57871
0.80387
0.87191
0.69987
0.79416
0.7109
0.89653
0.86584
0.39938
0.71207
0.54108
0.74022
0.64723
0.73505
0.92018
0.63085
0.90762
0.80673
0.74471
0.57472
0.95785
0.89206
0.79252
0.85053
1.036
0.52146
0.89078
0.90544
0.84038
0.94465
0.89606
0.72101
0.75965
0.63252
0.79708
0.7144
0.71986
0.61539
0.91101
0.43
0.50355
0.77231
0.66253
0.70919
0.73583
0.88827
0.71516
0.8412
0.5864
0.68545
0.70617
0.68373
0.60592
0.71713
0.78213
0.71564
0.96356
0.90424
1.0721
0.81557
0.8804
0.95553
0.73088
0.76927
0.85686
0.63243
0.88142
0.83486
0.35691
0.84103
0.87501
0.71965
0.81608
0.77537
0.88125
0.87818
0.91912
0.88729
0.90647
0.6012
0.66724
0.77382
0.68323
1.0353
0.81437
0.55692
0.86615
0.57687
0.45027
0.88908
0.66693
0.53738
0.76846
0.94935
0.68045
0.88459
0.90925
0.9725
0.64022
0.83688
0.78423
0.71427
0.29209
0.84607
0.71995
0.65818
0.87377
0.77861
0.93209
0.6351
0.94176
0.72977
0.84881
0.92611
0.80516
1.0522
0.79826
0.82945
0.67665
0.663
0.72031
0.52207
0.78267
0.98052
0.72507
0.62817
0.81643
0.74122
0.68254
0.71653
0.72393
1.0098
0.7343
0.82428
0.62348
0.88082
0.7669
0.40184
0.88509
0.81631
0.59751
0.47468
0.97266
0.66706
0.69142
0.77931
0.83871
0.78543
0.94098
0.97494
0.67567
0.39747
0.84495
0.70444
0.96048
0.87421
0.55084
0.6383
0.81183
0.58008
0.87582
0.94421
0.87218
1.0206
0.44947
0.72484
0.80572
0.62115
0.54079
0.7203
0.74233
0.8929
0.90714
0.7559
0.70081
0.48305
0.89113
0.62856
0.99255
0.91108
0.63354
0.71284
0.76243
0.70583
0.82465
0.86155
0.99671
0.575
0.78039
0.74533
0.77195
0.67018
0.67292
0.80549
0.51302
0.95739
0.64355
0.64868
0.78724
0.72062
0.73767
0.79245
0.78739
0.67705
0.85932
0.55434
0.97222
0.54072
0.8798
0.56494
0.50496
0.61474
0.60766
0.93033
0.886
0.82872
0.59005
0.56202
0.59442
0.99539
0.51674
0.83369
0.91292
0.81713
0.84039
0.8325
0.68612
0.78309
0.81875
0.66768
0.55602
0.68864
0.88561
0.6024
0.9614
0.9734
0.88502
0.99675
0.78103
0.77302
0.66167
0.64367
0.86125
0.82631
0.89674
0.94612
0.79183
0.83704
0.82351
0.70991
0.8287
0.95494
0.74911
0.90256
0.19833
0.28632
0.71835
0.90284
0.62349
0.73046
0.81135
0.96639
0.93961
0.78858
0.81851
0.8108
0.84555
0.75017
1.0088
0.75796
0.82798
0.75906
0.89608
0.89054
0.42551
0.72135
0.80014
0.6541
0.75611
0.906
0.70001
0.87095
0.77051
0.88029
0.70374
0.61257
0.81738
0.6557
0.94394
1.064
0.49296
0.55062
0.96582
0.89717
0.70238
0.74143
1.0037
0.76843
0.7027
0.91111
0.83288
0.53357
0.81506
0.71036
0.66362
0.55865
0.59318
0.94777
0.71788
0.73045
0.95597
0.76843
0.81015
0.92985
0.66053
0.87552
0.80563
0.89386
0.86317
0.72861
0.73977
0.7846
0.7038
0.68442
0.60606
0.26746
0.69095
0.89065
0.64827
0.87614
0.50849
1.0227
0.65773
0.95969
0.64431
0.98156
0.647
0.8233
0.96725
0.93467
0.6557
0.86984
0.77387
0.71187
0.77024
0.84158
0.76105
0.59928
0.8182
0.6385
0.8462
0.67923
1.0489
0.6625
0.9042
0.65951
0.82613
0.70203
0.82618
0.92334
0.67183
0.64766
0.52085
0.60091
0.94282
0.95989
0.91504
0.96036
0.77711
0.8177
0.88031
0.87484
0.85487
0.80671
0.59578
0.32868
0.85139
0.72782
0.93059
0.55458
0.88187
0.89072
0.83836
0.64263
0.80631
0.81225
0.86477
0.45045
0.75153
0.91326
1.0111
0.94804
0.79564
0.91134
1.027
0.63514
0.79229
0.8762
0.69727
0.82358
0.71795
0.62899
0.77217
0.82376
0.89318
0.75212
0.65223
0.85841
1.1106
0.5748
0.60387
0.77818
0.78897
0.73262
0.40497
0.92248
0.78448
0.79017
0.67922
0.79613
0.86647
0.61592
0.94545
0.72407
1.0839
0.82549
0.96793
0.62184
0.93103
0.73756
0.76687
0.93863
0.96317
0.66633
0.79572
0.88216
0.82726
0.67312
0.76294
0.66998
0.60854
0.88023
0.66101
0.53881
0.7324
0.63172
0.8743
0.86594
0.71948
0.59354
0.6528
0.92728
0.77044
0.93484
0.72676
0.87836
0.64818
0.72634
0.57995
0.87349
0.74838
0.87333
0.99462
0.86111
0.37404
0.68725
0.89339
0.7756
0.63456
0.76766
0.75936
0.80866
0.71687
0.86435
0.88382
0.90226
0.62058
0.71772
0.59186
0.55696
0.55275
0.81064
0.85445
0.83629
0.74591
0.90325
0.76105
0.88916
0.41823
0.68557
0.78803
0.96014
0.88736
0.76968
0.81392
0.73645
0.83325
0.99432
0.97541
0.66706
0.84358
0.55211
0.60545
0.73726
0.56453
1.0216
0.66785
0.49785
0.59863
0.71603
0.74951
0.82299
0.77803
0.66715
0.91839
0.79931
0.92278
0.77219
0.68578
0.56631
0.82034
0.68112
0.6459
0.77579
0.90365
0.35226
0.7702
0.95664
0.86406
0.8926
1.0336
0.74556
0.7988
0.75779
0.91185
0.85229
0.87717
0.67373
0.81308
0.90621
0.74755
0.36215
0.77723
0.78528
0.75288
0.80563
0.74331
0.87535
0.80379
0.75937
0.68014
0.75545
0.79389
0.70025
0.98459
0.61388
0.74254
0.82143
0.90758
0.75015
0.96284
0.8262
0.64527
0.78684
0.70896
0.68759
0.94514
0.7277
0.98979
0.71523
0.58307
0.57764
0.84589
0.91834
0.60302
0.73252
0.91806
0.50244
0.53041
0.47967
0.806
0.75903
0.57155
0.61994
0.58202
0.91513
0.80246
0.60136
0.93056
0.6265
0.95517
0.82509
0.83617
0.69539
0.83446
0.73403
0.89408
0.80531
0.96281
0.65376
0.82533
0.71427
0.82418
0.71153
0.6993
0.65572
0.72884
0.73339
0.66589
0.78092
0.75795
0.79609
0.97251
0.76718
0.68774
0.6869
0.92383
0.7608
0.8647
0.61606
0.7807
0.8045
0.70928
0.95166
0.88617
0.8299
0.65516
0.85623
0.52649
0.68384
0.6495
0.61467
0.88696
0.78188
0.8882
0.59044
0.89183
0.86853
0.60244
0.66304
0.88454
0.78089
0.71901
0.75559
0.92171
0.87962
0.66954
0.91438
0.71777
0.63836
0.71861
0.72467
0.69521
0.71535
0.77049
0.54016
0.77235
0.65111
0.82002
0.74805
0.84276
0.81287
0.62666
0.96307
0.81842
0.70398
0.58574
0.85755
0.82495
0.62768
0.84463
0.61705
0.68055
1.0336
0.96526
0.90052
0.638
0.48878
0.68288
0.80912
0.81113
0.80154
0.80653
0.86186
0.49523
0.83221
0.72427
0.66363
0.90804
0.76013
0.79219
0.52143
0.77627
0.85114
0.76853
0.82058
0.86747
0.93316
0.94659
0.78054
0.64723
0.71975
0.706
0.67256
0.70533
0.84837
0.78426
0.90148
0.85165
0.52121
0.79319
0.78469
0.96347
0.9764
0.99419
0.81973
0.5553
0.82814
1.0362
0.85867
0.73039
0.64687
0.52368
0.51597
0.97078
0.7029
0.84842
0.84735
0.8251
0.66289
0.88287
0.72111
0.66517
0.77746
0.86754
0.30948
0.70264
0.72285
0.78762
0.90939
0.82231
0.66537
0.77307
0.73141
0.57943
0.89968
0.59989
0.81681
0.83903
0.99156
0.66241
0.94939
0.87458
0.94775
0.78234
0.99603
0.8577
0.60295
0.53783
0.96966
0.75559
0.78523
0.96953
1.0135
0.69947
0.86416
0.77957
0.86493
0.95282
0.92916
0.96592
0.86894
0.94537
0.69227
0.63954
0.88955
0.84069
0.66513
0.75184
1.0328
0.44166
0.87472
0.62963
0.53601
0.74191
0.90321
0.69427
0.7925
0.70329
0.82109
0.8809
0.95306
0.80077
0.67815
0.59585
0.80034
0.72733
0.75579
0.88729
0.63461
0.57427
0.73341
0.66098
0.82005
1.1465
0.63734
0.60007
0.73577
0.47832
0.93972
0.60988
0.97758
0.80833
0.82255
0.81256
0.90335
0.76117
0.6928
0.66624
0.57951
1.031
0.91866
0.77622
0.90267
0.66829
0.69993
0.82909
0.48358
0.95759
0.68349
0.63667
0.8059
0.87322
0.73372
0.56515
0.74155
0.96804
0.81922
0.85109
0.5084
0.80082
0.72671
0.85472
0.83121
0.74764
0.76246
0.56248
0.81972
0.80397
0.88265
0.74679
0.42585
0.77656
0.9259
0.62419
0.94287
0.81409
0.70967
0.80703
0.75742
0.54195
0.66152
0.81751
0.94278
0.70614
0.84147
0.84747
0.6879
0.83666
0.79294
0.89291
0.83285
0.80462
0.5563
0.45437
0.63823
0.92473
0.89695
0.91059
0.92314
0.98258
0.63747
0.82862
0.80789
0.83371
0.67037
0.63238
0.92269
0.74828
0.86131
0.45704
0.85478
0.66401
0.94144
0.88188
0.60495
1.0032
0.68272
0.61708
0.78092
0.75877
0.76195
0.74854
0.73124
0.7193
0.91861
0.79821
0.66416
0.84939
0.92178
0.72334
0.8585
1.045
0.90528
1.0465
0.91114
0.60163
0.91941
0.86288
0.82384
0.80586
0.87123
0.83186
0.63612
0.68386
0.87715
0.71221
0.78184
0.73973
0.88235
0.85746
0.70193
0.76989
0.90994
0.71751
0.90889
0.90805
0.8357
1.0392
0.5608
0.75378
0.81867
1.0064
0.89048
0.5033
0.73926
0.88016
0.80217
0.6775
0.77479
0.67626
0.89112
0.95422
0.99906
0.75927
0.68173
0.78933
0.70616
0.70438
0.93475
0.71107
0.49584
0.84973
0.72232
0.78095
0.93697
0.59176
0.91019
0.86606
0.84687
0.5222
0.8695
0.70754
0.92014
0.78488
0.80131
0.85267
0.76868
0.77852
0.61144
0.88042
0.7198
0.55787
0.72465
0.81588
0.76466
0.55511
0.8107
0.59139
0.61231
0.95167
0.83359
0.79115
0.63416
0.75617
0.62841
0.75086
0.92781
0.81778
0.79176
0.62322
0.80818
0.86489
0.69469
0.8183
0.68435
0.82073
0.81499
0.61986
0.7167
0.68035
0.81117
0.5215
1.0327
0.80283
0.85643
0.78711
0.86067
0.59016
0.95201
0.89697
0.93563
0.9365
0.68893
0.71838
0.95001
0.91791
0.9875
0.56046
0.86378
0.67427
0.81872
0.75029
0.89774
0.82719
0.60824
1.0011
0.60515
0.69049
0.83924
0.68232
0.79133
0.74182
0.67313
0.8595
0.85858
0.72776
0.78287
0.61438
0.89766
0.85314
0.42101
0.65702
0.94026
0.65139
0.95507
0.79444
0.82736
0.59311
0.47663
0.99079
0.61803
0.66269
0.84774
0.73598
0.70184
0.47845
0.81497
0.7836
0.6897
0.92715
0.53816
0.7469
0.88837
0.74789
0.66574
0.46594
0.80049
0.88615
0.70553
0.92995
0.83759
0.89347
0.60576
0.73005
0.66909
0.58728
0.90335
0.77371
0.78475
0.79049
0.75586
0.71207
0.76759
0.81763
0.8937
0.92259
0.8469
0.87862
0.68771
0.71628
0.8953
0.51603
0.76431
0.94926
0.36386
0.60568
0.85073
0.74149
0.53552
0.7523
0.76153
0.70768
0.78083
0.75889
0.85625
0.76359
0.69188
0.87573
0.57784
0.75499
0.85696
0.93604
0.94633
0.72748
0.77344
0.88513
0.80632
0.79904
0.74406
0.86778
0.90618
0.80332
0.87079
0.56506
0.55806
0.78145
0.80409
0.74204
0.59555
0.88056
0.77068
0.73246
0.8507
0.75698
0.71377
0.89797
0.65175
0.90138
0.97687
0.79473
0.86528
0.91475
0.87659
0.64245
0.59653
0.5278
0.49205
0.68727
0.91796
0.88189
0.6833
0.97873
0.84751
0.83334
0.76824
0.8173
0.8702
0.73049
0.66423
0.76255
0.65641
0.56081
0.84007
0.81309
0.89921
0.92079
0.8706
0.75244
0.7597
0.67684
0.94879
0.85174
0.78168
0.87781
0.61623
0.93764
0.66825
0.70384
0.70742
0.72888
0.84145
0.61664
0.8026
0.611
0.61806
0.77827
0.76779
0.64029
0.79463
0.88405
0.82351
0.8331
0.77321
0.5571
0.73534
0.70991
0.77488
0.86873
0.98516
0.5677
0.72787
0.59944
0.80769
0.71152
0.81
0.64401
0.73138
0.55641
0.65157
0.60675
0.82514
0.78577
0.66078
0.93569
0.68089
0.57269
0.77258
0.93445
0.59639
0.86146
0.78614
0.78252
0.59754
0.55443
0.77952
0.76844
0.67264
0.34388
0.93632
0.72351
0.80349
0.75526
0.97231
0.97022
0.66435
0.81892
0.89575
0.83189
0.65076
0.86466
0.65127
0.85632
0.79044
0.71628
0.80761
0.74358
0.99153
0.6671
0.67774
0.97532
0.80196
0.71956
0.63893
0.7136
0.87919
0.80571
0.82171
0.70397
0.89868
0.76446
0.79157
0.69039
0.62729
0.76257
0.82829
0.61198
0.78481
0.96337
0.86218
0.74174
0.92146
0.79368
0.65833
0.65552
0.61226
0.77433
0.94203
0.7611
0.8251
1.0198
0.72177
0.76622
0.58682
0.7781
0.95013
0.8746
0.95609
1.0096
0.63457
0.64851
0.65069
0.73114
0.77937
0.69849
0.83956
0.82871
1.022
0.86117
0.86124
0.79974
0.74552
0.49498
0.72313
0.87872
0.59011
0.73534
0.67683
0.79695
0.96736
0.77835
0.8947
0.88141
0.93948
0.81675
0.5754
0.70535
0.62489
1.0172
0.83241
0.80443
0.92933
0.91945
0.59293
0.70716
0.76882
0.68833
0.92091
0.83602
0.82277
0.89739
0.77417
0.30577
0.81345
0.71327
0.6985
0.79254
0.73154
0.86774
0.75004
0.72123
0.49071
0.86401
1.0464
0.65832
0.95386
0.8486
0.48075
0.78798
0.89834
0.79327
0.79029
0.90846
0.77434
0.78159
0.80621
1.0221
0.52501
0.79455
0.56771
0.67025
0.47946
0.7248
0.86075
0.9515
0.64972
0.95513
0.65644
0.75918
0.78563
0.63053
0.5901
0.68795
0.78399
0.64276
0.89061
0.77808
0.98295
0.71544
0.82639
0.83079
0.82723
0.85929
0.93946
0.68239
0.83759
0.60704
0.82498
0.74819
0.44388
0.89541
0.43568
0.74693
0.85334
0.73922
0.72263
0.58278
0.6102
0.63434
0.72952
0.78911
0.83207
0.8511
0.39762
0.82901
0.39012
0.65592
0.65897
0.76797
0.80073
0.79894
0.89939
0.85309
0.84034
0.79825
0.87612
0.77684
0.86321
0.95467
0.44976
0.86092
0.81475
0.65386
0.66053
0.72349
0.85492
0.83353
0.95965
0.89415
0.89853
0.46181
0.51517
0.88935
0.78684
0.80756
0.47445
0.75211
0.90665
0.57427
0.72784
0.58108
0.76078
0.83086
1.0542
0.81348
0.77258
0.84404
1.0532
0.71558
0.76264
0.89688
0.62692
0.8881
0.81781
0.87606
0.867
0.7905
0.89004
0.96914
0.64642
0.90175
0.65536
0.76825
0.91716
0.87657
0.77626
0.84914
0.61823
0.58585
0.85391
0.7901
0.75823
0.77995
0.91109
0.76605
0.76613
0.78642
0.55763
0.76855
0.59616
0.89605
0.66093
0.98443
0.76188
0.94674
0.84691
0.66032
0.66525
0.78134
0.78991
0.91005
0.91814
0.9169
0.77571
0.67879
0.88239
0.81697
0.80273
0.82127
0.74811
0.99639
0.73056
0.77359
0.97467
1.0695
0.94782
0.73728
0.93756
0.69827
0.86904
0.67117
0.6721
0.76269
0.80438
0.76581
0.47939
0.75373
0.77172
0.73545
0.76974
0.91554
0.85918
0.88433
0.9475
0.81347
0.55858
0.75344
0.71507
0.72516
0.99863
0.90092
0.91383
0.85051
0.93535
0.82269
0.95324
0.88927
0.82953
0.85416
0.65464
0.91841
0.71251
0.928
0.95766
0.706
0.46838
0.74126
0.76187
0.53169
0.82986
0.90101
0.6802
0.76061
0.90824
0.49669
0.77677
0.62318
0.90856
0.7617
0.65115
0.78201
0.80559
0.66202
0.79399
0.72071
0.75454
0.80319
0.68746
1.0747
0.81795
0.85021
0.93267
0.6414
0.84967
0.94133
0.85886
0.5309
0.6368
0.90431
0.68439
0.70823
0.88291
0.87222
0.86947
0.51415
0.95018
0.84735
0.69785
0.70113
0.65182
0.78357
0.50936
0.9586
0.83157
0.77339
0.62028
0.77476
0.83772
0.6468
0.78353
0.60206
0.89739
0.46336
0.51649
0.63431
0.86856
0.8319
0.84904
0.35734
0.87774
0.83173
0.80562
0.77925
0.61402
0.54112
0.81064
1.0057
0.87834
0.72086
0.67742
0.74563
0.76526
0.91492
0.69759
0.91369
0.74363
0.85143
0.70642
0.85111
0.83101
0.97318
0.78748
0.87895
0.67366
0.91516
0.41044
0.76843
0.93951
0.43789
0.59367
0.87424
0.98155
0.48689
0.77623
0.76944
0.86154
0.71016
0.63197
0.70446
0.71277
0.74862
0.7211
0.57412
0.89755
0.73093
0.96783
0.42586
0.88448
0.90234
0.87503
0.75724
0.81655
0.66927
0.89927
0.81247
0.80943
1.0528
0.74438
0.91729
0.68815
0.75901
0.61098
0.97343
0.78272
0.68757
0.70751
0.65257
0.92015
0.61805
0.96161
0.77991
0.81658
0.82743
0.8058
0.64308
0.83159
0.81567
0.74837
1.0206
0.64151
0.62084
0.59767
0.82043
0.9644
0.75038
0.78554
0.60579
0.67322
0.65768
0.95653
0.69098
0.59529
0.89437
0.80787
0.88144
0.74334
0.73541
0.92544
0.82713
0.84235
0.608
0.80258
0.79628
1.024
0.75924
0.76583
0.90719
0.61091
0.88449
0.87941
0.56146
0.8655
0.31691
0.74666
0.81793
0.79432
0.85322
0.80586
0.64133
0.81534
0.73836
0.7826
0.78547
0.91839
0.60904
0.67982
0.73857
0.71364
0.86134
0.74728
0.7609
0.77776
0.83591
0.40048
0.83871
0.61725
0.72503
0.86059
0.72963
0.85782
0.90182
0.69992
0.69637
0.62282
0.78816
0.82036
0.95143
0.69444
0.84568
0.78521
0.83607
0.62217
0.77902
0.52254
0.56044
0.81692
0.61501
0.73526
0.44682
0.74812
0.62863
0.98914
0.65926
0.88966
0.86383
0.81457
0.72336
0.72813
0.77976
0.83116
0.83898
0.66809
0.55738
0.83071
0.92088
0.95943
0.55006
0.73733
0.66965
0.79924
0.68377
0.79515
0.88327
0.85136
0.67042
0.74827
0.7574
0.85365
0.42486
0.83589
0.78343
0.62503
0.93078
0.60217
0.71915
0.77908
0.66743
0.81317
0.85809
0.77018
0.77553
0.71616
0.47812
0.72611
0.84282
0.8322
0.62121
0.89623
0.85858
0.79266
0.94225
0.80844
0.66137
0.92954
0.75231
0.83165
0.85701
0.60498
0.91557
0.5725
0.79295
0.85842
0.83716
0.84737
0.83045
0.51931
0.7472
0.82706
0.8935
0.88778
0.58585
0.7992
0.70124
1.0726
0.84301
0.91158
0.74562
0.95473
0.70712
0.55548
0.75933
0.56626
0.8342
0.92046
0.86277
0.71056
0.63992
0.60897
0.81665
0.67554
0.81503
0.92101
0.83646
0.90275
0.90799
0.59962
0.64889
0.72049
0.73665
0.9365
0.80561
0.73067
0.83505
0.9283
0.77054
0.7959
0.6507
0.75788
0.77601
0.92987
0.76987
0.87119
0.70531
0.96253
0.47668
0.76703
0.75319
0.83051
0.98933
0.63092
0.78082
0.75418
0.72556
0.59444
1.0139
0.60272
0.90688
0.84226
0.45935
0.87319
0.88461
0.58658
1.0351
0.80641
0.93801
0.72933
0.85872
0.92953
0.76689
0.46325
0.69541
0.83763
0.93308
1.0319
0.94862
0.7231
0.53921
0.81736
0.86265
0.7573
0.68082
0.71709
0.83941
0.74933
0.64194
0.26743
0.49196
0.86654
0.68866
0.88291
0.65689
0.87673
0.43157
0.91561
0.97105
0.71422
0.90993
1.032
0.92038
0.51696
1.0759
0.65516
0.74097
0.63656
0.67469
0.92521
0.90359
0.82483
0.6966
0.69527
0.88394
0.81296
0.64893
0.56914
0.36599
0.88649
0.96127
0.60729
0.77065
0.89836
0.89521
0.75287
0.77527
0.76185
0.64471
0.94814
0.79503
0.51343
0.92857
0.7108
0.97348
0.84957
0.78576
0.79254
0.76038
0.48807
0.7463
0.79493
0.89673
0.44751
0.7774
0.83068
0.84919
1.0261
0.7345
0.65655
0.76092
0.84911
0.8822
0.82084
0.86966
0.66064
1.0249
0.58446
0.81393
0.74511
0.75525
0.80084
0.70225
0.43403
0.98999
0.7494
0.81899
0.90082
0.80441
0.95751
0.78588
0.76741
0.85279
0.79674
0.78068
0.92971
0.66296
0.85079
0.70934
0.92535
0.94648
0.96764
0.87139
0.81511
0.8982
0.58335
0.59696
0.79503
0.84484
0.75509
1.0679
0.54494
0.59929
0.84605
0.61471
0.41854
0.85886
0.84593
0.50867
0.83817
0.90368
0.78287
0.6133
0.71329
0.93242
0.87636
1.0055
0.83762
0.7971
0.6855
0.78832
0.37788
0.46371
0.81159
0.79094
0.89779
0.95748
0.41803
0.6916
0.76522
0.80716
0.80978
0.80896
0.83609
0.74437
0.42359
0.92747
0.73758
0.71354
0.44269
0.68518
0.76032
0.95509
0.91245
0.79118
0.81547
0.77303
0.79995
0.87436
0.81508
0.79423
0.86379
0.78211
0.92103
0.67928
0.88715
0.81162
0.84577
0.99191
0.766
0.6558
0.53593
0.56975
0.71311
0.82615
0.94384
0.8807
0.53528
0.72114
0.88341
0.82318
0.70435
0.64909
0.61587
0.44039
0.60314
0.86538
0.85457
0.94264
0.85254
0.62419
0.71738
0.58674
0.73752
0.86651
0.73301
0.82828
0.58402
0.71355
0.77347
0.76259
0.82439
0.65853
0.92396
0.76866
0.75022
0.66479
0.80792
0.71931
0.75452
0.60014
0.65316
0.95976
0.63943
0.5836
0.69675
0.63806
0.9655
0.74956
0.82273
0.96047
0.85494
0.54544
0.79154
0.88597
0.84175
0.74413
0.64718
0.84636
0.83549
0.91014
0.81147
0.85117
0.64563
0.78388
0.80954
0.73275
0.78706
0.61309
0.84497
0.49308
0.70263
0.71968
0.71528
0.77783
0.58482
0.7083
0.83408
0.93254
0.68336
0.54233
0.76948
0.82072
0.77553
0.92149
0.93144
1.0014
0.77114
0.80175
0.75906
0.80038
0.79963
0.86931
0.55291
0.84761
0.77087
0.76741
0.77637
0.63056
0.83003
0.69909
0.73066
0.76557
0.56863
0.74799
0.68197
0.66429
0.79619
0.67003
0.90778
0.57694
0.76959
0.51979
0.46552
0.89394
0.68195
0.85051
0.80412
0.99565
0.95647
0.73386
0.86736
0.75838
0.79187
0.61499
0.53184
0.75132
0.88072
0.99961
0.4345
0.86678
0.8047
0.814
0.77465
0.83902
0.90754
0.88617
0.83739
0.87519
0.78579
0.95154
1.0028
0.45637
0.59738
0.7932
0.76329
0.89948
0.66863
0.83088
0.89432
0.88741
0.81516
0.68267
0.60193
0.62722
0.80959
0.7889
0.73686
0.60262
1.0416
0.79883
0.91275
0.72336
0.56847
0.49383
0.68722
0.74619
0.91248
0.60046
0.86349
1.0258
0.61432
0.6807
0.58214
0.9408
0.88376
0.79219
0.83786
0.54989
0.49732
0.67069
0.64273
0.40116
0.91508
0.86523
1.0418
0.8585
0.62978
0.77982
0.78346
0.98034
0.58529
0.86034
0.62246
0.72847
0.71635
0.70027
0.86322
0.65138
1.073
0.8063
0.89852
0.43137
0.6189
0.92375
0.78674
0.816
0.70341
0.67478
0.98658
0.76734
0.84929
0.75568
0.55493
0.88143
0.92542
0.7984
1.041
0.2969
0.80909
0.42299
0.75082
0.51622
0.89334
0.7291
0.89882
0.94142
1.0408
0.6379
0.95948
0.87214
0.88705
1.0802
0.92672
0.95349
0.837
0.78563
0.83449
1.0012
0.64848
0.7967
0.94591
0.78814
0.77094
0.77166
0.80015
0.95843
0.47155
0.86418
0.71615
0.76671
0.64861
0.82115
0.58922
0.79593
0.70145
0.73036
0.7202
0.72642
0.84289
0.97651
0.9327
0.77872
0.41377
0.65845
0.86952
0.919
0.69628
0.75567
0.82141
0.71274
0.70793
0.69199
0.76255
0.9022
0.93331
0.82385
0.88508
0.70747
0.69195
0.77837
0.73422
0.7418
0.8185
0.77215
0.97001
0.69965
0.71051
0.72921
0.89026
0.86433
0.94348
0.75482
0.86631
0.79623
0.69314
0.9781
0.73848
0.68315
0.81876
0.59493
0.66097
0.71025
0.79568
0.86533
0.99714
0.76736
0.37334
1.0459
0.75475
0.64712
0.87864
0.76711
1.0099
0.63047
0.78913
0.8983
0.95525
0.61593
0.80351
0.7754
0.83579
0.83052
0.9373
0.62366
0.70785
0.89658
0.58186
0.71765
0.71477
0.75507
0.78257
0.43947
0.84784
0.59534
0.55899
0.75418
0.7776
0.8456
0.81254
0.87094
0.84094
0.72451
0.96354
0.89432
0.68186
0.55502
0.7727
0.7606
0.67304
0.44738
0.6913
0.74273
0.96855
0.60191
0.7227
0.78874
0.69402
0.71829
0.83938
0.86102
0.86518
0.48935
0.68847
0.71921
0.60855
0.6854
0.85647
0.70441
0.92713
0.39732
0.68336
0.75408
0.77649
0.92674
0.54974
0.81677
0.84291
0.80473
0.8946
0.81386
0.83631
0.7136
0.88047
0.68583
0.70791
0.78713
0.79145
0.973
0.68518
0.89705
0.97275
0.79158
0.75482
0.7734
1.0366
0.94932
1.0216
0.64284
0.55792
0.92043
0.94055
0.78263
0.87888
0.7051
0.75971
0.69185
0.74464
0.89565
0.91051
0.72282
0.74499
0.84539
0.78484
0.71703
0.56614
0.98661
0.91792
0.6554
0.79693
0.58872
0.86741
0.77028
0.76481
0.85498
0.92762
0.9076
0.7501
0.80862
0.72352
0.84448
0.73813
0.90818
0.64344
0.35461
0.9146
0.75413
0.60495
0.76846
0.46473
0.45361
0.86995
0.37648
0.7319
0.7302
0.82717
0.87939
0.58527
0.89822
0.71164
0.65284
0.55055
0.85555
0.93957
0.84121
0.88747
0.71538
0.68611
0.97446
0.74958
0.73279
0.57027
0.74148
0.84095
0.83103
0.90407
0.85573
0.68014
0.7038
0.40841
0.64996
0.76772
0.77438
0.78011
0.74978
1.0505
0.60986
0.52395
0.93424
0.50687
0.8102
0.74563
0.75234
0.88381
0.88148
0.76899
1.028
0.91246
0.88924
0.99637
0.91047
0.56786
1.0209
1.0122
0.71633
0.72634
0.83363
0.87039
0.90606
0.56979
0.44507
0.81865
0.81504
0.85062
0.76613
0.82056
0.72171
0.83462
0.68149
0.81867
0.96491
0.76833
0.55083
0.75183
0.83076
0.78286
0.64913
0.73947
0.53496
0.62852
0.73998
0.73539
0.89395
0.86356
0.88125
0.91906
0.66542
0.9302
0.85306
0.83309
0.89506
0.76477
0.77671
0.66899
0.69448
0.69393
1.0068
0.72614
0.76244
0.86435
0.55074
0.78534
0.95628
0.70319
0.89592
0.9815
0.87483
0.75811
0.63655
0.63393
0.7122
0.60862
0.77282
0.73122
0.76883
0.78976
0.83522
0.77109
0.49763
0.60456
0.8439
0.73168
0.71431
0.84933
0.84496
0.82212
0.6858
0.78599
0.85477
0.59933
0.81148
0.85768
0.69398
0.68933
0.86007
0.53041
0.84759
0.61542
0.9225
0.6217
0.30554
0.98456
0.44732
0.63803
0.95351
0.93187
0.89506
0.67921
0.88334
0.85666
0.75655
1.0829
0.76053
0.82544
0.86462
0.87768
0.88575
0.69351
0.82004
0.6052
0.74741
0.75087
0.77076
0.73059
0.95672
0.79715
0.89252
0.80175
0.86366
0.8149
0.85368
0.79283
0.81313
0.49857
0.67633
0.89548
0.61797
0.9434
0.67497
0.89809
0.75193
0.65103
0.79896
0.76935
0.91576
0.91852
0.82581
0.66933
0.67019
0.9384
0.80498
0.52625
0.88817
0.40825
0.8679
0.77183
1.0429
0.64407
0.84862
0.49286
0.5598
0.90827
0.91201
0.71523
0.81542
0.91703
0.82277
0.65527
0.54702
0.86242
0.89436
0.75075
0.77567
0.86702
0.86309
0.56384
0.79177
0.66437
0.81405
0.79709
0.49154
0.72975
0.70488
0.60415
0.7154
0.49393
0.8316
0.93772
0.90225
0.44747
0.79417
0.75475
0.7454
0.91185
0.77607
0.74114
0.89293
0.6993
0.9574
0.67522
0.8772
0.75023
0.75139
0.80335
0.79946
0.84354
0.91642
0.92869
0.82798
0.71951
0.80765
0.99173
0.87603
0.84784
0.77121
0.63727
0.98984
0.57071
0.85744
0.81656
0.83324
0.93757
0.46103
0.66737
0.72034
0.61116
0.66187
0.79045
0.83598
0.92642
1.0272
0.66543
0.8842
0.60884
0.71549
0.75216
0.76455
0.74131
0.89985
0.60412
0.54994
0.84125
0.63512
0.80767
0.70882
0.93678
0.5713
0.73146
0.65989
0.71097
0.91825
0.84534
0.79898
0.70941
0.89308
0.5625
0.80396
0.96238
0.7395
0.88346
0.83894
0.60924
0.74742
0.90693
0.52995
0.74248
0.60762
0.8186
0.87152
0.81422
0.7228
0.86034
0.44077
0.85788
0.65066
0.76951
0.78652
0.93591
0.56353
0.90011
0.65208
0.68303
0.61109
0.73635
0.9118
0.77344
0.91533
0.68931
0.86393
0.72452
0.80413
0.95515
0.53694
0.62509
0.75313
0.85189
0.80553
0.70404
0.60299
0.60921
0.33418
0.74071
0.89044
0.57929
0.86822
0.62932
0.91228
0.80005
0.73446
0.93514
0.57038
0.68023
0.77563
0.48926
0.65896
0.80851
0.69241
0.71821
0.48642
0.59376
0.86728
0.71897
0.64217
0.74101
0.82604
0.68669
0.86537
0.68224
0.63173
0.8284
0.73914
0.87033
0.6297
0.80879
0.55827
0.60797
0.86861
0.71575
0.89589
0.66227
0.81061
0.56153
0.57447
0.52455
0.57776
0.86562
0.5652
0.69051
0.85161
0.89257
0.65357
0.66904
0.71632
0.85021
0.93793
0.65819
0.87132
0.81568
0.61738
0.74382
0.70466
0.83031
0.5271
1.1105
0.698
0.74331
0.66833
0.76811
0.87114
0.79415
0.87189
0.70601
0.81968
0.74602
0.67588
0.78848
0.75599
0.71014
0.59847
0.7373
0.62274
0.90536
0.68385
0.72667
0.82846
0.75222
0.43489
0.77211
0.73371
0.92778
0.80612
0.88025
0.59977
0.81285
0.97509
0.91806
0.61609
0.76443
0.85021
0.66042
0.71916
0.49711
0.82096
0.93536
0.78662
0.81168
0.96626
0.60968
0.83313
0.63021
0.79757
0.73888
0.74906
0.51507
0.87011
0.51601
0.80626
0.69096
0.8359
0.81927
0.34102
0.45537
0.94626
1.013
0.63044
0.98203
0.50483
0.81651
1.0022
0.75436
0.78766
0.40021
0.74704
0.85006
0.77957
0.59191
0.8787
0.73645
0.80443
0.90247
0.90065
0.49685
0.78225
0.85034
0.94085
0.70654
0.79899
0.90932
0.76084
0.96863
0.6948
0.80244
0.59228
0.73902
0.82518
0.76807
1.0204
0.96776
0.82471
0.81648
0.94718
0.68363
0.53904
0.69823
0.94974
0.71935
0.66141
0.92576
0.83785
0.92447
0.99968
0.79865
0.90989
0.78227
0.89882
1.0197
0.60017
0.91869
0.85281
0.82625
0.8786
0.75966
0.77074
0.57252
0.67325
0.79927
0.95149
0.76016
0.76476
0.9737
0.70383
0.71604
0.86147
0.77162
0.93278
0.85982
0.44978
0.67435
0.6773
0.63064
0.81351
0.66286
0.8273
0.55557
0.95355
0.62733
0.81962
0.67089
0.82949
0.62631
0.81214
1.0121
0.8402
0.7084
0.72935
0.67229
0.52634
0.70981
0.57658
0.94611
0.78318
0.95427
0.49001
0.63836
0.5713
0.81576
0.60202
0.76794
0.77753
0.76827
0.82481
0.76031
0.76246
0.83065
0.68414
0.96041
0.8666
0.68355
0.66662
0.86696
0.8097
0.91303
0.79521
0.61738
0.82948
0.77098
0.82533
0.78177
0.80826
0.73877
0.80616
0.89884
0.67375
0.4908
0.8877
0.71625
0.97078
0.90512
0.67995
0.87342
0.90852
0.80562
0.73612
0.62588
0.9662
0.82836
0.76515
0.89599
0.88972
0.64526
0.75461
0.75609
0.91377
0.71151
0.87557
0.83088
0.90668
0.79846
1.0152
0.77106
0.70438
0.81314
0.97217
0.79473
0.85656
0.71
0.77256
0.7471
0.75141
0.73565
0.73561
0.77921
0.87658
0.91739
0.72905
0.9726
0.68365
0.80779
0.695
0.67871
0.6983
0.90322
0.54956
0.96061
0.82638
0.69645
1.0514
0.70064
0.77112
0.8244
0.64484
0.6028
0.68012
0.89428
0.68332
0.71498
0.78119
0.90122
0.97748
0.79272
0.85319
0.73984
0.74467
0.56398
0.43255
0.91194
0.8467
0.84241
0.94127
0.6859
0.81384
0.59579
0.78544
0.61973
0.85643
0.86396
0.81709
0.74854
0.72101
0.78975
0.80768
0.75202
0.82495
0.74658
0.89068
0.67912
0.8435
0.87928
0.71907
0.67831
0.94302
0.79928
0.7305
0.85257
0.79692
0.61071
0.80227
0.59958
0.65328
0.76479
0.99345
0.5379
0.54059
0.84226
0.80619
0.63893
0.77453
0.86862
1.0028
0.75669
0.77202
0.7787
0.72646
0.92879
0.72259
0.8518
1.0334
0.91389
0.78662
1.004
0.84889
0.959
0.72379
0.91492
0.62382
0.86828
0.64928
0.75482
0.66943
0.67462
0.65158
0.79857
0.8644
0.75987
0.83699
0.88766
0.8331
0.71922
0.88199
0.75335
0.90115
0.68488
0.82956
0.7992
0.7384
0.73818
0.70696
0.71621
0.78173
0.8668
0.91591
0.57495
0.84423
0.58696
0.6261
0.88114
0.62821
0.66921
0.84978
0.82424
0.77544
0.79853
0.72557
0.88728
0.82888
0.82306
0.28941
0.5749
0.79124
0.92051
0.82008
0.8332
0.72367
0.46363
0.99494
0.9037
0.55903
0.84074
0.96365
0.83773
0.84502
0.9482
0.62395
0.827
0.79883
0.75419
0.69842
1.028
0.60917
0.77808
0.99523
0.90699
0.98487
0.77224
0.92645
0.57853
0.92648
0.89397
0.87216
0.64017
0.80234
0.85195
0.80999
0.79882
0.41162
0.91967
0.86203
0.79486
0.68604
0.60329
1.0249
0.74262
1.0166
0.47626
0.70489
0.81169
0.6533
0.88967
0.78344
0.85591
0.73313
0.59237
0.81359
0.76404
0.71993
0.64505
0.716
0.67559
0.90307
0.78784
0.79219
0.69872
0.9539
0.6637
0.83858
0.47127
0.77847
0.70216
0.85952
0.35849
0.85278
0.88612
0.95459
0.74843
0.79975
0.73448
0.70318
0.69743
1.0065
0.38929
0.66948
0.91073
0.76152
0.75912
0.6367
0.7923
0.85265
0.68369
0.79314
0.94111
0.94101
0.86295
0.75556
0.69262
0.92828
0.9518
0.97694
0.76561
0.68881
0.43477
0.61544
0.72134
0.52215
0.95336
0.69438
0.87413
0.81587
0.74575
0.6037
0.87542
0.87471
0.56063
0.66671
0.85284
0.86199
0.65635
0.95451
0.53727
0.57072
0.94013
0.74358
0.48467
0.93216
0.77066
0.70132
0.70544
0.69525
0.73499
0.56889
0.80666
0.69812
1.0019
0.87185
0.78581
0.62509
0.73418
0.91518
0.8333
0.86021
0.74913
0.72988
0.93991
0.70399
0.58014
0.68903
0.8596
0.64996
0.56275
0.77895
0.75144
0.95846
0.86073
0.73416
0.78881
0.90078
0.52333
0.87979
0.76613
0.88447
0.79319
0.89834
0.83518
0.88832
0.81318
0.64437
0.68336
0.63327
0.87436
0.67391
0.48327
0.49305
0.67748
0.6841
0.90169
0.75123
0.83231
0.75764
0.64603
0.72536
0.73906
1.0365
0.93971
0.71196
0.7476
0.82601
0.68086
0.93671
0.85054
0.9469
0.87106
0.51292
0.78775
0.68343
0.73125
0.87235
0.78463
0.76619
0.89648
0.76807
0.96608
0.7899
0.90394
0.61607
0.8074
0.8774
0.64593
0.80193
0.83186
0.92091
0.57728
0.94726
0.94016
0.91399
0.9004
0.92824
0.84463
0.94626
0.80871
0.85207
0.95592
0.80262
0.85594
0.69423
0.88515
0.75765
0.77488
0.69644
0.78883
0.90982
0.74444
0.6077
0.41403
0.72313
0.79541
0.99702
1.005
0.86274
0.74758
0.61034
0.79218
0.82271
0.74888
0.93082
0.82136
0.85088
0.58437
0.73465
0.71245
0.60896
0.85947
0.8013
0.98318
0.68766
0.73288
0.8335
0.84226
1.0028
0.96653
0.76204
0.80812
0.64081
0.99529
0.72164
0.71916
0.64444
0.65969
0.81911
0.4787
0.52801
0.69693
0.53956
0.41305
0.85944
0.65064
0.84881
0.83359
0.63336
0.64216
0.84814
0.8297
0.93889
0.70545
0.82791
0.89569
0.80873
0.98644
0.6843
0.97043
0.79007
0.87493
0.74317
0.64179
0.91611
0.7082
0.81221
0.78211
0.75614
0.78401
0.66654
0.51901
0.98963
0.7466
0.5944
0.83859
0.83873
0.72872
0.68681
0.7985
0.93521
0.87472
0.87221
0.63446
0.94677
0.93403
0.91042
0.92555
0.95831
0.67446
0.75759
0.91402
0.70123
0.74809
0.91832
0.82948
0.79247
0.62629
0.61554
0.92473
0.64187
0.64026
0.71202
0.85078
0.82386
0.79225
0.78549
0.83643
0.89641
0.9041
0.63732
0.79796
0.95576
0.73607
0.66676
0.79292
0.75815
0.5914
0.82767
0.73813
0.8832
0.76149
0.81473
0.8665
0.55437
1.0313
0.87353
1.0479
0.88829
1.0952
0.70703
0.90988
0.78701
0.90004
0.73312
0.88111
0.40117
0.95431
0.83471
0.92775
0.98059
0.51104
0.75021
0.76681
0.7806
0.79876
0.75321
0.73529
0.85768
0.77459
0.76759
0.74985
0.86585
0.62442
0.89508
0.91932
0.63276
0.69809
0.68834
0.77877
0.64089
0.65781
0.78254
0.48573
0.89501
0.69768
0.65013
0.90761
0.61086
0.64748
0.74569
0.86309
0.6723
0.75151
0.75263
0.71087
0.64359
0.78552
0.71234
0.52682
0.67743
0.9279
0.70077
0.83923
0.60752
0.8042
0.82939
0.74638
0.84971
0.35142
1.105
0.55198
0.90351
0.93376
0.56531
1.002
0.80789
0.8855
0.90387
0.84824
0.85414
0.62196
0.87398
0.87114
0.77198
0.95554
0.96821
0.79089
0.87403
0.77675
0.57516
0.91409
0.89946
0.74236
0.38751
0.86324
0.64343
0.86415
0.65892
0.83589
0.84078
0.91866
0.67937
0.88829
0.8536
0.73189
0.66594
0.84766
0.73425
0.63672
0.96239
0.86198
0.86501
0.59632
0.87733
0.89264
0.68022
0.923
0.4838
0.95371
0.77004
0.89119
0.8585
0.54301
0.71825
0.60403
0.78819
0.72187
0.76223
0.84276
0.56361
0.67729
0.8115
0.71428
0.90831
0.54671
0.65172
0.88609
0.83485
0.68016
0.87372
0.37756
0.64193
0.95133
0.98831
0.89106
0.74969
0.84634
0.55538
0.88988
0.7919
0.83166
0.91372
0.74438
0.81666
0.97376
0.94767
0.85041
0.91138
0.87038
0.52886
0.87568
0.84403
0.9522
0.67012
1.0437
0.47802
0.96038
0.74553
0.94664
0.79808
0.72738
0.67022
0.6658
0.71116
0.86643
0.75004
0.77133
0.92838
0.98292
0.66357
0.6197
0.60166
0.74082
0.61391
0.85203
0.76268
0.79598
0.9282
0.81349
0.90164
0.95149
0.85542
0.79903
0.74852
0.7846
0.93423
0.68592
0.761
0.77383
0.93015
0.70182
0.76292
0.79811
0.87692
0.75999
0.47835
0.88401
0.67356
0.691
0.83466
0.77982
0.93029
0.60359
0.74804
0.54321
0.7867
0.9923
0.84215
0.68594
0.77566
0.90208
0.73201
0.6857
0.79475
0.89376
0.81786
0.91053
0.76972
0.74927
0.86633
0.73711
0.75449
0.98155
1.0329
0.92695
0.87033
0.685
0.98121
1.085
0.68733
0.7528
0.72889
0.83033
0.53476
0.86127
0.81822
0.5843
0.66205
0.79841
0.99951
0.84841
0.66487
0.85563
0.84371
0.81902
0.89369
0.98215
0.59128
0.88615
0.78884
0.72712
0.74194
0.75486
0.59322
0.85497
0.75709
0.76673
0.96406
0.86909
0.66221
0.72041
0.76355
0.97126
0.66216
0.68137
0.63696
0.84891
0.64791
0.62137
0.82635
0.63782
0.90563
0.9238
1.0827
0.79608
0.67816
0.52483
0.7799
0.72912
0.37424
0.77942
0.98394
0.62137
1.0083
0.74322
0.84123
0.68949
0.8684
0.64078
0.9183
0.69491
0.85034
0.74779
0.90001
0.71398
0.43478
0.86262
0.52108
0.89942
0.83505
0.77556
0.79215
0.69339
0.89389
0.9256
0.90059
0.92162
0.86504
0.57192
0.80093
0.77873
0.65953
0.9121
0.78306
0.9854
0.86819
0.7226
0.9102
0.92056
0.8985
0.77885
0.90596
0.4025
0.90084
0.81018
0.75992
0.8028
0.79007
0.63667
0.79147
0.82904
0.78098
0.70122
0.80181
0.53803
0.6448
0.92459
0.82441
0.8307
0.7821
0.84831
0.33933
0.89026
0.79702
0.61002
0.95143
0.82987
0.70568
0.87302
0.67097
0.86581
0.90809
1.0158
0.87752
0.78446
1.0007
0.9419
0.75726
0.69435
0.7898
0.73625
0.65353
0.76554
0.882
0.95485
0.69344
0.99922
0.96242
0.99024
0.42493
0.55896
0.61931
0.23214
0.91549
0.63451
0.82025
0.64447
0.79638
0.81628
0.71135
0.93302
0.94101
0.71473
0.70094
1.0015
0.74134
0.82533
0.66739
0.94918
0.76466
0.57088
0.89031
0.60903
0.67828
0.84989
0.72639
0.90764
0.99875
0.86394
0.91527
0.68997
0.84531
0.99034
0.67319
0.55989
0.74601
0.78135
0.71997
0.70446
0.87731
0.82521
0.74706
0.66454
0.89819
0.58429
0.98715
0.65263
0.54631
0.80599
0.95253
0.72267
0.75313
0.82096
0.75107
0.58995
0.65853
0.52487
0.60549
0.6515
0.99038
0.93031
0.85089
0.78002
1.0383
0.91566
0.70178
0.89725
0.91324
0.75853
0.88809
0.85151
0.93654
0.74626
0.64568
0.72494
0.71231
0.8728
0.82097
0.73371
0.54588
0.91289
0.87091
0.66674
0.82451
0.984
0.86125
0.81841
0.84357
0.68095
0.80224
0.83273
0.5046
0.80753
0.74997
0.4197
0.95627
0.85028
0.79492
0.84563
0.82488
0.87097
0.96347
0.70826
0.59583
0.7542
0.87183
0.80248
0.77346
0.75704
0.90358
0.82121
0.68089
0.89092
0.61785
0.97902
0.73695
