0.65103
1.1195
0.67219
1.081
0.76312
0.95598
0.70861
0.93863
1.0989
1.0022
1.061
0.78941
0.84076
0.57463
0.68745
0.99456
1.1887
0.88209
0.82266
1.0493
0.86791
1.3536
0.89421
1.2496
1.0379
1.0284
0.80659
0.76247
1.0824
0.50113
0.7426
0.55073
0.5704
0.82729
0.93052
1.0196
0.91254
0.98615
0.82989
0.86672
0.89521
0.88419
1.0211
1.1312
1.1819
1.189
0.96662
0.92522
1.0864
0.94027
0.75059
0.9915
1.0768
0.98279
0.83639
0.89872
0.98495
0.81888
0.53976
0.86432
0.89789
0.84607
0.23462
1.0059
0.87961
0.80157
1.0821
0.72376
1.112
0.94347
0.94793
1.0049
0.73306
0.9627
0.74697
0.65562
0.63561
0.79532
0.97154
1.0803
0.72406
0.92866
1.081
0.59026
1.123
0.68156
0.72402
1.0115
0.86184
1.1273
1.0486
1.0945
1.3249
1.0911
0.91816
1.0293
0.90043
0.87528
0.98612
0.78136
1.0675
0.61948
1.0934
0.78184
0.90579
0.91937
0.96008
1.1089
1.1041
0.9951
1.0653
1.0268
1.094
1.2461
0.91163
0.89511
1.169
0.89073
1.0347
0.80511
0.84873
1.1227
0.43934
0.68843
1.0081
0.8157
0.95858
0.77942
0.72591
0.90518
0.88275
0.505
0.94265
0.99465
0.9726
1.0917
0.84313
0.91439
1.0654
0.75481
0.90383
0.99469
0.97106
1.0349
0.87885
1.0448
0.8561
0.84872
0.93358
1.1717
0.81353
0.78116
0.97576
0.87924
0.94822
1.0538
0.94373
0.76606
1.087
0.90978
0.61075
0.66996
0.71909
0.91772
0.5599
1.0628
1.0898
0.85813
0.88815
0.66984
0.75092
0.51946
1.018
1.0288
1.2477
0.79579
0.82457
0.75413
0.82087
1.1335
0.97699
1.1184
0.80087
0.95997
1.084
1.0408
0.98677
0.83589
0.92218
1.0598
0.6424
1.0489
0.81876
0.62407
0.78446
1.1706
0.96496
0.90489
0.56048
0.88048
0.88534
0.59494
0.91716
1.1389
0.90939
0.97285
0.9861
1.1076
0.55408
0.68738
0.48725
1.2397
0.68195
1.1422
1.0041
0.85885
1.1537
0.77532
0.78951
0.96364
0.97186
0.81447
1.0255
1.0824
0.85737
1.1542
0.63053
0.85212
1.045
0.9724
0.85905
0.85976
0.7531
0.92496
0.91515
0.9961
0.78236
0.61465
1.1192
0.991
1.0342
1.0428
1.0994
0.84646
0.71848
1.0292
0.87369
0.90257
1.1102
1.0315
0.69634
1.0311
0.98801
0.76147
1.157
0.97128
1.1052
1.2294
0.39114
0.90572
0.97606
0.99477
0.85685
0.97567
0.79234
0.80226
0.6653
0.59924
1.0254
0.57302
0.81437
1.1101
1.0836
0.7211
1.0557
1.033
1.0399
0.80756
0.66603
0.74976
0.94291
0.71364
1.1106
0.8546
0.95526
0.74482
0.81717
1.1925
1.1376
0.99433
0.80463
0.72402
0.90019
1.0409
0.82781
0.94232
1.0011
1.0105
1.0165
0.86361
0.80671
0.98055
0.89289
0.90009
0.61388
0.66303
0.95836
1.0766
0.99194
0.94024
0.94343
0.91814
1.0154
1.0181
0.91492
0.43992
0.89869
1.1406
1.1754
1.0549
0.74207
1.0651
1.1128
0.81977
0.90568
0.92388
0.6852
1.0152
1.0169
1.1154
0.63975
0.81183
1.185
0.79309
1.0149
0.93501
1.2852
0.6931
0.98915
0.93269
0.89793
0.21172
0.69586
0.92564
1.0066
0.78492
1.0267
1.2332
0.61117
0.75949
0.81072
0.87654
0.79588
1.0881
0.87906
0.78072
0.95556
1.2298
0.7062
1.0181
1.0798
0.80057
1.2009
0.9956
1.0747
1.0449
0.8936
0.81339
1.0822
0.85805
0.92854
1.1017
1.038
0.9779
1.0474
1.2681
0.53577
0.98901
0.89795
0.68811
0.89496
1.2254
0.63709
0.87169
1.0035
0.76497
1.0822
1.0237
0.91178
1.0519
0.99495
0.89948
0.9854
0.68663
0.93073
0.65521
0.93553
0.84044
1.269
0.76301
0.74066
0.86371
1.0954
1.0134
0.75926
0.67291
0.60559
0.66829
0.87163
1.0376
0.97549
1.113
1.1336
1.2043
1.1439
0.77774
1.1905
1.1471
0.99473
0.63919
0.91747
0.71944
0.99138
0.99214
0.50239
1.0205
1.0676
1.0523
0.95033
1.0445
1.2479
0.79475
0.87197
1.0571
0.97614
1.1901
1.0886
0.69973
1.0163
0.5768
1.0409
1.0187
0.92396
0.97764
1.0564
1.1834
1.1577
0.95989
1.079
1.1451
1.0959
0.74357
0.85002
1.0299
0.68798
0.94089
0.8321
0.9299
1.1284
0.82803
1.0287
0.64201
0.82832
1.2017
1.0413
0.75551
1.002
0.76669
0.99111
0.64495
0.86207
0.93233
0.49132
0.92609
0.968
0.85422
0.65315
1.0138
0.65208
1.0013
0.8641
0.86323
0.95775
0.66205
0.91112
1.055
0.8085
0.77113
1.1748
0.93744
1.0375
1.0536
0.77931
0.89101
0.98949
1.0706
0.91433
0.80091
1.0869
0.82187
0.84138
1.053
1.2069
0.9617
1.1568
0.61395
0.80753
0.67564
1.0634
0.7714
0.81968
0.95071
0.94238
0.95521
0.79417
0.96844
0.78335
0.91318
1.063
1.0073
0.46461
0.88589
0.97798
0.85511
1.2
0.82136
1.1118
0.97747
0.86035
0.95268
0.8922
1.0824
0.69021
1.0705
0.84423
0.95164
1.1325
0.84402
0.9573
1.0063
0.86258
1.0057
1.0277
1.0968
1.0009
0.93185
0.87578
0.7327
0.64942
1.0661
0.81825
1.1198
0.80997
0.52758
0.82298
0.78095
0.86838
1.122
0.86169
0.97054
0.92193
1.1906
0.98315
0.78295
0.74463
0.87759
1.007
0.86046
1.0162
1.1215
1.024
1.0632
1.1337
0.9868
0.9795
0.95646
1.0939
0.72534
0.93184
0.92217
0.65191
0.78824
0.76354
1.1603
1.1063
0.95741
1.1061
0.83827
0.72218
0.64221
0.87179
0.98735
0.98767
0.70271
1.1501
0.8472
0.93558
1.0067
0.5685
0.9781
0.90699
0.77022
0.94798
0.90288
1.0711
0.78586
0.81968
0.91961
0.79945
0.97035
1.0525
0.8806
0.73102
0.76078
0.97633
1.0311
0.78355
1.1508
1.2006
0.86049
1.0222
0.91379
1.1061
1.0242
0.58096
0.9625
1.1073
0.92113
1.0036
1.0687
0.9032
0.79933
1.057
0.47378
1.1125
0.8021
1.0404
0.89203
0.62964
0.96027
0.91854
0.87907
1.0806
0.90771
0.57906
1.027
1.1626
1.0449
0.81823
0.72052
1.1956
0.94539
0.90943
0.55794
0.75974
1.1503
1.0292
1.1574
1.0864
0.90891
0.79086
0.75815
1.1383
0.75623
0.75757
0.69643
0.7493
1.163
0.70424
0.8923
0.92545
0.65767
0.88922
0.89353
0.5494
1.1288
0.99953
0.91721
0.82024
0.87292
0.99343
1.1368
0.9247
0.869
0.70366
0.80411
0.78185
1.0033
0.9778
1.0039
0.70888
0.89245
0.61965
0.71098
0.89452
0.64652
0.89201
1.1573
0.92757
0.87456
0.88385
0.46643
1.0881
0.92003
1.0996
1.0733
0.57875
0.50314
0.63748
0.97594
0.55007
0.91168
0.88165
1.0395
0.8441
1.1799
0.70986
1.1325
1.0853
0.73808
0.5877
0.91151
0.85286
0.9661
0.82666
0.7408
0.86875
1.0137
0.93921
1.0721
0.74371
0.99161
1.1886
0.76767
1.1555
0.86968
0.79756
1.1041
0.85787
0.84489
1.0271
1.0509
1.0115
0.85361
0.80387
0.83714
0.63642
1.0109
0.8504
1.1455
1.0404
1.0215
1.1258
0.97048
0.85986
1.1054
1.0913
0.80228
0.59354
1.031
1.0811
0.90755
0.86617
0.66324
0.78679
0.76065
1.0642
0.85232
0.88608
1.0661
1.0315
0.81533
0.75789
0.99732
1.0127
1.111
1.2047
0.86695
0.76776
0.94466
0.77161
0.9223
0.81753
0.94747
0.50703
0.88159
1.0727
0.96577
1.0315
1.1174
0.94491
0.67679
1.0278
0.85052
0.42235
0.91487
1.2206
0.79072
1.1111
0.98055
0.75112
0.88839
0.78984
0.9408
0.95065
1.0823
0.65291
0.97618
1.0914
0.76611
1.1986
0.98578
0.84829
1.1958
0.76906
0.9683
1.0685
1.1837
0.90838
0.98402
0.87591
1.1273
0.7174
1.0909
0.30812
1.1894
0.87432
1.1351
0.90854
0.72523
0.90883
0.96193
0.95648
0.84373
0.75722
0.86408
0.56476
0.95954
0.81677
0.77261
0.91485
1.116
1.1433
0.7266
0.90351
1.1185
0.73336
0.80737
0.68538
0.96353
0.79814
1.1257
0.92078
0.81738
1.1845
1.0299
1.1688
0.71878
1.0172
0.67875
0.63575
1.0022
0.8911
0.74275
0.86762
0.93758
0.8349
0.92339
0.91179
0.94655
1.237
0.91236
0.98849
0.77953
1.0079
1.0405
1.0569
0.88615
1.05
0.97813
0.95334
0.8724
0.96633
0.88577
0.85042
0.95638
0.82286
0.99798
1.0456
0.86302
1.0591
0.90857
0.89937
0.84302
0.86925
1.0508
0.97114
0.75693
1.052
0.98355
0.89122
0.92333
0.98152
0.92266
0.82529
0.92905
1.0618
1.2014
0.95258
0.81737
0.98378
1.0819
0.95664
0.88785
0.68178
0.9734
0.80346
0.68852
0.73649
1.0128
1.0117
0.88305
0.81399
0.78178
0.73779
0.82749
0.92508
0.70095
0.87202
0.99549
0.77403
0.97159
1.2577
0.77384
0.92012
1.043
1.0969
1.1581
1.1428
0.89489
1.1715
0.96649
0.8738
0.98155
1.0627
0.81531
1.1444
1.066
0.9234
0.99158
0.74945
0.87087
0.77852
0.62476
0.89231
0.97829
0.88074
0.77078
0.7239
0.92942
1.1831
0.7128
0.83006
0.89745
1.112
1.2137
0.94734
1.086
0.68718
0.99589
1.1807
0.66647
1.0225
0.85362
0.9055
0.82828
1.0793
0.71184
0.91084
0.79208
0.83473
0.71763
0.64229
0.77702
1.0585
1.2544
0.88668
0.93272
1.1413
0.93656
0.85223
0.84198
0.78461
0.85287
0.94864
0.81923
1.2674
0.67869
0.92307
0.88927
0.98774
1.0904
0.74186
0.94179
1.0133
0.97664
0.65496
0.94919
0.70176
0.97706
0.83925
0.97007
1.1075
1.0169
1.0662
1.2106
0.91746
0.88473
1.1333
1.0029
1.0268
1.0352
0.94032
0.80096
0.95789
1.1256
1.0647
0.99388
0.88209
1.1154
0.97244
0.81026
1.1306
1.0172
0.76673
0.80966
1.1008
1.0639
1.0369
0.96662
0.60024
0.67314
0.90927
0.54298
1.0311
1.1347
1.1645
1.1865
0.52471
0.912
1.0704
1.1023
0.45775
0.97849
1.0419
0.63269
0.99885
1.0066
1.1432
0.95134
0.90247
0.78096
0.93507
1.2301
1.1267
0.95573
1.1277
0.9281
0.96119
0.74539
0.65044
0.76569
0.92805
1.3318
1.0988
0.6048
0.87198
0.88797
0.6119
1.1841
1.1001
0.98224
0.98453
0.97819
1.1694
1.0677
0.77568
0.9338
1.0452
0.52667
1.0217
1.0045
0.86304
1.138
1.0851
0.78008
0.99862
0.97599
1.07
1.0613
0.50686
1.0616
1.0388
0.67988
0.94912
0.62724
0.95154
1.1379
0.89563
0.8677
1.1767
1.2368
0.5567
0.79525
1.0174
0.90703
0.94514
0.96681
0.78668
1.113
0.90757
0.87461
0.94575
0.96328
0.88193
0.99257
0.70639
1.0869
0.73082
1.1194
0.95982
0.84081
0.92931
0.90099
1.0324
1.0073
1.2068
0.83976
0.89755
0.98391
1.102
0.78604
0.97659
1.1116
0.90259
0.69276
0.71426
0.99038
0.68579
0.94149
1.1205
0.63238
0.9476
1.1352
1.0996
0.87277
0.78512
0.76614
1.0042
0.91204
0.58353
1.0806
0.89747
1.1047
1.1436
0.89754
0.55304
1.1555
0.82017
0.72644
0.97056
1.0277
1.0264
0.91798
1.0275
0.93102
0.91383
0.74493
1.0387
1.1614
0.75254
0.58684
0.73523
1.0362
0.79976
1.1958
0.8874
0.94986
0.89754
0.6028
1.0785
0.82637
0.90226
0.79283
0.844
0.9181
1.0717
0.81481
0.69347
0.97661
1.0223
0.97165
0.64653
0.67568
1.0105
0.84473
1.0143
1.1601
0.87311
0.76609
0.84624
0.84444
0.6715
0.99462
0.79356
1.0623
0.30083
0.90649
0.71828
0.68689
0.83746
1.1131
0.95519
1.0034
1.054
0.98325
0.81642
1.247
1.0411
0.71802
0.98326
1.0743
1.0769
0.80251
0.84562
1.043
0.699
1.0304
0.86331
0.78176
1.1103
0.93565
1.1284
0.5572
0.88656
1.0127
0.5232
1.2287
1.052
0.85231
1.0886
1.2149
0.65483
0.89217
0.79984
1.0293
0.55623
0.73886
1.0071
1.0919
1.094
0.9823
0.94576
0.98841
0.77897
1.049
0.93551
0.88694
0.89264
1.1177
0.94671
0.81768
0.75359
1.1696
0.57901
1.2156
0.88807
0.93837
0.89184
0.96304
0.74266
0.97597
0.76312
0.91384
0.69093
1.0376
1.1908
1.1312
1.0971
0.8537
0.97014
0.71725
0.74049
0.83699
0.79514
0.82929
0.81773
0.88564
0.9687
0.71427
0.64368
0.91452
1.0449
0.85202
0.63836
0.86181
1.0848
0.77588
0.81759
0.66277
0.88986
0.86842
0.66891
0.91071
0.86992
1.0793
0.97274
1.0493
1.1134
0.8422
0.89699
0.89673
1.0213
1.0886
0.95553
1.1984
1.0635
0.88405
0.5655
1.1621
1.1665
0.89058
0.66928
1.0095
0.66085
1.0397
0.71545
0.96035
0.82125
0.87773
1.0517
1.248
1.1171
0.81128
1.0848
0.73654
0.93346
0.89825
0.9385
0.58199
1.0089
0.81375
0.9843
0.72951
1.0027
0.62258
0.8547
0.67001
1.0373
0.79812
0.68161
0.77487
0.93871
0.86525
0.99154
0.83738
0.92813
1.0938
0.85175
0.7557
0.72588
0.69588
0.91567
0.80446
0.8304
1.0634
0.96783
1.2458
1.1068
0.95743
0.77494
1.0535
1.0958
0.84243
0.78938
1.1758
0.97477
1.0276
0.80962
0.771
1.115
0.92495
1.1126
0.65511
0.68511
0.94567
0.98165
0.99313
0.93922
0.77976
0.76228
1.021
1.0996
0.76553
1.036
0.85351
0.99742
0.96652
1.1728
1.0145
1.0441
1.0396
0.88917
1.302
0.5469
0.69976
0.83736
1.0272
1.1255
1.1694
0.56025
1.0529
0.9313
0.92534
0.88402
0.91962
0.50606
0.73135
1.0514
0.77468
0.96754
1.2554
0.8906
1.2853
1.0159
1.0407
0.8979
0.9275
1.1448
0.87315
0.55678
0.93667
0.48828
0.79745
0.93726
1.1073
0.75322
1.0996
0.8232
0.82896
0.89659
0.98266
0.9578
0.76353
0.58872
1.2004
0.97355
1.0155
0.94257
1.0381
0.55674
0.93376
0.93382
0.89476
1.1454
1.0512
0.96021
1.0009
0.81953
1.1481
0.81993
0.56946
0.82559
0.76486
0.83702
1.2562
1.0438
0.67979
1.0866
0.71383
1.1283
1.041
1.027
0.85578
0.92029
0.77781
0.94688
0.92059
0.74973
0.76004
0.87618
0.9271
1.0188
1.0183
0.99376
1.0871
0.72901
0.77846
0.88257
1.1207
1.0525
0.52692
1.05
1.0048
1.2392
0.96925
0.90947
0.92264
1.2144
0.61636
0.67247
1.0111
0.76644
0.99627
0.90457
0.65826
0.97989
1.2022
0.97661
1.1059
0.73989
0.83649
1.0163
0.83253
0.57834
1.0826
0.72225
0.99201
0.95546
0.90901
0.97132
1.0076
0.79397
0.78124
0.85748
1.0713
0.42791
0.86626
0.75573
1.1138
0.73231
0.82374
0.94767
0.95623
1.1296
0.71598
1.1503
0.9902
1.0531
1.2099
0.81762
0.73481
1.1486
0.86633
0.91115
0.88739
1.1581
0.81525
0.7928
0.94853
0.94291
1.0606
0.65779
1.0909
0.88734
0.96315
0.99485
0.96095
0.9351
1.0948
0.77739
0.63722
1.0211
1.1032
0.91338
0.8011
0.84008
0.819
0.90241
1.1079
1.2659
1.0346
0.99792
0.92418
0.92022
0.75544
1.0406
1.0597
1.1105
0.7792
0.84685
0.69863
1.1446
0.9726
0.95165
0.89277
0.76637
0.58517
0.98353
0.94837
0.98707
0.87747
0.87433
1.1136
1.1344
0.94846
0.76132
0.87626
1.0567
0.99521
1.0531
1.0953
1.1125
0.98623
0.48391
0.94973
0.69747
1.1463
0.78676
1.1261
0.98298
0.7754
0.91883
1.177
0.7529
1.006
1.0411
0.38746
1.0689
0.98132
0.99831
1.0063
1.0348
1.1009
0.75649
0.74574
0.76029
0.67126
0.92359
0.77367
0.92983
1.0664
0.83955
0.99383
1.0903
1.0491
0.91608
1.0227
0.93064
0.70441
0.68506
0.95381
1.0394
1.1813
0.71741
1.0664
0.86966
0.95605
0.44494
0.80166
1.0507
1.1319
1.0795
1.0949
0.87472
0.97134
0.72452
0.88642
1.2225
1.0847
1.0818
0.94481
0.92172
0.96238
0.83949
0.79632
0.83287
1.0287
1.025
0.9147
0.54692
1.088
0.84097
1.0173
1.2132
1.0212
1.0422
0.80005
0.47664
0.94201
1.0459
0.72223
0.73559
0.90101
0.8245
0.91027
0.9328
0.95481
1.0283
0.60641
0.5609
0.73136
1.0801
1.1038
1.1766
0.64005
0.60808
0.73745
1.093
0.91892
1.06
1.035
1.0765
1.039
1.053
0.88983
0.74183
0.93498
1.0282
0.58173
1.0645
1.0518
0.91365
1.0937
1.0942
1.0265
0.99098
0.92784
0.97277
1.0722
0.69683
0.7286
0.9717
0.8192
0.72292
1.074
0.63809
0.98015
0.82144
0.62678
0.92583
0.50894
0.85886
0.92774
0.92563
0.87786
0.98812
0.9252
0.64986
1.1374
0.97204
0.84158
0.65294
0.93093
0.90538
0.86462
0.85262
1.095
1.1019
0.89988
0.91815
0.67
1.0213
1.0417
0.44605
1.0378
0.66773
1.1574
0.81513
0.7978
0.67708
0.96322
0.95476
0.95805
0.93915
0.92441
1.0843
0.68272
1.1788
1.058
1.1389
1.0322
1.115
0.79596
0.72872
0.38254
0.87064
0.46193
0.95231
0.58148
0.74015
1.0724
1.08
1.061
0.74346
0.75421
0.71909
1.125
1.1614
0.91774
0.91584
1.091
0.68756
1.1068
0.82979
0.47177
1.0711
0.80121
1.0594
0.7822
1.0932
0.9048
0.70077
0.90722
0.98638
1.125
1.017
0.75235
1.0854
0.63204
0.59462
0.93992
0.94108
0.89214
1.1585
0.96752
1.1181
0.90927
0.94723
0.75591
0.83158
0.93233
0.71281
0.81648
0.9383
0.64208
0.85538
1.0101
0.88961
0.88633
0.84697
0.91747
0.95332
0.72916
1.0124
0.98616
1.0574
0.76944
0.69556
1.0943
0.9622
0.98816
0.96918
0.7893
0.6936
0.75825
0.80331
0.84981
0.96036
0.99583
0.88646
1.1415
0.68681
0.7611
0.57361
0.77905
0.72787
1.1158
0.75403
0.80721
0.93873
0.97903
0.6943
1.2457
1.0705
1.1874
1.0955
1.1623
1.0943
1.2355
0.72649
1.0418
0.9705
0.87504
1.0374
0.93736
0.83973
0.91886
0.55594
1.1367
0.91433
0.57887
0.75996
0.85746
0.7277
0.81996
0.85217
1.0007
1.1847
1.1057
1.0707
1.0362
0.84824
0.87101
0.55133
1.027
0.92244
0.74444
1.0747
0.90276
0.82719
0.89071
0.56384
0.54572
0.83862
0.88854
0.84271
0.82091
1.1233
0.78331
0.88496
0.88649
1.0076
1.0149
0.80447
0.75991
0.91069
0.86417
1.1397
0.60291
0.74953
0.8335
0.75852
1.0342
0.93291
0.82409
1.0906
0.87582
1.0163
1.1141
0.88757
0.55398
0.99948
1.0897
1.1136
0.78545
0.99649
0.83816
0.8261
1.017
0.9269
1.1454
1.0975
1.0062
1.2157
0.91785
0.72784
0.65085
0.95662
1.0529
1.0807
1.0771
0.79284
1.2503
0.71495
0.98011
1.0056
0.92726
0.78759
0.96495
0.93931
0.9902
0.72806
0.96703
1.0236
1.1263
0.94926
1.0533
1.1
1.0714
0.55755
1.1738
0.81452
1.0655
0.90537
0.90191
1.0081
1.0309
1.0085
0.96065
0.69038
0.93406
0.71422
0.87214
0.95471
0.62166
0.9957
0.93178
0.94717
0.98737
0.74974
1.0243
0.9846
0.95402
0.96752
1.006
0.99621
0.823
0.46785
1.0474
1.2437
1.1096
0.93235
0.90269
1.0802
0.91067
1.0614
1.0169
0.83248
0.79155
1.1297
0.89539
0.9121
0.9012
0.6634
1.0051
0.92416
1.039
0.50874
0.79439
0.99804
0.74312
0.89015
1.0228
0.40886
0.70529
0.82748
0.95103
1.03
0.82777
0.93119
0.88006
0.94235
0.90597
0.79065
0.86674
0.78183
0.87696
1.1063
0.9918
0.86409
0.79997
0.48683
0.7563
0.822
0.9305
1.0408
1.2265
0.94569
0.66555
1.0429
1.0813
0.95903
1.0975
0.51314
0.78778
0.78786
0.93366
0.48396
0.99292
0.91456
0.83294
0.91325
0.58319
0.87291
1.0519
0.76364
0.86134
0.56168
0.56736
0.77495
1.0861
0.53555
0.98618
0.62235
1.0872
0.95369
1.001
1.0211
1.1394
1.0337
0.67247
0.98135
1.0431
1.0301
0.57353
0.84649
0.93286
1.0357
0.98331
0.58661
1.0678
1.0328
0.80794
0.97856
0.89346
1.2715
0.97861
0.98239
1.0461
1.1052
0.89248
0.97352
0.80135
0.79378
1.2051
1.1593
1.1328
1.0593
0.73106
1.0188
0.88672
0.86155
1.1194
0.83153
0.9372
0.80143
1.1041
0.85595
0.86813
0.66202
0.83241
1.051
0.58232
0.71576
0.91951
1.1275
0.82804
0.8421
1.0688
0.84642
1.054
0.70658
1.188
0.94002
0.96915
0.91156
0.47099
1.0594
0.94702
0.82907
0.82328
1.1231
1.1154
0.82532
0.8735
1.1372
1.041
0.64299
0.73455
1.1025
0.96191
1.133
0.95547
0.51911
0.90338
0.83366
0.75944
1.0435
0.92676
1.021
0.94206
0.96148
0.90032
0.87734
0.77353
0.98986
0.97905
0.99883
0.94397
0.64771
1.0733
0.92281
0.96835
0.64549
0.91846
1.0326
1.0437
0.85453
0.77968
0.91543
1.1361
1.0896
1.0452
0.77442
0.80966
1.0057
0.98971
0.7968
0.64047
0.77914
0.88204
0.96065
0.91429
0.78496
0.89872
0.96287
0.80299
0.94726
0.93242
1.0046
0.87633
0.68958
0.931
1.1527
1.1249
1.1791
0.76541
0.63723
0.64092
0.74619
0.93368
0.99475
0.71998
0.96113
0.93362
0.87317
0.94047
0.86894
0.93374
0.59951
1.0138
0.80502
0.8967
0.94172
1.153
1.0266
1.1649
1.0356
1.021
1.0903
0.92519
1.0408
0.89865
0.92231
0.98133
0.88152
0.81088
0.68035
0.74934
0.8611
0.55593
1.1403
0.56508
0.79659
1.1083
1.0995
0.97182
1.057
1.1344
1.0619
1.079
0.97473
1.0813
0.87784
0.99431
1.1703
1.0338
1.0515
0.86348
0.93773
0.68204
1.0364
1.0094
0.85568
1.072
0.47161
1.2473
0.69111
1.0242
0.86162
1.0303
0.70182
0.77976
0.68893
0.50799
0.88756
1.0436
1.0255
0.49085
0.79047
1.2337
0.80594
1.1023
1.0125
0.80534
0.69995
0.91987
1.0244
0.89022
0.99405
0.63103
1.0385
0.7284
0.96961
0.67172
0.79687
1.096
0.76759
0.88056
1.0559
0.97831
0.943
1.2001
1.0483
0.65097
0.37883
0.42387
0.93177
0.77108
0.77851
0.83956
0.85337
0.83078
1.0131
1.0079
0.8528
0.87808
0.85507
0.88205
0.95249
1.0613
1.0805
0.63561
0.836
0.57698
1.0163
0.94528
0.74479
0.70492
0.83309
0.97155
0.88123
1.0025
1.2711
0.5172
0.49936
0.82018
0.85354
1.0217
1.0593
0.64539
0.94276
0.84219
0.9259
1.0152
0.9538
0.90173
0.86438
0.95505
0.89951
0.8914
0.65061
0.68808
1.2365
0.86358
0.82268
1.0335
0.7159
0.6882
1.1146
0.79483
1.0283
0.96028
1.0054
0.9824
0.68228
1.0083
0.88552
1.0913
0.8751
0.92163
0.77485
0.93044
1.1529
0.78534
0.90249
0.76862
0.76222
0.88795
0.92401
0.74332
0.66531
0.91945
1.0648
1.022
1.1585
1.2021
0.61829
0.85642
0.69871
0.88751
1.0289
0.78786
0.81232
0.58921
1.1173
1.065
0.38335
0.88956
0.69758
0.77087
0.45879
0.93614
1.033
0.86628
1.2079
0.83474
1.2003
1.2522
0.92384
0.822
0.9405
0.78975
0.44333
1.1103
0.54002
0.98427
1.0601
1.0432
0.96544
0.96607
0.84982
1.0415
0.83352
0.73824
0.89745
0.89005
1.2277
0.67718
1.0137
0.98552
0.86163
0.77205
0.8377
0.84117
0.87646
1.0135
0.78215
1.0008
0.86029
0.41171
1.0294
0.92729
0.79632
0.96628
0.82329
0.7717
0.80543
0.8929
0.97078
0.69134
0.69784
0.51846
0.65893
0.92953
0.89549
0.76637
0.5783
1.2922
0.53189
0.9638
0.84683
0.80101
1.0559
0.96792
1.0519
0.59067
1.2817
1.0045
1.034
0.77808
1.0534
1.2449
1.0521
1.0103
0.4728
0.64769
0.94155
1.0346
1.0975
0.79008
1.0094
1.1351
0.76333
0.55987
0.94827
0.81855
0.85067
0.84246
0.82506
0.98631
1.0075
0.79181
1.2308
1.1034
0.85156
1.0898
0.86845
0.75228
0.87814
1.0885
1.1967
0.73396
0.88169
0.83173
0.98286
0.82123
0.84702
1.0337
1.2511
0.63751
0.96485
0.90445
1.1721
0.76445
0.87062
0.6175
1.0137
0.93997
0.88515
0.74074
1.211
0.85125
0.96141
0.80921
1.0561
0.95739
0.70832
0.6956
0.87388
0.95528
0.8932
0.65496
1.1183
1.0895
0.9936
0.81758
0.65832
0.81062
0.97403
0.87881
0.86954
0.61119
0.94678
0.61099
1.0865
1.0701
0.80842
0.99382
1.0907
1.0538
1.2493
0.88671
0.93395
0.97335
0.97068
0.97023
1.1126
0.79488
0.76764
1.1751
1.1561
1.0087
1.2362
0.87703
0.78936
0.97201
0.97146
0.68421
0.77138
0.83325
0.92842
1.094
0.77411
0.89303
0.91996
0.99451
1.1836
0.92656
0.84342
0.9448
0.8799
1.0998
1.0281
1.2392
0.90687
1.0883
0.87323
0.84394
1.0348
1.0106
1.1459
0.89384
1.1026
0.87476
0.9586
0.7856
0.97841
1.1009
1.253
1.1094
0.86954
0.81144
0.91186
1.1014
0.94029
1.012
0.96061
0.90072
1.04
0.99246
0.85976
0.93879
0.78843
1.0435
0.81851
1.0091
0.69593
1.1237
0.8587
0.54291
0.55862
0.7601
1.0152
0.79292
0.93777
1.0066
0.87337
1.1312
0.79983
1.0513
0.82989
0.56831
0.75291
1.0763
0.58449
0.97742
1.2772
0.77134
0.9078
0.83151
0.77187
0.87345
1.0413
1.0897
1.0608
0.67777
0.67564
1.0371
1.1179
0.9644
0.95989
1.0044
1.1438
1.1878
0.80617
1.0293
1.035
0.6631
0.72817
1.1517
0.97555
0.61748
0.70912
0.83768
0.87729
0.84003
0.94825
1.171
1.0007
0.97635
0.8704
0.92629
0.78162
0.95045
0.85899
0.85373
0.8346
0.62834
1.104
1.1311
0.4948
0.87995
1.0163
0.68222
0.84511
0.53265
0.93826
1.0999
0.94057
0.96425
1.1186
0.97848
1.0536
0.81879
1.0547
0.83758
0.99732
0.29234
0.82094
1.1096
1.1279
1.0807
0.9912
0.43054
0.91535
1.0658
1.1885
0.92742
1.1184
1.1589
0.99531
1.1549
0.81314
1.1509
0.72107
0.82314
1.037
1.1722
0.76485
0.86435
0.86766
1.0484
0.91396
1.0743
0.72226
0.87433
1.1587
0.7011
0.98301
0.55195
1.1329
0.86728
0.65919
0.80389
0.53213
0.91672
1.2925
0.87887
0.82818
0.90606
1.1484
0.78722
1.1528
0.81423
1.025
0.82271
0.98898
0.88084
0.9814
1.1292
0.92153
1.0673
1.1376
1.2334
1.1748
0.86414
0.76534
1.0547
1.1139
0.7721
0.84904
1.1465
0.73806
0.7549
1.1795
1.071
0.65944
0.9241
0.991
0.72817
1.0701
1.0046
1.0131
1.2768
0.80924
1.1627
0.82062
1.012
0.7014
0.83517
0.76166
1.0267
0.9369
0.81951
0.97285
1.1302
1.0251
1.1067
1.1214
0.89806
1.0143
0.76688
1.0571
0.88298
1.135
0.88976
0.89646
0.95159
0.98631
0.51789
0.96464
0.98355
0.94547
0.97872
0.75853
1.1365
1.2218
0.94468
0.97093
1.178
0.94124
0.91859
0.84214
1.0103
0.74329
0.77304
0.38312
0.89267
1.0331
0.80224
0.81363
0.94829
1.0597
0.87256
0.77409
1.0292
1.0316
1.2058
1.0441
0.89076
1.0163
0.84474
0.85319
0.7812
0.78555
1.0678
0.86834
0.77185
0.57736
1.1397
0.88875
0.82362
0.80371
0.96537
0.64843
0.79026
0.83469
1.0484
1.1962
0.82241
0.76739
1.1234
0.93335
0.4869
1.0161
1.0208
0.88809
0.62046
0.65203
0.74932
1.1373
1.0016
0.81123
0.99634
1.0128
0.89571
1.0469
0.75415
1.0697
1.19
0.49047
0.96577
0.82182
0.9658
0.68609
0.83147
0.851
0.89191
0.90115
1.0607
0.97469
1.0846
0.87838
0.99209
0.93889
0.88388
0.9559
0.97858
0.8901
0.74088
0.85374
0.78271
0.78611
1.0233
1.0087
1.1079
0.96344
1.1511
1.2746
0.86403
0.96154
0.80756
0.90705
0.94881
0.89797
0.77845
0.83478
0.69989
1.0531
0.80567
0.88611
0.98737
1.1411
1.071
1.0281
0.8869
0.84191
0.8639
0.92816
1.0103
0.83096
0.91016
1.0723
0.94811
1.0182
0.98021
0.98911
1.0159
1.2482
0.71906
1.0366
0.78706
0.72833
0.60268
1.0328
0.94927
0.89354
0.90959
0.90079
0.82878
0.48042
0.97472
0.99581
0.51695
0.80754
0.74127
1.0299
0.74453
1.1316
0.78382
0.82679
1.0243
1.0745
0.47923
0.83453
0.59201
0.8619
1.0113
0.69158
0.87641
0.90196
1.194
1.2025
0.7308
1.0155
1.0165
1.1604
0.80446
0.79806
1.163
0.76677
0.95574
1.0284
0.88987
0.9957
1.0215
1.1204
0.94127
0.9809
1.0172
1.0403
1.0124
1.1126
0.72827
1.1053
0.85332
0.80499
0.72728
0.93473
0.94039
1.0287
0.87424
1.1538
0.55814
0.85817
1.0074
0.86676
1.0157
0.77875
0.50106
0.64533
0.56524
0.96198
0.79682
0.96358
0.66881
0.97006
0.53322
0.83839
0.67404
0.97099
1.0641
0.95831
0.89751
1.0456
0.56134
0.98019
0.73926
0.97148
0.9632
0.80086
0.91248
0.872
0.94333
0.7914
0.72289
1.1259
1.0501
0.83867
1.0209
0.83734
1.1431
0.57056
0.9265
0.73922
0.73058
0.86547
0.99996
0.9392
0.77042
0.9773
0.91943
0.96462
0.70196
0.48135
0.90352
0.98511
0.77185
1.0725
1.1856
0.80703
1.0867
0.81346
0.64809
0.93009
1.0429
1.0965
0.98814
1.0115
0.99424
0.79634
1.0618
0.57504
0.91208
0.95559
0.41086
0.99089
1.0934
0.79739
0.95896
1.003
0.93325
1.1153
1.1913
1.034
1.0336
0.53114
1.1537
0.46054
0.95128
0.25288
1.0232
0.79943
0.85866
1.1761
0.82311
0.71999
1.0335
0.97102
0.99566
0.94236
0.63493
1.0612
0.94077
0.98545
0.5207
1.0283
0.87428
1.0121
0.86796
0.84967
1.1005
0.76408
0.77105
1.2209
0.67848
1.2158
1.1117
0.57283
0.84181
1.0049
0.77682
0.90222
0.71767
1.0525
1.0701
1.0017
0.83753
0.83104
0.89505
0.6956
1.2133
0.86177
0.75267
0.92587
1.002
1.1256
0.91056
0.81275
0.76851
1.0523
1.0626
1.0412
0.50351
1.1612
0.89106
0.79897
0.7452
0.90504
0.66362
0.67035
0.92436
0.75808
1.0068
1.0142
1.019
1.0901
0.88309
1.1049
0.922
0.82664
0.7161
0.85354
1.1179
1.0878
1.02
1.1435
1.0462
0.68017
0.95192
1.0059
0.55282
1.0653
0.95481
0.79276
0.96437
0.89116
0.99794
0.83706
0.67608
0.40589
1.1535
1.053
0.66426
0.86822
0.76369
0.95026
0.98474
0.57259
1.0009
0.52161
1.0305
1.088
1.0574
0.7942
1.0796
0.94082
0.85587
0.90853
1.1806
0.78921
1.2647
0.92593
0.84755
0.92443
0.82126
0.94761
0.83706
1.1795
0.69553
1.0892
0.84144
0.81396
1.1162
0.92563
0.78327
0.58371
0.51789
0.96258
0.70313
1.0927
0.87933
0.9647
0.98359
1.1402
0.95475
0.83023
0.99568
1.2027
1.2811
0.75457
1.1527
1.2699
0.86905
0.82457
0.82977
0.65744
1.2046
0.88687
1.0124
0.94397
0.99362
1.1212
0.96569
0.79229
0.97793
0.93508
0.94105
1.124
0.9237
1.1427
0.72978
0.84385
0.67812
0.56446
1.2174
0.68175
1.0878
1.0112
1.0877
0.91551
0.73781
1.0258
0.88813
0.99286
0.80913
0.86704
1.1933
0.88404
0.96404
1.0789
0.88112
0.94636
0.6909
0.75155
1.1351
1.1043
0.95397
0.95001
1.0347
0.96184
1.0731
0.71288
1.0006
0.65517
0.7313
0.94487
1.2212
0.80336
0.9695
0.92413
0.93277
0.90036
0.78653
1.0697
0.70322
0.72447
0.99859
0.66848
1.2528
0.89421
0.63153
0.94476
1.0989
0.59895
0.81981
0.91034
1.1633
0.95822
0.93323
0.82791
1.1215
0.71722
0.70828
0.9812
0.90336
0.61839
0.66356
0.91368
0.90413
0.61308
0.77396
0.60546
0.88463
1.0305
0.94501
0.88766
0.74589
0.91038
0.72121
0.91846
0.99709
0.82192
0.74847
0.62796
0.87303
0.86122
0.76946
1.0752
1.1056
0.90634
0.95015
0.87207
0.63207
0.93341
0.77303
0.96096
1.0511
1.0773
0.57282
1.0905
1.0768
0.53239
0.8984
1.286
0.90246
0.8402
0.65514
0.79875
0.82299
0.81449
0.8174
1.0969
1.0133
0.88876
1.085
1.0357
0.95119
1.0197
0.92597
0.83267
0.65528
0.88368
1.0916
0.9976
0.64895
0.72419
0.87683
0.50672
0.81802
0.74779
0.89348
0.99481
0.87881
1.1035
0.96329
0.79571
0.88518
0.85836
1.054
1.1182
0.69305
0.90578
1.2054
0.92927
0.80425
0.72472
0.73584
1.0113
0.86551
1.0636
0.80351
0.97385
0.9395
1.0398
0.98295
0.84637
0.88661
0.67422
1.0848
0.9094
1.1601
1.0239
1.1169
1.0603
1.1115
0.84567
0.54969
0.8744
0.71681
0.84503
0.62146
0.94153
0.89409
0.85071
0.96502
0.94594
0.62847
0.54226
0.79589
1.1162
1.0666
0.84927
0.93451
0.72289
0.97345
0.8884
1.1932
1.0049
0.66277
0.70879
1.0128
1.0494
0.41901
0.89655
0.99036
0.94456
0.58029
0.82441
0.99724
0.82811
0.41602
0.93436
1.1677
1.0915
0.61777
1.0873
1.0351
1.104
1.3799
0.90076
0.84779
1.1784
0.69163
0.73656
0.5897
0.93795
0.53435
1.0181
0.79822
1.0629
0.74393
1.0505
0.64804
0.83547
1.0163
0.55741
0.80951
1.127
1.0644
1.106
0.71743
1.0121
0.84438
0.92261
0.8361
0.69558
0.81693
1.0607
1.054
1.124
0.99314
0.85091
0.83627
0.84859
1.0857
1.0986
0.75166
1.0082
0.76616
0.92147
0.71208
1.1035
0.94575
0.83457
0.85143
0.74375
0.7077
0.90384
0.86141
1.1786
0.77604
1.0119
1.1371
0.99254
0.74921
0.94201
1.1081
0.88899
1.0559
0.79921
1.3079
0.91921
1.1694
1.1655
0.60232
0.86979
1.0277
0.79117
0.75001
0.70418
0.71078
0.79907
0.9584
1.1488
0.59162
0.93329
0.89241
0.86596
0.86199
1.08
0.94908
0.5776
1.0263
0.50202
1.1727
1.0509
0.65787
0.57179
1.0641
0.89492
0.97992
0.86628
0.84007
0.57548
1.125
1.0366
0.77911
0.79798
1.0714
0.93058
0.61327
0.66774
1.0939
1.1221
1.1644
1.0871
1.1358
0.82916
0.72042
0.66717
0.82763
1.0283
0.91262
0.83584
0.61423
0.89204
0.88549
0.79463
0.74153
1.1506
1.0043
1.0343
0.82626
0.89518
0.97546
1.1363
0.71207
0.89491
1.0309
0.88604
0.67679
1.0439
1.0304
0.83978
0.96177
0.96242
0.92363
1.1672
0.51937
1.1442
0.46834
0.92687
1.0063
0.79347
0.70197
1.0788
1.0844
1.0883
1.0126
0.77113
0.84354
1.2015
0.99735
1.0002
0.7672
1.1427
0.72313
0.84236
0.82502
0.9521
0.81238
0.96712
1.0365
0.78464
0.96391
0.86849
0.83304
0.95952
0.89754
0.71347
0.766
1.0302
1.0354
0.81428
0.91047
1.1135
0.75571
0.80188
0.79561
0.85452
0.99725
0.87886
1.2645
0.90001
0.98395
0.67272
0.98915
0.80462
1.1662
1.1479
0.7689
0.9257
0.7693
1.0545
0.8495
1.0251
1.0675
1.0205
0.64954
0.83412
0.95715
0.41085
0.74095
0.9238
0.74847
1.0144
1.0188
0.90121
1.0759
0.87381
0.82061
0.99231
0.78914
1.0958
0.91317
0.68388
0.66981
0.74922
0.89998
1.0884
1.093
1.2927
0.78232
0.98937
0.94338
0.82281
0.93111
1.055
1.1002
0.95095
0.69357
0.69504
0.54237
0.44121
0.98869
0.8015
0.90939
0.81481
0.6691
0.75098
0.74824
1.2675
0.85616
1.1344
0.77189
0.67887
0.66708
0.73964
0.66732
0.93696
1.2254
0.78833
0.71211
0.52868
1.1181
1.2277
0.79297
1.0545
0.75682
0.49359
0.87923
0.59828
0.85963
0.86006
0.89405
0.96429
1.0651
0.93856
0.77944
0.91871
0.79506
0.91485
0.96804
1.0185
0.64447
0.87325
0.90013
0.955
1.018
0.72705
0.95275
1.036
0.94882
0.63513
1.1282
1.0442
1.1496
0.91892
0.90241
0.6281
0.794
0.96579
1.0153
1.2442
0.73716
0.75919
0.92653
0.54646
0.74691
0.74789
1.0249
0.70727
0.38464
0.93083
0.89677
1.1462
0.77401
1.0437
1.0074
0.87011
0.78932
0.93914
1.0557
0.97285
0.78354
0.91223
1.0804
0.82055
0.70292
0.71824
0.66498
0.70595
1.1178
0.98963
0.81307
1.0271
1.0552
1.0359
1.2344
0.98999
0.78292
0.57497
0.42083
1.0521
0.87271
1.1447
1.1787
0.82715
0.9097
0.83685
0.80989
0.95421
0.81575
0.81431
0.9191
0.6859
1.0659
0.82659
0.95599
0.83882
0.67277
0.7377
0.98466
0.99227
1.0401
0.93125
0.52877
0.8574
0.65899
0.92452
0.95904
0.95989
1.005
0.90223
1.0268
0.93011
0.81566
0.91371
0.55619
0.89804
0.58584
0.74003
0.80395
0.99697
1.0087
1.3043
0.96149
0.82191
1.2169
0.81685
0.90055
0.98378
1.246
1.2007
0.74247
1.0578
0.9756
0.8143
1.0338
0.77745
1.0876
0.96638
0.80161
0.95447
0.76515
0.88934
1.0267
0.7876
0.76573
0.94013
0.78218
0.8484
0.81843
0.67891
0.90492
1.0848
0.87981
0.82963
1.1039
0.93651
0.90514
0.96693
1.1633
0.87586
0.75725
0.77623
0.68872
0.64692
0.84486
0.78585
1.2221
0.68839
1.0482
0.74371
1.0168
0.90967
0.72227
0.94219
1.0341
0.81173
0.93425
1.0953
0.65518
0.70027
0.53829
0.99711
0.93896
0.83209
1.0945
0.79974
0.9729
1.1626
1.0593
0.88137
0.74024
0.88877
0.85526
1.0766
1.0293
1.1546
1.0713
0.65643
0.79562
1.2938
1.0254
0.96279
0.85205
0.89548
0.88539
0.88009
0.97674
0.8788
1.0598
0.91649
0.51337
0.59328
0.99824
0.73516
0.89612
0.64528
1.1309
0.96927
1.0445
1.0495
0.95861
0.46879
0.40718
0.69616
0.79354
1.1377
0.67614
1.258
1.0887
0.91902
1.1456
0.74671
0.99872
0.87812
0.88711
0.90099
1.1436
0.91246
0.78157
1.11
0.808
0.64793
0.88443
0.77156
1.0889
0.78212
0.65752
0.46665
0.54576
0.69708
1.1884
1.123
0.93215
0.70819
0.99294
0.71302
0.88916
1.0908
0.88577
0.87669
1.0152
0.99063
0.79135
0.85046
0.90513
1.0825
0.84331
0.8724
0.92878
0.70011
1.0517
0.75869
0.58393
0.72893
0.88818
0.79206
0.90494
0.94422
0.87438
0.95287
1.1129
0.87361
1.1153
0.67194
1.1043
0.71894
0.68056
1.0962
1.0872
1.1539
0.76944
0.60048
0.62363
0.97464
0.80629
0.62371
0.892
0.68655
1.0555
1.0001
0.87103
1.0391
0.81201
0.7659
0.90471
0.84463
1.1282
0.7267
0.72763
0.85384
0.96569
0.93207
1.1353
1.1386
1.2126
0.83114
1.0134
1.0263
0.64778
0.88334
0.65345
0.90719
0.87449
0.60808
0.70104
0.77332
0.63576
0.92217
1.1361
1.0901
1.032
0.95572
0.40971
0.94982
0.84692
1.1054
0.77913
0.93257
1.1897
1.0056
0.87309
0.94456
0.92385
0.9336
0.64316
1.16
0.77804
0.76299
0.80425
0.78409
0.88912
0.92349
0.67058
0.8617
1.1579
1.0977
0.85414
0.95653
1.0795
0.8821
0.67295
1.0516
0.93685
0.94135
0.27898
0.83683
1.1072
0.97161
1.0313
0.79606
0.84717
0.6217
1.066
1.0589
0.78256
0.81674
0.72147
1.0894
0.86399
0.64458
0.69745
1.0785
0.81698
0.95856
1.0722
0.45028
1.009
0.56854
1.1764
1.0553
0.93189
0.95745
0.91206
0.81506
0.89941
0.61551
0.92037
0.96662
0.95388
0.88339
0.66376
1.1033
0.87796
0.85705
1.0948
1.205
0.64617
0.9649
0.92795
0.77449
0.90096
0.66711
0.95983
0.50712
1.0487
0.98069
1.0566
0.84535
1.0055
0.842
0.92428
0.96612
0.89753
0.87271
0.69873
1.0146
0.96932
0.91908
0.77767
0.87045
1.0081
0.56901
1.0174
1.1164
1.1675
0.71669
0.9461
0.91042
0.9093
0.93051
0.90407
0.56091
0.90992
0.82461
1.0047
1.1065
0.83912
1.0538
1.0392
1.0129
0.72369
1.0141
0.90449
0.96461
0.71403
0.96898
0.86245
1.104
0.82005
0.90216
0.69358
0.83037
0.88543
1.1227
0.6609
1.0983
0.68677
0.82729
1.1817
1.0644
0.68834
0.86951
0.74461
0.9437
0.90111
0.62413
0.82376
1.1487
0.90942
0.82268
0.65441
0.40983
1.0427
0.94416
0.84164
0.57934
0.94998
0.89472
0.81894
0.88702
0.92157
0.89339
1.1012
0.966
0.97065
0.75604
0.97985
1.1895
0.79803
0.86835
1.0162
0.99812
0.77601
1.0865
0.89097
0.92278
0.84696
0.80442
0.76291
0.74119
0.81801
0.8881
0.81679
1.0101
0.906
1.1104
1.0799
0.98562
1.0665
1.1114
1.0016
0.51062
0.90522
0.98468
0.69305
0.88222
1.0807
1.1202
0.79774
0.77767
0.97773
0.85442
0.90194
0.85051
0.92988
1.1222
1.0483
1.0715
0.64524
0.92813
0.86004
0.86086
0.85719
1.0841
0.8219
0.92859
0.77859
0.99179
1.0359
1.1572
1.0832
0.81204
1.0391
0.88498
0.98005
0.55611
0.79333
0.73766
1.0191
1.0873
0.94132
0.88176
0.804
0.96559
0.92285
0.46813
0.87714
0.71955
1.1658
0.73389
0.68663
0.93343
0.8654
0.99821
1.0689
1.0579
0.3704
0.99528
1.1468
1.1213
1.0312
1.0057
0.9017
0.72538
0.92267
1.0564
0.90853
0.33007
1.0621
1.0479
0.91035
1.0836
0.87074
0.84952
0.72375
0.71358
1.1358
0.9565
1.0516
0.44621
0.99178
0.94289
0.89954
1.1514
1.1093
0.59187
1.0764
0.84655
0.83339
1.0271
0.90994
0.83718
0.90374
0.9587
0.96687
1.098
0.89149
1.0288
1.0192
1.0047
1.0775
0.7078
0.86757
1.0478
0.80958
1.1871
1.1398
0.87953
0.94964
0.93598
0.83193
0.68297
1.0831
0.85346
0.83921
0.98082
1.0357
1.035
1.0654
1.0346
0.94941
0.99718
1.1885
0.68548
1.16
1.0275
0.4482
0.75623
0.76067
0.9979
1.0394
1.0815
0.61278
0.64077
0.87634
0.79252
0.94408
0.96405
1.1005
0.80374
0.96798
1.1948
0.93467
0.56214
1.0341
0.95003
1.0438
1.1657
1.0487
0.89097
0.98622
0.82388
0.99374
0.90267
0.62307
0.54834
0.77401
1.1215
0.81272
0.8516
0.74028
1.0888
1.022
1.1177
1.0822
1.2013
0.87722
0.93577
0.70653
1.0704
0.93642
0.83363
0.72285
0.69358
0.92804
1.0675
0.99874
1.0121
1.1018
0.85805
0.68121
0.95839
1.1384
1.0107
0.98187
0.86164
1.1309
0.69024
1.0361
0.94036
0.91501
0.97851
1.0426
0.74146
0.83891
0.74497
0.93565
1.1856
1.1411
0.87018
1.0607
0.94866
0.79409
0.72338
0.47369
1.0594
1.1864
1.0659
1.1178
1.0548
1.1096
0.92823
1.028
1.1038
0.84055
0.6101
0.91042
1.2874
0.79039
0.96578
0.79569
1.0197
0.89512
0.91721
0.90047
0.80574
0.82402
0.74285
1.2095
0.94976
0.87066
0.86758
0.94176
0.731
0.91438
1.0007
0.62953
0.78096
0.99833
1.0024
0.94683
1.1896
0.94115
0.80447
0.89695
0.71227
0.89968
0.95324
1.1174
1.0522
0.68313
0.87955
1.0235
0.94421
0.74502
0.87063
0.68094
0.80406
0.94938
1.0497
1.042
1.0259
1.2364
1.0376
0.81616
0.87289
1.14
1.0427
1.0488
1.0261
0.66478
0.68219
0.75311
0.80659
0.78516
0.97023
0.87961
0.86699
0.94156
0.51147
0.8975
0.77544
1.0517
0.83923
0.6784
0.95139
0.81885
1.0193
0.81982
1.0954
1.1657
0.94796
1.0515
0.99826
1.0247
1.0802
0.83858
0.81762
1.0562
1.0379
0.91229
1.0551
0.97995
0.95525
0.7669
0.97264
0.83814
1.0094
0.93914
1.012
1.2535
0.9678
0.74549
0.84027
0.7411
0.90477
0.94095
0.82832
0.8002
0.87501
0.57936
0.61811
1.1419
0.96799
1.0134
0.62389
1.0176
1.0792
0.63772
0.88995
1.1768
0.97872
0.63167
0.66156
0.81013
0.73094
0.75209
0.64351
0.90257
0.87666
0.88227
1.0742
1.109
1.1239
0.84929
0.9393
0.91485
0.86652
0.84035
0.72573
0.80347
0.98152
0.80487
1.0228
1.0602
1.0507
1.016
0.58647
0.59607
1.136
0.7894
1.1791
1.0206
0.93007
0.64968
0.79501
0.78046
0.80055
1.136
0.97255
1.0266
0.63373
0.54071
1.0584
0.9515
1.0436
0.91175
0.84786
0.74729
1.0568
1.1486
0.70337
1.1819
0.89155
0.98326
0.91479
0.83846
0.82601
0.88972
0.69984
0.90644
0.83502
0.7809
0.78157
0.96193
0.58588
0.92083
0.737
0.96671
0.93245
0.9697
0.96228
0.90427
0.87126
0.63977
0.69487
1.1313
1.1475
0.9036
1.1278
1.0626
1.0617
0.97694
0.79267
1.2133
0.97626
0.89892
1.0338
1.0423
0.83159
1.1305
0.87045
1.0885
0.80117
1.0394
1.0155
0.74891
0.85742
0.91691
1.0001
0.89094
0.90218
0.89334
1.14
0.70134
1.1627
0.95657
0.95335
0.73497
0.95815
0.82677
0.829
1.0847
0.75432
0.94498
1.0315
0.80809
1.0649
0.95702
0.68987
1.047
0.9884
1.1265
1.0703
0.74391
0.87046
0.7915
0.78946
0.86754
1.0393
0.84619
0.79641
0.98098
1.1134
0.32217
0.75797
1.0045
0.93043
1.31
1.1522
0.99799
1.0152
0.95098
1.1044
0.54143
0.94634
0.68007
0.8926
0.76891
0.97264
0.71554
0.82046
0.92158
0.78742
0.93672
1.1235
0.91382
1.1697
1.0579
0.99889
1.0224
0.78512
1.0673
0.84763
0.85168
0.80288
0.88059
0.97049
0.96011
0.92154
1.1794
1.0897
1.0456
1.0055
0.77521
1.0013
1.0803
0.73168
0.9706
0.7366
1.0763
0.76287
1.1042
0.96283
0.42058
0.90354
0.65543
0.84624
1.0566
1.1979
0.91176
0.87991
1.0326
0.96059
1.1185
0.74883
1.0311
1.042
1.0485
1.0978
1.0408
0.91827
1.0234
0.85674
0.85834
0.50149
0.77062
0.78988
0.89546
1.417
0.64859
1.0346
0.74644
1.0571
0.64866
0.9403
1.0032
1.1826
1.0119
0.6936
1.0732
0.8557
1.1566
0.77715
0.57245
1.1489
1.3091
0.80606
1.0385
1.1766
1.1012
0.66759
0.86698
0.90576
1.0051
1.3406
0.96433
1.1688
0.97602
0.94171
0.8324
0.84875
0.92757
0.9118
0.96124
0.74865
1.0802
0.98076
0.92086
1.0007
0.89826
0.67315
0.76728
0.92883
1.0357
0.80669
1.0691
0.62016
1.0856
0.9886
0.74105
0.9139
0.89315
1.1256
1.1729
1.1439
1.0082
0.66227
0.76057
1.1229
1.0728
0.91616
1.036
1.0125
0.94542
0.86077
0.93211
0.90001
0.87133
0.8613
0.99202
0.84645
1.1287
1.1792
0.74264
1.176
0.85175
0.71134
0.90905
1.1234
0.89691
1.1059
1.0722
0.81221
0.93587
0.63406
1.0195
0.74203
0.75669
1.1228
0.96961
0.96907
1.0972
0.96373
1.0375
0.94713
1.2923
0.7279
0.90555
0.86166
1.0908
0.55049
1.236
0.90247
0.9466
0.67563
1.1855
1.0524
0.57507
0.91715
0.87238
1.0494
0.75892
0.92356
0.98338
0.96736
1.2004
0.88975
0.4924
0.96193
0.73321
1.1541
0.62264
1.0341
0.76074
0.48139
0.94272
0.91153
0.63653
0.76914
0.91341
0.68367
1.0461
0.77525
1.0301
0.77667
0.75959
1.1777
0.89198
0.92516
1.1144
0.71922
0.96991
0.76235
0.9431
0.71932
0.78345
0.71313
0.90647
0.58248
0.89371
1.0727
1.0794
0.97313
0.72811
0.45073
0.813
0.83255
0.81974
0.90328
0.34272
0.62243
0.82808
1.0839
0.73793
0.97587
1.0417
0.7691
0.72884
0.97723
0.86447
0.82629
0.9673
1.0932
0.9441
1.0996
1.1144
0.89411
0.87961
0.87515
0.92422
1.1588
1.2302
0.95329
0.69936
1.0455
1.0088
1.058
0.85642
0.61377
1.0467
1.0738
1.0236
1.0989
0.76536
0.77232
0.57911
1.1554
0.69655
0.71781
0.64663
0.99638
0.88009
0.77679
0.9589
0.51947
0.86712
1.0698
0.94325
0.79684
1.0277
1.0266
0.71658
0.86607
0.87089
1.1089
0.98924
0.83937
0.70709
0.66913
0.90995
0.96583
1.06
0.59153
0.81135
0.88707
0.69674
1.1273
1.0863
0.51446
0.92623
1.0705
0.61989
0.9055
0.80398
1.012
1.1647
0.62278
1.0736
1.0219
1.1052
1.0308
1.0043
1.0404
0.8185
1.2012
0.99686
0.7559
1.0223
0.69248
0.87046
0.97383
0.99241
1.1721
1.0267
1.2856
0.68827
0.72947
0.66156
1.1871
0.67895
1.0336
0.95962
0.73615
0.94408
0.68413
1.2071
0.68617
1.0939
0.97946
1.1138
1.1194
0.69403
1.0203
0.63536
0.69141
0.9379
0.93096
0.9234
0.89376
1.0424
0.86902
1.1252
0.89168
0.98412
0.69433
0.76783
0.83824
0.99784
0.73689
1.0398
0.90549
0.79137
0.57846
0.97927
0.94313
0.93136
0.68662
0.99921
1.0648
1.0767
0.98675
0.83021
0.82926
0.87195
0.97335
1.2024
0.85869
0.99392
0.78372
1.0427
1.0266
0.89581
0.97626
0.96603
0.69141
0.93282
0.97258
0.64466
0.98049
0.89378
1.0914
1.0374
0.7423
0.96654
0.69655
0.46476
0.96385
0.90764
0.77851
0.84984
0.81979
0.83986
0.92948
1.0446
0.68921
1.0921
0.88395
1.0043
0.9039
0.7537
1.0659
1.0816
1.0098
1.1934
1.0053
1.009
0.61743
0.80014
0.61074
0.80314
0.84309
1.0897
0.87411
0.84812
0.91898
0.61798
1.0364
1.1798
0.93927
0.95151
1.0168
0.8932
1.1395
1.1041
1.0113
1.1092
0.86089
0.83549
0.73921
0.78245
0.83723
0.92199
1.0751
1.1883
0.76715
0.74794
0.97311
0.61646
1.0238
0.80926
1.238
1.1441
1.0518
0.77893
0.85644
1.0397
1.0065
0.91918
0.8349
0.90982
0.82953
1.0035
0.97365
1.057
0.81608
1.0309
1.0234
0.96977
0.83054
0.82443
0.79512
0.82887
0.63392
1.112
0.47005
0.34383
0.84564
1.1687
0.99775
0.80786
0.89409
1.0118
0.90162
0.90973
0.9655
1.0652
1.1177
1.1178
0.80761
0.84694
1.0501
0.7814
0.84044
1.0476
0.81979
0.47155
0.93015
0.94415
1.0871
0.69559
0.87029
0.69844
0.61925
0.72174
0.9907
0.93832
0.84037
0.76539
0.8356
0.91068
1.1142
0.62847
0.70583
1.0448
1.0593
0.85568
0.85951
0.83431
1.0171
0.79412
0.56844
1.0571
1.2192
1.0409
0.65904
1.1592
0.88855
0.85962
0.86164
1.2851
0.88398
0.86693
0.69048
1.2873
0.98409
0.83482
0.94006
1.0473
1.2268
0.88168
0.74296
0.86635
0.71691
1.0329
0.68877
0.95177
1.0082
0.82676
0.99347
0.90394
0.9434
0.92838
0.99948
0.92578
0.8093
0.9497
0.80242
1.0888
1.1919
0.89138
0.95604
0.78986
0.58036
0.6061
1.1208
0.85654
0.95668
0.95914
0.93128
0.84722
0.69939
0.8789
0.93593
1.1538
0.53703
0.96045
1.1184
0.94104
0.86088
1.0918
0.7873
1
0.64894
0.96898
1.0458
0.81583
1.1143
1.0918
0.80932
1.0003
0.74375
1.0881
0.77392
1.2235
1.0187
0.56178
0.60766
0.70634
1.0945
0.93386
0.79497
0.91817
0.81029
0.75434
0.94161
0.59646
0.92628
1.0832
1.1243
0.81162
0.89243
1.0051
1.0691
1.0804
0.69197
0.78038
1.0166
0.96735
0.61271
0.74723
0.91344
0.71486
1.0646
1.0501
1.0574
0.84402
0.7257
0.70625
0.96384
1.0856
0.85421
1.0162
1.091
0.9704
0.97367
0.95743
0.9651
0.88783
0.71141
0.88729
1.0022
0.98072
0.91973
0.71642
0.99101
0.92999
1.0863
0.83141
0.96541
0.99005
0.73234
1.2919
0.9853
1.202
0.92273
0.85123
0.94682
1.1705
0.89197
0.50462
0.88579
0.72233
0.86276
0.92707
1.2841
0.80788
0.59901
1.1021
1.0446
0.78138
0.83792
1.1292
0.97421
0.90755
0.83344
0.82041
1.0297
0.8179
1.101
0.83185
0.98857
0.81733
0.77025
0.91844
0.87422
1.1281
1.0278
1.0986
0.82675
0.86137
0.8227
0.78032
0.984
0.68426
1.1214
0.96086
0.59447
1.1173
0.94721
0.87505
0.63677
0.93669
1.0053
0.7442
1.0377
0.93931
0.98525
1.0596
0.96275
0.6118
1.0029
1.1318
0.89109
0.92233
0.88296
0.94696
1.1629
1.2489
0.82986
0.79072
0.73242
0.88094
0.78844
0.88349
0.89487
1.1316
0.7788
1.1436
1.1566
0.96774
0.99028
0.76215
1.0255
0.82103
1.144
0.87707
0.5378
1.0772
1.0332
1.0388
0.97438
1.0482
0.86009
0.88534
1.0955
0.88592
1.1642
0.80861
0.61119
0.79701
0.65929
1.0272
0.97455
0.66017
0.98034
0.82213
0.76162
0.95955
0.71632
0.9938
0.84996
0.9796
0.98843
1.0551
1.048
0.98208
0.79089
0.91517
1.0051
0.85534
0.8232
0.66222
1.0838
1.109
0.71196
1.048
1.0412
0.49889
0.80351
1.1179
1.1806
0.4108
0.72538
0.9461
0.88016
0.80158
0.8512
1.2063
0.84298
0.99315
0.98927
1.0241
0.82457
1.0097
0.929
0.90185
0.99484
0.83989
1.1985
0.84833
0.88563
1.0203
0.80204
1.0285
0.65702
0.87209
0.86467
0.89678
0.84735
0.95021
1.0307
0.96057
0.85259
0.97684
0.90011
0.76984
1.1443
1.0846
0.9449
0.91128
0.89899
0.47396
1.0654
1.0578
0.90167
0.6937
0.78018
0.59019
0.85508
0.37197
0.74727
0.97224
0.78134
0.96433
0.92273
0.77938
1.249
0.73214
1.0156
1.0508
0.8249
1.0594
0.53366
0.92732
0.99843
1.1105
1.0569
1.0584
1.0297
1.0495
0.90453
0.73559
0.77774
1.1459
1.0518
1.0024
0.76221
1.1197
1.0815
0.94329
0.90465
1.107
1.0272
0.70294
1.0612
0.9119
1.0588
0.92372
0.36247
1.0231
0.98825
1.0179
0.84964
0.70415
0.80521
0.96017
0.82853
0.93837
0.90398
0.44744
0.99244
1.1513
0.96391
0.77481
0.91427
0.84513
0.8372
0.99362
0.94718
0.97764
1.1375
0.87406
0.73025
0.47293
0.95203
0.9469
0.67251
0.99477
0.94454
0.54866
0.33489
0.83311
0.975
1.1286
0.99267
0.96865
0.92078
1.2336
1.0451
1.1408
1.2006
0.92184
0.89402
0.81899
0.93498
0.91948
0.7353
0.84068
0.91524
0.94857
0.95646
1.0703
1.1091
0.97366
1.0847
1.0961
0.90869
0.89452
0.88752
1.1122
1.2012
1.1663
0.39888
0.94503
0.87286
0.97815
0.78254
0.64478
0.80829
0.76825
0.75265
0.97298
0.49469
0.82959
0.99906
1.0179
0.40936
0.94966
0.89755
0.78638
0.70446
1.0696
0.73511
0.81378
0.44411
0.78707
0.70491
0.87345
1.1647
0.93405
1.0097
0.61708
1.0968
0.47636
0.77348
0.57935
1.0171
0.75891
1.1775
0.91518
0.88174
1.0553
0.98125
1.0622
1.265
1.0489
0.75059
0.69966
0.89986
1.0299
0.88027
0.85428
0.72396
1.1209
0.37304
0.85875
1.0249
0.55527
1.0638
1.0886
1.0813
1.0847
0.97755
1.0513
0.9302
1.1432
0.83002
0.76014
0.52247
0.69459
1.1169
1.1648
0.91415
0.98321
0.75409
1.1232
1.046
0.86179
0.78976
0.93288
1.0943
0.78016
0.63308
0.96708
0.93069
0.95904
0.99123
0.9385
0.96639
0.96922
1.03
1.0663
0.87935
0.57018
0.73878
1.11
1.1476
0.80772
1.0588
1.0018
0.49794
0.95014
0.89507
0.77287
0.75891
0.97533
0.67689
0.80047
0.82181
0.92349
0.96062
1.1922
1.1051
0.75168
0.87365
0.95276
1.1394
0.80057
0.96925
0.73385
1.0416
0.88559
0.659
1.0596
1.0864
0.77456
1.198
0.69111
0.86313
1.0567
0.48604
0.71587
0.98756
0.91158
0.91282
1.0711
1.1339
0.92034
0.92696
0.65377
1.1332
0.90129
1.0092
0.52647
0.94609
0.73113
1.0301
1.228
1.1334
0.68009
0.6433
0.99501
1.0459
0.8411
0.91016
0.67341
0.86503
1.1058
1.0417
1.068
0.974
0.6929
1.2382
0.8499
1.0915
1.1812
0.75138
1.0886
1.0663
1.0097
0.79022
1.1367
0.66974
0.91749
1.031
0.83125
0.81687
1.0619
0.50227
0.94835
0.50201
0.75174
0.60854
0.68001
0.91543
1.1099
1.1482
0.94371
1.0639
1.1183
0.8895
0.87466
0.75893
0.63986
0.96069
1.1217
0.81893
1.034
0.89651
1.0132
0.77975
0.93757
0.51507
0.95358
0.76601
1.1516
0.91777
1.152
0.72462
1.1752
0.94284
1.0408
0.99839
1.1109
1.0619
1.1423
0.84199
0.78386
0.87047
0.57253
0.79879
0.84733
1.032
1.0319
0.77697
0.56706
0.76612
0.83741
0.4695
0.99051
1.0631
0.94027
0.71252
1.0613
0.88191
0.70001
1.2539
1.1522
0.95538
0.93667
0.89589
0.84056
0.91252
0.89559
1.1194
0.91791
1.1137
0.97551
0.9499
0.79828
0.87054
1.0419
0.74243
0.69154
0.93755
0.70503
0.74155
0.99249
0.83963
1.1157
0.896
0.93245
0.94694
1.0619
0.79987
1.0074
0.88588
0.84501
1.0481
1.0164
0.96188
0.90461
0.85519
1.0332
0.84458
0.85141
0.86832
0.94396
0.8538
0.97939
0.66553
0.80309
0.95999
1.2293
0.86626
0.67177
0.76291
0.85999
1.1541
0.70788
0.80963
1.0187
0.706
1.1703
1.1232
0.98919
0.94436
0.78002
1.0692
0.83695
0.74612
0.91473
0.94858
0.90281
0.86398
0.93944
0.90002
0.54464
1.1049
0.75222
1.0525
0.84951
0.92191
1.1045
1.238
1.1217
0.70469
1.0176
1.0671
0.65569
0.84729
0.86904
0.89256
0.9015
0.78042
0.98325
0.88032
1.0438
1.1702
1.0744
0.93487
1.1815
1.0812
0.94923
0.9355
0.85153
1.0569
0.88493
1.0059
0.84285
1.0527
0.90435
0.78302
1.0053
0.8296
0.76679
1.2708
0.80325
1.0021
0.88215
0.86693
0.90125
0.86088
0.76517
0.94246
0.84807
0.9299
0.71736
1.0073
0.65139
0.99519
1.066
1.0161
0.93596
0.88277
0.5479
0.92704
1.0541
0.8565
0.90547
0.82845
0.69138
1.0088
1.0242
0.85884
1.0479
1.0891
0.93466
0.89677
1.1059
1.0216
0.93254
0.67218
0.65307
1.0491
0.51566
0.93059
1.0151
0.75283
1.1685
0.87722
0.65472
0.87902
0.85906
0.87316
1.177
1.1503
0.83011
0.72872
0.64051
0.85304
0.70601
0.76862
0.84051
0.9255
1.0775
0.88225
0.99101
0.97678
1.0128
1.0356
1.0247
0.72725
0.89516
0.81242
0.74087
0.9265
1.0585
1.1011
0.78841
0.98937
0.89309
0.75111
1.1186
0.9588
1.1546
1.0925
1.0066
0.76568
1.0121
0.92661
1.1114
0.8555
0.82154
0.80797
1.2306
0.94435
0.95126
1.2325
1.0702
0.98017
0.97993
0.70054
0.97316
1.0657
0.98615
0.91017
0.66708
1.1102
1.0693
1.0004
1.0364
1.0819
0.76004
0.82562
1.1769
1.1212
0.86224
1.0145
1.1866
1.0541
1.0692
0.7717
0.8187
1.0724
1.1033
1.0332
0.9859
1.1401
0.77801
0.66671
0.66869
0.74709
0.70567
0.53268
0.83313
0.93888
1.1087
0.80042
0.84569
0.8929
0.90969
0.77017
1.2547
1.1197
1.1068
0.92281
0.90551
0.8861
0.91943
1.1116
0.70051
0.84098
0.83435
1.0231
0.82761
1.042
1.1371
0.70545
1.04
1.0865
0.97239
1.0787
0.98023
1.1286
0.50754
0.98836
1.0121
0.87385
0.83942
1.1884
0.75476
0.90678
0.83983
1.0571
0.98617
0.99242
0.76455
0.97677
0.97991
1.0942
1.0615
0.95797
0.61181
0.75422
0.88456
0.87686
0.93966
0.99621
0.81958
0.96718
1.15
0.93198
0.85214
1.0005
0.8927
0.91229
0.98761
0.84517
0.94642
1.2021
0.68211
0.91181
1.0726
0.93074
1.0873
1.127
1.1336
0.99424
0.51047
1
1.1204
0.977
0.58082
0.88144
0.84391
0.84834
0.95112
0.8521
1.0407
0.97505
0.72236
0.92664
0.65193
1.1015
0.87823
1.0725
0.40163
1.0357
0.53306
0.69507
1.1196
0.94725
0.8565
0.82324
0.93772
0.90041
1.0721
1.0747
0.99673
0.88441
0.85261
0.83762
0.71445
0.83726
1.0982
0.98587
1.2053
0.75499
0.9967
0.6685
1.2971
0.83109
0.90963
0.94849
0.90915
1.0124
1.1183
0.80839
1.1852
0.62292
0.81739
1.1002
1.1682
1.0726
1.0545
1.0902
1.0368
0.55336
0.7281
1.005
0.859
0.83947
0.80204
1.143
1.0919
0.74466
0.96431
1.1238
1.0403
0.91767
0.82366
1.0941
0.95349
0.92768
0.77138
1.0441
0.8455
1.1927
0.66103
1.0392
0.92493
0.84341
0.76014
0.94698
1.0273
0.93895
0.71446
1.0106
0.92545
1.0329
1.0575
0.9185
0.99401
0.87413
0.58262
0.85043
1.0219
1.0136
1.0932
0.91309
1.0509
0.90516
1.0219
0.6542
1.1415
0.84144
1.0207
1.1402
0.85636
0.77033
0.95448
0.92796
0.86156
0.55688
0.962
1.0041
1.0371
1.2493
1.0134
0.81516
1.1488
1.002
0.90379
0.97497
0.90422
1.1175
1.1761
0.84507
0.87793
1.0047
0.98492
0.8693
0.7703
0.91387
0.986
0.54209
0.71211
0.86243
0.72441
0.96546
1.0001
0.78056
0.93483
0.82973
1.0966
0.716
1.078
0.80268
0.64324
0.69887
0.76333
1.1666
1.1113
1.0221
1.1222
0.91666
0.94988
0.94553
0.89423
0.81633
1.0745
0.82861
0.95146
0.91796
0.78995
0.71543
0.86617
1.0654
0.6041
0.91398
0.68235
1.2239
0.61628
0.85018
0.99271
1.0771
1.0684
0.36592
0.72889
0.93123
0.86908
0.8403
1.0999
1.0869
0.82075
0.87579
0.95801
0.73754
0.74922
1.1577
1.106
1.175
0.72995
0.78926
1.0095
1.0318
0.84677
0.97278
0.80496
0.95109
1.1781
0.82467
0.96466
0.95078
0.79036
0.62995
0.91258
0.76098
1.0062
0.99919
0.5731
0.71847
0.92695
0.89633
1.1268
0.71292
0.6193
0.98845
0.63416
0.54942
0.88469
1.1058
0.72875
0.82044
0.34985
0.85522
0.99357
0.93332
1.1491
1.0486
0.95521
0.91493
0.88719
0.91243
1.0497
0.8536
0.77084
0.89983
0.69767
0.79807
1.1766
0.99142
1.0396
1.0946
0.88334
0.8259
1.1849
1.1248
0.73398
1.0737
0.99361
1.0466
0.92037
0.99909
1.0012
0.91243
0.78902
0.7132
1.1915
0.94492
1.1235
0.85576
0.69397
0.75313
1.0768
1.0968
1.1022
0.62222
0.87466
1.081
0.92866
1.0797
0.97905
0.77189
0.82742
0.92507
0.76009
0.96425
0.80266
0.86488
0.61775
1.0321
1.12
0.92271
0.93965
0.94623
0.78418
0.90078
0.98176
1.0711
1.0327
1.2558
0.75936
1.0036
1.0778
0.86074
0.86156
0.779
1.0941
0.97854
0.93487
1.0624
0.58281
0.9813
1.0388
0.89734
0.86448
0.71755
0.75767
0.97181
0.96299
0.93663
1.0814
0.95264
0.97721
1.198
0.98671
0.87627
1.2139
0.95383
0.97049
0.81111
1.0968
1.0834
0.92856
1.012
1.0384
1.0474
1.0026
0.86726
0.94958
0.89149
1.0126
0.81135
0.99154
1.0684
0.99826
0.52739
1.0851
0.70641
0.9046
0.91868
0.87243
1.1327
0.97832
0.75449
0.91631
0.99836
0.87004
0.9136
0.94972
1.0227
0.91107
1.1645
0.93077
1.0706
0.78863
0.7752
0.70562
0.85197
0.81232
0.60872
0.85822
0.78269
0.80321
0.74059
0.92877
1.1551
0.93368
0.49502
1.1129
0.87838
1.1175
1.2267
1.3
0.72272
1.0827
0.94865
1.0203
1.1948
1.0371
0.43773
0.87592
1.0259
1.0344
1.1494
0.96195
0.97519
0.94138
0.9951
1.0784
1.1907
0.959
0.95123
0.97355
1.0844
0.87003
0.94859
1.033
0.95743
1.1022
0.87398
0.78811
1.0212
0.65247
1.1414
0.82934
1.1609
0.95255
0.69966
0.79059
0.99099
0.88611
0.77782
1.1265
0.9217
0.99061
0.35628
1.001
0.90431
0.49592
1.0048
0.98231
0.84009
0.86631
1.0283
0.7032
1.0036
0.95405
0.96863
0.53593
0.89418
1.0953
0.56592
0.75968
0.91025
0.94788
0.53779
0.67887
0.88568
1.1217
0.61464
1.1067
0.84652
0.93973
1.1423
0.79478
0.79958
0.74969
0.70556
0.73572
1.215
0.91318
0.96454
1.0401
0.85867
0.98517
1.1084
0.72416
0.97965
0.65643
0.54271
0.97106
0.61321
0.98698
1.0742
1.2622
1.15
0.62983
1.0155
1.2174
0.95374
0.96177
1.0326
0.72395
0.87258
0.86268
0.90122
0.8141
0.81745
0.63232
0.90728
0.84371
0.94521
0.90185
0.89148
0.71729
0.91268
0.87727
0.983
0.80566
0.91961
0.89323
1.1945
0.92446
1.1453
1.094
0.82685
1.1142
1.0535
0.92013
0.8338
0.9682
1.1562
0.85066
0.92732
0.75441
0.87999
0.98036
0.727
1.0068
1.0893
0.49239
1.0812
1.0744
0.89227
0.72301
1.0713
1.0838
0.79473
0.9503
0.82979
0.82441
0.96103
1.2016
0.61576
1.1085
1.07
0.99462
1.0493
0.69244
0.90432
1.1312
1.1385
0.7405
1.0691
1.1039
0.71235
0.90117
1.0053
0.94225
0.96617
0.92979
1.0907
0.89591
0.92323
0.91032
1.1061
0.89013
0.75413
0.92556
1.047
0.93199
0.86168
0.90023
0.83594
1.0924
0.94872
0.90814
1.1454
0.8172
0.81043
0.94961
0.73683
0.83947
1.016
0.88582
1.2623
0.97133
0.77272
0.63992
0.78899
1.0725
0.93737
0.85687
1.0051
0.67923
1.2867
1.1478
0.89458
1.0264
0.69335
0.75727
1.0155
0.85763
0.87278
0.82197
0.86298
0.95079
0.62068
0.67696
1.2702
1.2481
0.98325
1.0948
1.0887
1.0705
1.0738
0.47351
0.83995
1.0929
0.98831
0.94105
0.902
0.51164
0.98106
0.86121
0.98301
0.87566
0.84559
1.0841
0.92485
1.1921
1.0232
0.76603
0.98398
0.99366
0.83502
0.93211
0.8964
0.81227
0.97677
0.72568
0.87267
0.87276
0.94385
0.81915
1.0578
0.93346
0.94611
1.1911
0.90536
0.64077
0.9864
0.74552
0.80644
1.0616
1.0982
0.62326
0.72538
1.0066
0.89356
0.90538
0.98269
0.85146
0.36575
0.53399
0.99492
0.85041
1.0603
1.0169
0.75245
0.9984
0.90053
0.99841
0.81416
1.1568
0.92901
0.99828
0.96716
1.0939
0.90829
0.9766
1.1824
0.98776
1.0694
1.0157
0.80748
0.93262
0.77353
1.0724
0.93397
0.88789
0.82001
0.91284
0.85355
0.87778
0.98597
0.46771
1.0839
0.83637
0.69322
0.67126
0.84569
0.98923
1.0714
0.96016
0.93612
0.68199
0.8212
1.0501
1.0504
1.103
0.85297
0.89741
0.89727
0.83805
1.0925
1.1513
1.1219
1.0876
0.87744
0.87529
0.68878
0.96922
0.77372
0.66678
0.82994
0.66563
0.99928
0.68455
0.83402
0.92513
1.0432
0.77111
1.1829
1.2321
0.82773
0.64063
1.0521
0.57816
0.81985
1.0109
0.93633
1.119
0.7876
1.0927
0.85986
1.055
0.74246
0.8922
0.84431
1.1874
0.93835
0.90535
1.1552
0.966
0.7466
0.61308
0.71914
1.0185
0.91129
0.91991
1.1152
0.83874
0.87134
1.0599
0.89156
0.92452
0.84049
0.76462
1.2107
0.70277
0.9425
0.61272
0.99535
1.0243
1.0627
0.87337
0.90947
0.50656
0.81756
1.0209
0.77122
1.0265
0.58938
1.1936
0.79291
1.1399
0.83878
1.0509
0.97623
0.71268
1.1724
0.65179
0.72984
0.90367
0.78966
1.1199
1.0539
0.94391
0.69958
0.79536
1.0283
0.77651
1.0433
0.92544
1.0547
0.93236
0.76749
1.2256
0.85894
0.84151
0.99245
0.79891
0.97237
1.0941
0.82282
0.60199
1.0439
0.87287
1.1643
0.95759
0.71052
0.84268
1.035
1.0403
1.1518
1.083
0.80024
1.1362
1.0841
0.79638
0.93021
0.41987
0.73778
1.264
0.9209
1.1913
0.83146
0.88561
1.1511
0.7847
1.0979
0.63294
1.001
0.67011
1.0431
0.82451
0.68108
0.71244
1.0846
1.1352
0.8473
1.0449
0.6947
1.2366
1.2307
0.72704
0.84823
1.0208
0.71177
0.68449
1.2529
0.93793
0.74921
0.72878
0.97388
1.1089
0.98145
0.71093
0.5269
1.1367
1.1991
1.3964
1.0865
0.87533
0.92407
0.9343
0.98417
1.0784
0.85763
0.93261
1.1545
0.97119
0.90608
0.92028
1.1553
1.1204
1.11
0.77545
1.0129
0.9656
0.90443
0.88844
0.92721
0.94321
1.0046
0.82672
0.67255
0.69838
0.98088
1.1106
0.55132
0.90609
0.98332
0.42561
1.1517
0.93389
0.72918
0.86257
0.64367
1.1036
1.0244
1.074
0.89495
0.80973
0.91933
0.74348
1.1161
1.0472
0.76402
0.98424
0.69276
0.76663
1.0328
1.0993
1.0588
1.0393
0.88079
1.0087
1.0599
0.43202
0.82965
0.78431
1.1873
0.68043
1.0409
0.83665
1.0045
1.0335
0.88454
0.62769
0.84222
0.99951
1.0645
0.33322
0.71158
0.99028
0.87655
0.86894
0.8691
1.1567
0.96928
0.67152
0.9423
0.81366
1.1397
0.97319
1.059
0.86549
1.0029
1.0068
1.0036
1.0855
0.83033
0.96535
0.77877
0.81863
0.56395
0.84928
0.93669
0.9532
0.66729
1.1821
0.91994
0.81507
0.88021
0.77253
1.0628
0.98794
0.6977
0.72286
0.94372
0.75718
0.68981
1.0183
0.97261
0.93134
0.5333
0.96264
0.98142
0.90597
0.87556
1.0915
0.94516
1.1573
1.0846
1.0741
0.79739
0.97957
1.2169
1.0447
1.1603
0.74663
0.89439
0.97752
0.83311
0.76991
0.90711
0.88288
0.36415
1.157
0.95978
1.0547
0.85627
0.78086
1.0997
0.63699
0.81822
0.75049
0.63729
1.0893
1.1588
1.1473
1.2108
0.86077
0.74594
0.62436
1.1292
0.87903
0.86736
0.72887
0.76047
0.99773
0.94809
0.99667
0.95307
0.9272
0.88368
0.68325
1.1444
0.7523
0.72987
1.2807
0.76799
0.79543
1.1778
0.82975
1.0561
0.91656
0.93191
0.67869
1.0174
1.051
0.80698
0.72404
0.95891
0.80843
0.95406
0.53316
0.87712
0.66372
0.95235
0.8554
0.85903
0.87581
0.68268
0.69506
1.0781
0.74683
0.81263
0.77624
0.79607
0.82104
1.0617
1.1265
0.85628
0.95602
0.78236
0.75341
0.88429
0.99531
0.72829
0.88684
1.0774
0.56943
1.1803
1.0357
1.2411
0.80287
0.74653
1.2139
1.0496
0.8832
0.79875
1.0814
0.5369
0.84301
0.92071
0.96268
0.94988
1.1061
0.98099
0.81162
1.0382
0.98379
0.77165
1.0724
0.86156
0.73478
1.0159
0.98145
0.95267
0.7478
1.0002
1.0545
0.99095
0.72568
0.76352
0.92856
1.1396
0.58233
0.90015
0.8955
0.63627
0.98432
1.0161
0.99754
1.0807
0.99637
0.49009
1.0006
0.69095
0.79636
0.9285
1.1123
1.0931
0.94652
0.84173
1.0391
0.88794
1.1185
0.94133
1.0172
0.82478
1.0115
0.85658
0.80168
1.1276
0.77576
1.0694
0.7594
1.0261
0.9191
1.1554
0.74114
0.95609
0.71896
0.84121
0.95673
0.85591
0.98534
0.73013
0.90137
0.99034
1.119
0.6662
0.94218
0.9612
1.1783
0.78817
1.0178
1.0667
1.2132
0.65233
0.69127
0.89392
0.77223
0.6721
1.0233
0.92841
0.53491
0.83004
0.95766
1.0841
1.0398
0.92888
0.99953
0.96793
1.0856
0.72622
0.83925
0.93647
1.0554
0.81517
0.93718
1.1189
1.0647
0.8928
1.0581
0.75474
0.74208
0.96931
0.94164
0.90725
1.169
0.89821
0.57887
1.0311
0.96782
1.0108
1.0622
1.1211
0.93663
0.99777
0.653
0.5359
1.0227
0.97331
0.98519
0.90627
0.95957
0.85067
1.0732
0.65766
0.76014
0.89254
1.0686
1.1554
0.70052
0.96887
1.0301
0.61483
0.89056
0.85632
0.94789
0.22684
1.0192
0.8478
1.0405
1.1599
0.72751
0.65984
0.8972
0.89705
0.75125
0.94568
0.88201
1.0361
1.1143
0.7266
0.79693
0.88725
0.87814
0.8424
0.58646
0.85424
0.99832
1.0372
0.85505
0.86604
1.0071
0.87373
0.91091
0.9135
0.86179
1.066
0.78981
1.0296
0.80706
0.94564
1.0276
0.90688
1.0333
1.1366
1.0061
0.98373
1.0438
0.98022
0.9662
0.98796
1.1054
1.1334
0.7967
0.77273
0.69833
0.78018
0.77936
1.1041
0.83695
0.97941
0.90789
1.0228
1.0387
0.81016
1.2243
0.9191
1.1721
0.8491
0.85736
0.83758
0.66938
0.98785
1.0523
0.96321
1.0554
1.0771
1.1937
0.7679
1.0911
0.85524
1.1107
1.0072
0.84257
0.75858
1.0303
0.71302
0.66584
0.94501
0.89659
0.84662
0.77823
0.68532
0.935
0.76742
1.1023
0.94991
1.1078
1.0275
0.93526
0.83496
1.0729
1.1404
0.87642
0.96344
0.99845
0.9537
0.95102
0.63149
0.96041
0.71436
1.1113
1.0026
0.6974
0.9866
0.98785
0.77359
0.78661
0.96373
0.91614
1.0295
0.92245
0.88858
1.0135
0.77203
1.0344
1.1419
0.87215
0.52901
1.1146
0.917
0.7017
0.73392
0.80559
1.1438
1.1092
0.92841
1.0733
0.76423
0.87506
1.0345
0.43415
1.0506
1.0693
0.8511
0.67441
0.5028
0.85489
1.0404
1.1936
0.45567
1.0122
1.0456
0.77955
0.68026
0.64128
0.92957
0.75179
0.94021
0.91916
0.90386
0.86455
0.95434
0.80265
1.0976
0.68181
0.59028
0.87201
0.87722
0.90254
0.94946
0.81783
0.82066
1.1874
0.91527
0.92436
1.0473
1.0851
0.83185
0.48708
1.2502
0.9542
0.8926
0.58438
1.0041
0.9505
1.0615
0.68119
0.93308
0.92277
0.78986
0.67272
1.0073
0.82115
1.0675
0.87878
0.74481
1.0062
0.92888
1.0611
0.52198
1.1417
0.95667
0.87109
0.9709
0.76599
0.99517
0.85484
0.69456
0.52422
1.1148
0.69025
0.79915
1.1018
0.96814
0.5963
0.90026
1.1187
0.91038
0.66465
1.0287
1.0579
1.1695
1.0607
0.94564
0.8856
1.1563
1.1258
0.85143
1.1143
1.1098
0.88
0.78142
0.95329
0.98277
1.1273
0.94402
1.1677
1.1443
0.83914
0.76807
1.2668
0.73704
0.79896
1.0332
0.78313
0.80054
0.59965
0.88051
0.90496
0.44255
1.184
1.1581
0.77885
1.0876
0.68672
0.97765
0.83502
0.82663
0.81994
0.62277
1.0167
1.0615
1.1905
0.94413
0.98226
0.5996
0.89656
0.86196
0.85923
1.0113
0.65406
0.86847
0.64578
0.70943
1.1247
0.90615
0.8181
0.83367
1.2199
0.76662
0.78519
1.0479
0.54397
0.7464
0.72111
0.56342
0.962
0.92141
0.98484
1.1642
0.938
0.87185
1.0716
0.73334
0.65164
0.81058
1.0702
0.51368
0.75268
1.1312
1.0855
0.8114
0.9342
0.75773
0.84797
1.0406
0.83756
1.0532
1.0273
0.88119
1.0727
0.59137
0.89495
1.0726
1.0269
0.80902
0.80408
0.9159
1.0317
0.64123
0.8186
1.1634
0.94916
0.60162
0.85596
0.83457
1.0158
0.95633
1.1446
0.80833
0.98237
1.0148
1.0165
0.58411
0.92225
0.87089
1.0567
1.0903
1.16
0.77749
0.59346
0.92358
0.79086
0.65686
0.72218
0.98506
1.1303
0.99318
0.78041
1.3186
0.88869
0.7456
1.0017
1.0392
1.0479
0.97803
0.64565
1.1978
1.1782
0.81844
0.72746
0.53207
0.78927
0.7288
0.89034
0.83278
1.284
0.742
0.64487
0.9222
0.83998
1.098
0.84489
1.0825
0.89428
0.6574
1.0646
0.79756
0.8437
0.83109
1.0315
1.1003
0.98852
0.69865
0.8234
0.34894
1.2312
0.62175
0.83615
0.80562
0.50183
0.95604
0.98694
1.0675
0.70703
0.42361
0.87185
1.0309
1.013
0.57943
0.87836
0.98221
1.0728
0.82533
0.85143
0.97596
0.68234
1.122
1.0598
0.85107
0.76749
0.83053
1.0861
0.79107
0.86504
1.0155
0.65477
0.92973
1.0373
1.2037
0.93139
0.61672
0.62037
0.90496
0.88958
0.78669
0.8437
0.7738
0.84611
0.84354
0.86233
1.0479
0.87001
0.91281
0.98379
1.0128
0.80271
0.91134
0.88981
1.0794
0.87829
0.62945
0.95138
0.94393
0.76111
0.77389
0.9924
0.77956
0.69122
1.1386
1.1709
0.88425
0.96205
1.0323
0.94841
1.0515
0.9236
1.0013
0.94158
0.87069
0.94787
0.77394
1.1887
1.0974
1.0556
0.79435
0.91612
0.91597
0.73813
0.57791
1.021
0.74097
1.1564
0.60416
0.65409
0.96206
1.1237
0.66529
1.048
0.99032
0.87821
0.70414
0.69389
1.0766
1.0808
0.94095
0.96854
0.45835
0.73412
1.08
0.97897
0.80284
0.55108
0.9453
0.94043
1.0274
1.1078
0.9863
0.98779
0.68216
0.34894
0.89825
0.87102
1.167
1.0175
0.94495
1.0171
0.93686
1.1379
0.96191
0.83794
0.52996
0.96144
0.9118
0.95375
0.83235
1.2762
1.2145
1.0963
1.0236
0.93968
0.99196
0.61482
0.93483
0.76854
0.64767
0.76016
0.91221
1.0372
0.94152
0.77026
1.0004
0.7008
0.38431
1.0704
1.0063
0.91934
1.0605
1.0879
0.94354
0.64751
0.97279
0.97364
0.71525
1.0274
0.97681
0.68247
1.0714
0.84611
0.95658
0.85329
1.006
0.63803
0.89719
0.92361
0.8386
0.92503
0.69548
0.7719
0.9973
1.0176
0.83563
0.98801
0.84668
0.87703
1.0634
1.0928
0.77351
1.1654
0.95493
1.0106
0.96924
0.53008
1.1633
1.0028
0.96195
0.75555
0.73332
0.67261
1.2162
1.0401
0.8531
0.90764
0.77926
1.0506
1.0944
1.1314
0.76797
0.88901
0.61438
1.1247
1.1208
0.6941
1.0089
0.94638
1.0043
0.84531
1.1794
0.94904
1.0915
0.93619
0.30985
0.7815
0.6577
0.76126
0.67645
0.9414
0.88718
0.57042
0.99179
0.89178
0.92016
0.86472
0.75344
0.64555
1.0104
1.0826
0.68232
1.1233
0.97913
0.89075
0.65035
0.93682
0.98686
0.92256
0.57492
0.88457
0.95744
0.96719
0.83275
1.019
0.64863
0.64265
0.978
0.7267
0.90293
0.8426
1.1563
0.85409
0.93022
0.73719
0.88509
0.90211
0.97339
1.0249
1.0731
0.80947
1.1427
0.5282
0.94335
0.93643
0.94696
1.1126
0.99701
1.1495
0.87236
0.768
0.89013
0.94776
1.1034
0.7939
1.1174
0.60109
1.1356
1.0012
1.0636
1.0007
1.1622
1.0372
1.0014
1.1099
0.8996
1.0653
0.88985
0.7561
0.72652
1.1276
0.91304
1.1796
0.76896
0.89903
0.98412
1.0542
0.89012
1.049
1.1227
0.60549
0.8437
1.0827
0.90561
0.77237
1.0302
1.0554
0.93823
0.90537
0.92079
0.92714
1.0589
1.1027
0.8354
1.0065
0.95768
1.0593
1.0974
0.70924
1.229
0.75266
0.81164
1.1819
0.8152
0.78083
0.87744
1.0653
1.0841
0.86487
0.89292
0.70293
0.71196
0.69248
1.0428
0.97705
1.0699
1.1219
0.84028
1.0756
1.0035
0.80903
0.80129
1.1417
1.1282
0.80315
0.91263
0.95336
0.79978
0.90333
0.90438
1.1562
1.0144
0.57887
0.98822
0.85727
0.92134
1.1879
1.1028
0.79899
0.97899
1.1031
1.1172
0.81882
0.96085
0.78189
1.0636
0.99063
0.85898
0.95202
0.85815
0.93544
0.97089
0.92757
0.77634
0.677
0.72601
0.93664
1.0254
0.9305
0.70301
1.076
0.67938
1.0716
0.92506
0.96202
0.89749
0.90529
0.59642
0.86173
0.98155
0.77351
1.0259
1.1023
0.95172
0.89402
0.81439
0.80658
0.819
1.0532
0.39375
1.0326
0.89032
1.02
0.78109
0.92596
0.84199
0.92184
1.0599
1.0402
0.59194
0.66764
0.77819
0.90472
0.84168
0.89525
0.94424
0.6604
0.95917
0.64101
1.0372
0.91528
0.93566
0.60045
0.70614
0.6359
1.0002
0.68984
0.93944
0.88856
0.83482
0.82957
0.75573
0.84142
0.68372
1.0931
0.69888
1.0923
1.1348
0.54993
0.91749
0.85064
1.1363
1.1192
0.37185
0.80625
0.81023
0.45095
0.5381
1.0481
0.88743
0.93421
1.023
0.83864
0.86849
0.72514
0.94279
1.0161
0.96118
1.2169
1.0701
1.0496
1.0553
0.87235
1.0667
1.0998
0.78862
0.83709
1.0176
0.91124
0.76732
0.95883
1.0691
0.95206
0.57958
1.0325
0.99367
0.7069
0.68645
0.88404
1.1893
1.0153
1.075
0.58088
1.0282
0.75885
0.83442
0.5513
0.87331
0.93572
1.0158
0.9611
0.94486
0.99181
0.96379
0.91315
0.93488
0.69986
1.1855
0.58457
0.99887
0.85385
0.83579
1.0531
1.0133
0.67074
0.46136
0.71974
0.92418
0.77021
0.97721
0.67563
1.0878
0.92849
1.1625
0.90404
1.1376
1.082
0.97715
1.0939
0.58064
1.0738
0.98306
0.97187
1.0044
0.90877
1.1645
0.65024
0.49675
0.75544
0.77056
0.86981
0.72708
0.57474
0.54637
0.65939
1.0374
1.103
0.96139
0.76098
1.1937
1.1216
1.0047
0.71119
0.84238
0.75031
0.98674
0.89664
0.59089
1.2147
0.65748
0.97458
0.78747
0.71499
0.99252
0.86354
0.77575
0.77465
1.1451
0.91405
1.1894
0.56727
1.0325
1.0354
0.95511
0.71042
1.0413
0.94566
0.43014
0.71966
0.60928
0.85431
0.97771
1.0617
0.57952
0.88293
0.73735
0.58666
1.1155
1.0053
0.57143
0.69696
0.67732
0.86111
0.89685
0.72436
0.65877
0.99902
0.98592
0.7982
0.73403
0.95658
0.95546
1.0357
0.79199
0.80116
0.93139
0.75844
0.87266
0.98066
0.84044
0.94952
0.89023
0.89836
0.8567
1.1594
0.91202
0.74726
0.89586
0.75263
0.7774
0.79377
1.0614
0.99783
1.0617
0.58054
0.95815
0.85691
0.9176
0.8242
1.0453
0.94143
1.1454
0.88104
0.9106
0.78388
0.95949
1.0163
0.80843
0.7757
1.0243
0.58843
0.85013
0.91717
1.231
0.94756
0.87993
1.0237
1.2187
1.0079
0.95487
0.97759
0.75296
0.99247
0.80434
0.8251
1.0928
1.0449
0.76619
1.1485
1.0175
0.8028
0.70097
0.80873
0.92381
1.0148
0.85143
1.003
1.0854
0.92939
1.0015
0.81448
0.8112
0.86778
1.2114
1.0382
0.78591
1.2677
1.1099
1.0112
1.1429
1.0354
0.9108
1.1186
1.0524
0.82881
0.97841
0.79455
0.80773
0.87198
1.0215
0.92755
0.83705
1.0477
1.0304
0.95715
0.94621
0.78597
0.92447
1.1486
0.81672
0.69678
0.7951
0.80202
0.93846
0.67694
1.1887
1.0614
0.95067
0.54355
0.61352
0.67429
0.79203
0.72595
1.0304
0.85989
1.0271
0.6135
1.044
0.72591
0.96411
0.90791
0.97059
1.1001
1.0809
1.0812
0.9488
0.93767
0.96819
1.0795
1.1281
1.1056
0.39493
1.1084
1.2496
1.1504
0.76285
1.0435
0.92448
0.50254
0.97505
0.87001
0.80959
0.92313
1.0654
0.76861
1.0776
0.70692
0.85318
0.75353
1.2773
0.93765
1.0843
0.87925
0.94458
0.82382
0.71779
0.96395
1.0701
0.81255
0.84718
1.0054
0.98342
0.98669
1.1352
0.80111
0.58337
1.0846
1.0162
1.0659
0.92903
1.0979
1.2692
0.45911
0.96358
1.0396
1.1304
0.98458
0.77447
0.87721
1.1812
0.95345
0.64646
0.76169
1.076
0.77081
0.91972
0.85152
1.0995
0.72399
0.56017
0.97855
0.74623
0.94305
0.63579
0.83743
1.0443
0.79542
0.94839
1.1359
0.96421
1.0227
0.88804
0.79811
1.1551
1.0693
1.0204
1.1317
0.81409
0.93592
1.2243
0.85422
1.0224
0.88117
0.77203
0.9707
0.60293
1.0064
0.89687
1.2073
1.1049
0.94554
1.1512
0.34361
1.1291
0.65125
0.8836
1.139
0.90907
1.0152
0.99135
0.98865
0.94407
1.0107
0.84691
1.0479
0.91095
0.79495
0.94258
0.94665
1.0786
0.95747
0.85369
0.78624
0.77303
1.2106
0.93324
0.84878
0.87465
0.67738
1.0535
0.95362
0.87657
0.97909
0.8185
0.91017
0.86887
0.91413
0.97642
1.0405
0.54235
1.0186
0.8041
1.0451
1.0676
0.77978
0.94386
0.73023
0.96957
1.0744
0.80703
1.1766
0.88608
1.0874
0.88118
0.87101
0.9482
0.9299
0.5427
0.71364
1.2286
1.0751
0.77606
0.58185
0.77152
1.0591
0.57426
0.79722
0.98366
0.87541
0.81868
1.1932
0.85553
0.95858
0.98178
1.0243
0.8595
0.6707
1.0579
0.78994
1.0256
0.80946
1.1901
0.98531
0.76483
0.98882
0.89021
0.94148
1.2101
0.65203
0.93121
0.8169
1.1122
0.99274
1.0062
0.86367
0.65419
0.94226
0.64031
0.80622
0.82914
0.89578
0.85017
0.89923
1.13
1.0659
0.91928
1.0347
0.45749
0.75519
0.82661
0.7169
1.0177
0.45451
0.82132
1.0525
0.99898
1.0351
0.85372
0.81205
0.96654
0.91808
1.0181
0.58112
0.92021
0.96177
0.81003
0.94863
0.51536
0.89866
1.1523
0.90464
0.83698
0.95807
1.2327
0.92512
0.69688
1.039
0.75363
0.57678
0.59481
0.74329
1.1052
0.90185
1.1013
0.81622
1.0612
1.0678
1.035
0.88165
0.94802
0.9232
0.80422
1.1891
0.88036
0.9737
1.1874
0.92406
0.76429
1.2527
0.90253
1.1291
0.68995
1.0373
0.95602
0.62369
0.93448
0.90372
0.77436
0.91344
0.81248
0.93726
0.87866
0.97803
0.81124
0.71599
1.0139
0.55958
0.97713
1.0275
0.67221
0.6437
1.2899
0.9422
0.89673
0.79437
0.98655
1.0553
0.86798
0.53032
0.89037
0.85374
0.99285
0.86392
1.0317
0.96916
1.0091
1.0868
0.54422
0.9185
0.74777
1.0122
0.66687
0.83054
1.2964
1.038
0.93856
0.8103
0.90389
1.1517
0.90151
0.75213
1.1249
0.76177
0.87363
0.64171
0.78943
0.76708
0.71528
0.9129
0.99151
0.62282
0.98573
0.73957
0.95954
1.023
0.50277
1.154
0.88133
1.1805
1.1522
0.96802
0.78879
1.1633
0.53973
0.81694
1.2433
0.86787
0.93016
1.0789
0.88917
1.0053
1.0503
1.0313
1.0772
0.75097
1.1534
0.94553
0.75461
0.76813
0.97964
0.98413
1.0183
1.0099
1.1565
1.0083
1.1118
0.82037
0.64938
0.86381
0.61317
1.0549
1.025
0.86966
0.89284
0.90452
0.97011
0.60225
1.0133
1.078
0.84458
0.99019
0.95922
0.8666
0.82776
0.97251
0.64796
1.0521
1.0295
1.1131
0.94698
0.73511
0.89604
0.9267
1.0177
1.0185
0.79113
0.73016
1.1421
0.72238
0.99738
0.91499
1.0362
0.92946
0.85118
0.91262
0.89721
0.79866
0.75762
0.55149
1.0559
0.84302
0.85197
0.85987
0.74085
1.0404
1.0421
0.76374
0.78056
0.96424
1.1161
0.7842
0.66049
0.61678
0.74305
0.98075
0.82726
0.95128
0.76852
0.7861
0.92503
1.0466
1.0415
0.74789
0.91753
0.86693
1.0476
0.84815
0.91705
0.73644
0.83385
1.1174
0.99259
0.7637
1.0239
0.8354
0.95816
1.2151
0.99486
0.78908
1.1286
0.95022
0.95033
0.80623
0.87497
0.53147
0.97666
0.74807
1.0708
1.1099
0.48137
0.77267
0.83821
0.98316
1.0921
0.8348
0.7954
1.0805
0.86892
0.99426
0.78294
0.8562
0.98631
0.79902
0.85706
1.0519
1.1198
0.71768
0.86062
1.2351
0.9552
0.88932
0.63291
1.1277
0.93328
0.84239
0.99643
0.85918
0.79171
0.82889
0.82188
0.88809
0.78541
0.93003
0.96119
0.88385
0.79562
0.80247
0.63737
1.0133
1.0363
0.77778
1.0754
0.71795
0.94168
1.1531
0.79806
1.018
0.62325
0.98324
0.6579
0.97774
1.0365
1.0394
0.54954
0.92214
1.0733
0.96492
0.94192
0.89327
1.2007
0.7313
1.146
0.54339
0.95575
0.7233
0.86813
0.97138
0.87221
0.85241
1.1041
0.95202
0.93996
1.0786
0.89508
0.82122
1.1324
1.1187
0.84819
0.6877
0.9447
0.687
1.1867
0.98311
0.77489
0.77075
0.99232
1.0212
1.0265
1.0356
1.0192
0.90806
0.91471
0.79763
0.82651
0.94302
1.071
0.97379
0.94716
0.99876
0.80291
1.0832
1.1978
0.80496
0.76749
0.93939
0.97541
0.79769
0.907
0.87862
0.9115
1.126
1.0927
1.1365
1.0279
0.90468
0.98475
0.47222
0.87269
1.0103
1.1631
0.8862
0.57543
0.81723
0.50069
0.99175
0.85748
0.85635
0.79752
0.81093
0.97365
0.465
1.1584
1.0256
0.65647
1.0304
1.1598
1.1802
1.0325
1.0069
0.80626
0.95163
0.83389
1.054
1.0216
0.99896
0.91727
0.64889
1.0659
1.1451
0.94093
0.67563
0.91086
0.90669
0.81277
0.98953
0.76452
0.8579
1.0657
0.95652
1.0314
0.66657
1.0963
0.91334
1.0272
0.98819
1.1763
0.93094
1.0783
0.96492
0.94312
0.87967
0.73227
0.97964
0.95858
0.79141
0.76763
0.72516
0.83818
0.86317
0.99963
0.81661
0.69579
1.0836
1.1121
1.0295
1.0047
1.012
0.74404
0.9654
0.7054
0.64672
0.76812
0.98624
0.85848
1.1818
1.0487
1.0096
0.38978
1.0684
0.83833
1.2213
0.80122
0.88207
0.66639
0.95658
0.79655
0.74883
0.91132
0.79316
1.0011
1.0097
0.71639
0.91379
1.0835
1.0591
0.83223
1.1581
1.0396
0.66333
0.90298
0.82933
1.128
1.0424
1.0203
0.87298
0.71031
1.187
0.87954
1.0058
0.97417
1.0215
0.91975
0.68109
0.88392
0.79183
0.85505
0.74924
1.1377
0.9401
1.1068
0.78306
0.82422
0.75068
0.94424
1.1529
1.0408
0.89429
0.75889
0.82823
1.0814
1.104
0.86233
0.80402
0.90556
0.87817
1.1361
1.0408
1.165
0.76864
1.1095
0.99242
1.0578
0.7454
1.2888
0.95095
1.0379
1.0132
1.1563
0.98593
0.86508
1.0516
0.9381
0.96444
1.0151
1.1056
1.0334
0.8331
0.84316
0.94533
0.68563
1.1902
1.1267
0.9994
0.58811
0.81183
0.64208
1.1769
0.73487
1.1835
0.86388
0.92505
1.0159
0.98979
0.64825
0.88898
0.6381
0.93687
0.53877
0.96385
0.92477
1.2278
0.94931
0.6957
1.0407
0.93818
0.99006
1.0538
0.81507
0.86955
0.7305
0.75046
0.84976
1.1596
1.0669
1.0364
0.80531
0.58579
0.81744
0.91586
0.98468
1.0311
0.77257
0.84074
1.1081
0.80604
1.0377
0.82651
0.88741
1.0697
0.70318
0.89032
1.1007
1.0828
0.87121
1.0781
0.96437
1.0345
0.957
0.98511
0.88336
0.93421
1.0913
1.0235
0.90408
0.80752
0.96513
0.91505
1.0942
0.82227
1.1316
0.96231
0.86215
0.58127
1.0052
1.0057
0.8664
0.89872
0.88968
0.76242
1.0307
0.98883
1.0547
0.84316
1.1116
1.136
0.85768
0.67639
0.92706
1.1394
0.91769
0.88233
0.54934
0.79551
1.2126
0.76048
0.71227
0.78979
0.49479
0.95773
0.89453
0.94121
0.94706
0.93318
1.2085
0.90264
0.71934
1.1701
1.1143
0.9387
1.0385
0.81348
1.0103
1.1408
0.7164
0.67569
0.87962
0.73409
1.2274
0.9742
1.0351
1.0771
1.0586
1.278
0.91405
0.69265
0.74716
0.91529
0.79822
0.85805
1.0456
1.1801
0.69888
1.0089
0.93174
0.9772
0.73745
1.0262
0.96224
0.95477
1.0078
0.85207
0.95415
0.94108
0.74965
0.95228
0.89272
0.62933
1.0919
0.86172
1.0465
0.95435
0.87406
0.76485
0.44088
0.93516
0.52553
0.71051
0.92166
0.79705
0.93115
0.86813
1.0898
0.84122
0.82056
0.60732
1.06
0.84229
0.70403
1.0289
1.0957
1.1061
0.74216
0.96082
0.84589
0.69201
0.73297
1.2831
0.99977
0.7082
0.60606
0.77048
1.1055
1.1236
0.86728
1.0614
1.0599
0.77631
0.52474
0.92229
0.45103
0.93469
0.83263
0.95142
1.1814
1.0672
0.95444
1.1613
1.0402
0.98562
0.89052
1.0153
0.67735
1.085
0.43341
0.99336
1.0572
1.0999
0.89351
0.99844
1.0999
0.87254
0.9474
0.98989
0.90356
1.0518
0.83757
0.86404
0.73048
1.01
1.1228
0.86847
0.53115
0.79466
0.86219
1.1527
1.2002
0.95222
1.0555
1.0067
0.93305
1.0855
0.74162
1.0517
1.1287
0.64617
0.85006
0.87971
0.49364
0.73391
0.81484
0.66629
0.84986
0.77909
1.097
0.84567
0.95961
1.1042
0.73603
0.88603
0.92365
0.97445
1.0138
0.92248
1.1965
0.96603
1.2415
1.0286
0.81117
1.101
0.93594
1.2597
1.1608
0.84273
0.97726
0.95539
1.0223
0.83142
0.71032
0.83475
0.84057
0.97881
0.93316
1.0778
0.71566
1.0432
0.68333
1.1627
0.8987
1.079
0.86817
1.0057
1.0163
0.76049
0.95361
0.74712
0.77776
0.96845
0.85185
1.001
0.8868
0.88832
1.1022
0.95974
1.2266
1.135
0.53433
1.2908
0.95761
0.86169
0.84416
0.83178
0.81543
0.73145
0.90172
0.77319
1.0688
0.8953
0.99685
0.80261
1.0375
0.93077
0.84934
1.0042
1.1103
0.89839
0.88656
0.71958
1.0518
1.0571
1.0792
0.89462
0.77941
0.84947
1.0007
0.97613
0.88426
0.8709
0.73648
0.90651
1.0251
0.51247
0.71582
1.0649
0.77124
1.0727
0.62028
0.943
0.68888
1.0197
0.95671
0.98856
0.69932
0.93699
0.96534
0.85899
0.70608
1.0035
1.0279
1.1167
0.89455
0.9846
0.62803
0.87088
0.9424
0.87822
1.0486
1.1007
1.0224
0.79544
0.70769
0.81133
0.98922
0.89959
0.70136
0.88487
0.94689
0.71694
0.88004
0.61891
1.0065
0.84562
0.80898
0.94868
1.0542
0.83141
0.81185
0.61088
1.1034
1.0083
0.96356
0.81572
0.96174
1.0258
0.9002
1.017
0.54362
0.74061
0.88499
0.85787
0.80929
0.95533
0.78189
0.82396
1.0436
0.98164
1.2714
0.94277
0.8903
1.0084
1.0859
1.2563
0.81788
1.1036
0.47978
0.93713
1.191
0.73723
0.74374
0.86928
0.6339
0.78481
1.0749
0.9356
0.88901
0.86511
1.0375
0.76895
1.2703
0.86226
0.92251
0.79771
0.7649
1.1833
0.62055
1.0252
0.78505
0.93505
0.68792
0.75024
0.65693
1.0857
0.77738
0.95632
0.99919
1.1034
1.0154
0.85387
1.038
0.76684
0.5397
0.84807
0.83069
1.1988
1.1083
0.97763
0.87224
0.98173
1.113
0.91003
1.0822
1.1191
0.94121
0.95462
0.80331
1.0359
0.87617
1.0941
0.82386
0.53975
0.66933
1.0717
0.78683
1.0061
1.1679
0.84872
0.79822
0.85531
0.76594
0.98118
0.84821
0.63464
0.94178
1.1926
0.93375
1.1015
0.749
0.94495
1.1483
0.91772
0.87284
0.58142
0.30268
0.94607
0.79103
0.56074
0.62243
1.0004
0.75799
0.86087
0.94163
0.65064
0.82175
0.94837
0.84179
1.1343
0.91517
0.76099
0.6168
0.96646
0.62489
1.0296
0.76782
0.88663
0.89885
1.057
0.88062
0.923
1.0841
1.0445
0.85119
1.0531
1.1154
0.65335
1.0431
0.50751
1.0312
0.98411
1.0025
1.0986
0.95867
0.71524
0.66145
0.91664
1.0009
0.52102
0.66687
0.80689
0.70141
1.1174
1.0397
0.91161
0.99539
