0.83105
0.57841
0.52458
0.79048
0.56097
0.70557
0.77807
0.76607
0.79644
0.86189
0.75621
0.6223
0.62139
0.70992
0.69235
0.87577
0.64731
0.72552
0.26011
0.57496
0.79626
0.72067
0.90405
0.62687
0.68687
0.45389
0.91873
0.91273
0.52948
0.79582
0.8929
0.5778
0.91652
0.43078
0.6
0.76691
0.67157
0.95285
0.79004
0.71826
0.81199
0.71224
0.59703
0.57131
0.7349
0.60488
0.81942
0.42104
0.36424
0.77609
0.8539
0.94213
0.70044
0.70054
0.83399
0.70558
0.494
0.90177
0.92417
0.56797
0.7065
0.86119
0.72909
0.55546
0.75336
0.7089
0.75586
0.84136
0.76862
0.91101
0.71492
0.80211
0.71879
0.85634
0.22418
0.93065
0.81222
0.6407
0.78718
0.64408
0.9694
0.57374
0.67041
0.75077
0.5721
0.82486
0.81446
0.77114
0.89795
0.73258
0.5503
0.56306
0.33948
0.74059
0.74468
0.68987
0.61856
0.74087
0.37664
0.86116
0.70539
0.78938
0.64599
0.64346
0.57546
0.49011
0.63721
0.80376
0.9034
0.69257
0.82922
0.50914
0.64477
0.81711
0.52172
0.70701
0.91153
0.64209
0.68338
0.58904
0.38621
0.73093
0.83894
0.81971
0.87011
0.70066
0.30334
0.60244
0.676
0.87317
0.64225
0.55367
0.64425
0.75099
0.65098
0.71997
0.60829
0.59756
0.77132
0.65239
0.74542
0.72995
0.79625
0.93113
0.82821
0.87006
0.47878
0.50856
0.72955
0.70823
0.58345
0.66669
0.67366
0.66571
0.84201
0.68387
0.9431
0.69928
0.6812
0.93796
0.86716
0.80949
0.57547
0.65365
0.47439
0.66902
0.42527
0.55338
0.86064
0.80873
0.55998
0.66447
0.58387
0.82886
0.65496
0.82364
0.65154
0.54339
0.71917
0.77478
0.84712
0.78613
0.67933
0.59554
0.78119
0.53234
0.73093
0.81793
0.59633
0.62683
0.73781
0.74312
0.63475
0.5059
0.66886
0.64095
0.704
0.71944
0.50645
0.69975
0.52948
0.59535
0.79404
0.42962
0.72667
0.63524
0.59562
0.67996
0.40475
0.80196
0.55404
0.73621
0.69512
0.72085
0.58943
0.77034
0.80848
0.74411
0.75507
0.7279
0.6141
0.84725
0.77214
0.52102
0.68867
0.52158
0.87335
0.53302
0.56029
0.68273
0.5473
0.53367
0.66928
0.59828
0.7623
0.65262
0.52831
0.40677
0.77098
0.72581
0.68146
0.83289
0.51936
0.45581
0.95433
0.53397
0.67241
0.78656
0.60974
0.66875
0.66193
0.82582
0.46649
0.6624
0.74549
0.83632
0.86842
0.89283
0.77096
0.93154
0.72359
0.51208
0.67495
0.70381
0.89708
0.71393
0.79151
0.73813
0.73333
0.83848
0.79142
0.77807
0.47394
0.72835
0.44456
0.71997
0.76563
0.16015
0.77122
0.5576
0.5346
0.76769
0.67784
0.43853
0.60881
0.69713
0.84837
0.77764
0.84495
0.60694
0.72439
0.76008
0.77529
0.51889
0.48454
0.64108
0.85229
0.5688
0.6012
0.80295
0.7808
0.67182
0.41916
0.86363
0.95347
0.76485
0.91508
0.66687
0.63902
0.51801
0.86269
0.85333
0.87901
0.46662
0.70287
0.56754
0.67726
0.92765
0.82152
0.42102
0.71048
0.67961
0.39816
0.8188
0.81982
0.44247
0.56388
0.86619
0.85135
0.65061
0.59558
0.67664
0.66767
0.32144
0.52206
0.78209
0.609
0.86284
0.74311
0.8809
0.67347
0.53482
0.76245
0.76447
0.67772
0.56669
0.77428
0.3566
0.90448
0.60481
0.82273
0.64064
0.52825
0.7173
0.62007
0.63434
0.53086
0.58963
0.75732
0.72941
0.67246
0.72517
0.41643
0.48667
0.65988
0.67653
0.90138
0.65173
0.64838
0.5676
0.79985
0.61307
0.65387
0.76498
0.56607
0.42227
0.83445
0.93318
0.80853
0.82786
0.74998
0.93553
0.44975
0.72695
0.47531
0.42616
0.61617
0.51912
0.52853
0.64386
0.68859
0.95616
0.66707
0.82002
0.88424
0.67473
0.44521
0.68774
0.74537
0.69565
0.51516
0.72495
0.9911
0.75235
0.74715
0.76757
0.54634
0.92091
0.874
0.70816
0.61543
0.81766
0.88055
0.5754
0.70247
0.81675
0.55218
0.2226
0.69322
0.71737
0.79186
0.79062
0.5333
0.61242
0.54991
0.67601
0.82088
0.54857
0.49509
0.70213
0.72767
0.83009
0.89288
0.83203
0.60561
0.61053
0.78299
0.54148
0.57067
0.67338
0.51209
0.69566
0.94923
0.65678
0.71582
0.58991
0.63582
0.44787
0.90756
0.76443
0.60462
0.82819
0.769
0.7589
0.92884
0.63045
0.75555
0.65129
0.73491
0.5852
0.90873
0.83536
0.66091
0.68769
0.82871
0.95005
0.80987
0.69752
0.69682
0.84074
0.6826
0.85724
0.56398
0.64989
0.37593
0.65463
0.43141
0.81014
0.83784
0.66176
0.6381
0.8139
0.79577
0.55533
0.73617
0.73692
0.75305
0.3994
0.81624
0.72666
0.79381
0.7887
0.4213
0.62014
0.5502
0.60335
0.75213
0.99296
0.89761
0.60803
0.67037
0.94103
0.50773
0.68993
0.58944
0.57458
0.65385
0.84851
0.5839
0.52526
0.6618
0.78518
0.74199
0.71847
0.31254
0.47679
0.56785
0.96648
0.83473
0.87793
0.4951
0.78543
0.62319
0.78899
0.75291
0.88076
0.79594
0.7528
0.71951
0.75693
0.70225
0.9284
0.70985
0.78088
0.54472
0.72665
0.57398
0.71161
0.50852
0.84274
0.91042
0.83134
0.53558
0.75304
0.71637
0.88966
0.41156
0.65067
0.85068
0.68577
0.75223
0.55567
0.66847
0.74635
0.68177
0.48997
0.84261
0.48965
0.80711
0.67362
0.52981
0.55286
0.558
0.56243
0.63747
0.75026
0.63606
0.76459
0.75858
0.60278
0.74726
0.58366
0.47283
0.60825
0.60812
0.76295
0.76625
0.71729
0.75741
0.7069
0.88357
0.5596
0.83281
0.7102
0.33702
0.70077
0.79835
0.87672
0.63831
0.69817
0.61952
0.62698
0.7121
0.42848
0.47149
0.81086
0.66327
0.7882
0.70972
0.81321
0.90415
0.7769
0.51534
0.63748
0.69578
0.73438
0.84694
0.76329
0.83818
0.38319
0.75402
0.61981
0.78097
0.66126
0.81709
0.84638
0.45967
0.75047
0.89924
0.78318
0.65205
0.69707
0.75446
0.42074
0.68517
0.75752
0.44142
0.59863
0.61628
0.87186
0.49607
0.34168
0.76342
0.79878
0.81418
0.82156
0.51635
0.87284
0.5964
0.73766
0.84161
0.62322
0.57013
0.87926
0.58062
0.91074
0.76851
0.719
0.69004
0.80907
0.73189
0.96155
0.80474
0.94967
0.53424
0.79804
0.66509
0.81869
0.82266
0.71629
0.54021
0.64367
0.63419
0.6827
0.49907
0.68555
0.63554
0.52016
0.74934
0.77419
0.70681
0.40278
0.81006
0.40201
0.80393
0.74429
0.54048
0.65985
0.66209
0.80286
0.6917
0.71174
0.68599
0.38931
0.85016
0.883
0.90943
0.77352
0.64029
0.89399
0.7736
0.48421
0.66787
0.6532
0.76149
0.65842
0.28877
0.60793
0.61487
0.80315
0.74129
0.56801
0.78741
0.79279
0.72213
0.507
0.6674
0.75553
0.76936
0.90342
0.5951
0.79152
0.42309
0.58636
0.84593
0.72239
0.72336
0.60387
0.81713
0.6519
0.64159
0.76304
0.79166
0.39731
0.50899
0.56275
0.80307
0.70447
0.62624
0.75337
0.83914
0.63905
0.45912
0.37457
0.76134
0.56801
0.46601
0.74548
0.76152
0.62812
0.6066
0.77463
0.842
0.71791
0.62491
0.58953
0.70141
0.78286
0.5107
0.81863
0.86434
0.76004
0.81271
0.30129
0.579
0.64443
0.68926
0.52984
0.8561
0.6276
0.8392
0.84181
0.73659
0.60187
0.65734
0.83829
0.48188
0.9011
0.80332
0.63523
0.53521
0.59799
0.57319
0.54317
0.58899
0.71455
0.43084
0.77477
0.33466
0.62935
0.84919
0.77029
0.6521
0.80451
0.87895
0.78971
0.58762
0.70916
0.72828
0.74796
0.73077
0.82272
0.79114
0.79852
0.8846
0.82051
0.36265
0.70661
0.79827
0.78065
0.77726
0.66947
0.70122
0.89666
0.83628
0.6795
0.65862
0.83732
0.50837
0.80925
0.5156
0.60521
0.71063
0.62104
0.64737
0.4774
0.89676
0.37241
0.61295
0.66611
0.84709
0.70194
0.60661
0.67852
0.92002
0.6085
0.63827
0.71002
0.75473
0.63123
0.96652
0.67095
0.67387
0.7484
0.56465
0.96051
0.58585
0.56746
0.73717
0.8493
0.60891
0.62318
0.61402
0.5935
0.74233
0.74969
0.7587
0.60006
0.72063
1.0267
0.84139
0.67063
0.71544
0.36827
0.66331
0.78128
0.60288
0.84701
0.99213
0.51811
0.58193
0.93022
0.77329
0.87536
0.61378
0.54538
0.50217
0.8944
0.59901
0.81142
0.76351
0.77364
0.81369
0.85787
0.68284
0.74913
0.49554
1.0554
0.90876
0.63481
0.80623
0.80394
0.83866
0.89632
0.89063
0.60828
0.5883
0.79748
0.85989
0.74971
0.85998
0.62231
0.81951
0.5699
0.72804
0.5037
0.77873
0.78685
0.95791
0.65215
0.80373
0.76045
0.89136
0.75429
0.52942
0.63589
0.63963
0.61699
0.5221
0.64177
0.73134
0.66078
0.58648
0.81282
0.66703
0.67341
0.73347
0.62482
0.41009
0.42561
0.788
0.60082
0.61267
0.68651
0.64944
0.75898
0.5721
0.59297
0.74664
0.64129
0.78963
0.70827
0.73548
0.60683
0.5771
0.52107
0.65601
0.63194
0.69188
0.62825
0.72127
0.38714
0.84273
0.6761
0.66749
0.74377
0.73153
0.62538
0.82562
0.57729
0.46325
0.71637
0.68158
0.89655
0.91288
0.73753
0.72815
0.7609
0.78696
0.8003
0.8481
0.68029
0.79907
0.79289
0.83708
0.56268
0.77796
0.69361
0.66335
0.55937
0.91033
0.59871
0.81451
0.69887
0.75632
0.74913
0.76788
0.6934
0.72835
0.84389
0.51086
0.90481
0.73605
0.7573
0.87528
0.77081
0.67477
0.89168
0.84927
0.90005
0.50822
0.62038
0.4512
0.60651
0.7013
0.86112
0.80888
0.69526
0.60696
0.61229
0.66711
0.77717
0.55594
0.65031
0.63506
0.54579
0.96536
0.74519
0.43969
0.75803
0.89185
0.82082
0.85019
0.57149
0.55737
0.72328
0.68268
0.66336
0.86161
0.82858
0.55584
0.68883
0.60928
0.39487
0.56752
0.96282
0.69375
0.61431
0.58178
0.70401
0.68304
0.51115
0.93401
0.70163
0.64056
0.68861
0.68904
0.78857
0.68957
0.67019
0.71433
0.62346
0.63685
0.45665
0.75178
0.80128
0.68521
0.79351
0.81398
0.61721
0.62178
0.63773
0.89576
0.61681
0.81339
0.65654
0.68073
0.84827
0.82188
0.39521
0.95711
0.73001
0.67415
0.5446
0.90427
0.61708
0.63801
0.91946
0.54545
0.57387
0.62885
0.64308
0.77764
0.7088
0.90279
0.79932
0.83751
0.83494
0.90918
0.65941
0.76867
0.62287
0.72189
0.73811
0.63245
0.49888
0.52335
0.61746
0.57584
0.75806
0.58269
0.21855
0.43634
0.69033
0.56719
0.66588
0.74682
0.67439
0.79511
0.59745
0.73784
0.66585
0.55224
0.91021
0.90414
0.98473
0.84147
0.56546
0.45296
0.67337
0.53766
0.83487
0.76582
0.62238
0.68577
0.65774
0.86149
0.54917
0.70881
0.71458
0.67237
0.45298
0.60731
0.618
0.74116
0.60789
0.72163
0.63666
0.66621
0.78602
0.6061
0.57171
0.78514
0.74354
0.65852
0.71955
0.60886
0.69615
0.68625
0.59184
0.78189
0.85175
0.38555
0.78221
0.6568
0.74569
0.90233
0.51085
0.47125
0.84694
0.63492
0.7614
0.71595
0.8505
0.73102
0.93845
0.59515
0.73111
0.84155
0.79339
0.62347
0.7558
0.7
0.91294
0.46204
0.64643
0.40672
0.8449
0.68119
0.80469
0.75841
0.60706
0.66015
0.81437
0.5073
0.79045
0.5975
0.47851
0.60534
0.85409
0.81638
0.71409
0.7545
0.6391
0.7416
0.736
0.70639
0.85351
0.65705
0.55501
0.47168
0.83013
0.74814
0.67641
0.78222
0.63183
0.85953
0.73443
0.37999
0.32051
0.52844
0.79011
0.60596
0.74268
0.80028
0.67716
0.66281
0.84419
0.73563
0.7385
0.39022
0.78996
0.46876
0.69976
0.84709
0.4715
0.82339
0.80063
0.49427
0.54851
0.8461
0.53465
0.74138
0.67809
0.58523
0.7988
0.6002
0.61045
0.69797
0.82091
0.92486
0.57904
0.75234
0.66218
0.8434
0.89841
0.73012
0.92027
0.79386
0.58289
0.88342
0.64702
0.72751
0.59585
0.53128
0.59916
0.6602
0.82124
0.55595
0.74762
0.75428
0.61952
0.58889
0.60978
0.67733
0.74303
0.7421
0.74831
0.65716
0.87881
0.84815
0.53474
0.77468
0.59835
0.63715
0.86076
0.83796
0.76149
0.64017
0.86081
0.4864
0.88547
0.75605
0.45888
0.78961
0.58329
0.52481
0.65693
0.63546
0.72658
0.70673
0.76815
0.79104
0.45197
0.77863
0.59589
0.84977
0.5563
0.61691
0.58557
0.90625
0.71604
0.72303
0.80926
0.95547
0.73649
0.69558
0.74539
0.77045
0.48847
0.48828
0.78252
0.96921
0.75523
0.74694
0.80033
0.55835
0.5569
0.68917
0.49344
0.84917
0.68313
0.63778
0.8036
0.80623
0.79096
0.69828
0.74746
0.49431
0.59486
0.64055
0.95015
0.72927
0.7037
0.75353
0.42926
0.74218
0.52206
0.77549
0.7871
0.7679
0.8219
0.82027
0.76167
0.64081
0.56061
0.72322
0.60524
0.79203
0.52042
0.81357
0.54178
0.78554
0.54873
0.492
0.57475
0.72481
0.7922
0.6434
0.67743
0.91155
0.83422
0.60299
0.86096
0.66012
0.5218
0.90028
0.84904
0.65172
0.90374
0.80183
0.78332
0.71191
0.63664
0.86926
0.64671
0.44344
0.65977
0.81711
0.54764
0.66369
0.81804
0.7019
0.66523
0.79597
0.68792
0.38005
0.50298
0.71042
0.77254
0.68035
0.48275
0.48175
0.76436
0.65334
0.73122
0.82526
0.40185
0.77398
0.92176
0.60667
0.79773
0.44937
0.71739
0.45624
0.87953
0.97144
0.4364
0.78597
0.7653
0.835
0.64587
0.64828
0.58062
0.61334
0.70207
0.58936
0.46356
0.67744
0.70707
0.80019
0.72227
0.5431
0.76093
0.58643
0.66785
0.71418
0.86306
0.50843
0.72922
0.92869
0.83946
0.70478
0.61845
0.702
0.80178
0.79422
0.55443
0.8157
0.63477
0.58356
0.64668
0.70274
0.5556
0.89001
0.62828
0.7097
0.89075
0.70361
0.50018
0.61573
0.67856
0.82625
0.63446
0.85163
0.97715
0.93845
0.80217
0.67437
0.44062
0.96431
0.72739
0.56626
0.42011
0.87621
0.84442
0.64786
0.7348
0.80386
0.5093
0.57671
0.77927
0.95889
0.72303
0.48554
0.75135
0.59904
0.78222
0.6975
0.57377
0.91088
0.64283
0.55909
0.76624
0.39296
0.72486
0.75411
0.73079
0.6579
0.81709
0.40747
0.62255
0.69547
0.40241
0.61275
0.6048
0.81094
0.53814
0.7685
0.32078
0.70625
0.56364
0.63286
0.44684
0.5702
0.63829
0.58539
0.4647
0.72453
0.65277
0.48518
0.5775
0.77092
0.84442
0.43707
0.63305
0.80672
0.7633
0.5803
0.77079
0.43797
0.73275
0.86664
0.85073
0.73414
0.53827
0.79117
0.50506
0.68142
0.6433
0.40358
0.52838
0.76619
0.62037
0.87559
0.76994
0.74589
0.50463
0.84472
0.87484
0.72272
0.5746
0.79281
0.66424
0.66937
0.8105
0.58568
0.71398
0.44401
0.70437
0.64703
0.85577
0.7609
0.74597
0.77157
0.68148
0.70658
0.64714
0.46754
0.84865
0.87713
0.45166
0.75819
0.81762
0.82302
0.44169
0.37285
0.78524
0.73933
0.85219
0.67359
0.80062
0.67393
0.70515
0.76086
0.64826
0.68859
0.76441
0.6459
0.78177
0.45053
0.65412
0.69318
0.51177
0.50735
0.44375
0.73741
0.61232
0.58593
0.82073
0.65023
0.79872
0.73293
0.92134
0.8552
0.99975
0.79157
0.58542
0.99712
0.63996
0.56354
0.93191
0.79738
0.759
0.65691
0.5464
0.89343
0.68247
0.69614
0.51621
0.82273
0.6771
0.6373
0.76194
0.50265
0.52176
0.67094
0.69802
0.34524
0.66208
0.91631
0.78408
0.8797
0.86303
0.71471
0.50404
0.70915
0.44045
0.7729
0.75565
0.82145
0.85702
0.5948
0.86423
0.69482
0.83138
0.89528
0.7994
0.70387
0.67118
0.65923
0.78243
0.5732
0.64122
0.5011
0.7637
0.50333
0.67613
0.56424
0.88098
0.73347
0.93702
0.79633
0.6974
0.70459
0.76017
0.57333
0.76786
0.51568
0.78662
0.77499
0.69343
0.72624
0.3032
0.74068
0.94373
0.77487
0.96539
0.90205
0.51406
1.0351
0.5634
0.77019
0.67367
0.55429
0.77835
0.65373
0.85299
0.56629
0.67763
0.47489
0.8362
0.91659
0.75464
0.70373
0.58116
0.63736
0.69264
0.53017
0.61172
0.69166
0.58396
0.92185
0.84183
0.44703
0.70815
0.8383
0.71578
0.67892
0.7403
0.8676
0.71426
0.33586
0.79647
0.6859
0.8494
0.52123
0.67068
0.67008
0.55337
0.75009
0.74561
0.68812
0.89736
0.45028
0.47582
0.66927
0.38875
1.0371
0.47959
0.93248
0.48687
0.68674
0.61305
0.70793
0.79587
0.91668
0.9323
0.54874
0.63382
0.74394
0.851
0.4799
0.65682
0.65922
0.62753
0.60704
0.86918
0.94222
0.60723
0.6571
0.76297
0.58641
0.82916
0.73111
0.83054
0.60658
0.88373
0.67802
0.65181
0.51694
0.87035
0.79574
0.79728
0.49879
0.44709
0.54995
0.58494
0.90204
0.56115
0.59317
0.71635
0.43804
0.83728
0.55299
0.57138
0.63104
0.84953
0.7549
0.97602
0.41762
0.72502
0.68623
0.69255
0.67426
0.77974
0.6399
0.69208
0.69563
0.72292
0.81519
0.69186
0.64511
0.66132
0.80431
0.9413
0.68021
0.72516
0.75926
0.58194
0.65971
0.68814
0.64436
0.75608
0.88419
0.67575
0.66554
0.75221
0.63221
0.75078
0.77957
0.52345
0.61407
0.55577
0.64321
0.57437
0.85761
0.53694
0.65555
0.85589
0.81491
0.79633
0.77298
0.85183
0.75132
0.72675
0.94768
0.57406
0.81375
0.77448
0.77208
0.70168
0.49727
0.62945
0.47733
0.52645
0.75381
0.76287
0.61003
0.83673
0.71582
0.69574
0.61608
0.84757
0.43144
0.87881
0.56992
0.63488
0.60883
0.59695
0.59134
0.72995
0.67088
0.72756
0.69241
0.55906
0.90785
0.6641
0.51703
0.73078
0.82053
0.67835
0.68308
0.58671
0.6226
0.47322
0.99247
0.65222
0.67864
0.58714
0.59695
0.44822
0.69231
0.61421
0.76609
0.7115
0.52758
0.6989
0.48636
0.53574
0.5345
0.83421
0.66995
0.46696
0.65581
0.73508
0.73526
0.60453
0.8358
0.76956
0.87228
0.62486
0.67268
0.64954
0.5864
0.75035
0.61635
0.52946
0.78129
0.59192
0.8842
0.54492
0.82994
0.7953
0.46758
0.49658
0.87293
0.7026
0.65647
0.68025
0.68944
0.6844
0.82748
0.853
0.68596
0.8824
0.68552
0.68556
0.64108
0.61286
0.80631
0.63825
0.64737
0.69216
0.79597
0.60908
0.44058
0.77583
0.79383
0.84596
0.75744
0.81063
0.64804
0.65313
0.82777
0.44031
0.67497
0.73605
0.58307
0.77346
0.52824
0.75199
0.81774
0.8402
0.63505
0.73462
0.50379
0.72847
0.59954
0.75014
0.7083
0.67946
0.57576
0.98456
0.8031
0.75881
0.56392
0.6342
0.5287
0.74059
0.51356
0.77395
0.78278
0.4495
0.57344
0.89446
0.64886
0.91996
0.72657
0.88046
0.79777
0.8379
0.78361
0.47893
0.70793
0.52151
0.8773
0.88543
0.64723
0.7583
0.64307
0.86258
0.78914
0.66055
0.78087
0.67818
0.60473
0.64289
0.69793
0.70476
0.66611
0.48386
0.74567
0.79892
0.85371
0.49581
0.91919
0.72198
0.68276
0.5704
0.51082
0.78869
0.72434
0.67252
0.61163
0.63828
0.73056
0.61323
0.80627
0.82917
0.48694
0.58566
0.66264
0.5216
0.71425
0.78974
0.70036
0.88983
0.78019
0.60746
0.62892
0.52452
0.56084
0.76949
0.536
0.50334
0.90284
0.7846
0.75124
0.75162
0.66956
0.73016
0.74176
0.71957
0.6995
0.48917
0.64781
0.69417
0.70833
0.71772
0.81843
0.93504
0.66647
0.79868
0.81179
0.54658
0.60535
0.67677
0.56608
0.5194
0.52556
0.67596
0.66119
0.67655
0.80163
0.68662
0.49083
0.80078
0.85789
0.88546
0.62437
0.75738
0.55012
0.82978
0.76443
0.75061
0.58769
0.43108
0.69114
0.57885
0.74141
0.59954
0.61595
0.43684
0.54156
0.82029
0.67933
0.64175
0.53275
0.88733
0.73289
0.75537
0.59097
1.0047
0.5347
0.82182
0.79502
0.7639
0.73615
0.78758
0.74439
0.77832
0.64415
0.67947
0.66668
0.56667
0.70333
0.99401
0.7924
0.49124
0.58716
0.90481
0.53067
0.58888
0.73061
0.64147
0.78499
0.52864
0.41061
0.63065
0.81205
0.66778
0.8525
0.56589
0.64839
0.84378
0.62195
0.57874
0.74144
0.76233
0.52907
0.47933
0.75125
0.57727
0.80419
0.86673
0.38652
0.57997
0.856
0.88327
0.93938
0.55562
0.49725
0.73084
0.64852
0.77813
0.45582
0.32142
0.87893
0.84315
0.66098
0.51734
0.74339
0.8427
0.70966
0.71613
0.65947
0.82073
0.69977
0.89653
0.64873
0.7036
0.64649
0.73733
0.76341
0.73484
0.86723
0.79639
0.43299
0.72796
0.86925
0.60497
0.78824
0.76618
0.44343
0.78205
0.62462
0.60446
0.59763
0.38856
0.59082
0.56186
0.81161
0.81731
0.71352
0.93749
0.87382
0.77847
0.80057
0.69942
0.73223
0.76912
0.71945
0.27813
0.51198
0.71435
0.84364
0.83913
0.53728
0.78427
0.65974
0.50388
0.69351
0.61121
0.66337
0.87853
0.76313
0.85567
0.80384
0.75754
0.7532
0.7804
0.68118
0.63671
0.70613
0.9518
0.68906
0.5424
0.7685
0.85663
0.74936
0.9235
0.56902
0.77256
0.75613
0.82023
0.78614
0.6363
0.67882
0.46472
0.75207
0.76032
0.69336
0.88988
0.69496
0.47239
0.41032
0.57687
0.73166
0.45496
0.88296
0.89636
0.79149
0.77494
0.85096
0.68382
0.73236
0.6574
0.63029
0.51198
0.76724
0.89109
0.75192
0.58654
0.69587
0.80039
0.6317
0.6853
0.75638
0.84528
0.59894
0.69586
0.48215
0.49028
0.59432
0.84235
0.5682
0.88015
0.48479
0.68118
0.7541
0.79275
0.67007
0.74996
0.76642
0.71726
0.81516
0.80965
0.62267
0.66134
0.65231
0.47979
0.63134
0.71646
0.32653
0.90627
0.71962
0.75671
0.52149
0.84903
0.57044
0.70982
0.88094
0.5263
0.5369
0.51535
0.66353
0.57425
0.37498
0.6082
0.74072
0.60564
0.40081
0.76782
0.46031
0.43904
0.55382
0.63717
0.77446
0.7016
0.45933
0.44753
0.64223
0.76116
0.7328
0.60453
0.61458
0.64559
0.80582
0.65588
0.54036
0.82495
0.64511
0.77031
0.8153
0.95176
0.67594
0.59917
0.6396
0.77875
0.78103
0.43823
0.93743
0.46095
0.79312
0.54407
0.84237
0.85387
0.72893
0.6153
0.62219
0.85945
0.85649
0.59201
0.73086
0.70268
0.48356
0.45964
0.55521
0.59132
0.72267
0.61427
0.751
0.68881
0.57309
0.62898
0.67071
0.97511
0.92626
0.67459
0.6793
0.74513
0.63595
0.83016
0.30096
0.92602
0.82468
0.8528
0.75463
0.9334
0.66917
0.66236
0.4853
0.87178
0.81519
0.84862
0.49897
0.73943
0.73153
0.63676
0.72849
0.59638
0.8515
1.0009
0.76341
0.67601
0.78714
0.75031
0.72917
0.83132
0.93127
0.75124
0.56045
0.54588
0.50577
0.72057
0.83981
0.74341
0.85924
0.84589
0.40666
0.87993
0.88879
0.5939
0.41037
0.60058
0.85662
0.70758
0.84581
0.75038
0.67901
0.69742
0.81651
0.76082
0.90188
0.88948
0.67324
0.67347
0.78322
0.79937
0.5614
0.48091
0.63636
0.82105
0.93645
0.67048
0.86971
0.76898
0.60149
0.95335
0.65924
0.51464
0.55666
0.61006
0.70482
0.79378
0.88457
0.56226
0.42975
0.73659
0.60464
0.90205
0.60148
0.76851
0.56213
0.34023
0.75776
0.81038
0.80751
0.67145
0.93233
0.47055
0.63057
0.72888
0.54679
0.69353
0.5785
0.67404
0.45362
0.7166
0.69639
0.90979
0.76649
0.79174
0.48822
0.76124
0.58204
0.67485
0.72473
0.79728
0.87272
0.85448
0.51557
0.98621
0.73451
0.86965
0.612
0.52382
0.57339
0.45369
0.46449
0.89612
0.58742
0.61093
0.81745
0.73428
0.74411
0.79006
0.78483
0.83696
0.8624
0.7169
0.60047
0.52292
0.88751
0.77866
0.53218
0.62224
0.43748
0.85775
0.43578
0.91313
0.68157
0.62825
0.66885
0.33557
0.87407
0.7694
0.81189
0.84771
0.62997
0.82844
0.93887
0.89785
0.3704
0.70279
0.72891
0.72285
0.7172
0.85303
0.73162
0.67347
0.77036
0.8466
0.79643
0.69564
0.6289
0.54687
0.81541
0.7633
0.72728
0.87273
0.36236
0.6511
0.39964
0.41171
0.71176
0.815
0.54782
0.66689
0.88366
0.94478
0.60469
0.83721
0.34018
0.86786
0.71436
0.62254
0.63925
0.79219
0.73997
0.7177
0.36871
0.5042
0.44474
0.95358
0.85439
0.65258
0.81538
0.87808
0.57416
0.74097
0.73922
0.63884
0.37662
0.79678
0.63137
0.6748
0.85482
0.56426
0.59177
0.76229
0.63932
0.68234
0.87934
0.73375
0.6124
0.69341
0.36296
0.53951
0.75788
0.68008
0.60861
0.65386
0.7759
0.87808
0.6703
0.80038
0.86688
0.85915
0.69226
0.73112
0.62537
0.7216
0.5928
0.70141
0.61204
0.76585
0.76637
0.83876
0.63525
0.68819
0.68267
0.53667
0.82224
0.68589
0.62361
0.69391
0.7348
0.86945
0.5928
0.6643
0.64897
0.97115
0.64691
0.71764
0.74007
0.90526
0.66239
0.70362
0.90366
0.80699
0.77804
0.88986
0.68119
0.61412
0.90331
0.51171
0.65683
0.52927
0.64462
0.65881
0.8343
0.56148
0.71129
0.67181
0.62118
0.55288
0.62739
0.89511
0.44882
0.41044
0.87315
0.82411
0.76221
0.80552
0.85182
0.71849
0.28871
0.61925
0.75192
0.76668
0.73636
0.70081
0.70007
0.78812
0.55143
0.6117
0.77085
0.83374
0.79459
0.84518
0.74765
0.67531
0.713
0.5876
0.90257
0.67897
0.66808
0.72643
0.76596
0.75969
0.84525
0.8118
0.72946
0.66698
0.79514
0.81034
0.64964
0.70984
0.93423
0.65195
0.81861
0.73489
0.88512
0.71943
0.74695
0.46856
0.77083
0.78316
0.49223
0.73244
0.71526
0.60389
0.68919
0.39422
0.95834
0.78416
0.56149
0.71505
0.60404
0.80882
0.54949
0.93761
0.54153
0.55336
0.7015
0.83918
0.61279
0.66831
0.79625
0.79068
0.67524
0.85354
0.48527
0.33406
0.80602
0.78419
0.63847
0.75563
0.46873
0.35708
0.6967
0.41617
0.53726
0.72259
0.92108
0.86292
0.78717
0.63725
0.76385
0.8097
0.67666
0.83877
0.85299
0.74006
0.68978
0.55396
0.73533
0.64299
0.75519
0.6354
0.76524
0.74256
0.59593
0.90345
0.79099
0.51973
0.79146
0.68962
0.88799
0.67826
0.80616
0.5704
0.63457
0.5161
0.57837
0.70946
0.86562
0.61344
0.73125
0.4612
0.76196
0.686
0.50195
0.40971
0.84311
0.53331
0.64033
0.73733
0.70436
0.79161
0.82266
0.662
0.69665
0.3709
0.75122
0.35982
0.69908
0.58522
0.7918
0.70996
0.62457
0.67325
0.66539
0.71451
0.85833
0.52985
0.80075
0.51276
0.74569
0.49711
0.87986
0.83361
0.48012
0.72133
0.56821
0.52271
0.50438
0.60727
0.49732
0.34043
0.59778
0.88723
0.78225
0.57078
0.69406
0.73675
0.93915
0.84794
0.76573
0.48057
0.74074
0.46277
0.81432
0.85983
0.56157
0.87071
0.73745
0.4541
0.5893
0.46914
0.87073
0.82598
0.61813
0.69883
0.51356
0.4372
0.95916
0.59778
0.50333
0.71219
0.66481
0.7758
0.89325
0.80905
0.59045
0.66202
0.47417
0.93951
0.62705
0.59228
0.96736
0.69918
0.64471
0.85698
0.55923
0.5567
0.6477
0.61388
0.49712
0.59278
1.0312
0.82374
0.67113
0.51071
0.87075
0.55466
0.64608
0.64008
0.83937
0.69487
0.55764
0.70767
0.8826
0.50007
0.49017
0.90957
0.7332
0.67829
0.58874
0.94611
0.57992
0.59271
0.67038
0.79802
0.80487
0.54661
0.74787
0.34171
0.53588
0.50897
0.6306
0.67899
0.45545
0.76296
0.51399
0.88792
0.68575
0.68907
0.47093
0.76244
0.7134
0.87795
0.67616
0.75988
0.58366
0.69683
0.53745
0.81642
0.70972
0.82555
0.56331
0.76968
0.74445
0.97053
0.54543
0.66258
0.56891
0.78266
0.53471
0.5909
0.80042
0.60248
0.61005
0.49124
0.32579
0.78427
0.6593
0.81432
0.44768
0.72973
0.27951
0.86363
0.49089
0.86018
0.72818
0.55297
0.72312
0.59464
0.79373
0.53964
0.86171
0.89125
0.86802
0.71753
0.78933
0.49532
0.76251
0.71193
0.66661
0.69066
0.68423
0.74323
0.60676
0.9888
0.71887
0.74958
0.83107
0.83121
0.95489
0.60663
0.70776
0.59871
0.83517
0.53174
0.55215
0.92067
0.75788
0.83789
0.67186
0.88013
0.56231
0.9157
0.84931
0.54548
0.87716
0.50881
0.70547
0.70284
0.72439
0.75408
0.86913
0.40102
0.58343
0.92332
0.74795
0.53008
0.8138
0.4172
0.54437
0.68008
0.65755
0.70387
0.82675
0.78976
0.62504
0.87057
0.4469
0.75716
0.70433
0.69322
0.81413
0.75961
0.52565
0.80055
0.88602
0.64405
0.83463
0.59531
0.82654
0.80531
0.72769
0.68849
0.82251
0.61664
0.66734
0.70412
0.47221
0.62064
0.51559
0.3275
0.96511
0.70919
0.59858
0.61178
0.96966
0.34613
0.93516
0.60521
0.8769
0.45968
0.74968
0.66421
0.53939
0.71577
0.65678
0.77277
0.43174
0.6416
0.64683
0.6531
0.63222
0.74551
0.66751
0.62466
0.55333
0.81801
0.64796
0.64392
0.82538
0.46502
0.81874
0.74295
0.9531
0.87118
0.66603
0.63272
0.65378
0.62326
0.6826
0.66477
0.79189
0.56133
0.81886
0.55109
0.67496
0.60995
0.51964
0.74789
0.64904
0.74431
0.67137
0.7552
0.71333
0.61386
0.74045
0.94893
0.82625
0.51246
0.7277
0.8107
0.73308
0.58651
0.7679
0.71902
0.65511
0.87884
0.75071
0.66865
0.52952
0.91166
0.75137
0.76207
0.5858
0.79107
0.773
0.68323
0.84204
0.81903
0.59357
0.78965
0.47996
0.67076
0.8644
0.62524
0.70809
0.86353
0.88202
0.86116
0.55979
0.59836
0.69311
0.69285
0.81888
0.92244
0.70819
0.50207
0.45401
0.38069
0.74242
0.43484
0.67669
0.62768
0.81878
0.94677
0.76562
0.6358
0.55989
0.77825
0.85903
0.63697
0.79214
0.55691
0.7854
0.62144
0.70689
0.6663
0.69793
0.88782
0.79782
0.80288
0.72531
0.54789
0.83834
0.58892
0.94115
0.74202
0.61663
0.73542
0.63229
0.5627
0.68712
0.67709
0.67915
0.72898
0.74346
0.69566
0.7546
0.77887
0.74977
0.91304
0.71968
0.69426
0.57771
0.83554
0.67216
0.95257
0.80604
0.86172
0.62198
0.59048
0.6508
0.60796
0.83395
0.83461
0.45931
0.80292
0.61667
0.70882
0.83838
0.70879
0.64902
0.62229
0.78133
0.58641
0.68082
0.91052
0.51183
0.76014
0.54026
0.69402
0.69052
0.40207
0.73774
0.58415
0.73868
0.65481
0.57439
0.77045
0.84402
0.75559
0.73431
0.90902
0.79625
0.64087
0.62289
0.52107
0.58247
0.61363
0.5192
0.67543
0.75925
0.79984
0.71375
0.92771
0.36647
0.79
0.82743
0.59926
0.7886
0.83288
0.59586
0.88124
0.62729
0.5367
0.51525
0.87889
0.82086
0.3779
0.67173
0.73594
0.72514
0.30295
0.89527
0.54176
0.59266
0.82833
0.64799
0.57022
0.74217
0.69675
0.77394
0.62678
0.83365
0.77281
0.50989
0.74644
0.55742
0.61539
0.63241
0.68574
0.46797
0.68795
0.92089
0.73579
0.48265
0.70707
0.66703
0.7336
0.68271
0.59885
0.62875
0.64925
0.82384
0.5487
0.67134
0.48089
0.82863
0.85775
0.67675
0.67377
0.72123
0.78436
0.45651
0.78083
0.82923
0.71918
0.75421
0.42014
0.95069
0.58803
0.61783
0.78549
0.58724
0.47972
0.66165
0.8461
0.70812
0.52241
0.69457
0.55895
0.51454
0.70068
0.43373
0.73146
0.63457
0.42097
0.68617
0.796
0.69881
0.8062
0.73957
0.64361
0.65561
0.77234
0.43378
0.75258
0.61832
0.75185
0.63875
0.78009
0.33831
0.79849
0.77054
0.83338
0.60174
0.63587
0.68412
0.67024
0.72671
0.90074
0.74507
0.75041
0.7991
0.6919
0.82031
0.61088
0.80564
0.84922
0.6318
0.7133
0.78053
0.678
0.6794
0.56636
0.78215
0.81019
0.77506
0.59117
0.65527
0.88235
0.83998
0.76297
0.49397
0.73802
0.59364
0.67508
0.90147
0.58615
0.79171
0.69563
0.87424
0.42008
0.76268
0.35208
0.60125
0.58012
0.55037
0.78151
0.68263
0.83703
0.63797
0.80534
0.70223
0.50605
0.73282
0.68794
0.69923
0.55869
0.86923
0.91865
0.54874
0.91069
0.62833
0.24932
0.75792
0.48603
0.62859
0.64756
0.57384
0.69554
0.5815
0.81084
0.64921
0.87672
1.0077
0.90456
0.81772
0.80776
0.68162
0.39693
0.50586
0.80147
0.64687
0.94945
0.80155
0.61599
0.774
0.82184
0.51449
0.37982
0.67596
0.83495
0.84365
0.8203
0.57715
0.63907
0.51356
0.58757
0.97741
0.66839
0.96143
0.61181
0.67564
0.80437
0.48423
0.77952
0.73344
0.70334
0.53463
0.79624
0.70552
0.71319
0.80688
0.70208
0.77701
0.34096
0.48601
0.67034
0.27736
0.51573
0.88987
0.77348
0.57986
0.48552
0.65004
0.81443
0.67573
0.71459
0.61732
0.82025
0.69208
0.74015
0.65625
0.88254
0.8253
0.65025
0.72954
0.46187
0.79021
0.69917
0.66592
0.88053
0.37399
0.71798
0.60084
0.54002
0.7448
0.86307
0.66302
0.83622
0.68987
0.47698
0.72882
0.76982
0.53104
0.96928
0.69907
0.79881
0.84094
0.74004
0.86221
0.68735
0.68477
0.65891
0.51603
0.69311
0.68255
0.93464
0.40522
0.77788
0.75721
0.62765
0.62412
0.69046
0.69037
0.97032
0.63514
0.76923
0.67389
0.65654
0.69536
0.93115
0.48127
0.77158
0.46874
0.73986
0.72559
0.57606
0.63212
0.64562
0.58699
0.59393
0.78756
0.74882
0.61374
0.59458
0.43961
0.72809
0.81778
0.9086
0.51987
0.60132
0.74936
0.64627
0.60726
0.70265
0.78277
0.58733
0.56707
0.54514
0.6957
0.80315
0.70589
0.73201
0.73642
0.66733
0.83818
0.58313
0.76096
0.69294
0.63622
0.70783
0.60014
0.74382
0.59692
0.70553
0.71743
0.34828
0.77313
0.385
0.84682
0.7648
0.65806
0.72608
0.71858
0.56225
0.91952
0.67766
0.63712
0.8489
0.69603
0.66459
0.66397
0.55326
0.67757
0.55291
0.47602
0.67082
0.47194
0.71828
0.5357
0.5471
0.56609
0.94093
0.80756
0.77471
0.83549
0.68668
0.67829
0.61855
0.86962
0.75063
0.76021
0.46635
0.65969
0.62676
0.89962
0.87045
0.69441
0.52232
0.53348
0.64416
0.77776
0.76952
0.61104
0.73306
0.75178
0.47138
0.65945
0.92952
1.013
0.58461
0.77012
0.677
0.62839
0.37311
0.65825
0.63772
0.65781
0.77515
0.97483
0.60682
0.67688
0.4744
0.76186
0.97181
0.78147
0.97697
0.81728
0.38438
0.59329
0.56115
0.86123
0.58775
0.59368
0.72502
0.80556
0.6944
0.59028
0.60277
0.81917
0.67401
0.75109
0.62828
0.65337
0.81223
0.59841
0.61724
0.49786
0.72367
0.6184
0.95357
0.78438
0.77707
0.71516
0.46478
0.60687
1.044
0.67195
0.69456
0.64873
0.79268
0.71562
0.63381
0.97043
0.68113
0.93492
0.61783
0.59939
0.65441
0.72948
0.66486
0.59669
0.91332
0.78801
0.69206
0.68963
0.84486
0.68204
0.80176
0.42486
0.55285
0.85514
0.83118
0.56953
0.45333
0.69852
0.85299
0.63337
0.72434
0.78022
0.76425
0.58743
0.71358
0.6244
0.63473
0.75234
0.81271
0.45864
0.72315
0.84635
0.4015
0.50835
0.58007
0.54838
0.66275
0.60069
0.28665
0.81138
0.63645
0.78254
0.76999
0.78273
0.64795
0.689
0.70837
0.90389
0.66015
0.61428
0.49866
0.66678
0.69337
0.71445
0.92409
0.7986
0.51282
0.92101
0.4902
0.78894
0.80876
0.61317
0.76026
0.567
0.4137
0.77051
0.91776
0.78906
0.5498
0.71599
0.75913
0.77117
0.72472
0.44368
0.38163
0.92873
0.67983
0.96906
0.4725
0.30808
0.54566
0.64739
0.86172
0.64692
0.74276
0.62606
0.82054
0.74544
0.51768
0.69163
0.72804
0.87362
0.58203
0.58555
0.62992
0.68252
0.81308
0.49414
0.81267
0.4743
0.42296
0.70437
0.83201
0.65103
0.75372
0.51512
0.65119
0.8707
0.56123
0.74693
0.81448
0.68866
0.64908
0.68739
0.82898
0.56294
0.7172
0.69757
0.66772
0.8175
0.73077
0.47992
0.63703
0.50386
0.89152
0.6161
0.85093
0.53154
0.29223
0.83428
0.59325
0.66883
0.68183
0.47149
0.66967
0.64704
0.4628
0.5314
0.73321
0.76203
0.64506
0.48915
0.55466
0.88118
0.80872
0.64758
0.73955
0.96211
0.76591
0.54558
0.60425
0.74713
0.85036
0.79917
0.72255
0.27211
0.69218
0.87595
0.63401
0.62579
0.36969
0.68681
0.94432
0.87172
0.82133
0.62374
0.82246
0.73922
0.59833
0.49943
0.69958
0.58183
0.32947
0.6726
0.86418
0.4282
0.67209
0.67401
0.81084
0.80423
0.5478
0.3525
0.66352
0.78498
0.67938
0.85523
0.67915
0.47133
0.88556
0.83387
0.68905
0.50265
0.77509
0.74629
0.71791
0.70617
0.57429
0.79209
0.64754
0.78833
0.76898
0.73441
0.41439
0.71716
0.77645
0.55082
0.77483
0.54736
0.66291
0.80749
0.84369
0.6778
0.56593
0.47965
0.81903
0.56558
0.55891
0.66246
0.80539
0.82603
0.81925
0.86753
0.26087
0.73497
0.63996
0.6943
0.6905
0.6886
0.86973
0.34605
0.78163
0.85813
0.45693
0.45042
0.66633
0.50978
0.72738
0.80109
0.5451
0.52138
0.53458
0.76936
0.79464
0.60905
0.56942
0.64034
0.70514
0.8443
0.6316
0.86843
0.61529
0.81983
0.74754
0.61441
0.75683
0.94057
0.68331
0.73661
0.4701
0.78211
0.81242
0.62783
0.57287
0.74186
0.88965
0.79221
0.64221
0.77348
0.69454
0.81492
0.69173
0.6659
0.91078
0.70869
0.51015
0.75577
0.53085
0.81812
0.58402
0.64669
0.74197
0.58385
0.62699
0.81852
0.71834
0.48094
0.62006
0.67084
0.63415
0.60502
0.78168
0.69235
0.8614
0.58564
0.59375
0.86202
0.62237
0.77288
0.88392
0.49761
0.53142
0.63679
0.48204
0.38406
0.83731
0.90199
0.73713
0.79471
0.72239
0.59373
0.92869
0.77711
0.65186
0.82792
0.72375
0.73098
0.53686
0.56616
0.81587
0.63429
0.60497
0.89367
0.75045
0.513
0.90029
0.7371
0.72737
0.59322
0.64933
0.83503
0.56537
0.90937
0.5979
0.89916
0.73072
0.38409
0.81627
0.4624
0.80412
0.41522
0.68883
0.59393
0.5202
0.79443
0.69714
0.7199
0.39976
0.83922
0.59948
0.64274
0.65321
0.96084
0.87532
0.5452
0.79405
0.70832
0.29715
0.83768
0.7198
0.74496
0.664
0.62609
0.72916
0.76843
0.55109
0.53639
0.57223
0.77092
0.86495
0.77056
0.86756
0.60825
0.66166
0.57113
0.63522
0.72591
0.72745
0.67501
0.75505
0.73047
0.65359
0.58642
0.89689
0.71119
0.61096
0.8044
0.60287
0.66523
0.78675
0.85706
0.59164
0.69906
0.89113
0.71326
0.95245
0.82097
0.91934
0.48423
0.74892
0.70147
0.52099
0.68877
0.74899
0.48656
0.76656
0.45722
0.95053
0.37516
0.69637
0.64394
0.71621
0.69939
0.92924
0.39271
0.73413
0.50912
0.71022
0.64975
0.89995
0.43523
0.77926
0.7908
0.37902
0.80515
0.70278
0.5366
0.49091
0.75091
0.75871
0.62679
0.8987
0.571
0.94637
0.58483
0.60475
0.81476
0.64652
0.56411
0.71552
0.90913
0.66899
0.72781
0.70004
0.66496
0.69007
0.72975
0.48459
0.63472
0.88632
0.85374
0.40108
0.77986
0.49546
0.73967
0.69187
0.59328
0.67442
0.78243
0.83657
0.79216
0.72343
0.8693
0.52069
0.86235
0.59147
0.89596
0.45498
0.64901
0.89604
0.64099
0.72552
0.77703
0.48752
0.71075
0.47387
0.58075
0.85709
0.8389
0.53673
0.91294
0.62031
0.8226
0.72498
0.34732
0.85549
0.57352
0.4653
0.43013
0.73559
0.82843
0.62805
0.80007
0.64174
0.43406
0.68233
0.7566
0.61619
0.82953
0.91636
0.68556
0.5528
0.65588
0.56533
0.85721
0.66133
0.72895
0.40737
0.73172
0.69217
0.46508
0.70727
0.59841
0.6767
0.94996
0.4266
0.87222
0.61432
0.65436
0.71011
0.5058
0.80111
0.55417
0.61376
0.53623
0.80366
0.50668
0.9414
0.52212
0.62949
0.46149
0.92934
0.45112
0.76365
0.71344
0.44717
0.59968
0.86556
0.68324
0.86587
0.8987
0.60479
0.56328
0.7955
0.49911
0.6693
0.66519
0.64337
0.94538
0.68018
0.75612
0.55447
0.66489
0.55329
0.73368
0.57905
0.88914
0.78593
0.92106
0.68185
0.80432
0.79097
0.53774
0.6469
0.74694
0.72595
0.63122
0.8255
0.72999
0.65042
0.78643
0.80868
0.68873
0.8736
0.49455
0.80115
0.70793
0.57118
0.71493
0.762
0.63763
0.72169
0.96699
0.86715
0.8388
0.7238
0.79106
0.52269
0.72263
0.46394
0.73204
0.66717
0.68246
0.87116
0.67992
0.64412
0.74413
0.58073
0.42547
0.51193
0.71376
0.5495
0.80399
0.6158
0.65436
0.7073
0.75196
0.76464
0.73182
0.6764
0.82591
0.6114
0.44891
0.62141
0.31549
0.63305
0.6438
0.57906
0.79069
0.78451
0.64835
0.49419
0.7517
0.5029
0.77486
0.90255
0.60253
0.87051
0.74443
0.80471
0.65323
0.32224
0.69144
0.519
0.39672
0.68491
0.6247
0.8144
0.80201
0.6909
0.9405
0.758
0.60673
0.91078
0.83615
0.76035
0.70827
0.58289
0.52384
0.49124
0.7139
0.96388
0.73503
0.69539
0.66468
0.55817
0.70562
0.9118
0.44273
0.69163
0.40495
0.39023
0.88442
0.75882
0.88498
0.77149
0.70954
0.82094
0.47015
0.62984
0.93683
0.71823
0.71773
0.75415
0.77937
0.69618
0.53612
0.74875
0.49573
0.45031
0.81335
0.63218
0.79619
0.83148
0.75823
0.56647
0.75914
0.59629
0.86551
0.737
0.6834
0.75168
0.62726
0.775
0.60914
0.67169
0.54362
0.78894
0.87601
0.82117
0.65275
0.74857
0.84681
0.53537
0.5417
0.7519
0.48952
0.74646
0.58653
0.5319
0.74978
0.58874
0.72077
0.57016
0.88192
0.784
0.88084
0.63753
0.71204
0.4688
0.78193
0.62702
0.81776
0.40427
0.83347
0.25657
0.7523
0.29998
0.77596
0.56542
0.69078
0.79814
0.77733
0.60567
0.69773
0.72893
0.68008
0.551
0.64316
0.65475
0.65082
0.52968
0.8797
0.90467
0.60338
0.45959
0.57751
0.35736
0.78826
0.71989
0.91439
0.59604
0.8485
0.48362
0.77247
0.62414
0.56653
0.62922
0.59611
0.90734
0.70824
0.72831
0.5032
0.58985
0.49606
0.70941
0.67943
0.68892
0.95885
0.69317
0.6833
0.66469
0.83078
0.7121
0.65019
0.79606
0.83109
0.81424
0.88084
0.59932
0.70755
0.58941
0.73191
0.38252
0.88013
0.74679
0.61389
0.65305
0.71048
0.68056
0.44876
0.95106
0.66537
0.51857
0.73773
0.86203
0.64338
0.75313
0.83064
0.70261
0.64746
0.80418
0.84204
0.82648
0.78618
0.81149
0.71797
0.56446
0.49177
0.70349
0.44147
0.71926
0.6378
0.55738
0.48276
0.89251
0.7339
0.78166
0.87947
0.76853
0.6091
0.48492
0.66106
0.9343
0.62632
0.84967
0.57114
0.77167
0.59858
0.76861
0.8342
0.93862
0.77191
0.56144
0.74572
0.91928
0.76295
0.45848
0.73753
0.57874
0.64371
0.8993
0.6895
0.80655
0.77411
0.62953
0.6931
0.61983
0.68714
0.55536
0.76422
0.45651
0.54838
0.61988
0.75522
0.6704
0.67399
0.70799
0.79075
0.77799
0.67772
0.46605
0.76991
0.63251
0.80624
0.68866
0.70102
0.57709
0.58336
0.81299
0.80543
0.61354
0.71499
0.68321
0.64385
0.82444
0.63384
0.83255
0.72858
0.59299
0.68541
0.62649
0.47894
0.67573
0.87052
0.79645
0.93744
0.56087
0.79953
0.88349
0.63655
0.68228
0.67994
0.8156
0.43233
0.54177
0.89471
0.77063
0.85375
0.73364
0.54926
0.80271
0.75869
0.73143
0.59655
0.72713
0.90525
0.59992
0.75722
0.79814
0.50251
0.92476
0.78841
0.51772
0.84792
0.7489
0.71415
0.64214
0.55734
0.52912
0.69365
0.67709
0.78521
0.88049
0.92734
0.84653
0.98807
0.76843
0.72862
0.69939
0.38441
0.98613
0.76739
0.72283
0.96663
0.59637
0.76554
0.74491
0.53214
0.63484
0.5246
0.70541
0.50774
0.31354
0.66822
0.74067
0.66802
0.74745
0.87837
0.59321
0.87684
0.57492
0.33791
0.5147
0.41216
0.82281
0.68537
0.76532
0.75589
0.4585
0.7867
0.35068
0.88466
0.62495
0.63997
0.45488
0.65073
0.75554
0.71907
0.78297
0.44623
0.81817
0.40921
0.28868
0.88099
0.41033
0.66725
0.70468
0.84263
0.93225
0.7802
0.77301
0.95352
0.80633
0.7312
0.65157
0.72187
0.94533
0.81498
0.58642
0.63267
0.43204
0.65513
0.65647
0.66933
0.46115
0.39494
0.59166
0.51824
0.62684
0.89958
0.66151
0.70531
0.67677
0.48207
0.84255
0.91341
0.63734
0.88525
0.93053
0.64122
0.72092
0.85585
0.83492
0.62445
0.68483
0.51496
0.55794
0.72491
0.30282
0.52213
0.58804
0.7622
0.63074
0.79654
0.60707
0.78737
0.82708
0.68567
0.57952
0.63837
0.50389
0.58734
0.59066
0.81686
0.61605
0.84757
0.65082
0.87199
0.55919
0.85307
0.62854
0.58287
0.78909
0.6088
0.50034
0.83927
0.56548
0.67123
0.67595
0.93487
0.70748
0.67011
0.80784
0.7262
0.81238
0.80276
0.80725
0.81968
0.92428
0.86779
0.64524
0.50995
0.82128
0.7602
0.74621
0.4178
0.87525
0.90146
0.99362
0.64404
0.77214
0.5972
0.71829
0.82014
0.9045
0.75818
0.62122
0.68898
0.55562
0.83533
0.59249
0.65148
0.77784
0.85654
0.45513
0.57014
0.60947
0.79288
0.53333
0.6514
0.53811
0.71169
0.66688
0.75706
0.71662
0.64952
0.79665
1.0009
0.81365
0.73174
0.59265
0.51802
0.63577
0.4376
0.58813
0.80281
0.66706
0.57934
0.72486
0.71322
0.76767
0.68792
0.816
0.56632
0.36722
0.5234
0.45866
0.68103
0.93413
0.6176
0.76464
0.53897
0.94211
0.51528
0.65574
0.63375
0.64119
0.94443
0.8301
0.67799
0.73034
0.77624
0.81269
0.60124
0.55078
0.51295
0.84919
0.78421
0.70189
0.76909
0.69438
0.46567
0.79672
0.78449
0.75286
0.77509
0.51083
0.5554
0.60441
0.73005
0.6259
0.37737
0.69472
0.81091
0.58036
0.5318
0.62536
0.67701
0.76131
0.72001
0.91765
0.7408
0.37423
0.7543
0.68344
0.82149
0.95483
0.80353
0.69113
0.65811
0.68755
0.78794
0.77614
0.61742
0.86844
0.88368
0.708
0.52639
0.63142
0.52406
0.67362
0.6782
0.55538
0.78329
0.75681
0.90183
0.67179
0.69705
0.53005
0.84164
0.90033
0.86386
0.6374
0.85419
0.78559
0.72284
0.62523
0.40485
0.78949
0.7713
1.0416
0.82442
0.70844
0.9302
0.80528
0.4568
0.84943
0.79461
0.52341
0.82454
0.78733
0.55696
0.60081
0.58188
0.69498
0.83896
0.7899
0.93225
0.68175
0.82255
0.66563
0.63628
0.93515
0.73304
0.76339
0.57526
0.86327
0.62378
0.94599
0.53124
0.85258
0.68211
0.67533
0.57246
0.87608
0.72099
0.58608
0.41741
0.83154
0.59806
0.72097
0.64074
0.67798
0.76347
0.77723
0.86103
0.76872
0.59905
0.66866
0.69456
0.79669
0.58021
0.76961
0.62497
0.55125
0.73031
0.8131
0.6883
0.70653
0.70919
0.41106
0.84317
0.90058
0.81233
0.79703
0.73593
0.68831
1.0061
0.70649
0.71867
0.52575
0.65106
0.57178
0.63641
0.74274
0.70122
0.57752
0.90519
0.69683
0.64663
0.9694
0.63599
0.97661
0.9089
0.43979
0.70713
0.93521
0.72729
0.67264
0.81364
0.48154
0.80462
0.6988
0.67474
0.47351
0.77121
0.91524
0.60219
0.92373
0.55717
0.67225
0.776
0.86263
0.63656
0.52899
0.66246
0.51325
0.84959
0.7248
0.90347
0.51326
0.86677
0.73937
0.84674
0.82906
0.82208
0.81077
0.71233
0.54799
0.82475
0.73606
0.94018
0.6348
0.67432
0.65026
0.86928
0.73989
0.82718
0.95703
0.77591
0.55607
0.82425
0.67222
0.47084
0.67202
0.7183
0.77604
0.63365
0.80927
0.5958
0.75701
0.76951
0.39013
0.75124
0.74187
0.57876
0.57777
0.70622
0.63032
0.75056
0.7993
0.53464
0.76773
0.74442
0.46662
0.91448
0.68721
0.69962
0.50271
0.88608
0.69036
0.73007
0.62573
0.85713
0.65517
0.81143
0.49004
0.81843
0.76434
0.54943
0.75658
0.70623
0.55832
0.75175
0.61453
0.75001
0.7779
0.69463
0.82253
0.63945
0.42385
0.84851
0.78739
0.66476
0.852
0.68784
0.58639
0.62502
0.88826
0.73861
0.81472
0.65215
0.78916
0.41219
0.32232
0.60785
0.73379
0.40226
0.66015
0.64235
0.63201
0.82051
0.61228
0.8778
0.73031
0.46241
0.73558
0.6859
0.5817
0.74308
0.70387
0.46547
0.71131
0.77762
0.525
0.71681
0.71401
0.76966
0.64903
0.67914
0.70038
0.75751
0.5495
0.46694
0.63586
0.77862
0.79255
0.77559
0.54916
0.68061
0.60041
0.81442
0.90601
0.7949
0.8101
0.55147
0.86797
0.5573
1.0043
0.84491
0.31288
0.96618
0.85533
0.52285
0.82713
0.24475
0.65366
0.85645
0.66284
0.57759
0.67147
0.59448
0.52216
0.52668
0.72921
0.67615
0.44577
0.65099
0.66922
0.51182
0.50467
0.96741
0.68688
0.68669
0.81182
0.63595
0.83797
0.68162
0.6452
0.52654
0.43946
0.89735
0.6817
0.81919
0.66352
0.7108
0.60434
0.72553
0.78375
0.44293
0.36804
0.86705
0.8364
0.51286
0.55523
0.70583
0.74257
0.48847
0.62107
0.80234
0.67131
0.87161
0.73103
0.4407
0.80718
0.64634
0.52806
0.68797
0.67209
0.47604
0.68099
0.97356
0.69363
0.52082
0.55774
0.74552
0.7378
0.73813
0.74433
0.71451
0.71397
0.56142
0.87268
0.93899
0.90281
0.69983
0.71844
0.82236
0.88346
0.81477
0.57517
0.68924
0.6162
0.60676
0.51665
0.57232
0.74005
0.64436
0.81994
0.79209
0.59501
0.65185
0.63548
0.71788
0.67477
0.68603
0.48395
0.61255
0.82235
0.57214
0.62922
0.56625
0.58357
0.70356
0.81986
0.29819
0.60407
0.86488
0.83455
0.82613
0.48334
0.7117
0.78703
0.70878
0.70096
0.65827
0.76586
0.75424
0.61959
0.54779
0.57258
0.64843
0.86957
0.51922
0.4916
0.3908
0.86237
0.4493
0.78845
0.65441
0.78788
0.79433
0.431
0.74744
0.68844
0.75317
0.90677
0.8646
0.62521
0.33468
0.75438
0.78799
0.80383
0.85867
0.87841
0.51737
0.69567
0.8066
0.68548
0.70476
0.89208
0.77937
0.67601
0.58736
0.68066
0.57217
0.97325
0.8721
0.88893
0.48067
0.78632
0.50952
0.58028
0.48259
0.62875
0.52257
0.65656
0.72134
0.54812
0.75466
0.39364
0.74447
0.88282
0.87001
0.88298
0.92415
0.73485
0.78588
0.72622
0.81472
0.99098
0.8969
0.81103
0.35506
0.93895
0.75982
0.86724
0.55594
0.70454
0.43058
0.73601
0.81799
0.40233
0.596
0.78579
0.61344
0.7598
0.68768
0.64261
0.67712
0.70591
0.63925
0.67708
0.52781
0.52435
0.81958
0.77367
0.50429
0.70336
0.6409
0.74101
0.5416
0.78504
0.4456
0.80209
0.73064
0.61063
0.71479
0.94721
0.67079
0.49664
0.66069
0.61062
0.48288
0.58433
0.69653
0.50484
0.71803
0.21229
0.50939
0.53773
0.81671
0.84445
0.61671
0.65128
0.71884
0.79017
0.62685
0.67024
0.67743
0.7198
0.74574
0.80697
0.43621
0.49475
0.97287
0.66119
0.61995
0.67046
0.59644
0.67618
0.88447
0.41292
0.39315
0.70669
0.71194
0.78501
0.71728
0.87749
0.56501
0.67433
0.68937
0.44893
0.53975
0.91696
0.7033
0.39071
0.75497
0.74331
0.86997
0.75237
0.65138
0.55377
0.33125
0.81999
0.65054
0.61314
0.69058
0.62652
0.63404
0.76514
0.54785
0.55151
0.56481
0.52611
0.82263
0.58694
0.67463
0.85483
0.6357
0.43617
0.61598
0.71754
0.60884
0.92304
0.53038
0.72935
0.55104
0.63754
0.49237
0.67851
0.999
0.88379
0.56848
0.75204
0.44457
0.70319
0.83258
0.8443
0.70809
0.62966
0.71647
0.70598
0.47029
0.91374
0.55796
0.82824
0.78175
0.93197
0.60793
0.64184
0.93951
0.58351
0.6417
0.76238
0.30038
0.64471
0.62177
0.77304
0.98868
0.57608
0.43484
0.71252
0.5995
0.5877
0.85536
0.73418
0.64857
0.48286
0.71665
0.85732
0.27994
0.8289
0.66895
0.62864
0.3832
0.64956
0.69322
0.73246
0.82106
0.68553
0.60863
0.8255
0.66833
0.47094
0.87204
0.45099
0.37276
0.76911
0.66471
0.66375
0.93054
0.72918
0.73676
0.64534
0.54564
0.50058
0.78275
0.83477
0.68974
0.59422
0.7752
0.55083
0.4982
0.68209
0.91962
0.40754
0.8332
0.86116
0.74206
0.67542
0.75515
0.69174
0.46962
0.8068
0.7697
0.62998
0.74845
0.74179
0.79726
0.73991
0.63966
0.72497
0.47559
0.62805
0.50353
0.7532
0.8601
0.40956
0.64296
0.67001
0.58822
0.65563
0.73389
0.63875
0.56146
0.53662
0.70527
0.63499
0.82191
0.8421
0.83081
0.83877
0.70024
0.65039
0.76014
0.56854
0.75629
0.42527
0.65252
0.65643
0.78
0.73416
0.83296
0.6379
0.69051
0.54391
0.84642
0.58781
0.69584
0.72938
0.88698
0.79473
0.70345
0.74507
0.65552
0.70149
0.57395
0.85223
0.63004
0.84649
0.81137
0.65447
0.74345
0.66834
0.84174
0.68348
0.61129
0.38429
0.72659
0.86953
0.55712
0.72451
0.7883
0.79039
0.60751
0.71123
0.84546
0.85694
0.61871
0.93817
0.86393
0.88458
0.70511
0.51595
0.80796
0.7384
0.77182
0.49123
0.77666
0.70801
0.64452
0.7645
0.70956
0.60417
0.60162
0.73909
0.55141
0.83101
0.73174
0.95599
0.7124
0.95655
0.7853
0.6723
0.72564
0.57916
0.52917
0.56306
0.79849
0.8727
0.84498
0.77832
0.80914
0.74792
0.82925
0.92081
0.82442
0.83223
0.64546
0.82292
0.2914
0.85894
0.73971
0.66152
0.81464
0.66533
0.69929
0.88624
0.76235
0.61163
0.38092
0.75414
0.77007
0.93555
0.70038
0.73103
0.84938
0.7501
0.64004
0.75954
0.41236
0.7345
0.83149
0.63036
0.58089
0.94636
0.43906
0.76334
0.91606
0.63757
0.63291
0.72507
0.44711
0.6236
0.7984
0.71623
0.63861
0.70792
0.58758
0.78793
0.85592
0.63528
0.60934
0.89396
0.92654
0.48943
0.73231
0.44426
0.56924
0.7879
0.88587
0.60608
0.70785
0.89621
0.67842
0.626
0.66422
0.6463
0.72276
0.29985
0.46963
0.80365
0.79808
0.51484
0.88876
0.66759
0.7034
0.74902
0.65398
0.68818
0.80371
0.54362
0.81238
0.7475
0.58304
0.80402
0.66323
0.69655
0.57962
0.86074
0.65479
0.74912
0.61949
0.82317
0.88097
0.51218
0.92726
0.77594
0.64511
0.58243
0.42989
0.68654
0.49346
0.82826
0.60312
0.52382
0.69386
0.90099
0.80738
0.76619
0.67402
0.71888
0.51019
0.6914
0.74333
0.86391
0.82302
0.8959
0.80067
0.69314
0.70311
0.62722
0.68643
0.83813
0.68518
0.72918
0.75647
0.76038
0.47845
0.8001
0.60005
0.79506
0.64678
0.73463
0.68547
0.7774
0.82905
0.78685
0.53621
0.72995
0.64306
0.82933
0.74827
0.72415
0.56422
0.86928
0.71874
0.75268
0.83799
0.37624
0.71255
0.84745
0.51191
0.69849
0.49795
0.52868
0.65651
0.74837
0.65946
0.78022
0.74622
0.83071
0.74288
0.61678
0.59761
0.81022
0.74194
0.60686
0.81694
0.49504
0.54597
0.82764
0.85538
0.63133
0.61677
0.769
0.52848
0.87619
0.79202
0.64267
0.74659
0.78967
0.92224
0.74384
0.77601
0.62334
0.73526
0.86555
0.76981
0.5302
0.52404
0.49648
0.72085
0.87144
0.90686
0.63088
0.66808
0.67742
0.72341
0.52733
0.8784
0.56485
0.7602
0.73656
0.75101
0.37568
0.41935
0.83572
0.65739
0.69451
0.71911
0.61387
0.40056
0.68107
0.74568
0.64997
0.45432
0.69133
0.60452
0.72401
0.38267
0.68916
0.81357
0.69939
0.33653
0.7719
0.83974
0.71898
0.72396
0.74363
0.80888
0.61306
0.75224
0.85272
0.70508
0.85493
0.54956
0.76482
0.67846
0.76213
0.69673
0.68106
0.954
0.74748
0.65144
0.7877
0.87001
0.69224
0.73678
0.75492
0.69123
0.67483
0.60508
0.48407
0.77209
0.6189
0.88846
0.6658
0.65086
0.58263
0.63982
0.79035
0.63847
0.93847
0.52374
0.61534
0.62633
0.78312
0.69531
0.8497
0.51877
0.56509
0.58689
0.65652
0.86906
0.67361
0.60447
0.67292
0.78044
0.4617
0.57507
0.68838
0.74694
0.47075
0.76114
0.67972
0.49762
0.64819
0.49523
0.78619
0.91839
0.7376
0.48864
0.73881
0.78099
0.89922
0.35682
0.46976
0.65599
0.58081
0.50217
0.81242
0.29731
0.41524
0.79551
0.86176
0.65185
0.86973
0.92962
0.50326
0.72292
0.5036
0.51965
0.65184
0.72763
0.80165
0.51721
0.501
0.53458
0.90283
0.56963
0.80429
0.81295
0.9107
0.52898
0.77441
0.58095
0.89141
0.67879
0.60254
0.72972
0.7561
0.48977
0.72494
0.82238
0.91188
0.63396
0.67128
0.73666
0.52574
0.58658
0.47672
0.68972
0.52222
0.60985
0.78764
0.69359
0.72584
0.93414
0.79715
0.82468
0.68598
0.81445
0.42727
0.52388
0.69242
0.50299
0.65395
0.57591
0.76467
0.80592
0.67427
0.78818
0.50304
0.76651
0.5671
0.71845
0.58018
0.78682
0.63301
0.78936
0.58629
0.29025
0.64155
0.66867
0.55491
0.56999
0.59987
0.66149
0.77624
0.86555
0.77261
0.4813
0.64443
0.74501
0.75278
0.73927
0.78551
0.83996
0.57773
0.86519
0.78656
0.68746
0.55821
0.5697
0.84102
0.64929
0.56485
0.61817
0.81501
0.53903
0.45318
0.63324
0.94092
0.83533
0.83891
0.83699
0.64933
0.51458
0.75271
0.88915
0.82861
0.76053
0.83967
0.72822
0.71903
0.84689
0.67885
0.72457
0.66764
0.87187
0.61556
0.74898
0.63349
0.55235
0.5749
0.69344
0.6555
0.78376
0.56975
0.67935
0.47711
0.92407
0.7723
0.58882
0.61316
0.63201
0.45377
0.71865
0.56827
0.6107
0.67884
0.74841
0.8075
0.73348
0.81531
0.65019
0.98087
0.77057
0.86549
0.84203
0.7428
0.80493
0.74346
0.68951
0.67647
0.51264
0.57521
0.65431
0.7254
0.79321
0.70245
0.60441
0.72062
0.78862
0.82468
0.56221
0.62915
0.86776
0.50519
0.84815
0.50954
0.37103
0.66511
0.68328
0.74547
0.93276
0.90985
0.89245
0.63078
0.82756
0.79198
0.82059
0.88953
0.84763
0.54973
0.99783
0.89756
0.69529
0.82607
0.62956
0.78033
0.9531
0.71214
0.56943
0.75284
0.29223
0.71491
0.93018
0.5963
0.84998
0.67366
0.81451
0.79114
0.7043
0.56944
0.44979
0.72803
0.83609
0.79739
0.89273
0.62031
0.39843
0.44277
0.5901
0.44496
0.71122
0.73494
0.72452
0.79656
0.82227
0.51763
0.72377
0.53543
0.61261
0.56765
0.47328
0.58075
0.64549
0.81182
0.74093
0.55614
0.75462
0.56005
0.59043
0.43483
0.80404
0.84996
0.72652
0.74191
0.71256
1.0191
0.7523
0.85151
0.74668
0.681
0.54055
0.82693
0.80754
0.62916
0.76519
0.64355
0.7593
0.50518
0.91487
0.72482
0.67849
0.54592
0.74927
0.60309
0.77471
0.74088
0.73068
0.75276
0.84065
0.58248
0.67071
0.77881
0.82408
0.84541
0.86058
0.8354
0.92896
0.75151
0.7151
0.5803
0.73819
0.6379
0.72355
0.88795
0.82566
0.74181
0.68136
0.73932
0.858
0.56067
0.66932
0.90433
0.78383
0.54766
0.45795
0.63921
0.71908
0.74518
0.81382
0.72658
0.72741
0.51802
0.57206
0.52826
0.92122
0.60804
0.82862
0.9811
0.64114
0.69444
0.65183
0.48933
0.80687
0.74202
0.68939
0.83228
0.80083
0.58122
0.5904
0.86686
0.91408
0.8477
0.66755
0.6533
0.78039
0.5025
0.7207
0.46263
0.62894
0.68317
0.68454
0.78615
0.6092
0.78736
0.80106
0.73843
0.89902
0.93869
0.89314
0.83748
0.79734
0.85927
0.50074
0.5713
0.58969
0.64641
0.64586
0.65331
0.65625
0.58336
0.60299
0.84614
0.50461
0.78936
0.72505
0.8907
0.61163
0.77521
0.82308
0.97336
0.67833
0.56564
0.66053
0.65122
0.8506
0.51622
0.55545
0.4134
0.48823
0.56377
0.53497
0.62246
0.40324
0.881
0.7296
0.82737
0.54112
0.74029
0.78666
0.85212
0.59509
0.78949
0.76058
0.73215
0.85151
0.41464
0.54231
0.79106
0.79751
0.83622
0.89629
0.50478
0.65314
0.8656
0.59943
0.6779
0.69091
0.78612
0.43185
0.74592
0.71091
0.417
0.52538
0.73472
0.57728
0.76675
0.8293
0.54726
0.51006
0.73235
0.80713
0.7511
0.76848
0.78501
0.63353
0.61532
0.86843
0.62819
0.62767
0.7341
0.59897
0.51806
0.78112
0.79425
0.80123
0.73532
0.7161
0.7511
0.69252
0.70412
0.62848
0.74481
0.79069
0.67126
0.96106
0.83634
0.78601
0.42163
0.57025
0.71289
0.80726
0.74647
0.72656
0.82698
0.72286
0.68206
0.67916
0.58844
0.78659
0.51789
0.45771
0.84058
0.72993
0.88228
0.7992
1.0457
0.55974
0.76657
0.69416
0.34033
0.54255
0.67853
0.64181
0.70781
0.59605
0.93204
0.60552
0.73634
0.71256
0.71139
0.73109
0.77822
0.61608
0.78353
0.55613
0.70618
1.0228
0.52403
0.90455
0.95198
0.59873
0.65184
0.73753
0.6989
0.86279
0.59651
0.58785
0.64128
0.82356
0.83444
0.87967
0.6862
0.82255
0.71606
0.62427
0.64486
0.78361
0.86954
0.80264
0.90071
0.65266
0.84039
0.78633
0.51147
0.96486
0.86024
0.90219
0.75894
0.52405
0.48659
0.60381
0.51944
0.82113
0.6092
0.65478
0.93705
0.60977
0.71901
0.84794
0.35741
0.5683
0.79469
0.62342
0.7517
0.51189
0.56305
0.72381
0.72501
0.68006
0.72165
0.72745
0.57112
0.84116
0.76059
0.66271
0.54578
0.66549
0.65384
0.53725
0.77458
0.74986
0.63636
0.63956
0.54167
0.79925
0.77711
0.78418
0.57014
0.65518
0.79164
0.4323
0.76463
0.44215
0.94379
0.61448
0.77027
0.78829
0.77547
0.87757
0.77078
0.61713
0.30502
0.56961
0.79818
0.5349
0.59706
0.64191
0.80689
0.69308
0.81467
0.61417
0.63749
0.72187
0.65069
0.82401
0.73645
0.79332
0.76817
0.78094
0.59796
0.97063
0.79444
0.79107
0.95864
0.41971
0.84473
0.63757
0.90524
0.58607
0.71704
0.51221
0.68653
0.68516
0.90574
0.73109
0.60693
0.75745
0.74204
0.79392
0.76745
0.58029
0.84893
0.72172
0.92868
0.56285
0.59381
0.69125
0.71197
0.70428
0.50268
0.62039
0.52546
0.63052
0.94843
0.70446
0.87944
0.46371
0.76773
0.76917
0.86324
0.61121
0.83864
0.75672
0.67053
0.5662
0.45726
0.28488
0.47929
0.86511
0.885
0.38221
0.67332
0.64789
0.70117
0.77976
0.73049
0.54791
0.78755
0.82134
0.59486
0.68972
0.80824
0.63003
0.71493
0.47017
0.67284
0.45508
0.86642
0.68355
0.64356
0.84515
0.89753
0.53629
0.69118
0.49408
0.5424
0.82361
0.85108
0.71705
0.67493
0.72692
0.8548
0.64585
0.42556
0.50702
0.67107
0.51726
0.64721
0.69803
0.58353
0.78212
0.55515
0.68277
0.78046
0.66787
0.79773
0.89317
0.77627
0.52247
0.95288
0.70609
0.26428
0.7153
0.7369
0.83184
0.6744
0.70295
0.66642
0.6443
0.79589
0.51572
0.87209
0.9483
0.86511
0.63873
0.45112
0.73308
0.3741
0.64898
0.43207
0.349
0.96083
0.70118
0.62718
0.62741
0.67422
0.70563
0.87105
0.84373
0.88302
0.80347
0.46027
0.642
0.49879
0.56121
0.80354
0.63125
0.78006
0.85624
0.83583
0.53503
0.63159
0.44892
0.59772
0.90059
0.71615
0.59383
0.84631
0.77862
0.74447
0.90025
0.37602
0.55207
0.54817
0.58648
0.84249
0.58741
0.75535
0.72827
0.71095
0.57551
0.84754
0.69799
0.75221
0.65517
0.55986
0.94956
0.72672
0.28819
0.69652
0.63431
0.85228
0.8544
0.53057
0.89542
0.81416
0.8987
0.65121
0.62322
0.55741
0.7013
0.81728
0.61438
0.95612
0.75387
0.44724
0.63268
0.94976
0.6449
0.95519
0.64595
0.27586
0.89426
0.4719
0.54632
0.68321
0.34602
0.65186
0.913
0.69739
0.77411
0.54441
0.81557
0.58083
0.68607
0.81376
0.81103
0.74091
0.57048
0.45475
0.72096
0.76529
0.81146
0.65985
0.73117
0.74109
0.65962
0.65628
0.55495
0.73605
0.78331
0.73161
0.80516
0.56548
0.83741
0.60574
0.72699
0.68854
0.64151
0.71208
0.74302
0.781
0.76879
0.74872
0.5099
0.8038
0.37707
0.54275
0.63428
0.73839
0.36724
0.59282
0.60503
0.72524
0.7438
0.69121
0.70176
0.61191
0.55851
0.63065
0.78955
0.69392
0.52013
0.82246
0.94769
0.39275
0.73892
0.80756
0.74352
0.61048
0.69237
0.71607
0.90436
0.77239
0.63469
0.47704
0.5339
0.73455
0.73158
0.84964
0.75537
0.81141
0.78132
0.59595
0.50854
0.69524
0.67865
0.71081
0.76822
0.81217
0.79296
0.91289
0.84109
0.5553
0.80081
0.73343
0.74071
0.78742
0.81532
0.58594
0.61323
0.51831
0.76261
0.79999
0.70492
0.7726
0.88495
0.80746
0.38392
0.75656
0.91887
0.89762
0.60659
0.38826
0.66697
0.71899
0.83752
0.87737
0.63944
0.76345
0.54325
0.82706
0.69223
0.69539
0.61676
0.65828
0.54962
0.85854
0.69268
0.78157
0.75987
0.86544
0.67337
0.86937
0.75225
0.59395
0.62071
0.84084
0.75203
0.64324
0.75313
0.61602
0.56281
0.65187
0.6474
0.8806
0.84343
0.70638
0.70317
0.68735
0.49631
0.7508
0.38341
0.6939
0.91019
0.6494
0.89776
0.6652
0.62978
0.9165
0.87277
0.33435
0.85287
0.63004
0.63455
0.56402
0.77038
0.81188
0.70208
0.71697
0.83711
0.88851
0.8079
0.66312
0.90442
0.72037
0.75594
0.89258
0.76408
0.76895
0.65114
0.59491
0.81444
0.82592
0.7988
0.90192
0.72501
0.6782
0.65431
0.76063
0.61465
0.86904
0.62037
0.45779
0.701
0.7278
0.79041
0.57626
0.71692
0.81482
0.42259
0.71323
0.93333
0.702
0.77031
0.757
0.67704
0.8031
0.60396
0.73624
0.74024
0.68488
0.55394
0.76831
0.69846
0.72334
0.57366
0.65894
0.60283
0.34626
0.73245
0.74161
0.33373
0.52569
0.72878
0.66616
0.97026
0.62118
0.73403
0.72006
0.66591
0.80421
0.59776
0.79293
0.74613
0.68868
0.74095
0.76136
0.90516
0.49861
0.59983
0.87208
0.71467
0.70106
0.81313
0.49849
0.53205
0.62814
0.53675
0.83871
0.30827
0.86789
0.83045
0.40148
0.67521
0.41347
0.55826
0.75843
0.61814
0.63666
0.42536
0.74463
0.79537
0.71854
0.74501
0.49165
0.69967
0.71203
0.8448
0.61589
0.52156
0.91577
0.62862
0.69834
0.75528
0.7749
0.65574
0.81631
0.60836
0.72127
0.77275
0.59526
0.72973
0.69764
0.64172
0.66207
0.74591
0.76515
0.55803
0.50913
0.65814
0.71395
0.8908
0.59481
0.60772
0.6953
0.84785
0.64885
0.67469
0.72556
0.62454
0.66688
0.49312
0.76472
0.70292
0.6887
0.81702
0.83718
0.84337
0.51841
0.77783
0.77211
0.66933
0.83184
0.86543
0.6957
0.75859
0.62245
0.83814
0.29131
0.77293
0.729
0.77729
0.87553
0.85318
0.77331
0.78973
0.59134
0.92979
0.7683
0.59232
0.78924
0.61364
0.50106
0.54842
0.64595
0.69442
0.75429
0.70195
0.78933
0.93555
0.63235
0.63352
0.46784
0.77246
0.4867
0.59882
0.76471
0.61419
0.5317
0.99115
0.49756
0.35007
0.49794
0.65509
0.71339
0.60598
0.74185
0.59533
0.7578
0.47185
0.91047
0.55547
0.80449
0.49453
0.53633
0.83566
0.68429
0.57507
0.14954
0.75317
0.87265
0.75396
0.62841
0.87165
0.81564
0.79946
0.40085
0.97249
0.67758
0.73477
0.66841
0.7357
0.764
0.81158
0.85013
0.72894
0.64836
0.62945
0.81997
0.80689
0.68721
0.71253
0.78916
0.76832
0.8044
0.63867
0.62416
0.7568
0.44847
0.63836
0.84742
0.67118
0.69391
0.50103
0.67155
0.79451
0.79329
0.8799
0.74055
0.58163
0.62231
0.77977
0.68508
0.80402
0.75806
0.54628
0.79686
0.69912
0.91327
0.78236
0.63886
0.75826
0.47608
0.6726
0.52896
0.77286
0.56722
0.60473
0.87478
0.7926
0.77576
0.59057
0.73708
0.7289
0.8637
0.98632
0.75857
0.50731
0.87954
0.50259
0.65372
0.74184
0.63439
0.28031
0.73043
0.58144
0.63318
0.86098
0.79633
0.62102
0.9745
0.90285
0.86031
0.85927
0.71416
0.77595
0.60986
0.55884
0.4801
0.99193
0.44621
0.69906
0.49948
0.7587
0.6974
0.75953
0.86673
0.6065
0.92424
0.60455
0.77124
0.74671
0.78277
0.77408
0.65177
0.59947
0.66786
0.60905
0.81596
0.60451
0.69682
0.65505
0.60872
0.64128
0.54915
0.83082
0.59947
0.51913
0.86846
0.43209
0.57128
0.71361
0.71916
0.5441
0.78986
0.66108
0.62009
0.74953
0.61458
0.33038
0.79144
0.71442
0.68669
0.78474
0.29502
0.63336
0.79413
0.72171
0.66433
0.76701
0.7613
0.78175
0.4791
0.71851
0.64606
0.7696
0.82088
0.65737
0.31615
0.62264
0.6011
0.64383
0.55794
1.0263
0.74167
0.60877
0.69863
0.88839
0.75988
0.84805
0.85493
0.86525
0.73102
0.75517
0.73735
0.67728
0.61279
0.62589
0.37325
0.76226
0.50699
0.72345
0.76533
0.73633
0.77396
0.79827
0.71556
0.70067
0.69084
0.6801
0.74435
0.64702
0.52124
0.71941
0.65726
0.87955
0.73206
0.33286
0.73759
0.7632
0.7989
0.69489
0.84753
0.82121
0.57329
0.90893
0.71318
0.67513
0.83614
0.73908
0.77075
0.62259
0.65049
0.40952
0.76014
0.56815
0.67816
0.68835
0.62369
0.61212
0.71554
0.55255
0.78324
0.72258
0.39924
0.80659
0.47514
0.72492
0.75752
0.75804
0.81988
0.5875
0.79823
0.84304
0.51106
0.48369
0.65978
0.78422
0.72415
0.84817
0.52347
0.75969
0.82162
0.75186
0.41404
0.45895
0.96809
0.93306
0.67501
0.92352
0.55818
0.72044
0.98618
0.70621
0.40584
0.60956
0.78844
0.74467
0.75132
0.36195
0.23886
0.48736
0.58336
0.53671
0.53768
0.91712
0.46583
0.70468
0.73905
0.75898
0.72437
0.78726
0.98279
1.0224
0.35775
0.59553
0.56227
0.76259
0.71938
0.78679
0.3297
0.61432
0.66763
0.48013
0.45532
0.69724
0.76088
0.73046
0.87909
0.35704
0.7512
0.45377
0.73705
0.78907
0.69483
0.84411
0.60295
0.40994
0.67216
0.56791
0.77136
0.8343
0.75954
0.82918
0.6494
0.78987
0.70006
0.78578
0.71991
0.81775
0.66469
0.61517
0.72548
0.63828
0.66439
0.69588
0.81913
0.63236
0.84128
0.81334
0.70956
0.86001
1.0216
0.83308
0.74968
1.0039
0.81359
0.65943
0.71146
0.752
0.79635
0.6409
0.36859
0.90576
0.70756
0.68996
0.78905
0.76913
0.90358
1.0178
0.45043
0.64042
0.88458
0.68625
0.67472
0.76522
0.78112
0.69893
0.62675
0.67957
0.84309
0.52638
0.65363
0.54899
0.56819
0.65085
0.67922
0.67569
0.75649
0.59683
0.28804
0.60455
0.43519
0.62953
0.90071
0.65899
0.66562
0.63888
0.8394
0.90908
0.8465
0.5064
0.60478
0.79731
0.55387
0.5702
0.43756
0.92133
0.62086
0.68308
0.92681
0.62662
0.4212
0.65128
0.91819
0.70927
0.66926
0.90193
0.92303
0.57672
0.52301
0.6657
0.39738
0.54536
0.3949
0.85047
0.73919
0.56797
0.68651
0.7233
0.61595
0.78561
0.60978
0.37542
0.73453
0.68293
0.5629
0.49327
0.6366
0.62336
0.85291
0.64622
0.40199
0.62448
0.88492
0.88119
0.67445
0.61817
0.84746
0.73523
0.51005
0.46333
0.4496
0.67249
0.76393
0.60959
0.71457
0.72812
0.75615
0.86725
0.98238
0.69716
0.85795
0.436
0.5885
0.36188
0.83521
0.72983
0.82449
0.71125
0.74194
0.86137
0.58778
0.65776
0.96626
0.79463
0.7391
0.90379
0.65856
0.79889
0.47811
0.53192
0.75631
0.81408
0.70581
0.67375
0.77646
0.88177
0.60077
0.61828
0.94303
0.96237
0.27091
0.6976
0.84133
0.65879
0.66415
0.55309
0.41024
0.45267
0.88397
0.78438
0.4999
0.46448
0.88484
0.32514
0.64269
0.79312
0.89637
0.82988
0.66154
0.70735
0.66149
0.84568
0.78825
0.81028
0.77108
0.60325
0.40266
0.67098
0.84051
0.51149
0.54401
0.44218
0.81667
0.54998
0.59677
0.66587
0.86698
0.5014
0.66634
0.75532
0.79541
0.77726
0.69144
0.74632
1.0134
0.97092
0.66231
0.59921
0.54853
0.63539
0.82675
0.89115
0.51668
0.93374
0.74278
0.72087
0.68662
0.58838
0.72601
0.32322
0.36237
0.7173
0.79307
0.75126
0.65026
0.64125
0.69401
0.78809
0.65601
0.68585
0.87217
0.56514
0.67527
0.5261
0.62043
0.7021
0.6332
0.90512
0.81485
0.57695
0.79983
0.79227
0.49628
0.72668
0.53914
0.79739
0.74002
0.68194
0.70581
0.78223
0.72001
0.62091
0.77587
0.76076
0.72079
0.82327
0.39325
0.58348
0.48768
0.84483
0.74229
0.58285
0.59959
0.5661
0.43117
0.66358
0.62618
0.78277
0.77904
0.83844
0.60497
0.25653
0.68353
0.71219
0.60603
0.52917
0.55383
0.44766
0.64387
0.58504
0.85368
0.36653
0.65891
0.58476
0.69933
0.79794
0.69422
0.60901
0.73797
0.69109
0.7693
0.53017
0.4995
0.39665
0.48955
0.66725
0.66992
0.82642
0.75162
0.414
0.54747
0.56389
0.51169
0.73953
0.68915
0.73785
0.71105
0.66424
0.85238
0.67421
0.89338
0.72502
0.69588
0.80814
0.6472
0.77808
0.9209
0.78928
0.50035
0.63987
0.7106
0.79091
0.70377
1.0198
0.89803
0.52737
0.87966
0.67451
0.75499
0.85912
0.53834
0.68475
0.41169
0.48784
0.78746
0.72647
0.88009
0.52212
0.73033
0.85733
0.60667
0.89362
0.7718
0.50586
0.9765
0.91888
0.57173
0.72786
0.61093
0.8563
0.91828
0.84959
0.58887
0.67348
0.37644
0.69878
0.85964
0.70055
0.94483
0.64921
0.87431
0.69162
0.91173
0.71471
0.63448
0.86476
0.68281
0.45211
0.4043
0.60942
0.76354
0.80857
0.88379
0.67599
0.44227
0.48602
0.56371
0.80441
0.77626
0.87135
0.67652
0.69699
0.41273
0.6311
0.58035
0.90234
0.66265
0.65466
0.87862
0.69473
0.7459
0.79194
0.49451
0.70479
0.27012
0.71115
0.7306
0.63554
0.56898
0.71467
0.65752
0.85322
0.68851
0.72575
0.44734
0.90182
0.83951
0.70135
0.76577
0.6656
0.73123
0.74971
0.49028
0.52285
0.93524
0.73775
0.76582
0.77393
0.87
0.86363
0.48019
0.49128
0.81557
0.76452
0.79874
0.91834
0.68305
0.57867
0.76979
0.88141
0.75688
0.95614
0.43359
0.82716
0.63236
0.85144
0.62817
0.15415
0.65394
0.78535
0.67299
0.8994
0.76175
0.79652
0.82774
0.64482
0.78033
0.62278
0.68937
0.81602
0.88084
0.61046
0.74412
0.56133
0.91093
0.79435
0.62609
0.92093
0.56906
0.38313
0.42089
0.59819
0.62453
0.74165
0.77301
0.67789
0.84117
0.71739
0.61767
0.67443
0.79246
0.80988
0.25633
0.82017
0.54827
0.36892
0.72647
0.80593
0.95459
0.63413
0.46092
0.58641
0.76922
0.60155
0.5608
0.94627
0.76142
0.71884
0.53929
0.76923
0.4653
0.75037
0.63451
0.77369
0.88477
0.73568
0.6596
0.70259
0.60155
0.75247
0.65654
0.66413
0.66116
0.48376
0.69516
0.50542
0.99769
0.59173
0.28761
0.37727
0.65777
0.71629
0.83522
0.87691
0.60616
0.62387
0.64645
0.5736
0.69781
0.54072
0.76639
0.68188
0.61215
0.89862
0.48851
0.79051
0.56612
0.71992
0.61238
0.65551
0.88203
0.75345
0.96101
0.526
0.68916
0.6754
0.85107
0.82705
0.5855
0.72668
0.81196
0.71191
0.72452
0.78451
0.8328
0.95933
0.79921
0.8264
0.75045
0.97611
0.76404
0.61325
0.64048
0.65924
0.54222
0.54075
0.87343
0.54579
0.85128
0.67401
0.69916
0.72826
0.35369
0.77031
0.72433
0.71342
0.70756
0.62378
0.76795
0.81388
0.59144
0.48219
0.75992
0.95201
0.6747
0.64096
0.70361
0.71802
0.78084
0.49146
0.44552
0.9084
0.71378
0.83072
0.65684
0.40275
0.80857
0.65145
0.50963
0.75138
0.87613
0.62012
0.72503
0.59572
0.53602
0.55406
0.88297
0.85523
0.54701
0.81238
0.70473
0.77412
0.82198
0.69912
0.55772
0.68445
0.69302
0.70254
0.76458
0.6996
0.68191
0.27005
0.78026
0.49329
0.66299
0.76853
0.60525
0.81889
0.65517
0.47945
0.75272
0.4948
0.752
0.88796
0.63816
0.47111
0.76981
0.82644
0.84536
0.62604
0.43994
0.49651
0.89221
0.63956
0.84861
0.57656
0.68713
0.82714
0.75731
0.67752
0.72616
0.83892
0.9015
0.70594
0.75853
0.7124
0.62586
0.77456
0.76136
0.73645
0.40845
0.56593
0.77137
0.65504
0.57173
0.60208
0.81675
0.9599
0.86913
0.83041
0.70852
0.80332
0.47194
0.8253
0.67479
0.76224
0.77997
0.59538
0.90693
0.61355
0.81854
0.79406
0.79987
0.93982
0.92256
0.65624
0.77356
0.93048
0.75621
0.84336
0.86885
0.90727
0.69555
0.81536
0.67818
0.74922
0.82968
0.8014
0.73046
0.76334
0.65004
0.6467
0.76273
0.81341
0.62002
0.77903
0.9039
0.49274
0.72406
0.74142
0.62485
0.65756
0.85153
0.74852
0.79535
0.74305
0.8742
0.67221
0.72278
0.97047
0.23744
0.77472
0.54333
0.33513
0.74436
0.81421
0.68505
0.81286
0.68222
0.9349
0.60805
0.40532
0.70391
0.86475
0.89792
0.52325
0.78511
0.58943
0.72218
0.34912
0.70642
0.79357
0.82811
0.70566
0.92714
0.54116
0.64506
0.74495
0.55547
0.56014
0.81412
0.82325
0.60443
0.80678
0.76179
0.84942
0.52425
0.89973
0.54835
0.67539
0.93179
0.59175
0.66726
0.4009
0.86536
0.81766
0.55487
0.68655
0.87385
0.66971
0.29913
0.49335
0.76904
0.67452
0.67047
0.65384
0.70806
0.74405
0.61899
0.6905
0.91885
0.89659
0.77007
1.0279
0.85198
0.83628
0.82008
0.63396
0.67434
0.98143
0.45385
0.70744
0.75722
0.53165
0.8732
0.80268
0.87535
0.81857
0.77379
0.80067
0.68799
0.54532
0.72558
0.64385
0.94596
0.83863
0.6016
0.79352
0.77722
0.79106
0.88453
0.7394
0.56686
0.75783
0.52575
0.79303
0.73076
0.80965
0.69119
0.63011
0.95943
0.75601
0.68278
0.67602
0.7203
0.6627
0.48971
0.77697
0.3371
0.7876
0.63739
0.73598
0.94708
0.76516
0.54477
0.53518
0.56034
0.80247
0.69859
0.85326
0.69024
0.62554
0.70789
0.73814
0.91433
0.86214
0.60248
0.4243
0.64792
0.70645
0.79573
0.69718
0.72733
0.81396
0.62491
0.80073
0.83808
0.52554
0.78127
0.74274
0.62257
0.51745
0.87407
0.65865
0.81054
0.69725
0.41984
0.66513
0.76013
0.71368
0.70038
0.57791
0.79222
0.57665
0.72956
0.775
0.80562
0.39416
0.74666
0.78465
0.79189
0.77987
0.60712
0.78034
0.87682
0.60361
0.70841
0.62053
0.66823
1.0336
0.92867
0.75419
0.8316
0.93158
0.76762
0.5682
0.85561
0.88473
0.89002
0.54282
0.56857
0.52876
0.69506
0.63538
0.84981
0.79096
0.8101
0.59947
0.63515
0.96566
0.76063
0.47306
0.61034
0.29889
0.5675
0.85373
0.79294
0.74511
0.46956
0.61844
0.85143
0.73486
0.78291
0.94025
0.52455
0.30131
0.65524
0.60003
0.57564
0.74614
0.50295
0.86928
0.61555
0.48213
0.69578
0.68498
0.79238
0.62998
0.52003
0.57772
0.71332
0.83453
0.85694
0.48415
0.46151
0.61938
0.65538
0.62679
0.57804
0.87195
0.86694
0.77907
0.64776
0.68127
0.3577
0.71093
0.90783
0.69581
0.35555
0.66866
0.6794
0.52952
0.7611
0.91158
0.67688
0.78735
0.99218
0.73215
0.85534
0.56589
0.63045
0.44855
0.71361
0.89822
0.51442
0.70242
0.79835
0.95674
0.67394
0.72179
0.62595
0.51558
0.66118
0.75483
0.73337
0.41104
1.0295
0.76238
0.80615
0.63818
0.77503
0.83036
0.80217
0.81955
0.41132
0.57291
0.82753
0.47496
0.50923
0.64325
0.736
0.69727
0.87578
0.97354
0.58943
0.85368
0.52615
0.60651
0.66849
0.59498
0.75326
0.47486
0.79814
0.63365
0.52341
0.67309
0.75103
0.54774
0.86485
0.67186
0.60399
0.79039
0.52464
0.84412
0.82933
0.82043
0.58639
0.93361
0.60062
0.87341
0.70266
0.83616
0.76843
0.61889
0.73592
0.55822
0.70749
0.67717
0.6122
0.65456
0.49497
0.73513
0.66452
0.73499
0.85911
0.92385
0.69442
0.69161
0.78902
0.77826
0.73089
0.92165
0.76928
0.37885
0.89819
0.94516
0.85256
0.82704
0.88562
0.92877
0.68554
0.68372
0.93387
0.76511
0.82495
0.66724
0.57385
0.81872
0.72459
0.63986
0.67708
0.65909
0.60654
0.81514
0.66226
0.56426
0.58828
1.0296
0.40871
0.89396
0.65872
0.872
0.72923
0.60175
0.68698
0.8566
0.7704
0.46502
0.65329
0.67938
0.80691
0.81251
0.82194
0.62558
0.96688
0.57808
0.57033
0.67319
0.49418
0.78594
0.67309
0.91503
0.60536
0.53585
0.52192
0.74346
0.88587
0.58843
0.40465
0.68271
0.56718
0.78778
0.67606
0.64423
0.71198
0.73574
0.79861
0.74185
0.76763
0.70161
0.60806
0.66515
0.59972
0.7656
0.39856
0.64077
0.47358
0.59753
0.66733
0.75356
0.62247
0.50714
0.49105
0.57168
0.48933
0.65395
0.83752
0.57135
0.77962
0.83505
0.73059
0.76765
0.77252
0.47451
0.83145
0.79298
0.77351
0.9042
0.59138
0.55238
0.56843
0.68388
0.59776
0.92133
0.6818
0.88074
0.77545
0.72233
0.75754
0.78054
0.60171
0.79237
0.59486
0.76537
0.86785
0.54679
0.83321
0.54648
0.69324
0.8102
0.82945
0.54131
0.72859
0.74615
0.62179
0.36744
0.6452
0.74519
0.5682
0.76165
0.82449
0.8545
0.89714
0.76778
0.68681
0.54198
0.71705
0.60862
0.80002
0.21306
0.70542
0.7308
0.92541
0.6497
0.66328
0.78403
0.78211
0.70988
0.53886
0.73292
0.68192
0.64963
0.7024
0.7567
0.80732
0.70313
0.56641
0.47036
0.64197
0.66632
0.53864
0.42308
0.89568
0.69865
0.98129
0.58401
0.75057
0.41804
0.39352
0.54755
0.8996
0.62225
0.65255
0.7632
0.50232
0.76172
0.91406
0.89523
0.75134
0.60277
0.71282
0.44399
0.62614
0.85444
0.39642
0.81534
0.63386
0.71392
0.75748
0.76057
0.86498
0.77928
0.92872
0.59995
0.79255
0.62315
0.76171
0.70538
0.49148
0.84056
0.65221
0.66291
0.62566
0.81529
0.85047
0.64858
0.64337
0.50321
0.82725
0.87501
0.80312
0.66352
0.74602
0.84661
0.65572
0.77637
0.7947
0.64351
0.71798
0.68734
0.7526
0.40724
0.85593
0.72733
0.53663
0.62943
0.69288
0.74798
0.87907
0.88491
0.65545
0.78588
0.69532
0.55872
0.77107
0.6147
0.67848
0.73072
0.75359
0.6949
0.57318
0.68499
0.73153
0.85332
0.73965
0.83106
0.76793
0.73424
0.77183
0.86508
0.79318
0.70568
0.50289
0.79571
0.76193
0.41086
0.83425
0.85183
0.88138
0.79863
0.85775
0.57972
0.56447
0.68083
0.41428
