0.92343
1.1345
1.023
1.1177
0.99312
0.74718
0.81506
1.173
0.61077
0.96121
1.0717
0.47645
0.82366
1.0432
0.87637
1.098
0.67256
0.93308
0.92592
1.1164
0.82739
0.88039
0.79531
0.98657
0.57016
1.112
0.67715
0.95439
0.82707
0.85449
0.80041
1.0614
0.77795
0.80998
1.0557
0.89208
1.0562
0.85845
0.76204
1.1046
0.89258
0.99233
0.65515
0.90701
0.94037
0.88491
1.0016
1.1238
1.0016
0.95836
0.71995
0.8032
1.1791
0.93218
0.82746
1.0176
1.0285
1.0283
0.91461
0.89416
1.0689
0.86031
1.0276
1.0086
0.73434
1.02
0.69027
0.84765
1.0591
1.0735
1.0996
1.0096
0.6546
0.96501
0.89138
0.95882
1.0002
0.85383
1.1091
0.91759
0.98863
0.8901
1.0718
1.061
1.014
0.98961
1.0668
0.98573
0.9144
1.1222
0.82635
0.80982
1.0486
1.0196
0.82495
0.94899
0.98164
1.0527
0.7944
1.0125
0.8373
0.9121
0.88138
0.77218
0.98896
0.80223
0.83169
0.77395
0.90753
0.77777
1.02
0.69648
0.96459
0.83263
0.86218
0.75195
0.896
1.1591
0.97169
1.0095
0.94113
0.61832
0.79358
1.0855
0.87059
1.072
0.76523
1.0535
0.95729
0.81233
0.80937
1.0904
0.93639
0.92151
1.0917
1.1499
0.89401
0.57161
0.86906
0.75737
1.221
1.0011
0.98645
1.1348
0.99141
1.0406
0.63184
1.0873
0.7787
1.0881
0.95572
1.2045
0.92011
0.8457
0.72489
0.81511
0.93482
0.73186
0.90119
1.224
1.1125
0.85485
0.84057
0.96869
1.0491
1.2877
0.99009
0.9349
0.95564
0.95482
1.0372
1.1826
0.53563
0.90298
0.65192
1.0249
0.99396
1.0199
1.0431
0.94127
0.98002
0.85734
1.0122
0.49889
0.76418
0.99059
1.027
0.76585
0.90619
1.013
0.94167
0.59257
0.88444
0.887
0.6699
1.0472
1.142
0.97604
0.85708
0.7183
0.98512
1.2005
0.95029
0.84826
1.0283
1.0091
1.1071
0.9476
0.99342
0.86619
0.94575
0.81891
1.0831
0.8412
0.73875
1.1059
1.224
0.89894
0.9839
0.88839
1.151
1.0511
1.023
0.74559
0.88788
1.1579
1.0589
0.84927
0.90883
0.94643
1.1693
0.94287
0.96047
0.89454
1.2194
0.53404
0.94519
0.96816
1.1902
0.85267
1.0282
0.87457
1.0795
0.8611
1.0919
0.85636
0.96032
1.2548
0.93521
0.71757
1.1635
1.0983
0.99677
1.0385
0.97354
0.79712
0.87273
1.0021
0.72017
0.83581
1.0238
0.98027
0.92129
1.0287
1.052
1.1273
0.86391
1.1522
0.53219
0.93628
0.89176
0.94434
0.78359
1.1848
1.0675
0.69767
0.87166
1.1011
0.87267
1.0754
1.0037
1.0339
0.60983
1.1694
1.0899
0.91158
0.8876
0.69444
0.99734
1.0566
0.89267
0.98711
0.6014
0.58716
0.95801
0.8651
1.0251
0.88526
0.99149
0.95744
0.69117
0.69696
0.81064
1.0434
0.99981
0.56805
0.96199
1.0328
0.85956
0.81339
1.2202
0.81253
1.0247
0.93803
0.80335
0.80844
0.75657
0.9058
1.134
1.0707
0.90307
1.203
0.78524
1.0632
0.96052
0.7792
0.96893
0.95234
1.0235
0.95104
1.026
1.198
1.0537
1.0823
1.0286
1.0175
0.92533
0.72405
1.0899
0.89607
1.1395
0.71847
0.89329
0.79939
0.97369
0.90074
0.80157
0.74602
0.74363
1.1675
0.90741
0.9772
0.9527
1.2686
0.75837
0.89983
1.0133
0.85189
0.88543
1.0408
0.72485
0.91122
0.62238
0.77235
0.73458
0.80628
1.0766
0.87216
0.8829
0.95212
0.95368
1.0187
0.66795
0.8198
1.0107
1.0824
0.89276
0.97293
1.0772
1.0223
0.79718
0.91817
1.0025
0.61312
1.0778
0.78771
0.85976
0.63708
0.79509
0.8632
0.61336
1.0446
0.95434
0.94589
0.88652
0.83511
0.75804
0.63806
0.98465
1.0221
1.0366
0.86281
0.9564
0.70514
1.1461
1.1113
1.0978
0.92327
0.87427
1.0215
0.95739
1.0312
1.0769
0.96755
1.1073
0.90736
0.87906
0.86773
0.98463
1.1651
1.0267
1.0736
0.89276
0.54451
0.83109
1.0134
1.1175
1.1623
1.085
1.2721
1.119
0.76494
0.99875
0.94979
0.84359
1.0063
0.87482
1.1541
0.71784
1.0078
0.68273
1.0238
0.99847
0.55667
0.85495
0.60277
1.1801
0.86666
0.92896
1.1334
1.0855
1.1869
0.89105
0.9429
0.8199
0.9454
0.68297
0.85425
1.0316
1.104
0.96205
0.62755
0.79513
0.85254
0.88081
0.93387
0.98872
1.154
0.82367
1.0004
1.0227
0.81584
1.0214
0.81625
1.0073
1.0985
0.57145
1.0158
1.0159
0.6413
0.85032
0.99135
0.86607
0.88291
1.032
0.55141
0.91396
0.71098
1.0009
0.89619
1.0133
1.065
0.78996
0.88631
1.1351
0.87439
0.85639
0.76979
0.95577
1.024
0.81779
0.9105
0.99078
0.85112
0.657
1.1771
1.118
0.89657
0.73514
0.99294
0.53486
0.96883
1.0879
0.68154
0.71306
0.90247
0.7839
1.0724
0.89436
0.77646
1.0707
0.98235
0.93459
0.75734
0.96126
0.73833
0.90586
1.0492
1.0415
0.94279
0.89884
0.99838
1.0515
0.89717
1.0142
0.86813
0.89064
1.1483
0.91009
0.99331
0.8461
0.84819
1.1777
0.83661
0.67061
1.0424
1.1314
0.97503
0.47038
0.8652
0.74271
0.85015
1.0385
0.92378
1.1021
0.93102
0.95746
0.86886
0.66323
1.0333
1.2217
0.77474
1.0859
0.82568
0.86776
0.91506
1.2956
0.95606
0.8267
0.87822
0.95217
0.888
1.1275
0.68154
0.73896
0.92977
0.83325
1.0589
1.0468
0.71089
1.1461
0.3003
1.1174
0.74384
0.94508
0.65942
0.98581
0.90287
0.95465
1.2406
0.94763
1.1166
1.1078
0.92594
0.86558
0.78357
0.99345
0.80308
1.0045
1.0858
0.87523
0.98372
0.92465
0.39445
0.82235
0.9147
0.99551
1.0393
0.80855
0.85342
0.69561
0.76854
0.75111
0.82433
0.99161
1.0572
1.2153
1.1614
0.92569
0.9791
1.0717
1.1253
1.126
0.9394
0.95925
0.67508
1.0636
1.0506
0.92268
0.91623
0.75739
0.97128
1.0395
0.96603
0.98321
1.2393
0.84304
0.90859
0.78104
0.82186
0.87354
1.0486
0.87327
0.87151
1.1675
1.0673
0.81652
1.028
0.97408
1.0676
0.8189
1.0267
0.95409
0.8697
0.79885
0.99715
0.97402
0.90732
1.0031
0.80713
0.73875
0.80476
0.91834
0.94344
0.92386
1.0442
0.76846
0.7708
0.84556
0.61081
0.7457
1.1939
1.0694
1.0563
1.0619
1.0719
0.73892
0.65834
1.0899
0.96768
0.91141
1.0776
1.163
0.97123
0.84142
1.0827
0.92282
0.93819
1.2717
0.81608
1.1085
0.98359
1.2182
0.90038
1.039
0.91703
0.97137
0.9997
1.277
1.1787
0.80528
0.76949
0.69245
0.86237
1.151
0.97124
0.75237
0.95334
0.82022
1.1751
1.0422
0.89584
0.7599
0.8209
1.0493
0.93957
0.64825
0.68909
1.065
0.93256
0.8001
0.8626
1.1739
1.0506
1.2356
0.69766
1.2139
0.92406
0.68978
0.51937
0.9371
1.0946
1.0906
1.0136
0.91024
0.92499
0.74829
0.86936
0.97227
1.043
0.97607
0.645
0.97032
0.8878
0.98048
0.95071
0.71534
1.054
0.67632
0.96065
0.96364
0.84505
1.0014
0.74611
1.0963
1.0871
0.87848
1.1355
0.81555
0.96846
0.65532
1.1086
1.0501
0.70509
0.9674
0.73156
1.0604
0.97068
0.78777
0.9966
0.89995
1.1098
0.73568
0.85368
1.1737
1.0004
0.39417
1.1497
0.97798
1.0416
0.97098
0.72116
1.1415
1.0445
0.85113
0.85044
0.83886
0.83967
0.77847
0.80668
1.0049
0.88231
1.1015
1.2116
0.93549
0.94728
0.83459
0.92204
0.74708
0.93182
0.98371
0.78463
0.98618
1.1407
0.70254
1.0529
0.55165
0.84388
0.97409
0.53152
0.9456
0.7358
1.0197
1.0206
0.83273
1.1878
0.60254
1.0105
0.59931
1.1731
1.038
1.0423
0.79916
0.99718
0.81271
0.67398
1.0734
1.0462
0.92161
0.60497
1.1546
1.0471
1.0098
0.78519
0.82923
1.2173
1.1322
0.96106
0.94824
0.74757
0.87796
0.70903
0.84149
1.1893
0.71659
0.74055
1.0082
1.0584
0.84171
0.89511
1.1852
1.0424
0.94658
0.45808
0.88075
0.92846
1.0395
1.071
1.1841
0.93271
0.98163
0.8333
0.98902
0.86136
0.86653
1.1346
0.95346
0.82547
0.82157
0.82525
1.0709
0.69397
1.0245
0.89006
0.97677
0.97451
1.0257
0.99979
1.0467
1.1713
0.74574
0.98322
0.21291
0.95606
0.91026
0.83127
0.69652
1.1278
1.0046
0.77398
0.85476
1.1503
1.1082
0.63717
0.92218
0.93014
1.0274
1.1907
1.1869
0.89192
1.1274
0.8438
0.96813
1.0552
0.86257
0.65528
0.70222
1.0608
0.92819
0.98118
0.87212
0.8568
1.1639
0.58865
1.101
1.0988
0.91123
0.81059
0.81799
1.0478
1.0775
0.6576
0.75489
1.1592
0.69349
1.0186
1.0619
0.78368
0.47122
0.65607
1.0549
0.95127
1.114
0.7782
0.70402
0.97216
0.7836
0.90583
0.52552
0.75268
0.78806
0.88938
1.0979
0.84809
1.1023
1.0226
0.96699
1.0005
0.90334
1.0397
0.53451
0.79703
0.94704
0.59169
1.1704
0.93723
1.0835
1.0404
1.1092
0.98432
0.81698
1.1064
0.89877
1.0482
0.79465
0.96686
0.84243
0.90433
0.9953
0.86052
1.0933
0.86777
1.1551
0.70082
0.74693
0.87347
1.1279
0.90939
0.77437
0.89499
0.57264
1.0765
0.93578
0.87983
0.88517
1.1002
0.73456
0.92531
0.90008
1.1579
0.80345
0.9518
1.0855
1.1033
0.83225
0.90383
0.94434
1.0424
1.1456
0.93371
0.78202
1.0124
0.90851
0.98402
1.1846
1.0025
0.82776
0.73619
0.91815
0.84075
0.95126
1.0538
1.1341
1.0481
0.86615
0.75193
0.93232
1.1704
0.78874
0.80523
0.92248
1.2106
0.7557
1.0554
1.0911
0.7371
1.0625
0.68155
0.9468
0.85014
0.90313
0.73529
0.99635
1.1035
1.1902
0.71986
0.55091
1.0316
1.2133
0.70207
1.086
1.1187
1.1883
0.96519
0.86205
0.96639
0.8871
1.1253
1.1179
0.95814
0.79306
0.60039
1.1915
1.0811
1.1916
1.0902
0.88708
0.96408
0.61111
0.6911
1.0436
1.2457
0.97815
0.78673
1.0559
0.81467
0.96046
0.99353
0.99665
0.76269
0.86853
1.0072
0.86857
1.1187
1.017
1.0387
1.0689
1.0876
1.1596
0.93371
1.1334
0.73501
0.7357
1.021
1.0663
1.0712
0.97448
0.86884
1.0337
0.92677
0.78323
1.0574
1.0391
0.92786
0.88639
0.75225
0.93057
0.85638
1.0823
0.86506
1.1321
0.49565
0.86222
0.70991
0.75487
0.8203
1.0386
0.86415
0.93718
0.70135
0.67564
0.91963
1.0161
0.82788
0.71688
1.0174
1.2654
0.88286
0.82875
1.0951
0.60671
0.78409
1.2442
0.79127
0.7564
0.97246
1.2104
0.83106
0.72142
0.97575
0.97877
0.97097
0.80449
0.59887
1.0516
1.1198
0.70169
0.85772
0.93323
0.83286
0.9538
0.84837
0.70901
1.1006
0.9573
1.0165
0.90163
0.91902
0.94015
1.1536
0.68885
0.63523
0.84322
0.91218
0.75837
0.66451
0.51204
0.88422
0.95225
0.79451
1.0369
1.0028
0.91518
0.84431
0.62538
0.83111
1.0622
1.1995
1.0737
0.88513
1.1305
1.0514
0.91094
1.0092
0.84747
1.1039
0.67818
0.97061
1.1381
0.90628
1.0602
1.0463
0.89321
0.97734
0.69545
0.86991
0.99325
0.85709
1.0043
0.89075
1.0181
0.6491
1.0788
0.83087
1.005
0.69257
0.94364
0.90562
0.88137
0.99489
0.83762
0.96661
0.93731
0.85094
0.90532
1.0233
0.73013
0.50945
1.0816
0.98092
0.82441
0.93354
1.1393
1.1667
1.0207
0.87346
1.032
1.0792
0.86667
0.98098
0.72215
0.78876
0.69701
0.81482
0.97725
1.0181
0.74286
0.94127
0.9434
0.72062
0.90478
0.68077
0.88669
0.76481
0.78298
1.0435
1.0168
1.1862
0.90418
0.91323
1.0259
1.1154
1.1933
0.96662
0.9465
0.79962
0.79624
0.86449
0.82081
0.96361
1.0184
0.91545
0.76578
1.1111
1.0545
0.89951
0.63417
0.87623
0.39681
0.69768
0.62328
0.57923
1.0065
0.90175
0.84216
0.82015
0.81475
1.0247
1.0511
1.1006
0.47312
0.91301
0.61386
1.0859
1.063
1.0854
0.85657
0.99452
1.0009
0.78918
0.95123
0.82522
1.0492
0.88797
0.82088
0.93762
1.0362
1.1155
0.79325
1.0469
0.90629
0.85971
0.79776
0.89339
0.81585
0.90722
1.014
0.9407
1.0406
0.98835
0.98282
0.80777
0.67718
1.1859
0.96901
0.74326
0.9167
1.0049
0.95697
0.85191
0.81696
0.9431
0.88084
0.87019
1.0849
0.8855
0.9227
0.89729
0.65706
1.1855
0.84567
1.253
1.1371
0.94028
0.9706
1.2014
0.69632
1.1032
0.97224
0.5591
0.93671
0.8272
1.0253
0.93656
0.97432
0.71196
0.86615
1.0838
0.93068
1.2172
1.0654
0.66975
0.68555
0.87323
1.0665
1.0036
1.0761
0.97541
1.0961
0.62841
0.8162
0.84981
0.89486
0.97758
0.87731
0.87468
0.73099
0.61788
0.87969
0.67482
0.78766
1.1131
0.97576
0.68626
1.0382
0.98133
1.1467
0.94147
0.80708
0.86323
0.79598
0.91398
0.99327
0.99382
0.75845
0.82456
0.89494
1.1706
1.1088
1.237
0.87254
0.77101
1.0035
1.1151
0.90498
1.0355
1.0873
0.69885
0.89258
0.99222
0.63184
1.028
0.93095
1.0516
0.75196
1.0594
0.89486
0.72397
0.72189
0.9127
1.0408
0.97145
1.0939
0.91344
0.88709
0.99949
1.0047
0.81254
0.94369
1.0408
0.90112
0.90025
0.97972
1.0656
1.1122
0.96679
0.71346
1.2121
0.91074
0.97126
1.0195
0.7187
0.94516
0.82034
0.85961
0.90864
0.93396
0.77627
0.92807
0.92749
0.97743
0.94217
0.95809
0.84428
0.54798
0.98024
0.78155
0.9891
0.8269
0.67529
1.1767
0.82248
1.1232
0.80264
0.94219
1.0792
0.84921
1.0111
1.0163
1.135
0.88821
1.1234
0.82481
0.91702
1.0273
0.86768
0.89545
1.1776
1.0922
0.77241
1.1064
0.91482
0.90214
0.62089
1.1018
0.53166
1.0937
1.084
0.87952
0.89538
0.54029
0.92134
1.0039
1.0618
1.0945
0.66701
0.99185
0.80017
0.89277
0.60612
0.926
0.79187
0.89049
0.95214
0.74308
0.77388
0.95625
0.9368
0.78978
0.95205
1.1066
0.99807
0.78199
1.0943
0.65514
1.017
0.99706
1.2572
1.021
1.0099
0.53273
0.69988
0.90326
1.2145
0.86254
1.1049
0.71711
1.0301
0.81317
1.0447
1.0833
1.042
1.0073
0.99306
1.1007
1.0589
1.0296
0.89074
1.1249
0.85457
1.0334
0.57831
0.66013
1.0009
0.71123
1.0284
0.9567
0.94939
0.75715
0.677
0.79418
1.0043
0.81018
0.88357
1.0482
1.0053
0.61699
1.0157
0.80661
0.94441
0.84538
1.2177
0.76185
1.058
1.0706
0.91508
1.0347
1.0909
0.76968
0.7232
1.0883
0.91084
0.79386
0.97311
0.88686
0.96596
1.2127
0.34896
1.0061
0.98633
1.0996
1.1337
0.68514
0.9259
0.83628
0.69094
0.80831
0.67579
1.0138
0.95909
0.97537
1.2243
0.86338
0.998
0.85048
0.91861
0.77991
0.93699
0.98605
0.81414
1.0298
1.168
0.81854
0.76914
1.0636
0.81413
0.91065
1.0263
0.77261
0.96402
0.97463
1.1541
1.117
0.94768
0.66068
1.2541
1.0471
0.72257
0.4697
0.85256
1.0041
1.0699
0.76084
0.95707
1.1154
1.0496
0.80767
0.65051
1.141
0.93509
1.1179
0.76672
0.70629
0.84036
0.80893
1.0224
0.66333
0.68681
0.65802
0.99566
0.80383
1.1165
0.8017
0.55622
0.924
0.80549
0.91514
0.81169
0.91392
0.88375
0.80518
1.0097
1.0471
0.89519
1.0286
1.0017
0.91513
1.1305
0.87604
0.81463
0.71497
1.1155
1.04
1.0021
1.0838
0.82867
0.72911
0.9018
0.83677
0.90235
0.70172
0.92627
0.51803
1.1166
0.98171
1.0021
0.64637
0.24302
0.85118
0.98598
0.87527
0.95926
1.001
0.91289
1.0914
1.1073
0.87267
0.74183
1.0236
0.98044
1.0372
0.82462
0.91233
1.048
0.82278
1.0399
0.85151
0.9183
0.68253
1.1199
1.0663
0.98894
0.77602
0.75735
0.94482
1.1673
0.67885
0.92183
1.0722
0.89221
0.93154
0.7436
0.82039
0.96774
1.2536
1.0622
1.1649
0.6302
0.65796
1.1973
1.0948
0.82744
0.81747
0.75637
0.95213
1.1688
0.88709
0.85439
0.81128
0.97642
1.0899
1.0277
1.0666
0.97204
0.83943
0.81987
0.93936
0.8739
1.1518
0.77911
0.49941
0.84578
0.9427
0.72437
1.1175
0.78552
1.0446
0.86799
0.99622
0.86832
1.0198
0.55476
1.0147
0.68446
1.0258
1.0134
0.94049
0.7965
1.0193
1.0147
0.90833
0.94749
1.0549
0.99183
0.68503
0.88933
1.0556
0.96817
1.1903
0.75683
0.7604
1.2427
0.81179
1.066
1.0764
1.1243
1.0337
1.201
1.1901
0.83306
0.82666
0.98689
1.0487
0.99371
0.97031
0.96087
1.0159
0.81608
0.86213
0.59529
0.94787
1.1104
0.98135
1.1364
0.73187
0.71664
1.0045
0.58449
0.85936
1.0536
0.62454
0.63093
0.97624
0.82993
1.0159
0.61668
0.97686
0.94303
0.8043
0.9502
0.85029
0.91256
0.81388
1.2092
0.4613
1.1325
0.78741
1.1072
1.0045
1.116
0.88041
1.137
0.97296
0.92976
1.0361
0.7499
0.85913
0.82531
1.1242
1.0181
0.82815
0.83655
0.91978
1.0924
1.0559
0.94906
0.74479
0.77455
0.73303
1.1334
0.82132
0.7489
1.237
1.1607
0.63103
1.0054
1.1131
1.1888
0.85181
1.0473
1.0001
0.80933
0.74396
0.99739
0.94423
0.82988
0.82329
1.0575
0.8787
0.9556
0.59244
0.80395
1.0919
0.84429
1.1553
0.91837
0.99109
0.91603
0.83689
0.96617
0.87974
0.93209
0.79624
0.61044
0.91421
0.86687
0.97411
0.78578
0.91638
0.8283
0.95643
1.0655
0.86475
0.73661
0.57587
0.7364
0.49248
1.1698
0.79245
0.9
1.2915
1.0038
0.91659
1.1089
0.97369
0.92031
1.0652
0.86075
0.71983
0.99853
0.94281
0.74209
0.83782
0.96554
1.1434
0.86227
0.53125
0.9146
1.0015
1.1562
0.79167
1.0116
0.70685
0.94924
0.85305
1.0659
1.1896
0.68649
0.83067
0.98762
0.80257
1.0588
0.7056
0.7723
0.78365
0.9412
0.86105
0.8281
0.91037
0.89277
1.0747
0.73404
1.0533
0.91752
1.1222
1.0351
1.1261
1.1138
1.1098
0.93225
0.86673
0.80207
0.99923
0.88958
0.99231
1.1683
0.91468
0.95171
0.72013
0.86627
0.75487
1.0785
0.98224
1.0548
1.2788
0.67565
0.82696
1.0592
1.0498
0.79998
0.84059
1.0501
0.824
0.97272
0.83782
0.99171
0.87159
0.66037
0.83366
0.74372
0.80839
0.788
0.90136
1.0952
0.94516
0.76798
0.86425
0.83679
1.0738
0.93092
0.74187
0.8867
1.0918
0.90073
0.9541
0.82622
0.95901
0.84831
0.76916
1.2169
0.65546
0.92166
1.1522
0.63925
1.1115
0.81787
0.6496
0.90294
1.0764
0.73919
0.9355
0.85619
1.095
1.133
0.70716
1.0376
0.98003
0.91553
0.89427
0.90549
0.93572
0.48338
0.44334
0.67132
1.1049
1.1091
0.67554
0.89316
1.1485
1.1023
0.88154
0.83902
1.0292
0.9107
1.0731
0.96251
0.79892
0.74608
0.84983
1.0191
0.97548
1.0201
1.0018
1.05
0.76929
0.87971
0.83682
0.83661
0.82625
1.2748
1.0783
0.83914
1.2508
1.2033
0.50459
1.1013
1.2114
1.0889
0.64408
0.83948
0.88897
0.73792
0.45542
0.96784
0.93405
0.88262
1.0006
1.0014
1.0047
0.89718
1.144
0.47385
1.0292
0.64832
1.0523
1.1601
1.1365
0.73523
0.77734
1.2954
1.0391
0.62226
0.87412
0.82981
1.0963
0.66239
1.1465
1.0245
1.0645
0.94892
1.1102
1.0633
1.2192
0.61148
1.0536
1.1441
1.032
0.76895
1.0018
0.99906
1.0164
0.82907
1.0732
0.95872
0.92336
0.84686
1.0355
0.74609
1.0476
0.56465
1.0702
1.1339
0.94754
0.93499
0.92112
0.99675
1.0551
0.9876
0.8765
1.0235
0.61288
0.92248
0.83301
0.6939
0.88255
1.1112
0.91152
0.96459
0.92137
0.7346
1.0396
0.88687
0.94697
0.89286
0.67587
0.35225
1.0616
0.73544
1.2491
1.0135
0.87904
0.85461
0.85275
1.1598
1.0006
0.86794
0.88482
0.88738
1.0769
0.72549
0.84179
1.0084
0.81865
0.89692
0.82276
0.61648
0.78868
0.82238
0.86442
1.0724
1.097
1.0762
0.99523
0.8656
1.1731
0.87392
0.98014
0.93145
1.095
0.80535
0.98057
0.81633
0.856
1.0066
0.96438
1.0151
0.8257
0.88109
0.95098
0.7449
0.75468
0.9422
1.0394
0.93397
1.0054
0.50079
0.98677
0.93243
0.61036
1.1006
1.1863
0.80259
0.85097
0.62591
0.90385
1.1165
0.79558
0.96188
0.87097
0.85477
0.99474
0.88009
1.0558
1.1163
1.0695
0.58257
0.88942
0.76837
1.0349
1.2493
0.84417
0.73976
0.75033
0.95125
1.013
0.8207
1.0102
0.83537
0.8844
1.0768
0.5323
1.0099
1.1249
0.93569
1.0611
0.85416
0.92527
1.0161
0.91441
0.95508
1.0307
0.80378
0.98773
0.72492
0.75751
1.0472
0.77851
0.90133
0.64666
0.87277
1.03
1.0376
1.0648
1.0514
0.98213
0.69634
0.84259
0.71546
0.90094
0.95468
0.88217
1.2216
0.98755
0.7408
0.48664
0.85375
0.87369
0.78196
1.0882
0.99786
0.86215
0.6807
0.92469
0.59778
1.026
1.1027
0.96277
0.99062
1.0298
1.0348
1.1589
0.98182
1.2157
1.2039
1.1926
0.54071
1.1322
0.81853
0.64176
0.96895
0.61477
0.77291
0.76735
1.1523
0.91964
1.094
0.97661
0.77968
0.81413
1.0094
1.1858
0.98985
0.56798
1.1004
1.0095
0.91818
1.0285
1.03
1.0116
0.80478
0.93443
1.1157
0.92249
0.93828
0.8423
1.0045
1.1302
0.64679
0.9392
0.68634
1.1602
1.013
1.1806
0.93262
1.0703
0.8247
1.0904
0.82398
0.85831
0.8229
0.89839
0.9259
1.0216
0.96195
0.95639
1.0562
1.0104
0.94568
0.98317
0.48807
0.86547
0.89534
0.7621
0.83933
0.7727
0.89696
0.81944
0.70647
1.2222
0.79426
1.0283
1.1086
0.90233
0.87795
1.012
0.703
1.0224
0.77738
0.90574
1.0324
0.95903
1.024
0.75705
0.44368
0.77369
0.73728
0.82687
0.90787
1.2408
0.68727
0.75017
0.87094
1.0678
1.0775
0.77693
1.0568
0.9819
0.93665
1.069
1.104
0.87164
1.2065
0.60095
0.63904
0.88034
1.2786
0.69478
0.54567
1.1291
1.0822
1.1873
1.0246
0.82339
0.93774
0.83414
0.84751
0.66824
1.2371
0.94292
0.70071
1.0174
0.93112
0.73925
0.9153
0.53888
0.8071
0.81278
0.70087
1.0811
0.93344
1.1323
1.0319
0.61718
0.8143
1.0878
1.0618
1.2252
0.99309
0.98782
0.67204
0.77911
0.79794
0.91842
0.95493
0.45669
1.0053
0.92453
1.005
1.0711
1.0288
1.0453
0.68553
1.105
0.76342
1.058
0.8406
0.96321
1.0944
1.1123
1.1293
1.0203
1.1448
0.94633
1.0391
1.0804
0.90043
1.1736
0.84159
0.901
0.68576
0.77109
0.53629
0.67098
0.86788
1.0651
0.96224
0.77127
0.68517
0.97645
0.95111
0.98749
1.0382
0.6317
0.83213
0.7436
0.65862
0.9684
0.99184
1.1437
0.98168
0.78624
0.91216
1.005
0.8803
0.93017
0.7782
0.89698
0.91931
0.67683
0.91515
0.82199
0.83972
1.0274
1.1104
0.6964
1.0596
0.74681
0.75438
1.0031
1.1976
0.99293
1.0189
0.90525
0.61661
1.1185
0.72327
0.7782
0.89701
0.49245
0.85144
0.86668
1.1395
0.71367
0.88598
0.77171
1.2012
0.90833
0.76578
0.76976
0.63543
1.0996
0.62095
0.98493
0.95036
1.0724
0.59498
1.1557
1.0313
1.0331
0.9021
0.84052
0.93446
1.0567
0.82932
0.87754
0.7771
1.038
0.89712
1.2139
1.2258
0.93109
1.0242
0.91266
0.79003
0.95327
1.0659
1.0399
1.1097
1.0451
0.99466
0.99022
0.92669
0.83526
0.87529
0.36691
1.0761
0.83866
0.786
0.97057
1.0406
0.66013
0.8917
0.83562
0.96547
0.65077
0.8671
1.2085
0.87064
1.1083
1.0744
0.97229
0.78209
0.92108
0.9838
0.90482
0.37549
1.025
0.6397
0.71254
0.72521
0.84261
0.83306
0.87575
1.074
1.1254
0.96504
1.0775
1.0366
0.97206
1.0546
1.0211
0.71213
0.89406
0.86698
1.093
0.99933
0.92172
1.0861
0.7321
0.95932
0.89576
0.99219
0.97225
0.88982
0.67195
1.0848
1.1937
0.60377
0.95318
0.91972
0.66049
0.92975
0.76433
0.88755
0.68777
0.84123
0.86973
1.1846
0.95143
0.60731
0.98307
1.2244
0.87545
0.77962
1.0598
0.60096
0.9816
1.0445
1.1293
1.0253
1.1364
1.0598
0.63249
0.89679
0.89974
0.93426
0.67675
1.0438
0.71057
1.1973
0.83303
0.68169
0.90266
0.77147
0.79927
1.0192
0.95119
0.99804
0.83023
1.1655
0.80641
0.98819
0.95915
0.8961
1.1167
0.86836
1.019
0.85895
1.2189
0.67725
1.1469
1.0531
0.95769
1.0206
0.85089
0.97134
0.82555
1.0619
0.95136
1.0546
1.07
1.2546
0.74884
0.83043
0.90423
1.0608
0.99328
1.126
0.51797
0.91104
0.89136
1.0482
0.895
0.94369
0.95365
1.0876
0.9143
1.1074
0.87615
0.78777
1.2155
0.68125
0.90843
1.0024
0.79453
0.9924
1.0735
0.91152
0.96552
0.92931
0.83243
0.61387
0.79664
0.91152
0.9163
1.1582
0.79513
0.64706
0.70233
0.82119
0.89248
1.1463
0.72313
0.98286
0.95506
1.0014
1.017
0.96613
0.90655
0.83523
1.1509
1.1981
0.63912
1.0658
0.61705
1.1083
1.0555
0.64602
1.2643
0.7739
0.69944
1.1249
0.93246
0.80812
0.8463
0.74406
0.95738
0.71316
1.1691
1.1134
0.81542
0.96499
0.65927
0.95994
1.0064
0.82182
0.9005
0.92653
1.0391
0.8056
1.0177
0.90547
0.97172
1.0637
1.1039
0.82456
0.80672
1.2934
0.95956
1.0674
1.1847
0.87127
0.74766
1.0043
1.1403
0.93734
1.0292
0.81599
0.81764
1.0273
1.0385
1.0104
0.94747
1.0417
1.0757
0.8074
1.1055
1.0551
0.89045
1.1443
0.99197
0.93059
1.0569
0.79141
0.93371
0.90994
1.062
0.99555
0.74999
1.0029
1.1389
0.72511
0.94941
0.94911
0.96014
1.0909
1.0238
0.84049
0.83884
0.75644
1.0064
0.95953
0.92409
0.90378
0.75742
0.57346
0.63695
0.76288
1.2302
1.023
1.0113
0.92844
1.1492
1.048
0.90055
1.0777
0.91242
0.92864
0.91875
1.0059
0.96507
1.1172
0.98278
0.89604
0.9679
0.96888
0.78657
0.72848
0.88274
0.98447
1.2836
0.60691
0.83907
0.80847
0.95876
0.85068
0.8098
0.73619
1.1551
0.88999
0.85521
1.0332
0.9815
0.94306
0.87452
0.94212
0.88307
0.85079
0.8381
1.1101
1.1561
1.0909
1.0258
0.95983
0.7994
0.65663
1.1125
0.90558
1.0486
0.88289
0.63856
1.1198
0.7869
1.0249
0.87454
1.1356
1.0255
0.65928
0.9004
1.2024
0.96594
0.95327
0.93171
1.0722
0.70339
0.90371
0.97893
1.0901
1.1618
0.81364
0.91805
0.63208
0.93277
1.0053
0.99823
1.0451
1.093
1.1099
1.1281
0.95594
0.84408
1.0473
0.93504
0.90212
1.1684
1.1463
1.0549
0.9521
0.91287
1.0703
0.7662
0.98404
0.86027
0.94801
0.59
1.0788
1.0322
0.58939
1.1192
1.1802
0.79541
0.99092
1.1106
0.6914
0.99334
1.1054
1.081
0.959
0.94724
0.90043
0.94325
1.0971
0.90646
0.80329
0.74173
0.98611
0.94094
0.83868
1.0758
1.0341
0.89333
0.68981
0.85992
0.83845
0.87123
0.8912
0.82632
1.0424
0.83675
1.0211
1.1469
1.118
0.73035
0.99719
0.93159
0.9152
1.0311
0.94639
0.99319
0.76079
0.74521
1.1519
1.05
0.99435
0.90177
0.78338
0.97957
0.96375
1.03
0.95576
0.6755
0.87588
1.1167
1.1138
0.83428
0.94441
0.80605
1.0236
0.76177
0.80617
0.8567
1.0536
1.1011
1.1912
1.0001
0.79813
0.95359
1.1403
0.73468
1.181
1.0594
0.90196
0.99816
0.88672
0.5051
0.97565
0.64414
0.55136
0.91438
0.88858
1.001
0.93657
0.72942
0.58932
0.92476
1.1439
0.9093
0.82718
0.61758
0.97626
0.94529
1.0062
0.59665
1.0256
1.0482
1.1086
1.1321
0.78907
1.0674
0.77273
0.73097
0.73712
0.66672
1.0111
0.98923
0.94544
0.6676
0.97236
1.0825
1.009
0.96734
0.65061
0.85369
0.97544
0.94463
0.76891
0.96707
0.82107
0.84938
1.123
0.92289
1.0028
0.81343
1.0164
0.96809
0.90394
0.8497
0.83468
1.0606
1.0888
1.0088
0.87833
1.106
0.80369
0.6023
0.99136
0.84816
0.63285
1.1183
1.0672
0.73762
0.9457
1.0507
1.0265
0.77462
0.76675
0.92722
0.74008
0.86169
0.97848
0.59359
0.93517
1.0659
1.0108
0.76078
1.0394
1.0476
0.83999
0.78909
0.88171
1.1661
1.0663
0.93379
0.6401
1.058
1.0739
0.83754
1.1063
0.79174
1.0028
1.0311
0.85166
0.67343
0.80721
0.97807
1.1006
0.86962
0.97946
0.69337
0.75768
1.0202
0.83438
1.044
0.82424
0.90942
0.98124
1.1761
1.2302
1.1065
0.88346
0.88607
0.71547
0.96906
1.0025
1.0369
0.94463
0.93432
0.81863
1.0234
0.54857
1.1132
1.1468
1.1188
1.0037
1.0786
0.953
0.77663
0.8605
0.98681
0.94535
0.90529
0.87184
1.1043
0.64993
0.96472
1.0515
0.8999
0.91408
0.91759
0.96385
0.85349
1.0537
1.1001
0.97906
1.2034
0.97223
1.1051
0.62888
0.69707
0.52369
0.90975
0.89169
1.0629
0.9248
0.83163
0.87025
0.80115
1.1943
0.88884
0.89723
0.75766
0.7902
0.72808
0.92693
0.86324
0.95435
1.1994
0.92857
1.0538
1.0623
0.96058
0.96236
1.2719
0.90916
1.0867
1.168
0.88263
0.98313
0.93385
0.85452
0.89315
1.0486
1.1077
0.76861
0.9825
0.67611
0.93599
1.163
0.81332
0.847
1.001
0.79755
1.1132
0.92488
0.42345
1.0877
1.2281
0.75934
0.52503
1.1148
1.0131
0.96822
1.0128
0.94291
1.1519
0.8871
1.0359
0.88046
0.75725
0.88452
1.0431
1.0638
0.98707
1.0236
1.1992
0.99357
1.2044
0.9147
0.98622
1.0761
0.98775
1.0947
1.0171
0.72723
0.92127
0.96715
0.6424
0.70906
0.97573
1.1416
1.2779
1.0144
0.74196
1.0742
0.93822
0.87112
0.73002
0.72174
1.1568
1.0507
0.90509
1.1055
1.0538
1.039
1.0917
0.63518
1.1566
0.94537
0.89093
1.1641
0.79618
0.74333
0.98293
0.87022
0.89127
0.85705
0.52823
0.97022
0.75379
0.93743
1.0827
1.1834
0.90274
1.0428
0.80215
1.0796
1.0456
1.1173
0.75802
0.80772
0.95145
0.78961
1.0936
1.1164
0.79826
0.5947
0.89882
0.90284
1.1265
0.99804
0.81459
0.789
1.0385
1.1717
0.61566
0.8846
1.0319
0.75997
0.88351
1.0144
0.8095
0.89229
0.91251
0.96471
0.6879
0.75348
0.85091
0.85527
1.0723
0.58156
1.0211
0.49053
1.0508
1.0359
1.1315
0.80817
0.46585
0.77401
0.95711
0.73488
0.63375
1.1137
0.96332
0.53266
0.58247
0.77338
1.069
0.80484
0.71764
1.0361
0.74138
0.98779
1.0654
0.72846
0.81411
0.57059
0.95988
0.95682
1.0057
0.95355
0.89438
0.76746
0.92837
0.74604
0.84659
0.94712
0.98689
1.0479
0.86504
0.75491
0.72949
0.66097
0.62298
0.83825
0.91301
1.0149
0.68839
1.1005
1.0385
0.48911
0.7237
0.95555
1.3334
1.0424
0.88525
0.72239
1.1733
1.1167
1.1063
0.75451
1.0168
1.0614
0.90974
1.0398
0.7252
0.82803
0.53003
1.0829
1.008
0.56725
0.9112
0.99869
0.4811
0.86208
1.0758
1.1614
0.77054
0.99798
0.96839
0.87393
1.0618
0.93112
1.0119
0.76587
1.0444
0.84194
0.57408
1.2373
0.97009
1.1604
0.94432
0.88762
0.68418
0.53303
0.97017
0.96976
0.84262
0.74325
1.0777
1.066
0.8172
0.78405
0.98001
0.89151
0.91238
1.1066
0.84097
0.91373
1.0901
1.1335
0.99058
0.8061
0.96264
0.56603
0.96585
0.67273
0.81965
1.093
1.0619
0.88463
0.97719
1.0993
0.91318
0.88615
0.91029
0.52204
1.0942
0.93678
0.95843
0.89333
1.0485
0.90349
0.79221
1.0788
0.99332
0.80404
1.0076
1.0231
0.79637
0.92027
0.96182
0.84582
0.51306
1.1341
0.72533
0.95167
1.1401
1.1368
0.82106
1.0901
1.067
0.9114
1.0365
0.85864
0.73709
0.7938
0.79506
1.1492
0.92615
1.1247
0.86376
0.96289
1.1692
0.82216
1.0774
1.1098
0.62822
1.1445
1.1054
0.9672
1.0605
1.0842
1.1061
0.8349
1.0647
0.54977
0.94028
0.83717
0.9732
0.77396
0.70627
0.99999
0.92871
0.82229
1.122
1.0773
1.0628
0.78518
1.2044
0.98789
0.80476
0.94643
0.82443
1.0453
0.99079
0.89003
1.016
0.76991
0.53101
0.81282
1.0042
1.0169
0.90904
1.0725
0.94427
1.1137
0.71255
0.88995
0.78628
0.77646
1.1621
0.86568
0.71969
0.81148
0.95762
0.78731
0.76957
0.982
0.93813
0.79864
1.1544
0.88535
0.69238
1.1026
0.97675
0.9229
0.95124
1.037
0.94699
0.8252
1.0176
1.1263
0.93636
0.93774
0.9266
1.0608
1.1054
0.96203
0.84807
1.1452
0.44828
0.99187
0.94619
0.75935
0.97249
0.73048
1.1214
0.97257
0.99582
1.2489
1.1508
0.62046
0.69765
0.68829
0.75904
0.81973
1.1251
0.56886
0.81623
0.97563
0.71581
0.8807
1.2614
0.84624
0.91388
1.1521
0.99776
0.96922
1.0394
0.88587
0.91765
0.69584
0.89855
0.80084
1.2253
1.0585
0.8971
0.99781
0.95091
0.8314
0.94627
0.96085
0.77039
0.6926
0.65132
1.1522
1.0535
0.63225
0.90286
0.9946
0.97206
1.0458
1.0362
0.97545
0.92645
0.67355
0.78357
1.0147
0.66252
0.84536
0.84003
1.0181
1.0352
0.78125
0.94904
0.93791
0.95543
0.72285
1.1668
1.0985
0.73165
0.96433
1.017
1.03
1.0738
1.1727
0.85473
0.88206
0.91225
1.1879
0.65253
1.1241
1.0181
0.78883
0.68093
1.0072
0.94586
1.0357
0.96783
0.63091
0.99659
0.6294
0.76393
0.19127
0.96176
1.0035
0.62275
1.1113
1.0153
1.1563
1.2819
0.73575
1.0845
0.78348
0.69359
0.77838
1.0998
1.0738
0.81422
0.56766
0.71244
0.92923
0.74135
0.98581
0.98226
1.1115
0.95155
0.69723
1.0414
1.0405
0.80593
0.92629
0.49705
0.96488
1.3573
0.89471
0.7666
0.90854
0.80244
1.0762
0.91735
1.1006
0.82591
1.115
1.0128
1.1335
0.74858
0.92829
1.0737
1.1343
0.88575
0.79478
1.0129
0.96257
0.88739
0.88727
1.0802
0.94746
0.7686
0.83294
0.9914
1.0092
0.83684
1.1841
1.0467
0.79956
1.0442
0.80273
1.0708
1.1216
0.90226
0.76012
0.87546
0.7182
1.139
1.1677
0.68695
0.91696
0.94615
1.095
0.71299
0.72086
0.90359
1.0646
0.96365
0.93563
1.2113
1.0637
0.739
0.99648
1.211
1.1738
0.93124
0.8893
1.0382
1.0608
1.0001
0.65384
1.039
1.1242
0.86513
0.96023
0.85035
0.89539
0.99454
0.66643
1.017
0.94042
0.9562
1.1624
1.0144
0.66699
0.81843
0.99489
1.0762
1.03
0.97485
0.98098
0.76628
1.0282
0.81472
0.8312
0.8078
1.0322
1.0983
1.1374
0.77543
0.95212
0.70397
0.97848
0.95993
0.70933
0.94662
1.1063
1.0614
0.85647
0.83395
0.83348
0.91525
1.0485
0.93572
1.026
0.88802
1.0116
1.0665
0.9611
0.79879
0.91377
0.98311
1.034
1.1
0.89353
0.75334
0.84579
1.1401
1.0206
1.0332
1.072
1.149
1.0519
1.2036
0.91148
0.73277
1.2065
0.91461
1.0002
0.86125
0.91839
1.0235
0.78918
0.84336
0.78882
1.0824
0.7765
0.65271
0.84048
1.1257
0.6233
0.88244
1.0249
0.96083
0.83616
1.0175
1.0677
0.96797
0.6916
0.8557
1.0637
0.97195
1.1008
0.79389
1.1346
0.81605
0.9369
1.3094
0.88564
1.0617
0.66892
0.70116
0.83842
0.98869
0.70864
1.0097
1.1304
0.67244
0.89992
1.0448
0.80069
1.0767
0.96095
0.9104
0.87146
1.037
1.0817
0.97075
1.2299
0.85002
0.75096
1.0083
0.88332
1.0436
0.8543
0.9137
0.86931
1.1544
0.89303
0.89133
0.79747
1.1893
0.17798
0.83478
0.90475
0.71723
0.86998
0.97327
0.77612
0.79975
1.1178
1.0302
1.0241
1.0185
0.6456
0.27275
0.68007
1.0816
1.1038
0.86951
1.2068
0.88006
0.97051
0.9095
0.87692
1.1442
0.94669
0.944
0.91812
1.1351
0.78278
0.81919
0.9313
0.92402
0.49133
0.9315
1.1406
0.90254
1.0772
0.94377
0.73317
1.0305
1.0665
0.9729
0.903
1.0557
1.0875
0.83825
0.96981
0.87757
1.1434
0.96031
0.93927
0.99595
0.71361
0.70411
0.78515
1.0612
0.82546
1.0585
0.95845
0.89129
0.86049
0.91545
0.93164
1.1186
0.78559
0.82706
0.89901
0.94464
0.89984
0.94591
0.6635
1.0676
1.1153
0.77462
0.87985
1.0171
0.84057
1.1355
1.0747
0.93376
1.0444
1.0336
0.90987
0.93087
0.74504
0.72779
1.0763
1.1198
1.056
0.95655
0.91895
1.0038
0.85592
0.89329
1.0511
0.83246
0.93091
0.95743
1.1007
0.78751
0.83274
0.88127
0.96579
1.0138
1.0902
0.76494
1.1331
0.66296
0.84193
0.86249
0.93121
0.79175
1.0359
1.0684
0.90725
0.7005
0.39717
0.81634
0.91875
1.1508
0.95781
0.73536
0.9398
0.99875
1.0797
1.0207
0.7944
0.96637
1.0046
1.0028
0.94765
1.1551
1.1585
0.75527
0.66279
1.0191
0.7807
1.005
0.8694
1.1147
0.44922
0.76288
0.91303
1.0836
0.99219
0.92068
0.98251
0.94396
0.46458
0.89326
0.95999
0.63614
0.97611
0.73903
0.90671
0.65908
0.98478
0.90082
1.074
1.1189
1.0767
0.66167
1.012
1.0657
1.0658
0.69733
1.0351
0.79638
1.1591
1.077
1.0756
0.72507
0.99845
0.81278
1.0311
0.73851
1.1509
0.92231
1.0713
0.96093
1.0702
0.67661
0.79589
1.1256
0.82896
0.92119
0.99777
0.82209
0.53538
1.025
1.0027
0.90199
0.71001
0.86308
0.94371
0.92337
0.84673
0.82399
0.91747
0.86395
0.96548
0.86179
1.0018
1.1915
0.95736
0.95533
0.82608
0.76666
1.1522
1.0755
1.1897
0.79696
0.38688
0.9749
1.0296
0.754
0.81127
0.89745
0.83886
0.65992
1.0723
0.75922
0.92145
1.1118
0.79366
1.1961
0.54249
0.95746
0.84737
0.88564
0.78611
0.79493
0.90326
0.86761
0.96521
0.80986
0.96159
1.0342
1.0023
0.7702
1.0093
0.84147
0.71707
0.64557
1.0697
0.84313
0.91658
1.1366
0.75383
0.94385
0.59686
0.99469
0.97723
0.89716
1.0747
0.86466
0.61949
1.2281
0.85987
1.0921
1.0948
1.0069
0.63989
0.92452
1.0802
0.72448
0.74904
0.74438
0.83967
1.1544
1.0056
0.82094
1.0424
1.1908
0.74166
1.081
0.89896
1.1211
0.69992
1.0851
0.97514
0.94628
0.94671
0.6785
1.1345
1.14
0.82349
0.82835
0.86048
0.83954
1.0321
0.88222
1.1696
0.71476
0.82769
1.1103
0.81056
0.91888
0.65655
1.0797
0.7294
0.98123
1.1029
0.98174
0.98583
0.83943
1.1007
0.857
1.1092
0.9334
0.89794
1.0593
0.76661
0.75841
1.0221
0.83176
0.8675
1.121
0.87977
1.0459
1.2266
0.84827
0.89584
0.99913
1.0155
0.94405
1.1119
0.9041
0.99887
0.941
0.97984
0.91874
0.83225
0.85663
0.95065
0.8699
0.99808
0.76698
0.63898
1.1376
0.78839
0.6319
0.82522
0.80822
1.1258
0.96132
1.1389
0.919
0.9986
0.81964
1.2175
0.88008
1.0325
0.92696
0.64468
0.71477
0.93754
0.74514
0.99106
1.1236
0.96569
0.89983
0.54706
0.94565
0.92035
0.88319
0.81886
0.90296
0.83852
1.3251
1.0089
1.0337
0.9364
0.77853
1.0899
1.0186
0.50667
0.85485
0.65452
0.81982
1.0336
0.85918
0.89646
0.95037
0.70867
0.75806
0.91177
0.94818
1.2221
1.0825
1.2081
0.91616
0.95893
0.66641
0.93863
0.76728
0.95042
0.64959
1.0233
0.77082
0.95298
0.96246
0.97882
0.97439
0.97786
0.79862
0.93749
1.0293
0.89439
1.0885
0.85829
1.0873
1.1407
0.89713
1.101
1.016
0.67621
0.867
0.72782
0.76922
1.0714
0.69888
1.0576
0.78124
0.68215
0.96444
0.85624
0.97155
0.8384
0.96521
0.59338
0.96972
0.80023
0.87685
0.80073
1.0254
0.75709
1.1298
0.9235
0.91004
0.99123
1.0364
0.76479
0.78511
0.99297
1.1024
0.87094
0.89139
0.8752
0.62713
0.8223
1.1311
0.98073
1.0466
0.97988
1.0911
1.1018
0.83378
0.82911
0.94939
1.079
0.77539
0.77528
1.0026
0.9936
0.99155
0.47442
0.64798
1.0987
0.82286
0.93028
1.0526
0.88581
0.72339
1.0034
0.93181
0.63054
0.76096
0.87364
1.1508
1.0948
1.1906
1.0735
1.1678
0.58655
1.2555
0.64589
0.73779
0.99865
0.92239
0.97924
0.75312
0.64577
0.90517
0.8832
1.1128
0.97949
0.833
0.6514
1.0831
0.84851
0.85444
0.8398
0.7694
1.1871
0.62818
0.6204
0.86524
0.979
0.83828
0.87676
1.1217
0.7448
1.1346
0.83186
0.97326
1.0713
0.97499
0.99274
1.0443
1.1556
0.98624
0.82454
1.2229
0.77642
0.79845
0.78045
0.95316
0.83736
0.67778
0.93891
1.1293
1.0627
0.99424
1.0281
0.93635
0.98122
0.84395
1.0399
0.96629
0.9171
0.82604
1.1147
1.1071
0.9437
0.9186
0.86776
1.0049
1.0263
0.67068
1.012
0.91944
0.81457
1.0717
1.0381
0.47085
0.76335
1.0429
0.87528
0.90704
0.91221
1.1508
0.99023
0.53866
1.0611
1.0535
1.0094
0.92248
0.87874
0.8662
1.1566
0.89775
0.97672
0.99216
0.84473
1.2543
1.0467
0.94982
1.1227
0.89993
1.1517
0.88097
0.97029
0.88633
0.98203
0.8838
0.94835
0.84435
0.80664
0.72381
1.2113
1.0303
0.82553
0.66666
0.88245
0.89221
1.0443
0.87065
0.94584
1.0036
0.75204
0.81412
0.5663
0.93256
1.0344
0.87222
0.81893
1.0058
0.85332
0.81697
0.74393
1.1492
0.84579
1.1538
0.93887
1.1381
0.82658
0.89089
0.94068
0.74807
1.0265
0.72906
1.0531
0.78518
1.163
0.94221
0.91584
0.97046
1.0492
1.0338
0.99406
0.92592
1.0953
0.77645
0.92591
0.90789
0.83156
0.97346
0.80378
0.70142
0.79671
0.77693
0.62844
1.0744
0.91044
0.93042
0.84693
0.91269
0.7462
0.89685
1.1061
0.9898
1.0083
1.1312
0.9132
0.51606
1.0293
1.1847
0.80811
0.94464
1.1198
1.1127
0.79788
0.61913
0.87375
0.6282
1.2124
0.96578
0.9862
0.82994
1.0546
0.76737
0.98287
0.71556
0.95986
0.88244
0.89115
1.148
0.50896
1.0105
0.95717
1.2168
0.8253
1.1297
1.036
0.72071
0.92529
0.82836
1.0732
0.86686
0.82428
0.66394
1.0477
1.0974
1.127
0.9989
1.0008
1.0706
1.1248
0.97096
1.0591
0.74674
0.89608
1.1991
0.88424
0.87705
0.96649
0.73314
0.89955
0.9015
0.71919
0.70121
1.2348
0.96801
0.71082
0.74536
1.0062
0.94073
1.0476
1.0683
0.72092
0.81836
0.87269
1.0164
0.8371
0.85341
0.75009
1.0079
1.0936
0.95881
0.88968
1.1048
0.83946
0.55484
0.83152
1.1206
0.84348
1.0764
1.0059
1.0435
0.80296
1.0102
0.82703
0.91319
0.63273
0.90179
0.67055
0.63929
0.90671
0.90455
0.82956
0.99779
0.98892
1.0046
1.0007
0.61974
1.1163
0.97348
0.96869
0.84195
1.1696
0.83736
0.88316
0.41593
0.75598
0.64428
0.87442
0.97613
1.0369
0.79594
1.1596
0.60023
0.80049
1.2265
1.0461
0.8972
0.88866
0.87503
0.76986
1.0011
1.2407
0.92074
0.97022
1.1481
1.1827
1.0476
1.1439
0.79415
0.85953
1.1107
0.79659
0.65448
0.96948
1.1363
1.0281
1.042
0.73331
1.1087
0.90897
1.1382
1.006
0.90341
0.84412
1.0114
0.86276
0.73224
0.74122
0.97501
0.82757
0.9841
0.63625
1.1523
0.56437
1.1432
0.83395
1.108
0.83699
1.0582
1.1257
1.1173
0.92661
1.1477
0.81523
0.78988
0.93263
0.69441
0.79485
0.88848
0.98713
0.94787
0.90234
0.98807
0.82875
1.0245
1.0358
1.0985
0.89177
0.93696
0.94253
0.92793
0.62594
1.1168
0.54256
1.1388
1.1642
0.79503
0.75359
0.85172
0.86339
0.86476
0.74975
0.93441
0.91192
1.0414
0.85473
0.6262
0.51572
0.97084
0.76583
0.56412
1.0939
1.1094
0.94501
0.9281
0.78553
1.1401
1.0682
1.2078
0.71578
0.8592
1.1521
1.0096
0.92029
1.1446
0.90563
0.64118
1.0425
0.93115
0.64675
0.78245
1.0219
0.73556
0.6857
0.78629
0.9494
0.89852
0.75841
0.7986
0.69817
0.9566
0.90277
0.83802
0.88599
0.90161
0.89408
1.1496
1.1947
1.1357
0.98475
1.0064
0.54563
0.69423
0.88834
0.75813
0.94993
0.75439
0.91803
1.0058
0.73506
1.2034
0.71893
1.0009
1.1393
1.129
0.80351
0.70943
1.0733
0.91351
0.90093
0.99046
0.72919
0.96672
0.92934
0.65011
1.055
1.0696
0.96792
1.0971
0.85644
1.0575
0.79854
0.73258
0.84798
0.96981
1.0153
0.81624
1.1327
0.89601
0.89112
1.0492
0.82114
1.0495
0.90555
0.9487
0.85106
0.68531
0.6012
0.94816
0.83455
0.89413
1.0453
0.82822
0.76462
0.86454
0.78713
0.97283
0.92695
1.1402
0.5744
0.97025
0.80167
0.94155
1.1301
1.0287
0.8282
0.9037
0.96963
0.6732
1.1016
0.88824
0.90608
0.99627
0.53637
0.69782
0.96069
0.98775
0.97122
1.0854
0.90464
0.70515
1.0611
0.95487
0.81757
0.98324
0.90569
1.0002
0.57182
1.0093
0.69951
1.109
1.0353
0.64737
1.1276
1.1026
0.7206
1.0399
0.9447
1.0204
1.0313
0.66177
1.0661
0.79991
1.0521
0.96433
1.1722
0.59124
0.97285
1.1239
0.86106
0.91698
1.1772
0.88007
0.68093
0.48675
0.76446
1.0274
0.84766
0.74112
1.1567
0.98177
1.1783
0.70142
0.98026
0.85427
1.0332
0.45044
0.86559
1.0177
1.0128
0.97333
1.0557
0.80959
0.89964
0.75958
1.2402
1.0431
1.159
1.0637
0.66839
1.3255
0.90925
1.0015
0.63599
0.74079
1.0411
1.1226
1.0646
1.0986
0.93112
0.81791
0.81243
0.75455
1.0883
0.66966
1.2329
0.55661
1.0962
0.86051
1.0163
1.0871
1.0065
0.84305
0.88019
0.86993
1.0467
1.0898
0.70969
0.72513
0.72701
0.87481
0.72011
0.96079
0.95009
0.73379
0.80303
0.75872
0.83143
0.74509
1.1734
1.0296
0.7437
0.83682
1.0498
1.2241
0.89416
1.0059
0.93668
1.1634
0.7235
1.0098
0.83559
1.1342
1.1818
0.86102
1.0673
0.92866
0.80047
1.0043
0.86477
0.84433
0.97914
1.2529
0.64366
0.92811
0.79696
0.98377
0.86254
1.0632
0.9203
0.86376
0.77825
1.0069
0.85202
1.0356
0.9808
1.1477
1.0947
0.90665
0.6663
0.90185
1.1207
1.1625
0.95286
1.3614
1.1126
0.95333
0.41225
0.91154
0.72204
0.80179
0.96845
0.77709
0.94353
0.5317
0.77869
0.72061
0.95146
0.80213
1.0926
0.93165
1.0918
1.0422
0.84984
0.76015
0.8609
1.0277
0.85731
0.59645
1.1029
0.86522
1.0191
0.97658
0.65603
1.1157
1.0569
1.0127
0.26891
0.83693
1.1708
1.0852
0.92608
0.99163
0.80213
1.1768
0.97613
0.92445
0.91395
1.1881
0.90172
0.9353
0.97988
0.86767
1.0074
0.9538
0.80501
0.96594
1.0896
0.86062
0.99009
1.0684
1.0394
0.96482
0.78847
0.94575
0.77323
0.98645
0.85709
0.77073
1.01
1.0553
1.0896
0.96311
0.81553
0.96157
1.0842
1.0419
0.89935
1.092
1.01
0.62308
0.6421
0.88734
1.1644
1.0009
0.87548
0.62546
1.1002
0.9754
0.86229
0.73724
0.65152
1.1082
1.0855
1.0136
1.0259
0.84711
0.92574
1.0464
0.95515
0.84336
1.0766
0.81897
1.0398
1.1445
1.2421
1.1696
0.84597
1.0993
0.88491
0.83529
0.92385
0.88654
0.96706
1.0685
1.1083
0.52198
0.83511
0.82238
0.96936
0.65111
1.0297
0.8439
0.77596
0.69232
1.0267
0.83834
0.89928
1.2418
0.99147
1.0631
0.98238
1.0005
0.92969
1.0429
0.9209
1.0138
0.87971
1.011
0.76533
0.62392
0.75012
0.60666
1.0389
0.89531
1.1472
0.96103
0.74564
0.81391
1.0492
0.91216
0.76057
1.0377
0.67723
0.99967
0.92847
0.84559
1.0235
0.69226
0.92043
0.73792
0.90105
0.91412
0.936
0.82692
0.9026
1.0661
0.981
1.225
0.98334
0.99385
0.98078
0.97107
1.0415
1.108
0.74997
0.97015
0.77843
0.89421
0.45171
1.0019
0.90068
0.89248
1.1341
0.52134
1.0822
0.93738
1.0655
0.80876
0.92855
0.84354
0.8259
1.1263
0.85819
1.0116
1.2123
0.98846
1.0102
1.0238
0.7943
0.75542
0.94539
1.0792
1.0183
0.74418
0.7868
1.108
0.83607
1.0845
0.73135
0.90689
0.63866
0.63836
1.1381
0.98447
0.8071
0.92082
1.2105
0.76796
0.85927
1.1628
0.96827
1.0026
1.0165
1.0525
1.092
0.98692
0.87459
0.90611
0.95051
1.0376
0.75231
0.98461
0.90718
0.63005
0.58308
1.0216
0.83257
0.6621
0.82602
0.89345
0.90172
1.0014
0.80326
0.78161
0.9145
1.0748
0.66119
0.92697
1.0264
1.0812
0.96183
1.0102
0.92612
0.62138
1.0617
0.80821
1.182
1.0154
1.0226
0.91696
0.95931
0.83044
0.59691
0.95908
0.82886
0.68005
0.82289
0.99434
1.3592
0.49707
0.81287
1.0986
0.96129
0.90521
0.57745
1.0744
0.95535
1.0018
0.91625
1.0497
0.96706
0.93843
0.82212
0.80866
0.64833
1.2214
1.0884
0.82673
0.84549
0.95865
0.90065
0.84334
0.87409
0.9432
1.1476
0.87628
1.0206
0.67573
0.88279
1.061
1.0863
0.90272
1.0878
0.9011
0.5237
1.0276
1.1042
0.67893
0.86638
0.7313
1.0487
0.73221
0.836
1.1272
1.1575
0.83372
0.77452
1.1095
1.1669
0.93257
0.90901
0.78696
0.89922
0.87349
0.9375
1.0277
1.187
1.119
0.47395
0.85795
1.0782
0.9582
1.1214
0.97066
0.9391
1.1307
0.91291
0.91052
0.79389
1.1391
0.90661
0.93675
0.95348
0.98653
0.99489
0.46396
1.0621
0.85725
1.0959
0.93033
0.99388
1.2007
0.75795
0.96854
0.8944
0.67557
0.78655
0.96676
0.87527
0.98171
0.98889
0.89009
1.0321
0.88564
0.67387
1.0374
0.81069
0.80525
0.76043
1.0812
0.93951
0.96766
0.71053
0.71505
0.96269
1.0204
0.98589
0.9907
0.69907
0.74731
0.68188
0.73254
1.0721
0.96575
0.58347
1.0564
0.81073
0.99901
0.81959
0.87432
1.0066
0.66373
1.0122
0.77056
1.1643
1.072
0.95691
0.87078
0.81678
0.62473
1.0775
1.021
1.2722
1.0874
0.97101
1.0867
0.75705
0.89334
0.75305
1.0342
0.7538
1.2177
0.91869
0.85658
0.6909
1.1252
0.9987
1.0179
1.0415
1.0778
1.0365
0.78153
1.1653
1.0497
1.042
1.1104
0.99927
0.91626
1.0045
0.82673
0.88001
0.98306
1.1873
0.83404
0.77189
0.87931
0.85108
0.65148
0.88074
1.2019
0.88704
0.95606
0.79172
1.065
0.94431
1.1753
1.1079
0.72467
0.66573
0.86296
0.92838
0.69318
0.78032
0.9769
1.1077
0.79668
0.65845
0.80313
1.0814
1.2173
1.121
0.95822
0.90204
0.94181
0.82732
0.91189
1.1531
0.8474
0.95601
0.66334
1.0332
0.91865
1.0998
0.91004
1.0505
1.0075
0.90601
0.61503
1.0774
0.84677
0.75227
0.90804
0.86753
0.48519
0.87952
0.97705
0.88414
0.68136
1.1676
0.8445
0.63926
1.0875
0.83883
1.0204
0.90436
0.94916
0.99112
0.79042
1.0364
0.64246
0.80045
0.9064
0.95108
0.92644
0.96229
0.90743
0.92746
0.64595
0.91611
1.0067
0.78771
0.99134
0.79433
0.96962
0.68052
0.93837
0.89593
0.93785
1.0034
0.6289
0.70431
1.0924
0.7207
0.78664
0.89337
0.9616
0.83124
0.83211
1.0365
0.99478
0.75906
0.54507
0.77909
0.64497
0.90214
0.91653
1.2224
1.1837
0.83709
0.81166
0.93978
0.88509
0.83878
0.96393
1.2096
0.93963
0.79479
1.0836
1.0259
0.83835
0.81236
0.83242
0.99335
1.2815
1.1718
0.99388
0.97039
1.0437
0.61561
0.87666
0.82565
0.69006
1.1242
1.1883
0.62567
0.99626
1.1396
0.90257
1.0008
0.62104
1.0256
1.0705
0.67378
0.96081
0.95435
0.71481
1.0245
1.0322
0.63698
0.81511
0.47472
0.92354
0.70398
1.0312
0.81303
0.97464
0.42446
1.0378
1.0778
1.0247
1.1933
0.69269
0.90901
1.2028
0.75646
0.82317
1.1255
0.91757
1.0488
1.0323
1.1769
0.73599
0.93643
0.8267
0.85984
1.0204
1.0292
0.87467
0.78984
0.87439
0.56762
1.0995
0.80154
0.78782
0.97343
1.0485
0.98304
1.0909
0.72358
1.0957
0.90841
1.0909
1.1167
0.86811
1.029
0.90118
0.74184
1.0591
0.90864
1.144
1.0127
1.0877
1.1322
1.0384
0.99643
1.1311
1.1529
0.94003
0.91581
1.0634
0.95861
1.0848
1.0671
1.1473
0.85862
0.8912
0.72572
1.0347
0.86967
1.0288
1.2283
0.80484
1.0525
0.75843
0.94802
1.0736
0.89561
0.95561
0.74669
1.0617
0.98236
0.71297
0.66158
1.171
1.0004
0.91232
0.82792
0.84751
0.99225
1.0475
1.0448
0.61906
0.77764
1.2423
0.94203
1.2351
0.51427
1.0134
0.89252
1.0557
0.84169
0.75213
0.90664
1.1206
1.0238
1.0467
1.0223
1.0213
0.95122
0.76179
1.0306
1.12
1.107
0.90728
0.93541
0.86418
0.86923
0.93937
1.009
1.1543
0.69227
1.02
0.97623
1.017
1.0227
0.71132
0.91459
0.7591
0.65614
0.97971
0.63131
1.1068
1.1956
1.0713
0.98611
0.60735
0.51878
1.0306
1.1914
1.0947
1.1229
0.64187
0.84757
1.1123
0.9691
0.92893
0.70579
0.89846
1.0435
0.87628
1.191
0.83127
0.61897
0.96479
0.48426
1.1185
1.2726
0.87339
0.97869
0.97418
1.081
0.87649
0.84867
1.0628
0.85678
0.98671
1.0769
0.5736
0.77892
0.91177
0.47124
1.0741
0.93445
0.95448
0.81298
0.97221
1.013
1.0015
0.78933
1.0778
0.74524
0.9992
0.85871
0.96273
1.1691
1.2926
0.66432
0.91741
1.0726
0.50755
0.81436
0.80399
1.1248
1.0275
0.96679
1.0007
0.83591
0.96353
0.91337
1.1096
1.021
1.0663
0.81768
0.98587
0.8742
0.80744
1.005
1.1754
0.94618
1.0368
0.70981
0.90014
0.60423
1.0026
0.74765
0.74568
0.77662
0.67117
0.9699
1.0894
0.84158
0.79404
0.63203
0.74445
0.8856
0.98429
0.80556
1.1239
1.0237
1.0443
1.1568
1.0557
0.84153
0.87827
0.96917
0.86082
0.91721
0.90194
1.1109
1.1342
1.0951
0.95645
1.0222
1.0974
1.0198
1.0024
1.1573
0.90221
0.7866
0.82187
0.92729
1.025
0.66463
0.70588
0.70888
0.86325
0.90387
1.0333
1.0465
0.70438
0.80548
0.81659
0.95718
1.0052
0.84184
0.9234
0.6757
1.1147
0.50861
0.90039
1.0603
1.0589
0.83929
0.73971
0.64719
0.84232
0.92979
0.97151
0.88323
0.77095
0.85918
0.87783
0.98985
1.0478
1.0831
0.46295
0.92974
1.1057
1.2163
1.0422
0.77631
0.78156
1.0893
0.96806
0.66708
1.0567
0.90912
1.1061
0.85974
1.0294
0.78122
1.0616
0.79541
1.0835
0.76815
0.96676
0.83359
1.076
0.94816
1.245
0.7751
0.91861
0.9059
0.9205
0.8759
0.85448
0.97558
0.85427
0.69175
1.0921
0.90782
1.0596
1.0846
0.62439
0.90343
0.94575
0.89114
0.67164
0.90739
1.0097
1.004
0.76698
0.73605
0.97117
0.86131
0.80174
0.88557
1.0702
0.719
0.83554
0.98346
1.0179
0.86181
0.96283
0.87891
0.86345
0.80871
0.9411
0.83251
1.2329
1.1224
0.73911
0.82994
1.0078
1.0546
0.88804
0.89438
1.0254
1.0985
1.1254
1.0722
1.0409
0.9516
0.90788
0.59329
1.1089
0.89074
0.89178
0.88133
1.0202
0.85365
0.69295
1.0663
0.98968
0.98095
1.0261
0.85465
0.88298
0.73184
0.87231
0.82405
0.89041
0.72607
0.86712
0.77383
0.76628
0.85592
0.64183
0.90774
0.73955
1.1729
0.94172
0.70744
0.82132
0.50623
1.1324
0.94515
1.0839
1.0792
0.8328
0.97646
1.1382
1.1638
0.86422
0.83302
0.8335
0.87664
0.83948
1.0726
1.0476
0.76858
0.8132
1.1401
1.2923
0.82099
0.87518
0.80183
0.91699
0.85126
0.70219
0.7174
0.41845
0.78856
0.74063
0.72413
1.0216
1.0542
0.79426
0.91217
0.6743
0.96513
0.88593
1.0873
1.15
1.0438
0.96313
0.60952
1.1141
1.0493
1.0419
1.0799
1.1421
1.1627
1.16
0.8275
1.0081
0.97064
0.99331
0.93155
0.98795
1.0094
1.0094
0.50469
1.0301
0.78923
0.79797
0.78778
1.0626
0.94255
0.85427
0.82654
0.90682
0.85288
0.82312
0.85959
0.99066
1.1672
0.85228
0.68214
1.0697
0.71969
0.8002
0.8484
0.95857
0.74942
1.0049
0.67661
0.90155
1.0262
0.85442
1.3436
1.1056
0.66774
1.1338
0.94118
0.82608
1.0861
1.0441
1.0849
1.1298
0.91005
1.0252
0.81748
0.98447
0.97117
0.98996
0.96794
0.76405
0.7753
1.1303
1.1094
0.97882
1.0005
0.83415
0.91698
0.85491
0.71261
0.96792
0.87102
1.0998
1.0706
0.90395
0.77767
0.90404
1.1065
0.55774
1.0542
0.78568
0.68984
1.1141
1.2089
1.0106
0.99427
0.77947
0.71268
0.72414
0.95281
0.97659
0.80444
1.178
1.0524
0.84767
0.85583
1.0679
0.99099
0.86816
1.0933
0.74958
0.82707
1.0775
0.96189
1.0069
0.73363
1.0384
0.76094
0.9245
1.2882
0.55684
0.50468
0.98368
1.0587
0.98075
1.1321
0.85531
0.95103
1.0281
0.61787
0.72167
1.0411
1.0833
0.95009
0.94047
0.86398
1.0866
0.90687
0.78146
0.86036
0.86933
1.1919
1.0635
0.68811
0.86384
0.77606
0.91723
0.75493
0.85851
0.83949
0.72489
0.90618
0.56957
0.7582
1.1916
0.5537
0.76002
0.79911
1.0561
1.1237
0.70049
0.74774
0.84673
0.93437
0.71189
0.79322
0.93615
0.95665
1.0471
1.1299
1.0302
1.0097
0.76839
0.68255
1.0155
1.1304
1.1161
1.0429
1.0187
0.94827
0.96188
1.0693
0.84728
0.88598
0.65552
1.0181
0.65346
1.0568
0.9245
0.99126
0.81381
1.0158
0.83562
0.6135
0.9753
0.84469
0.97462
0.84571
0.77588
0.90661
1.0722
0.74571
0.97781
1.0692
0.78525
1.0017
0.87359
0.86711
1.0839
1.0464
1.0585
0.85231
1.112
0.74193
1.0616
0.92697
1.1261
0.9679
1.1125
0.70215
0.89715
1.0829
1.0324
0.89253
0.8578
0.92976
0.80392
0.78366
1.1469
1.0213
1.0308
1.1468
0.92537
0.99688
1.1407
0.90866
0.89701
0.78587
0.70635
1.0643
0.87638
0.95112
0.90067
1.1064
0.83602
0.74388
0.57151
1.1139
0.99528
1.1472
0.77247
0.88709
0.91288
0.80718
0.63926
1.0267
0.7973
0.65979
0.68168
0.57331
0.96059
1.0883
1.0595
1.0395
1.013
0.93473
0.81872
0.97414
0.75719
0.95765
0.37296
1.136
1.0641
0.92182
1.1141
0.85739
0.6562
0.78297
0.9695
0.99037
0.53709
0.81336
1.0954
0.95346
1.0284
0.86067
0.96872
0.87141
0.91544
0.9103
0.90353
0.7493
0.79422
0.79645
1.1305
0.76882
0.73847
0.93231
0.9621
0.85321
0.8374
1.1142
1.1743
0.7325
0.96382
1.1715
0.97316
1.0011
1.0519
0.89334
1.2753
1.141
0.81895
1.2155
0.98937
0.9825
0.87632
1.0601
0.97903
1.1318
1.1023
0.69072
0.95192
0.62216
1.0997
0.68006
0.68094
0.84747
1.0655
1.0524
0.77028
0.95707
0.78831
1.1938
0.89373
1.0195
1.0064
0.752
0.70568
1.1107
1.0868
0.7213
0.85008
0.9525
1.021
1.0617
0.9804
1.008
0.86116
1.0954
1.2407
1.0738
0.76459
0.87173
0.81243
0.50165
0.84347
1.1829
1.0023
0.68691
1.1203
0.92355
0.60261
0.72315
1.132
0.80539
0.98257
0.79923
1.0846
0.89326
0.7404
0.55187
0.9017
0.7652
0.86447
1.1318
1.043
1.0028
0.79873
0.92718
0.92737
0.99812
0.68293
0.90894
1.0698
1.0915
1.1137
0.80458
0.85191
0.79284
1.0669
0.74605
0.95406
1.0335
0.94804
0.87934
1.1338
0.85873
1.1179
1.1374
0.72755
0.82117
1.0124
0.87623
0.84548
0.94114
0.64984
1.0339
0.59013
0.97086
0.9909
1.272
0.92075
0.98043
1.0661
1.0603
0.76612
0.97225
1.0982
1.0056
0.99185
0.84263
1.1171
0.89936
0.79895
0.87336
0.80779
1.0494
1.0627
0.99229
0.79742
0.80513
0.95776
0.9629
1.0833
0.85674
0.96033
1.1046
1.0227
1.0987
0.78349
0.8159
0.86103
0.84866
0.76098
0.68056
0.76178
0.83174
1.0756
0.80766
0.88204
0.77122
0.97488
1.2431
1.101
0.90779
1.0336
0.94415
1.0087
0.97298
0.97795
0.9782
0.89988
0.65292
1.0589
0.87255
1.0619
1.0711
1.0268
0.92907
1.0449
0.66072
0.9791
0.32282
1.1365
1.0654
0.80196
1.1474
1.2448
1.0787
0.84134
1.1225
0.98674
0.97718
0.9462
1.0243
0.66495
0.95771
1.0006
1.027
1.1633
0.74409
1.0853
1.055
0.90263
0.83953
1.0532
1.0419
0.88989
0.87545
0.88601
0.94029
1.1076
1.117
0.83749
1.1811
0.80825
0.97533
0.89415
0.97267
0.96916
0.93932
0.73259
0.67425
0.75704
1.0858
0.99795
1.0404
1.0942
1.0493
0.99936
0.79268
1.0117
0.92379
0.86355
0.60511
0.91576
0.53195
1.075
0.98498
0.6919
1.0875
1.1562
1.099
1.1095
1.0332
1.103
1.0483
0.96192
0.81364
0.76667
0.81889
0.75151
0.9143
0.90501
0.88225
1.1698
1.104
1.1616
1.1793
0.98014
0.97021
1.0503
1.0429
0.65987
1.0491
0.97022
1.0722
1.0053
0.6313
0.98873
0.97003
0.63454
1.0197
0.98846
0.86608
0.64384
0.82606
0.97554
1.0016
0.91079
1.1327
0.76446
1.1069
0.9829
0.98545
1.0584
1.1215
1.1588
1.1626
1.1494
0.6489
0.93879
1.2203
0.98909
0.79595
0.97268
1.1181
0.95925
1.1198
1.1172
1.0261
0.95479
0.94369
0.77504
1.1275
0.71112
0.93769
1.1457
1.0873
0.8629
1.1746
0.80073
0.85676
1.0138
1.1001
0.75745
0.87452
1.0325
0.89822
0.99836
0.78337
0.74667
0.85748
0.82639
1.1656
0.99996
1.2005
1.0357
0.94621
0.90021
0.88031
1.0085
1.0607
0.94334
1.0773
0.82672
0.79365
0.82483
1.0037
0.94884
1.0453
0.8299
0.61732
1.052
0.99476
1.0202
1.0674
1.0056
0.94001
1.1344
0.88641
0.92353
1.2544
0.77445
0.8218
0.90147
1.045
0.92007
0.98683
0.86967
1.046
0.85384
1.031
0.86272
0.92399
1.0943
0.56442
1.0187
0.58391
0.97541
0.82096
0.79296
0.96676
0.79008
0.70719
0.85145
0.69303
1.0697
1.0422
1.0892
1.0063
0.87827
0.77291
0.84937
0.91177
0.75318
0.96063
0.86599
0.84143
1.0234
0.67559
0.70713
0.7937
0.93951
0.9967
0.99401
0.704
1.0057
0.96492
0.77169
0.84657
0.82092
0.83313
0.81647
0.98293
1.0504
0.98559
0.85461
1.0662
0.7649
1.0289
1.0134
1.0115
0.88198
1.0855
0.81309
0.63736
1.2081
0.97067
0.85421
0.61496
0.96336
0.64793
0.5744
0.76809
1.1011
1.112
0.80191
0.8253
0.87308
0.60298
0.8787
1.0145
1.004
0.96376
0.45137
0.77212
1.0733
1.0675
1.1077
1.0887
0.97133
0.84389
1.0622
1.0941
1.2447
0.99269
1.1493
0.80976
1.0986
1.1118
1.0802
0.84066
0.72464
0.86716
0.83606
0.60051
1.0312
0.5435
0.89547
0.94864
0.70392
0.82324
0.89439
0.47241
0.74544
0.85583
0.72881
1.1888
0.97363
0.92765
0.82783
0.72812
0.95887
1.237
1.2019
0.90146
1.1562
0.6835
0.84018
0.70569
0.88137
0.96888
1.2638
1.0702
0.89797
0.91832
0.99724
0.79573
0.9841
0.7973
0.8512
0.83273
0.89661
0.89722
1.0156
0.83453
0.46967
0.90402
0.98694
0.89408
0.89841
0.74844
1.0327
0.91974
0.86153
0.49068
0.72271
0.82418
0.98793
1.0567
0.80942
1.0839
1.0419
0.99803
0.89626
0.94674
1.0266
0.96708
0.76735
1.0015
0.97828
0.83301
1.0721
1.2039
0.9099
0.8201
0.84838
1.061
0.91114
1.1092
0.91824
0.96368
1.1003
0.9976
1.1108
0.84091
0.71267
0.89628
1.0266
0.62179
0.95372
0.92033
0.86793
1.0307
0.6266
1.1088
0.99804
0.89291
1.0369
1.1334
1.0029
0.94088
0.95037
0.93261
1.2122
1.2401
0.87893
1.0311
0.71432
0.82863
1.1075
1.0272
0.78201
1.0062
0.89807
0.82934
0.83978
0.93779
0.834
1.211
1.0405
1.0434
0.83221
0.81134
1.1069
0.84557
0.79724
0.8587
0.63812
0.48817
0.95465
0.99759
0.80533
0.56258
0.86923
0.8616
0.80936
0.93483
1.096
1.1235
0.61501
1.0699
1.0358
0.88679
1.2038
1.1541
0.51014
1.0172
0.8221
0.901
0.9306
0.86099
1.0259
0.93599
0.76692
0.69637
0.77253
0.72057
0.84918
0.93795
1.1186
0.67128
0.76643
0.9834
1.1452
0.91794
0.83043
0.99625
0.7236
1.1544
1.0906
0.79314
1.1175
0.99764
0.83779
0.82833
0.84717
0.58004
1.2759
0.8577
0.93888
0.56846
0.67791
0.87688
0.83765
0.75119
0.89882
1.1593
1.2494
0.95639
0.86993
1.3297
0.7306
0.84762
0.96676
0.84612
0.80119
1.0841
0.77446
1.0195
1.1242
0.78632
0.78815
0.56666
1.1746
0.91589
0.92498
1.1052
0.67689
0.80333
0.79838
1.067
0.81009
0.75162
0.96299
0.92723
0.6983
1.0679
0.9597
0.9314
0.96637
1.0606
0.79087
1.2087
1.1187
0.95143
0.69205
1.1501
0.62872
1.0078
0.5644
1.1123
0.8576
0.66049
0.90362
1.0234
0.74518
0.79876
0.85253
0.78986
0.82931
1.07
0.98701
0.71866
0.85704
0.84974
1.1492
0.90902
0.80571
0.79629
0.74237
0.99889
1.0181
0.95737
1.0222
0.86255
0.95464
0.89199
1.2249
0.82981
1.0286
1.0833
0.71589
0.81945
0.78507
1.155
1.0967
0.68907
1.0826
0.84052
0.55173
1.0028
0.71667
0.78878
1.0488
1.0969
0.98865
0.94211
1.0921
1.0611
0.67172
0.69416
0.76623
1.0279
1.0337
0.87641
0.89786
0.77452
1.0003
0.79301
0.95569
0.75074
0.88778
0.9633
0.82548
0.81566
0.73532
0.79987
1.1645
1.0818
0.99974
0.66635
0.83661
1.0102
0.81046
0.52366
1.147
0.64592
0.90949
1.3856
0.78603
0.98048
0.98692
0.65711
1.1012
0.90433
0.93406
0.97625
0.97616
0.88804
1.1457
0.92853
0.98335
0.82832
1.1754
0.75968
0.98442
0.99401
1.0628
1.2244
1.0931
0.67596
1.158
1.047
0.90388
0.95025
0.80858
1.0619
0.60443
1.0154
1.0313
0.79021
0.87893
0.85622
1.118
0.6999
1.0356
0.89482
0.78349
0.88235
1.0683
0.89663
0.92862
0.68009
0.78472
0.99273
1.0505
1.0361
1.0508
0.77734
0.89166
0.85634
1.0439
0.82946
0.91883
1.1457
1.0781
0.75041
0.87651
0.88574
1.0974
0.94792
0.85449
0.95851
0.80549
0.87482
0.92265
1.1315
1.123
1.0298
0.64054
1.0152
0.53216
1.0013
0.88081
1.1339
1.0639
0.85034
0.93599
0.79854
1.0853
0.93698
1.2251
0.93314
0.80201
1.1875
0.89135
0.53458
1.0744
0.85471
1.0994
0.96244
1.1033
0.53565
0.93528
1.0671
1.0404
0.56962
0.80341
0.85438
0.8741
1.146
1.0452
0.59275
0.8331
0.93437
1.1282
0.89549
0.93184
0.99421
0.84182
0.80799
0.76585
0.64982
0.95919
0.98338
0.90488
0.89926
0.98758
1.0025
0.6029
1.1051
1.1328
0.74458
1.0758
0.79368
0.93499
0.90181
1.1085
0.89715
0.96199
0.79414
0.84068
1.012
0.67313
0.69297
0.99015
0.88618
1.1709
1.0064
1.0098
1.1409
0.97164
0.85049
1.1225
1.1209
1.0279
0.65067
1.0741
0.97954
1.0556
0.72834
1.118
0.80796
0.762
0.80114
0.97033
0.84628
0.95088
0.91478
0.93324
0.94624
1.0031
1.1781
1.2819
1.0086
0.6668
0.81762
0.97591
0.7004
0.5599
0.91372
1.0836
0.95444
1.0124
0.92549
0.75822
1.001
0.6765
1.116
1.0522
1.0086
0.96576
0.45484
0.93702
0.87017
0.73374
0.95768
0.80804
1.2176
0.96042
0.81657
1.1181
1.1548
1.0589
1.069
0.61302
1.0473
0.83287
0.70943
0.48898
0.94241
1.0353
0.83641
1.1326
1.0035
0.86828
1.1512
0.57893
1.109
0.80164
0.98536
0.95489
0.94377
1.0692
1.0653
0.81558
0.92748
0.8629
0.73695
0.77817
1.1292
0.91876
1.0363
0.77059
1.0107
0.73011
0.91327
0.92765
1.1205
1.0246
1.1055
0.68918
0.86331
1.1699
1.0735
1.1429
1.0793
0.92241
0.85817
0.82293
0.8
0.97698
1.0145
0.82168
0.8635
0.96356
1.0343
0.77691
0.32341
1.0681
0.77445
0.97986
0.82743
0.55275
1.0698
0.85205
0.74162
0.97419
1.0333
1.1411
1.1583
1.0387
0.83272
0.93321
0.8709
1.0155
0.96325
0.88727
1.0032
1.1424
1.1243
1.1218
0.74423
0.49482
0.68447
1.0492
0.92784
0.59587
0.81745
1.0129
0.78968
0.56354
1.0479
0.95389
1.0046
0.93053
0.74983
1.0419
0.9941
1.0184
0.99861
0.93326
1.1932
0.7224
0.98509
0.74406
0.77663
0.83469
0.88713
0.87327
0.74995
0.99008
0.67716
0.86919
0.60873
1.0774
0.73011
1.1181
0.84371
0.66388
0.901
0.8622
1.1013
1.0053
0.64419
0.47845
0.89754
0.94544
1.0847
1.0433
1.0317
1.0768
0.85771
0.74597
1.1242
0.78164
0.82044
0.84874
1.1969
0.7803
0.98809
1.061
0.9851
1.0283
0.95688
1.0473
0.64964
0.83585
1.1307
0.82792
1.1289
1.0472
0.99821
0.88676
1.0417
1.2399
1.0092
0.81548
0.99006
0.92142
1.0077
0.90006
1.0388
1.0108
1.0629
0.96335
0.88718
0.84616
0.96515
0.99457
0.70433
1.0918
1.1425
1.0177
0.91154
0.95308
0.86425
0.80145
1.0159
1.0684
1.0523
0.79402
1.071
0.85474
0.95611
0.91241
1.0631
0.72445
1.0993
0.70735
1.0258
1.0989
0.88652
0.9074
1.013
0.62494
1.0153
1.073
0.95858
1.0234
1.0196
0.74711
1.077
1.0293
1.1668
1.0059
0.80558
0.92844
1.0844
0.72785
0.86257
1.0432
1.1299
0.94208
0.76971
0.91359
1.1376
0.83069
0.74863
1.0368
1.0028
0.82026
0.80791
0.80338
1.0667
1.0814
0.59767
1.224
0.87413
0.70003
0.9782
1.1533
1.0579
1.047
1.112
0.92946
0.74875
0.79075
0.78063
0.79124
0.52314
0.8866
1.086
1.1003
0.99764
1.2243
0.66768
1.0285
0.91917
0.72033
0.76127
0.72089
0.73935
1.0301
1.0792
1.0552
1.0244
0.64116
0.86199
1.1276
0.92522
1.0474
1.0325
0.80349
1.0011
1.0595
1.1032
1.0406
0.82074
0.6167
0.80838
0.96462
0.76607
1.0286
0.81308
0.78322
1.0338
1.1281
0.88343
0.75573
0.89512
0.48491
0.90171
1.0376
0.85562
1.2217
0.74299
1.1435
0.63693
0.94094
0.74674
0.99272
0.87925
0.53916
0.98469
0.70334
0.7942
1.1746
0.77516
1.1444
1.06
0.82885
1.2366
0.92995
1.0419
1.0867
1.1194
1.0355
0.64401
0.9071
1.1058
0.5497
0.73484
0.93326
1.0674
1.0966
1.032
0.76348
0.94376
1.0309
1.1063
1.1017
0.62563
0.56224
0.96254
0.88306
0.89082
0.87532
0.76703
1.0026
0.67655
0.92751
0.64433
0.9768
0.95791
1.0461
0.78518
0.72328
0.9399
1.0975
0.91441
1.1002
0.71465
0.78217
0.86996
0.89277
0.52485
0.97139
0.9385
1.1124
0.90725
1.1676
0.9454
0.97708
1.1459
0.57256
0.87572
1.045
0.68536
1.0965
0.8685
0.66282
0.62635
1.0358
0.80704
0.79742
0.81495
1.0043
0.98895
0.87182
0.82313
0.67445
0.62343
0.96485
0.67476
0.90899
0.68698
1.0192
1.0203
0.90822
0.72248
0.83795
1.0037
0.60572
0.73308
1.0874
1.0008
0.86897
0.92838
1.0761
1.1352
1.0579
0.98104
0.92866
1.2013
0.9975
0.96952
1.195
0.8558
0.8918
0.76694
0.76145
0.71993
1.1068
1.0569
0.90757
1.1502
1.0998
1.1191
0.85466
1.2283
1.1726
0.8284
0.96032
1.1443
0.95186
0.88798
0.99555
0.72646
0.72505
0.85736
0.82397
0.7549
0.51645
0.95777
1.0171
0.91188
0.88193
0.92972
0.92419
1.0278
1.0644
0.98041
1.0324
1.0269
1.1369
0.77048
1.0835
1.131
0.78223
0.87017
0.8082
1.1189
0.94428
0.85312
0.80516
0.95718
0.96814
1.086
0.96491
0.91994
0.72883
1.1007
0.98427
0.73831
0.94295
0.86203
0.62968
1.0908
1.0786
0.96031
1.1784
1.0489
1.1416
0.99775
0.8872
1.1148
0.91064
1.0567
1.071
0.62662
0.93811
1.0372
1.2178
1.0782
0.87534
0.93823
0.86789
0.91199
0.85894
1.0529
1.2324
0.75118
0.49317
1.0004
1.0182
0.94793
0.87874
0.84778
0.82922
0.92358
0.87119
0.77463
0.90637
0.52452
0.86643
0.77142
0.82702
0.88156
0.7484
0.73535
0.76164
0.67156
0.87386
0.98172
1.086
0.83596
0.68342
1.0297
0.70639
0.63529
0.79611
1.0591
1.0606
1.0508
1.0816
1.0445
1.1102
0.86668
0.88189
0.88456
0.93892
0.70376
0.87289
0.55271
0.83607
1.3889
0.94833
0.97393
1.1796
1.0416
0.97219
0.89769
0.76849
1.016
0.97514
0.79534
0.91107
0.93522
0.86209
0.80328
0.9838
0.78673
1.0212
1.1578
0.84862
0.68179
0.96399
0.89405
0.83368
0.83953
0.77523
0.545
0.76597
1.1216
0.91818
1.0862
0.99691
0.89557
1.1481
0.99399
0.86048
0.94993
1.1277
0.88721
0.86816
0.97118
0.77518
0.86472
1.1674
0.99995
0.85382
0.9573
1.0463
0.69835
0.90611
0.86835
0.89596
0.88135
0.59992
1.0552
0.86558
1.0554
0.97575
0.79129
0.72695
1.1029
0.94936
0.89642
0.88435
0.87086
0.94216
0.72382
1.0854
1.0088
0.82802
0.97052
1.1117
1.1093
0.84142
0.87031
1.1617
0.89746
1.0568
1.019
1.1572
0.83038
1.1447
0.99379
1.077
0.92221
1.1824
1.0448
0.90045
0.60077
0.98133
0.77165
0.8224
1.0712
1.067
1.1017
0.96886
1.0197
0.91894
1.063
0.63356
1.1624
0.82762
0.92064
1.0893
0.78788
1.066
1.1444
0.49819
0.81905
0.76801
1.0418
0.80248
1.0363
1.0479
0.99999
1.0711
0.87392
0.95756
0.80765
0.75434
0.88226
0.89537
0.94356
1.1621
1.0402
0.96022
1.0777
0.73324
0.58352
1.1321
0.98813
0.95071
0.84167
1.0075
0.75479
0.95185
0.9395
1.074
0.9363
1.0048
0.96037
1.0881
0.8665
1.0419
0.96025
1.0601
0.87095
1.0688
1.1106
0.83007
1.066
1.0534
0.88915
0.7153
1.028
1.0101
0.93979
0.82291
0.85189
0.61012
1.1189
0.82406
1.0018
1.0914
1.0496
0.98829
1.0327
1.0572
0.69935
0.70842
0.44488
1.0516
1.2011
0.96572
0.94214
1.0607
1.0905
0.9216
0.97105
0.97875
1.1756
1.0363
1.0306
1.0541
0.7472
0.86569
0.91924
0.72153
0.69836
0.87475
0.92502
1.1735
0.91799
0.70781
1.0055
0.67585
0.9774
0.91298
0.80566
1.0191
1.0084
0.75657
0.90636
1.0769
0.86603
0.8853
0.69541
0.89577
0.84265
1.0462
0.90359
0.99376
1.0307
0.95818
0.92508
1.089
1.2368
0.98045
1.0819
1.011
0.94391
0.92871
1.0238
0.85105
0.76975
0.97309
0.95405
0.75717
0.90632
0.99604
0.84157
0.92363
0.97616
0.62077
1.0762
0.78269
1.0072
0.79758
0.73623
0.91845
0.76642
0.90433
0.6614
1.2776
0.82177
1.0187
0.86712
1.1746
0.94791
1.1496
1.1863
1.1031
1.0009
0.98912
0.96198
0.78785
0.91229
0.67768
1.0566
1.0532
1.0573
0.93342
1.0424
1.1782
0.96028
1.1688
1.0668
1.0998
1.0821
0.57478
0.67656
0.92576
1.0717
0.8993
1.0084
0.93327
0.99075
0.86194
0.71373
0.80659
1.0768
1.0024
0.91184
0.94409
0.99278
1.0651
1.086
1.0383
0.71617
1.0008
0.84365
1.0297
0.80759
1.074
0.99399
1.0003
1.1508
0.99151
0.55485
0.78732
1.1161
0.86891
0.8075
1.1345
0.97585
1.0736
0.97858
1.0136
1.0305
0.99964
0.94659
0.94971
0.99392
0.99082
0.79572
0.86863
0.94758
1.0222
0.96064
1.187
1.0806
1.0007
0.77242
0.92532
1.0656
0.89908
0.99891
1.0685
1.0834
0.98159
1.0255
0.90761
1.1385
1.0013
0.86099
0.58799
0.91531
0.73529
0.67558
0.85795
0.83289
1.0803
0.98133
0.85199
0.47604
1.0096
0.81552
0.75409
0.72663
1.0494
0.77858
0.714
1.1423
0.93018
1.0196
0.79522
1.0243
1.126
1.1763
1.0583
1.0939
0.90272
0.9818
1.031
0.93792
1.0177
0.98626
0.6942
0.7545
0.99123
0.68471
0.98454
0.99852
0.85574
0.95489
1.0608
0.99481
1.0371
0.58126
0.92856
0.97163
0.9102
0.98164
0.86186
1.1715
0.94582
0.98393
0.99633
0.98718
1.0377
0.98204
0.94428
1.0237
1.1796
0.86598
1.0886
0.49061
0.94626
0.96187
0.84999
0.80777
0.84413
1.0264
1.0294
1.0483
1.0192
0.72483
1.2997
0.99975
0.60195
0.86886
1.0626
0.93149
0.73292
1.0182
0.79213
0.9494
1.0386
0.80178
0.92484
0.83399
0.98215
1.037
1.006
1.0723
0.8851
1.2536
0.70029
1.1019
0.51241
1.0117
0.99246
0.65514
1.2043
0.72302
0.73488
0.75601
0.65925
1.1096
0.48114
0.74155
1.0546
1.2381
0.67856
1.011
0.67989
1.0155
0.866
0.93135
0.8249
0.89243
1.1026
0.99206
0.94032
0.99783
0.82694
0.99118
1.0497
0.85133
0.80248
0.61362
0.94964
0.72546
0.51917
0.75227
0.64708
1.1668
0.89238
0.88964
0.73
0.82474
0.84139
1.1779
0.98247
0.94058
1.2026
0.7483
1.0374
0.97716
0.97681
1.0818
0.7628
0.83192
1.0451
1.108
1.088
1.0487
0.98886
1.1634
0.73304
0.939
0.88654
0.94651
1.0898
1.049
0.7351
0.785
0.58563
0.99916
0.90224
0.95965
0.75198
0.8719
0.90111
0.66952
1.0629
1.0191
1.0345
1.1047
0.84663
1.0417
1.109
0.90196
0.86114
1.0207
0.97471
0.97476
1.1551
1.03
1.059
0.90265
0.80823
1.1881
0.58347
1.0164
0.59639
0.9089
1.0879
0.90729
1.0185
1.0779
1.0293
0.6715
0.89347
0.96263
0.92184
1.0228
1.0742
1.1105
0.88854
0.90171
0.73483
1.1201
0.75286
1.0222
1.0587
0.89459
0.53294
0.8327
1.1145
1.0289
0.77776
1.2383
1.0662
0.76696
1.0329
0.80986
0.72991
1.1637
0.81357
0.90957
0.79445
0.83952
1.0721
1.106
0.66496
1.0665
0.82311
0.61644
1.1331
0.86635
1.0044
1.0037
1.1853
1.0161
0.6655
1.1112
0.86684
1.1053
1.0412
0.99616
0.45143
0.7481
0.93713
0.96055
0.91575
0.99925
1.2239
0.94825
0.60556
1.0041
1.0621
1.0747
1.0931
0.80045
1.1782
0.81109
1.0332
0.87281
0.90135
0.97975
0.63553
1.0625
0.82569
1.1234
0.78468
0.89097
1.0226
0.68744
1.0674
1.0831
0.95073
0.79239
1.0866
0.62376
0.89866
0.88676
1.131
1.0416
1.0792
0.50525
1.1162
0.90779
0.83704
0.65873
0.67969
0.71943
0.96564
0.88977
0.81818
0.97533
0.93092
0.93015
0.68427
0.80988
1.0306
0.73095
0.33588
0.97542
1.1113
0.85955
0.80178
0.90711
1.032
0.83812
0.74304
0.8755
1.0169
0.85901
0.73994
0.98539
1.0275
0.92504
0.68051
1.0792
0.85457
0.54807
0.87205
1.1377
0.77815
1.0177
0.85399
1.0955
0.63354
0.85328
0.54016
0.88646
1.0255
1.0709
0.64656
0.97574
0.94652
0.97367
1.1233
0.7956
0.94914
0.82545
1.0668
0.68827
1.0522
0.9346
0.97879
0.83201
1.0884
0.83299
0.67573
0.64217
1.1545
0.83862
0.93825
0.94158
0.83338
0.79885
0.89295
1.0131
1.1337
0.81745
1.0161
0.93244
1.1144
1.0467
0.97903
1.1313
1.0931
0.72172
0.98013
1.1366
0.70883
0.69429
0.80061
1.0377
0.99962
1.0776
1.0814
0.89443
1.1254
0.58781
0.87087
1.0693
0.99587
1.1392
0.89053
0.39568
0.81347
1.115
0.94559
0.90303
0.97807
0.85386
0.75536
1.0597
0.65337
0.68133
0.84232
0.98392
0.76455
0.80526
0.94926
1.1151
1.0385
0.6993
0.87574
0.8872
0.8575
1.0355
1.0323
0.99196
0.9757
0.90579
0.98705
0.82062
1.0335
0.89458
0.60117
0.72757
0.77094
0.90047
0.8194
0.80441
0.69727
0.79486
0.93944
0.90848
1.1112
1.1786
0.84428
0.95466
0.88412
0.99567
0.83424
1.1125
0.87083
0.86229
1.3555
0.97755
0.97213
1.0637
1.0068
1.2244
1.0347
0.97847
0.93187
1.0046
0.91523
0.75129
0.74558
1.0908
0.77569
1.018
1.0472
0.90276
1.1328
1.0434
0.99886
0.91856
1.1047
0.83136
0.79586
1.1825
0.78639
0.92739
1.0527
0.99965
1.0589
0.90599
0.72065
1.1752
0.73353
1.1873
1.0855
1.0632
0.81215
0.97585
0.82198
1.0307
0.9171
1.1695
0.97947
0.79629
0.87326
1.063
0.76316
0.85541
0.6644
0.87357
1.1831
1.0328
1.1132
0.68012
0.82666
0.99628
0.93057
0.93696
0.98672
0.99985
0.98248
0.89553
0.89854
0.88905
1.0881
1.0049
1.0336
0.96511
0.95731
1.1272
0.82047
0.83335
1.2213
1.023
0.68496
0.85893
0.87918
0.90053
0.89417
0.57957
0.53097
0.74639
0.74017
0.81269
0.76887
0.93418
1.1111
1.071
0.61469
0.96925
0.98993
0.85455
1.077
0.7973
1.0914
1.0964
0.94171
0.96908
0.81471
1.0952
1.0222
0.56125
0.96758
0.60358
0.95656
1.0903
0.94098
0.93417
0.99614
0.68733
0.8497
0.85592
0.88356
0.90837
0.95924
0.86817
0.66239
1.1171
0.9109
1.0814
1.0479
0.86916
1.1765
1.0987
0.9764
1.0305
1.0465
1.0345
1.0828
0.93928
1.0338
1.0425
0.87544
1.0364
1.1189
1.0319
0.8416
0.88841
0.81096
0.61293
0.82966
1.0444
0.69385
0.78854
0.79462
0.86626
0.69265
0.73762
0.87897
1.0539
0.61231
0.88766
0.8412
0.8501
0.83001
0.96845
0.85534
1.1572
0.98411
1.0274
1.2067
0.78923
1.0341
0.91933
0.75348
0.41178
1.0439
0.94992
0.84149
1.1445
0.85262
1.1978
1.0406
1.1147
0.85635
0.99694
0.97157
1.0961
1.0658
0.77953
0.74642
0.89471
0.86483
0.93234
1.0535
0.83925
0.79903
0.69316
0.94381
0.93361
1.0241
0.6915
0.77021
0.54238
0.99966
0.92173
1.0576
0.90097
1.0141
0.66409
1.1288
0.92309
1.095
0.84834
0.94852
0.77405
0.92205
1.0502
0.93803
0.83719
0.87415
0.96729
1.1259
0.829
0.79749
0.88054
1.1416
0.83986
0.85704
0.59708
0.80399
0.71977
0.88996
1.1471
0.87427
0.80001
1.0116
0.88905
1.0094
0.6173
0.99796
0.84199
1.0249
0.85353
0.94814
0.9063
0.99961
0.91079
0.894
0.84945
0.8334
0.98284
1.0703
0.75896
1.1343
1.1801
0.60802
1.0547
0.94231
0.92313
1.031
0.96346
1.0386
0.50219
0.91672
0.63381
0.73712
1.0644
0.84156
1.0711
0.79946
1.0306
0.88866
0.94244
0.96143
0.95616
0.75223
0.63975
1.0811
0.37499
0.38932
0.80422
0.691
1.2116
1.0097
0.91007
1.012
1.0391
1.0586
0.85435
0.98282
1.0359
0.8477
0.94606
0.2485
0.97587
1.209
0.87664
0.93093
0.44138
0.80021
0.77448
1.1608
0.80227
0.90379
0.83245
1.0989
1.1527
1.0252
0.91403
1.0648
1.0049
0.94109
1.1035
1.0958
1.1437
0.94851
1.1338
0.87952
0.94466
1.0579
1.0687
1.0682
0.88991
1.0737
0.89159
0.90561
0.86776
0.81433
1.0367
0.96489
0.64319
0.91929
0.75681
0.79507
0.97194
0.90893
0.67831
0.79426
0.83852
0.79131
0.83612
0.73743
0.66855
0.71366
1.0627
0.96717
0.93293
1.0467
0.90277
0.91567
1.2546
1.1399
0.8626
1.1037
0.97342
0.9172
0.92137
0.87623
1.1019
0.7891
0.75141
0.86895
0.95874
0.91295
0.89786
1.084
1.0498
1.0023
0.75135
1.0891
1.0035
0.62668
0.97911
0.97543
1.0011
0.93867
0.74877
1.0553
1.0047
0.98453
1.0285
0.90207
1.1158
0.91995
1.2436
0.62658
1.0733
0.89485
1.1745
0.73735
0.92148
0.76731
1.0522
0.92368
1.0218
0.90824
1.1387
0.67327
0.92353
0.96768
0.67526
1.0398
0.92941
0.7624
0.9303
0.91873
0.87993
0.74264
0.80682
0.8846
1.238
1.0168
0.85253
0.87598
0.63642
0.71635
0.79016
0.71207
0.74742
1.0168
1.045
1.1017
1.1578
0.84605
0.52055
1.0557
0.61295
0.98156
0.90736
0.64162
1.0269
0.80484
0.90721
0.97938
0.69393
0.93262
1.013
0.78627
1.0772
0.92557
0.69059
0.89116
0.78934
0.62899
0.89276
1.0507
0.56604
0.96815
0.84152
1.0812
0.79957
1.0179
0.69426
1.0873
1.0898
1.1053
1.0857
0.62814
0.78447
0.80974
1.0737
0.78695
0.78643
1.1854
1.0608
0.80045
0.76538
0.83471
0.96338
0.79491
0.79437
0.72444
1.065
0.94136
0.73784
0.83874
1.0668
0.85474
0.90774
0.92976
1.0657
1.1572
1.058
0.89386
0.99752
1.0196
0.84521
1.028
0.8719
1.0649
0.73756
1.1625
0.99146
1.0564
0.9814
0.73433
0.85241
0.93392
0.76488
1.066
0.8298
0.78615
0.91017
0.98569
0.97434
0.8424
1.0922
0.98419
1.0634
0.76176
0.95533
1.164
0.84751
0.92163
0.82086
1.0207
0.63755
0.96929
1.0775
1.0811
1.167
1.0631
0.94742
0.75971
0.73857
0.95683
1.0565
0.83683
1.1741
0.90881
0.87522
0.70658
0.82256
1.0796
1.0772
1.0074
0.84703
1.1343
0.71627
1.1352
0.87365
0.96727
0.84475
0.98587
1.0315
1.0071
1.0589
1.1731
0.81155
0.71254
0.89011
0.91194
0.97759
0.82611
0.94099
0.89038
1.0801
0.72691
1.0081
0.86659
1.018
0.89423
1.1968
1.0025
0.90105
0.77128
0.96145
0.66618
0.98598
0.87499
1.0125
0.83785
0.77611
1.0677
1.0226
0.74733
0.90239
0.93684
0.70783
0.81872
0.94694
1.0244
1.0658
0.82756
1.1015
0.59527
1.0205
0.51169
0.90624
1.056
0.97735
0.97816
0.86817
1.0646
0.90133
0.75901
1.1674
0.97301
0.92011
0.72855
1.2034
0.88616
1.0356
0.89923
1.0119
0.85084
0.61265
1.0363
1.0989
1.068
0.7719
0.9473
1.1117
0.84703
0.97031
0.94104
0.69263
0.86252
1.1748
1.2235
0.84135
0.97407
0.96292
0.70756
0.89765
0.85692
0.82866
0.62983
0.54044
0.9105
0.81622
0.79003
0.87764
1.309
0.9714
0.862
1.0144
1.0302
1.0862
1.1816
0.89002
0.86676
0.8264
0.78734
1.094
0.7276
0.6213
1.0166
1.0095
0.95527
1.0899
0.63364
1.0065
0.72558
0.97153
0.81577
0.74487
1.1608
1.0817
0.91169
0.7941
0.84634
0.99648
0.98401
0.97506
0.64932
1.0404
1.1234
1.0975
1.0337
1.1097
0.94029
1.1214
0.81382
0.67706
1.1249
0.79128
0.95258
0.96556
1.0492
0.81403
0.69043
1.055
1.1067
1.1632
0.74
0.58726
1.0072
0.92677
0.92916
1.0127
0.84415
1.0044
1.0743
1.0659
1.0023
0.59383
0.56645
0.87421
0.81774
0.89915
0.95473
0.99892
0.88497
0.68691
1.1262
1.1293
0.69234
0.77705
0.87583
1.0904
0.88247
1.0251
0.93201
0.78734
1.1256
0.62379
0.81577
0.95814
0.82355
0.68936
0.98429
0.91672
0.87272
0.67304
0.92361
0.76158
0.46538
1.0964
0.99083
1.1499
1.2073
0.81658
0.88933
1.0693
0.75715
0.86436
0.91419
0.90071
0.94926
0.98773
0.60986
0.6524
0.87024
1.1037
1.001
0.99878
0.90806
0.88117
1.0689
0.82769
0.85002
0.58849
1.0805
0.93961
0.60056
1.1743
1.0372
0.82879
1.0472
0.63133
0.93722
1.0205
0.88643
1.0856
1.1002
1.0651
1.0756
0.82247
1.102
0.83092
1.132
0.40353
1.0937
0.92167
0.84366
0.67114
1.1543
0.80081
0.81997
0.75201
1.0018
1.1039
0.96566
0.94735
0.9456
0.75319
0.82501
0.84429
0.91943
0.81625
1.0939
0.96353
0.86294
1.0569
1.0334
1.0127
0.96979
1.1148
1.0716
1.051
0.85803
0.80101
0.76529
1.0597
0.83982
0.65442
0.90971
0.9907
0.74259
1.0434
0.83849
0.92437
1.063
0.98093
1.0169
0.52833
1.0118
0.69408
0.9029
0.99189
0.72116
1.0675
0.81896
0.97829
0.99425
1.0549
0.97337
1.0549
0.75267
1.0957
0.83503
0.61574
0.81774
0.68332
1.2404
0.83069
1.1001
0.73954
0.76903
1.0928
1.055
0.9317
0.95436
1.1711
0.90211
0.9424
0.89492
0.55564
1.0156
0.75622
0.81929
0.92942
0.88453
0.77055
1.0163
1.076
1.1617
1.0719
0.94719
1.1007
1.1336
0.85035
1.2036
0.85768
0.77131
1.2342
0.99975
0.88168
0.71367
1.0314
0.98061
0.83399
0.81536
1.0463
1.068
1.0066
0.96183
0.39396
0.84212
0.96248
0.76288
1.0678
0.87826
1.1509
0.9169
1.1962
0.62212
0.84595
1.0982
0.95464
0.76715
0.99936
0.625
1.1634
0.68501
0.9506
1.1799
0.88302
0.96037
1.0349
1.0882
0.68379
1.0258
0.69066
0.62807
0.88892
0.99286
1.2131
1.1984
0.70705
0.86545
0.84153
0.82447
0.8782
0.85553
0.96407
0.79443
0.81498
0.67217
0.91783
0.69784
0.91272
0.83707
0.95789
0.73946
1.0739
0.79598
0.83591
1.1226
0.85844
0.96189
0.88505
0.91088
1.004
0.6624
1.0327
1.0639
0.79434
0.82569
0.88304
0.67495
0.68605
0.92412
1.0326
0.86071
1.0092
0.90171
1.1226
0.9562
1.0536
1.1771
0.94966
1.0839
1.0871
0.68755
0.83666
0.8981
0.69519
0.98089
1.1366
0.92386
0.9806
0.96121
0.42462
0.59534
1.1024
0.90748
0.86221
0.95104
1.0134
1.0362
0.91406
1.0505
1.1332
0.81504
1.1663
0.85159
0.80772
0.64554
0.94366
1.0247
0.72731
0.91144
1.067
1.025
0.69688
0.49981
0.84841
1.0662
0.82655
0.8262
1.0354
1.0367
1.0996
0.55843
0.59402
0.79455
0.74399
0.92201
0.95752
0.70461
0.62768
1.0287
1.1514
1.0746
1.0725
0.91546
0.72503
1.0343
0.59524
0.98548
0.90986
1.1892
0.81195
1.0209
0.95142
1.0475
0.91854
0.94343
0.93358
0.59639
1.1546
1.078
1.2185
0.92782
1.1846
0.68595
0.85301
0.88194
1.0198
0.78503
0.75005
0.94808
0.63264
1.1466
0.36783
1.2038
0.98009
1.0762
0.97999
0.92887
0.79323
1.0253
0.60186
0.96397
0.84214
1.0819
1.0077
0.9682
0.84661
0.90593
0.77597
1.0379
1.1022
1.0255
1.0454
1.0755
0.78044
1.0898
0.9117
0.95627
1.0399
0.93453
1.0174
0.72342
0.81859
0.95764
0.94243
0.93151
0.83992
0.91127
0.98465
1.2017
1.0322
1.0602
0.9386
0.87652
0.99511
0.90468
1.127
0.7544
0.92107
1.1923
1.0277
1.058
0.88512
0.89546
0.7617
1.1122
1.0875
1.0582
0.78316
0.92173
0.96288
1.2969
1.2798
0.62584
0.85363
1.0013
0.56311
0.87804
1.1473
0.8085
0.85325
1.094
1.1169
0.85918
1.0008
1.013
1.0564
1.1822
0.84875
1.0311
0.5615
0.64425
1.0715
0.79599
0.74477
1.1059
0.8049
1.012
0.85069
0.59065
0.77236
0.9752
1.013
1.162
0.87981
0.70216
1.0161
1.1051
1.2332
0.97806
0.86046
1.1035
1.1127
1.0731
1.0255
1.0475
0.89398
1.1183
0.9538
0.98279
0.82519
0.83178
0.924
0.98198
0.95623
1.1238
0.90545
1.0927
0.88543
0.66336
1.1353
0.89488
0.66172
1.1287
0.92457
0.98801
0.77544
0.79623
0.75151
1.1572
0.70642
1.0308
0.97883
0.94661
0.97248
0.59652
0.79352
1.0441
0.87066
0.88179
1.0298
1.0585
0.93143
1.069
0.57165
1.0563
1.0556
0.94296
0.80107
0.90192
0.93035
0.51335
1.0258
0.63975
0.9488
0.72714
0.62289
0.99004
1.0088
0.55939
0.99257
0.68271
0.5897
0.60959
0.96557
0.85778
1.085
0.90879
0.64707
1.1082
0.98705
0.50746
0.93359
0.91098
0.60334
0.76211
0.92257
0.76408
1.1129
0.92814
0.82701
0.91557
0.92963
0.47828
1.0425
1.1576
1.0058
1.0004
0.67657
0.75127
0.70479
0.7391
1.1032
0.99797
0.77484
0.84855
0.68487
0.89316
1.0958
0.83467
0.62654
0.95403
1.0172
1.0101
1.0163
1.1065
0.91839
0.73561
0.9614
1.162
0.96872
0.71656
0.86374
0.85383
0.98789
0.88775
0.53951
0.91606
0.85298
0.94981
0.96013
0.99178
0.81925
1.1402
1.0949
0.84948
1.031
0.98183
0.86466
1.0897
0.67495
0.90118
1.1029
0.98836
0.88746
0.95422
0.82717
1.168
1.0404
0.83717
0.93794
0.90746
0.80538
1.0072
1.0361
0.90603
0.9532
1.1131
1.0945
0.88927
0.7191
0.57507
0.73179
0.97588
0.71539
0.85889
0.79662
0.85281
0.72939
0.91495
1.0685
0.68291
0.85911
0.9246
1.0379
0.7949
0.93552
0.93894
0.99742
0.76234
0.8184
1.0864
0.94526
1.2093
0.91042
0.78996
0.98815
0.88698
1.0115
0.86592
0.98556
0.75973
0.89408
1.0287
1.1157
1.0351
0.82041
0.78683
0.85409
0.96376
0.72457
1.0921
1.1264
1.0574
1.0051
0.71285
0.71677
0.9163
0.81777
0.56974
0.71293
0.56633
0.71325
1.0295
0.70889
0.81814
0.87351
0.94931
1.0642
1.1184
0.76838
1.0002
1.1187
0.95789
0.86967
0.96994
0.9769
0.83033
0.96284
1.0275
0.96609
1.0637
0.74508
0.85864
1.1145
0.97554
0.84405
1.0523
0.96207
0.60725
0.826
1.1683
0.99356
0.97414
0.80753
0.84784
1.1537
0.76251
0.9324
0.96063
0.73535
0.83584
0.94597
0.98134
0.86892
0.96322
0.84976
0.83272
0.98085
1.0844
0.78599
0.76801
0.72744
1.0141
1.1095
0.84559
1.2288
0.91885
0.93762
0.84252
0.96907
0.93072
0.53655
0.77217
1.0514
0.91904
0.79486
0.86019
1.0608
0.98115
0.76182
0.79967
0.94627
1.1626
0.61662
0.97539
0.97407
0.99089
0.79413
0.48898
1.2369
0.60635
1.0895
1.0806
0.8283
0.92987
0.83609
0.70443
0.91104
0.84803
0.82182
0.84315
1.1305
0.91967
0.77328
0.89742
0.90739
0.91844
0.97414
0.98917
0.82095
0.97659
0.94667
0.88118
1.0418
1.1839
0.8851
0.87347
0.95033
0.91882
0.67061
1.0739
0.67748
1.0382
0.86716
0.92343
0.8358
0.79368
1.1481
1.1407
0.90681
1.0502
0.80277
0.95811
0.5392
0.65717
1.038
1.0082
0.87826
0.89121
0.89413
0.7325
1.077
0.67969
0.96836
0.91438
1.0956
0.82038
1.0119
0.95121
0.63818
0.77623
1.1732
1.1242
1.0273
1.0253
0.91088
0.97436
0.95535
0.83753
0.977
0.85071
0.9619
1.0116
1.1918
1.3734
1.1377
1.0768
0.79015
0.83164
0.72626
1.1692
1.1288
0.89144
0.88029
1.0647
1.0323
1.2512
0.81968
0.77232
0.90157
1.0056
0.9289
0.934
0.83352
1.0266
0.87216
0.71038
1.0274
0.74591
0.7439
0.69723
0.83537
1.0497
0.90665
0.52682
0.53395
1.1074
1.2028
1.2661
0.91265
0.74209
0.96496
0.9092
0.82356
0.76551
0.89076
0.89761
0.98142
1.0898
0.85563
0.78977
0.93845
0.92014
0.77727
0.85935
0.78437
0.7413
0.98474
0.78032
0.96962
1.133
0.94005
0.90092
1.0281
1.289
0.9172
0.87823
1.0021
0.80454
0.80109
0.97214
1.0653
0.7462
1.0877
0.88075
0.76842
0.87681
0.91142
0.90276
0.9643
1.1204
1.0895
0.84679
1.2512
0.77519
0.86167
0.96322
0.91109
0.9496
0.83161
0.63415
0.92134
1.2903
1.0995
0.66625
1.0273
0.85103
1.1927
0.98614
1.0716
0.801
0.87747
0.85825
1.1094
1.028
1.0925
0.90421
0.80914
0.57608
0.95331
0.80275
0.99869
1.1546
0.809
0.58147
1.0893
0.7184
1.1269
1.1348
0.98615
1.0313
0.87531
1.0327
1.1108
0.80548
1.1815
1.0021
1.1479
0.87078
0.9671
1.0649
0.99577
1.2111
0.84832
0.88522
0.96186
1.0615
1.1265
0.9786
1.1724
0.99849
0.94391
0.96428
0.91464
0.85041
0.94479
0.71494
0.87844
0.91182
0.85222
0.78318
0.77746
1.0329
0.98885
0.80645
1.0363
0.84482
1.1904
1.0481
1.0881
1.2064
0.90589
0.88463
1.0517
0.90472
0.73287
1.0762
0.87745
0.6954
0.91017
0.86782
0.91478
0.91395
0.87011
0.55149
0.93369
0.88463
0.93314
0.9993
0.87316
0.8584
0.7991
0.71749
1.1374
0.98731
0.93857
0.8618
0.96479
0.94416
1.2124
0.98552
0.7442
0.86143
1.0223
1.0648
1.0839
0.51919
0.78677
1.1717
0.85171
0.96685
0.99616
0.9578
1.0012
0.91056
0.86729
1.1428
1.0909
0.8887
0.58127
0.5878
0.58071
0.89258
0.7225
1.0446
1.0484
0.76933
1.1794
0.77784
0.87215
0.75165
0.84208
0.91034
0.98729
0.97818
0.8253
1.0494
0.75252
1.029
0.38725
0.828
0.79777
0.968
0.91979
1.0688
0.93665
0.88712
0.5677
1.1328
0.49249
0.82978
0.89749
0.98998
1.2547
0.97586
1.0614
1.0306
0.84955
1.1309
0.85747
0.79471
0.79156
0.85765
0.99604
0.84199
0.86305
1.0448
1.0846
1.0927
1.1843
0.86454
0.92697
0.9331
1.0034
0.99992
0.93488
1.0001
0.89762
0.5745
1.0498
1.047
0.95938
0.80008
1.0902
0.96655
1.1183
0.64785
0.74763
0.72324
0.76893
0.72575
0.45763
1.0781
1.0195
1.274
1.0783
0.55723
0.87003
0.72128
1.2297
0.56803
1.0257
0.62664
0.83951
0.84208
0.89799
0.86717
1.1129
0.74275
0.99953
1.0244
0.93809
0.6969
0.82904
0.87019
1.0494
0.63097
0.78716
1.0321
0.83796
0.94292
0.67819
0.98772
1.0156
0.73139
0.65534
1.0031
1.0749
0.94316
0.67186
0.53284
0.78124
0.86454
1.1042
1.0269
0.7362
0.86433
0.75446
1.1392
1.1983
0.90502
0.8535
0.99897
0.98303
0.92234
0.86476
1.1386
0.89689
0.6938
1.1991
1.2514
0.97021
0.77281
0.68651
0.73413
0.89144
0.63577
1.1153
1.076
1.1092
0.71446
0.78521
0.73722
0.88498
0.93063
0.96587
0.93622
0.99669
0.91098
1.1039
1.0828
0.95637
0.83438
1.0955
0.7228
1.0814
0.96668
0.96797
0.66986
0.95213
1.0129
0.65178
1.0384
1.0126
0.96374
0.74655
0.83358
0.97348
0.87706
0.99951
0.99544
1.1986
0.99123
0.80759
0.98917
1.2117
0.78759
0.92124
0.87846
0.74818
0.93035
0.77078
0.7296
0.73375
1.0524
0.86578
0.89037
0.97445
0.54708
1.049
0.89877
0.6191
0.98594
0.91848
0.76765
0.60412
0.91861
0.72729
0.81379
1.1521
1.0316
0.95334
0.96423
0.89657
0.80431
0.80362
1.0476
1.0681
1.131
0.95558
0.99399
0.94921
1.016
0.94059
0.55463
1.0416
0.91214
0.99516
0.92003
0.67549
0.74616
1.1373
0.93443
0.82469
0.91404
0.86242
0.73528
1.2104
0.79085
0.92014
0.88189
1.1299
0.59009
0.84872
0.98883
0.92085
1.0922
0.96931
0.97182
0.76851
0.85642
0.8707
0.95667
1.2091
0.96645
0.79771
0.75138
0.68274
0.97789
1.145
0.76096
0.83025
0.62823
1.1506
0.82168
0.96162
0.75187
0.51083
1.0262
0.80384
0.58329
1.1639
1.0589
1.075
0.8723
1.0598
0.92841
1.1714
0.79428
0.94528
1.041
1.0346
0.89734
1.3313
0.83116
1.0166
0.75912
0.70573
0.85549
1.126
0.41047
0.82004
0.92944
0.97385
0.75356
1.0169
0.88491
1.2016
0.85904
1.0139
0.92044
1.1363
0.79722
0.96912
0.93232
0.87642
1.0394
0.97047
0.76034
0.83915
0.93958
0.87753
0.8162
0.91407
0.90433
1.0661
1.1478
0.79633
0.54761
1.0361
0.95348
0.9927
0.63845
0.95678
0.77577
0.95768
0.98046
1.0251
1.0506
0.83589
0.91613
0.80565
1.2275
0.67585
1.1211
0.85058
1.0454
1.0519
1.1887
0.86573
1.1023
0.97553
1.0298
1.1105
0.8906
1.0674
1.0913
1.0655
0.68608
0.72552
1.0549
0.9429
0.74098
1.1158
0.77894
0.6878
0.78836
1.1801
0.9663
1.0352
0.84952
0.88586
0.99913
0.85941
0.85492
1.0074
0.79141
1.0484
0.97575
0.774
0.86087
0.8067
0.88444
0.98712
0.69493
1.0984
1.0826
1.0029
0.91767
0.7071
0.85062
0.80342
1.1556
0.78095
0.94122
1.097
1.1899
1.2204
0.83957
1.0895
1.0062
0.78186
0.94532
0.89662
1.0333
0.93369
0.70358
1.1215
0.91029
1.2371
0.99158
1.0751
0.85035
1.1369
0.82047
1.0893
0.97499
0.9739
1.0928
1.0164
0.84349
0.94152
0.90225
1.1152
0.9011
1.0522
0.99932
1.0784
0.78843
0.8451
1.0203
1.0064
0.66889
0.94685
0.95687
1.0261
0.93189
0.93263
0.96859
0.80511
1.1393
1.1602
0.81049
1.2317
0.57995
1.0034
1.0856
0.86719
0.98465
1.0158
0.48599
1.0286
1.0485
0.61808
1.0896
0.72
1.2345
0.98728
0.61331
1.1239
1.0402
0.77109
0.61893
0.96623
1.0352
1.2553
0.83301
0.869
0.94657
1.057
0.74783
0.80059
0.85694
0.97719
1.0317
0.70296
0.81927
0.90167
0.94759
0.65913
0.98535
1.0134
0.82319
0.57988
0.80664
0.83689
0.72076
0.91518
1.0289
1.1112
0.95382
0.88165
1.213
0.89443
0.94324
0.71857
1.0383
1.1268
0.92032
1.1806
0.70599
1.0078
0.8797
1.0087
0.53948
1.233
0.80152
1.0263
0.84794
0.58629
0.80471
0.96617
0.90207
0.86165
1.2797
0.85486
0.97839
0.72232
0.9012
0.8503
1.1448
1.123
0.67307
0.85208
0.981
1.1418
0.76827
0.70945
1.0129
0.92804
0.93986
1.2232
0.99621
0.99397
1.0289
0.96521
0.83145
0.8808
0.80799
0.95102
0.68523
1.217
1.0428
0.90902
0.99506
1.1495
0.75433
0.94595
1.0895
0.93349
1.0214
1.0944
1.0421
1.1785
0.66983
0.89946
0.62412
0.94178
1.0597
1.1701
0.8013
1.1152
0.98093
0.39298
0.93097
0.63272
0.97104
1.1676
0.97731
0.5799
0.95428
0.78334
0.97338
0.90766
0.9077
1.0132
0.92396
1.0353
1.2126
1.0615
0.88601
1.1096
0.84732
1.0181
0.83529
0.89701
0.94663
0.94889
0.93471
0.8733
0.98576
1.135
1.0119
1.0438
0.88742
0.84511
1.2034
1.1052
1.0476
0.88862
1.1914
0.97776
0.78183
0.99883
1.0026
0.91173
1.3316
0.8094
1.0543
0.85031
1.0062
0.98969
1.0679
1.0462
0.72879
1.0142
0.98379
1.2152
0.88483
0.98259
1.0975
0.99894
1.0758
0.94359
1.1275
1.0943
0.89733
0.7313
0.71035
0.55274
1.0652
0.91126
0.9992
0.87571
0.87806
1.0325
0.79365
0.90157
0.81264
0.65428
1.0477
0.81125
0.99434
1.2243
0.83058
0.64807
0.72255
0.82013
1.0581
1.2074
0.92527
0.94382
0.98973
0.81107
0.99526
0.95528
0.76548
0.83873
0.83453
0.78028
1.0667
1.1087
1.0529
1.0076
0.81555
1.1322
0.84548
1.1128
0.88455
0.67047
0.92391
0.9507
0.95357
1.0362
0.95973
1.0258
1.0801
1.2277
1.0288
1.0379
1.0185
0.77169
0.75036
0.9501
0.6621
0.99715
1.0918
0.83751
0.76847
1.028
0.94596
0.90169
0.94672
0.81133
0.57367
1.1749
1.051
0.7673
0.96083
0.86741
1.0671
1.2236
1.1465
0.9984
0.88492
0.83483
0.84213
0.9259
0.99792
0.79645
0.82969
0.96912
0.82659
0.68066
0.96217
0.7391
0.63423
1.1042
1.1156
0.60282
1.045
0.59044
1.0062
0.86946
1.0145
1.0061
1.0295
1.0241
0.88047
1.098
1.1926
0.98293
1.0283
0.38915
0.72949
1.0676
1.1347
0.93287
0.90903
0.79055
0.89959
0.86589
0.80541
0.94292
0.85765
0.92658
0.95753
1.0264
0.94177
0.90937
0.71467
0.77114
1.0163
1.0167
0.80266
0.83623
0.84596
0.85547
1.1645
0.81184
0.99684
1.1937
0.79402
0.96705
1.1812
0.85266
0.87677
0.81556
0.94427
1.0917
0.94067
1.1206
1.0831
0.91325
0.94023
0.79535
0.91749
0.77225
0.88708
0.94634
1.0027
0.95862
0.59372
0.98776
0.59184
0.92634
0.65605
1.0061
0.87289
0.94437
1.0642
0.85528
0.86691
0.82012
0.90641
0.97654
0.98677
0.84999
1.0391
0.78852
1.0143
0.69322
0.70649
0.43025
1.2415
0.96099
0.75365
0.80454
0.67802
0.83712
0.86768
1.1022
0.85199
0.8563
0.89896
0.73995
1.061
0.91218
1.156
0.90448
0.91884
1.1443
0.72766
1.0126
0.87958
1.003
0.64612
0.71078
0.67918
0.73306
0.8776
0.90615
0.69841
0.75512
0.94888
0.96282
0.76811
0.86282
0.86917
0.95268
0.99629
1.048
0.97882
0.97045
1.1242
1.0783
0.95596
0.6906
1.1917
0.9281
1.0653
0.93938
0.9852
1.0428
0.9326
0.68712
0.85082
0.98841
1.2059
0.87059
1.0526
1.1105
0.89217
0.37942
0.66348
1.2305
1.0127
0.89372
0.94873
0.68954
1.0616
0.90835
1.0022
0.91728
1.1164
0.88679
0.99937
1.0303
0.75541
0.97233
0.50234
0.62482
1.2228
0.64805
0.78425
1.0769
0.81422
0.73817
0.95705
0.92089
0.64161
0.72292
0.92147
0.78531
0.89311
0.91743
0.8054
0.70579
0.80028
1.1448
0.56446
1.1713
0.9963
0.95177
0.79838
0.95817
1.0556
1.05
0.80594
0.67517
0.81567
1.0642
1.1091
1.0337
1.1519
1.2312
1.0116
0.98278
0.94236
1.243
0.96756
1.1364
0.66931
0.60954
0.55774
0.95224
0.96584
0.89127
1.0971
1.0822
0.96133
0.79337
0.97618
0.43847
1.1162
0.79906
1.0327
0.8263
1.1439
0.99277
0.58909
0.97931
0.62102
0.7988
1.0233
0.74861
0.59524
1.078
1.0027
0.628
1.0339
0.72721
0.81479
0.84693
0.97251
0.81982
1.0099
1.0022
0.90508
0.91027
0.70362
0.86302
1.0769
0.85844
1.0045
0.90242
1.1644
0.89182
0.85651
0.75632
0.95524
0.94633
1.0229
1.0741
1.1051
0.59683
1.1024
0.84184
1.1425
0.7301
1.164
0.92046
0.94606
0.91984
0.92992
0.75379
0.84094
1.0438
0.97145
1.0125
0.50355
0.91897
1.1991
0.69438
0.82387
0.92641
1.0776
0.95785
0.67817
0.94446
0.94886
0.90452
1.159
0.7854
0.92396
0.94032
1.0292
0.97887
0.75525
1.0001
0.76452
0.91553
1.2129
0.77431
1.0309
0.81396
0.99386
1.0429
0.54193
0.89114
0.64453
1.046
1.0165
1.0463
0.80709
0.99322
0.91155
0.94447
0.4862
0.97929
0.87383
0.63738
0.73455
1.0331
0.90902
0.87535
0.58151
0.89331
1.0097
1.0989
0.7659
0.65602
1.0858
0.69129
0.61631
0.99891
0.3377
1.0757
0.94399
0.54959
0.74155
0.79224
0.69515
0.95741
0.64008
0.77113
1.0421
0.98728
1.1665
0.93744
1.1252
0.83855
1.1351
0.59051
0.59517
0.88425
1.0614
0.95479
0.9113
0.94471
0.884
0.83242
0.90203
0.82865
0.95647
0.98764
0.96106
0.6885
0.92754
0.93976
0.81335
0.85549
0.87652
1.1082
0.8564
0.7626
0.86523
0.82276
1.1744
0.9175
0.70519
1.0036
1.162
0.78484
1.0586
0.9826
1.2195
1.072
0.97875
0.97807
1.0375
0.99038
1.0342
0.95927
0.67296
0.85617
0.94901
0.899
0.99352
0.95074
0.7508
1.1104
1.0104
0.79896
0.92399
1.1385
0.55844
0.9262
1.1555
0.89324
0.76249
1.1831
0.83583
0.72832
0.9697
1.0138
0.7778
0.93364
0.80555
0.79623
0.75278
0.9109
0.99955
0.97904
0.80483
1.1283
1.0177
0.85472
0.96798
0.88464
1.1677
1.0368
0.86996
0.92526
0.96539
0.72778
1.1294
1.0682
1.2335
1.069
0.88738
0.77922
1.1559
1.1202
1.1442
0.9795
0.78653
0.78664
1.0371
0.70092
1.0713
1.0339
1.0614
0.9977
1.0923
0.76856
1.0681
0.59632
0.88251
1.1211
1.1131
0.8374
0.9208
1.0474
1.0487
0.99513
0.75444
0.92764
0.83793
0.77494
0.95347
0.89244
0.87576
0.83849
0.7926
0.93752
0.81998
0.96109
0.73471
0.77308
1.0816
0.65925
1.2154
1.1177
0.86877
0.84661
1.1158
0.79969
0.97904
0.81354
1.0292
0.58129
1.019
0.93831
0.92774
0.64305
0.84045
0.85337
0.87106
0.94299
0.90496
0.91295
1.0915
0.56907
0.9283
1.1377
0.70688
1.133
0.89182
0.99845
0.95169
0.97287
0.99212
1.1488
1.0846
0.96607
1.0665
1.1003
0.86458
0.85165
0.94239
1.001
0.78167
0.90772
0.82322
1.1149
0.77363
0.87785
0.80163
0.87669
1.0231
1.0002
0.39037
0.9925
1.1529
0.85394
0.9511
0.96474
0.98289
1.0914
0.72257
0.80734
0.97444
1.0331
1.0228
1.1359
0.56362
0.9981
0.8816
0.86776
0.96038
0.8773
1.0953
1.2148
0.88917
0.94539
0.79141
1.1831
1.1685
1.035
0.93056
0.74341
0.80364
0.88689
1.0314
0.88006
0.65977
0.89536
1.1438
1.0938
0.90085
0.58451
0.68084
0.90724
0.93379
0.7005
1.1249
0.9475
1.0964
1.0711
1.0233
0.79743
0.60524
1.2189
1.0613
0.77877
1.0606
1.078
1.0691
1.2182
1.053
1.0802
1.0783
0.9152
0.83063
1.0577
0.98078
1.0249
1.0735
1.0251
0.98585
0.98387
0.83241
0.89987
1.0575
1.0323
1.0519
1.1993
0.95233
0.80394
0.91271
1.008
0.94756
0.9846
0.93944
0.73654
1.0799
0.82119
