0.62141
0.54199
0.53329
0.79848
0.64256
0.6548
0.6037
0.63366
0.54791
0.58936
0.34869
0.53891
0.81017
0.60041
0.57621
0.51582
0.60406
0.44048
0.58353
0.64809
0.60743
0.62977
0.65655
0.578
0.7393
0.80469
0.61077
0.61766
0.51112
0.4685
0.56126
0.61138
0.40015
0.59688
0.51801
0.56724
0.57155
0.51971
0.38988
0.43319
0.48658
0.72023
0.57241
0.52072
0.70088
0.70733
0.64016
0.592
0.5936
0.6511
0.70916
0.7705
0.49231
0.55785
0.48883
0.79872
0.48973
0.48844
0.42139
0.71257
0.68486
0.55858
0.63439
0.52618
0.51035
0.45308
0.54296
0.8665
0.73242
0.45587
0.4596
0.33721
0.66712
0.58165
0.39309
0.60059
0.39656
0.72411
0.55347
0.49598
0.61112
0.66595
0.54936
0.57973
0.53843
0.70373
0.54563
0.63069
0.61583
0.4047
0.74241
0.61643
0.70085
0.59702
0.56953
0.63641
0.64311
0.59738
0.62847
0.72957
0.57779
0.61503
0.65739
0.54669
0.53171
0.43424
0.51116
0.56868
0.80451
0.4161
0.81047
0.3889
0.40961
0.63254
0.63539
0.52023
0.34907
0.64878
0.59828
0.62062
0.43574
0.66353
0.6913
0.63544
0.46612
0.56443
0.65888
0.4878
0.68958
0.76791
0.52992
0.53256
0.54138
0.43534
0.58679
0.55567
0.44122
0.81804
0.70336
0.69206
0.54107
0.65182
0.57636
0.61841
0.72055
0.73272
0.58118
0.65497
0.4929
0.69198
0.52633
0.72105
0.51016
0.64896
0.55373
0.62203
0.52998
0.56883
0.47961
0.3982
0.48461
0.58287
0.64495
0.27075
0.61184
0.64063
0.46982
0.26502
0.56293
0.64113
0.63611
0.54143
0.64424
0.66328
0.71269
0.67938
0.44415
0.54413
0.50624
0.59114
0.52056
0.50551
0.68516
0.5502
0.79991
0.57027
0.5693
0.45796
0.54946
0.68064
0.69984
0.53175
0.39773
0.78833
0.66239
0.65532
0.51503
0.48246
0.54073
0.57587
0.67044
0.49337
0.53474
0.6325
0.5634
0.78306
0.65997
0.54177
0.47748
0.42502
0.47468
0.57246
0.67657
0.67508
0.64028
0.47234
0.56947
0.65012
0.60256
0.6302
0.44907
0.39707
0.81269
0.66427
0.48569
0.52886
0.62158
0.62786
0.76383
0.4539
0.67678
0.56285
0.58926
0.40889
0.5455
0.66526
0.68402
0.76689
0.4145
0.48069
0.58222
0.74243
0.48013
0.30065
0.37635
0.31407
0.52174
0.53614
0.60024
0.43185
0.68159
0.64377
0.65307
0.36986
0.45697
0.61159
0.5698
0.42626
0.62723
0.63154
0.67766
0.48534
0.6071
0.50046
0.5145
0.4045
0.68949
0.6314
0.86287
0.56258
0.64408
0.62162
0.71361
0.75191
0.89422
0.58869
0.50451
0.80517
0.53722
0.59766
0.62671
0.63591
0.5307
0.69742
0.58114
0.5542
0.50691
0.72085
0.77266
0.62648
0.70025
0.23399
0.44207
0.4761
0.88898
0.60817
0.51491
0.32569
0.47853
0.70423
0.70645
0.65471
0.54597
0.61957
0.58792
0.56078
0.32231
0.69284
0.61802
0.54099
0.69318
0.5388
0.70595
0.32159
0.64938
0.46527
0.54257
0.68995
0.41791
0.57033
0.67131
0.7619
0.51391
0.66137
0.59967
0.61703
0.65484
0.54277
0.53794
0.60857
0.58581
0.742
0.61094
0.58597
0.6634
0.75299
0.53995
0.63779
0.51133
0.51772
0.60837
0.48181
0.79575
0.42422
0.70919
0.54071
0.54253
0.60702
0.64318
0.67308
0.60346
0.55156
0.63803
0.53684
0.60774
0.71197
0.6588
0.62587
0.5407
0.56412
0.45406
0.62272
0.6106
0.52436
0.6281
0.35492
0.3839
0.75421
0.56112
0.47215
0.66201
0.53429
0.76076
0.62332
0.60063
0.62671
0.57172
0.62463
0.7997
0.49968
0.70957
0.65497
0.64796
0.63301
0.49522
0.49599
0.54581
0.55281
0.59445
0.65882
0.48993
0.63373
0.59651
0.68362
0.64004
0.56888
0.661
0.7609
0.55695
0.5072
0.6958
0.47352
0.56574
0.66125
0.60694
0.5184
0.51638
0.4982
0.49153
0.70112
0.65735
0.64103
0.63168
0.50843
0.53106
0.81588
0.6573
0.74974
0.7365
0.58264
0.68126
0.76048
0.39124
0.54589
0.56186
0.81617
0.45959
0.76937
0.66404
0.4982
0.61185
0.54495
0.64822
0.50679
0.38052
0.49467
0.45005
0.59924
0.69794
0.68188
0.64254
0.37535
0.52578
0.72262
0.56228
0.62284
0.55254
0.51307
0.72345
0.45755
0.59397
0.49068
0.56124
0.5106
0.6375
0.6673
0.4486
0.66699
0.49395
0.64988
0.75166
0.77497
0.48601
0.55062
0.69832
0.66301
0.44766
0.63994
0.38643
0.64786
0.68667
0.72777
0.37102
0.53797
0.46552
0.61012
0.43797
0.47936
0.74375
0.65441
0.66057
0.32422
0.6054
0.66671
0.63193
0.72153
0.67919
0.71393
0.59913
0.70511
0.62815
0.59237
0.48453
0.75037
0.6383
0.50961
0.81249
0.46523
0.53187
0.72001
0.74899
0.67777
0.80427
0.67138
0.53227
0.67487
0.57602
0.69623
0.48961
0.54104
0.71872
0.75514
0.58741
0.72895
0.67229
0.47241
0.5806
0.56144
0.67817
0.71518
0.59281
0.55527
0.49215
0.62146
0.6726
0.29353
0.70013
0.59922
0.67594
0.61718
0.4545
0.36556
0.68084
0.69133
0.61431
0.69763
0.52052
0.59143
0.62305
0.32538
0.69001
0.50014
0.65848
0.64708
0.60361
0.60052
0.66059
0.5469
0.48041
0.67541
0.53795
0.5185
0.65506
0.63982
0.65795
0.64834
0.70481
0.61429
0.47184
0.50699
0.65347
0.21475
0.6607
0.60584
0.45794
0.62271
0.64245
0.78435
0.63085
0.64451
0.71103
0.51321
0.4787
0.54821
0.53203
0.71992
0.70684
0.51356
0.56705
0.69604
0.5315
0.53075
0.43999
0.48287
0.6374
0.58314
0.66587
0.6297
0.49657
0.54468
0.62054
0.52597
0.48668
0.54958
0.72481
0.77714
0.5494
0.81125
0.53357
0.49585
0.76044
0.52807
0.57262
0.48132
0.67346
0.46134
0.45009
0.65945
0.66028
0.75799
0.63681
0.58652
0.53257
0.28888
0.596
0.557
0.65045
0.66987
0.60648
0.69508
0.6889
0.55883
0.68255
0.57486
0.67837
0.532
0.72531
0.64234
0.5354
0.479
0.6281
0.46201
0.51637
0.56682
0.55164
0.49609
0.53888
0.67542
0.44991
0.50337
0.66641
0.54674
0.64637
0.47846
0.60264
0.62072
0.54253
0.63345
0.72507
0.5383
0.67186
0.59251
0.5458
0.8819
0.46108
0.47734
0.4334
0.80727
0.63397
0.59462
0.79451
0.53671
0.71393
0.46559
0.7396
0.75043
0.42914
0.53402
0.50245
0.55089
0.54414
0.6656
0.46783
0.62733
0.7232
0.70022
0.61751
0.59723
0.66793
0.59668
0.73164
0.69503
0.69572
0.67403
0.55185
0.67457
0.51152
0.58892
0.70954
0.57515
0.8514
0.45625
0.65116
0.57983
0.55509
0.81559
0.39102
0.61764
0.67692
0.72624
0.64736
0.30707
0.58743
0.46325
0.62949
0.58901
0.56718
0.61687
0.6321
0.51733
0.46666
0.6129
0.4926
0.51733
0.6512
0.52789
0.54937
0.4496
0.6965
0.57068
0.53187
0.63931
0.61099
0.55973
0.6327
0.49195
0.5779
0.69179
0.71108
0.6371
0.62072
0.53141
0.44269
0.36548
0.76204
0.65801
0.6416
0.46677
0.57693
0.71146
0.77979
0.71581
0.50918
0.67699
0.52239
0.61434
0.44071
0.68811
0.50608
0.72594
0.5932
0.52152
0.73133
0.47471
0.68942
0.69099
0.70213
0.64717
0.54096
0.5919
0.53708
0.40803
0.7871
0.6204
0.66985
0.73559
0.46793
0.57638
0.64084
0.59872
0.6638
0.55199
0.67069
0.5093
0.5206
0.49245
0.77035
0.37097
0.54146
0.56637
0.5104
0.48611
0.63431
0.61319
0.6645
0.61744
0.63857
0.73169
0.49053
0.58324
0.67894
0.64909
0.66486
0.44207
0.60379
0.60569
0.23947
0.58515
0.71658
0.60001
0.78792
0.71348
0.59734
0.78671
0.8118
0.4001
0.58099
0.55156
0.59269
0.48602
0.50874
0.72827
0.6611
0.6243
0.79116
0.58014
0.49542
0.70315
0.50089
0.47911
0.66815
0.50457
0.48319
0.48462
0.42015
0.55463
0.64675
0.45851
0.64042
0.82597
0.49129
0.54445
0.64014
0.41582
0.38273
0.46944
0.6978
0.7236
0.60622
0.7352
0.43915
0.15772
0.5299
0.69635
0.74102
0.52041
0.60046
0.50983
0.57162
0.71739
0.26184
0.39886
0.59071
0.41579
0.41789
0.64743
0.44475
0.67171
0.68563
0.57242
0.56067
0.71401
0.55635
0.55309
0.50624
0.72327
0.69653
0.70054
0.79155
0.59803
0.62881
0.70028
0.59513
0.64873
0.65142
0.65266
0.34608
0.59782
0.38846
0.67402
0.39373
0.74007
0.72032
0.60691
0.74969
0.55164
0.58056
0.62605
0.64686
0.67671
0.54825
0.54472
0.5864
0.57847
0.39709
0.68011
0.59707
0.55216
0.54908
0.52855
0.63562
0.65222
0.72931
0.60016
0.35817
0.67147
0.703
0.52553
0.65665
0.35277
0.53736
0.38504
0.51412
0.7204
0.62464
0.55513
0.48296
0.73173
0.61774
0.4825
0.55118
0.352
0.77153
0.47633
0.70755
0.74325
0.63557
0.53727
0.43723
0.29939
0.5898
0.48922
0.1977
0.57156
0.58795
0.57965
0.72171
0.57723
0.75578
0.4314
0.74381
0.7009
0.6738
0.72764
0.40992
0.45962
0.3995
0.3631
0.48698
0.59649
0.63236
0.53397
0.39681
0.50785
0.6204
0.47432
0.4065
0.5668
0.58153
0.51593
0.47261
0.45323
0.42083
0.55865
0.3068
0.58915
0.61848
0.59307
0.46476
0.55277
0.5231
0.70279
0.422
0.70246
0.49972
0.55382
0.6549
0.70615
0.70481
0.65929
0.64417
0.42767
0.63705
0.76758
0.47623
0.62762
0.5232
0.54507
0.66758
0.50207
0.58537
0.59
0.33709
0.5363
0.46355
0.7335
0.42145
0.58421
0.49044
0.52671
0.78813
0.67101
0.5247
0.51005
0.40164
0.67037
0.79795
0.4248
0.82995
0.58618
0.43503
0.52047
0.70669
0.52767
0.6278
0.76328
0.67956
0.27577
0.54099
0.67778
0.69677
0.78364
0.74597
0.42726
0.6785
0.64296
0.65803
0.48058
0.37058
0.66479
0.6587
0.53034
0.33801
0.67388
0.4125
0.49477
0.33552
0.82672
0.76651
0.47659
0.59499
0.31957
0.42182
0.69042
0.53162
0.54651
0.59937
0.65465
0.73785
0.76785
0.32694
0.46371
0.40131
0.61997
0.59603
0.39141
0.71956
0.64061
0.80541
0.79323
0.52164
0.69051
0.41365
0.4187
0.63873
0.60133
0.61544
0.47684
0.73579
0.56371
0.71444
0.73099
0.65861
0.53706
0.57837
0.48155
0.57242
0.49313
0.70262
0.72309
0.80581
0.55776
0.51723
0.71894
0.76011
0.60509
0.6668
0.55336
0.40841
0.63347
0.51519
0.39716
0.38827
0.63838
0.594
0.638
0.56233
0.46104
0.42943
0.65208
0.67923
0.57298
0.52991
0.62208
0.508
0.32504
0.57222
0.75165
0.35999
0.57733
0.67195
0.29009
0.71518
0.34477
0.7155
0.27813
0.81857
0.71616
0.67038
0.64998
0.46854
0.4948
0.51732
0.84247
0.74002
0.34034
0.6383
0.68303
0.46316
0.69951
0.71907
0.41301
0.6557
0.65722
0.65622
0.76062
0.64063
0.51684
0.55299
0.68027
0.62796
0.44932
0.60676
0.51611
0.53956
0.63233
0.62077
0.57081
0.54829
0.66828
0.64013
0.6255
0.74449
0.45841
0.58167
0.39313
0.49705
0.49857
0.62258
0.58105
0.5958
0.58881
0.63704
0.56516
0.41258
0.59489
0.64124
0.56165
0.61868
0.49341
0.54323
0.73269
0.37586
0.67295
0.52719
0.37279
0.35915
0.43027
0.76996
0.6349
0.69597
0.51431
0.53574
0.67838
0.55555
0.59713
0.52006
0.65553
0.64092
0.59026
0.50833
0.65864
0.47331
0.6126
0.49273
0.62521
0.66523
0.76143
0.67806
0.313
0.67029
0.68269
0.61523
0.70025
0.57792
0.73629
0.45864
0.54821
0.53005
0.53783
0.70697
0.64714
0.50225
0.62337
0.55111
0.66405
0.62511
0.66609
0.66391
0.56449
0.59958
0.77556
0.59552
0.55513
0.63742
0.26892
0.62643
0.80872
0.66444
0.49256
0.63581
0.67283
0.54349
0.78943
0.58065
0.64959
0.57115
0.56236
0.65887
0.65089
0.72678
0.73974
0.63035
0.47489
0.64942
0.67302
0.51513
0.67129
0.63404
0.65322
0.61317
0.18332
0.41456
0.46026
0.35694
0.50388
0.42356
0.53174
0.60387
0.47737
0.71175
0.56588
0.75078
0.59216
0.55391
0.35516
0.49575
0.74482
0.27951
0.77205
0.64773
0.70645
0.61165
0.75389
0.62083
0.26848
0.63668
0.41643
0.51714
0.76034
0.5628
0.65025
0.64228
0.36968
0.56185
0.74744
0.6102
0.57037
0.76871
0.69731
0.53484
0.76553
0.75248
0.71022
0.66694
0.56609
0.41294
0.69745
0.6798
0.57081
0.55176
0.69233
0.70169
0.65953
0.54205
0.64529
0.7287
0.50741
0.53139
0.58547
0.57064
0.55517
0.47295
0.63026
0.46765
0.53154
0.43593
0.53411
0.45721
0.69555
0.55516
0.66571
0.54447
0.53753
0.63459
0.59871
0.6909
0.61505
0.39768
0.72446
0.6145
0.58221
0.54598
0.59941
0.50837
0.55777
0.58439
0.3919
0.72498
0.67619
0.54366
0.40639
0.79724
0.69131
0.66757
0.52889
0.58423
0.50971
0.6244
0.53586
0.53643
0.31341
0.46479
0.80527
0.46848
0.70307
0.51307
0.61113
0.68661
0.46873
0.56653
0.66819
0.5986
0.79609
0.6035
0.78784
0.51424
0.52312
0.54528
0.56306
0.58723
0.6224
0.49513
0.50867
0.80478
0.46498
0.2932
0.60035
0.64349
0.72184
0.48353
0.59703
0.49449
0.64268
0.77129
0.74218
0.6089
0.6886
0.25846
0.5064
0.6083
0.75576
0.6572
0.67494
0.52123
0.60582
0.73452
0.73861
0.67522
0.67189
0.49925
0.63281
0.51576
0.37188
0.70904
0.6508
0.57838
0.55681
0.71756
0.50544
0.39367
0.61577
0.71715
0.68249
0.72829
0.60349
0.59959
0.65336
0.6429
0.6276
0.68455
0.81106
0.43373
0.65047
0.63124
0.47396
0.54084
0.39585
0.71698
0.48021
0.69623
0.57951
0.72064
0.4721
0.7757
0.53623
0.77014
0.60383
0.80947
0.77528
0.55769
0.55437
0.38573
0.52198
0.64108
0.5732
0.57445
0.34859
0.75026
0.54079
0.47955
0.71545
0.63162
0.61907
0.59857
0.66181
0.42795
0.72319
0.72708
0.40865
0.81968
0.669
0.68765
0.55994
0.6912
0.4997
0.69599
0.55063
0.28294
0.74411
0.52955
0.48779
0.71729
0.6201
0.80583
0.51046
0.69149
0.75744
0.75041
0.43892
0.72334
0.77489
0.67598
0.48147
0.71342
0.35068
0.65026
0.34152
0.80773
0.51231
0.6978
0.62632
0.37171
0.64338
0.62449
0.7056
0.71709
0.67491
0.47734
0.43779
0.79924
0.43669
0.52547
0.68729
0.78839
0.60426
0.82983
0.78538
0.65962
0.6408
0.67306
0.74237
0.43116
0.6178
0.61438
0.6111
0.68033
0.59864
0.4357
0.6428
0.72946
0.42958
0.64125
0.55187
0.64078
0.53309
0.47886
0.60749
0.50747
0.46919
0.7501
0.71367
0.65997
0.61736
0.56362
0.70016
0.65901
0.8319
0.49258
0.64531
0.46212
0.68637
0.55578
0.67986
0.59075
0.61931
0.75117
0.67906
0.72078
0.635
0.35401
0.70542
0.58064
0.51743
0.46727
0.767
0.4719
0.70986
0.56869
0.52956
0.71567
0.64633
0.72823
0.4835
0.71794
0.66666
0.35453
0.72322
0.77128
0.72224
0.64337
0.6084
0.51471
0.69977
0.6124
0.43707
0.41157
0.69482
0.5862
0.68331
0.73164
0.78032
0.63755
0.63145
0.63643
0.66378
0.64753
0.42909
0.46073
0.48278
0.57889
0.52993
0.71732
0.60046
0.56821
0.35096
0.42169
0.73294
0.55172
0.59124
0.56877
0.49941
0.75172
0.46887
0.65941
0.74685
0.83348
0.73002
0.64062
0.5823
0.58968
0.69954
0.42325
0.72563
0.77768
0.49706
0.62467
0.57517
0.64731
0.76292
0.42894
0.70244
0.64769
0.68431
0.69995
0.7952
0.27824
0.43459
0.49677
0.64955
0.37248
0.69566
0.63154
0.48914
0.58757
0.58771
0.57802
0.53366
0.52803
0.55028
0.72427
0.77107
0.6173
0.54301
0.63127
0.58594
0.69104
0.44316
0.65527
0.54905
0.59691
0.57591
0.40203
0.42057
0.75857
0.63385
0.65745
0.67843
0.50228
0.7481
0.42945
0.50078
0.63518
0.62405
0.61604
0.59683
0.523
0.55675
0.63342
0.47132
0.5977
0.46654
0.66149
0.50635
0.72236
0.68099
0.59673
0.56753
0.45236
0.72088
0.62614
0.54783
0.48804
0.65577
0.48365
0.66137
0.53975
0.31396
0.49729
0.42798
0.74259
0.53528
0.79319
0.76159
0.61873
0.6518
0.68735
0.73031
0.64391
0.58688
0.65748
0.54264
0.59977
0.67133
0.38127
0.66304
0.70357
0.47205
0.41262
0.67094
0.6687
0.39899
0.5645
0.5812
0.46425
0.609
0.58699
0.38482
0.57186
0.61999
0.47705
0.63624
0.51871
0.59791
0.63929
0.67033
0.37579
0.32536
0.58469
0.76407
0.69816
0.74436
0.50685
0.62601
0.77202
0.73879
0.77404
0.25125
0.53676
0.72828
0.80973
0.71195
0.68844
0.41264
0.58269
0.77446
0.37376
0.68729
0.58714
0.57083
0.42295
0.7261
0.60886
0.65941
0.67464
0.63584
0.60182
0.45632
0.65752
0.56102
0.60398
0.59076
0.76606
0.5895
0.65317
0.34573
0.53643
0.47461
0.40706
0.49307
0.52326
0.6556
0.71544
0.64846
0.52415
0.7452
0.48061
0.80811
0.49073
0.36842
0.57711
0.66949
0.53308
0.6071
0.6935
0.651
0.47518
0.66214
0.60201
0.59953
0.50205
0.41707
0.83583
0.74039
0.67029
0.47926
0.38007
0.55504
0.52875
0.62475
0.74328
0.80175
0.61649
0.43091
0.45077
0.54646
0.62881
0.312
0.39195
0.38619
0.6247
0.61896
0.49612
0.56538
0.34891
0.67123
0.59014
0.51299
0.68245
0.68785
0.68569
0.74904
0.63677
0.38823
0.71609
0.50887
0.83193
0.68737
0.53754
0.62747
0.52964
0.44996
0.49205
0.54402
0.49109
0.63509
0.77536
0.48927
0.71911
0.733
0.51288
0.68317
0.67627
0.79753
0.61199
0.6555
0.36616
0.75659
0.71836
0.53082
0.72901
0.39935
0.6369
0.38387
0.5016
0.31218
0.66503
0.65589
0.77278
0.6034
0.54507
0.66734
0.61394
0.6661
0.5695
0.57664
0.65487
0.77167
0.59283
0.44264
0.59335
0.59796
0.64484
0.42765
0.42394
0.60153
0.57536
0.56978
0.55614
0.81165
0.59127
0.64201
0.52233
0.48571
0.57556
0.59732
0.58056
0.58688
0.4883
0.61407
0.57354
0.6489
0.7583
0.4729
0.46712
0.5532
0.74357
0.55631
0.47914
0.53757
0.62603
0.50552
0.80661
0.69154
0.69377
0.71044
0.52808
0.52443
0.61541
0.45614
0.59872
0.73305
0.3735
0.37469
0.63573
0.5072
0.30271
0.66225
0.49404
0.63086
0.4063
0.64085
0.67927
0.58033
0.53271
0.6937
0.76381
0.54317
0.70058
0.55133
0.61848
0.57043
0.6003
0.69309
0.37722
0.63496
0.43251
0.5028
0.71998
0.75227
0.55762
0.71959
0.61665
0.74196
0.60342
0.64564
0.5713
0.68855
0.44634
0.53137
0.40388
0.46786
0.57485
0.52892
0.51197
0.49699
0.67515
0.59641
0.5557
0.29243
0.61549
0.53903
0.50307
0.58031
0.49244
0.56672
0.61868
0.76598
0.48642
0.81562
0.54357
0.71826
0.60261
0.72687
0.66974
0.68765
0.3638
0.61571
0.48091
0.61672
0.62799
0.8579
0.56981
0.47855
0.53303
0.57343
0.66656
0.51424
0.78464
0.62498
0.68545
0.55615
0.56199
0.59461
0.52155
0.51723
0.61471
0.6538
0.58123
0.38011
0.60889
0.50372
0.48767
0.45818
0.4827
0.71276
0.59807
0.64796
0.72446
0.61841
0.60708
0.55613
0.68062
0.38342
0.37536
0.60983
0.34001
0.6639
0.56872
0.59318
0.66726
0.73012
0.71895
0.63574
0.64354
0.55136
0.55162
0.73186
0.4141
0.53923
0.71303
0.69796
0.70859
0.46613
0.55801
0.69778
0.53412
0.78821
0.55736
0.4339
0.65322
0.49205
0.33731
0.73798
0.69274
0.62002
0.45613
0.56255
0.5989
0.60721
0.58314
0.72422
0.62442
0.53282
0.49116
0.54152
0.57962
0.6373
0.4068
0.75281
0.59158
0.53446
0.7077
0.53857
0.58226
0.66745
0.58563
0.57646
0.34915
0.59232
0.7784
0.63762
0.60189
0.74264
0.75346
0.69497
0.72222
0.70757
0.54669
0.75683
0.61325
0.66156
0.6954
0.72081
0.6863
0.67105
0.56022
0.62172
0.51869
0.73869
0.83069
0.46718
0.40104
0.28073
0.68217
0.58916
0.6654
0.47616
0.48918
0.57658
0.47975
0.6498
0.7784
0.62767
0.76672
0.58633
0.68217
0.36287
0.50274
0.45439
0.4335
0.72201
0.70614
0.73923
0.57188
0.67992
0.63689
0.49853
0.6895
0.60157
0.37027
0.62541
0.80555
0.58108
0.64067
0.59382
0.51443
0.55324
0.49622
0.66927
0.61705
0.61325
0.60108
0.65513
0.77157
0.63805
0.41669
0.70258
0.46873
0.67907
0.55554
0.57168
0.5169
0.52808
0.62686
0.51854
0.74065
0.5812
0.70094
0.49197
0.49359
0.56259
0.58738
0.65816
0.52894
0.75735
0.50853
0.78202
0.43074
0.4901
0.55072
0.5259
0.69581
0.47592
0.63826
0.82225
0.68951
0.61729
0.55441
0.63859
0.52937
0.63348
0.7291
0.18738
0.59642
0.57744
0.54772
0.44366
0.42591
0.75103
0.41679
0.6719
0.7003
0.51282
0.70104
0.50362
0.43639
0.45686
0.62613
0.67154
0.56145
0.57483
0.49486
0.58841
0.56131
0.58526
0.46685
0.45123
0.60903
0.68372
0.47199
0.57318
0.54445
0.41953
0.5616
0.4573
0.68917
0.83683
0.51126
0.63163
0.59554
0.54486
0.78847
0.66237
0.31312
0.53491
0.53703
0.67479
0.84172
0.62191
0.56302
0.52421
0.53992
0.51584
0.36018
0.51804
0.64695
0.66167
0.77116
0.62343
0.70319
0.65243
0.66194
0.44183
0.77573
0.52752
0.60864
0.46002
0.51167
0.64813
0.4388
0.54446
0.55728
0.70849
0.55963
0.63898
0.61907
0.65613
0.50401
0.6839
0.42973
0.59164
0.58642
0.49341
0.62364
0.34156
0.76195
0.68157
0.53087
0.48681
0.76256
0.72231
0.55113
0.40663
0.59531
0.59277
0.46033
0.63206
0.57778
0.51651
0.6282
0.51825
0.67436
0.53595
0.74843
0.61853
0.61326
0.62583
0.66872
0.6069
0.49198
0.51063
0.53645
0.67803
0.65438
0.63674
0.5501
0.53723
0.58197
0.38041
0.42393
0.58936
0.36686
0.73234
0.64239
0.39603
0.7208
0.74403
0.79727
0.58409
0.56004
0.575
0.21607
0.35471
0.6005
0.6088
0.41165
0.50369
0.41594
0.77302
0.44705
0.72007
0.37249
0.62901
0.72545
0.75856
0.59984
0.76435
0.62995
0.58599
0.46697
0.64484
0.53766
0.65266
0.64312
0.65401
0.55557
0.62853
0.66877
0.63302
0.49604
0.38271
0.52792
0.71607
0.44848
0.64154
0.69488
0.67397
0.41113
0.71237
0.4697
0.47897
0.69569
0.70827
0.71104
0.80089
0.73738
0.64024
0.90465
0.71331
0.52516
0.54724
0.62697
0.63516
0.52221
0.59504
0.67631
0.71656
0.45114
0.5092
0.40618
0.53745
0.36249
0.5473
0.70219
0.78847
0.49695
0.5915
0.80672
0.60117
0.68402
0.49954
0.7804
0.52871
0.5038
0.60561
0.43576
0.78768
0.61025
0.73172
0.72547
0.70304
0.75121
0.54542
0.64338
0.58602
0.60585
0.63672
0.35868
0.46493
0.63071
0.72682
0.57344
0.45507
0.45384
0.61405
0.61913
0.57425
0.55853
0.64452
0.79031
0.71109
0.56326
0.56828
0.521
0.45565
0.55087
0.61228
0.51859
0.5715
0.74576
0.7309
0.59556
0.74225
0.54262
0.46412
0.55645
0.57304
0.62426
0.80739
0.81743
0.66403
0.70346
0.43499
0.58337
0.69088
0.68927
0.36817
0.59138
0.76436
0.63371
0.55004
0.71513
0.64236
0.63933
0.79053
0.72884
0.44828
0.7026
0.66151
0.63085
0.72942
0.64798
0.71953
0.43091
0.7893
0.80026
0.61608
0.51191
0.44181
0.45926
0.58271
0.55355
0.505
0.53698
0.71358
0.49834
0.54974
0.5178
0.44449
0.51751
0.74979
0.73248
0.64605
0.54458
0.31445
0.52456
0.62259
0.60516
0.59386
0.67631
0.58319
0.67004
0.72152
0.22967
0.33851
0.63779
0.65829
0.77634
0.68434
0.61633
0.50225
0.56009
0.73031
0.54544
0.55237
0.59387
0.70418
0.52123
0.61731
0.35709
0.63244
0.57837
0.6326
0.67527
0.5391
0.60316
0.57108
0.54396
0.72016
0.5158
0.76542
0.76825
0.60201
0.61078
0.60204
0.6291
0.60266
0.63619
0.63628
0.64385
0.72816
0.66221
0.47095
0.65818
0.6539
0.34006
0.27344
0.66692
0.63464
0.74947
0.64042
0.51246
0.64496
0.52094
0.58517
0.58383
0.68128
0.53059
0.55188
0.71232
0.59936
0.506
0.61759
0.70109
0.57017
0.64271
0.50369
0.77966
0.60482
0.4323
0.46425
0.63864
0.70484
0.45539
0.7665
0.51467
0.31153
0.58575
0.30215
0.73818
0.41673
0.62303
0.72267
0.46112
0.69914
0.66862
0.67222
0.5903
0.51913
0.51539
0.35461
0.60418
0.43547
0.52226
0.47975
0.61196
0.78946
0.62926
0.5713
0.73111
0.55813
0.5486
0.74786
0.73377
0.55905
0.58057
0.72558
0.68941
0.44017
0.3467
0.68253
0.65775
0.61804
0.6263
0.85804
0.70246
0.70023
0.55537
0.53751
0.43169
0.58931
0.61236
0.83407
0.41686
0.57613
0.55802
0.6482
0.71171
0.52874
0.51724
0.67012
0.57373
0.75502
0.5249
0.67701
0.54798
0.65169
0.67249
0.55596
0.78478
0.55868
0.68019
0.53692
0.37895
0.64259
0.60989
0.58261
0.59103
0.49805
0.62421
0.51331
0.4885
0.68712
0.70075
0.51129
0.40052
0.50617
0.55974
0.64199
0.54473
0.47838
0.63941
0.66888
0.68833
0.53682
0.48894
0.46024
0.68426
0.82049
0.35432
0.67961
0.58189
0.64963
0.52358
0.39105
0.4495
0.6503
0.65694
0.69942
0.44798
0.52663
0.53532
0.76801
0.60899
0.65256
0.60616
0.75279
0.60267
0.60288
0.50639
0.62087
0.48734
0.68828
0.68654
0.70441
0.59807
0.59366
0.7099
0.5168
0.56288
0.67661
0.59537
0.78813
0.60712
0.61565
0.58009
0.73824
0.61404
0.52022
0.74395
0.6263
0.70517
0.55136
0.539
0.4877
0.69128
0.58717
0.46535
0.69597
0.49638
0.659
0.48116
0.70726
0.57148
0.54712
0.66973
0.53214
0.33788
0.66927
0.59513
0.35334
0.68716
0.57324
0.60961
0.68518
0.39093
0.7199
0.55136
0.58301
0.38001
0.63462
0.4423
0.54462
0.46961
0.68115
0.5563
0.69103
0.53221
0.4582
0.51139
0.35921
0.67621
0.62761
0.61166
0.67842
0.40046
0.37367
0.64526
0.70959
0.44336
0.73666
0.74873
0.42499
0.72314
0.50904
0.29465
0.87283
0.67279
0.81926
0.71117
0.63525
0.58052
0.70324
0.45973
0.64778
0.6672
0.42245
0.6006
0.49854
0.45692
0.67861
0.483
0.58265
0.64845
0.48829
0.56636
0.7597
0.64147
0.56505
0.48392
0.58876
0.6155
0.60734
0.52242
0.57246
0.60345
0.66217
0.61322
0.66996
0.64556
0.44956
0.64942
0.72979
0.80375
0.61286
0.63416
0.55042
0.53392
0.65588
0.71313
0.30672
0.67765
0.58469
0.46437
0.64557
0.46402
0.45246
0.31999
0.43721
0.38193
0.76245
0.36585
0.4796
0.55074
0.57303
0.56159
0.52666
0.65971
0.65463
0.3617
0.69574
0.28453
0.5666
0.36206
0.74213
0.56642
0.66927
0.47457
0.45486
0.5278
0.60004
0.40232
0.62824
0.56321
0.66419
0.697
0.45313
0.66325
0.57549
0.5691
0.6729
0.70597
0.71518
0.7446
0.59803
0.40873
0.6079
0.54967
0.70619
0.62704
0.39877
0.70966
0.52989
0.5067
0.30312
0.6927
0.59784
0.39275
0.58053
0.22954
0.53356
0.7112
0.66496
0.56784
0.73931
0.87264
0.56457
0.59377
0.6521
0.43043
0.62329
0.37099
0.63727
0.56746
0.47523
0.74922
0.47985
0.72282
0.36179
0.46737
0.52271
0.48399
0.70177
0.37374
0.62063
0.64574
0.65121
0.73025
0.77435
0.62014
0.37114
0.6429
0.24432
0.66463
0.427
0.62559
0.68866
0.67688
0.62268
0.80636
0.42806
0.37051
0.576
0.62847
0.44001
0.43168
0.49732
0.54176
0.55828
0.24891
0.42989
0.62999
0.75201
0.54176
0.6671
0.63712
0.54027
0.44712
0.61844
0.77288
0.64142
0.66604
0.72165
0.47659
0.71863
0.55635
0.68568
0.47294
0.75524
0.62687
0.64923
0.63071
0.54824
0.58981
0.70628
0.68283
0.3344
0.72073
0.66455
0.69264
0.83168
0.86093
0.59029
0.48153
0.79542
0.45734
0.72703
0.32692
0.75813
0.65976
0.67845
0.5599
0.63331
0.54038
0.66229
0.74371
0.60791
0.61354
0.61545
0.45705
0.70544
0.81555
0.70468
0.65127
0.54372
0.55677
0.3924
0.78535
0.76079
0.69281
0.65404
0.56003
0.53477
0.64405
0.65409
0.43611
0.58728
0.58182
0.67617
0.45143
0.53458
0.59542
0.70609
0.60044
0.64176
0.7074
0.76466
0.41144
0.60803
0.67842
0.49763
0.57753
0.57704
0.43208
0.47896
0.59271
0.69731
0.40837
0.54113
0.68664
0.48525
0.65725
0.48273
0.58441
0.55358
0.78205
0.69482
0.55739
0.59534
0.67899
0.59186
0.6445
0.40707
0.63624
0.56762
0.53131
0.55407
0.69572
0.62818
0.62909
0.63445
0.64529
0.34186
0.59757
0.59435
0.64343
0.62361
0.50524
0.76368
0.57032
0.77033
0.6722
0.65282
0.44851
0.52156
0.71296
0.52906
0.77993
0.42396
0.48005
0.59788
0.45651
0.6239
0.58671
0.57683
0.65177
0.43932
0.6653
0.60709
0.70187
0.61734
0.58015
0.82355
0.58841
0.65209
0.61881
0.5313
0.51362
0.64369
0.37053
0.3951
0.71274
0.60943
0.57226
0.39721
0.43689
0.59651
0.69104
0.71921
0.51617
0.54085
0.69461
0.43935
0.64993
0.45616
0.74703
0.42453
0.53142
0.52964
0.49322
0.70179
0.60809
0.77011
0.51018
0.49278
0.62901
0.59213
0.67912
0.54338
0.4919
0.64624
0.40582
0.59836
0.62754
0.57525
0.36466
0.45662
0.38328
0.73711
0.72854
0.61017
0.54898
0.74605
0.49972
0.56762
0.66235
0.64061
0.59023
0.51989
0.58124
0.61913
0.68765
0.48439
0.64476
0.58767
0.37883
0.59569
0.82108
0.37994
0.76013
0.52362
0.48869
0.57488
0.70587
0.61252
0.64988
0.49467
0.63925
0.71317
0.56399
0.45486
0.27234
0.65898
0.55003
0.4979
0.7704
0.63602
0.27785
0.69601
0.65329
0.62526
0.61135
0.498
0.33442
0.60332
0.64824
0.6032
0.52416
0.49956
0.60834
0.30528
0.47885
0.66087
0.52513
0.34566
0.63902
0.54657
0.65097
0.62898
0.53131
0.74065
0.60714
0.6977
0.66279
0.68783
0.74279
0.45681
0.51917
0.4399
0.72514
0.79363
0.5921
0.67817
0.44468
0.67496
0.54445
0.55492
0.76125
0.44466
0.7844
0.54437
0.66702
0.64844
0.40052
0.46357
0.83118
0.49557
0.52451
0.51368
0.64508
0.66229
0.67488
0.59637
0.69824
0.75108
0.43656
0.42193
0.56329
0.60749
0.58779
0.64298
0.60139
0.58652
0.80357
0.63888
0.60446
0.54152
0.6794
0.46204
0.54206
0.4249
0.68172
0.60346
0.77537
0.67714
0.59656
0.42054
0.64317
0.45175
0.52992
0.53613
0.43588
0.44097
0.48419
0.49701
0.40194
0.50741
0.57068
0.6069
0.71648
0.59712
0.75431
0.4741
0.50757
0.60033
0.7263
0.41654
0.66705
0.36133
0.64421
0.7436
0.73541
0.66804
0.82904
0.6351
0.64178
0.76655
0.56814
0.76483
0.45776
0.65871
0.37332
0.6175
0.64163
0.779
0.78161
0.69253
0.74134
0.72475
0.48453
0.58643
0.55011
0.76286
0.44163
0.46211
0.5238
0.68652
0.55197
0.63837
0.72705
0.66537
0.53002
0.25255
0.35225
0.59722
0.58508
0.54314
0.55131
0.75593
0.56225
0.69624
0.66646
0.72585
0.50745
0.36733
0.61938
0.44764
0.65797
0.74057
0.60112
0.58707
0.48899
0.6703
0.53329
0.55674
0.6063
0.73821
0.65081
0.43636
0.56821
0.24869
0.54885
0.48534
0.51025
0.77369
0.51114
0.74174
0.61764
0.62583
0.66921
0.6389
0.48798
0.59664
0.49975
0.54375
0.48933
0.72236
0.57711
0.58608
0.43297
0.76423
0.69026
0.61479
0.75743
0.4737
0.49494
0.43674
0.64576
0.67319
0.4216
0.59146
0.64583
0.51257
0.55418
0.65561
0.58377
0.74577
0.46881
0.64637
0.62698
0.65901
0.45305
0.4237
0.78258
0.42024
0.49102
0.5605
0.60635
0.74079
0.60684
0.61134
0.4508
0.64506
0.58763
0.50635
0.53153
0.60525
0.55176
0.3699
0.71361
0.51594
0.40573
0.6194
0.55012
0.7476
0.59395
0.60647
0.7085
0.5039
0.44935
0.66697
0.72297
0.63012
0.67779
0.45176
0.57732
0.6603
0.55977
0.61284
0.47377
0.75561
0.54337
0.69556
0.60619
0.67308
0.59992
0.69883
0.65973
0.6774
0.74878
0.57441
0.51989
0.71481
0.54951
0.48352
0.46993
0.57745
0.47647
0.62528
0.64376
0.56541
0.55983
0.60301
0.72978
0.60175
0.49915
0.59502
0.63258
0.65728
0.62194
0.76007
0.5493
0.70996
0.49425
0.62591
0.64691
0.57192
0.48703
0.72766
0.71689
0.61873
0.6007
0.71846
0.58563
0.54236
0.61059
0.57649
0.43671
0.60571
0.28462
0.52771
0.53601
0.61235
0.79662
0.42847
0.55984
0.56144
0.67869
0.70879
0.52898
0.49293
0.65516
0.46636
0.54375
0.44967
0.44362
0.63918
0.52412
0.58544
0.46657
0.59375
0.40982
0.57244
0.60533
0.51359
0.78039
0.61999
0.64461
0.63814
0.52142
0.55884
0.58667
0.66584
0.57221
0.51461
0.35848
0.43463
0.55277
0.71297
0.5422
0.54896
0.55642
0.77135
0.62443
0.37859
0.64557
0.3128
0.698
0.74649
0.68902
0.38522
0.80954
0.78271
0.66897
0.57789
0.58987
0.54532
0.55537
0.50411
0.68154
0.60205
0.60784
0.65191
0.79159
0.5042
0.63022
0.51716
0.49922
0.80613
0.71188
0.61141
0.57921
0.76807
0.48346
0.75582
0.57566
0.62138
0.42315
0.74355
0.64757
0.67057
0.64449
0.80663
0.5925
0.76302
0.32397
0.63749
0.67475
0.68114
0.65404
0.58887
0.43215
0.61539
0.67929
0.58164
0.61753
0.62487
0.60401
0.52245
0.54606
0.60055
0.78697
0.74218
0.48804
0.49797
0.55618
0.29128
0.69477
0.67397
0.62357
0.37319
0.58511
0.55226
0.70843
0.60533
0.39196
0.40564
0.53727
0.66137
0.53273
0.54832
0.49963
0.53482
0.64063
0.56429
0.50467
0.69734
0.76117
0.72673
0.49124
0.49211
0.2122
0.55683
0.65976
0.65927
0.70444
0.70472
0.61153
0.36295
0.61787
0.40275
0.72902
0.51874
0.77936
0.36914
0.69239
0.7539
0.48221
0.78761
0.65109
0.60147
0.64793
0.67785
0.42154
0.68943
0.56256
0.54478
0.6229
0.5446
0.78526
0.5361
0.61133
0.56551
0.30228
0.52581
0.56433
0.58728
0.36569
0.69765
0.60326
0.76768
0.57407
0.41079
0.61811
0.63106
0.58687
0.81744
0.50292
0.80034
0.70224
0.37057
0.35739
0.37949
0.73649
0.51701
0.61003
0.43705
0.61171
0.59355
0.41212
0.45139
0.39933
0.68412
0.65694
0.72043
0.54783
0.82257
0.65765
0.37953
0.63658
0.64488
0.71959
0.85056
0.71413
0.66415
0.80328
0.55654
0.44066
0.62874
0.2873
0.62902
0.44717
0.60764
0.73474
0.45762
0.63556
0.71919
0.67218
0.65396
0.50582
0.58962
0.64081
0.60122
0.54309
0.54654
0.46316
0.47622
0.70547
0.50498
0.58287
0.63978
0.81952
0.62797
0.64434
0.75644
0.54889
0.65457
0.50575
0.73382
0.56845
0.49015
0.70264
0.69616
0.72792
0.43699
0.50459
0.50064
0.68023
0.56236
0.58846
0.65641
0.6322
0.76925
0.57268
0.69942
0.72545
0.46964
0.54945
0.54233
0.44535
0.43788
0.52075
0.64769
0.62301
0.44131
0.78227
0.67789
0.63448
0.63093
0.48719
0.48775
0.44489
0.38324
0.62031
0.75393
0.55883
0.59475
0.47204
0.53932
0.57191
0.54084
0.83318
0.48967
0.69631
0.65184
0.70743
0.45239
0.74087
0.33177
0.54319
0.47135
0.6707
0.54832
0.45665
0.51395
0.66559
0.739
0.76455
0.42091
0.56171
0.61476
0.49214
0.49504
0.58451
0.67262
0.73481
0.58423
0.59686
0.60656
0.5197
0.40952
0.62682
0.41174
0.72366
0.6801
0.57481
0.59184
0.48669
0.5738
0.69377
0.6217
0.33844
0.653
0.6653
0.60446
0.52252
0.51905
0.72058
0.6777
0.74748
0.60132
0.71024
0.72782
0.53181
0.39631
0.50999
0.58656
0.70727
0.55233
0.71802
0.46818
0.49202
0.62144
0.50895
0.4127
0.6532
0.70638
0.26053
0.62693
0.70245
0.52998
0.6732
0.71439
0.85865
0.74473
0.62976
0.74257
0.66672
0.69934
0.54067
0.61718
0.40448
0.71239
0.53799
0.82263
0.58682
0.52395
0.60982
0.74476
0.48353
0.64679
0.71503
0.60021
0.66507
0.57682
0.37837
0.49595
0.38575
0.6288
0.76539
0.67946
0.578
0.72047
0.79793
0.38232
0.57335
0.66256
0.64451
0.69831
0.60192
0.54362
0.48584
0.65878
0.47336
0.56796
0.77007
0.58175
0.50748
0.60371
0.70889
0.53432
0.74184
0.74062
0.56898
0.57902
0.59331
0.6299
0.47025
0.71239
0.76274
0.81912
0.55515
0.72572
0.8113
0.62586
0.5443
0.43515
0.70235
0.66349
0.71665
0.69439
0.73354
0.50407
0.24611
0.51549
0.45508
0.43143
0.43557
0.54054
0.64925
0.52042
0.65371
0.63334
0.52378
0.53145
0.66161
0.44858
0.63919
0.64068
0.53669
0.79493
0.75456
0.69586
0.73244
0.67815
0.75589
0.61844
0.77705
0.35784
0.6799
0.76105
0.65224
0.45518
0.54221
0.55148
0.60334
0.71301
0.64363
0.38675
0.62743
0.57155
0.582
0.61639
0.53133
0.64808
0.67662
0.52147
0.68956
0.51531
0.55596
0.76168
0.64776
0.6059
0.3577
0.64478
0.77645
0.48611
0.50285
0.39674
0.52748
0.57411
0.58191
0.63352
0.493
0.65169
0.67464
0.54851
0.69971
0.60151
0.62627
0.72349
0.69402
0.62581
0.70382
0.67865
0.59047
0.5838
0.67047
0.44686
0.59767
0.66883
0.4865
0.63961
0.68355
0.42457
0.39783
0.50498
0.73018
0.60307
0.67159
0.4222
0.4702
0.61224
0.70334
0.5698
0.66796
0.70537
0.75084
0.50456
0.66408
0.58575
0.68481
0.57791
0.63167
0.82775
0.74528
0.52897
0.77933
0.60332
0.45063
0.66898
0.58481
0.57135
0.5975
0.68989
0.87603
0.71857
0.74703
0.65634
0.63005
0.40171
0.54015
0.51438
0.40443
0.49568
0.6541
0.78811
0.62505
0.64639
0.56888
0.4901
0.58536
0.69793
0.51142
0.66859
0.68359
0.68914
0.72146
0.73661
0.70852
0.73132
0.52139
0.48259
0.6414
0.60447
0.71605
0.39431
0.63381
0.65588
0.73583
0.42614
0.61651
0.65002
0.6953
0.81782
0.51406
0.59798
0.57518
0.55772
0.53804
0.59078
0.68053
0.53395
0.53219
0.65284
0.53916
0.58218
0.58468
0.66198
0.63316
0.61275
0.49043
0.62802
0.48604
0.67054
0.58281
0.50641
0.47324
0.58273
0.36612
0.48651
0.6901
0.41287
0.66137
0.53403
0.53568
0.54629
0.68909
0.65118
0.54136
0.6124
0.60593
0.65598
0.69176
0.62622
0.55846
0.78393
0.64041
0.67037
0.44057
0.73548
0.64154
0.48298
0.65437
0.49519
0.54624
0.65097
0.76005
0.68174
0.63558
0.5171
0.68277
0.6402
0.81689
0.79719
0.58978
0.76589
0.59538
0.49145
0.45993
0.61829
0.65066
0.64381
0.59698
0.71737
0.59839
0.47697
0.63284
0.59963
0.58381
0.61329
0.50102
0.56994
0.81585
0.77324
0.79494
0.63931
0.41506
0.72524
0.62609
0.58947
0.60722
0.70236
0.41282
0.64962
0.43088
0.49069
0.59503
0.59848
0.62946
0.73123
0.78735
0.59177
0.82291
0.72275
0.60621
0.6877
0.61941
0.45044
0.39657
0.57798
0.32629
0.7451
0.78763
0.73109
0.78915
0.49881
0.6439
0.6384
0.54481
0.48904
0.48529
0.67992
0.68141
0.46846
0.44968
0.58421
0.50404
0.43918
0.62254
0.70039
0.68673
0.63015
0.64436
0.48439
0.71266
0.5244
0.53677
0.62051
0.59528
0.54728
0.89537
0.50396
0.59795
0.46747
0.46104
0.76187
0.64064
0.62781
0.46975
0.5984
0.27065
0.64213
0.66404
0.48254
0.62658
0.48745
0.58392
0.6529
0.67958
0.53197
0.76583
0.65973
0.81092
0.82436
0.69957
0.54039
0.64101
0.7218
0.37059
0.63349
0.54969
0.71477
0.52888
0.45768
0.58701
0.67422
0.74027
0.53953
0.69997
0.59541
0.72157
0.45103
0.52373
0.65966
0.58401
0.76621
0.57128
0.62013
0.41746
0.72863
0.45737
0.67684
0.55708
0.54515
0.51437
0.62351
0.56398
0.7332
0.55651
0.68067
0.65995
0.56421
0.35913
0.72854
0.68616
0.52775
0.54155
0.50342
0.56652
0.63719
0.52775
0.74963
0.61301
0.631
0.57939
0.5856
0.55513
0.59194
0.70032
0.4933
0.52338
0.82094
0.57374
0.4827
0.43327
0.4773
0.70331
0.48055
0.76542
0.58262
0.49727
0.70948
0.61426
0.43399
0.71096
0.70256
0.75586
0.59423
0.52799
0.61665
0.51044
0.71222
0.4786
0.62915
0.3634
0.67455
0.45265
0.58876
0.63799
0.63807
0.56282
0.43117
0.76454
0.59083
0.46457
0.51328
0.51136
0.45944
0.59635
0.86108
0.5755
0.39067
0.70835
0.65371
0.62014
0.61922
0.62795
0.44548
0.68061
0.65203
0.50849
0.37927
0.48411
0.62513
0.72879
0.63802
0.42382
0.63295
0.44874
0.80671
0.69978
0.53309
0.62944
0.64886
0.514
0.5841
0.6152
0.64618
0.60091
0.52895
0.53417
0.55114
0.56823
0.39288
0.68204
0.51598
0.52396
0.64737
0.69407
0.51564
0.59321
0.45602
0.37276
0.66594
0.54654
0.53138
0.53689
0.46316
0.6512
0.5828
0.46086
0.46219
0.64414
0.65804
0.50236
0.45638
0.57865
0.59731
0.65613
0.55748
0.69398
0.53036
0.56643
0.63362
0.80269
0.65589
0.5373
0.47173
0.70296
0.45879
0.70365
0.57605
0.60142
0.72386
0.51035
0.57535
0.3445
0.57492
0.59722
0.63002
0.59395
0.64383
0.72726
0.58709
0.6069
0.62356
0.63378
0.47495
0.45839
0.61724
0.75811
0.61589
0.58654
0.55297
0.46407
0.82677
0.49304
0.69572
0.48807
0.57943
0.6255
0.30238
0.50248
0.67226
0.56141
0.69108
0.50478
0.62365
0.53001
0.69621
0.71794
0.71454
0.43936
0.80086
0.70105
0.44954
0.42927
0.63352
0.45956
0.48811
0.53281
0.56166
0.45512
0.70777
0.5045
0.40993
0.53343
0.50317
0.50904
0.62258
0.7689
0.64996
0.44989
0.67882
0.6333
0.35555
0.38771
0.19689
0.64708
0.53559
0.39976
0.4682
0.67141
0.49071
0.68692
0.56898
0.68631
0.69666
0.65095
0.50816
0.57163
0.59734
0.64685
0.56738
0.6217
0.59184
0.63769
0.57113
0.59897
0.58467
0.6722
0.7835
0.68059
0.75726
0.58485
0.6875
0.85535
0.60392
0.54599
0.4863
0.38227
0.64658
0.56429
0.62427
0.60957
0.49939
0.70817
0.62835
0.44002
0.27462
0.63995
0.69512
0.39414
0.46419
0.61158
0.47997
0.46215
0.61432
0.34006
0.49455
0.52799
0.70166
0.60367
0.3353
0.65026
0.62659
0.33583
0.59993
0.57258
0.56244
0.69167
0.6569
0.85815
0.66798
0.74116
0.67387
0.69466
0.71427
0.63955
0.60519
0.48823
0.58176
0.54151
0.51338
0.33285
0.66584
0.66168
0.68403
0.66473
0.48777
0.65687
0.41535
0.75877
0.40752
0.41701
0.7184
0.77251
0.71457
0.51906
0.69541
0.51356
0.57614
0.64928
0.63199
0.74671
0.52549
0.68633
0.77268
0.59225
0.73092
0.49203
0.84996
0.39297
0.80539
0.46963
0.4375
0.64893
0.74852
0.634
0.66037
0.75647
0.58173
0.68706
0.61864
0.61625
0.65863
0.39157
0.58502
0.55345
0.67009
0.68558
0.44966
0.41547
0.36861
0.64155
0.68976
0.59644
0.55717
0.46341
0.71031
0.60752
0.52522
0.75413
0.59364
0.59021
0.73795
0.78565
0.59274
0.45641
0.6074
0.53106
0.67509
0.7195
0.66688
0.72021
0.71409
0.7269
0.46608
0.66761
0.50369
0.64861
0.5638
0.8061
0.83196
0.65959
0.35032
0.64414
0.62225
0.59148
0.43902
0.64193
0.5002
0.65852
0.74555
0.59007
0.75704
0.4045
0.58913
0.62275
0.62203
0.65313
0.45613
0.6956
0.68672
0.53261
0.5859
0.69821
0.439
0.63149
0.71676
0.55664
0.66891
0.57506
0.70645
0.66735
0.61225
0.71809
0.39489
0.34886
0.73657
0.73245
0.6541
0.63162
0.52155
0.5098
0.47392
0.70467
0.5172
0.54043
0.2561
0.52714
0.63889
0.5938
0.51263
0.72271
0.56624
0.71849
0.7109
0.52409
0.62878
0.482
0.58648
0.56033
0.59349
0.63613
0.40596
0.45323
0.63242
0.6259
0.5135
0.51979
0.61894
0.41432
0.79222
0.77017
0.73903
0.43247
0.62467
0.47911
0.6286
0.73959
0.64807
0.54683
0.64638
0.65703
0.46299
0.42757
0.38557
0.6732
0.65618
0.4529
0.65529
0.5396
0.49254
0.4439
0.6248
0.47536
0.50321
0.73977
0.57661
0.64655
0.4809
0.8529
0.56777
0.20479
0.50874
0.47708
0.73631
0.64421
0.66133
0.73664
0.71549
0.50889
0.46413
0.52146
0.61915
0.48515
0.62797
0.61293
0.68864
0.70701
0.62879
0.55074
0.60008
0.55662
0.50753
0.75416
0.58663
0.7109
0.56671
0.61366
0.72969
0.67095
0.4971
0.43908
0.7026
0.59994
0.51174
0.7311
0.68382
0.70712
0.70017
0.75504
0.66203
0.61829
0.5392
0.72132
0.38069
0.72358
0.41809
0.67721
0.63604
0.7126
0.51505
0.6736
0.64601
0.60717
0.63402
0.55543
0.71715
0.40986
0.501
0.6304
0.71681
0.42141
0.36803
0.70581
0.4976
0.60454
0.74167
0.64682
0.48671
0.63048
0.55355
0.55676
0.48874
0.71459
0.61503
0.79192
0.5781
0.56134
0.72109
0.70004
0.57631
0.5286
0.76789
0.54205
0.68902
0.67551
0.59727
0.62974
0.34869
0.39876
0.56621
0.66075
0.69703
0.46773
0.66333
0.67221
0.68735
0.45395
0.19092
0.56176
0.51347
0.68596
0.53319
0.62701
0.71205
0.60863
0.43683
0.65985
0.41096
0.53806
0.55416
0.61297
0.47815
0.58896
0.51166
0.69613
0.67284
0.5574
0.61731
0.47025
0.59372
0.50035
0.57524
0.46172
0.51001
0.5962
0.74036
0.54365
0.75529
0.56497
0.62057
0.46528
0.62818
0.67152
0.6652
0.53989
0.62142
0.65465
0.56161
0.81636
0.55958
0.43905
0.65262
0.57082
0.73178
0.51908
0.60384
0.65364
0.32543
0.64221
0.57494
0.66957
0.54133
0.41099
0.71037
0.68199
0.59142
0.5015
0.61196
0.43661
0.59139
0.58582
0.43223
0.70662
0.48981
0.51312
0.67937
0.39043
0.58078
0.67002
0.57418
0.73271
0.65764
0.72049
0.48287
0.72699
0.72105
0.50204
0.39407
0.43969
0.45182
0.54464
0.55438
0.42289
0.35409
0.67204
0.68873
0.64626
0.63007
0.66499
0.38257
0.76171
0.65581
0.67643
0.58512
0.50074
0.65398
0.44807
0.64369
0.66396
0.57838
0.25633
0.71306
0.52113
0.6933
0.6258
0.69504
0.48789
0.32806
0.62637
0.60586
0.52363
0.72218
0.60925
0.4373
0.66812
0.55947
0.52623
0.35155
0.49337
0.51745
0.30994
0.60849
0.60285
0.66893
0.64093
0.62184
0.6346
0.47036
0.55446
0.69743
0.39741
0.69007
0.43401
0.69808
0.64732
0.63042
0.49878
0.42889
0.63889
0.79951
0.67117
0.3686
0.6584
0.55989
0.63374
0.72686
0.62081
0.57942
0.56925
0.73292
0.28619
0.69503
0.59351
0.61989
0.56689
0.52412
0.56427
0.36608
0.78856
0.66922
0.55978
0.79208
0.6213
0.41487
0.63553
0.59748
0.46404
0.54054
0.39671
0.5965
0.53007
0.6537
0.56781
0.5522
0.29524
0.66933
0.37142
0.43621
0.51103
0.55679
0.53135
0.58185
0.56772
0.68918
0.6533
0.40601
0.61302
0.60083
0.59213
0.62298
0.57973
0.51232
0.52295
0.52999
0.69583
0.62768
0.57744
0.61097
0.71454
0.51212
0.41375
0.48611
0.51735
0.47206
0.49268
0.41924
0.55503
0.68361
0.57168
0.45362
0.41711
0.5083
0.68285
0.6669
0.48858
0.51146
0.69149
0.69231
0.7117
0.69321
0.69919
0.75619
0.7649
0.5371
0.64504
0.34526
0.66915
0.54017
0.17263
0.64027
0.44973
0.58585
0.78616
0.58576
0.47615
0.62449
0.41949
0.62872
0.38096
0.7133
0.5982
0.70117
0.56506
0.75313
0.48194
0.45585
0.62419
0.60179
0.67646
0.73189
0.59951
0.64068
0.67725
0.6911
0.46029
0.8162
0.4536
0.70724
0.39374
0.44631
0.33785
0.74105
0.78875
0.5857
0.55577
0.38831
0.50375
0.60593
0.38522
0.74509
0.47256
0.5117
0.77017
0.79166
0.74908
0.48122
0.48686
0.52048
0.3924
0.61167
0.6086
0.34355
0.40679
0.70552
0.63179
0.66892
0.7636
0.38442
0.68601
0.33615
0.64642
0.7332
0.46323
0.65245
0.41626
0.5676
0.38349
0.53405
0.79551
0.57094
0.68705
0.50621
0.61786
0.77818
0.5794
0.49715
0.55228
0.66292
0.67351
0.52673
0.57542
0.63814
0.74859
0.57937
0.65208
0.56683
0.7554
0.50715
0.78859
0.24752
0.68681
0.5251
0.59171
0.65974
0.749
0.72245
0.62697
0.65714
0.46246
0.45901
0.81864
0.56545
0.58173
0.29528
0.54145
0.58627
0.5069
0.70646
0.501
0.65156
0.4027
0.69063
0.61443
0.83075
0.76123
0.54034
0.41858
0.55554
0.21997
0.62973
0.47117
0.57854
0.41086
0.49806
0.34414
0.65009
0.53926
0.69351
0.51921
0.5561
0.50588
0.49386
0.59923
0.29225
0.64954
0.63728
0.84559
0.6737
0.57627
0.3774
0.64233
0.46854
0.59645
0.6086
0.49912
0.71129
0.65932
0.63015
0.70112
0.62639
0.7551
0.62209
0.6999
0.56225
0.6736
0.66485
0.49684
0.43481
0.54051
0.47041
0.57485
0.39339
0.47878
0.61604
0.61298
0.71945
0.68759
0.7137
0.66283
0.69193
0.55416
0.52604
0.83434
0.54284
0.70246
0.55037
0.6154
0.51954
0.61876
0.41647
0.6495
0.62683
0.60593
0.64338
0.587
0.60578
0.66082
0.67141
0.80966
0.61687
0.66368
0.52705
0.454
0.74786
0.79965
0.55521
0.57297
0.74957
0.56751
0.72731
0.57044
0.41306
0.61226
0.462
0.65704
0.657
0.69804
0.61949
0.64547
0.57887
0.56732
0.67305
0.63804
0.70203
0.3946
0.57861
0.31826
0.71053
0.67903
0.70407
0.32086
0.74921
0.50333
0.64291
0.42433
0.48345
0.80146
0.5076
0.61159
0.6394
0.47655
0.48847
0.7028
0.60659
0.33944
0.57887
0.6094
0.59434
0.65384
0.62336
0.67123
0.3796
0.48922
0.60447
0.59996
0.58801
0.43265
0.85093
0.48113
0.62115
0.42395
0.34229
0.49734
0.76465
0.71895
0.66581
0.51589
0.52033
0.56409
0.22673
0.44104
0.48485
0.53766
0.49489
0.60625
0.72692
0.56502
0.44718
0.64706
0.71821
0.52997
0.67571
0.61663
0.40643
0.39564
0.4058
0.64126
0.3052
0.67717
0.64862
0.67065
0.65673
0.67353
0.58945
0.69525
0.62179
0.59337
0.44794
0.51772
0.34109
0.69298
0.36578
0.68106
0.72038
0.56209
0.64435
0.5688
0.59479
0.6649
0.71091
0.65772
0.38745
0.65111
0.55049
0.35698
0.49564
0.59049
0.31757
0.53077
0.59561
0.40131
0.50363
0.5783
0.53762
0.65634
0.55698
0.53561
0.56012
0.57655
0.52177
0.50338
0.40824
0.70597
0.5981
0.78111
0.36135
0.8242
0.67578
0.67105
0.45238
0.51126
0.55137
0.62393
0.4515
0.63893
0.46975
0.48778
0.55506
0.69348
0.69505
0.62894
0.7491
0.48825
0.61697
0.57387
0.63821
0.54393
0.57702
0.65225
0.72131
0.57589
0.46698
0.60075
0.6037
0.71724
0.49766
0.71321
0.72531
0.52374
0.61175
0.76817
0.51806
0.63207
0.61366
0.59753
0.54617
0.76439
0.55014
0.66066
0.53483
0.79216
0.4893
0.71356
0.7252
0.43277
0.5932
0.53759
0.82893
0.55454
0.72128
0.60622
0.70812
0.68491
0.69083
0.57794
0.53297
0.8122
0.45598
0.56145
0.66751
0.59109
0.75128
0.53354
0.32376
0.81022
0.5617
0.65265
0.50097
0.35277
0.66281
0.46157
0.47967
0.59695
0.53177
0.44613
0.65858
0.62709
0.48433
0.55987
0.78314
0.73941
0.65056
0.48159
0.67019
0.69581
0.51073
0.54319
0.50235
0.5971
0.58912
0.798
0.43915
0.57091
0.65656
0.60485
0.42275
0.52103
0.53102
0.67079
0.53672
0.66206
0.72058
0.4157
0.41401
0.56251
0.51909
0.63641
0.33258
0.62482
0.6173
0.51338
0.46126
0.5385
0.62803
0.50599
0.51195
0.45572
0.45921
0.75087
0.74693
0.59467
0.50324
0.51948
0.38815
0.66344
0.61618
0.66662
0.60879
0.72697
0.67692
0.6859
0.50161
0.72943
0.66727
0.66673
0.37346
0.56716
0.35366
0.46735
0.78865
0.37201
0.66461
0.60669
0.68277
0.46718
0.66667
0.50798
0.75499
0.6228
0.53548
0.59278
0.59521
0.59135
0.58979
0.70081
0.62787
0.57543
0.43665
0.65609
0.37941
0.36689
0.70579
0.48588
0.76433
0.4639
0.55398
0.59288
0.59148
0.67507
0.51987
0.63251
0.67193
0.65587
0.70938
0.65388
0.74671
0.52422
0.62158
0.64309
0.71973
0.66511
0.50235
0.68158
0.71178
0.59452
0.5547
0.43545
0.3472
0.50383
0.63784
0.56169
0.59408
0.50166
0.45396
0.31029
0.60002
0.64977
0.65398
0.62326
0.73309
0.52175
0.59493
0.71167
0.53691
0.54036
0.57587
0.59836
0.38694
0.78691
0.77008
0.52525
0.55314
0.49076
0.66819
0.57537
0.76643
0.52901
0.60243
0.67294
0.54623
0.59481
0.60193
0.67603
0.51711
0.61092
0.4529
0.31735
0.58912
0.73298
0.51039
0.70886
0.66914
0.70259
0.57471
0.35429
0.77045
0.57273
0.57136
0.36449
0.57738
0.70614
0.48987
0.37214
0.49397
0.54507
0.44301
0.68338
0.89033
0.48274
0.68167
0.51127
0.65745
0.39644
0.72415
0.43521
0.48171
0.61991
0.46503
0.67939
0.5835
0.41907
0.53769
0.60189
0.51236
0.47443
0.77515
0.56943
0.43923
0.44044
0.52942
0.64951
0.61285
0.55666
0.3783
0.60415
0.65941
0.65153
0.66934
0.4787
0.47317
0.65936
0.87805
0.33483
0.59044
0.50483
0.51017
0.7249
0.67937
0.53479
0.73363
0.52536
0.74204
0.59466
0.45339
0.54491
0.52593
0.60265
0.47279
0.59133
0.36001
0.77382
0.61276
0.60735
0.76946
0.56054
0.76442
0.50014
0.60911
0.60516
0.71368
0.6962
0.65089
0.71218
0.54489
0.75324
0.78669
0.51257
0.76189
0.46285
0.65788
0.45222
0.5102
0.511
0.66726
0.33549
0.61487
0.69902
0.56217
0.36889
0.59701
0.58676
0.31855
0.53997
0.43172
0.6814
0.56277
0.58374
0.64133
0.3537
0.57652
0.72349
0.45245
0.57432
0.49045
0.60286
0.73065
0.62509
0.52127
0.82709
0.649
0.58998
0.62884
0.60951
0.71831
0.71392
0.52343
0.54489
0.73781
0.84621
0.59717
0.64106
0.53333
0.51669
0.70965
0.44857
0.84097
0.54887
0.41899
0.52718
0.39184
0.30363
0.50351
0.62409
0.58602
0.55468
0.5392
0.42051
0.65886
0.6031
0.55569
0.45409
0.79995
0.42098
0.62345
0.43837
0.75999
0.61546
0.43897
0.61158
0.6562
0.4115
0.60262
0.38045
0.40886
0.58198
0.40127
0.32667
0.49637
0.7456
0.7164
0.49784
0.67653
0.51321
0.78558
0.59504
0.81182
0.37436
0.80339
0.50996
0.50174
0.4289
0.5944
0.4427
0.60362
0.70464
0.55975
0.72457
0.64886
0.23909
0.60501
0.69616
0.44435
0.57164
0.75758
0.8262
0.49372
0.52549
0.62395
0.67464
0.73213
0.54876
0.56357
0.4956
0.67478
0.69734
0.61341
0.50474
0.3671
0.53828
0.49201
0.66475
0.3788
0.6077
0.62942
0.53896
0.85714
0.71353
0.74217
0.54221
0.39974
0.70746
0.35664
0.51884
0.6353
0.61438
0.51194
0.50856
0.61192
0.80897
0.64632
0.72701
0.63858
0.58577
0.54556
0.71282
0.74911
0.4936
0.6201
0.63616
0.49398
0.58159
0.3373
0.66929
0.50076
0.60466
0.67346
0.4619
0.77628
0.5376
0.82544
0.60461
0.55729
0.60447
0.38079
0.27942
0.5659
0.68735
0.28501
0.67259
0.6414
0.45573
0.57352
0.48684
0.69584
0.76387
0.59961
0.63436
0.77121
0.5767
0.60516
0.49497
0.62044
0.51236
0.54158
0.58532
0.59252
0.482
0.62943
0.61615
0.49572
0.54431
0.29296
0.32128
0.6417
0.72578
0.76228
0.58611
0.56261
0.58739
0.32223
0.51323
0.53923
0.58206
0.65373
0.55926
0.64617
0.6594
0.66041
0.56657
0.68223
0.61961
0.57012
0.67804
0.4099
0.73154
0.61983
0.4681
0.62498
0.65901
0.52558
0.78642
0.87048
0.53464
0.52637
0.66152
0.55748
0.62173
0.50124
0.57434
0.61134
0.64774
0.42069
0.22383
0.55549
0.35723
0.76049
0.64431
0.58633
0.57938
0.52277
0.55611
0.73064
0.48229
0.59636
0.4876
0.59393
0.55536
0.40474
0.66108
0.53812
0.41433
0.5573
0.42008
0.51709
0.57303
0.408
0.50859
0.59942
0.4168
0.63735
0.48912
0.7941
0.64588
0.54231
0.61902
0.64036
0.67285
0.70893
0.49625
0.28777
0.65562
0.49652
0.69018
0.58276
0.69572
0.47014
0.73226
0.69778
0.5352
0.84936
0.63154
0.5028
0.62411
0.45333
0.36243
0.71561
0.66613
0.55143
0.54276
0.78799
0.64951
0.73601
0.52544
0.49985
0.54615
0.86861
0.52254
0.71828
0.26518
0.68849
0.59543
0.57036
0.38277
0.47785
0.50307
0.51122
0.50732
0.45264
0.68218
0.57575
0.61333
0.56944
0.63332
0.60914
0.72636
0.66978
0.34251
0.71444
0.6119
0.30175
0.58667
0.30227
0.6723
0.63116
0.58103
0.54355
0.63964
0.57707
0.34213
0.69551
0.4003
0.53873
0.60604
0.54506
0.71925
0.49734
0.51073
0.59193
0.62994
0.62965
0.76035
0.55101
0.4333
0.71966
0.68192
0.72138
0.61663
0.61776
0.57936
0.68173
0.61462
0.65867
0.65724
0.53215
0.70263
0.68841
0.73377
0.70385
0.39675
0.72739
0.62845
0.57456
0.52386
0.75481
0.82879
0.46922
0.48915
0.68659
0.6071
0.63444
0.36231
0.54893
0.53188
0.67573
0.69163
0.55614
0.66121
0.51877
0.68856
0.45013
0.67808
0.39001
0.44761
0.49224
0.57547
0.58187
0.56582
0.6778
0.58202
0.54635
0.61791
0.7379
0.71991
0.44351
0.5946
0.70962
0.52842
0.63704
0.41983
0.56552
0.65646
0.4876
0.34588
0.51178
0.54212
0.71934
0.46306
0.69301
0.58161
0.63276
0.69618
0.45029
0.71748
0.63044
0.5559
0.56169
0.56701
0.53048
0.48884
0.54531
0.77764
0.47443
0.5451
0.49444
0.5905
0.77551
0.58181
0.77381
0.53279
0.63308
0.51849
0.71242
0.66747
0.49539
0.46673
0.57244
0.53279
0.38283
0.60393
0.38631
0.76974
0.43012
0.72992
0.69396
0.6539
0.6163
0.49658
0.65212
0.44575
0.6758
0.63676
0.39464
0.50693
0.60296
0.64039
0.6024
0.66999
0.56498
0.51426
0.54736
0.60239
0.63661
0.60841
0.65669
0.72122
0.62842
0.5736
0.68964
0.59316
0.58028
0.52151
0.69554
0.29428
0.54741
0.68864
0.419
0.53814
0.53069
0.54173
0.51478
0.37243
0.72985
0.57322
0.69465
0.51395
0.57112
0.48585
0.57708
0.45682
0.68646
0.66155
0.77274
0.52359
0.35912
0.69944
0.57365
0.67383
0.60633
0.73156
0.53158
0.73728
0.65583
0.58484
0.51229
0.45807
0.60323
0.78523
0.70437
0.50126
0.45884
0.59715
0.41798
0.55159
0.62287
0.63047
0.66396
0.70161
0.54376
0.77404
0.63721
0.34877
0.86284
0.4927
0.47684
0.47334
0.76603
0.65235
0.2782
0.62174
0.53124
0.73409
0.64562
0.67447
0.52329
0.56047
0.56494
0.37878
0.75639
0.50182
0.66847
0.7523
0.80412
0.47103
0.69194
0.71117
0.53043
0.58752
0.75949
0.49791
0.57285
0.69398
0.52421
0.33459
0.65178
0.71431
0.70213
0.59307
0.62177
0.39145
0.65586
0.70261
0.5238
0.67564
0.75726
0.65512
0.55875
0.72391
0.46439
0.67275
0.58388
0.49421
0.67081
0.55535
0.42822
0.45939
0.55526
0.72901
0.47092
0.75012
0.6243
0.42374
0.60473
0.46779
0.70636
0.70531
0.43393
0.59595
0.4133
0.51802
0.56225
0.75142
0.6534
0.32063
0.43099
0.83731
0.43541
0.67278
0.76899
0.39369
0.73798
0.5696
0.67036
0.61685
0.78286
0.48811
0.66783
0.64407
0.41895
0.53603
0.83915
0.60398
0.56436
0.21619
0.5245
0.53272
0.37046
0.69941
0.47437
0.64277
0.44334
0.67389
0.71477
0.56346
0.4877
0.69585
0.78358
0.54519
0.67791
0.46296
0.61732
0.52383
0.60205
0.55563
0.57419
0.67988
0.46174
0.65169
0.59093
0.58299
0.78912
0.43115
0.72003
0.56766
0.78737
0.65376
0.47164
0.37263
0.75532
0.82089
0.39945
0.61253
0.72312
0.59034
0.45961
0.44564
0.59503
0.62305
0.52043
0.63469
0.57959
0.71194
0.70299
0.61156
0.4074
0.59264
0.72737
0.69345
0.45274
0.6723
0.71715
0.73456
0.52864
0.80359
0.63047
0.60494
0.60717
0.5142
0.70485
0.63778
0.58155
0.72816
0.58975
0.50858
0.49746
0.57295
0.63365
0.73133
0.75767
0.5166
0.41946
0.71816
0.63666
0.6185
0.61956
0.55585
0.63514
0.70242
0.5061
0.48989
0.43058
0.1886
0.63227
0.48153
0.60856
0.54829
0.59023
0.55096
0.60928
0.48695
0.47158
0.6056
0.65943
0.75252
0.65103
0.47002
0.50379
0.66212
0.7408
0.5231
0.66385
0.70767
0.44062
0.53046
0.65426
0.65435
0.79344
0.6383
0.44898
0.61225
0.64045
0.41575
0.46084
0.44451
0.60388
0.61037
0.29888
0.63176
0.70242
0.57771
0.54689
0.79421
0.20059
0.60267
0.61052
0.57253
0.57893
0.58014
0.68676
0.39752
0.46925
0.53098
0.59437
0.34478
0.41069
0.63972
0.78838
0.73408
0.75065
0.71843
0.5528
0.6246
0.52725
0.42723
0.57985
0.51687
0.53135
0.65422
0.73118
0.57337
0.53739
0.66895
0.83527
0.4631
0.46765
0.39304
0.62614
0.61733
0.65581
0.59597
0.64287
0.63887
0.43474
0.61214
0.54033
0.62663
0.37102
0.49717
0.5879
0.52787
0.65138
0.82473
0.44887
0.49117
0.58842
0.72465
0.58238
0.83181
0.56775
0.73847
0.27621
0.59018
0.6544
0.56087
0.70101
0.54425
0.34634
0.62868
0.56081
0.55658
0.68777
0.66814
0.81761
0.60796
0.53763
0.31784
0.82453
0.62557
0.45855
0.51736
0.72223
0.57094
0.74126
0.5299
0.59642
0.6075
0.48613
0.63828
0.5454
0.55133
0.56656
0.68256
0.61386
0.47631
0.49758
0.55453
0.40354
0.62089
0.44939
0.5444
0.63804
0.69483
0.48903
0.62095
0.52646
0.72404
0.67189
0.64905
0.53468
0.69563
0.70973
0.58872
0.63037
0.56739
0.5728
0.38738
0.46611
0.69227
0.65155
0.65598
0.70388
0.5818
0.47879
0.49494
0.48823
0.53616
0.5816
0.53148
0.49894
0.75276
0.70362
0.53466
0.52292
0.69382
0.53058
0.78792
0.65957
0.38578
0.41759
0.80026
0.54146
0.71204
0.63069
0.44866
0.65531
0.43452
0.69834
0.66935
0.21194
0.68078
0.62504
0.50026
0.65672
0.65799
0.5816
0.48003
0.63274
0.4757
0.74578
0.48681
0.61209
0.70152
0.75279
0.71464
0.61101
0.44563
0.5014
0.64911
0.62418
0.51157
0.67888
0.61291
0.47605
0.61307
0.49678
0.63675
0.68225
0.61276
0.78001
0.64931
0.62823
0.4239
0.71534
0.64666
0.65594
0.50684
0.61063
0.66285
0.70415
0.76174
0.64601
0.54822
0.67823
0.53394
0.62667
0.65337
0.65229
0.53955
0.6713
0.54447
0.72025
0.72257
0.69205
0.53934
0.63585
0.70064
0.59044
0.497
0.66449
0.49506
0.57345
0.57078
0.54412
0.64772
0.44548
0.55561
0.68172
0.48044
0.66881
0.61991
0.61927
0.58716
0.51329
0.7955
0.57449
0.65632
0.55921
0.70045
0.39206
0.64922
0.67852
0.75976
0.80166
0.73427
0.62657
0.53282
0.45909
0.58066
0.40121
0.43266
0.64846
0.63739
0.68606
0.82912
0.4753
0.33933
0.6298
0.84282
0.53141
0.57867
0.71261
0.74706
0.56472
0.66186
0.5804
0.6261
0.53337
0.60848
0.55789
0.48255
0.48531
0.51448
0.81203
0.55836
0.47616
0.82518
0.56571
0.69486
0.60538
0.59811
0.51462
0.67852
0.44972
0.50287
0.62856
0.45886
0.68354
0.56913
0.76961
0.52308
0.50971
0.69766
0.69314
0.60319
0.64189
0.70658
0.56082
0.5345
0.76075
0.66016
0.60022
0.72722
0.56598
0.55471
0.42014
0.44262
0.64057
0.42739
0.56193
0.60591
0.45694
0.38415
0.68594
0.53357
0.71542
0.65647
0.73377
0.67984
0.58545
0.7964
0.66231
0.61203
0.52057
0.66139
0.54936
0.63978
0.57494
0.7281
0.47095
0.64616
0.42588
0.44365
0.44628
0.63931
0.73774
0.56444
0.53108
0.65898
0.59688
0.63562
0.54009
0.63578
0.53941
0.7124
0.50316
0.77637
0.33744
0.5622
0.62228
0.53894
0.71194
0.46331
0.2432
0.65851
0.6022
0.67692
0.60042
0.77839
0.41191
0.70102
0.43461
0.71423
0.50132
0.603
0.58291
0.47027
0.60839
0.53268
0.38607
0.63151
0.49481
0.61532
0.58996
0.69565
0.75704
0.51337
0.61449
0.58699
0.48405
0.32659
0.70469
0.51341
0.49834
0.55428
0.69669
0.48638
0.50939
0.78221
0.54988
0.69707
0.63116
0.73978
0.72632
0.53339
0.62245
0.54668
0.70308
0.51105
0.63156
0.55501
0.50104
0.43593
0.55265
0.46925
0.59912
0.47071
0.6138
0.63654
0.37119
0.65286
0.44212
0.70549
0.42681
0.69074
0.65262
0.55543
0.32198
0.40161
0.63347
0.63583
0.50742
0.59185
0.47911
0.80426
0.5728
0.60997
0.6985
0.77032
0.57294
0.51991
0.32164
0.63908
0.77436
0.75004
0.59015
0.63862
0.57574
0.55279
0.31704
0.46101
0.63064
0.42338
0.56955
0.79161
0.70155
0.70848
0.6554
0.56942
0.73072
0.7131
0.63942
0.59081
0.64469
0.63877
0.34969
0.74778
0.6172
0.75645
0.79233
0.36137
0.74809
0.45551
0.62131
0.50278
0.77167
0.46321
0.86941
0.66873
0.6156
0.51696
0.48888
0.63919
0.61608
0.52828
0.58769
0.59068
0.31505
0.77091
0.6035
0.56664
0.36966
0.63676
0.67493
0.44603
0.61277
0.7478
0.52678
0.58783
0.69521
0.65105
0.55059
0.78131
0.25417
0.57235
0.51233
0.53619
0.43809
0.73603
0.70128
0.56012
0.45645
0.56093
0.49085
0.53097
0.51026
0.62389
0.58674
0.65143
0.62335
0.33685
0.62218
0.70428
0.53966
0.40945
0.64019
0.75125
0.50844
0.42457
0.70279
0.42501
0.65312
0.5155
0.37834
0.63698
0.57633
0.75972
0.37518
0.69527
0.64723
0.5703
0.58156
0.64458
0.43162
0.61931
0.68597
0.65174
0.44926
0.52245
0.59622
0.60832
0.55399
0.11678
0.713
0.43799
0.6101
0.57321
0.5186
0.41285
0.6202
0.58507
0.47359
0.58646
0.67369
0.49415
0.78704
0.59717
0.68174
0.5043
0.48276
0.74166
0.67092
0.71867
0.78065
0.62586
0.7102
0.79955
0.66072
0.63571
0.7192
0.72242
0.63399
0.6134
0.60851
0.62804
0.38502
0.66251
0.69446
0.79176
0.55103
0.47182
0.58191
0.54489
0.563
0.68786
0.66511
0.54394
0.61359
0.5969
0.42164
0.6991
0.51041
0.3556
0.60893
0.66406
0.67364
0.75559
0.51779
0.72072
0.59987
0.2808
0.34573
0.48528
0.43878
0.44988
0.56402
0.73426
0.46945
0.61997
0.49443
0.34493
0.42521
0.67955
0.49072
0.61983
0.67877
0.63998
0.77212
0.45183
0.63123
0.676
0.37846
0.64536
0.81798
0.25698
0.7444
0.61833
0.68816
0.40952
0.73034
0.59474
0.6573
0.52382
0.46883
0.49451
0.50144
0.59458
0.83155
0.63539
0.53643
0.65585
0.61624
0.72133
0.71569
0.75399
0.52793
0.64125
0.58443
0.57431
0.34351
0.55998
0.56352
0.40068
0.21845
0.71779
0.51375
0.67987
0.74169
0.48774
0.88032
0.29203
0.58841
0.6262
0.39687
0.31334
0.61211
0.77513
0.53283
0.77437
0.51941
0.81022
0.78132
0.53392
0.49251
0.61595
0.5971
0.8176
0.7303
0.4379
0.61704
0.53432
0.64426
0.33977
0.3693
0.46262
0.66257
0.22902
0.67413
0.47055
0.42055
0.5622
0.59777
0.63647
0.60488
0.56042
0.61032
0.7467
0.5331
0.70832
0.44712
0.60061
0.66035
0.6231
0.69662
0.42774
0.60048
0.70572
0.5707
0.50442
0.53879
0.71753
0.50114
0.71187
0.66492
0.34503
0.64215
0.52441
0.76046
0.53544
0.51385
0.50136
0.46564
0.68467
0.45382
0.72303
0.6351
0.80755
0.31282
0.68851
0.7012
0.66619
0.61529
0.52312
0.57044
0.57711
0.59431
0.59774
0.51453
0.60805
0.84285
0.45088
0.80679
0.53456
0.66664
0.56863
0.5831
0.62449
0.47734
0.50476
0.54037
0.5948
0.6772
0.70944
0.60027
0.65439
0.56895
0.65956
0.54668
0.58269
0.56618
0.53781
0.79714
0.48185
0.62092
0.58968
0.56336
0.61356
0.55454
0.51837
0.49694
0.56894
0.60432
0.45249
0.55153
0.73713
0.59041
0.60891
0.52482
0.73175
0.60163
0.47751
0.5919
0.3879
0.42403
0.63228
0.60383
0.60575
0.62829
0.73846
0.70287
0.45488
0.49035
0.74671
0.6928
0.36922
0.61402
0.50326
0.52573
0.70757
0.69578
0.72781
0.74077
0.4991
0.72109
0.73178
0.6718
0.44209
0.67716
0.52742
0.6485
0.44734
0.47163
0.67014
0.34632
0.68911
0.61035
0.54611
0.57375
0.82161
0.68713
0.48002
0.65495
0.49898
0.61031
0.5904
0.57488
0.76914
0.47709
0.76309
0.56274
0.51545
0.55875
0.52129
0.73739
0.61254
0.37892
0.58879
0.63317
0.45204
0.55726
0.71346
0.70505
0.79052
0.55558
0.46266
0.78583
0.601
0.64391
0.67731
0.70981
0.66732
0.56212
0.59134
0.52825
0.28386
0.56706
0.6791
0.77525
0.56094
0.73011
0.71782
0.67424
0.77272
0.47831
0.57908
0.55458
0.69088
0.72824
0.48289
0.37906
0.65523
0.48687
0.76846
0.58746
0.44751
0.44815
0.82428
0.6453
0.44583
0.69344
0.57537
0.55834
0.57192
0.62474
0.5024
0.40383
0.81854
0.80444
0.49756
0.43246
0.53165
0.61722
0.72632
0.49031
0.58454
0.46591
0.54627
0.61683
0.61958
0.70664
0.71159
0.52679
0.46407
0.6101
0.54452
0.65694
0.47722
0.76132
0.58751
0.67639
0.41516
0.6904
0.59228
0.62529
0.47693
0.69442
0.5632
0.4549
0.73448
0.45755
0.70502
0.63293
0.65012
0.6791
0.58779
0.3749
0.5608
0.75702
0.62934
0.40205
0.597
0.65199
0.42496
0.54184
0.54183
0.56281
0.82824
0.67286
0.84573
0.5396
0.64557
0.69908
0.52687
0.66015
0.4597
0.71274
0.63207
0.47748
0.63439
0.34178
0.54898
0.63789
0.74767
0.71689
0.51343
0.74396
0.46928
0.78029
0.55688
0.57997
0.76292
0.67906
0.67606
0.57221
0.60693
0.51159
0.56504
0.65962
0.63847
0.57117
0.4455
0.37624
0.69025
0.7278
0.61915
0.5957
0.6476
0.37313
0.46072
0.69607
0.53442
0.65419
0.55478
0.56895
0.76226
0.66887
0.64918
0.514
0.62294
0.78784
0.66447
0.4588
0.66224
0.66144
0.74207
0.45808
0.38569
0.55184
0.56711
0.67551
0.44467
0.73045
0.40973
0.72049
0.53582
0.56704
0.40617
0.4743
0.57193
0.73752
0.54345
0.53863
0.7096
0.51071
0.41505
0.56867
0.79087
0.51773
0.88597
0.70878
0.39924
0.65992
0.73281
0.41188
0.40575
0.53089
0.50357
0.65334
0.70237
0.71658
0.55849
0.52061
0.62915
0.69807
0.41989
0.54301
0.58012
0.85102
0.8116
0.70041
0.71848
0.36192
0.42148
0.67084
0.67367
0.72197
0.61091
0.72874
0.57178
0.65616
0.75566
0.68591
0.35002
0.39149
0.65339
0.48454
0.53083
0.65808
0.53091
0.57396
0.73126
0.5512
0.5369
0.53223
0.71355
0.45045
0.6706
0.62042
0.61417
0.62295
0.62627
0.60062
0.40752
0.6133
0.58376
0.47496
0.38026
0.63233
0.29999
0.51018
0.61031
0.62344
0.63393
0.49297
0.73067
0.57516
0.71594
0.7811
0.43843
0.59542
0.59688
0.60251
0.48423
0.64152
0.63191
0.72549
0.38392
0.7431
0.52912
0.40076
0.53785
0.50506
0.60894
0.62608
0.88035
0.53766
0.68066
0.66511
0.4935
0.58256
0.50776
0.69879
0.39902
0.37377
0.43283
0.481
0.3971
0.61835
0.62009
0.72662
0.73574
0.35685
0.63223
0.58005
0.57712
0.65331
0.60973
0.5264
0.73805
0.44367
0.67943
0.79138
0.53358
0.72989
0.53212
0.52339
0.68902
0.62665
0.49871
0.69116
0.65481
0.7516
0.67367
0.62436
0.63121
0.48092
0.83337
0.67467
0.57993
0.48279
0.54537
0.43068
0.66671
0.64641
0.53172
0.33034
0.50788
0.56924
0.57605
0.53851
0.72553
0.66178
0.60325
0.6219
0.50773
0.45535
0.73195
0.36086
0.43072
0.68535
0.47547
0.70511
0.68126
0.7749
0.61151
0.74322
0.57739
0.50566
0.35
0.6323
0.69256
0.63781
0.55245
0.83611
0.52665
0.69672
0.61007
0.51571
0.75009
0.66739
0.50418
0.66773
0.71033
0.69913
0.54795
0.6109
0.50228
0.37822
0.75529
0.42745
0.49622
0.67677
0.55933
0.5252
0.49236
0.65411
0.40383
0.56151
0.4137
0.5737
0.48218
0.59417
0.49678
0.57878
0.62274
0.65895
0.65274
0.64087
0.60228
0.47905
0.67455
0.64059
0.61299
0.5442
0.63286
0.44683
0.66492
0.79119
0.61043
0.37468
0.63173
0.69555
0.62725
0.50916
0.44758
0.61787
0.5569
0.70223
0.60528
0.42055
0.53655
0.72254
0.53263
0.73512
0.69548
0.39985
0.56784
0.49829
0.63318
0.37097
0.5897
0.30881
0.79023
0.54076
0.74175
0.33091
0.60739
0.63124
0.56535
0.47424
0.56139
0.5095
0.76097
0.59808
0.55755
0.38299
0.516
0.43973
0.58971
0.49309
0.55554
0.57435
0.49413
0.64887
0.5994
0.54157
0.56368
0.65025
0.44851
0.56816
0.72322
0.33985
0.49652
0.60626
0.42391
0.5992
0.72947
0.38587
0.61773
0.48411
0.58781
0.71367
0.67072
0.55917
0.73512
0.40345
0.64339
0.59541
0.63946
0.71348
0.5221
0.5452
0.62467
0.62494
0.6152
0.51715
0.75567
0.56065
0.48312
0.64255
0.70506
0.62643
0.74319
0.64022
0.62379
0.47706
0.32489
0.51781
0.62422
0.4928
0.63181
0.77556
0.69723
0.26283
0.67604
0.58495
0.59347
0.62498
0.61194
0.54807
0.45835
0.3777
0.67756
0.48183
0.65823
0.70123
0.6472
0.63931
0.73044
0.60881
0.65111
0.67998
0.66105
0.50292
0.50892
0.477
0.68334
0.49452
0.70463
0.71674
0.6004
0.54888
0.47156
0.65248
0.50579
0.61626
0.71236
0.69296
0.71167
0.30017
0.49447
0.76338
0.67075
0.63565
0.68308
0.67775
0.83346
0.68283
0.54173
0.71242
0.66173
0.60605
0.54051
0.73818
0.62821
0.71985
0.71492
0.59611
0.50306
0.52136
0.52685
0.79191
0.64812
0.64141
0.7143
0.53611
0.66517
0.66559
0.633
0.6314
0.58194
0.74017
0.56359
0.65757
0.48359
0.66076
0.74818
0.69233
0.62477
0.67876
0.54719
0.75643
0.37677
0.80243
0.50029
0.72514
0.49171
0.62762
0.58792
0.55212
0.24782
0.61208
0.76435
0.51544
0.63232
0.81986
0.60895
0.36023
0.62415
0.4782
0.50944
0.43349
0.52005
0.66725
0.66308
0.64015
0.58149
0.60155
0.73683
0.60675
0.52255
0.65999
0.48328
0.55884
0.46113
0.75805
0.55948
0.36315
0.45583
0.60741
0.33159
0.55864
0.59932
0.57901
0.51426
0.79064
0.64294
0.79537
0.41487
0.66644
0.61335
0.6146
0.41308
0.69848
0.64024
0.7355
0.25725
0.69497
0.78575
0.52921
0.60426
0.67054
0.67146
0.50097
0.66403
0.75585
0.55434
0.51565
0.56964
0.83725
0.55354
0.50143
0.57962
0.70429
0.63481
0.46563
0.54875
0.71515
0.55748
0.56295
0.70484
0.5449
0.63288
0.67044
0.62721
0.5206
0.6155
0.43344
0.72687
0.64507
0.61606
0.69346
0.3154
0.51725
0.5815
0.74293
0.40965
0.72262
0.39236
0.70071
0.61406
0.71932
0.63969
0.60459
0.49087
0.57614
0.48932
0.51965
0.76491
0.66775
0.68362
0.35326
0.50849
0.67061
0.67135
0.56897
0.54491
0.31174
0.63727
0.49037
0.43717
0.63892
0.71195
0.56842
0.54143
0.48445
0.76669
0.47571
0.59499
0.64495
0.798
0.72844
0.56292
0.58744
0.58069
0.3725
0.62575
0.57313
0.55738
0.60295
0.68188
0.556
0.77309
0.79825
0.52532
0.56496
0.45138
0.37499
0.60933
0.75649
0.70896
0.68923
0.51556
0.52146
0.47697
0.51896
0.65361
0.42521
0.51494
0.69756
0.56158
0.65027
0.6352
0.56041
0.3983
0.49181
0.59679
0.70756
0.53277
0.4824
0.63325
0.47368
0.34801
0.68769
0.51818
0.41933
0.63342
0.65495
0.54634
0.56524
0.60719
0.86069
0.26095
0.59995
0.52457
0.78183
0.57011
0.45058
0.50843
0.59481
0.50457
0.52607
0.72242
0.53509
0.69329
0.82347
0.75957
0.59096
0.60431
0.62089
0.63445
0.64987
0.55257
0.69523
0.51949
0.55453
0.63649
0.33536
0.50283
0.59523
0.59435
0.42484
0.52722
0.64325
0.54739
0.58521
0.59358
0.76943
0.68206
0.65796
0.63132
0.56886
0.61282
0.72605
0.61939
0.59118
0.49453
0.5677
0.43524
0.56321
0.63818
0.58272
0.63367
0.70285
0.53515
0.67085
0.70268
0.68329
0.63435
0.58582
0.60826
0.86798
0.74367
0.54426
0.67921
0.37126
0.6319
0.47184
0.42206
0.18705
0.5722
0.65013
0.49236
0.66913
0.49725
0.61938
0.46723
0.63515
0.73159
0.39745
0.43881
0.50124
0.48568
0.32914
0.6966
0.71235
0.64885
0.70683
0.63295
0.68751
0.60011
0.62099
0.43725
0.32629
0.51977
0.55763
0.59651
0.29072
0.63706
0.34155
0.68191
0.54963
0.68544
0.50375
0.67431
0.48943
0.36058
0.43074
0.47872
0.61016
0.58201
0.44799
0.40619
0.54602
0.65576
0.49207
0.65962
0.56359
0.57021
0.59612
0.55427
0.72973
0.62398
0.58421
0.66314
0.58954
0.65919
0.62002
0.3788
0.48038
0.77776
0.55116
0.43789
0.63747
0.62901
0.60688
0.51474
0.7482
0.34665
0.56645
0.78848
0.56104
0.63722
0.64623
0.56491
0.49961
0.60944
0.49336
0.61401
0.6154
0.60379
0.43105
0.67578
0.69489
0.35589
0.45632
0.50814
0.59267
0.58976
0.38558
0.5358
0.51573
0.66574
0.56366
0.40422
0.61212
0.50048
0.62417
0.70561
0.57181
0.58549
0.52555
0.66529
0.58188
0.46539
0.72592
0.62156
0.46419
0.38097
0.59502
0.6638
0.47267
0.69449
0.66936
0.57682
0.54195
0.58849
0.53623
0.70396
0.61141
0.41561
0.52738
0.54534
0.73812
0.7344
0.3923
0.81378
0.81264
0.73503
0.56208
0.5711
0.60691
0.64403
0.48392
0.65214
0.64102
0.57321
0.52237
0.30411
0.57457
0.67815
0.4644
0.53847
0.63808
0.48336
0.62431
0.65211
0.56836
0.71156
0.70547
0.61526
0.43146
0.53656
0.69728
0.43803
0.57267
0.65349
0.65864
0.63779
0.67638
0.71178
0.52408
0.46771
0.54152
0.29068
0.55948
0.4507
0.77607
0.53774
0.51547
0.41385
0.63662
0.69788
0.50614
0.80802
0.44586
0.5727
0.6739
0.66381
0.81928
0.58751
0.7207
0.60048
0.6798
0.63318
0.44046
0.59737
0.62499
0.35731
0.494
0.35419
0.64105
0.69954
0.68989
0.7496
0.58972
0.52309
0.58531
0.37389
0.73144
0.44556
0.65605
0.5941
0.39669
0.59035
0.56304
0.7195
0.80443
0.44271
0.57505
0.62399
0.7904
0.64556
0.43676
0.34832
0.66586
0.65956
0.51034
0.31628
0.58162
0.69521
0.79398
0.67191
0.66063
0.72027
0.38687
0.70304
0.56496
0.61941
0.55353
0.51633
0.63609
0.68366
0.61718
0.79817
0.45486
0.51521
0.77756
0.35056
0.56055
0.58992
0.5696
0.25586
0.69677
0.6373
0.44867
0.47821
0.53563
0.63131
0.80959
0.51551
0.3106
0.32204
0.49829
0.58341
0.63874
0.48772
0.74564
0.53001
0.58544
0.51791
0.61155
0.39466
0.4991
0.77559
0.4898
0.56071
0.47608
0.62364
0.56576
0.56019
0.58725
0.53633
0.29263
0.69163
0.61689
0.72681
0.83965
0.66912
0.67816
0.58947
0.72257
0.60109
0.64359
0.7594
0.67536
0.6813
0.65196
0.5215
0.56321
0.58151
0.60955
0.52222
0.65397
0.62895
0.25233
0.47604
0.41186
0.4814
0.59273
0.57423
0.59709
0.5258
0.70059
0.7214
0.41289
0.61749
0.69018
0.66345
0.43597
0.51159
0.72726
0.63234
0.5467
0.54052
0.72862
0.67696
0.75408
0.61051
0.72881
0.63062
0.36173
0.62398
0.45433
0.38123
0.63235
0.69102
0.63882
0.35264
0.50276
0.65279
0.54488
0.34704
0.61413
0.66605
0.71612
0.49052
0.61104
0.67335
0.58043
0.56011
0.63224
0.58532
0.65052
0.52381
0.59642
0.66854
0.7042
0.61346
0.16878
0.47537
0.407
0.42675
0.63791
0.55812
0.68967
0.64921
0.65824
0.59153
0.61074
0.55633
0.5241
0.54652
0.59981
0.57099
0.69672
0.55447
0.34566
0.38001
0.40726
0.54563
0.58645
0.59762
0.5208
0.72583
0.59576
0.52054
0.52312
0.57244
0.71414
0.54697
0.50445
0.506
0.55735
0.47249
0.71575
0.46016
0.65636
0.72153
0.61411
0.53113
0.49902
0.48306
0.23744
0.68318
0.63091
0.67633
0.58486
0.46269
0.56836
0.67342
0.53588
0.48054
0.59808
0.46457
0.61593
0.69295
0.56073
0.64456
0.71595
0.45183
0.69153
0.38361
0.52496
0.46065
0.7127
0.63834
0.78973
0.75659
0.6129
0.65922
0.6232
0.72597
0.49528
0.66077
0.68145
0.55863
0.62349
0.5943
0.45773
0.44613
0.62833
0.53918
0.51502
0.45779
0.71588
0.62968
0.55244
0.72346
0.29914
0.66001
0.79193
0.47778
0.57098
0.60516
0.7019
0.56817
0.68431
0.65809
0.58891
0.61155
0.51926
0.66713
0.70719
0.59415
0.77772
0.61188
0.57742
0.40884
0.77136
0.55309
0.73149
0.61984
0.48051
0.37104
0.53737
0.44677
0.62953
0.64674
0.80392
0.64036
0.57937
0.58292
0.74839
0.81745
0.43162
0.4456
0.62195
0.48574
0.70746
0.42521
0.67086
0.80065
0.60308
0.60063
0.63874
0.56402
0.61689
0.67346
0.79318
0.38055
0.51037
0.59416
0.68822
0.53661
0.49898
0.71653
0.52574
0.61668
0.57143
0.56208
0.5111
0.60645
0.60659
0.6485
0.5089
0.63073
0.54062
0.53051
0.52796
0.70469
0.65039
0.54906
0.60699
0.62128
0.56139
0.26755
0.53897
0.53687
0.76599
0.49674
0.62763
0.65841
0.61463
0.59183
0.63968
0.60141
0.63879
0.78585
0.45917
0.47212
0.54074
0.75958
0.80773
0.60238
0.75461
0.40861
0.61926
0.61889
0.54092
0.72851
0.82921
0.62582
0.67119
0.45214
0.52812
0.67543
0.73276
0.42873
0.60262
0.65065
0.60511
0.62479
0.54329
0.43984
0.61558
0.52959
0.43105
0.70599
0.38432
0.45416
0.30605
0.47091
0.71553
0.62358
0.63738
0.55742
0.41181
0.7433
0.51796
0.47554
0.70171
0.49001
0.58612
0.53494
0.65674
0.57324
0.53408
0.64846
0.55164
0.50186
0.59949
0.69428
0.56536
0.64639
0.693
0.74364
0.66713
0.67229
0.81734
0.61117
0.26465
0.58668
0.38096
0.62596
0.21671
0.7979
0.81782
0.60979
0.54178
0.44354
0.45094
0.51393
0.70487
0.64387
0.73245
0.61843
0.42761
0.46792
0.58763
0.72948
0.60506
0.53915
0.55315
0.53704
0.72549
0.45525
0.58414
0.63308
0.64686
0.62726
0.53227
0.73507
0.71696
0.56619
0.47963
0.52562
0.73541
0.72299
0.57552
0.50316
0.42737
0.43758
0.63213
0.662
0.57515
0.71987
0.59859
0.47992
0.58802
0.26217
0.80596
0.60464
0.48348
0.52822
0.2455
0.53349
0.52335
0.66417
0.80404
0.84645
0.60568
0.72738
0.46954
0.58453
0.66111
0.40014
0.45288
0.5245
0.60321
0.71063
0.54791
0.71081
0.66412
0.64712
0.46881
0.7772
0.71984
0.77052
0.487
0.65114
0.72126
0.66006
0.60638
0.48298
0.61585
0.49452
0.78053
0.65359
0.62284
0.51608
0.42544
0.55031
0.76053
0.75672
0.6294
0.71838
0.84609
0.64566
0.40658
0.69461
0.42778
0.64512
0.45687
0.67643
0.53692
0.46295
0.74425
0.59571
0.66842
0.65727
0.60255
0.46509
0.54446
0.52169
0.75438
0.55878
0.68311
0.53672
0.69551
0.65932
0.51063
0.39663
0.57991
0.49697
0.8057
0.56578
0.45485
0.59119
0.59905
0.5127
0.62718
0.38232
0.65668
0.74077
0.775
0.49454
0.46416
0.53097
0.34442
0.655
0.55898
0.63176
0.52098
0.7087
0.63839
0.50334
0.59133
0.54024
0.6571
0.67563
0.36654
0.543
0.58844
0.37179
0.60169
0.35503
0.54024
0.29491
0.53194
0.41711
0.62285
0.72027
0.61293
0.49987
0.76613
0.62569
0.56524
0.56449
0.59207
0.71039
0.76127
0.71697
0.70472
0.603
0.54938
0.5575
0.50796
0.49847
0.56155
0.59979
0.48131
0.55447
0.52758
0.66552
0.45629
0.7042
0.68147
0.62495
0.66326
0.58638
0.52638
0.60342
0.75825
0.5524
0.53131
0.75988
0.54995
0.70178
0.54299
0.48656
0.61862
0.6336
0.49171
0.73222
0.56616
0.56099
0.73736
0.61968
0.60557
0.65944
0.5882
0.58525
0.82508
0.75159
0.57892
0.58815
0.522
0.571
0.46901
0.57585
0.52194
0.59401
0.72851
0.78355
0.60941
0.65508
0.69225
0.55063
0.63376
0.34938
0.56558
0.72767
0.63105
0.51227
0.39915
0.54484
0.80702
0.73704
0.56694
0.72272
0.55124
0.56031
0.52474
0.70022
0.5545
0.73765
0.64651
0.56106
0.5054
0.11005
0.62805
0.59119
0.71809
0.57857
0.64647
0.60277
0.72179
0.49504
0.64638
0.46157
0.53866
0.45656
0.58528
0.43343
0.4702
0.60089
0.51905
0.69561
0.3299
0.78168
0.71656
0.54586
0.70766
0.40537
0.72414
0.61328
0.60787
0.57948
0.71385
0.38372
0.62413
0.5924
0.7771
0.55436
0.63162
0.50217
0.36484
0.71104
0.67425
0.42608
0.70201
0.56238
0.60041
0.41473
0.42716
0.61402
0.55103
0.56739
0.58342
0.50207
0.32696
0.53686
0.51135
0.44362
0.71449
0.6373
0.6271
0.58934
0.64672
0.68602
0.44288
0.37902
0.60575
0.63445
0.83777
0.48988
0.59507
0.74736
0.50151
0.53924
0.69834
0.67189
0.49621
0.69552
0.23631
0.74391
0.54102
0.36449
0.54662
0.61666
0.45318
0.8272
0.65011
0.45946
0.59654
0.3893
0.4334
0.569
0.66506
0.5579
0.70291
0.3693
0.55175
0.75458
0.69661
0.54587
0.62416
0.4757
0.67454
0.51495
0.40842
0.61894
0.40397
0.65351
0.46044
0.64742
0.48072
0.52361
0.54812
0.50321
0.58857
0.5074
0.63289
0.58474
0.72263
0.56231
0.76962
0.66292
0.53891
0.56589
0.25358
0.53112
0.60714
0.55479
0.78611
0.56634
0.42144
0.62574
0.3652
0.58566
0.7742
0.68551
0.61356
0.53064
0.68301
0.73545
0.41796
0.7777
0.72777
0.74866
0.63915
0.49882
0.63577
0.40328
0.51345
0.53889
0.70062
0.29412
0.5891
0.56101
0.63742
0.64447
0.80816
0.36995
0.41657
0.53547
0.53314
0.54866
0.73927
0.6414
0.71991
0.39516
0.77932
0.55192
0.40121
0.727
0.70346
0.78939
0.62817
0.34059
0.83841
0.46244
0.70297
0.74103
0.70131
0.60861
0.59016
0.69685
0.6008
0.57592
0.56012
0.55791
0.49994
0.40508
0.63603
0.68887
0.61355
0.56225
0.69596
0.47674
0.69444
0.80509
0.49863
0.71639
0.57659
0.71343
0.55226
0.2741
0.65314
0.54272
0.68857
0.46224
0.71698
0.70521
0.60206
0.56693
0.57326
0.56311
0.56918
0.69163
0.54481
0.54873
0.49424
0.37328
0.66929
0.72364
0.64266
0.80579
0.65437
0.55864
0.62496
0.51031
0.7233
0.72568
0.71837
0.47755
0.67434
0.72136
0.5717
0.54395
0.57179
0.74432
0.40968
0.60077
0.58513
0.4676
0.69066
0.54763
0.44866
0.77367
0.63055
0.59703
0.61788
0.34114
0.77887
0.58207
0.52594
0.53533
0.68055
0.66144
0.62533
0.74401
0.62586
0.38629
0.66302
0.61367
0.56765
0.6918
0.51748
0.59587
0.53438
0.75403
0.60071
0.46527
0.53531
0.62579
0.65666
0.70386
0.85283
0.63365
0.67726
0.68669
0.50462
0.5727
0.63916
0.49798
0.74979
0.66953
0.68268
0.71875
0.43109
0.66562
0.52014
0.37357
0.42395
0.67538
0.66453
0.76818
0.40242
0.42049
0.76886
0.7303
0.74991
0.52262
0.59142
0.72481
0.65475
0.67144
0.49318
0.53579
0.62129
0.51979
0.53779
0.61857
0.633
0.63973
0.70467
0.54798
0.61065
0.56869
0.70012
0.56018
0.76336
0.52318
0.49371
0.62099
0.56237
0.50782
0.46129
0.65207
0.50901
0.5386
0.51747
0.71807
0.5443
0.32896
0.70848
0.54685
0.33454
0.56397
0.73141
0.44707
0.4974
0.72552
0.54664
0.68738
0.6228
0.6199
0.70623
0.42434
0.53568
0.66313
0.66971
0.82792
0.51126
0.65
0.60411
0.48931
0.54041
0.74491
0.65871
0.66575
0.66718
0.71847
0.68474
0.62764
0.46927
0.66593
0.80844
0.79741
0.58946
0.70882
0.74696
0.62303
0.49892
0.5031
0.53067
0.73854
0.67118
0.50647
0.63364
0.60873
0.77572
0.68426
0.75904
0.54551
0.63618
0.62992
0.65936
0.44561
0.78488
0.22175
0.68668
0.64048
0.47693
0.50095
0.69541
0.50734
0.58305
0.63174
0.47695
0.46224
0.57385
0.43794
0.8192
0.56456
0.5886
0.46838
0.67891
0.39794
0.61111
0.72574
0.636
0.65151
0.62337
0.61099
0.62642
0.59271
0.51346
0.63521
0.6847
0.66184
0.74315
0.52126
0.60882
0.52754
0.53044
0.41012
0.54423
0.52597
0.58617
0.60254
0.48423
0.58425
0.51971
0.70335
0.6435
0.55018
0.42306
0.56442
0.61979
0.59187
0.53898
0.61525
0.74446
0.43565
0.69446
0.69275
0.67348
0.67011
0.5765
0.6557
0.78701
0.71089
0.61873
0.67898
0.48849
0.37022
0.72214
0.69452
0.65097
0.74835
0.62334
0.41052
0.6859
0.66585
0.44026
0.84167
0.85718
0.72331
0.5969
0.64704
0.51269
0.3379
0.57283
0.43838
0.42474
0.52777
0.63532
0.78386
0.61532
0.73692
0.56299
0.54061
0.47852
0.56989
0.77693
0.36292
0.68927
0.7098
0.60839
0.61448
0.72946
0.55565
0.43788
0.65274
0.64829
0.86245
0.38387
0.43233
0.76487
0.61763
0.62161
0.76614
0.81878
0.58778
0.67941
0.61674
0.58752
0.52017
0.55723
0.67548
0.51589
0.57572
0.64497
0.58177
0.7688
0.6489
0.59052
0.70982
0.65028
0.66163
0.65478
0.62208
0.62105
0.70797
0.66655
0.64283
0.67563
0.34585
0.45365
0.48393
0.53902
0.78344
0.76111
0.77539
0.44956
0.65887
0.45525
0.69556
0.51843
0.60263
0.61528
0.46353
0.54629
0.51261
0.55252
0.3716
0.21068
0.67723
0.81279
0.69016
0.61625
0.55556
0.41508
0.30784
0.76197
0.52708
0.29773
0.60792
0.69452
0.72263
0.55609
0.66299
0.75893
0.63018
0.66511
0.45588
0.62926
0.62184
0.5154
0.40404
0.34013
0.62109
0.67615
0.62471
0.55911
0.5422
0.44592
0.61266
0.52005
0.48723
0.54117
0.72356
0.44707
0.57931
0.4919
0.73845
0.61146
0.56683
0.66667
0.38149
0.46807
0.54948
0.62348
0.5497
0.63512
0.3883
0.68361
0.56472
0.79466
0.46329
0.50531
0.53284
0.7054
0.5469
0.58142
0.6
0.55029
0.4054
0.66295
0.65535
0.71222
0.68363
0.66513
0.56064
0.48548
0.51541
0.7414
0.83984
0.76044
0.42515
0.62102
0.47377
0.77982
0.35456
0.65043
0.63991
0.61889
0.58415
0.70804
0.6699
0.4868
0.81306
0.52698
0.68992
0.65729
0.66475
0.58391
0.63914
0.49822
0.5297
0.67993
0.66169
0.579
0.74272
0.51251
0.69894
0.47111
0.65213
0.74337
0.58236
0.5821
0.52708
0.55508
0.67783
0.62623
0.44513
0.55939
0.68031
0.59983
0.57819
0.62391
0.70315
0.5885
0.37483
0.56628
0.56447
0.63749
0.39246
0.64544
0.57855
0.65436
0.59541
0.75545
0.65256
0.61207
0.7658
0.52629
0.65539
0.68119
0.73917
0.48557
0.54128
0.46564
0.6439
0.46129
0.46921
0.4027
0.60315
0.76723
0.52595
0.49521
0.44879
0.62207
0.63117
0.61359
0.8429
0.66598
0.27841
0.67651
0.70843
0.51405
0.73528
0.56852
0.66731
0.60932
0.53172
0.5808
0.47757
0.59314
0.65431
0.6268
0.68375
0.72349
0.43432
0.66015
0.57591
0.50839
0.6742
0.59851
0.67041
0.57563
0.61529
0.60618
0.35241
0.50424
0.44447
0.25974
0.37033
0.45272
0.47263
0.65585
0.48413
0.5802
0.54565
0.61862
0.61642
0.53819
0.57422
0.5974
0.41962
0.58032
0.29452
0.4742
0.56579
0.6021
0.55697
0.58494
0.39808
0.72292
0.67452
0.67719
0.66304
0.6146
0.66536
0.51563
0.63425
0.5269
0.34739
0.65763
0.7324
0.62851
0.57902
0.49042
0.62883
0.68883
0.66304
0.73018
0.68597
0.79996
0.65366
0.59997
0.66008
0.78358
0.71056
0.51158
0.42886
0.34608
0.69447
0.62173
0.74046
0.68768
0.73376
0.53734
0.55705
0.61964
0.59492
0.49067
0.58187
0.54094
0.13461
0.77494
0.67746
0.59817
0.46987
0.6924
0.61833
0.62716
0.53302
0.42107
0.62676
0.70177
0.38125
0.51337
0.70341
0.54805
0.59273
0.6279
0.50633
0.64786
0.62494
0.56775
0.6091
0.51195
0.43752
0.72045
0.65249
0.76115
0.55053
0.58092
0.58782
0.57721
0.65093
0.4556
0.64266
0.75525
0.40695
0.67285
0.39585
0.67611
0.50307
0.6299
0.54395
0.63341
0.38439
0.42796
0.44483
0.6187
0.76413
0.49461
0.5471
0.4794
0.69605
0.66815
0.81922
0.65737
0.52065
0.67169
0.70953
0.67907
0.57033
0.51379
0.52635
0.5957
0.53681
0.70583
0.46006
0.54245
0.61209
0.60443
0.52633
0.41513
0.65451
0.69584
0.68528
0.66073
0.68996
0.29863
0.66573
0.71716
0.55447
0.54657
0.71485
0.39645
0.64546
0.69365
0.68707
0.53579
0.71491
0.41676
0.66202
0.50181
0.72813
0.75205
0.57987
0.64827
0.78036
0.66882
0.74267
0.61792
0.76394
0.37866
0.40004
0.75481
0.59541
0.53965
0.62521
0.64443
0.45226
0.48565
0.70388
0.67435
0.66683
0.58653
0.51377
0.77387
0.6508
0.54311
0.42537
0.65422
0.67076
0.58974
0.54213
0.52922
0.53305
0.59621
0.71544
0.58253
0.61913
0.4657
0.8012
0.46542
0.38093
0.53135
0.45468
0.64218
0.64899
0.62038
0.57113
0.56529
0.51056
0.6645
0.18543
0.36929
0.49059
0.70127
0.72544
0.66213
0.61836
0.72013
0.74723
0.63142
0.74814
0.69072
0.57056
0.42621
0.31523
0.59929
0.34874
0.59729
0.65534
0.75886
0.48724
0.60189
0.70707
0.71258
0.76797
0.71752
0.77175
0.45094
0.62639
0.60589
0.42182
0.7796
0.59404
0.5405
0.64025
0.52673
0.57468
0.67181
0.68488
0.38249
0.58028
0.47995
0.76478
0.70668
0.72753
0.78307
0.54382
0.35589
0.48023
0.49419
0.38516
0.30448
0.53885
0.56015
0.63675
0.45239
0.68852
0.63674
0.5862
0.7459
0.38739
0.69825
0.62167
0.71029
0.44472
0.63476
0.48877
0.7478
0.48872
0.59605
0.29173
0.65207
0.62422
0.41698
0.63754
0.7443
0.58997
0.65746
0.73481
0.50134
0.64883
0.72359
0.78454
0.48625
0.58679
0.68764
0.60856
0.55187
0.46593
0.59559
0.53301
0.65845
0.50632
0.65236
0.44432
0.48816
0.54601
0.57357
0.70377
0.54276
0.39717
0.63626
0.65909
0.60031
0.7519
0.65379
0.44643
0.57046
0.39958
0.48201
0.61876
0.49044
0.65958
0.68157
0.63118
0.48356
0.73957
0.39079
0.55237
0.54892
0.68534
0.53597
0.52263
0.76621
0.59192
0.47879
0.59814
0.52715
0.69637
0.29895
0.56539
0.60622
0.41451
0.48023
0.51421
0.39941
0.47627
0.76019
0.68067
0.64536
0.61586
0.74088
0.64043
0.57086
0.41959
0.75913
0.65866
0.58039
0.52388
0.5273
0.62923
0.76363
0.6784
0.56287
0.54539
0.69709
0.79393
0.57784
0.7467
0.51898
0.57353
0.62178
0.79342
0.61918
0.67814
0.67904
0.69472
0.71695
0.62782
0.69179
0.67346
0.4889
0.6977
0.60131
0.67512
0.5915
0.55862
0.6815
0.65299
0.58213
0.66239
0.76481
0.41265
0.7593
0.4957
0.72356
0.57533
0.56433
0.58443
0.72416
0.49475
0.68712
0.69534
0.52621
0.54907
0.61923
0.82119
0.70804
0.57644
0.46834
0.67376
0.70606
0.65772
0.64647
0.59859
0.54646
0.62938
0.31402
0.68251
0.71181
0.70221
0.64371
0.43929
0.5023
0.53911
0.6321
0.58582
0.46413
0.60387
0.65706
0.63642
0.53436
0.74242
0.75167
0.8056
0.28801
0.57437
0.66923
0.62239
0.51893
0.74945
0.59944
0.53624
0.52728
0.62549
0.67797
0.78083
0.65355
0.56327
0.57234
0.69007
0.6912
0.57412
0.65876
0.41228
0.74519
0.37013
0.61917
0.49664
0.64816
0.57819
0.39716
0.59913
0.50863
0.56121
0.43349
0.71697
0.44656
0.32437
0.71317
0.5896
0.64233
0.67165
0.50291
0.52603
0.50275
0.64371
0.66627
0.78485
0.69245
0.59216
0.45051
0.73873
0.59198
0.50269
0.61726
0.79699
0.64868
0.61841
0.46676
0.51031
0.72548
0.71236
0.5038
0.64857
0.6456
0.62959
0.6647
0.62141
0.51242
0.54918
0.52074
0.64975
0.60546
0.78538
0.70061
0.33302
0.51216
0.81595
0.58274
0.59702
0.69017
0.51756
0.78058
0.56241
0.47389
0.75841
0.50676
0.44103
0.76388
0.60736
0.49981
0.72326
0.71072
0.41147
0.61262
0.7623
0.58043
0.60952
0.59283
0.59584
0.62878
0.73641
0.60025
0.73843
0.44535
0.59042
0.70756
0.38392
0.6435
0.37872
0.63806
0.30473
0.55306
0.49099
0.47141
0.76052
0.68736
0.61971
0.57222
0.8139
0.61815
0.72038
0.73693
0.65689
0.39337
0.68666
0.5175
0.71215
0.70971
0.52353
0.53006
0.62418
0.58992
0.62654
0.67719
0.55134
0.61892
0.36543
0.66341
0.7865
0.65398
0.66487
0.64493
0.71434
0.64335
0.73412
0.75729
0.52962
0.48225
0.32757
0.67765
0.67737
0.66965
0.557
0.32768
0.64309
0.72784
0.62155
0.56158
0.51463
0.40229
0.625
0.57886
0.62848
0.58916
0.58928
0.44532
0.50209
0.58491
0.59244
0.61704
0.56468
0.45711
0.67311
0.70009
0.65444
0.79577
0.41532
0.66459
0.66699
0.71231
0.6494
0.57168
0.68324
0.35642
0.57523
0.5511
0.57575
0.72148
0.55762
0.78212
0.70932
0.32695
0.80702
0.5807
0.65901
0.47353
0.56828
0.65312
0.43235
0.61312
0.62332
0.64172
0.43376
0.33656
0.31068
0.54137
0.48255
0.39835
0.78183
0.60197
0.51428
0.54871
0.4621
0.62997
0.54763
0.57914
0.60409
0.59644
0.60724
0.57793
0.73097
0.46779
0.57276
0.32311
0.56705
0.42895
0.74685
0.74147
0.5207
0.81864
0.72404
0.76667
0.76146
0.46636
0.5388
0.41887
0.74569
0.64067
0.61966
0.37981
0.56139
0.63422
0.49596
0.6133
0.81271
0.59195
0.55863
0.68752
0.64185
0.36279
0.55424
0.60618
0.71151
0.6092
0.52973
0.70125
0.63726
0.69263
0.72679
0.51749
0.78377
0.62421
0.58807
0.59106
0.5333
0.38478
0.62656
0.53534
0.7338
0.66781
0.62578
0.60355
0.5991
0.50574
0.5291
0.42731
0.56698
0.63848
0.39906
0.52972
0.70308
0.5308
0.73992
0.51138
0.66869
0.14939
0.617
0.64948
0.52026
0.68432
0.60629
0.81014
0.67916
0.76168
0.74272
0.4963
0.61893
0.47292
0.59144
0.41144
0.61724
0.73503
0.62299
0.75896
0.49733
0.74103
0.59303
0.44804
0.55041
0.59828
0.6359
0.55116
0.61732
0.45085
0.17988
0.50049
0.54114
0.61711
0.73912
0.46487
0.6041
0.65527
0.73123
0.45923
0.64315
0.65262
0.47952
0.67201
0.34642
0.4658
0.6506
0.64586
0.56395
0.46737
0.57586
0.63087
0.42409
0.57138
0.54313
0.48954
0.56892
0.35443
0.63335
0.38106
0.67035
0.55311
0.40368
0.57522
0.25182
0.41135
0.34628
0.52885
0.53339
0.30043
0.47184
0.74121
0.68813
0.40882
0.50303
0.50003
0.49698
0.63761
0.5245
0.57842
0.56115
0.64531
0.57929
0.59399
0.52243
0.59065
0.51765
0.7097
0.61903
0.52439
0.64229
0.46363
0.70116
0.65787
0.55304
0.43932
0.46415
0.5518
0.5463
0.464
0.55796
0.438
0.55433
0.59256
0.45668
0.64043
0.68411
0.65772
0.7223
0.3932
0.62579
0.52132
0.51751
0.54294
0.7568
0.58733
0.84157
0.65642
0.64892
0.372
0.66998
0.58193
0.6354
0.52948
0.63843
0.4148
0.76042
0.49815
0.52796
0.79334
0.63635
0.77502
0.67133
0.6882
0.70696
0.48115
0.6895
0.5136
0.46099
0.55106
0.60996
0.59336
0.68039
0.42262
0.52401
0.61666
0.58588
0.45844
0.57474
0.69078
0.7086
0.58561
0.81968
0.69992
0.72751
0.64281
0.39997
0.59228
0.58537
0.63815
0.65296
0.59582
0.58968
0.53543
0.80468
0.74073
0.74399
0.78311
0.54457
0.57548
0.68908
0.728
0.59195
0.71337
0.60813
0.51433
0.41927
0.54639
0.83737
0.55737
0.45812
0.52407
0.46413
0.53165
0.58605
0.52943
0.61139
0.49454
0.5939
0.59907
0.61414
0.65854
0.58325
0.5713
0.63109
0.37878
0.48366
0.59234
0.50917
0.66707
0.37679
0.50522
0.62609
0.61494
0.46575
0.75122
0.49863
0.53113
0.71047
0.62206
0.5106
0.61457
0.68313
0.39459
0.5209
0.56919
0.80732
0.50556
0.50246
0.62641
0.63517
0.6613
0.48531
0.63862
0.80942
0.74679
0.5798
0.54912
0.41596
0.61705
0.61695
0.5839
0.52293
0.72012
0.32723
0.50624
0.66934
0.7726
0.60081
0.57922
0.4562
0.50722
0.43594
0.62224
0.27842
0.78151
0.73847
0.5592
0.40086
0.69926
0.78225
0.46219
0.67207
0.55998
0.64981
0.64165
0.83241
0.52576
0.52447
0.69531
0.4687
0.6685
0.74166
0.56915
0.4727
0.56634
0.45747
0.42879
0.41163
0.66807
0.57688
0.65826
0.43853
0.59317
0.49132
0.42895
0.88195
0.66633
0.46086
0.63538
0.66868
0.65074
0.6378
0.41554
0.3616
0.5048
0.63848
0.80775
0.72423
0.65858
0.5502
0.58543
0.41928
0.60937
0.54411
0.5398
0.42448
0.67939
0.59329
0.55251
0.64179
0.47373
0.40286
0.75133
0.4292
0.18045
0.42334
0.50308
0.62495
0.73748
0.7063
0.71328
0.67128
0.48695
0.32361
0.41504
0.41124
0.82209
0.62047
