0.63573
0.73066
0.62203
0.41345
0.74972
1.0477
1.0194
0.88356
0.94062
0.71707
0.76398
0.41193
0.71412
0.85997
0.78538
0.29304
0.69607
0.67967
0.51792
0.26679
0.74377
0.88065
0.66165
0.82261
0.87646
0.79427
0.66474
0.51315
0.82357
0.96985
0.48863
0.73789
0.92745
0.70857
0.45607
0.87463
0.78561
0.69434
0.55796
0.76945
0.73031
0.78719
0.9861
0.59709
0.47845
0.74277
0.62027
0.76786
0.68063
0.81776
1.0328
0.70557
0.83841
0.34885
0.91839
0.87673
0.54362
0.90691
0.80104
0.39538
0.78323
0.74342
0.97886
0.92492
0.9607
0.73924
0.49722
0.6755
0.76391
0.7862
0.75723
0.47989
0.68952
0.68501
0.88297
0.50512
0.65019
0.66917
0.80273
0.83653
1.0223
0.62181
0.90185
0.55109
0.76381
0.66547
0.92096
0.59645
0.56083
0.6761
0.6104
0.71113
0.83346
0.96101
0.86951
0.82893
0.74361
0.66191
0.58031
0.46365
0.42142
0.79452
0.83678
0.53566
0.80783
0.78548
0.40081
0.84883
0.36731
0.54397
0.36678
0.64709
0.70991
0.53248
0.75852
0.8783
0.75086
0.90485
1.0831
1.0428
0.76734
0.6638
0.63625
0.82303
0.58943
0.79725
0.90427
0.88909
0.73929
0.74342
0.8482
0.89918
0.5719
0.7136
0.61323
0.87929
0.7163
0.63075
0.76211
0.85568
0.91995
0.6863
0.70475
0.80661
0.88259
0.84142
0.76316
0.97257
0.61079
0.98602
0.61852
0.65724
0.73932
0.70255
0.79677
0.64411
0.77506
0.80631
0.39589
0.434
0.78169
0.88438
1.0871
0.92441
0.72025
0.59437
0.76895
0.72639
0.72511
0.96893
0.64727
0.86436
1.0811
0.50415
0.89945
0.79413
0.82946
0.75455
0.5012
0.57057
0.90636
0.951
0.86516
0.78543
0.57131
0.80111
0.9212
0.7868
0.66861
1.0116
0.77317
0.95229
0.23437
1.0329
0.95208
0.61352
0.70278
0.73172
0.86073
0.72673
0.79693
0.72229
0.21738
0.8246
0.52891
0.72358
0.61428
0.80827
0.71714
1.0363
0.34479
0.83847
0.63655
1.0443
0.86338
0.75334
0.64947
0.84274
0.76981
0.7357
0.68296
0.30008
0.5912
0.83602
0.60359
0.73973
0.68551
0.83806
0.70816
0.81079
0.68381
1.0435
0.7267
0.68641
0.86678
0.78924
0.67188
0.79944
0.50356
0.87857
0.8903
0.93025
0.69648
0.58242
0.42918
0.57579
0.79985
1.0853
0.56794
0.77953
0.59733
0.7655
0.94707
0.69887
0.78348
0.88375
0.67494
0.47693
0.44847
0.72601
0.41149
0.7742
0.69258
0.49445
0.54065
0.80272
0.71397
0.98907
0.42849
0.94392
0.87623
0.61954
0.7377
0.84402
0.69902
0.71074
0.69639
0.70289
0.60721
0.78818
0.74375
0.71927
0.60113
0.41071
0.48202
0.78905
0.48798
0.84574
0.73324
0.82581
0.82056
0.81386
0.92983
0.66013
0.73087
0.80386
0.80672
0.80391
0.53176
0.763
0.90725
0.56751
0.8413
0.76314
0.77373
1.0354
0.79746
0.95404
0.54165
0.81588
0.79658
0.58885
0.42923
0.83015
0.68302
0.92412
0.74259
0.83391
0.51605
0.77796
0.88358
0.64189
0.77647
0.69864
0.78773
0.73924
0.98988
0.6653
0.93492
0.52997
0.72597
0.46716
0.5339
0.58659
0.79576
0.75415
0.89065
0.83722
0.91523
0.57007
0.7789
0.83571
0.65344
0.94202
0.52911
0.66529
0.50821
0.8441
0.57762
0.80415
0.85784
1.0761
0.92329
0.53867
0.91233
0.65803
0.73723
0.75023
0.67761
0.77491
0.88087
0.70018
0.72048
0.57258
0.85358
0.71691
0.67147
0.6013
0.61261
0.86667
0.92182
0.59551
0.33141
0.62136
0.7179
0.9168
0.83503
0.92793
0.93029
0.96763
0.81601
0.95399
0.58071
0.55313
0.87907
0.8808
0.76802
0.63339
0.69
0.79499
0.71392
0.80056
0.54032
0.76287
1.0397
0.82151
0.64
0.61426
0.77662
0.58343
0.63238
0.71834
0.67648
0.67771
0.85265
0.61982
0.7315
0.80465
0.64522
0.70406
0.76097
0.86829
0.88107
0.87382
0.51179
0.61349
0.7766
0.80372
0.95586
0.6695
0.6521
0.65577
0.60623
0.87585
0.62269
0.91366
0.91102
0.65261
0.44076
0.79775
0.98008
0.5969
0.56732
0.80223
0.90937
0.91999
0.58922
0.66786
0.74387
0.38958
0.78082
0.40472
0.53901
0.9505
1.015
0.97528
0.56698
0.68949
0.66791
0.83291
0.69294
0.92745
0.61592
0.44883
0.90025
0.76553
0.73657
0.57178
0.98311
0.73814
0.59124
0.64258
0.70673
0.69105
0.84968
1.0027
0.89525
0.97266
0.65986
0.26966
0.93344
0.78117
0.72191
0.6171
0.66516
1.0284
0.74612
0.84974
0.67892
0.84045
0.82961
0.80662
0.86238
0.66692
1.146
0.66915
0.76995
0.78041
0.78407
0.78088
0.78082
0.77589
0.76423
0.62476
1.0068
0.94307
0.83084
0.5346
0.93001
0.36949
0.84771
0.63359
0.74753
0.4858
0.81635
0.95823
0.93915
0.41336
0.74321
0.6478
0.74215
0.81027
0.76792
0.76058
0.73589
0.8714
0.74184
0.53301
1.0644
0.61044
0.97285
0.87264
0.90592
0.90882
0.43896
0.91387
0.81802
0.49633
0.98722
0.89839
0.73953
0.71119
0.74043
0.75598
0.82119
0.62391
0.77999
0.70739
0.9306
0.89359
0.48269
0.93989
0.83802
0.71038
0.5229
0.44108
0.76248
0.5321
0.87756
0.90285
0.6362
0.62012
0.92889
0.48749
0.61186
0.4991
0.82721
0.75089
0.78076
0.8017
0.54121
0.83399
0.62273
0.28968
0.7357
0.91543
0.96484
1.0146
0.70269
0.81594
0.84509
0.85247
0.77416
0.50302
0.69105
0.67911
0.71649
1.0053
0.40738
0.94703
0.62729
0.74957
0.82661
0.53787
0.5462
0.98428
0.67789
0.90263
1.0503
0.75197
0.57629
0.82556
0.77948
0.84279
0.6754
0.94775
0.6748
0.73995
0.67789
0.47941
0.51827
0.61415
0.6975
0.9163
0.78732
0.58812
0.80671
0.81583
0.73679
0.78099
0.89838
0.80819
0.64125
0.66689
0.36834
0.70254
0.62658
0.70636
0.7559
0.77812
0.85744
0.9517
0.8192
0.55481
0.67975
0.73188
0.83029
0.93178
0.70922
0.6163
0.93851
0.61466
0.78767
0.78338
0.51977
0.87181
0.71679
0.90381
0.46569
1.0179
0.53906
0.36663
0.70091
0.40553
0.75171
0.74715
0.95141
0.68253
0.9152
0.42205
0.85056
0.74503
1.0792
0.83224
0.58067
0.92207
0.61421
0.69179
0.5064
0.61862
0.65673
0.80424
0.55608
0.70608
0.67196
0.72196
0.57627
0.76855
0.70365
0.7266
0.73818
0.80658
0.66547
0.79764
0.75934
0.84619
0.72556
0.68501
0.6873
0.62233
0.80652
0.84458
0.64332
0.62886
0.82431
0.83824
0.72449
0.76885
0.80964
0.69835
0.58838
0.75937
0.88551
0.6623
1.0611
0.85319
0.95131
0.83396
0.79357
0.72049
0.59921
0.8875
0.56774
0.48098
0.72975
0.7207
0.80714
0.82516
0.83631
0.82181
0.60578
0.84109
0.76455
0.70729
0.97955
0.86916
0.76287
0.75119
0.80796
0.57191
0.72181
0.6663
0.98175
0.63805
0.81859
0.73033
0.3604
0.82318
0.96425
0.63133
0.77971
0.84
0.59729
0.61464
0.51468
0.86582
0.51644
0.69159
0.9224
0.66079
0.65774
0.63354
0.59835
0.6478
1.0252
0.63304
0.84804
1.0096
0.74201
0.87666
0.90765
0.82564
0.73384
0.64601
0.92305
1.0388
0.73899
0.81288
0.7161
0.6681
0.84453
1.022
0.65172
0.43653
0.50038
0.90546
0.80135
0.90059
0.54498
0.80107
0.65669
0.88575
0.77023
0.71807
0.59492
0.8874
0.70364
0.95538
0.71058
0.69779
0.74242
0.40939
0.79544
0.86451
0.6066
0.83151
0.8276
0.46014
0.60385
0.84622
0.80612
0.93883
0.80768
0.60741
0.67247
0.69677
0.92091
0.90446
0.46745
0.68767
0.92704
0.74989
0.85827
0.41322
1.0262
0.64429
0.99703
0.78073
0.38733
0.69178
0.58513
0.67448
1.0422
0.8335
0.80175
0.79702
0.78401
0.64881
0.2801
0.75938
0.80609
0.84162
0.4345
0.80767
0.69369
0.86575
0.79508
0.71482
0.87011
0.85543
0.58454
0.98909
0.70116
0.79802
0.57435
0.84168
0.89236
0.95958
0.74666
0.74029
0.67176
0.62152
0.75567
0.85521
0.74792
0.90641
0.75863
0.5692
0.5298
0.59014
0.88647
0.64141
0.78641
0.47844
0.77775
0.59044
0.81601
0.75651
0.90394
0.87277
0.42467
0.8755
0.61516
0.64366
0.92646
0.67101
0.7869
0.78439
0.83129
0.45218
0.49792
0.79846
0.72501
0.89476
0.79065
0.94824
0.90929
0.74308
0.72898
0.86809
0.93478
0.59194
0.88052
0.88682
0.75105
0.79349
0.65961
0.77092
0.58237
0.6177
0.44798
0.7871
0.41538
0.78111
0.69465
0.69257
0.51941
0.54011
0.71944
0.90547
0.63438
0.84088
0.79778
0.49793
0.72251
0.78741
0.42575
0.77027
0.92392
0.84448
0.90585
0.62392
0.65252
0.82174
0.58606
0.68838
0.68299
0.74431
0.63807
0.61683
0.68072
0.9127
0.82332
0.96122
0.60247
0.66617
0.95646
0.87775
0.93247
0.67492
0.51632
0.80041
0.62321
0.7794
0.96412
0.60324
0.72924
0.82156
0.38138
0.77341
0.5547
0.85026
0.47854
0.7671
0.84268
0.83557
0.43019
0.70436
0.78616
0.82516
0.59366
0.88228
0.46433
0.87124
0.57167
0.70747
0.71522
0.96575
0.65421
0.40627
0.51957
0.79794
0.85805
0.64005
0.57409
0.70288
0.75241
0.68107
0.72337
0.65117
0.70031
0.57894
0.56861
0.90168
0.25152
0.69459
0.74403
0.88437
0.59381
0.69463
0.39862
1.1955
0.65307
0.28228
0.73938
0.56849
0.63356
0.85734
1.0386
0.85297
0.80263
0.79876
0.47401
0.75554
0.63275
0.6973
0.82055
0.57541
0.85943
0.84894
0.59946
0.60792
0.78288
0.8547
0.80619
0.89169
0.64095
0.66281
0.66002
0.79753
0.67413
0.66033
0.57443
0.76967
0.81527
0.87576
0.78185
0.49083
0.65928
0.79802
0.63766
0.83274
0.8379
0.60096
0.65549
0.68501
0.88537
0.70243
1.0359
0.58304
0.76141
0.56363
0.56291
0.59553
0.48613
0.8599
0.85214
0.84286
0.66616
0.76404
0.6479
0.54421
0.71642
0.83039
0.72974
0.99481
0.68609
0.62581
0.87834
0.60561
0.65703
0.46406
0.70253
0.78537
0.85559
0.78686
1.0008
0.61694
0.78944
0.72774
0.81638
0.92161
0.61093
0.7962
0.67464
0.57063
0.68768
0.64538
0.80012
0.88289
0.71297
0.95173
0.59654
0.5381
0.79906
0.7646
0.68188
0.31461
1.0001
0.9411
0.74016
0.72642
0.69856
0.84916
0.76639
0.68883
0.72824
0.59777
0.86821
0.57695
0.81595
0.88085
0.78361
0.74923
0.64084
0.70878
0.83664
0.58738
0.84304
0.88704
0.65037
0.56989
1.0073
0.62334
0.63004
0.70191
0.67685
0.53653
0.32093
0.88573
0.51854
0.79391
0.79955
0.53912
0.64896
0.88101
0.60788
0.59384
0.69199
0.59182
0.17921
0.73774
0.7633
0.85914
0.89588
0.69891
0.71095
0.33099
0.53773
0.88659
0.82804
0.64191
0.52174
0.74013
0.77981
0.67707
0.92107
0.64804
0.95733
0.79526
0.97932
0.66577
0.54244
0.4052
0.77312
0.56021
0.72823
0.44069
0.67011
0.56827
0.78549
0.80638
0.8041
0.42694
0.73125
0.83778
0.59472
0.35207
0.85205
0.50754
0.97649
0.61888
0.89086
0.85962
0.77421
0.53097
0.92454
0.66813
0.67373
0.55944
1.0324
0.76767
0.61336
0.48273
0.75115
0.79771
0.82249
0.69392
0.5701
0.8568
0.79529
1.0662
0.87073
0.9334
0.6552
0.74935
1.0362
0.82481
0.71773
0.74775
0.60513
0.50859
0.53407
0.73348
0.49746
0.65182
0.63031
0.37536
0.9017
0.84643
0.56357
0.67677
0.75695
0.63753
0.9421
0.73677
0.60237
0.82754
0.94876
1.0343
0.66053
0.53427
0.62384
0.45284
1.035
0.64385
0.55686
0.75415
0.66724
0.66169
0.72247
0.64474
0.82525
0.91586
0.87599
0.92757
0.40999
0.59227
0.51222
0.60033
0.69112
1.0547
0.9423
0.61647
0.70804
0.82502
0.62895
0.83038
0.76635
0.63067
0.81695
0.7958
0.89401
0.58042
0.7642
0.56614
0.81922
0.63292
0.37781
0.68662
0.76843
0.54586
0.93442
0.77548
0.58608
0.59453
0.66228
0.49026
0.75739
0.42335
0.41631
0.75521
0.71011
0.83192
0.51341
0.73126
0.66522
0.55883
0.83149
0.64729
0.68448
0.86189
0.68684
0.80027
0.78211
0.6437
0.97004
0.7879
0.81769
0.77503
0.74964
0.90047
0.66553
0.84604
0.8918
0.57675
1.0018
0.94456
0.42511
0.66842
0.46786
0.57366
0.7389
0.70942
0.83682
0.77388
0.8762
0.71851
0.50913
0.77693
0.65186
0.68414
0.7771
0.92587
0.94984
0.88541
0.7373
0.74106
0.94121
0.76005
0.83011
0.52296
0.67813
0.73239
0.68671
0.87529
0.52496
0.34456
0.8426
0.55522
0.71434
0.61052
0.7938
0.53192
0.88259
0.62017
0.87894
0.44711
0.5543
0.8408
0.67587
0.65052
0.66599
0.48868
0.81141
0.76495
0.87206
0.38981
0.83814
0.81221
0.72089
0.49245
0.56921
0.7694
0.81293
0.67915
0.78709
0.75904
0.56329
0.71039
0.77817
0.56999
0.24148
0.82584
0.9125
0.62642
0.67309
0.79068
0.59026
0.82154
0.67251
0.62403
0.92324
0.68549
0.78494
0.51281
0.73974
0.59713
0.67921
0.945
0.90167
0.60933
0.45255
0.3853
0.66588
0.84941
0.6765
0.64294
0.89496
0.6943
0.96587
0.91041
0.71848
0.71786
0.51391
0.74914
0.89152
0.61908
0.59673
0.82696
0.73078
0.61034
0.56358
0.58324
0.6359
0.69678
0.72556
0.68162
0.42963
1.0743
0.81806
0.84022
0.93552
0.70267
0.9182
0.88998
0.4456
0.81792
0.50368
0.74353
0.83135
0.896
0.70117
0.71656
0.70372
0.73116
0.63653
0.37243
0.60888
0.76691
0.72766
0.84509
0.73144
0.51032
1.0765
0.64354
0.75501
0.89701
0.77436
0.67759
0.88431
0.692
0.92459
0.64027
0.69773
0.66517
0.75503
0.87442
0.73451
0.72732
0.7982
0.71961
0.68251
0.83126
0.98145
0.39076
0.62144
0.31955
0.57354
0.52194
0.98336
0.66191
0.67042
0.71409
0.84098
0.6679
0.82688
0.68995
0.99174
0.76435
1.0275
0.94566
0.7118
0.48481
0.6097
0.29083
0.67046
0.83722
0.30137
0.8025
0.55629
1.064
1.0238
0.71722
0.72167
0.8878
0.93954
0.87237
0.90572
0.78313
0.45044
0.8461
0.89517
0.59872
0.91145
0.72998
0.6695
0.42826
0.86816
0.81588
0.64274
0.92923
0.45328
0.58023
0.75539
0.69797
0.78606
0.79995
0.7543
0.76413
0.79609
0.78627
0.78876
0.90725
0.84065
0.8937
0.91159
1.0046
0.39188
0.69785
0.49551
0.48231
0.56583
0.73509
0.51947
0.7269
0.49742
0.62747
0.66215
0.43027
0.58938
0.79324
0.90482
0.75425
0.71693
1.0216
0.70303
0.68711
0.64555
0.37914
0.7365
0.92504
0.76022
0.84156
0.66244
0.714
0.53889
0.73314
0.72247
0.75386
0.37009
0.69308
1.0076
0.72449
0.73985
0.85562
0.81641
0.96015
0.59258
0.93964
0.89579
0.89142
0.64808
0.60762
0.54809
0.80837
0.53396
0.6505
0.62947
0.47339
0.46448
1.0226
0.81974
0.69119
0.68767
0.82548
0.80133
0.80477
0.86091
0.80447
0.32761
0.81273
0.62567
0.83939
0.71926
0.6624
0.79886
0.92114
0.67926
0.64879
0.59905
0.9348
0.53522
0.83819
0.82413
0.63157
0.62808
0.99844
0.89913
0.6774
0.89809
0.73674
0.50648
0.66514
0.72286
0.27144
0.73418
0.71065
0.68748
0.74859
0.87928
0.71276
0.53715
0.76912
0.80007
0.99124
0.64985
0.78431
0.91428
1.0025
0.70641
1.0318
0.87012
0.61518
1.0188
0.8277
0.73808
0.96962
0.60705
0.81088
0.81888
0.73675
0.80894
0.91104
0.72384
0.87492
0.76735
0.99696
0.62239
0.70706
0.75487
0.80435
1.1258
0.68766
0.71891
0.90804
0.94352
0.42607
0.98806
0.50775
0.57153
0.9739
0.68172
0.79141
0.60239
0.83808
0.64108
0.80231
0.9368
0.641
0.63414
0.70957
0.74978
0.86423
0.67553
0.72665
0.65232
0.65048
0.80583
0.78186
0.93404
0.93541
0.52904
0.45676
0.70316
0.98912
0.7693
0.8874
0.74837
0.63859
0.63969
0.74603
0.99702
0.74381
0.49733
0.34472
0.70517
0.73288
0.74803
0.71974
0.48139
0.65405
0.72654
0.67449
0.73647
0.35511
0.56043
1.0387
0.69022
0.83677
0.6612
0.82419
0.65831
0.95277
0.89867
0.33484
0.67146
0.77944
0.73139
0.80999
0.37585
0.92997
0.71588
0.94553
0.66884
0.51577
0.87917
1.0064
0.6382
0.68191
0.4793
0.65745
0.54646
0.66478
0.732
0.73645
0.74549
0.89501
0.96999
0.80235
1.0161
0.81612
0.83346
0.71506
0.53797
0.53947
1.0035
0.50143
0.73643
0.90287
0.68728
0.73833
0.72649
0.51636
0.83285
1.027
0.62874
0.85725
0.58321
0.72299
0.86651
0.88107
0.80993
0.53876
0.84012
0.85802
0.91258
0.67678
0.9185
0.69125
0.79216
0.90256
0.82496
0.91861
0.78389
0.84851
0.96873
0.47444
0.65745
0.62494
0.68079
0.85417
0.8982
0.70347
0.44725
0.86592
0.89809
0.63402
0.7413
0.74143
0.56058
0.78777
0.59519
0.56408
0.8114
0.76602
0.61163
0.9045
1.0294
0.71378
0.6452
0.57021
0.94411
0.66131
0.99348
0.67832
0.80042
0.80387
0.33604
0.40387
0.99885
0.68663
0.78574
0.53426
0.63922
0.55608
1.0075
0.7139
0.67963
0.69737
0.57232
0.76828
0.86787
0.64917
0.73318
0.6759
0.91425
0.9152
0.85436
0.53984
0.64202
0.61592
0.89214
0.84382
0.74174
0.68399
0.58301
0.73132
0.90506
0.61949
0.86514
0.65615
0.94938
0.32613
0.72082
0.75436
0.96328
0.37866
0.89204
0.46342
0.63081
0.65017
0.77985
0.71633
0.80669
0.52496
0.73073
0.86636
0.71673
1.1357
0.45005
0.54444
0.61216
0.6413
0.89318
0.25821
0.81507
0.8866
0.59152
0.64193
0.91861
0.74579
0.91279
0.83507
0.58467
0.70257
0.84446
1.0649
0.94156
0.76745
0.74344
0.88326
0.71807
0.86584
0.64619
0.69425
0.84242
0.70174
0.92175
0.94192
0.82493
0.94186
0.9426
0.73567
0.86258
0.72172
0.64018
0.67187
0.81297
0.60652
0.78476
0.8768
0.60301
0.57083
0.74568
0.83416
0.60279
0.81336
0.92146
0.63476
0.72173
0.88088
0.97217
0.63641
0.4688
0.91978
0.66653
1.0392
0.87105
0.60496
0.45219
0.93705
0.89827
0.8484
0.73191
0.83645
0.90453
0.68686
0.47069
0.88257
0.68361
0.80536
0.59809
0.72357
0.78134
0.82391
0.69091
0.59761
0.69332
0.80966
0.60211
0.80542
0.67228
0.63649
0.76314
0.55761
0.68104
0.82589
0.91468
0.83308
0.69803
0.8843
0.75472
0.95179
0.83273
0.82158
0.77733
0.71886
0.8037
0.63312
0.59054
0.63754
0.79417
1.0923
0.61538
0.62463
0.66923
0.77022
0.84502
0.7279
0.69302
0.92568
0.9738
0.75613
0.62892
0.8287
0.99592
0.77084
0.91265
0.45087
0.70913
0.73947
0.75872
0.53227
0.71752
0.59462
0.71957
0.61687
0.6236
0.55442
0.83005
0.80966
0.76496
0.82756
0.89799
0.60825
1.045
0.68414
0.86495
0.74802
0.9349
1.0564
1.0057
0.59975
0.65456
0.71977
0.86616
0.81005
0.73789
0.42794
0.52563
0.56543
0.98314
0.97084
0.54077
0.79043
0.67115
0.52969
0.79844
0.85938
0.62869
0.56516
0.64525
0.91411
0.52396
0.83163
0.77528
0.7857
0.58534
0.69504
0.90118
0.66116
0.96409
0.86096
0.70903
1.0566
0.6922
0.80221
0.97673
0.85989
0.97108
0.58865
0.87009
0.85719
0.8585
0.75867
0.74158
0.80888
0.83649
0.64539
0.7541
0.59696
0.89591
0.55693
0.72913
0.84158
0.71529
0.76467
0.6189
0.60226
0.61458
0.8737
0.63677
0.69783
0.44394
0.71947
0.91399
0.96863
0.59716
0.6817
0.68661
0.6173
0.7427
0.61776
0.35356
0.55702
0.62997
0.70552
0.82187
0.66119
0.87789
0.81378
0.72296
0.6843
0.74838
0.75865
0.79425
0.89443
0.79904
0.76465
0.72671
0.74871
0.42401
0.79922
0.48319
0.65979
0.80474
0.70217
0.60302
0.64757
0.5881
0.75586
0.51597
0.91535
0.78039
0.58778
0.67643
0.99265
0.88266
0.7715
0.69142
0.49331
0.61926
0.5518
0.69151
0.70067
0.52051
0.61703
0.85225
0.83432
0.7345
0.80273
0.83925
0.80415
0.63535
0.7271
0.76323
0.57787
0.82907
0.84557
0.81692
0.70282
1.0169
0.56151
0.48785
0.88992
0.89578
0.74094
0.86152
0.94555
0.76717
0.60436
0.60631
0.6664
0.80587
0.47607
0.57575
0.83065
0.67897
0.85377
0.45757
0.91506
0.80806
0.52577
0.75853
0.81464
0.72983
0.75519
0.93881
0.92263
0.87329
1.0747
0.73485
0.80831
0.78559
0.47541
0.51969
0.35806
0.60613
0.88251
0.99764
0.86162
0.53154
0.38106
0.93034
0.91184
0.63607
0.89894
0.60614
0.79438
0.58196
0.82306
0.87118
0.64342
0.9077
1.0169
0.83173
0.7288
0.65861
0.72376
0.68492
0.94181
0.73908
0.48766
0.77775
0.78363
0.62993
0.83159
0.87167
0.87299
0.65901
0.77015
0.6287
0.9745
0.80493
0.66103
0.28302
0.9201
0.65018
0.76814
0.65478
0.59995
0.98353
0.96985
0.94633
0.79665
0.82122
0.56023
0.8427
0.70658
0.87782
0.50495
0.76657
0.91268
0.83672
0.94035
0.41709
1.0266
0.69052
0.75162
0.89572
0.73588
0.89821
0.84101
0.72713
0.55913
1.0252
0.42397
0.88665
0.68071
0.76874
0.7339
0.62899
1.0611
0.98236
0.91121
0.85313
0.74403
0.59722
0.8016
0.9125
0.79051
0.37827
0.8289
0.74051
0.63665
0.80805
0.7002
0.84649
0.54043
0.42241
0.43863
0.65239
0.53066
0.47156
0.76957
0.52365
0.37349
0.75317
0.85382
0.19136
0.556
0.52686
0.25158
0.73509
0.68975
0.42181
0.62159
0.78761
0.91352
0.5821
0.74822
0.62321
0.56923
0.74126
0.41213
0.80148
0.82177
0.51642
0.62334
0.45397
0.49387
0.97132
0.78291
0.84333
0.79492
0.61085
0.65015
0.8696
0.79596
0.93716
0.9096
0.80486
0.76336
0.79698
0.5731
0.75133
0.74016
0.80023
0.91145
0.73947
0.69885
0.70188
0.6881
0.78081
0.81296
0.8754
0.81838
0.5799
0.81865
0.8992
0.5266
0.57251
0.81672
0.70886
0.86432
0.67546
0.81359
0.61219
0.84486
0.44953
0.50569
1.0597
0.64218
1.0191
0.63286
0.78874
0.46039
0.55502
0.55908
0.89829
0.92118
0.98139
0.76894
0.82793
0.82903
0.97157
0.72766
0.72229
0.78422
0.38156
0.64204
0.84339
0.9624
0.76523
0.75504
0.89378
0.58886
0.96498
0.74985
0.78601
0.62389
0.84511
0.67134
0.66398
1.0075
0.88611
0.3558
0.8653
0.58126
0.85156
0.50363
0.87669
0.75745
0.70291
0.70161
0.93883
0.98344
0.78665
0.72769
0.50941
0.57864
0.69083
0.83108
0.30024
0.82186
0.82075
0.57433
1.1089
0.91365
0.65972
1.0064
0.50951
0.76016
0.6517
1.0276
0.86459
0.97364
0.47991
0.90386
0.82872
0.56853
0.82304
0.89042
0.54251
0.81987
0.69737
0.55629
0.73393
0.85491
1.0124
0.77578
0.82168
0.88667
0.96765
0.67953
0.99838
0.71568
0.87195
1.0999
0.64612
0.94
0.81756
1.0841
0.83277
0.81056
0.61078
0.94025
0.55231
0.71768
0.82397
0.80188
0.56545
0.61667
0.83923
0.86146
0.84092
0.73725
0.74232
0.8207
0.72353
0.54715
0.77597
0.93324
0.34474
0.75103
0.8948
0.95541
0.71258
0.68117
0.56806
0.73192
0.70699
1.0166
0.79511
0.73368
0.77791
0.72124
0.62382
0.71271
0.72465
0.65699
0.87653
0.8926
0.60471
0.5824
0.63905
0.49292
0.88431
0.87322
0.69554
0.73296
0.77786
0.53142
0.62971
0.67223
0.616
0.72384
0.83577
0.67714
0.91846
0.61283
0.69397
0.77341
0.55882
1.0217
0.65017
0.80688
0.5689
0.84514
0.66416
1.0442
0.67525
0.77772
0.81238
0.48701
0.83097
0.68367
0.62416
0.7385
0.79674
0.8069
1.0391
0.52433
0.87138
0.47379
0.69188
0.3851
0.64602
0.59251
1.0632
0.7929
0.73242
0.78874
1.1134
0.84724
0.60312
0.88441
0.7487
0.71872
0.5988
0.6598
0.64796
0.69702
0.94779
1.0098
0.52571
0.82308
0.87802
0.3645
0.97935
0.7493
0.72194
0.83701
0.88756
0.7993
0.6088
0.71122
0.77221
0.46758
0.7606
0.78917
0.41974
0.81676
0.74241
0.76438
0.88284
0.68928
0.9566
0.8522
0.64904
0.68119
0.8592
0.97818
0.71016
0.78722
1.0001
0.69997
0.85134
0.87729
0.85814
0.42654
0.74736
0.72508
0.87997
0.51154
0.83901
0.41528
0.76858
0.84624
0.97888
0.95118
0.78655
0.68379
0.66623
0.73046
0.90747
0.69044
0.97377
0.49961
0.73703
0.54596
0.744
0.92519
0.98541
0.6875
0.80594
0.77575
0.52803
1.0532
0.9071
0.86542
0.54151
0.5603
0.93494
0.84646
0.74676
0.52211
0.40659
0.61148
0.44775
0.53319
0.6628
0.68075
0.94334
0.65512
0.7327
0.46115
0.887
1.0113
0.73
0.99421
0.68111
0.61063
0.95805
0.91753
1.0019
0.78681
0.5391
0.66274
0.46896
1.0096
0.73307
0.83262
0.79172
1.02
0.61139
0.50299
0.79292
0.56383
0.77351
0.8347
0.30334
0.87256
0.93635
0.64023
0.76867
0.86713
0.67242
0.55054
0.79479
0.73859
0.82073
0.7628
0.58088
1.0405
0.54983
0.66686
0.57521
0.38067
0.79631
0.82667
0.93449
0.5357
0.96369
0.76263
0.84246
0.90028
0.78135
0.74254
0.56327
0.82382
0.66827
0.5756
0.63109
0.72467
0.89041
0.47233
0.7102
0.92584
0.81701
0.82097
0.73944
0.75494
0.57633
0.75188
0.6432
1.0014
0.68904
0.69786
0.71018
0.69802
1.0309
0.61533
0.57206
0.91878
0.79981
0.65752
0.99804
0.7254
0.9117
0.64426
0.7084
0.67377
0.80495
0.88932
0.68775
0.94015
0.87031
0.45023
0.61184
0.68641
0.40744
0.64339
0.59426
0.94436
0.82687
0.92504
0.56574
0.72853
0.76894
0.60986
0.6842
0.87562
0.5975
0.75608
0.80333
0.4701
0.6435
0.50858
0.57168
0.8899
0.95293
0.77236
0.98129
0.66411
0.4864
0.95996
0.84862
0.91816
0.83271
1.0287
0.5014
0.66069
0.60976
0.74881
0.79802
0.80622
0.59942
0.74428
0.88061
0.76792
1.0328
0.64941
0.92599
0.66757
0.40165
0.66309
0.59534
0.58585
0.80073
0.36674
0.54325
0.49521
0.71366
0.53553
0.68812
0.51073
0.83725
0.46539
0.8602
0.73841
0.60695
0.39545
0.53176
0.81117
0.45573
0.67076
0.72795
0.48473
0.669
0.93282
0.61414
0.69022
0.94184
0.65618
0.90347
0.62512
0.44964
0.62534
0.91173
0.63146
0.54521
0.67329
0.50659
0.75977
0.62419
0.68892
0.78788
0.54155
0.28795
0.21732
0.56358
0.70015
0.74378
0.90415
0.60887
0.92656
0.71357
0.76495
0.59869
0.61313
0.86364
0.69481
0.5126
0.71697
0.77463
0.73094
0.59665
0.9622
0.93271
0.56024
0.62316
0.46689
0.63186
0.52734
0.74466
0.57165
0.82766
0.74686
0.71415
0.72399
0.95795
0.91588
0.55597
0.9772
0.59832
0.30415
0.77407
0.72699
0.79724
0.91723
0.63811
0.66714
0.81487
0.63215
0.41421
0.58151
0.77306
0.76703
0.68411
0.93012
0.88745
0.63551
0.66747
0.72805
0.56731
0.46701
0.40926
0.87233
0.69017
0.85836
0.63014
0.56343
0.6908
0.60694
0.70561
0.44963
0.81099
0.59896
0.74507
0.98038
0.9486
0.72567
0.75787
0.58335
0.66499
0.62745
0.80742
0.43981
0.63654
0.81926
0.72227
0.555
0.65676
0.50207
0.91404
0.68026
0.81138
0.89344
0.66096
0.62467
0.82105
0.59499
0.51864
0.80138
0.54157
0.82773
0.78271
0.58651
0.55425
1.1071
0.6799
0.73794
0.64281
0.61204
0.57362
0.58573
0.97289
0.87564
0.95034
0.83204
0.86492
0.61092
0.81637
0.83952
0.80229
0.7255
0.84385
0.81076
0.99871
0.63271
0.73303
1.0271
0.40057
0.97913
0.63735
0.4436
0.65041
0.706
0.70447
0.95872
0.89028
0.56574
0.75708
0.80531
0.65976
0.74142
0.57316
0.80527
0.61204
0.70712
0.54782
0.63948
0.64571
0.775
0.60728
0.80165
0.74912
0.74132
0.98556
0.81303
0.64884
0.65245
1.0831
0.71033
0.75715
0.90209
0.64472
0.82871
0.78912
0.82812
0.86482
0.91152
0.78087
0.79091
0.75922
1.0113
0.6175
0.90302
0.71906
0.88359
0.80256
1.0425
0.70883
0.90734
0.493
0.79728
0.78662
0.6573
0.68911
0.96195
0.7883
0.52456
0.73142
0.87805
0.92979
0.77291
0.44475
0.79471
0.70165
0.86049
0.65376
0.98014
0.77613
0.739
1.0449
0.42432
0.64023
0.66913
1.0391
0.94747
0.64908
0.49309
0.58116
0.71713
0.42995
0.95023
0.66832
0.83996
0.39197
0.61396
0.83668
0.69366
0.93584
0.91326
0.97643
0.83939
0.8839
0.75686
0.68451
0.44484
0.35831
0.9083
0.63334
0.81623
0.8133
0.90515
0.46077
1.0462
0.96766
0.39472
0.72146
0.83919
0.56784
0.67411
0.3632
0.79
0.74567
0.89712
0.63221
0.86386
0.98152
0.53186
0.62086
0.89226
0.56484
0.5446
0.55
0.71097
0.77008
0.69156
0.84415
0.59393
0.97414
0.97323
0.80545
0.5976
0.67712
0.77477
0.99786
0.88728
0.59406
0.9728
0.56337
0.70944
0.59574
0.81295
0.76832
0.45173
0.60942
0.58397
0.57136
0.69714
0.79643
0.73722
0.64629
0.7248
0.59394
0.6622
0.97401
0.91677
0.74398
0.67629
0.8374
0.79735
0.69641
0.73505
0.73079
0.82196
0.74895
1.0111
0.85112
1.0296
0.82157
0.7174
0.83903
0.92763
0.62309
0.71945
0.82045
0.67456
0.93727
0.76758
0.81524
0.85229
0.33201
0.70004
0.86943
0.55601
0.90968
0.54372
0.94869
0.81799
0.78042
0.53846
0.9141
0.74692
0.4844
0.80959
0.85313
1.0153
0.86546
0.76304
0.60781
0.94895
0.95669
0.75374
0.79923
0.61284
1.0062
0.59252
0.87654
0.60107
0.71967
0.84258
0.79332
0.53645
0.89981
0.94284
0.70096
0.71106
0.4326
0.94901
0.83873
0.82037
0.68031
0.82077
0.64327
0.75876
0.69661
0.67518
0.88333
0.91633
0.85479
0.82543
0.48047
0.85038
0.86863
0.86256
0.76786
0.81374
0.75472
0.36161
0.68017
0.59153
0.64691
0.71585
0.74093
0.77074
0.81751
0.93657
0.94793
0.56274
0.82949
0.65182
0.42127
0.94721
1.0417
0.82382
0.74782
0.4093
0.90662
0.56087
0.82081
0.86082
0.53287
0.86722
0.89237
0.80331
0.5893
0.63284
0.79546
0.73338
0.35264
0.89657
0.87368
0.65753
0.55801
0.75755
0.72264
0.38801
0.80881
0.76963
0.80733
0.38257
0.88652
0.49487
0.7362
0.60775
0.8077
0.68231
0.73952
0.70008
0.77748
0.89583
0.53501
0.78418
0.69145
0.65844
0.70514
0.90521
0.31233
0.25678
0.63886
0.87518
0.78649
0.90304
0.52884
0.65711
1.0915
0.92645
0.62982
0.75838
0.83216
0.69944
0.47023
0.90295
0.78093
0.86555
0.77007
0.51117
0.76787
0.76553
0.74166
0.92989
0.94912
0.71049
0.50531
0.75122
1.0919
0.9101
0.69147
0.85009
0.76837
0.81142
0.86831
0.76574
0.72936
0.83674
0.89365
0.80553
0.82852
0.54762
0.51663
0.89623
0.66001
0.69183
0.5559
0.79116
0.64886
0.65841
0.70416
0.86658
0.71757
0.66086
0.76185
0.9674
0.7875
0.77829
0.66229
0.64377
0.71403
0.85621
0.29006
0.69932
0.41443
1.0158
0.77423
0.70681
0.87192
0.79226
0.56884
0.63375
0.70979
0.85147
0.63428
1.0878
0.44842
0.79997
0.6982
0.74278
0.68632
0.79424
0.77791
0.78146
0.89709
0.82309
0.92564
0.91443
0.61123
0.60246
0.89874
0.69313
0.54364
0.85994
0.7359
0.4698
0.90435
0.86823
0.88131
0.68573
0.74063
0.93844
0.88553
0.84171
0.77163
0.61142
0.64556
0.84465
0.57756
0.79063
0.91771
0.73116
1.0663
0.63866
0.34923
0.63251
1.0328
0.6627
0.90003
0.85361
0.71238
0.76147
0.83691
0.81779
0.68031
0.78706
0.83521
0.88387
0.724
0.71164
0.58838
0.73892
0.82484
0.78517
0.72679
0.53529
0.91612
0.99858
0.45236
0.80246
0.80357
0.74212
0.85186
0.56131
0.93221
0.22865
0.82364
0.88143
0.68008
0.7415
0.51448
0.87852
0.91918
0.98286
0.85685
0.76006
0.75046
0.7125
0.95841
0.558
0.78021
0.60571
0.81795
0.43541
0.89402
0.41973
0.62753
0.84508
0.67947
0.49515
0.90387
0.69929
0.76397
0.65973
0.80882
0.73855
1.1106
0.7132
0.85928
0.61457
0.80932
0.8544
0.76704
0.6759
0.90412
0.5959
0.4525
0.55426
0.7446
0.46464
0.43233
0.58984
0.84771
0.71494
0.5469
0.92984
0.59833
0.72572
0.81047
0.63461
0.78579
0.47811
0.65826
0.5791
0.72718
0.52423
0.73692
0.85674
0.69098
0.63554
0.74203
0.56082
0.52349
0.77767
0.65587
1.0572
0.49921
0.88011
0.85147
0.65277
0.68665
0.6082
0.8673
0.82987
0.60209
0.8106
0.77371
0.86976
0.44285
0.77603
0.82774
0.66819
0.72758
0.79672
0.63809
0.835
0.73554
0.74719
0.49967
0.779
0.8295
0.49231
0.7628
0.84146
0.47266
0.78813
0.56293
0.88692
0.67875
0.83453
0.72521
0.65118
0.74261
0.94162
0.77283
0.6324
0.92908
0.71504
0.70232
0.96552
0.31416
0.63328
0.62089
0.81506
0.86011
0.83077
0.6586
0.9294
0.7421
0.62411
0.85816
0.85118
0.72383
0.94648
0.92475
0.71845
0.83338
0.67386
0.84911
0.83361
0.73945
0.8755
0.93895
0.74106
0.84971
0.89209
0.41808
0.73118
0.79837
0.92264
0.8151
0.73166
0.68666
0.81067
0.81227
0.85792
0.72054
0.81568
0.81401
0.442
0.68944
0.7415
0.72468
0.50982
0.75977
0.63905
0.71719
0.82142
0.93247
0.61282
0.67553
0.68323
0.47349
0.74721
0.63745
0.7169
0.91872
0.77518
0.52361
0.80597
0.61437
0.68394
0.67383
0.79582
0.78495
0.80225
0.75593
0.82804
0.47414
0.50564
0.60523
0.74994
0.49956
0.49118
0.78384
0.59792
0.97391
0.76125
0.81777
0.70975
0.80757
1.0186
0.8028
0.50505
0.55843
1.1115
0.7066
0.64965
0.53144
0.87807
0.82874
0.60371
0.70704
0.61918
0.549
0.40547
0.74844
0.86035
0.79594
0.67911
0.91826
0.92871
0.58205
0.54958
0.83491
0.438
0.97182
0.56183
0.61118
0.8137
0.6411
0.81065
0.3343
0.58346
0.4851
0.64205
0.71665
0.62366
0.84874
0.63815
0.76919
0.57221
0.56652
0.48378
0.86947
0.94296
0.90353
1.0908
0.6149
0.54904
0.62913
0.60219
0.80828
0.39711
0.70301
0.48387
0.67361
0.84677
0.66296
0.88832
0.88789
0.77107
0.62965
0.89431
0.7259
1.0019
0.90434
0.61361
0.75774
0.75515
0.53496
0.89409
0.65482
0.85756
0.44305
0.9336
0.89174
0.72621
0.78428
0.79443
0.58978
0.51385
1.0167
0.71252
0.78169
0.7234
0.7652
0.65053
0.61309
0.80747
0.67454
0.94491
0.62175
0.74879
0.74314
0.71195
0.57462
0.75217
0.54215
0.82955
0.76959
0.69394
0.8422
0.74662
0.3997
0.76474
0.75176
0.89301
0.63657
0.44536
0.76008
0.71759
0.85075
0.7204
0.62054
0.64182
1.0519
0.94881
0.63545
0.73375
0.8197
0.64097
0.73133
0.84645
0.88887
0.80526
0.74156
0.75288
0.76889
0.43202
0.48478
0.62002
0.85747
0.59137
0.72404
0.86901
0.58875
0.78143
0.76578
0.66672
0.65506
0.72844
0.52387
0.56257
0.77855
0.78611
0.91679
0.427
0.71584
0.76807
0.68038
0.80146
0.80533
0.31879
0.94493
0.79787
0.8069
0.66213
0.83962
0.75362
0.35654
0.66077
0.61031
0.72157
0.52657
0.76534
0.83147
0.50092
0.90963
0.87896
0.55289
0.74794
0.75106
0.89053
0.79247
0.89319
0.88365
0.60741
0.61977
0.76337
1.0175
0.66842
0.72387
0.76585
0.58248
0.59071
0.78813
0.66725
0.82666
0.69283
0.67316
0.83604
0.91123
0.72884
0.8123
0.83201
0.70846
0.889
0.69411
0.34048
0.6937
0.71192
0.88344
0.81527
0.96149
0.74394
0.68057
1.0194
0.94102
0.75867
0.74073
0.65473
0.75337
0.96734
0.90722
0.91727
0.63145
0.52898
0.82253
1.0206
0.93128
1.1467
0.83687
0.68193
0.64769
0.70023
0.2926
0.8144
0.92447
0.82809
0.8962
0.79542
0.39223
0.78745
0.86099
0.28959
0.6886
0.9066
0.85566
0.55193
0.53755
0.69917
0.88829
0.75016
0.54572
0.82211
0.56107
1.0014
0.82337
0.92199
1.0337
0.89105
0.67975
0.77179
0.66006
0.59408
0.88002
0.67391
0.6778
0.43736
0.99455
0.74457
0.67269
0.89466
0.84608
0.95841
0.71427
0.66971
0.95898
0.92527
0.63131
0.63911
0.99898
0.49268
0.99605
0.79406
0.88022
1.064
0.89045
0.78225
0.95435
1.0209
0.49552
0.8537
0.93092
0.78864
0.83901
0.74675
0.68777
0.68243
0.861
0.90379
0.95434
0.55221
0.73145
0.72106
0.61416
0.6726
0.84508
0.73902
0.74031
0.78951
0.58947
0.47783
0.59139
0.76549
0.789
0.82634
0.71425
0.28427
0.98539
0.688
0.71409
0.72053
0.61617
0.85097
0.85979
0.88681
0.63203
0.87486
0.93541
0.80954
0.98786
0.79267
0.85551
0.7005
0.79078
0.82501
0.82874
0.51728
0.88274
0.75036
0.67704
0.67101
0.7925
0.85572
0.74037
0.81183
0.74733
0.49486
0.78781
0.67347
0.86287
0.88386
0.65067
0.62191
0.84732
0.43673
0.41961
0.71338
0.88341
0.82003
0.88468
0.77219
0.64587
0.95927
0.50251
0.86402
0.76709
0.65784
0.81843
0.58326
0.65451
0.46254
0.65386
0.84223
0.26917
0.59798
0.65995
0.6576
0.64737
0.90039
0.81312
0.51649
0.90976
0.53684
0.90667
0.68896
0.93566
0.78285
0.81121
0.83184
0.73751
0.91209
0.80199
0.7216
0.66791
0.62258
0.89181
0.53605
0.66822
0.54521
0.64302
0.7231
0.53027
0.62659
0.8729
0.9601
0.84787
0.35373
0.89158
0.53477
0.88779
0.72068
0.74227
0.67621
0.79551
0.6563
0.74652
0.96565
0.67459
0.6893
0.70626
0.60519
0.97364
0.87785
0.6273
0.74876
0.61453
0.77846
0.83852
0.92839
0.75765
0.95824
0.84056
0.77779
0.74313
0.96285
0.81033
0.60007
0.85044
0.72582
0.82699
0.83191
0.69885
0.6824
0.78614
0.69271
0.9251
0.86821
0.76982
0.61054
0.47167
0.96795
0.88534
0.71261
1.0057
0.80851
0.65766
0.86127
0.70763
0.61716
0.87298
0.26316
0.56198
0.81992
0.62496
0.77111
0.68434
0.75798
0.47088
0.48147
0.8644
0.64811
0.67166
0.76758
0.36578
0.81345
0.90635
0.47331
0.96832
0.85185
0.41944
0.70961
0.4977
0.90017
0.86091
0.89765
0.47722
0.77717
0.9085
0.46003
0.81631
0.64881
0.96598
0.7675
0.52611
0.76208
0.73075
0.99554
0.62094
0.78992
0.78593
0.73332
0.76696
0.79504
0.64768
0.48892
0.83771
0.94209
0.57513
0.8807
0.64996
0.7894
0.96438
0.41712
0.59106
0.85043
0.89861
0.82485
0.56688
0.7959
0.7287
0.70441
0.84441
0.7181
0.53542
0.80799
0.41498
0.65261
0.76298
0.32407
0.70415
0.68139
0.79969
0.81699
0.73165
0.58481
0.65063
0.7282
0.74348
0.43695
0.61588
0.70886
0.81738
0.66342
0.48229
0.7503
0.86775
0.81999
0.79927
0.60569
0.85456
0.85449
0.60636
0.66545
0.40168
0.49126
0.85486
0.97444
0.7406
0.59006
0.73108
0.84883
0.98473
0.63762
0.77741
0.81373
0.77242
0.60341
0.93407
0.52461
0.56899
0.59658
0.71639
0.9575
0.88427
0.5953
0.99313
0.51168
0.74399
0.95119
0.67205
0.59442
0.48629
0.6002
0.77416
0.66031
0.60011
0.54748
0.71642
0.60124
0.97641
0.87553
0.76134
0.91838
0.83634
0.85184
0.91646
0.77586
0.84733
0.70591
0.9644
0.90767
0.61151
0.6016
0.85393
0.56844
0.69895
0.66763
0.75623
0.8835
0.72837
0.7693
0.92358
0.76307
0.77361
0.72967
0.80435
0.79904
0.75997
0.95933
0.80436
0.5076
0.73245
0.71527
0.82943
0.82305
0.61958
0.47018
0.79754
0.59171
0.83144
0.6888
0.77779
0.81155
0.69002
0.75902
0.85391
0.69059
0.69383
0.7687
1.012
0.84208
0.75177
0.8104
0.79897
0.86847
0.94287
0.70679
0.7184
0.53701
0.59666
0.54596
0.85678
0.76797
0.81797
0.8395
0.70249
0.7754
0.78244
0.61791
1.0696
0.79099
0.85532
0.48348
0.72792
0.87132
0.5528
0.61328
0.49133
0.99952
0.58996
0.86622
0.99205
0.93267
0.68287
0.78366
0.77541
0.90068
0.76555
0.76052
0.98289
0.83027
0.843
0.59037
1.0281
0.62344
0.40251
0.5124
0.94502
0.80848
0.79294
0.84056
0.82207
0.49388
0.8557
0.88278
0.94758
0.5751
0.55049
0.64485
0.77423
0.58737
0.76388
0.65845
0.72013
0.49993
0.37011
0.7893
0.87405
0.92599
1.0621
0.56978
0.68013
0.77346
0.54446
0.79119
0.91181
0.62702
0.65893
0.83166
0.80683
0.6243
0.67759
0.36233
0.85773
0.81331
0.51885
0.78389
0.91407
0.84025
0.84782
0.93265
0.38025
0.63492
0.70901
0.59613
1.0814
0.78474
0.88927
0.73023
0.75164
1.0409
0.91354
0.63152
0.71762
0.64667
0.63734
0.78698
0.83839
0.69493
0.86531
0.58799
0.55582
0.90801
0.84257
0.89371
0.71599
0.89624
1.0627
0.86377
0.81474
0.71468
0.52953
0.72258
1.0995
0.8905
0.68041
0.27365
0.8064
0.60725
0.62922
0.88455
0.54462
0.78119
0.80027
0.47725
0.55048
0.79768
0.63089
0.81499
1.019
0.7508
0.84888
0.76203
0.828
0.87137
1.1331
1.0326
0.59345
0.62933
0.59697
0.5265
0.99154
0.66101
0.76159
0.51834
0.74368
0.64642
1.0014
0.95459
0.91043
0.54272
0.932
0.59927
0.84302
0.87034
0.91022
0.56224
0.57868
0.56986
1.0988
0.9876
0.78211
0.71078
0.40299
0.86707
0.68273
0.78234
0.69296
0.74469
0.58305
0.41303
0.67267
0.82939
0.676
0.51348
0.77118
0.85927
0.59733
0.70267
0.7724
0.89577
0.84697
0.66744
0.65546
0.60633
0.69274
0.86102
0.82667
0.79532
0.76423
0.83264
0.67664
0.2804
1.0463
0.95966
0.83439
0.76015
0.79636
0.50551
0.68855
0.64804
0.8029
0.92863
0.83502
0.96639
0.43343
0.80651
0.64883
0.87697
0.89123
0.69145
0.63034
0.76297
0.6144
0.87848
0.89632
0.82687
1.1059
0.84073
0.84764
0.91977
0.74881
0.81673
0.44356
0.83296
0.77594
0.64216
0.56636
0.67172
0.67167
0.55971
0.65913
0.59164
0.94783
0.55004
0.73314
0.58461
0.72693
0.63555
0.81817
0.7586
0.65049
0.76617
0.81261
0.52333
0.86172
0.64282
0.90336
0.68644
0.44589
0.89791
0.96218
0.67276
0.9042
0.93836
0.75542
0.7758
0.65311
0.87625
0.82215
0.94159
0.76563
0.55892
0.89996
0.70869
0.64073
0.70221
0.78831
0.81366
0.84907
0.86959
0.75487
0.89636
0.80136
0.91954
1.0017
0.82695
0.90351
0.7219
0.82966
0.54106
0.57401
0.94657
0.54681
0.83575
0.77426
0.94026
0.72211
0.54469
0.81259
0.72705
0.76084
0.7262
0.53734
0.71615
0.51683
0.80696
0.95361
0.80762
0.56273
0.58733
0.76507
0.82511
0.86257
0.57027
0.76608
0.72019
0.82509
0.73071
0.27519
0.44666
0.79545
0.72842
0.49761
0.4618
0.8636
0.71335
0.76566
0.82548
0.75499
1.1217
0.89955
0.71452
0.33432
0.67615
0.73954
0.72715
0.78274
0.85972
0.86354
0.69859
0.70411
0.63065
0.62603
0.82852
0.7951
0.78991
0.68799
0.90904
0.95527
0.70654
0.94083
0.86196
0.96424
0.69861
0.83695
0.845
0.75003
0.68199
0.75491
0.74409
0.77797
0.91422
0.79613
0.63414
0.83369
0.69732
0.87324
0.86297
0.65748
0.69674
0.82174
0.68821
0.964
0.95591
0.93224
0.91201
0.65261
0.40213
0.5674
0.55981
0.56804
0.77283
0.67025
0.74063
0.64344
0.61425
1.0345
1.1037
0.84189
0.81943
0.76786
0.78047
0.74762
0.67209
0.73853
0.63505
0.77656
0.78029
1.0277
0.70194
0.62745
0.89851
0.59582
0.47891
0.86451
0.63983
0.81252
0.80817
0.8088
1.0567
0.77429
0.8708
0.28214
0.90145
0.77723
0.69429
0.71098
0.63883
0.85019
0.75001
1.0065
0.74521
0.81545
0.94952
0.80606
0.7799
0.9292
0.62808
0.86008
0.74662
0.97435
0.56856
0.82038
0.67491
0.6305
0.49181
0.91984
0.72456
0.59926
0.56714
0.7373
0.50256
0.61138
0.85072
0.89033
0.77271
0.89806
0.74568
0.78458
0.63094
0.65258
0.51207
0.66244
0.74645
0.66228
0.81447
0.95919
1.143
0.9671
0.6192
0.87689
0.65694
0.74797
0.51524
0.51053
0.78754
1.0197
0.54001
0.84398
0.74651
0.87778
0.97762
0.55935
0.94135
0.85323
0.65954
0.78348
0.61166
0.95236
0.63657
0.75188
0.38745
0.53336
0.58391
0.8436
1.0321
0.95257
0.58235
0.82348
0.86565
0.6239
0.6233
0.84213
0.72102
0.46853
1.0086
0.78573
0.74358
0.89671
0.70791
0.79391
0.65144
0.76769
0.8008
0.68389
0.90158
0.77145
0.89565
0.62324
0.96374
0.92487
0.80939
0.66937
0.65288
0.93569
0.83516
0.6657
0.57534
0.8454
0.86885
0.59
0.79453
0.43149
0.62694
0.67986
0.95015
0.70134
0.72335
0.69633
0.72774
0.74717
0.81774
0.93508
0.25769
0.39003
0.62238
0.67119
0.97705
0.99542
0.5725
0.83723
0.45478
0.79963
0.61295
0.58584
0.85714
0.8867
0.97131
0.76603
0.71825
0.71796
1.0258
0.74118
0.89363
0.59449
0.76845
0.48788
0.94801
0.8181
0.74197
0.92794
0.89407
0.71518
0.58673
0.57785
0.76686
0.89225
0.78
0.607
0.77707
0.55146
0.76884
0.74932
0.87247
0.93916
0.41852
0.8359
0.39847
0.88518
0.58145
0.69407
0.61391
0.75535
0.66574
0.99181
0.75842
0.67418
0.88134
0.62205
0.80477
0.5699
0.74716
0.68351
0.75975
0.49487
0.84981
0.91388
0.70442
0.68685
0.93427
0.90514
0.58934
0.71526
0.70292
0.76473
0.77644
0.72993
0.52475
0.9406
0.91381
0.79562
0.70932
0.56086
0.91411
0.8845
0.56745
0.67238
0.66144
0.63631
0.53104
0.87251
0.77058
0.99707
0.8386
0.77072
0.32861
1.034
0.63146
0.60199
0.69343
0.80379
0.56795
0.75645
0.79703
0.88801
1.0551
0.87543
0.51516
0.76206
0.75148
0.54225
0.62193
0.77624
0.49938
0.47009
0.80184
0.96188
0.99803
0.73955
0.86862
0.85322
0.79835
0.80322
0.73785
0.82226
0.62153
0.754
0.65357
0.7283
0.61374
0.62601
0.84684
0.86405
0.9474
0.7814
0.85678
0.84848
0.84218
0.78032
0.50089
0.42133
0.60863
0.87274
0.69014
0.94483
0.24918
0.94908
0.70941
0.84765
0.92264
0.8626
0.78373
0.79424
0.78743
0.85821
0.90094
0.76134
0.8813
0.7653
0.76783
0.45106
0.3973
0.7949
0.94691
0.80448
0.66516
0.68513
0.74448
0.78553
0.3606
0.65769
0.79399
0.7377
0.81367
0.8135
0.67827
0.3936
0.75966
0.69663
0.52394
0.83764
0.75528
0.62766
0.66697
0.60005
0.65969
0.9001
1.0816
0.8798
0.64414
0.59116
0.92323
0.66333
0.9011
0.78694
0.66008
0.77387
0.68821
0.97008
0.74188
0.92052
0.77842
0.93293
0.67553
0.68758
0.77069
0.90544
0.34237
1.0133
0.72849
0.71762
0.91809
0.59505
0.4768
0.71458
0.69422
0.75309
0.74559
0.8725
0.75405
0.81321
0.79114
0.82059
0.71847
1.0085
0.75433
1.0156
0.71435
0.75193
0.79115
0.86783
0.69557
0.57424
0.70207
0.63125
0.7627
1.0191
0.73048
0.89946
0.67414
0.5477
0.71322
0.80412
0.74064
1.0328
0.83909
0.63661
0.81955
0.94557
0.90489
0.71108
0.43189
0.75033
0.91283
0.93703
0.68644
0.76284
0.6488
0.79089
0.76342
0.70005
0.48138
0.65225
1.0242
0.70511
0.66707
0.70717
0.49313
0.75608
0.86361
0.84245
0.82922
0.63155
0.79151
0.81867
0.87994
0.84975
0.69939
0.6765
0.58877
0.65469
0.47531
0.61293
0.78999
0.76919
0.6455
0.5951
0.73018
0.45912
0.82228
0.79036
0.69536
0.65994
0.64302
0.64236
0.63818
0.76394
0.69997
0.55066
0.6342
0.57566
0.63912
0.57293
0.84033
0.90267
0.68916
0.38767
0.83387
0.6288
0.7904
0.70704
0.53219
0.92264
0.73692
0.83021
0.69162
0.8547
0.6817
0.87416
0.61176
0.58837
0.62152
0.43966
0.89236
0.68169
1.0143
0.53112
0.45418
0.82716
0.82403
0.93466
0.65144
0.86595
0.67893
0.65169
0.71978
0.74505
0.78529
0.52908
0.70407
0.81889
0.76974
0.52617
0.85235
0.64151
0.73397
0.39483
0.69235
0.61342
0.75489
0.99722
0.79283
0.85056
0.82636
0.58456
0.53451
0.48035
0.95109
0.66804
0.91698
0.82544
0.62273
0.68968
0.47095
0.88426
0.75643
0.91402
0.54317
0.72816
0.83147
0.63062
0.83603
0.87851
0.58399
0.86975
0.86592
0.47552
0.47129
0.97358
0.67398
0.65748
0.7623
0.93584
0.58319
0.62003
0.90912
0.68938
0.59676
0.78191
0.98957
0.74624
0.77952
0.8348
0.79401
0.42302
0.68857
0.69498
0.88648
0.69126
0.87987
0.94361
0.84825
0.53419
0.84974
0.70836
0.88043
0.75787
0.79567
0.74333
0.84972
0.7277
0.6673
0.68869
0.95583
0.69006
0.81459
0.67826
0.53814
0.84154
0.95255
0.75542
0.6957
0.94176
0.795
0.68622
0.77269
0.5165
0.44373
1.1119
1.0037
0.66165
0.67837
0.7964
0.71207
0.81031
0.74122
0.87764
0.90645
0.82564
0.87785
0.68667
0.90205
0.89822
0.86348
0.7747
0.83128
0.99289
0.85007
0.2683
0.65962
0.73328
0.71074
0.82073
0.80218
0.84702
0.94182
1.006
0.8934
0.75994
0.69914
0.85645
0.91247
0.60869
0.85338
0.70279
0.57848
0.62285
0.96315
0.79797
0.5239
0.87176
0.86801
0.93314
0.9654
0.56873
0.8512
0.34971
0.52648
0.67042
0.69432
0.89933
0.85213
0.75119
0.83005
0.9613
0.69934
0.89422
0.83052
0.84597
0.65896
0.72611
0.98168
0.73781
0.66438
0.71307
0.55319
0.49137
0.96657
0.60313
0.63046
0.80036
0.9771
0.72428
0.91545
0.53564
1.0157
0.9498
0.75829
0.93762
0.44726
0.65186
0.7003
0.79808
0.7691
0.97947
0.59889
0.66997
0.73685
0.75464
0.72724
0.942
0.74019
0.68014
0.8641
0.83581
0.89518
0.50313
0.80821
0.77922
0.71335
0.64124
0.62809
0.65009
0.82203
0.50474
0.59772
0.76318
0.98976
0.64416
1.0772
0.88256
0.80523
0.83741
0.93282
0.58632
0.55391
0.86225
0.88932
0.90488
0.61175
0.68848
0.6107
0.46758
0.66238
0.96947
0.86897
0.78938
0.81132
0.47546
0.65148
0.70116
0.87093
0.99884
0.61317
0.57243
0.80315
0.94598
0.77708
0.55802
0.50742
0.72251
0.88993
0.68948
0.72289
0.77344
0.93256
0.94238
0.77643
0.96113
0.73483
0.55852
0.94138
0.65714
0.97647
0.59567
0.62992
0.63895
0.76011
0.71261
0.57413
0.90703
0.65093
0.92237
1.0331
1.0691
0.77686
0.53596
0.95957
0.64691
0.97136
0.61314
0.83086
0.86181
0.42019
0.70346
0.792
1.004
0.65731
0.9343
0.82918
0.45775
0.64308
0.75627
0.63503
0.68194
0.64617
0.67559
0.68839
0.90417
0.58739
0.79625
0.93532
0.78296
0.70144
0.72958
0.53222
0.55292
0.69552
0.72302
0.73344
0.71819
0.82711
0.74663
0.82786
0.69619
0.63947
0.70909
0.87896
0.61222
0.90529
0.7505
0.81604
0.63318
0.70773
0.9756
0.85644
0.76938
0.72957
0.56404
0.69642
0.77574
0.69663
0.94473
0.48055
0.83743
1.0305
0.95751
0.6289
1.0088
0.65014
0.94603
0.80429
0.83944
0.42554
0.82946
0.81479
0.69833
0.73846
0.75906
0.55534
0.90562
0.78333
0.84421
0.71089
0.90276
0.80346
0.47744
0.47737
0.53865
0.6453
0.76035
0.74671
0.87954
1.0068
0.59983
0.58629
0.44965
1.0191
0.73177
0.7868
0.86064
0.71117
0.88914
1.1572
0.95455
0.72242
0.72381
0.64174
0.39612
0.68881
0.48134
0.72172
0.53082
0.90336
0.57093
0.67398
0.93715
0.36356
0.91702
0.75695
0.59756
0.50749
0.78353
0.7514
0.69345
0.31944
0.70277
0.58922
0.8514
0.71472
0.69005
1.1009
0.56125
0.80871
0.65414
0.83787
0.70844
0.62984
0.45343
0.62821
0.33866
0.86656
0.68783
0.88444
0.73685
0.95978
0.7865
0.84033
0.53273
0.82085
0.55502
0.80799
0.81604
0.57163
0.71064
0.91533
0.73694
0.85862
0.69137
0.48184
0.93573
0.7933
1.0098
0.56829
0.36495
0.69762
0.84491
0.54616
0.61706
0.64719
0.89183
0.66756
0.66503
0.62602
0.42717
0.86837
0.50673
0.4153
0.85161
0.63175
0.68964
0.82388
0.98206
0.87126
0.7137
0.66885
0.90411
0.77225
0.80959
0.86077
0.46293
0.69062
0.92621
0.55364
0.77241
0.77898
0.85156
0.35705
0.84784
0.38244
0.81109
0.75019
0.62762
0.75674
0.65598
0.66693
0.6798
0.91273
0.64716
0.8143
0.61155
0.7782
0.65602
0.87637
0.72696
0.88244
0.92631
0.7338
1.1362
0.75362
0.69766
0.98248
0.63377
0.89376
0.90176
0.69709
0.86311
0.80069
0.73471
0.8915
0.65858
0.69992
0.91838
0.44951
0.68947
0.63897
0.85822
0.58896
0.43316
0.81975
0.801
0.50465
0.62505
0.87175
0.90243
0.72418
0.65692
0.68812
0.91389
0.84729
0.61613
0.72635
0.83927
0.77716
0.68616
0.57355
0.53729
0.92702
0.75005
0.8294
0.89973
0.46358
0.79215
0.68444
0.40491
0.88275
0.84838
0.53526
0.60781
0.83507
0.41047
0.98049
0.47817
0.90647
0.7689
0.83968
0.92252
0.64864
0.74769
0.49985
1.0301
0.55543
0.86406
0.4883
0.90933
0.6812
0.47399
0.86207
0.66156
0.77261
0.9113
0.64834
0.78779
0.53754
0.82616
0.81273
0.86041
0.5734
0.76789
0.93184
0.59453
0.59502
0.91285
0.5964
1.0469
0.80179
0.7764
0.77582
0.41288
0.66982
0.60403
0.41268
0.62746
0.96481
0.71141
0.78386
0.80871
0.97332
0.92601
0.79244
0.92919
0.63982
0.83492
0.66384
0.59983
0.69635
0.86366
0.54114
0.73429
0.66851
0.63935
0.69946
0.90353
0.68113
0.84182
0.69214
0.96607
0.68685
0.76964
1.0785
1.1146
0.76901
0.91771
0.63321
0.56489
0.67492
0.80841
0.70904
0.35531
0.74617
0.91127
0.73903
0.70647
0.84417
0.75959
0.91382
0.58747
0.69947
0.62321
0.82458
0.861
0.70486
0.93899
0.81555
0.41212
0.89066
0.89777
0.79064
0.67602
0.57828
0.69042
1.0353
0.62708
0.91786
0.76409
0.63482
0.77911
0.53818
0.66401
0.61069
0.63009
0.84206
0.76354
0.6758
0.83481
0.69959
0.27694
0.70871
0.90045
0.84584
0.84056
0.97779
0.7135
0.73899
0.56467
0.60485
0.66726
0.66523
0.82289
0.34608
0.76358
0.82916
0.92413
0.82061
0.46363
0.78322
0.59977
0.82667
0.8214
0.72554
0.81368
0.73568
0.4361
0.70079
1.0127
0.56421
0.68747
0.91525
0.6325
0.60758
0.78726
0.75238
1.0606
0.38842
0.87149
0.785
0.43758
0.66183
0.84928
0.65107
0.70413
0.90359
0.71886
0.65688
0.83678
0.71413
0.804
0.84244
0.61289
0.67856
0.81462
0.75615
0.7358
0.78077
0.87265
0.96994
0.75446
0.69806
0.6522
0.99831
0.81525
0.41862
0.64135
0.83349
0.65754
0.59063
0.5938
0.82917
0.97031
0.92396
0.7633
0.56912
0.79929
0.71359
0.50849
0.81494
0.62714
0.7889
0.8557
0.56834
0.71368
0.81554
0.59814
0.93555
0.83946
0.8061
0.95465
0.89996
0.78146
0.62883
0.65014
0.86553
0.77185
0.64816
0.46831
0.97369
0.88684
0.81034
0.9423
0.76039
0.55291
0.67674
0.97206
0.60326
0.82915
0.58941
0.82158
0.63332
0.59604
0.84949
0.8426
0.3751
0.47676
0.689
0.65173
0.66803
0.77446
0.96886
0.81241
0.71642
0.5693
0.85861
0.79433
0.94958
0.97137
0.84612
0.75444
0.85202
0.73326
0.57547
0.61366
0.57618
0.97693
0.91908
0.46578
0.47519
0.57738
0.52002
0.79506
0.89289
0.88853
0.93841
0.89885
0.80568
0.65513
0.51536
0.66664
0.70143
0.83191
0.71541
0.85867
0.76494
0.73279
0.50461
0.95952
0.56034
0.70669
0.82749
0.87709
0.80104
0.60239
1.0353
0.67607
0.53018
0.86408
0.32921
0.64794
0.97399
0.6208
0.87422
1.0454
0.42214
0.73756
0.81516
0.65254
0.73688
0.90752
0.69043
0.69105
0.62023
0.65195
0.83675
0.87239
0.6189
0.6173
0.80868
0.82335
0.8509
0.68506
1.0756
0.61809
0.94901
0.86273
0.59884
0.70567
0.76616
0.78035
0.76199
0.41533
0.67622
0.90008
0.70049
0.87734
0.58612
0.75565
0.76734
0.97204
0.80898
0.99199
0.67492
0.78523
0.88824
0.77491
0.73143
0.86601
0.4641
0.90591
0.67967
0.67693
0.87607
0.82437
0.66277
0.56547
0.59692
0.64228
0.55759
0.69612
0.69019
0.77743
0.59967
0.81426
0.63642
0.77597
0.71569
0.86699
0.70266
0.7072
0.87397
0.66098
0.59812
0.65829
0.82099
0.58708
0.60388
0.70572
0.74104
0.7752
0.59153
0.83178
0.83859
0.79009
0.60048
0.97195
0.55661
0.60786
0.68066
0.79829
0.57068
0.6085
0.80817
0.69944
0.75121
0.55105
0.82754
0.79282
0.44439
0.77233
0.83563
0.49893
0.52468
0.97648
0.78784
0.90956
0.57271
0.58582
0.51523
0.96669
0.72378
0.63051
0.33211
0.82837
0.93393
0.89996
0.38726
0.82723
0.70057
0.82225
0.88473
0.51774
0.76295
0.59167
0.83352
0.77654
0.79096
0.98571
1.0588
0.75628
0.58346
0.66762
0.93938
0.79054
0.62865
0.70435
0.81731
0.68264
0.88132
0.59755
0.707
0.92219
0.54924
0.53756
0.56061
1.0041
0.45287
0.78412
0.58065
0.37925
0.71149
0.59497
0.67497
0.80983
0.67774
0.37172
0.82017
0.79619
0.51113
0.64166
0.64525
0.7349
0.62177
0.81287
0.93851
0.78782
0.73218
0.88437
0.69737
0.68299
0.72719
0.42636
0.80945
0.79539
0.6142
0.84297
0.55867
0.66827
0.88324
1.0462
0.89556
0.80157
0.76146
0.81015
0.90876
0.95635
0.69033
0.6787
0.81277
0.48391
1.0128
0.86514
0.76678
0.95036
0.52469
0.65041
0.94712
0.7255
0.9365
0.54674
0.63239
0.75839
0.88254
0.70729
0.46491
0.49123
0.41765
0.85562
0.64961
0.97855
0.75597
1.0817
0.69836
0.86494
0.70745
0.24796
0.54003
0.66749
0.7793
0.52478
0.9084
0.70752
0.80209
0.72513
0.65521
0.7883
0.74633
0.73762
0.82078
0.88273
1.0257
0.51921
0.83903
0.66655
0.82109
0.4322
0.89707
0.80342
0.51131
0.8414
0.6044
0.60704
0.77236
0.89631
0.81306
0.81694
0.70682
0.95397
0.64481
0.62742
0.65886
0.66956
0.71825
0.75732
0.88665
0.86177
0.63335
0.916
0.97599
0.85785
0.75246
0.80657
0.66359
0.84291
0.74941
0.69806
0.52267
0.93197
0.53113
0.62283
0.86994
0.61175
0.70315
0.6644
0.64917
0.84822
0.76338
0.72527
0.70651
0.92092
0.59041
0.575
0.61423
0.5839
1.0708
0.61507
0.82534
0.76103
0.58271
0.58665
0.70787
0.38309
0.51781
0.52042
0.92891
0.95248
0.95048
0.39675
0.61193
0.60304
0.83077
0.65294
0.6272
0.86776
0.99443
0.4739
1.0191
0.88084
0.66657
0.88454
0.72914
0.68018
0.47375
0.77076
0.76899
0.57093
0.92744
0.64705
0.85667
0.76806
0.85204
0.47104
0.88048
0.62329
0.9194
0.76459
0.61491
0.8098
0.83155
0.85507
0.84497
0.63598
0.90168
0.77908
1.0322
0.67918
0.87374
0.99114
0.4447
0.61225
0.74887
0.7399
0.54222
0.68392
0.89716
0.99091
1.0281
0.77196
0.74496
0.83717
0.79209
0.64359
0.79282
0.71675
0.55522
0.85817
0.88633
0.83199
0.77036
0.45825
0.83996
0.84114
0.81891
1.001
0.646
0.76624
0.94191
0.87496
1.036
0.62779
0.87697
0.61705
0.66895
0.57346
0.62231
0.76895
0.5672
0.19204
0.62406
0.67097
0.68229
0.80204
0.67795
0.50891
0.64195
0.82772
0.79628
0.53138
0.78599
0.50641
0.65355
0.76724
0.68871
0.75469
0.75564
0.98028
0.43142
0.90861
0.87015
0.60876
0.68649
0.82167
0.65856
0.92315
0.85226
0.76439
0.90255
0.63016
0.5853
0.73646
0.65828
0.80295
0.30146
0.54346
0.75231
0.87306
0.80867
0.91868
0.62493
0.52409
0.68129
0.8285
0.93526
0.79414
0.75613
0.63419
0.69108
0.83137
0.63839
0.81854
0.86264
0.71044
0.71322
0.65745
0.836
0.94783
0.84887
0.79005
0.64825
0.56732
1.0215
0.79775
0.83391
0.69694
0.85678
0.70792
0.54448
0.57223
0.93772
0.80076
0.81072
0.78845
0.81545
0.66896
0.60233
0.83785
0.76874
0.75189
0.68678
0.87373
0.77808
0.62799
0.77388
0.87077
0.76084
0.83828
0.57244
0.89794
0.60505
0.83979
0.7132
0.92838
0.70113
0.93532
0.91803
0.55294
0.55677
0.74501
0.46342
0.76701
0.60418
0.57952
0.83274
0.77124
0.74
0.47215
0.73378
0.76201
0.92437
0.80944
0.64402
0.50149
0.79961
0.52894
0.84602
0.75933
0.44432
0.71167
0.5888
0.57082
0.8812
0.6826
1.0013
0.53981
0.55797
0.59534
0.7672
0.48781
0.88596
0.78954
0.97608
0.90382
0.83339
0.83204
0.6603
0.91875
0.70685
0.61568
0.71341
0.71732
0.73294
0.72079
0.85406
0.8693
0.71796
0.4889
0.47295
0.80287
0.61299
0.88912
0.52257
0.9919
0.76367
0.91756
0.68706
0.5766
0.63584
0.86617
0.93662
0.66747
0.71285
0.7558
0.6688
0.91645
0.57711
0.96612
0.55734
0.97599
0.71435
0.7053
0.66169
0.80216
0.73475
0.72159
0.54659
0.91037
0.64061
0.66239
0.97171
0.95281
0.58069
0.79934
0.71392
0.72439
0.55514
0.744
0.54472
0.88934
0.80158
0.61941
0.67675
0.70583
0.65501
0.75738
0.98125
0.85488
0.86533
0.76614
0.80182
0.67272
0.75503
0.55598
0.61641
0.80587
0.89352
0.5196
0.89859
0.47592
0.51202
0.71543
0.73937
0.66958
0.81914
0.82597
0.53685
0.90564
0.72703
0.85151
0.55686
0.69476
0.86289
0.62226
0.54715
0.66244
0.88978
0.69391
0.96425
0.74954
0.65359
0.64629
0.67953
0.8786
0.91726
0.73053
0.90645
0.76862
0.76103
0.7334
0.87745
0.7296
0.50968
0.52591
0.95189
0.64133
0.68655
0.93295
1.0161
0.87611
0.74025
0.35018
0.34788
0.91827
0.83076
0.48382
0.61358
0.80867
0.23054
0.48689
0.76533
0.71103
0.52555
0.6458
0.50745
0.95167
0.85998
0.76292
0.65335
0.61453
0.42893
0.69298
0.51001
0.84546
0.6581
0.58406
0.96979
0.72756
0.93428
0.49375
0.92508
0.79199
0.90758
0.75965
0.5328
0.68603
0.78955
0.77846
0.94697
0.87961
0.88195
0.98794
0.57415
0.67651
0.74182
0.88182
0.72007
0.87969
0.77316
0.73064
0.65272
0.8042
0.68441
0.77764
0.68554
0.63073
0.63989
0.98091
0.66117
0.71807
0.55755
0.80685
0.6184
0.92162
0.67281
0.55845
0.95687
0.84219
0.58607
0.97615
1.1112
0.73516
0.49087
0.66356
0.68028
0.67982
0.91506
0.72529
0.57907
0.5356
0.79974
0.71417
0.7842
0.75856
0.65382
0.84601
0.62534
0.55305
0.86787
0.73013
0.90227
0.76845
0.71047
0.58623
0.61044
0.6656
0.61225
0.94624
0.80898
0.68807
0.85306
0.80995
0.70302
0.92452
0.84685
0.86514
0.76904
0.93222
0.80995
0.83748
0.85329
0.50345
0.81514
0.6523
0.81572
0.57335
0.69754
0.43079
0.84998
0.69663
0.82178
0.70683
0.95945
0.79565
0.81094
0.83732
0.71524
0.60647
0.69986
0.69632
0.53786
0.65935
0.78547
1.0185
0.68934
0.63928
0.64809
0.73279
0.76692
0.64493
0.74918
0.64642
0.95102
0.6315
0.83836
0.72321
0.86249
0.7825
0.5852
0.64949
0.53934
0.57937
0.78089
0.4626
0.73508
0.76428
0.9513
0.70051
0.42245
0.82688
0.79643
0.75928
0.7709
0.8056
0.73904
0.53276
0.77458
0.79328
0.83089
0.70447
0.96342
0.64297
0.77426
0.4974
0.64286
0.60906
0.88196
0.65631
0.84578
0.67587
0.59316
0.88709
0.6093
0.81223
0.68822
0.51803
0.67972
0.72907
0.982
0.74936
0.85287
0.73252
0.81128
0.51014
0.54672
1.0884
0.87169
0.68566
0.41949
0.84237
0.83428
0.82718
0.73504
0.70737
0.58725
0.54807
0.46507
0.81288
0.79746
0.69948
0.81963
0.71937
0.67422
0.73159
0.738
0.96974
0.66125
0.83809
0.63757
0.78834
0.72766
0.51384
0.67363
0.29404
0.32542
0.50405
0.93737
0.74316
0.93303
0.84948
0.91527
0.82196
0.76447
0.64695
0.45095
0.71713
0.50847
0.67067
0.79114
0.74741
0.66095
0.738
0.77501
0.72923
0.6039
0.82786
0.46478
0.78104
0.76741
0.82147
0.86466
0.84362
0.90797
0.76879
0.76696
0.64535
0.8703
0.94433
0.7945
0.54835
0.71115
0.92649
0.70118
0.63117
0.75085
0.64294
0.64375
0.40611
0.95671
0.91305
0.90782
0.70979
0.70928
0.80197
0.63447
1.0239
0.65746
0.59932
0.38519
0.84333
0.77906
0.71629
0.58764
0.68567
0.42697
0.96462
0.6057
0.83117
0.54581
0.60076
0.74187
0.76539
0.77939
0.81942
0.80172
0.81813
0.53754
0.79252
0.78858
0.77878
0.82488
0.71774
0.52176
0.77557
0.43842
0.99527
0.57927
0.73915
0.71422
0.7896
0.6981
0.70834
0.89195
0.65679
0.561
0.7966
0.81549
0.47978
0.53892
0.52615
0.52436
0.96934
0.61185
0.46073
0.79459
0.51292
0.88254
0.70286
0.99239
0.82774
0.73736
0.5349
0.56544
0.93435
0.71857
0.96319
0.40581
0.48855
0.70964
0.7913
0.64541
0.70093
0.79735
0.76586
0.70378
0.44262
0.82608
0.95563
0.66999
0.50224
0.56014
0.79419
0.48579
0.7469
0.76228
0.88309
0.95913
0.71641
0.99987
1.0661
0.79403
0.92776
0.49575
0.80326
0.93592
0.86199
0.46753
0.62903
0.70296
0.58405
0.9772
0.72247
0.76464
0.60444
0.74509
0.47013
0.58802
0.60431
0.56332
0.7719
0.42635
0.49873
0.37932
0.839
0.82103
0.61809
0.94394
0.51763
0.90857
0.81633
0.59527
0.89015
0.65443
0.41029
0.83769
0.86366
0.59628
0.84066
0.5908
0.7715
0.60162
0.93468
0.41741
0.66683
0.4828
0.79836
0.39671
0.54043
0.7169
0.46901
0.76494
0.86689
0.65088
0.74585
0.75462
0.63485
0.77762
0.82357
0.83337
0.88288
0.75486
0.81213
0.39809
1.041
0.89102
0.9842
0.8413
0.8464
0.59261
0.79131
0.52937
0.77073
0.79447
0.7619
0.77228
0.64164
0.78348
0.63836
0.86163
0.62077
0.45192
0.85182
0.76465
0.63589
0.62817
0.63687
0.54862
0.58441
0.65316
0.80993
0.56908
0.83955
0.71107
0.5347
0.63409
0.63858
0.59372
0.57398
0.59355
0.97353
0.83883
0.77412
0.77319
0.49353
0.54432
0.80834
0.85166
0.92908
0.85125
0.9255
0.81024
0.77708
1.0313
0.91611
0.64269
0.73611
0.9011
0.86385
0.79144
0.54357
0.72424
0.71761
0.72156
0.6867
0.66257
0.89991
0.76103
0.4712
0.83599
0.61377
0.51406
0.99678
0.88182
0.64533
0.42539
1.0309
0.72088
0.90339
0.85351
0.65584
0.72507
0.95152
0.80096
0.6444
0.52096
0.842
0.7543
0.41142
0.44158
0.96406
0.9562
0.58293
0.89739
0.65417
0.87111
0.68272
0.43147
0.83158
0.76266
0.69973
0.7555
0.68052
0.67364
0.74175
0.29317
0.73084
0.95015
0.55194
0.5986
0.77231
0.62879
0.62157
0.91697
0.75537
0.8763
0.6902
0.63057
0.73222
0.48353
0.8111
0.71413
0.60729
0.81267
0.7758
0.86527
0.53282
0.65952
1.042
0.60501
0.5667
0.91699
0.69759
0.88419
0.75722
0.62812
0.88818
0.41357
0.47546
0.84679
0.87451
0.72095
0.61619
0.53988
0.70508
1.0832
0.70411
0.65694
0.55204
0.74396
0.67673
0.82018
0.76729
0.63548
0.88298
0.82749
0.56615
0.3917
0.53887
0.79664
0.77703
0.74078
0.6564
0.69416
0.63399
0.65997
0.79956
0.86418
0.78567
1.1521
0.68788
0.89861
0.80831
0.53374
0.7018
0.51146
0.60817
0.93708
0.82374
0.68314
1.0026
0.69351
0.74088
0.86422
0.5611
0.89559
0.7441
0.7643
0.84489
0.76436
0.81397
0.92871
0.55123
0.61128
0.45873
0.74794
0.60948
0.83876
0.70785
0.45831
0.30388
0.90544
0.88721
0.73142
0.92245
0.78215
0.69698
0.85983
0.93516
0.7301
0.64727
0.62525
0.89158
0.74149
0.91978
0.82366
0.57352
0.98124
0.56804
0.75026
0.70155
0.6997
0.67614
0.61964
0.5957
0.57399
0.63347
0.73101
0.96395
0.75647
0.76291
0.79519
0.76638
0.92453
0.76999
0.55088
0.60184
0.74634
0.59317
0.91636
0.30001
0.81167
0.75157
0.71233
0.64195
0.77274
0.69831
0.38522
0.58774
0.50815
0.83195
0.71878
0.63038
0.59245
0.93977
0.69696
0.53319
0.82626
0.50042
0.65635
0.93199
0.49647
0.83823
0.81006
0.41594
0.73586
0.63859
0.69751
0.52125
0.44539
0.45361
0.8117
0.49368
0.43875
0.70217
0.7739
0.49634
0.64119
0.53919
0.69237
0.7452
0.74387
0.80032
0.88571
0.60829
0.95402
0.70138
0.74331
0.5459
0.83224
0.97222
0.65581
0.87214
0.81235
0.65308
0.71364
0.83973
0.81928
0.57795
0.82034
0.72187
0.69604
0.70532
0.79704
0.78128
0.75007
0.81041
0.85596
0.37996
0.62467
0.41097
0.6899
0.60932
0.58558
0.71964
0.54905
0.85256
0.7955
0.79471
0.69938
0.87565
0.96515
0.79721
1.0475
0.77985
0.70042
0.77003
0.53043
0.71593
0.27749
0.51815
1.0029
0.64436
0.48495
0.53444
0.61929
0.75053
0.80336
1.0089
0.91344
0.76617
0.56145
0.41247
0.902
0.82041
0.77507
0.54858
0.83489
0.98379
0.65191
0.48057
0.61105
0.78314
0.48591
0.67083
0.47696
0.77098
0.95862
0.7169
0.65786
0.66506
0.72177
0.66532
0.73525
0.57127
0.97177
0.82507
0.64207
0.71371
0.86079
0.53586
0.72752
0.70213
0.91633
0.92376
0.65216
0.87261
0.736
0.57458
0.25775
0.88377
0.73701
0.90569
1.0808
0.87925
0.73971
0.80228
0.56017
0.59421
0.59394
0.72184
0.76336
0.6807
0.78749
0.71612
0.43316
0.79343
0.60778
0.57765
0.82814
0.8488
0.4622
0.59938
0.68244
0.83791
0.70003
0.59625
0.69291
0.74412
0.56473
0.83514
0.6888
0.71091
0.65708
0.80198
0.96594
0.56084
0.88159
0.70342
0.87391
0.85713
0.69828
0.7734
0.70325
0.7005
1.0239
0.84589
0.78779
0.64514
0.95799
0.99327
0.58521
0.86164
0.68056
0.87007
0.47345
0.63777
0.78912
0.89003
0.79257
0.69234
0.61351
0.91429
0.4017
0.76813
0.82824
0.5564
0.56035
0.85837
0.77972
0.58144
0.87191
0.69809
0.82351
0.88496
0.83537
1.03
0.68624
0.73025
0.87744
0.79772
0.8979
0.81229
0.47321
0.89315
0.60334
0.5547
0.81095
0.63508
0.70435
0.5349
0.86416
1.0421
0.75071
0.73275
1.0791
0.78369
0.89964
0.86493
0.6578
0.52177
0.73819
0.59152
0.65758
0.39343
0.9955
0.84172
0.91966
0.98944
0.59692
0.48823
0.88863
0.5331
0.67069
0.72494
0.97963
0.79622
0.52913
0.73804
0.47227
0.52224
0.29649
0.62958
0.54944
0.82246
0.70516
0.35967
0.62752
0.84519
0.79164
0.80072
0.54411
1.0705
0.61332
0.72115
0.85642
0.80636
0.58097
0.96463
0.61667
0.82345
0.50072
0.49813
0.71258
1.0982
0.92555
0.44555
0.7758
0.47756
0.82821
0.99204
0.86463
0.72964
0.55387
1.0107
0.68203
0.69623
0.96508
0.74895
0.79517
0.9278
0.74235
0.71155
0.81653
0.93848
0.47449
0.66412
0.45841
0.66348
0.80782
0.6326
0.81598
0.86685
0.71053
0.80445
0.89779
0.82199
0.80308
0.77553
0.808
0.8725
0.73017
0.86474
0.86011
0.78326
0.99546
0.67647
0.99012
0.92457
0.65811
0.88843
0.33514
0.30892
0.82772
0.6134
0.94451
0.90577
0.39837
0.88948
0.7804
0.84298
0.89302
0.92447
0.30068
0.34586
0.94166
0.52444
0.77702
0.94455
0.66306
0.8593
0.82991
0.54209
0.70255
0.89119
0.55989
0.86273
0.6541
0.60483
0.44692
0.79567
0.52874
0.68543
0.85335
0.83999
1.0258
0.74245
0.60171
0.68624
0.79452
0.50407
0.75727
0.66234
1.0414
0.76048
0.61517
0.63506
0.57958
0.9154
0.56805
0.93005
0.36929
0.86201
0.64684
0.42626
0.73031
0.76007
0.61652
0.75814
0.66946
0.89437
0.87276
0.75361
0.8359
0.85474
0.92243
0.67296
0.77946
0.63858
0.77927
0.60369
0.87868
0.51477
0.53841
0.53693
0.64512
0.75593
0.95048
0.60318
0.78795
1.0109
0.61354
0.502
0.97894
0.91211
0.74519
0.64025
0.83738
0.59047
0.61345
1.0187
0.96925
1.0313
0.94671
0.95004
0.83138
0.63501
0.82308
0.99691
0.46783
0.65401
0.70949
0.81167
0.68166
0.71028
0.47658
0.66121
0.81889
0.40769
0.73764
0.73194
0.47119
0.7509
0.5349
0.89213
0.45159
1.0076
0.75364
0.7029
0.80396
0.6029
0.51428
0.7938
1.0253
0.55849
0.86495
0.96136
0.77099
0.88522
0.57807
0.59652
0.54123
0.60659
1.0179
0.64562
0.41748
0.78844
0.87157
0.75967
0.76816
0.58513
0.78903
0.76278
0.91131
0.84978
0.61283
0.48933
0.48612
0.89481
1.0251
0.71675
0.44875
0.73413
1.0551
0.19764
0.2459
0.59273
0.67167
0.73691
0.54706
0.87546
0.80927
0.77609
0.72
0.62079
0.70784
0.71494
0.89948
0.87449
0.55967
0.80458
0.53143
0.52146
0.74308
0.72927
0.41774
0.58283
0.68758
0.82101
0.73436
0.97068
0.90395
0.91847
0.87714
0.9974
0.71002
0.64866
0.81905
0.68731
0.75532
0.61315
0.94124
0.66692
0.62123
0.68494
0.83053
0.65244
0.75389
0.7582
0.67493
0.77205
0.88245
0.68901
0.71559
0.59517
0.74526
0.95194
0.7203
0.59049
0.65459
0.74017
0.68894
0.67109
0.75137
0.70274
0.69685
0.85016
0.86565
0.92061
0.84791
0.73204
0.36525
0.86733
0.69087
0.91949
0.61419
0.69232
0.8972
0.69326
0.81716
0.58602
0.91855
0.6917
0.61704
0.60096
0.80356
0.88022
0.67139
0.72057
0.52666
0.66899
0.74402
0.77548
0.79784
0.74743
0.83403
0.38097
0.63399
1.0063
0.98838
0.38774
0.78812
0.78857
0.59202
0.74922
0.53226
0.49643
0.88274
0.74414
0.9267
0.74919
0.81577
0.85774
0.56814
0.72301
0.91536
0.88834
0.85636
0.49035
0.71202
0.74165
0.61725
0.65478
0.78909
0.61608
0.50498
0.59759
0.87219
0.61931
0.51606
0.75574
0.71329
0.5085
0.90817
0.83112
0.86446
0.5437
0.6549
0.91614
0.6587
0.76635
0.50511
0.73397
0.93807
0.67289
0.53061
0.90741
0.90107
0.81753
0.52911
1.0187
0.69801
0.84999
0.66948
0.27184
0.46759
1.004
0.50085
0.66341
0.55537
0.69062
0.84934
0.68844
0.84473
0.47874
0.81761
0.65175
0.63897
0.66967
0.88745
0.79241
0.85973
0.8986
0.70192
0.79076
0.67989
0.62075
0.95751
0.89628
0.76614
0.82122
0.58991
0.748
0.75837
0.77108
0.93397
0.86333
0.75009
0.86907
0.92955
0.96794
0.92595
0.4978
0.86438
0.81836
0.80324
0.83561
0.83329
0.64253
0.733
0.83298
0.96148
0.65279
1.0002
0.80302
0.87105
0.74486
0.55642
0.62141
0.66815
0.67515
0.74488
0.55513
0.62102
0.79264
0.81909
0.62796
0.78202
1.0098
0.72315
0.76702
0.68711
0.86598
0.8446
0.41436
0.8359
0.85563
0.98915
1.0125
0.61239
0.76022
0.87333
1.0558
0.77078
0.62393
0.59625
0.6034
0.53271
0.81358
0.73417
0.83882
0.29223
0.58029
0.70761
0.82512
0.56914
0.75072
0.8025
0.84158
0.88548
0.86619
0.89362
0.64617
0.93996
0.63565
0.91152
0.53832
0.82087
0.72867
0.88009
0.80332
0.81547
0.85809
0.86626
0.51165
0.65194
0.94981
0.56091
0.62547
0.68473
0.57603
0.63018
0.74303
0.39689
0.72672
0.8452
0.89632
0.64414
0.63231
0.66896
0.70044
0.50517
0.72672
0.64826
0.93972
0.79161
0.83272
0.89218
1.0575
0.81628
0.86812
0.90673
0.66124
0.78439
0.79226
0.70378
0.58831
0.89685
0.85709
0.95898
0.88125
0.89928
0.79367
0.61337
0.85116
0.64436
0.89872
0.9242
0.84185
0.90867
0.37198
0.67187
0.82046
0.86478
0.81413
0.75986
0.89206
0.79226
0.77351
0.76378
0.7588
0.55283
0.5844
0.68288
0.76811
0.86419
0.56481
0.85161
0.84987
0.70649
0.48193
0.74211
0.65674
0.7082
0.76875
0.76051
0.7251
0.83302
0.55407
0.72981
0.98747
0.49164
0.69238
0.78236
0.78452
0.70038
0.85988
0.76035
0.65672
0.70731
0.6738
0.85085
0.704
1.0523
0.94514
0.75642
0.45555
0.84117
0.98881
0.72394
0.8082
0.66847
1.0339
0.81526
0.89067
0.91921
0.85508
0.83683
0.97854
0.88748
0.95283
0.96118
0.67952
0.66914
0.65254
0.42524
0.74692
0.57935
0.6319
0.61715
0.82648
0.93565
0.30828
0.88291
0.50106
0.84022
0.7891
0.66704
0.81031
0.53493
0.92517
0.95821
0.98026
0.47811
0.88445
0.33247
0.60204
0.76773
0.92478
0.78294
0.9739
0.72267
0.79019
0.77902
0.91771
1.0365
0.58991
0.6569
0.76365
0.73995
0.83826
1.0261
0.79933
0.77092
0.77974
0.71125
0.79717
0.82218
0.81622
0.45325
0.72906
0.83449
0.6555
0.60548
0.87884
0.90937
0.81365
0.72887
0.87824
1.007
0.50361
0.59593
0.92019
0.9021
0.7078
0.77258
0.48819
0.82292
0.79124
0.7825
0.74964
0.73955
0.79778
0.47559
0.77217
0.78656
0.77552
0.7776
0.84698
0.81684
0.62236
0.76092
0.72033
0.75982
0.8612
0.87277
0.48513
0.62822
0.74998
0.69386
0.44092
0.93684
0.76686
0.74122
0.82485
0.71077
1.0381
0.32657
0.7128
0.58499
0.47205
0.95092
0.61476
0.92322
0.87033
0.51856
0.68554
0.81907
0.52882
0.54039
0.72366
0.52598
0.66667
0.74784
0.4692
0.70587
0.90881
0.70097
0.60576
0.55397
0.88421
1.0285
0.7978
0.79611
0.71146
0.6282
0.77538
0.8841
0.70324
0.79771
0.72988
1.103
0.64454
0.69215
0.64798
0.70701
0.74413
0.75243
0.49908
0.55235
0.78627
0.72775
0.41662
0.90115
0.95567
0.74386
0.44399
0.89489
0.59472
0.60712
0.58368
0.67189
0.83667
0.69097
0.93341
0.77269
0.79682
0.75632
0.96234
0.90539
0.71453
0.72432
0.63335
0.74145
1.0031
0.79617
0.67981
0.89883
0.70556
0.87803
0.61513
0.65322
0.46616
0.4536
0.58713
0.69108
0.76881
0.87996
0.79625
0.70594
0.862
0.56577
0.76634
0.49923
0.79173
0.76406
0.56138
0.80408
0.96234
0.48198
0.39968
0.91979
0.47296
0.78254
0.75846
0.75328
0.86245
0.43767
0.58515
0.95866
0.70258
1.0326
0.9634
0.86202
1.0086
0.77301
0.73615
0.70575
0.86446
0.67668
0.43157
0.87686
0.59819
0.61309
0.97563
0.97291
0.7179
0.47103
0.84123
0.78979
0.76013
0.86189
0.7585
0.79595
0.80884
0.73403
0.9558
0.60189
0.78991
1.0042
0.5799
0.22257
0.68734
0.80516
0.95372
0.84233
0.73633
0.99414
0.86828
0.78237
0.30537
0.69702
0.88928
0.75692
0.90117
0.7216
0.61499
0.5611
0.89717
0.81668
0.60029
0.54632
1.0319
0.33517
0.92415
0.84389
0.43733
0.88896
0.89628
0.7633
0.74284
0.76207
0.51019
0.98495
0.73331
0.74521
0.82567
0.70223
0.69227
0.62881
0.51958
0.70922
0.81137
0.77937
0.72658
0.45889
0.8321
0.79251
0.37641
0.62721
0.77473
0.54941
0.7694
0.80588
0.67463
0.68655
0.65703
0.9613
0.80107
0.82057
0.59066
0.76419
0.62458
0.75843
0.60633
0.79894
0.68237
0.65873
0.84095
0.9368
0.98725
0.69725
0.67446
0.47279
0.71099
0.76691
0.60034
0.77614
0.64891
0.72779
0.72909
0.51195
0.80094
0.74127
0.5464
0.64682
0.62971
0.85087
0.62492
0.8233
0.78084
0.91982
0.87782
0.78051
0.58178
0.71562
0.87642
0.89806
0.6846
0.72591
1.0076
0.81004
0.62844
0.62637
0.5801
0.79293
0.77778
0.7547
0.58308
0.76371
0.46872
0.63993
0.61735
0.82332
0.52968
0.29068
0.71603
0.60822
0.84864
0.95372
0.74618
0.60412
0.60608
0.48835
0.64204
0.5394
0.50591
0.44654
0.77881
0.85993
0.41434
0.68895
0.57323
0.9708
0.77762
0.81939
0.76332
0.9311
0.70659
0.80259
0.57759
0.8035
0.83123
1.0012
0.40178
0.88847
0.71481
0.73805
0.66166
0.42957
0.28129
0.96468
0.86813
0.87963
0.93198
0.86306
0.73719
0.71809
0.9581
0.76849
0.67
0.87291
0.81707
0.93269
0.9296
0.7192
0.4046
0.72764
0.54865
0.9491
0.55046
0.93743
0.906
0.66246
0.7304
0.7328
0.51391
0.48973
0.42344
0.80801
0.79258
1.0036
0.80793
0.56518
0.70924
0.70534
0.54062
0.5711
0.53785
0.75299
0.73834
0.87346
0.8672
0.77902
0.7602
0.82021
0.47477
0.7207
0.69779
0.8241
0.49394
0.63065
0.72304
0.65116
0.63378
0.7946
0.77523
0.58267
0.77697
0.77338
0.65124
0.79801
0.50173
0.82094
0.59655
0.72533
0.92618
0.51398
0.62066
1.0189
0.96776
0.91363
0.77151
0.83392
0.7459
0.58205
0.57423
0.89628
0.62203
0.70486
0.99753
0.87997
1.0755
0.42473
0.90912
0.65115
0.89743
0.53295
0.97235
0.56582
0.87093
0.50499
0.78007
0.69577
0.60908
0.75721
0.69519
0.59631
0.73117
0.4549
0.98739
0.67624
0.52047
1.0216
0.99515
0.97929
0.8095
0.56373
0.80408
0.93352
0.40719
0.40901
0.422
0.44633
0.67573
0.42797
0.48359
0.67789
0.54792
0.71988
0.75265
0.77428
0.81525
0.80084
0.54719
0.87607
0.70905
0.75217
0.85045
0.52875
0.28901
0.80026
0.49421
0.62957
0.96225
0.60079
0.70206
0.73813
0.66611
0.78005
0.72231
0.74209
1.0679
0.56703
0.68314
0.50796
0.9279
0.71116
0.66476
0.69943
0.91487
0.57968
0.73258
0.55087
0.83302
0.66617
0.68416
0.48467
0.79705
0.35973
0.61437
0.94262
0.34318
0.95482
0.70446
0.77096
0.62927
0.73924
0.93848
0.74543
0.64994
0.78634
0.87579
0.7348
0.40803
0.44721
0.80296
0.88537
0.85985
0.53251
0.47455
0.74001
0.57792
0.61443
0.67929
0.98223
0.77459
0.65757
0.59199
0.71162
0.78844
0.47617
0.57931
0.79752
0.58616
0.73164
0.61491
0.79664
0.81
0.70729
0.84643
0.98994
0.89416
0.65599
0.74408
0.53783
0.48293
0.92663
0.70848
0.71744
1.0224
0.98904
0.7354
0.64294
0.6313
0.6445
0.74986
0.83987
0.5141
0.76032
0.53775
0.76361
0.68667
0.73073
0.59986
1.0089
0.72789
0.69955
0.81637
0.73157
0.99077
0.95735
0.55195
0.78257
0.53551
0.66083
0.77334
0.47124
0.69638
0.57229
0.53464
0.87142
0.84609
0.73957
0.81515
0.57922
0.50419
0.41899
0.85891
0.8825
0.66116
0.81117
0.88542
0.71501
0.35098
0.80903
0.73117
0.9774
0.79442
0.46461
0.85825
0.68036
0.73839
0.90603
0.75336
0.74339
0.70842
0.61029
0.79811
0.83873
0.60643
0.56889
0.57453
0.83634
0.82383
0.98412
0.75461
1.1575
0.44497
0.33585
0.56822
0.9975
0.89906
0.584
0.81762
0.8396
0.69365
0.68591
0.74975
0.79348
0.89102
0.7685
0.80235
0.52919
0.78536
0.65491
0.79506
0.73361
0.75594
0.55154
0.72797
0.5497
1.002
0.86151
0.77993
0.77768
0.74125
0.51271
0.90648
1.0066
0.82541
0.84664
0.60103
0.74094
0.54652
0.5109
0.90518
0.54231
0.81767
0.86211
0.67518
0.79611
0.64497
0.73646
0.75983
0.64599
0.69684
0.77828
0.979
0.74872
0.90027
0.45669
0.86937
0.80321
0.86402
0.68314
0.74387
0.57788
0.75154
0.75975
0.85773
0.82325
0.71723
0.57875
0.31297
0.54148
0.75428
0.99407
0.76262
0.6605
0.87808
0.57323
0.86345
0.57816
0.76779
0.5099
0.87575
0.51722
0.89324
0.63043
0.56525
0.70355
0.78137
0.79029
0.6066
0.97541
0.69369
0.62909
0.92649
0.79526
0.69801
0.79373
0.91374
0.74637
0.77936
0.56225
0.69982
0.73126
0.83731
0.7416
0.71076
0.77752
0.68452
0.96456
0.83997
0.71384
0.59594
0.7893
0.69076
0.75866
0.61928
0.5369
0.60458
0.4608
0.52996
0.58755
0.72596
0.61643
0.63202
0.74997
0.97226
0.89639
0.71152
0.2897
0.8216
0.823
0.66338
0.7658
0.36011
0.8579
0.8063
0.86746
0.89709
0.86338
0.67316
0.85287
0.60556
0.54637
0.53218
0.84351
0.71996
0.89969
0.41953
0.79018
0.83626
0.72507
0.70598
0.60596
0.87689
0.72495
0.92514
0.58415
0.61255
0.79234
0.75779
0.64534
0.47309
0.55758
0.65789
0.90016
0.72442
0.78779
0.70847
0.73895
0.88613
0.8689
0.82954
0.45605
0.67541
0.90495
0.5966
1.0515
0.84284
0.68703
0.86182
0.73823
0.66799
0.71014
1.0112
0.42429
0.81714
0.8444
0.65306
1.0409
0.74928
0.60656
0.66133
0.79737
0.65287
0.3951
0.68927
0.67755
0.88034
0.85814
0.83327
0.95551
0.98699
0.7282
1.0007
0.86467
0.79747
0.85451
0.79926
0.71319
0.5313
0.75973
0.52494
0.50712
0.56441
0.61286
0.7286
0.84563
0.60995
0.8412
0.96131
0.87646
0.62727
0.88434
0.88468
0.89141
0.4469
0.70101
0.92386
0.97108
0.87049
0.834
0.69517
0.8383
0.61026
0.70744
0.74978
0.56831
0.84191
0.75259
0.79518
0.67177
0.89109
0.82138
0.69208
0.90524
0.60808
0.65282
0.88423
0.6574
0.78011
0.86849
0.67328
0.92336
0.66784
0.89229
1.0304
0.80762
0.87587
0.91674
0.32951
0.70115
0.797
0.67568
0.34627
0.97912
0.80534
0.85623
0.58515
0.8203
0.68507
0.44155
0.85868
0.63414
0.73064
0.81359
0.65795
0.65032
0.52485
0.64592
0.88144
0.95838
0.70096
0.75977
0.57718
0.69875
0.84305
0.95933
0.84897
0.66652
0.77944
0.74251
0.5528
0.73521
0.69861
0.67691
0.71353
0.75842
0.56204
0.92673
0.91177
0.62649
0.73596
0.99048
0.57043
0.70534
0.70757
0.81202
0.54968
0.77254
0.76861
0.55278
0.61969
0.95308
0.8815
0.67851
0.58857
0.7297
0.32096
0.48674
0.68114
0.85549
0.54175
0.8746
0.82742
0.56403
0.8921
0.57426
0.66013
0.86227
0.68865
0.69266
0.73526
0.9211
0.64019
0.8984
0.68601
0.52469
0.83622
0.59929
0.38117
0.64319
0.51106
0.78698
0.6418
0.57588
0.81818
0.85695
0.84234
1.0305
0.81481
0.48899
0.77159
0.80486
0.71999
0.61259
0.39555
0.51494
0.80158
0.91263
0.72277
0.96149
0.93585
0.6216
0.60905
0.8992
1.0121
0.8426
0.6955
0.88838
0.98077
0.67869
0.78859
0.54936
0.94693
0.54751
0.85663
0.67666
0.72283
0.92793
0.65803
0.62194
0.73615
0.78444
0.88635
0.66751
0.41666
0.88086
0.36324
0.83193
1.1166
0.84252
0.7021
0.77398
0.51637
0.80117
0.58242
0.85646
0.64447
0.91974
0.58143
0.73168
0.68914
0.6215
0.72381
0.83468
0.52906
0.39854
0.8096
0.80086
0.82573
0.67308
0.82257
0.87803
0.50542
0.89691
0.52524
0.7578
0.70712
0.91844
0.82173
0.56656
0.84075
0.844
0.70786
0.72224
0.44939
0.59847
0.70491
0.46224
0.88956
0.81704
0.90379
0.44017
0.6454
0.70269
0.70113
0.65781
0.74849
0.7081
0.75463
0.8275
0.88995
0.85681
0.67653
0.63986
0.8418
0.78377
0.40725
0.8523
0.72785
0.94815
0.54705
0.88217
0.65555
1.0332
0.53401
0.87548
0.75037
0.80628
0.70266
0.73812
0.80425
0.75135
0.75142
0.76314
0.60992
0.61584
0.74116
0.9228
0.73335
0.89334
0.88594
0.38316
0.84712
0.5991
0.67875
0.82474
0.85534
0.46865
0.79421
0.83123
0.7356
0.77394
0.81696
0.80427
0.80321
0.60206
0.83102
0.79297
0.53023
0.87015
0.88818
0.55814
0.732
0.8107
0.85152
0.94973
0.69454
0.78836
0.85446
0.78327
0.79821
0.58972
0.37621
0.63305
0.70946
0.95488
0.6642
0.75067
0.73488
0.56076
0.4544
0.71173
0.91063
0.65743
0.45536
0.79706
0.62107
0.86036
0.85924
0.80069
1.071
0.69029
0.45342
0.57717
0.66899
0.64766
0.81555
0.48184
0.59831
0.89586
0.68575
0.5342
0.93248
0.96493
0.88535
0.38258
0.78108
0.76449
0.87847
0.71231
0.59041
0.75429
0.42939
0.96059
0.7459
0.87711
0.73378
0.8118
0.93526
0.8119
0.62577
0.85721
1.016
0.35718
0.53983
0.73524
0.63205
0.57862
0.84702
0.76887
0.72621
0.78378
0.937
0.52395
0.4307
0.5464
0.90825
0.9849
0.62201
0.79881
0.65562
0.87326
0.83561
0.63162
0.90031
0.69626
0.80526
1.1234
0.49429
0.70202
0.34045
0.64652
0.72693
0.71223
0.9722
0.71952
0.86523
0.84431
0.59454
0.8295
0.73653
0.81086
0.39565
0.43214
0.53307
0.85664
0.60292
0.65823
0.6896
0.72824
0.81191
0.97071
0.72402
0.55664
0.80898
0.84752
0.56516
0.78432
0.68939
0.6011
0.48643
1.008
0.91249
0.56974
0.76102
0.87031
0.60272
0.97121
0.91107
0.49377
0.96895
0.83543
0.78267
0.65033
0.67204
0.93861
0.67765
0.78883
0.81498
0.67955
0.88993
0.64608
0.84795
0.80567
0.74603
0.34621
1.0098
0.74893
0.68274
0.69512
0.58915
0.40067
0.42056
0.73862
0.83423
0.81658
1.0333
0.88323
0.47868
0.98233
0.80322
0.49815
0.89206
0.83839
0.85368
0.46833
0.75902
0.77408
0.22872
0.76209
0.74703
0.91187
0.79648
0.71066
0.69594
0.91264
0.44459
0.49656
0.60373
0.53755
0.77727
0.90799
0.66695
0.97997
0.59837
0.9727
0.83484
0.46416
0.83781
0.90856
0.78304
0.87183
0.75587
0.70829
0.937
0.90496
0.79495
0.80049
0.93576
0.56585
0.69239
0.691
0.86879
0.58421
0.7547
0.46085
0.61496
0.48009
0.79185
1.1193
0.74761
0.73043
0.5355
0.72038
0.67259
0.63153
0.79333
0.72214
0.72665
0.79924
0.97904
0.89974
0.82819
0.56227
0.57874
0.60094
0.69871
0.65025
0.75158
0.94191
0.86442
0.81581
0.57189
0.53897
0.52446
1.006
0.89013
0.6155
0.61145
0.67433
0.91562
0.29618
0.90665
0.61208
0.66186
0.77984
0.84312
0.71767
0.91981
0.83429
0.63183
0.57586
0.57771
0.8479
0.75543
0.63196
0.67097
0.70469
0.84498
0.84793
0.67274
0.83484
0.70115
0.6498
0.79947
0.79328
0.57531
0.69062
0.62852
0.84265
0.56314
0.78559
0.83934
0.41713
0.47773
0.82922
0.77546
0.62572
0.79489
0.56274
0.50027
0.913
0.51984
0.77347
0.66288
0.85398
0.9493
0.78934
0.80151
0.72606
0.8761
0.90795
0.84535
0.74666
0.73523
0.69016
0.76963
0.68375
0.73354
0.72193
0.65975
0.45309
0.62769
0.5627
0.61488
0.86292
0.71262
0.82688
0.60201
0.85239
0.79687
0.96279
0.78882
0.52952
0.74115
0.72249
0.5905
0.61492
0.53815
0.59156
0.63418
0.73127
0.97938
0.88213
0.72517
0.69784
0.89756
0.61785
0.75844
0.85174
0.8798
0.48189
0.50225
0.69851
0.83948
0.67539
0.55127
1.001
0.6538
0.67895
0.74204
0.9509
0.68362
0.53713
0.96071
0.70487
0.93765
0.66921
0.55867
0.68958
0.79194
0.38185
0.99258
0.7803
0.46147
0.84098
0.92767
0.7673
0.9077
0.49812
0.6365
0.4681
0.65061
0.71509
0.75348
0.62646
0.58396
0.35377
0.69934
0.78122
0.86732
0.55371
0.89536
1.0128
0.94367
0.69349
0.91685
0.80477
0.84447
0.86573
0.94651
0.65828
0.76898
0.54014
0.73512
0.80386
0.83252
0.67391
0.66297
0.85168
0.9056
0.79565
0.90817
1.0239
0.75502
0.9694
0.48898
0.77951
0.7958
0.52075
0.76901
0.78192
0.72916
0.84596
0.6771
0.73274
0.64112
0.75822
0.9873
0.60476
0.8133
0.76005
0.71665
0.87552
0.6698
0.67072
0.725
0.61197
0.64675
0.63695
0.87963
0.90215
0.87032
0.85041
0.87025
0.91643
0.81036
0.79139
0.81108
0.81742
0.5035
0.67174
0.67668
0.83838
0.62125
0.41482
0.74369
0.94933
0.93206
0.82524
0.58675
0.73934
0.75203
0.32555
0.46419
0.47083
0.88797
0.91234
0.85369
0.74984
0.8181
0.66233
0.78833
0.60585
0.74916
0.81336
0.7611
0.75943
0.63837
0.751
0.54425
0.5961
0.52274
0.70687
0.63075
0.52607
1.0045
0.85768
0.85679
0.56336
1.0438
0.9598
0.70682
0.76266
0.4975
0.79856
0.40785
0.49307
0.61396
0.74598
0.73192
0.63099
0.8006
0.8186
0.73202
0.77719
0.72378
0.67514
0.33112
0.64198
0.62628
0.68593
0.7884
0.89367
0.45887
0.87086
0.92409
0.72915
0.54712
0.67871
0.60248
0.67269
0.61667
0.60312
0.57541
0.4989
0.91224
0.69943
0.68742
0.88952
0.77121
0.59002
0.94537
0.85877
0.44688
0.57733
0.73009
0.68146
0.88564
0.84707
1.0007
0.584
0.73134
0.72
0.74334
0.83045
0.5858
0.69511
0.63528
0.39966
0.6712
0.4088
0.59925
0.60764
0.7579
0.63895
0.6803
0.50399
0.80116
0.60901
0.95046
0.4942
0.95284
0.79787
0.91843
0.69047
0.85002
0.68618
0.77163
0.73508
0.66136
0.43078
0.68257
0.81689
0.76585
0.66116
0.68334
0.70557
0.93368
0.8738
0.80864
0.88299
0.69569
0.73021
0.61908
0.66877
0.84087
0.81882
0.84479
0.5282
0.67223
0.9127
0.72291
0.77186
0.81604
0.73984
0.81713
0.82844
0.7738
0.97829
0.50762
0.83854
0.62038
0.89677
0.80825
0.71412
0.69693
0.90035
0.72773
0.77166
0.99639
0.70986
0.95792
0.92239
0.64337
0.53663
0.87636
0.41657
0.87076
0.92893
0.59348
0.75942
0.75504
0.64606
0.58712
0.62858
0.7116
0.87903
0.56254
0.6343
0.47795
0.76761
0.67178
0.69804
0.9374
0.67491
0.77988
0.79349
0.63513
0.55277
0.86945
0.89508
0.54664
0.73682
0.93116
0.90773
0.65614
0.82648
0.94853
0.61714
1.0705
0.67623
0.52185
0.61415
0.90149
0.80685
0.976
0.67214
0.84718
0.6787
0.58686
0.5354
0.79582
0.84898
0.92352
0.47136
0.57656
0.62681
0.81409
0.88002
0.63979
0.80949
0.86877
0.82403
0.87907
0.89675
0.69644
0.70609
0.82961
0.50155
0.72327
0.79342
0.9471
0.76348
0.66513
0.97072
0.70026
0.62205
0.7287
0.61192
0.71381
0.58128
0.93649
0.79504
0.67673
0.92737
0.6163
0.79747
0.69256
0.4991
0.88621
0.65229
0.82527
0.71421
0.72578
0.65023
0.76369
0.77522
0.47728
0.74718
0.5432
0.52207
0.7947
0.70014
0.94544
0.80602
0.75106
0.8317
0.98173
0.38826
0.42518
0.67667
0.93417
0.82802
0.81572
0.79167
0.77686
0.68922
1.045
0.59109
0.50785
0.79355
0.71116
0.57888
0.76309
0.80815
0.91037
0.9124
1.0352
0.44751
0.51756
0.96657
0.95691
0.33562
0.63577
0.61058
0.59921
0.34121
0.54543
0.41075
0.50332
0.73944
0.83979
0.73792
0.71885
0.77287
0.64891
0.50949
0.68848
0.76347
0.73912
0.744
0.40517
0.40414
0.75399
0.64356
1.0135
0.85511
0.65682
0.80296
0.78768
0.47306
0.95559
1.005
0.74497
0.82056
0.88301
0.78707
0.77362
0.91111
0.34613
0.84059
0.97038
0.86501
0.74965
0.54165
0.84254
0.81856
0.64427
0.56715
0.68954
0.34214
0.8852
0.5427
0.44126
0.53891
0.76858
0.76683
0.87841
0.78049
0.77114
0.54965
0.96555
0.60305
0.91576
0.76258
0.6941
0.73128
0.64366
0.59082
0.80941
1.0466
1.0577
0.53783
0.73576
0.93063
0.56495
0.6703
0.92424
1.1274
0.97987
0.72717
0.61447
0.94591
0.85464
0.84679
0.72837
0.45516
1.0698
0.63858
0.89127
0.80836
0.94687
0.75641
0.86142
0.62459
0.85916
0.68083
0.66604
0.823
0.86625
0.78644
0.69318
0.60602
1.0018
0.81672
0.75922
0.6929
0.67136
0.72711
0.52509
0.85171
0.78847
0.85214
0.87292
0.64286
0.54267
0.61737
0.97126
0.81483
0.75729
0.70709
0.76849
0.55107
0.65698
0.49225
0.73624
0.96315
0.57045
0.80388
0.63343
0.42789
0.61092
0.7543
0.89966
0.61425
0.55569
0.31752
0.99818
0.78654
0.9257
0.89065
0.58444
0.75369
0.8369
0.5256
0.57024
0.78008
0.68512
0.7613
0.86746
0.84987
0.65476
0.70407
0.70587
0.72664
0.67567
0.97705
0.94635
0.4447
0.76203
0.47422
0.73891
0.9146
1.0558
0.54011
0.90028
0.93024
0.60615
0.83169
0.73277
0.51163
0.71165
0.6322
0.76504
0.83071
1.0306
0.74449
0.86988
0.68562
0.87004
0.49406
0.83476
0.54129
0.72968
0.88055
0.83156
0.91576
0.82739
0.70905
0.86237
0.63154
0.83699
0.78997
1.004
0.87053
0.60058
0.75091
0.81843
0.84564
0.40381
0.81527
0.66087
0.76207
0.7238
0.8507
0.94179
0.83422
0.88565
1.0654
0.44169
0.71301
0.83111
0.7777
0.692
0.83668
0.84412
0.76961
0.70034
0.7722
0.71927
0.64455
0.70755
0.62023
0.43305
0.562
0.8057
0.76807
0.97371
0.58668
0.9512
0.39192
1.0495
0.66261
0.82346
0.43034
0.61474
0.68661
0.93134
0.54399
0.78559
0.93285
0.78207
0.82403
0.77087
0.54868
0.60211
0.86189
0.95606
0.58583
0.87852
0.82859
0.94857
0.73276
0.69018
0.7891
0.79787
0.8696
0.75318
0.65611
0.9407
0.8338
0.55442
0.58121
0.83566
0.80352
0.73323
0.81659
0.62649
0.58351
0.19091
0.93335
0.82019
0.51001
0.72894
0.54272
0.70238
0.72474
0.63862
0.97359
0.70385
0.9077
0.74538
1.076
0.41369
0.746
0.70946
0.82944
0.71979
0.72235
0.95165
0.88088
0.82048
0.65846
0.44026
0.52249
0.80297
0.72449
0.78997
0.98608
0.90592
0.74033
0.38189
0.86896
1.0122
0.7857
0.63306
0.43689
0.77171
0.5761
1.0318
0.9218
0.90098
0.60885
0.50292
0.93961
0.67858
0.62643
0.64038
0.7219
1.047
0.77097
0.74137
0.87542
0.90933
0.86547
0.63378
0.80957
0.70647
0.85446
0.80172
0.80645
0.74036
0.87769
0.88433
0.61263
0.71221
0.83949
0.82363
0.82621
0.78342
0.84011
0.83807
0.37833
0.97192
0.83953
0.75626
0.65568
0.89203
0.70421
0.8796
0.58328
0.79676
0.78337
0.70851
0.27797
0.52671
0.74015
0.57779
0.70367
0.98461
0.75395
0.8283
0.81339
0.78434
0.50342
0.66544
0.79351
0.63428
0.80839
0.46243
0.76486
0.56629
0.9827
0.81245
0.6652
0.60154
0.66941
1.0196
0.64851
0.62472
0.97608
0.71913
0.67809
1.0404
0.92784
0.59512
0.7114
0.745
0.68746
0.65563
0.74147
0.92406
0.75989
0.54531
0.5758
0.9247
0.85554
0.75034
0.63805
0.73937
0.6366
0.66162
0.6697
0.87336
0.93839
0.64141
0.96442
0.39527
0.76747
0.95501
0.53896
0.5781
0.73294
0.70288
0.64163
0.8326
0.76263
1.0072
0.67304
0.81948
0.8672
0.6537
0.96108
0.76272
0.65574
0.36945
0.69443
0.70002
0.51722
0.79426
0.86174
0.50021
0.67935
0.60993
0.7878
0.79608
0.84756
0.89807
0.60522
0.517
0.61438
0.35452
0.71247
0.78903
0.74929
0.93264
0.86558
0.86467
0.59467
0.78555
0.57594
0.67817
0.59436
0.67768
0.83949
0.42769
0.65965
0.81899
0.58573
0.73517
0.60896
0.50864
0.66642
0.62683
0.57382
0.71529
1.098
0.57546
0.85237
0.32572
0.81056
0.98654
0.57135
0.61864
0.65848
0.67503
0.7878
0.8404
0.906
0.54162
0.80103
0.66253
0.80424
0.91141
0.51822
0.80256
0.53651
0.74321
0.84624
0.77005
0.83767
0.40542
0.91774
0.61998
0.81792
0.95594
0.70581
0.95241
0.99243
0.59578
0.76366
0.90818
0.71308
0.5805
0.60972
0.75031
0.87791
0.66942
0.48156
0.84996
0.6933
0.46488
0.9042
0.59061
0.72676
0.88334
0.94482
0.53676
0.70235
0.99025
1.0144
0.80764
0.79884
0.71514
0.44858
0.80644
0.86446
1.0086
0.81849
0.79837
0.86825
0.52835
0.59354
0.57685
0.66938
0.69775
0.92803
0.60491
0.93027
0.78249
0.92054
0.86947
0.78992
0.79572
0.79223
0.59085
0.35269
0.7894
0.51435
0.68847
0.86962
0.70621
0.70632
0.38437
0.59122
0.61804
0.82899
0.84653
0.58037
0.59927
1.0035
0.85216
0.83651
0.49183
0.64749
0.93334
0.88377
0.96454
0.77544
0.83473
0.85929
0.55562
0.7377
0.88533
0.83039
0.85395
1.0446
0.54616
0.9619
0.58924
0.78764
1.0281
0.71782
0.64973
0.56174
0.84109
0.54973
0.7284
0.64561
0.65792
0.74386
0.54976
1.02
0.60963
0.88533
0.81654
0.67787
0.58443
0.72968
0.50811
0.64878
0.81798
0.74576
