0.7777
0.90735
0.70319
0.66103
0.6824
0.72996
0.81762
0.6375
0.67059
0.76305
0.72922
0.8669
0.88736
0.79539
0.78019
0.93963
0.71599
0.73055
0.90599
0.70892
0.69832
0.90794
0.8549
0.84853
0.85621
0.99952
0.85855
0.75114
0.906
0.64685
0.8012
0.66043
0.44441
0.87697
0.76852
0.83477
0.80441
0.93497
0.87535
0.89294
0.91325
0.78841
0.99008
0.80752
0.69258
0.76549
0.85126
0.75056
0.85525
0.73914
0.70237
0.80763
0.91832
0.82226
0.81054
0.88117
0.57566
0.76988
0.83176
0.72405
0.92185
0.92223
0.59738
0.56181
0.66396
0.71837
0.77826
0.67285
0.79287
0.83806
0.86146
0.55911
0.89885
0.9284
0.85986
0.73495
0.75673
0.78303
0.68935
0.8798
0.46205
0.89969
0.729
0.91253
0.63656
0.85329
0.61224
0.64133
0.34589
0.97158
0.74469
0.83452
0.89608
0.81213
0.47839
0.87591
0.75769
0.94444
0.89155
0.81958
0.86147
0.84535
0.89895
0.83652
0.94614
0.76183
0.47263
0.49305
0.66936
0.80175
0.67498
0.89727
0.86618
0.83427
0.70048
0.58538
0.86569
0.90111
0.69202
0.75844
0.87203
0.86799
0.74589
0.72606
0.89818
0.64192
0.82906
0.91152
0.5855
0.59034
0.92245
0.67016
0.92273
0.98734
0.97333
0.76964
0.74421
0.65746
0.72183
0.78576
0.88915
0.93207
0.60022
0.77775
0.60593
0.72328
0.87898
0.88797
0.97527
0.75246
0.79639
0.7246
0.66516
0.82712
0.51421
0.93512
1.0078
0.98766
0.87248
0.63814
0.67082
0.63643
0.8009
0.39486
0.96568
0.6919
0.90306
0.89241
0.85919
0.91028
0.92962
0.92152
0.92982
1.0336
0.8857
0.79018
0.42337
0.56606
0.66767
0.40158
0.82552
0.59615
0.80011
0.71
0.76201
0.69378
0.97928
0.87286
0.81781
0.92069
0.78636
0.71638
0.63096
0.75677
0.69489
0.82556
1.0003
0.89169
0.81713
0.74149
0.46497
0.6455
0.66354
0.78499
0.84502
0.82594
0.78879
0.74147
0.63199
0.60223
0.81194
0.7349
0.81238
0.88057
0.85687
0.73056
0.98404
0.8032
0.91254
0.77204
0.82133
0.95688
0.85213
0.67397
0.81076
0.9105
0.73879
0.87714
0.84032
0.59286
0.85792
0.65166
0.73761
0.90021
0.62281
0.82138
0.8007
0.92807
0.66709
0.91812
0.8189
0.6741
0.82015
1.059
0.84097
0.83867
0.79988
0.83459
0.8409
0.91082
0.89762
0.87141
0.67105
0.96027
0.91708
0.60856
0.54627
0.62148
0.95575
0.67319
0.91702
0.77725
0.56678
0.82292
0.91945
0.97495
0.81769
0.70196
0.80285
0.77209
1.0018
0.50292
0.75832
0.45862
0.87953
0.84823
0.92649
0.6946
0.69365
0.91362
0.91517
0.8068
0.53019
0.93168
0.80615
0.66631
0.56536
0.58177
0.71667
0.53128
0.66894
0.64836
0.93546
0.9219
0.82974
0.58352
1.0202
0.90287
0.58104
0.89726
0.72876
0.68302
0.74777
0.90576
0.84092
0.81739
0.96002
0.63422
0.75641
0.86105
0.78273
0.63011
0.77509
0.62302
1.0416
0.78935
0.93553
0.8189
0.75404
0.92671
0.77124
0.53769
0.8929
0.86339
0.76915
0.8896
0.80231
0.79641
0.8629
0.77517
0.79784
0.79114
0.81305
1.0486
0.65016
0.82156
0.69866
0.66675
0.85827
0.83499
0.85358
1.0165
0.91727
0.9172
0.36005
0.91265
0.73349
0.91737
0.66715
0.26372
0.86759
0.91428
0.98807
0.89098
0.70796
0.68538
0.876
0.97032
0.81533
0.89417
0.60371
0.98637
0.79886
0.92296
0.54981
0.71989
0.78781
0.81265
0.76263
0.66874
0.65702
0.97133
0.87634
0.80999
0.82101
0.93239
0.8131
0.93952
0.85819
0.82718
0.7963
0.83449
0.66273
0.94204
0.83625
0.71747
0.89268
0.88037
0.79753
0.64832
0.86784
0.83948
0.781
0.77206
0.49968
0.64082
0.60806
0.88437
0.92026
0.81008
0.74718
0.71417
0.62568
0.72377
0.89052
0.96266
0.85378
0.78837
0.78084
0.83496
0.82584
0.93962
0.93556
0.71748
0.71997
0.699
0.76927
0.7093
0.78331
0.84377
0.81431
0.66979
0.47092
0.83062
0.84073
0.73522
0.575
0.68667
0.9128
0.87233
0.9612
0.99765
0.86977
0.758
0.75643
0.83148
0.79842
0.79591
0.90916
0.90813
0.66718
0.79802
0.89926
0.73881
0.71966
0.52771
0.94779
0.99557
0.9686
0.54455
0.92479
0.73159
0.89372
0.99038
0.95286
0.81604
0.96413
1.0163
0.5831
0.72792
0.43659
0.82045
0.66202
0.89084
0.55643
0.89023
0.80703
0.85158
0.78927
0.97171
0.88583
0.72693
0.77444
0.89639
0.77492
0.78845
0.56417
1.0517
0.77353
0.8944
0.78403
0.91044
0.7816
0.85333
0.71235
0.66838
0.7862
1.0144
0.87587
0.84599
0.90244
0.73251
0.73226
0.68279
0.62532
0.74418
0.88586
0.72954
0.63445
0.65835
0.80847
0.56848
0.64842
0.78019
1.0138
0.98617
0.93717
0.94068
0.63817
0.65478
0.78059
0.80481
0.76199
0.80276
0.8497
0.88216
0.7577
0.92046
0.88495
0.73939
0.55501
0.77297
0.73916
0.82973
0.60544
0.8437
0.77309
0.74276
0.90961
0.69377
0.80805
0.81664
0.80065
0.62842
0.87843
0.7437
0.80402
0.96741
0.79601
0.71818
0.78896
0.7881
0.95763
0.83698
0.61503
0.93287
0.70406
0.77342
0.95346
0.59661
0.80491
0.84629
0.89158
0.51908
0.82894
0.66975
0.66659
0.48031
0.70438
0.91448
1.0368
0.82636
0.71098
0.9137
0.65012
0.86401
0.69176
0.61524
0.60781
0.78517
0.98041
0.71515
0.824
0.8545
0.92906
0.67954
0.72561
0.88055
0.87874
0.70027
0.83473
0.7889
0.68365
0.72925
0.40415
0.85456
0.8135
0.7259
0.64583
0.94225
0.69849
0.92331
0.77705
0.89829
0.84103
0.68596
0.65001
0.87007
0.96458
0.7569
0.86891
0.86282
0.81561
0.72407
0.89102
0.87202
0.81186
0.77268
0.9694
0.85589
0.77731
0.82133
0.92392
0.65823
0.65773
0.85402
0.87626
0.8976
0.84517
0.53193
0.73796
0.93214
0.89406
0.86807
0.94444
0.74381
0.66056
0.74911
0.80517
0.84764
0.80641
0.82787
0.99525
0.71541
0.92394
0.84555
0.67942
0.79172
0.7134
0.84164
0.74395
0.78361
0.83201
0.66289
0.82263
0.90399
0.81025
0.89695
0.93376
0.83024
0.56994
0.7729
0.68358
0.82986
0.83201
0.49681
0.86866
0.85609
0.744
1.034
0.91518
0.7201
0.60139
0.78266
0.87295
0.89258
0.83036
0.96534
1.0189
0.86352
0.65888
0.91832
0.5795
0.73633
0.98115
0.67287
0.75216
0.93641
0.92505
0.97017
0.72904
0.96505
0.664
0.88852
0.61595
0.89606
0.83108
0.66842
0.66604
0.92612
0.75148
0.60343
0.70631
0.60888
0.89668
0.70574
0.8863
0.76852
0.84103
0.42235
0.98541
0.78411
0.99329
0.48977
0.89677
0.74487
0.90981
0.6499
0.57024
0.81957
0.88198
0.71371
0.96527
0.70702
0.83808
0.72458
0.79971
0.88276
0.94745
0.85234
0.60593
0.86601
0.66347
0.85836
0.82262
0.96803
0.84961
0.94284
0.96216
0.74432
0.64638
0.73285
0.87333
0.75169
0.76728
0.83355
0.90551
0.86011
0.72265
0.71269
0.65242
0.63185
0.6856
0.8415
0.73694
0.90727
0.89071
0.88238
0.86511
0.88197
0.70725
0.72594
0.78997
0.83139
0.84422
0.81673
0.82597
0.77427
0.81579
0.77142
0.96301
0.76165
0.80261
0.69834
0.53086
0.87118
0.82545
0.61603
0.94345
0.72645
0.77153
0.59737
0.91169
0.72809
1.0171
0.51886
0.76578
0.66927
0.55417
0.84179
0.89124
0.96996
0.58456
0.71111
0.69766
0.85096
0.76659
0.6244
0.98197
0.97148
1.0094
0.78533
0.86365
0.51183
0.83484
0.91491
0.57005
0.76328
0.74296
0.71337
0.80878
0.77957
0.75613
0.43647
0.89742
0.7247
0.96957
0.82979
0.80397
0.8075
0.96218
0.84192
0.82586
0.71954
0.93876
0.96162
0.82796
0.56185
0.66085
0.86884
1.0663
0.87648
0.62123
0.71838
0.77258
0.7659
0.65216
0.55378
0.97962
0.76334
0.63607
0.66283
0.7941
0.80783
1.0305
0.82811
0.87972
0.74477
0.76975
0.8176
0.71039
0.78717
0.69026
0.84837
0.83041
0.6737
0.98875
0.75545
0.81093
0.68265
0.69304
0.87865
0.95189
0.52078
0.72972
0.5743
0.76446
0.94001
0.80705
0.65585
0.81148
0.73861
0.67897
0.93059
0.74662
0.71797
0.34661
0.82155
0.77663
0.94428
0.8395
0.98212
0.85943
0.79501
0.62425
0.72134
0.59943
0.90701
0.65078
0.66276
0.69568
1.0591
0.89647
0.8205
0.80426
0.61177
0.44012
0.77148
1.0314
0.84268
0.46108
0.81994
0.76385
0.61618
0.8861
0.68209
0.9242
0.83029
0.99349
0.84045
0.53344
0.77184
0.82281
0.85417
0.77329
0.7895
0.82136
0.91636
0.66661
0.8178
0.70391
0.86911
0.7316
0.7618
0.80862
0.64368
0.79464
0.79438
0.77592
0.84808
0.71374
0.69898
0.59094
0.78839
0.67443
0.91782
0.78163
0.71065
0.74151
0.90887
0.83715
1.0311
0.85139
0.93356
0.93374
0.90083
0.60504
0.92865
0.99866
0.72488
0.61445
0.94115
0.94637
0.92431
0.7211
0.5039
0.91361
0.90531
0.79033
0.83988
0.79856
0.78798
0.80466
0.92994
0.68647
0.82037
0.75571
0.84143
0.7614
0.8955
0.5689
0.86271
0.6415
0.85646
0.79095
0.95217
0.58758
0.6471
0.83167
1.0254
0.72888
0.89722
0.71481
0.93357
0.84254
0.81124
0.87056
0.50104
0.70696
0.95548
0.87229
0.74339
0.9192
0.75125
0.84822
1.0061
0.8136
0.5639
0.86134
0.34966
0.91484
0.7936
0.80456
0.60284
0.84651
0.62638
0.71787
0.88885
0.64278
0.94546
0.52611
1.0089
0.69274
0.84371
0.93945
0.90598
0.45368
0.63486
0.94714
0.73382
0.83649
0.60909
0.81404
0.73652
0.75488
0.88517
0.56281
0.52146
1.1167
0.90044
0.92958
0.69109
0.60039
0.5846
0.64419
0.30687
0.88481
0.66786
0.97602
0.86159
0.46417
0.86445
1.0885
0.9105
1.0538
0.71033
0.34014
0.83451
0.79157
0.67859
0.73335
0.80299
0.67433
0.68954
0.81961
0.85286
0.75122
0.76625
0.73465
0.85465
0.92205
0.77427
0.93317
0.73474
0.72128
0.67767
0.66776
0.69361
0.69581
0.63835
0.73424
0.51574
0.65798
0.80376
0.77771
0.70021
0.80137
0.77942
0.52995
0.93141
0.75937
0.77028
0.84752
0.70698
0.55377
0.90381
0.69648
0.65691
0.86719
0.54281
0.6113
0.97299
0.58671
0.71659
0.73385
0.93218
0.87621
0.81067
0.73655
0.62386
0.83804
0.68763
0.77882
0.62977
0.89473
0.83018
0.82031
0.70992
0.78698
0.63326
0.71655
0.74628
0.77455
0.79627
0.65051
0.47667
0.9296
0.76964
0.53026
0.77796
1.0172
0.72762
0.83052
1.0447
0.73187
0.66676
0.74389
0.82029
0.73944
0.69289
0.73383
0.81362
0.34931
0.84966
0.75464
0.88202
0.96383
0.8279
0.75004
0.79432
0.91483
0.86609
0.89659
0.85342
0.72506
0.85429
0.56526
0.59167
0.88977
0.70525
0.70215
0.63424
0.81213
0.64615
0.81709
0.94085
0.75946
0.90789
0.55589
0.95435
0.40532
0.58941
0.64558
0.75162
0.65236
0.80443
0.90026
0.73389
0.83714
0.88024
0.54824
1.022
0.87701
0.74514
0.80374
1.0321
0.84239
0.76418
0.56934
0.73531
0.64197
0.83766
0.8717
0.9295
0.86974
0.36305
0.71736
0.83602
0.55025
0.73379
0.73769
0.56064
0.60496
0.9633
0.7534
0.88112
0.81188
0.79244
0.71169
0.77768
0.96252
0.5945
0.75778
0.61528
0.82056
0.88558
0.79319
0.78414
0.88157
0.3808
0.77802
0.84346
0.87471
0.82742
0.91321
0.65296
0.95302
0.70679
0.63217
0.71558
0.83407
0.98851
0.77889
0.79757
0.9167
0.83216
0.90161
0.78734
0.67798
0.69542
0.80753
0.80804
0.75302
0.74979
0.88832
0.75835
0.90989
0.75068
0.70078
0.88021
0.92022
0.6416
0.8499
0.92358
0.77356
0.68302
0.84037
0.80357
0.91366
0.67797
0.76038
0.95223
0.83463
0.68837
0.72572
0.63614
0.64441
0.77796
0.70369
0.90487
0.77237
1.038
1.0256
0.58047
0.82611
0.71535
0.86109
0.8941
0.87647
0.66614
0.57492
0.76269
0.85294
0.73998
0.7748
0.74102
0.80953
0.89095
0.67871
0.78753
0.52622
0.68925
0.67428
0.84887
0.71842
0.79156
0.87262
0.71807
0.70755
0.92344
0.55823
0.64415
0.79531
0.75833
0.78813
0.75488
0.783
0.62764
0.95426
0.64449
0.80561
0.91448
0.90655
0.79172
0.5584
0.78819
0.81899
0.81756
0.98834
0.67985
0.70644
0.62319
0.5012
0.67976
0.67134
0.69361
0.58918
1.0013
0.93554
0.78571
0.62286
0.72257
0.66489
0.82113
0.86679
0.80794
0.78119
0.80503
0.81927
0.71912
0.53896
0.51984
0.58241
0.84662
0.48557
0.93436
0.58418
0.68268
0.87694
0.66558
0.74978
0.66102
1.1201
0.74821
0.77553
0.94446
0.88889
0.79468
0.9664
0.98498
0.90324
0.6979
0.6644
0.61908
0.69078
0.83411
0.80634
1.0659
0.69981
0.66769
0.90426
0.89228
1.0565
0.72192
0.86685
0.9231
0.73347
0.72435
0.9787
0.8557
0.44201
0.84893
0.71678
1.0999
0.9225
0.7671
0.89609
0.81273
0.70162
0.56064
0.68913
0.84064
0.81385
0.6392
0.77256
0.72749
0.97484
0.83128
0.48038
0.75911
0.72168
0.75947
0.6378
0.68871
0.85966
0.56847
0.57953
0.75722
0.62359
0.66334
0.72712
0.78808
0.9085
0.59213
0.72254
0.89139
0.73146
0.71442
0.54398
0.59627
0.75606
0.62436
0.62436
0.84558
0.80056
0.94813
0.88434
0.7447
0.53996
0.85399
0.85614
0.73175
0.78887
0.6927
0.84106
0.85659
0.79751
0.48143
0.74092
0.91783
0.88829
0.60174
0.80328
0.90785
0.93699
0.538
0.59584
0.70222
0.64722
0.81037
0.8817
0.80419
0.86837
0.94016
0.59603
0.87517
0.74813
0.74417
0.75091
0.41646
0.75432
0.84305
0.96114
0.90835
0.35649
0.84552
0.7738
0.78778
0.8033
0.78385
0.74509
0.95348
0.5531
0.74413
0.87205
0.84305
0.83819
0.8273
0.76472
0.97065
0.68904
0.78105
0.66376
0.67244
0.49275
0.77123
0.66415
0.85737
0.91523
0.87494
0.8977
0.81818
0.87185
0.99495
0.66879
0.68053
0.81949
0.65723
0.8014
0.96101
0.72259
0.71909
0.71974
0.52338
0.9565
0.80033
0.89247
0.76474
0.92871
0.84284
0.36772
0.76252
0.83432
0.63583
0.77203
0.67547
0.74193
0.84517
0.79836
0.78052
0.65385
0.79718
0.69608
0.8062
0.83895
1.0527
0.88202
0.89588
0.75002
0.89719
0.76451
0.99066
0.76106
0.88756
0.77504
0.79679
0.74767
0.78155
0.78743
0.90402
0.61938
0.89444
0.79393
0.77187
0.74875
0.78134
0.57755
0.7688
0.95844
0.73968
0.88171
0.63897
0.63452
0.82512
0.9313
0.66906
0.99123
0.7385
0.66079
0.74823
0.81552
0.53304
0.9134
0.86617
0.80108
0.78272
0.61589
0.74934
0.7465
0.49033
0.81819
0.70109
0.7377
0.74847
0.46573
0.99727
0.82918
0.77333
0.47413
0.79081
0.6228
0.62105
1.0391
0.49404
0.72607
0.57941
0.69031
0.52159
0.91124
0.98654
0.92908
0.87523
0.64051
0.52265
0.85416
0.89944
0.70884
0.73226
0.80693
0.68529
0.85253
0.88858
0.46724
0.68675
0.81619
0.90021
0.89166
0.68003
0.82072
0.8676
0.91393
0.83616
0.74455
0.77393
0.67809
0.87133
0.80352
0.86169
0.76713
0.83363
0.78658
0.69623
0.77633
0.67364
0.83553
0.62559
0.61785
0.75497
0.72808
0.70629
0.75168
0.89357
0.81827
0.67932
0.6524
0.833
0.67934
0.5939
0.98185
0.68236
0.68151
0.96056
0.95886
0.85533
0.71559
0.80837
0.8909
0.72252
0.55214
0.81908
0.90665
0.69141
0.7634
0.90037
0.70613
0.74978
0.72442
0.86203
0.74674
0.9137
0.83644
0.86928
0.78999
0.77707
0.86283
0.49226
0.48382
0.95928
0.54144
0.90136
0.7484
0.85216
0.7837
0.63415
0.83894
0.89806
1.0053
0.7914
0.7373
0.90917
0.72284
0.6613
0.72532
0.71254
0.89764
0.82557
0.69619
0.70651
0.86851
0.51312
0.85707
0.76535
0.69631
0.68154
0.77226
0.794
0.44176
0.84765
0.79782
0.98173
0.96428
0.81396
0.64325
0.88603
0.80698
0.87155
0.87323
0.83244
0.86482
0.76059
0.66849
0.82843
0.90512
0.81315
0.95497
0.83069
0.87384
0.57401
0.81657
0.91061
0.90947
0.89226
0.93381
0.84306
0.62454
0.68802
0.97024
0.51449
1.0192
0.67646
0.64508
0.65174
0.90258
0.7883
0.89868
0.91274
0.83989
0.82041
0.99693
0.94029
0.7102
0.91086
0.80807
0.67085
0.69202
0.86145
0.89105
0.92382
0.7142
0.61323
0.62159
0.72289
1.006
0.72443
0.9675
0.48623
0.77906
0.80942
0.82974
0.65111
0.9126
0.62353
0.77552
0.80386
0.84734
0.80446
0.6036
0.8356
0.88757
0.91048
0.79487
0.62652
0.77186
0.7573
0.76011
0.70928
0.7473
0.70869
0.90382
0.79415
0.71888
0.87479
0.91235
0.82536
0.81076
0.80906
0.74467
0.86664
0.71463
0.9528
0.78762
0.932
0.83396
0.81873
0.5378
0.91103
0.64587
0.89398
0.83255
0.78206
0.81027
0.94623
0.7477
0.69608
0.84293
0.72721
0.72846
0.82894
0.59071
0.49083
0.74694
0.65608
0.73004
0.60155
0.83363
1.0216
0.69517
1.0269
0.71009
0.93348
0.74283
0.56691
0.82155
0.66396
0.81149
0.94158
0.60121
0.71829
0.75498
0.84259
0.58815
0.66657
0.95063
0.8387
0.64397
0.84255
0.86984
0.9469
0.85729
0.83761
0.69273
0.76994
0.73976
0.71579
0.9485
0.91745
0.77852
0.83869
0.79326
0.72833
0.75544
0.88749
1.0122
0.90368
0.7844
0.82403
0.95923
0.84359
0.91643
0.9987
0.88994
0.92991
0.75329
0.87693
0.93597
0.67824
0.78157
0.70905
1.0669
0.75253
1.0323
0.82484
0.78065
0.68976
0.74636
0.80281
0.89251
0.53758
1.0441
0.93134
0.87239
0.73375
0.77356
0.78238
0.65687
0.71004
0.63308
0.83114
0.79268
0.95296
0.77176
0.92923
0.47083
0.88767
0.79178
0.39395
0.92026
0.819
0.94041
0.88641
0.8256
0.77073
0.72098
0.8007
0.77056
0.77127
0.81813
0.63989
0.74079
0.86111
0.69597
0.82302
0.73107
0.63376
0.88364
0.77102
0.86614
0.75483
0.71774
0.75261
0.92864
0.59906
0.82751
0.76398
0.79282
0.82516
0.56389
0.8435
0.79744
0.79036
0.74945
0.84712
0.75998
0.74129
0.86031
0.6118
0.74684
0.71745
0.88339
0.61273
0.64145
0.81874
0.71596
0.63556
0.73765
0.88779
0.94836
0.80648
0.89917
0.72863
0.65745
0.78752
0.81767
1.0112
0.54907
0.92585
0.54544
0.96249
0.75388
0.63132
0.75266
0.84511
0.66604
0.60331
0.79966
0.68648
0.82955
0.8996
0.97156
0.826
0.98483
0.6172
0.68229
0.84414
0.72296
0.76854
0.76948
0.76376
0.93952
0.85485
0.8498
0.90829
0.79251
0.55951
0.64379
0.88503
0.6523
0.65589
0.92598
0.92977
0.82579
0.68902
0.96303
1.0055
0.66235
0.61677
0.97385
0.81754
0.69355
0.6516
0.67138
0.80771
1.0592
0.47835
0.89522
0.5384
0.99289
0.77849
0.74095
0.55358
0.70426
0.58758
0.83346
0.64115
0.89124
0.94384
0.65326
1.0376
0.78102
0.83287
0.84052
0.75509
0.59778
0.6196
0.90226
0.69817
0.97153
0.44232
0.87401
0.95776
0.69995
0.85022
0.84783
0.6878
0.61996
0.80363
0.94028
0.73803
0.72289
0.66712
0.72961
0.80563
0.79185
0.89934
0.96368
0.70234
0.72838
0.7654
0.72947
0.79884
0.94988
0.75631
0.91225
0.89011
0.87594
0.47056
0.52417
0.61904
0.70391
0.72536
0.89328
0.91494
0.89784
0.61543
0.82918
0.65814
1.008
0.71513
0.98701
0.64881
0.70125
0.66917
0.7237
0.85914
0.65382
0.7614
0.82165
0.83273
0.78668
0.8958
1.0117
0.9083
0.96625
0.74884
0.9259
0.99319
0.90543
0.85127
0.81689
0.7509
0.91866
0.87192
0.80688
0.65717
0.81489
0.75771
1.0105
0.8463
0.82063
0.7571
0.72385
0.71684
0.80613
0.83943
0.58772
0.71926
1.0094
0.85038
0.93019
0.73296
0.84159
0.85618
0.73197
0.83178
0.76164
0.86154
0.83986
0.78966
0.82573
0.84964
1.0669
0.76061
0.42858
0.72833
0.98178
0.80134
0.86666
1.0171
0.9055
0.77437
0.86361
0.69798
0.89632
0.40305
0.89496
0.61919
1.0817
0.71405
0.63314
0.70917
0.90098
0.90289
1.0025
0.56927
0.82758
0.5327
0.54604
0.93631
0.60643
0.84025
0.69329
0.85197
0.75669
0.73254
0.71267
0.64951
0.80332
0.62393
0.68934
0.97511
0.94914
0.88188
0.79873
0.82639
0.80673
0.59507
0.68708
0.64973
0.86557
0.81012
0.80998
0.80517
0.98216
0.86965
0.65852
0.88956
0.97659
0.75275
0.71287
0.58747
0.80333
0.80079
0.89833
0.54356
0.78657
0.45372
0.84686
0.7494
0.78376
0.73403
0.87401
0.81651
0.78539
0.90253
0.56881
0.82229
0.69445
0.8317
0.93215
0.73276
0.67384
0.79895
0.86382
1.0361
0.81617
0.80445
0.62654
0.54724
0.63167
0.67589
0.84274
0.71328
0.68341
0.74964
0.76038
0.97839
0.56391
0.75713
0.69038
0.61235
0.74208
0.75153
0.95939
0.79393
0.6084
0.6576
0.89793
0.54711
0.63929
0.88932
0.93676
0.72877
0.57716
0.59995
0.91886
0.86462
0.82949
1.0589
0.87374
0.85974
0.67252
0.98919
0.80445
0.55836
1.002
0.72493
0.73372
0.51442
0.68406
0.62865
0.94148
0.85467
0.65679
0.95788
0.81605
0.92035
0.79849
0.90719
0.66784
0.82748
0.43112
0.74449
0.89378
0.77735
0.61978
0.60677
0.82614
0.82331
0.60045
0.80692
0.98052
0.72939
0.72829
0.863
0.68245
0.8741
0.87236
0.84323
0.8371
0.39528
0.7666
0.70134
0.65287
0.83413
0.70414
0.73871
0.81403
0.86051
0.51212
1.011
0.58236
0.63364
0.8541
0.81124
0.89063
0.76885
0.89797
0.72792
0.71104
0.87326
0.6105
0.71042
0.63118
0.93569
0.86655
0.80629
0.96516
0.89895
0.79722
0.54884
0.82258
0.61119
0.66163
0.73165
0.69034
0.84574
0.64216
0.96041
0.59924
0.70924
0.87705
0.81427
0.84523
0.9739
0.85001
0.71539
0.86002
0.8292
0.97145
0.81206
0.69586
0.93728
0.6976
0.83594
0.82411
0.95412
0.62335
0.96843
0.81516
0.81835
0.56389
0.8296
0.80982
0.80767
0.79505
0.74987
0.60617
0.78031
0.85514
0.6347
0.73157
0.86763
0.589
0.86257
0.87581
0.78354
0.78788
0.88579
0.75772
0.79024
0.87997
0.80392
0.66588
0.81635
0.7003
0.7719
0.67189
0.80085
0.77825
0.48092
1.0043
0.74365
0.64961
0.80662
0.74321
0.97335
0.86645
0.88964
0.77466
0.85575
0.96581
0.8006
0.9575
0.90487
0.97734
0.62881
0.93109
0.76379
0.52073
0.55837
1.0379
0.89715
0.6567
0.876
0.74438
0.93323
0.896
0.67935
0.97871
0.73204
0.87202
0.81232
0.82588
0.86896
0.59879
0.82842
0.85075
0.80065
0.62371
0.88034
0.84082
0.8215
0.73556
0.93735
0.87155
0.89625
0.63631
0.76866
0.64943
0.82311
0.82881
0.78959
0.8481
0.93373
0.71193
0.91211
0.62443
0.83701
0.9533
0.51994
0.71949
1.024
0.87154
0.77733
1.0615
0.62506
0.75556
0.94884
0.83207
0.87324
0.98195
0.83484
0.68303
0.75068
0.88722
0.66027
0.86516
0.87853
0.77719
0.41039
0.91823
0.93018
0.90311
0.79622
0.99629
0.5831
0.89013
0.98752
0.72865
0.82602
0.90253
0.80695
0.75648
0.75198
0.80236
0.78261
0.55679
0.76241
0.84531
0.99195
0.9453
0.74279
0.75824
0.98305
0.65171
0.88904
0.71455
0.88287
0.70329
0.89065
0.834
0.74948
0.87818
0.64455
0.57308
0.94271
0.85118
0.78172
0.8918
0.62546
0.80916
0.77448
0.97399
0.66204
0.66861
0.72726
0.64878
0.88397
0.45147
0.80845
0.99036
0.65452
0.98728
0.67642
0.79725
0.74695
1.0272
0.89456
0.74467
0.77501
0.80653
0.98785
0.75263
0.67142
0.9274
0.49539
0.53925
0.74223
0.91616
0.84385
0.94843
0.90362
0.73293
0.89521
0.78607
0.84736
0.65793
0.95043
0.63034
0.64486
0.79599
0.8922
0.87051
0.79947
0.77961
0.60268
0.72615
0.85266
0.9066
0.99668
0.79507
0.70355
0.94815
0.77028
0.74085
0.61725
0.96404
0.74233
0.76435
0.98851
0.82236
0.64983
1.0468
0.71095
0.87473
0.83194
0.55107
0.59174
0.79552
0.66609
0.6731
0.7596
0.79412
0.76962
0.64554
0.72978
0.88785
0.62249
0.8224
0.39602
0.6451
0.75866
0.98296
0.98321
0.8679
0.69438
0.82005
0.69042
1.0216
0.9026
0.76099
0.97797
0.76082
0.81784
0.6094
0.88878
0.78334
0.72642
0.65965
0.86094
0.86174
0.7783
0.88519
0.35584
0.38064
1.0132
0.61048
0.80339
0.99917
0.64665
0.84244
0.85159
0.83187
0.85775
0.80664
0.73768
0.99482
0.76321
0.82363
0.77556
0.61515
0.39803
0.77029
0.81705
0.90576
0.68448
0.84598
0.99315
0.93077
0.62906
0.72999
0.61483
0.69077
0.76719
0.82577
0.77581
0.73184
0.8955
0.80154
0.7217
0.89618
0.86766
0.80033
0.803
0.7131
0.93561
0.78739
0.88243
0.69898
0.65625
0.81748
0.72736
0.79888
0.92782
0.75672
0.88174
0.85624
0.89136
0.82615
0.66004
0.77266
0.73652
0.81707
0.69196
0.71996
0.85023
0.66435
0.76727
0.6349
0.53853
0.53861
0.86659
0.79613
0.84196
0.78522
0.72828
0.67342
0.7903
0.48849
0.69882
0.66058
0.78308
0.9878
0.79591
0.54159
0.81897
0.42234
0.72107
0.78903
0.8401
0.60128
0.82067
0.95961
0.59147
0.53042
0.93665
0.82461
0.88249
0.80327
0.86824
0.87056
0.77935
0.81935
0.74351
0.906
0.33355
0.81218
0.73633
0.79217
0.56212
0.68288
0.78279
0.6873
0.81124
0.73015
0.73405
0.95032
0.77342
0.81553
0.41159
0.63748
0.79797
0.61179
1.0918
0.65551
0.6325
0.74184
0.59923
0.71282
0.80273
0.63341
0.65402
0.86867
0.48487
0.85894
0.86437
0.75913
1.0168
0.78256
0.81989
0.74516
0.93082
0.71857
0.82168
0.77143
0.67784
0.71787
0.8718
0.66018
0.9369
0.7697
0.96884
0.95154
0.80135
0.58234
0.97904
0.78914
0.74868
0.81655
0.72498
0.9952
0.78046
0.76165
0.87981
0.73003
0.84275
0.83161
0.90547
0.73868
0.71868
0.74105
0.92835
0.83629
0.63754
0.8682
0.7145
0.90691
0.58751
0.93443
0.83208
0.79365
0.77288
0.79273
0.88376
0.39988
0.82589
0.59099
0.7093
0.89353
0.67395
0.93803
0.7459
0.92745
0.66152
0.83886
0.9
0.71949
0.77094
0.41204
0.97835
0.96873
0.68804
0.8015
0.76532
0.77162
0.84942
0.8274
0.79024
0.8717
1.0354
0.82827
0.8543
0.87108
0.54622
0.82668
0.92023
0.8631
0.86475
0.78821
0.84306
0.87983
0.70343
0.89323
1.0009
0.76104
0.80804
0.9693
0.92048
0.9218
0.95136
0.85377
0.72468
0.91401
0.9209
0.54098
0.85339
0.71947
0.82247
0.92678
0.79916
0.66866
0.79872
0.89122
0.64526
0.81114
0.8536
0.86714
0.53317
0.76801
0.60348
0.82026
0.60015
0.57547
0.59533
0.70542
0.87916
0.90347
0.72648
0.84537
0.77389
0.72626
0.51043
0.92797
0.72671
0.4331
0.71637
0.9961
0.81909
0.82399
0.92405
0.79669
0.69268
0.81405
0.78861
0.79558
0.94288
0.71438
0.89482
0.80976
0.73994
0.78092
0.96311
0.55151
0.74355
0.87289
0.73432
0.75407
0.74332
0.8824
0.47869
0.78574
0.87574
0.83151
0.59045
0.76559
0.8304
0.79585
0.78626
0.9623
0.93147
0.90196
0.86301
0.88571
0.80262
0.67658
0.78162
0.59472
0.71747
0.78669
0.93154
0.68398
0.64628
0.70723
1.0221
0.77037
0.93386
0.9194
1.015
0.78127
0.79682
0.84566
0.53918
0.95756
0.82709
0.69209
0.75963
0.88881
0.83865
0.53008
0.98035
0.42494
0.65874
0.77761
0.61466
0.67995
0.83635
0.55912
0.91988
0.71405
0.79282
0.61263
0.79642
0.83398
0.93022
0.83968
0.77561
0.88715
0.79022
0.75306
0.74432
0.92433
0.9818
0.81063
0.8165
0.71258
0.50867
0.79374
0.89908
0.75623
0.65528
0.76081
0.73884
0.96632
0.76373
0.82556
0.57919
0.69355
0.69379
0.83277
0.77071
0.76419
0.66769
0.83964
0.82815
0.89269
0.83067
0.89947
0.4176
0.74342
0.7889
0.80906
0.63348
0.9442
0.85848
0.72847
0.81538
0.41774
0.94452
0.79291
0.68902
0.77685
0.81548
0.79368
0.69708
0.84341
0.77192
0.81956
0.75293
0.74813
0.69979
0.69989
0.66056
0.35238
0.83678
0.50745
0.85321
0.69497
0.66599
0.87174
0.92109
0.72083
0.90912
0.72496
0.90011
0.84479
0.6326
0.66485
0.57963
0.85647
0.88197
0.99711
0.55729
0.8823
0.78486
0.74536
0.7211
1.0158
0.98686
0.64363
0.74373
0.74879
0.75396
0.75921
0.82514
0.67247
0.62075
0.68036
0.88762
0.65787
0.7426
0.88854
0.8298
0.61808
0.85647
0.80555
0.91622
0.75726
0.90297
0.73543
0.84204
0.70038
0.80956
0.74952
0.74193
0.70572
0.6923
0.57864
0.78507
0.82446
0.88184
0.9791
0.83407
0.61993
0.80291
0.91222
0.69169
0.93206
0.97041
0.974
0.8624
0.90838
0.62479
0.95482
0.66772
0.65264
0.95201
0.65556
0.81781
0.79354
0.76273
0.77846
0.8036
0.87208
0.63899
0.76945
0.86862
0.69646
0.84107
0.79454
0.89107
0.70333
1.0211
0.66772
0.83615
0.82752
0.83237
0.98514
0.58346
0.82295
0.93712
0.79443
0.8003
0.87027
0.85993
0.84203
0.77708
0.70569
0.82606
0.84495
0.83222
0.88494
0.69904
1.0532
0.75485
0.60526
0.77103
0.38964
0.76589
0.74252
0.7497
0.84675
0.7583
0.89086
0.73461
0.8684
0.55386
0.76282
0.91929
1.0516
0.75944
0.67467
0.74626
0.8401
0.47827
0.95911
0.83296
1.0094
0.91917
0.84061
1.0154
1.0001
0.37556
0.79197
0.86811
0.37815
0.58085
0.406
0.60356
0.90504
0.9211
0.53292
0.85443
0.86088
0.84286
0.5817
0.93515
0.75307
0.61817
0.88629
0.97912
0.82926
0.87836
0.82213
0.72695
0.76341
0.96763
0.70634
0.6929
0.81349
0.94525
0.90322
0.75136
0.60502
0.80182
0.649
0.76842
1.045
0.67422
0.68023
0.93446
0.77626
0.81313
0.17023
0.86811
0.93608
0.71604
0.8774
0.75826
0.9499
0.87004
0.88187
0.93296
0.46462
0.97524
1.0045
0.91823
0.93547
0.79064
0.65563
0.9045
1.0408
0.6695
0.97885
0.89794
0.33249
0.66168
0.96033
0.86596
0.79056
0.73739
0.84307
0.7959
0.54098
0.74451
0.77183
0.88635
0.79792
0.74212
0.77124
0.74056
0.74577
0.65691
0.94596
0.91161
1.0294
0.57785
0.94437
0.8433
0.96678
0.59801
0.82591
0.74426
0.39831
0.73903
0.57312
0.95677
0.74979
0.85189
0.95387
0.92553
0.64568
0.70253
0.62994
0.80336
0.91608
0.62886
0.9997
0.81934
0.84911
0.76217
0.49552
0.63631
0.72326
0.97335
0.7852
0.71612
0.86555
0.92594
0.92844
0.63839
0.79876
0.97304
0.99059
0.86247
0.80284
0.99647
0.56993
1.0438
0.76541
0.84081
0.97054
0.74667
0.99806
0.49801
0.57287
0.83879
0.76828
0.82637
0.82826
0.71409
0.95163
0.69009
0.7917
0.62829
0.74666
0.5172
0.91443
0.9142
0.95746
0.69943
1.0242
0.88466
0.54217
0.50091
0.89767
0.84023
0.46396
0.55642
0.75841
0.79736
0.80834
0.88361
0.75942
0.6647
0.82038
0.79085
0.89496
0.90289
0.68768
0.7879
0.86752
0.68872
0.81895
0.68389
0.80521
0.90274
0.70434
0.87026
0.87475
0.86008
0.86494
0.78461
0.64087
0.8042
0.73084
0.81872
0.91793
0.92195
0.66058
0.797
0.65247
0.79824
0.551
0.95276
0.92326
0.60935
0.4022
0.50849
0.54567
0.77085
1.013
0.42419
0.88155
0.55644
0.85799
0.97305
0.67049
0.9459
0.80952
0.9286
0.84512
0.80073
0.45725
0.96389
0.86945
0.5482
0.83883
0.71506
0.86048
0.96125
0.61351
0.87728
0.90699
0.65529
0.89441
0.91608
0.98423
0.81036
0.72937
0.61782
0.66763
0.95588
0.78446
0.47123
0.83986
0.79372
0.67601
0.84355
0.71811
0.87216
0.84973
0.87546
0.72883
0.79769
0.80764
1.0018
0.99095
0.78976
0.98638
0.78749
0.66512
0.84944
0.58677
0.76756
0.62638
0.59006
0.87357
0.76844
0.85174
0.85966
0.92615
0.84932
0.68477
0.71401
0.57002
0.81241
0.73546
0.66507
0.63034
0.66101
0.80641
0.90003
0.62339
0.93791
0.75012
0.67317
0.88705
0.69313
0.90082
0.86384
0.53043
0.95754
0.83709
0.77382
0.79627
0.94122
0.78902
0.90699
0.94657
0.99745
0.93456
0.82779
0.51999
0.73227
0.86461
0.66624
0.82938
0.6271
0.81882
0.51866
0.87019
0.90521
0.5087
0.84493
0.80689
0.88166
0.82337
0.71815
0.71709
0.83976
0.67108
0.70553
0.59895
0.65592
0.85744
0.79802
0.92883
0.97294
0.74654
0.74214
0.73632
0.92762
0.62895
0.85049
0.87467
0.82143
1.0217
0.62102
0.91829
0.64091
0.83513
0.5583
0.71384
0.87477
0.53099
0.8195
0.82624
0.51873
0.55684
0.85525
0.90227
0.69888
0.74739
0.60154
0.80119
0.87611
0.77564
0.59325
0.95555
1.0261
0.8547
0.79244
0.91225
0.64081
0.73728
0.82532
0.75163
0.87437
0.91097
1.0178
0.77994
0.82649
0.8178
0.59302
0.78668
0.97856
0.58141
0.74765
0.88161
0.742
0.78561
0.90087
0.8214
0.80022
0.49432
0.81046
0.84773
0.53334
0.72209
0.79846
0.73084
0.72399
0.73814
0.89877
0.59301
0.89444
0.91902
0.80436
0.55192
0.8854
0.77769
0.55889
0.69381
0.85357
0.78007
0.77621
0.82033
0.68942
0.51095
0.93796
0.72734
0.92081
0.72558
0.56059
0.81148
0.78808
0.96958
0.79889
0.64048
0.8561
0.86679
0.74511
0.70176
0.58498
0.88274
0.99027
0.84642
0.36526
0.77074
0.95748
0.8819
0.87895
0.72422
0.56057
0.78781
0.41859
0.9131
0.83188
0.92321
0.72043
0.72908
0.41767
0.73585
0.87014
0.81657
0.8418
0.65003
0.76645
0.85056
0.88755
0.82904
0.96777
0.59581
0.63564
0.87886
0.73947
0.49444
0.79625
0.81538
0.90474
0.76844
0.59289
0.88648
0.62504
0.80823
0.82637
0.8011
0.78064
0.57012
0.8291
0.74877
0.62068
0.81045
0.79334
0.81196
0.96822
0.65826
0.9761
0.78312
0.78649
0.98078
1.0085
0.59459
0.83341
0.97839
0.71032
0.89376
0.8096
0.90891
0.79384
0.70477
0.73613
0.85855
0.96083
0.90712
0.65336
0.84754
0.85616
0.60447
0.91826
0.87322
0.91143
0.92683
1.0195
0.66197
0.71059
0.86868
0.91716
0.78949
0.94265
0.60682
0.73483
0.70211
0.56808
0.76388
0.99295
0.93428
0.77738
0.886
0.60325
0.67624
0.69425
0.71108
0.91644
0.69913
0.91311
0.85945
0.96036
0.85938
0.88447
0.78383
0.44604
0.60699
0.82723
0.96139
0.45372
0.90821
0.77106
0.86084
0.70019
0.67771
0.69639
0.67892
0.80454
0.55392
0.72818
0.88213
0.9069
0.83859
0.75625
0.93537
0.71303
0.88717
0.70264
0.64175
0.75134
0.81405
0.69015
0.69332
0.89462
0.6967
0.94154
0.44177
0.82391
0.74962
0.78166
0.5765
0.99376
0.59811
0.91171
0.65228
0.63903
0.66219
0.66512
0.83039
0.77819
0.66813
0.88025
1.0056
0.9112
1.0238
0.64846
0.68362
0.83825
0.77509
0.93086
0.85638
0.8368
0.70607
0.8744
0.81713
0.82295
0.4844
0.74598
0.78609
0.63448
0.98628
0.79683
0.91024
0.77263
0.74621
0.86409
0.70624
0.96828
0.8015
0.88664
0.70222
0.80548
0.64076
0.93013
0.7682
0.79656
0.94026
0.7413
0.88952
0.69626
0.81599
0.91343
0.81738
0.76464
0.85374
0.66872
0.6935
0.72268
0.87615
0.86347
0.68104
0.74095
0.66682
0.50783
0.94012
0.57302
0.62463
0.82495
0.80623
0.83641
0.53298
0.79586
0.84665
0.68962
0.76388
0.77356
0.86459
0.67343
0.70959
0.72152
0.59423
0.66873
0.85911
0.91422
0.78415
0.81052
0.87651
0.33114
0.9081
0.8342
0.73348
0.858
0.7568
0.96504
0.95047
0.83773
0.91986
0.8647
0.83633
1.0438
0.84913
0.7521
0.86195
0.81387
0.47576
0.83366
0.43284
0.78075
0.87451
0.63534
0.69803
0.62484
0.88621
0.95462
0.61517
0.62044
0.42974
0.80024
0.51043
0.73779
0.75155
0.63003
1.1005
0.88528
0.9114
0.94613
0.60048
0.84984
0.68368
0.8048
0.70329
1.0146
0.68719
1.1179
0.8373
0.87904
0.80283
0.73989
0.94856
0.5082
0.71336
0.57494
0.93578
0.93458
0.73651
0.71983
0.64702
0.94062
0.88426
0.83559
0.86627
0.83726
0.7939
0.83147
0.42762
0.75073
0.83109
0.80153
0.84344
0.77098
1.0041
0.68699
0.73246
0.72833
0.71982
0.76593
0.52155
0.91912
0.76961
0.74249
0.64921
0.88732
0.96706
0.97261
0.93547
0.52754
0.94883
0.49731
0.72252
0.82866
0.33007
0.91523
0.80637
0.6663
0.64308
0.70926
0.52829
0.76456
0.75575
0.86562
0.62432
0.57498
0.99059
1.0833
0.65937
0.71955
0.76171
0.66531
0.87555
0.61953
0.73209
0.86053
0.71898
0.89801
0.55444
0.80988
0.86917
0.77134
0.76218
0.55083
0.58459
0.73801
0.96925
0.46856
0.65684
0.7434
0.90458
0.76376
0.96506
0.78484
0.73952
0.82653
1.0286
0.76664
0.87058
0.34602
0.89828
0.7886
0.90106
0.84166
0.92479
0.5514
0.79233
0.83304
0.68221
0.89968
1.0527
0.83602
0.66661
0.76359
0.75086
0.68906
0.91878
0.88868
0.67981
0.58065
0.45742
0.71849
0.75488
0.73491
0.90306
0.93506
0.67915
0.70364
0.90575
0.79098
0.79848
1.0424
0.6034
0.64885
0.64752
0.61623
0.75732
0.85787
0.90062
0.84467
0.77488
0.96781
0.87477
0.63291
0.47983
0.87751
0.72387
0.88757
0.64593
0.87603
0.58568
0.80875
0.88875
0.89742
0.77307
0.76295
0.74987
0.72195
0.87619
0.74758
0.91479
0.66148
0.49756
0.73517
0.53782
0.75032
0.80612
0.94857
0.61747
0.7837
0.84272
0.76757
0.86447
0.44378
0.66018
0.81978
0.93904
0.65957
0.91586
0.72678
0.91913
0.78987
0.86874
0.59136
0.76636
0.81971
0.82235
0.55283
0.75217
0.89357
0.71818
0.73873
0.92167
0.85446
0.53094
0.8432
0.81923
0.82439
0.75484
0.86873
0.74295
0.73024
0.85641
0.50864
0.56045
0.85103
0.57272
0.61183
0.86137
0.69359
0.81471
0.65979
0.77108
0.62634
0.88552
0.72512
0.74603
1.0133
0.6705
0.80556
0.58744
0.86069
0.79383
0.52938
0.52933
1.0154
0.67002
0.68057
0.93986
0.67576
0.70921
0.78099
0.78756
0.69267
0.55358
0.79399
0.95684
0.74546
0.8554
0.70854
0.79233
0.68212
0.96553
0.82797
0.82688
0.58689
0.70255
0.71286
0.94191
0.88884
0.77485
0.79667
0.94216
0.58028
0.89415
0.48403
0.88451
0.79914
0.85863
0.80144
0.77111
0.72348
0.80975
0.80043
1.066
0.5657
0.89639
0.95935
0.83475
0.68475
0.8045
0.8839
0.83993
0.59881
0.49211
0.76352
0.58382
0.55738
0.91249
0.79086
0.88338
0.86921
0.44613
0.41721
0.64345
0.61913
0.86085
0.86211
0.87748
0.72821
0.97278
0.94486
0.60096
0.84702
0.94095
0.89723
0.88637
0.53418
0.80157
0.68563
0.7393
0.83705
0.80952
0.71098
0.9033
0.8151
0.79924
0.60841
0.66023
0.79232
0.78896
0.91934
0.82779
1.0207
0.59041
0.72172
0.47681
0.36756
0.58698
0.62846
0.9823
0.79218
0.97943
0.72785
0.69231
0.90112
0.5258
0.71943
0.42066
0.83146
0.8979
0.81162
0.83245
0.8714
0.3824
0.74287
0.70489
0.89752
0.81412
0.53707
0.61106
0.84453
0.81344
0.72637
0.64203
0.75108
0.67449
0.89493
0.62473
0.74471
0.87238
0.85825
0.80218
0.82554
0.54147
0.81641
0.56958
0.70049
0.79462
0.56749
0.72891
0.69501
0.95739
0.45943
0.5577
0.85729
0.65082
0.76997
0.77968
0.73702
0.98375
0.64901
0.62835
0.75557
0.87031
0.84239
0.93256
0.69163
0.78639
0.76766
0.9013
0.73105
0.8588
0.82112
0.59358
0.83522
0.86576
0.99024
0.84228
0.74255
0.8187
0.75587
0.5438
0.81178
0.77483
0.88767
0.94338
0.76098
0.70182
0.87819
0.69547
0.88141
0.59889
0.88304
0.7319
1.0258
0.82728
0.60364
0.62864
0.47912
0.4426
0.75055
0.75062
0.49619
0.93097
0.8545
0.90072
0.42805
0.60719
0.55346
0.77957
0.79752
0.8504
0.92453
0.87702
0.67431
0.69026
0.83833
0.93104
0.72102
0.95441
0.85927
0.78428
0.80045
0.91574
0.8307
0.84887
0.7112
0.58967
0.90802
0.88558
0.91551
0.60928
0.93997
0.84827
0.60928
0.9105
0.89837
0.64847
0.81738
0.96233
0.99434
0.84331
0.63713
0.82626
0.7902
0.70678
0.87311
0.96476
0.90662
0.64627
0.83233
0.81119
0.7239
0.86826
0.72698
0.67303
0.75123
0.95959
0.9515
0.68738
1.0242
0.87944
0.89481
0.987
0.8328
0.86651
0.87112
0.58433
0.80735
0.56678
0.86985
0.93908
0.71537
0.7303
0.98541
0.70909
0.84152
0.53455
0.73193
0.78775
0.65652
0.59645
0.94581
0.7132
0.81826
0.84511
0.62346
0.5198
0.81644
0.83357
0.83849
0.80136
0.92662
0.47278
0.62737
0.59202
0.97884
0.7376
0.82636
0.89945
0.66364
0.77819
0.84486
0.85621
0.89903
1.0163
0.80614
0.87367
0.60054
0.79338
0.89776
0.86862
0.75705
1.0109
0.65629
0.92443
0.766
0.94343
0.9063
0.86881
0.79168
0.72097
0.66015
0.94956
0.79682
0.79595
0.89038
0.77171
0.83776
0.81326
0.75977
0.85731
0.78746
0.87192
0.71121
0.8387
0.69923
0.91334
0.57171
0.8321
0.87195
0.79412
0.75001
0.89112
0.66028
0.50784
0.7301
0.5712
0.83246
0.83386
0.605
0.68597
0.77998
0.99885
0.99196
0.95479
0.52296
0.76123
0.78149
0.83558
0.80761
0.72102
0.95076
0.74735
0.67728
0.7463
0.85185
0.6752
0.76418
0.4423
0.80822
0.5135
0.93031
0.83427
0.96977
0.86898
0.60431
0.69749
0.60547
0.96036
0.93081
0.58737
0.84642
0.67554
0.58731
0.97399
0.90707
0.91156
0.90864
0.38836
0.73407
0.76492
0.66411
0.80057
0.75469
0.73938
0.74239
0.79675
0.80209
0.74094
0.65767
0.9803
0.78558
1.0664
0.82492
0.81931
0.77274
0.93472
0.8008
0.63796
0.62251
0.62907
0.7106
0.76825
0.85662
0.87591
0.56128
0.80666
0.64983
0.46485
0.84802
1.1104
0.64707
0.89821
0.98381
0.7072
0.96694
0.85297
0.65206
0.62282
0.55664
0.64401
0.75579
0.88068
0.8982
1.0067
0.71195
0.7346
0.772
0.63835
0.79553
0.63994
0.96073
0.91193
0.70292
0.77014
0.91178
0.78453
0.86455
0.96757
0.65155
0.89704
0.20883
0.70056
0.74943
0.91394
0.57666
0.78773
0.91576
0.64328
0.71289
0.86314
0.87242
0.83977
1.0097
0.73663
0.79019
0.82158
0.81735
0.8673
0.89355
0.62923
0.85934
0.70572
0.9581
0.80493
0.92716
0.53225
0.8222
0.69046
0.76991
0.88598
0.70189
0.91271
0.74682
0.81254
0.94512
0.52324
0.8773
0.84421
0.88231
0.99935
0.84612
0.91226
0.63513
0.99644
0.7645
0.71793
0.6789
0.92391
0.56974
0.54159
0.69088
0.76475
0.87204
0.91651
0.75935
0.69108
0.75616
0.5416
0.50782
0.57802
0.87323
0.80324
0.82818
0.66367
0.84265
0.96219
1.0187
0.74832
0.8453
0.80936
0.91086
0.44479
0.57152
0.77208
0.87804
0.55023
0.54282
0.92928
0.82502
0.85753
0.76143
0.86831
0.77808
0.83283
0.98294
0.5185
0.89774
0.63955
0.78784
0.93328
0.9811
0.61242
0.84589
0.90147
0.93018
0.99963
0.65789
0.9227
0.68877
0.83269
0.88481
0.84946
0.94073
0.76309
0.95482
0.8688
0.93905
0.77825
0.60573
0.87241
0.88086
0.95507
0.79156
0.59561
0.93589
0.94172
0.66541
0.99705
0.82539
0.84784
0.59604
0.92531
0.81722
0.62701
0.76046
0.43403
0.87525
0.7766
1.0417
0.73767
0.75789
0.67842
0.89073
0.91212
0.82628
0.81139
0.81306
0.71184
0.92131
0.67364
0.78895
0.79559
0.87832
0.73302
0.81288
0.81308
0.75211
0.85418
0.8278
0.80009
0.93217
0.75331
0.60903
0.91755
0.60541
0.79145
0.85803
0.79892
0.75282
0.55088
0.81538
0.7555
0.85919
0.82495
0.61468
0.63615
0.76024
0.93677
0.83524
0.96604
0.80087
0.87227
0.74353
0.6964
0.97902
1.0629
0.57801
0.88502
0.96711
0.80249
0.59259
0.77496
0.74723
0.72886
0.83786
0.99721
0.75187
0.71808
0.56113
0.82747
0.63188
0.85209
0.5844
0.76115
0.62883
0.79649
0.87277
0.92575
0.63808
0.68422
0.64345
0.52876
0.43408
0.77144
0.77028
0.64897
0.72274
0.86117
0.96686
0.87322
0.71692
0.84271
0.61575
0.83689
0.82837
0.9301
0.76502
0.83487
0.81617
0.81113
0.73269
0.74671
0.57638
0.95727
0.84486
1.0153
0.75699
0.81208
0.6834
0.91541
0.75588
0.90765
0.8756
0.87242
0.74684
0.96779
0.8916
1.0128
0.70935
0.814
0.87581
0.72292
0.68005
0.88075
0.68252
0.77121
0.69405
0.83495
0.65272
0.82773
0.93543
0.91032
0.73063
0.87532
0.79336
0.82913
0.94075
0.832
0.78133
0.66491
0.84262
0.68557
0.72291
0.70414
0.87906
1.0339
0.82183
0.70962
0.84805
0.87919
0.76772
0.57619
0.69173
0.83147
0.7612
0.65991
0.79158
0.55315
0.57107
0.70479
0.86667
0.8245
0.69015
0.84123
0.86049
0.92749
0.60697
0.88788
0.56997
0.52326
0.78633
0.79959
0.52489
0.75002
0.47036
0.839
0.90711
0.98265
0.81034
0.92009
0.80912
0.88067
0.93166
0.91784
0.82123
0.61121
0.86663
0.72439
0.76657
0.6483
0.77007
0.4762
0.78266
0.87405
0.97209
0.75283
0.79132
0.72662
0.71623
0.98781
0.82286
0.68964
0.75745
0.82276
0.77955
0.88435
0.7433
0.6386
0.80034
0.72573
0.76471
0.65952
0.76051
0.89056
0.78064
0.85321
0.85003
0.7889
0.74591
0.57758
0.82996
0.84116
0.6545
0.56154
0.81156
0.66363
0.71851
0.7231
0.68845
0.94674
0.76578
0.98167
0.67187
0.71702
0.68814
0.78268
0.83537
0.86914
0.89744
0.68016
0.88349
0.7593
0.89072
0.75582
0.67318
0.67693
0.90876
0.84501
0.86193
0.72165
0.93985
1.0324
0.87296
0.74398
0.82011
0.70234
0.72216
0.54577
0.89589
0.73862
0.98213
0.85096
0.88073
0.69378
0.99083
0.87341
0.69997
0.68331
0.63392
0.6104
0.86213
0.93025
0.62064
0.88372
0.7625
0.89908
0.95242
0.81844
0.60123
0.90713
0.74574
0.8971
0.7194
0.65624
0.96968
0.78541
0.82493
0.5653
0.76283
0.90914
0.8986
0.77448
0.61932
0.94729
0.94824
0.95062
0.89806
0.83828
0.71747
0.71502
0.9424
0.74384
0.91227
0.68146
0.86935
0.61662
0.54279
0.89499
0.83544
0.67957
0.93478
0.94396
0.84679
0.67407
0.85873
0.85157
0.56843
0.65891
0.53714
0.73813
0.93382
0.52903
0.68209
0.739
0.48959
0.65146
0.79133
0.88475
0.78474
0.89382
0.59795
0.81669
0.89576
0.94355
0.86219
0.87548
0.92968
0.82011
0.49128
0.70876
0.84248
0.84817
0.77453
0.90397
0.79195
0.89588
0.84457
0.57409
0.78798
0.52707
0.83521
0.71044
0.85613
0.62539
0.92179
0.8528
0.72996
0.82881
0.74646
0.82901
0.85551
0.87251
0.97769
0.61472
0.86489
0.68164
0.60826
0.57376
0.63822
0.82404
0.86205
0.75938
0.84765
0.82985
0.5509
0.87909
0.71484
0.61564
0.73822
0.93401
1.0216
0.8312
0.62368
0.66582
0.86528
1.0468
0.78546
0.84901
0.92137
0.6789
0.82514
0.70403
0.62296
0.85356
0.7609
0.79067
0.83662
0.84369
0.85862
0.86251
0.77465
0.67984
0.8251
0.76946
0.77052
0.64229
0.39102
0.85498
0.76659
0.82081
0.87864
0.74089
0.76059
0.67765
0.58323
0.64346
0.73908
1.0035
0.58821
0.77145
0.80225
0.70222
0.862
0.93604
0.85283
0.64667
0.58617
0.8552
0.69679
0.62997
0.76034
0.90193
0.85037
0.90813
0.81541
0.85409
0.53553
0.56148
0.50729
0.95256
0.82977
0.93256
0.61734
0.75804
0.75854
0.61875
0.76074
0.51826
0.71633
0.84742
0.76185
0.96719
0.71231
0.72427
0.88099
0.84405
0.84024
0.84965
0.91533
0.9463
0.61137
0.87514
0.87694
0.83175
0.80097
0.89401
0.72147
0.83395
0.35398
0.89253
0.67067
0.92248
0.89937
0.7453
0.72091
0.6032
0.81793
0.73057
0.89679
0.82849
0.82582
0.66943
1.0005
0.84913
1.0222
0.67837
0.94945
0.72091
0.63121
0.63325
0.63584
0.81954
0.83503
0.82929
0.77014
0.56369
0.83522
0.7349
0.76192
0.67039
0.79658
0.92833
0.87745
0.87933
0.76828
0.622
0.66541
0.51245
0.94326
0.75402
0.8894
0.9436
0.78072
0.89617
0.72761
0.86173
0.76302
0.68925
0.76836
0.82643
0.66832
0.82389
0.74731
0.84367
0.60325
0.8677
0.9104
0.86972
0.92886
0.83971
0.94909
0.76073
0.6875
0.72016
0.80649
0.90507
0.922
0.71482
0.67206
0.89271
0.86288
0.85154
0.53961
0.93473
0.79833
0.84377
0.59607
0.62823
0.64156
1.0134
0.96887
0.75656
0.7139
0.85417
0.91645
0.54145
0.58257
0.68738
0.88588
0.79252
0.62633
0.63603
0.60262
0.63557
0.97588
0.82224
0.91661
0.72082
0.67493
0.76645
0.65107
0.65485
0.67324
0.66025
0.67823
0.64293
0.57877
0.93366
0.52806
0.5529
0.72592
0.88635
0.50283
0.79424
0.55672
0.44719
1.0056
0.68225
0.83551
0.92366
0.70237
0.97456
0.64644
0.8163
1.009
0.91395
0.78571
0.69267
0.48339
0.76907
0.98157
0.65414
0.74359
0.82931
0.76499
0.69865
0.6032
1.0652
0.67167
0.87487
0.76584
0.34711
0.61275
0.91436
1.0368
0.68989
0.61455
0.84197
0.74831
0.87913
0.9413
0.87067
0.59187
0.93469
0.91375
0.70486
0.63495
0.74984
0.79325
0.96601
0.84117
0.70922
0.86786
0.98027
0.75922
0.61614
0.59341
0.86477
0.82248
0.94591
0.81401
0.84995
1.0208
0.80911
0.76549
0.51459
0.69548
0.6943
0.84501
0.95784
0.89029
0.95645
0.72361
0.86075
0.85208
0.6547
0.77558
0.72413
0.88262
0.73856
0.68764
0.869
0.77555
0.93195
0.84146
0.78889
0.9689
1.055
0.66831
0.64052
0.70103
0.82575
0.75337
0.77296
0.69891
0.55883
0.95991
0.79338
0.98693
0.75768
0.79604
0.55204
0.94845
0.70355
0.73233
0.73577
0.83764
0.71193
0.91012
0.83705
0.88325
0.8004
0.73551
0.86734
0.81173
0.74649
0.82651
0.81592
0.86134
0.76259
0.80526
0.8295
0.78185
0.90579
0.75695
0.88672
0.74874
0.78762
0.78194
0.75951
0.90008
0.5403
0.82241
0.96593
0.83655
0.95756
0.61844
0.79829
0.91078
0.69304
0.82771
0.68472
0.89456
0.75778
0.63924
0.81386
0.79454
0.93408
0.88197
0.77833
0.8309
0.73039
0.58516
0.73751
0.75303
0.89335
0.88476
0.95911
1.012
0.90868
0.74547
0.83709
0.80814
0.91145
0.87973
0.88383
0.8382
0.82274
0.68074
1.0984
0.91961
0.85727
0.90446
0.65246
0.77197
0.81796
0.77785
0.87332
0.94001
0.8996
0.89715
0.83137
0.80057
0.791
0.67209
0.81202
0.83816
0.6727
0.94076
0.77849
0.65171
0.88224
0.61659
0.62081
0.88511
0.5554
0.60596
0.77871
0.88915
0.91017
0.53807
0.68431
0.8192
0.79992
1.0675
0.68196
0.50677
0.84181
0.82947
0.60901
0.67438
1.0023
0.50356
0.87351
0.75836
0.71399
0.90197
0.50699
0.6571
0.72343
0.91953
0.65153
0.96339
0.88333
0.74066
0.86554
0.89044
0.84401
0.49806
0.52004
0.79101
0.78715
0.76107
0.68867
0.62614
0.60463
0.79625
0.74655
0.76708
0.75897
0.99142
0.85815
1.033
0.66038
0.69703
0.64823
0.80212
0.69379
0.80362
0.6839
0.99215
0.8708
0.58564
0.74037
0.83866
0.93008
0.60819
0.89344
0.81729
0.65092
0.62365
0.71922
0.83089
0.85742
0.95073
0.85271
0.53081
0.82256
0.82004
0.95972
0.83302
0.75881
0.83508
0.64393
0.54269
0.84459
0.56814
0.76843
0.78338
0.6538
0.61927
0.79053
0.9203
0.70219
0.67279
0.78643
0.85515
0.60797
0.76421
0.9473
1.0426
0.90896
0.73132
0.97204
0.72045
0.95677
0.78037
0.70075
0.79905
0.93782
0.79714
0.94629
0.86087
0.98053
0.7363
0.84964
0.81893
0.71978
0.89649
0.46414
0.91239
0.84598
0.90179
0.63836
0.83962
0.61302
0.77365
0.81827
0.69174
0.91061
1.0066
0.54361
0.72059
0.8987
0.77256
0.81821
0.70126
0.72974
0.69861
0.96369
0.76439
0.59193
0.93295
0.70446
1.0393
0.87976
0.61727
0.7449
0.71225
0.87384
0.98077
1.0654
0.76233
0.83967
0.74552
0.62588
0.90458
0.95077
0.85974
0.83766
0.86101
0.52795
0.92606
0.83932
0.80161
0.73635
0.73258
0.84527
0.90015
0.74616
0.64251
0.85383
0.56946
0.66737
0.99909
0.5396
0.76111
0.73678
1.0078
0.81954
0.81534
0.78104
0.81491
0.86908
0.89302
0.55279
0.79795
0.89933
0.77124
0.71835
0.71988
0.69521
0.88847
0.80747
0.9113
0.65239
0.92005
0.66415
0.48054
0.78781
0.68276
0.81876
0.64711
0.86674
0.65721
0.77385
1.0611
0.61839
0.96786
0.57693
0.91465
0.7801
0.91528
0.82824
0.75729
0.94907
0.86464
0.73939
0.89061
0.76338
0.79223
0.70509
0.75815
0.66708
0.85933
0.55954
0.61071
0.68308
0.83201
0.87418
0.7381
0.74357
0.9172
0.71747
0.85441
0.61033
0.57719
0.65186
0.76315
0.9054
0.74728
0.85099
0.5756
0.85027
0.87744
0.79887
0.65366
0.91464
0.88438
0.83974
0.70891
0.91379
0.90783
0.74723
0.82888
0.79374
0.61069
0.78713
0.79366
0.82987
0.90409
0.65184
0.65307
0.85795
0.81583
0.99412
0.77083
0.88067
0.80371
0.57837
0.69966
0.84608
0.9573
0.87646
0.89587
0.62069
0.85936
0.80875
0.90358
0.31851
0.92166
0.84407
0.85408
0.82126
0.74617
0.7613
0.77178
0.77779
0.77027
0.78312
0.42062
0.58285
0.54107
0.63571
0.97721
0.81063
0.5477
0.77645
0.86605
0.91839
0.84574
0.96928
0.95258
0.8632
0.91506
0.80209
0.55229
0.70725
0.95015
0.82038
0.94374
0.90085
0.91698
0.81672
0.73524
0.74787
0.92244
0.95701
0.5956
0.75437
0.81796
1.0917
0.38797
0.64937
0.67381
0.73916
0.67016
0.59881
0.65358
0.93984
1.0547
0.94707
0.83329
0.86053
0.68521
0.80183
0.69523
0.74483
0.85419
0.70511
0.70265
0.72458
0.74651
0.82106
0.81539
0.68841
0.88527
0.85853
0.88051
0.69198
0.87868
0.70339
0.59785
0.96161
0.37437
0.79205
0.79677
0.95871
0.9031
0.59714
0.86391
0.59806
0.68913
0.78179
0.66261
0.75795
0.91197
0.64327
0.88518
0.76726
0.97552
0.82581
0.91708
0.56097
0.72007
0.72142
0.70518
0.81075
0.62833
0.85596
0.69554
0.59124
0.93941
0.66593
0.70563
0.72953
0.93432
1.0003
0.75074
0.83365
0.81177
0.93922
0.48606
0.68675
0.45599
0.74032
0.90861
0.81356
0.92976
0.97346
0.63927
0.85225
0.84308
0.5574
0.83952
0.85137
0.92993
0.81166
0.73482
0.80466
0.6036
0.78375
0.85925
0.82247
0.81434
0.66271
0.9861
0.84495
0.49545
0.88686
0.36099
0.73886
0.78501
0.97101
0.89031
0.85557
0.51053
0.74318
0.77023
0.95837
0.73056
0.75421
0.83946
0.73898
0.8214
0.6347
0.69747
0.71614
0.83292
0.67071
0.90131
0.91195
0.63866
0.53684
0.66618
0.67528
0.71369
0.79845
0.71688
0.80007
0.72881
0.92131
0.84345
0.84117
0.6559
0.70048
0.87149
1.031
0.84197
0.82926
0.88686
0.87752
0.8833
1.0191
0.84866
0.518
0.83196
0.93184
0.72988
0.55517
0.70193
0.60816
0.83263
0.94186
0.98312
0.77367
0.69007
0.74818
0.73132
0.70856
0.77672
0.98592
0.75875
0.86459
0.73076
0.96545
0.60867
0.86792
0.53206
0.77299
0.96062
0.97644
0.80642
0.85606
0.62428
0.84335
0.76911
0.94789
0.62416
0.65732
0.61384
1.0197
0.68888
0.73631
0.78244
0.99649
0.53848
0.7286
0.90733
0.94523
0.6961
0.93197
0.93246
0.82711
0.76312
0.70953
0.81078
0.85597
0.70885
0.86244
0.82355
0.71214
0.80083
0.75368
0.67085
0.65812
0.87792
0.69359
0.41035
0.8449
0.52642
0.72238
0.71692
0.97179
0.82594
0.53177
0.90598
1.0153
0.83348
0.73504
0.85678
0.8485
0.66611
0.86846
0.7961
0.66005
0.80161
0.5786
0.9075
0.59931
0.91889
0.91937
0.79405
0.98831
0.81328
0.90282
0.77977
0.84695
0.93302
0.62103
0.86048
0.86172
0.35318
0.82451
0.94881
0.74414
0.69678
0.55041
0.60638
0.93417
0.96472
0.8331
0.91081
0.88894
0.73663
0.68031
0.76729
0.57305
0.50036
0.58678
0.5688
0.85152
0.85107
0.93639
0.52504
0.68205
0.67541
0.53249
0.79307
0.82271
0.76751
0.84759
0.96484
0.77898
0.79856
1.0605
0.76796
0.79882
0.64027
0.7914
0.62333
0.8671
0.61895
0.69853
0.98399
0.87022
0.71734
0.85066
0.84934
0.76365
0.86729
0.66332
0.93964
0.89646
0.80391
0.91966
0.90166
0.85992
0.75628
0.86466
0.97548
0.60003
0.72232
0.81738
0.71655
0.78475
0.73845
0.89959
0.55252
0.72062
0.92753
0.88389
0.64343
0.76326
0.76046
0.921
0.37812
0.90283
0.46443
0.8279
0.66388
0.79406
0.93846
0.71472
0.93205
0.73832
0.69776
0.82373
0.75203
0.73443
0.6633
0.66266
0.89947
0.73177
0.77712
0.7859
0.95428
0.88017
0.61411
0.53544
0.61591
0.77017
0.97588
0.69819
0.68233
1.0449
0.85703
0.79008
0.81553
0.78766
0.97138
0.80605
0.49015
0.99669
0.76544
0.93245
0.92079
0.85528
0.91796
0.48194
0.92374
0.72675
0.71355
0.86696
0.69268
0.95187
1.0018
0.91303
0.85225
0.79628
0.60007
0.48736
0.83666
0.87062
0.69174
0.73309
0.72561
0.91144
0.71376
0.79774
0.82955
0.49281
0.85236
0.89485
0.78432
0.90564
0.84843
0.75285
0.8851
0.94698
0.70852
0.78464
0.93212
0.77873
0.84467
0.80638
0.70024
1.0424
0.85372
0.82851
0.57463
0.69164
0.89259
0.91292
0.80261
0.73123
0.57562
0.83714
0.77886
0.79472
0.8284
0.51792
0.94478
0.58962
0.73462
0.84924
0.56351
0.86087
0.78062
0.91011
0.68775
0.84865
0.75975
0.50518
0.8356
0.98492
0.62081
0.91076
0.56957
0.88358
0.64022
0.9328
0.85619
0.92809
0.74776
0.69998
0.83371
0.83848
0.79877
0.71187
0.84693
0.73857
0.90739
0.88792
0.50546
0.65524
0.57927
0.69392
0.92527
0.7662
0.7295
0.79558
0.57723
0.72189
0.85004
0.81907
0.76213
0.91417
0.94488
0.7817
0.76191
0.78638
0.72399
0.71423
0.86279
0.72627
0.85812
0.915
0.98838
0.93067
0.89266
0.74846
0.77111
1.0362
0.89151
0.9472
0.51829
0.72641
0.69426
0.59289
0.69548
0.86337
0.63202
0.6134
0.84294
0.61379
0.57694
0.75026
0.62835
0.68249
0.75347
0.83941
0.87195
0.93935
0.96583
1.0056
0.82318
0.75394
0.84964
0.83737
0.82505
0.81284
0.77417
0.59063
0.65328
0.85523
0.86125
0.75649
0.89949
0.61119
0.56792
0.86311
0.7122
0.99067
0.77018
1.0139
0.74761
0.80776
0.9985
0.84096
0.85755
0.78719
0.98522
0.8184
0.85853
0.69688
0.88805
0.66826
0.79678
0.93307
0.9469
0.69209
0.72948
0.91305
0.91178
0.93478
0.68705
0.75032
0.67048
0.80765
0.74008
0.7037
0.61862
0.47458
0.6672
0.77059
0.82066
0.83664
0.90775
0.98378
0.65963
0.91024
0.92026
0.66755
0.5074
0.95541
0.87759
0.95494
0.80362
0.38983
0.7107
0.56366
0.82581
0.85128
0.35909
0.92714
0.8279
0.6129
0.906
0.71971
1.0175
0.76488
0.95499
0.63294
0.84004
0.99425
0.67962
0.67098
0.8359
0.79238
1.0315
0.69716
0.8337
0.8343
0.79338
0.94911
0.74595
0.81991
0.73608
0.59995
0.97662
0.70005
0.62356
0.80596
0.89879
0.67192
0.66997
0.86245
0.83653
0.60469
0.64283
0.91228
0.72325
0.66009
0.8177
0.98275
0.81547
0.7294
0.8112
0.89316
0.97884
0.92934
0.87915
0.62944
0.77501
0.76212
0.80569
0.54512
0.75545
0.80737
0.45764
0.94214
0.90769
0.81097
0.82697
0.7697
0.9464
0.66387
0.71124
0.64356
0.9196
0.73486
0.89657
0.73274
0.84191
0.63631
0.61974
0.41571
0.73244
0.90608
0.66313
0.63417
0.79414
0.7922
0.68074
0.79941
0.8785
0.96494
0.7598
0.70099
0.61107
0.70564
0.78848
0.84008
0.65156
0.86786
0.72137
0.80321
0.92552
0.75946
0.73136
0.8868
1.0148
0.87266
0.92138
0.83873
0.56407
0.89279
0.92085
0.9325
0.77026
0.61503
0.87641
0.62727
0.90735
0.64005
0.6845
0.77952
0.93824
1.0279
0.57217
0.64972
0.57434
0.84181
0.72018
0.68469
0.79611
0.9372
0.86263
0.80938
0.9214
0.63562
0.93409
0.777
0.87602
0.69693
0.76139
0.43738
0.52017
0.74736
0.93078
0.68352
0.87437
0.691
0.67245
0.80231
0.85846
0.88228
0.82722
0.91207
0.76375
0.67837
0.89168
0.83061
0.62114
0.59615
0.89708
0.78287
0.81052
0.85656
0.77365
0.43346
0.58212
0.74796
0.94618
0.99983
1.0326
0.85889
0.4808
0.5986
0.89094
0.6897
0.91971
0.57285
0.91568
0.81374
0.8562
0.77613
0.81688
0.97934
0.9456
0.82569
0.82447
0.7775
0.84495
0.79138
0.96268
0.75158
0.62413
0.75971
0.80479
0.95889
0.85912
0.57711
0.87589
0.85198
0.96822
0.88783
0.70302
0.91004
0.79682
0.78824
0.74697
1.0429
0.86295
0.90095
0.75706
0.9716
0.79703
0.82902
0.68792
0.88945
0.80272
0.42652
0.69274
0.99405
0.82316
0.98445
0.89493
0.83437
0.92418
0.79012
0.76204
0.9011
0.71265
0.63037
0.85735
0.95459
0.89215
0.9357
0.81451
0.8364
0.83172
0.62008
0.73324
0.67676
0.66971
0.90329
0.84162
0.82318
0.78114
0.72027
0.87007
0.75266
0.8116
1.0855
0.8397
0.81442
0.59286
1.0021
0.90214
0.94353
0.8561
0.91101
0.78615
0.56548
0.69095
0.76729
0.94258
0.57943
0.78324
0.90812
0.76606
0.85443
0.53715
0.6605
0.65896
0.92089
0.78258
0.50048
0.78757
0.56814
0.65714
0.78542
0.80957
0.72777
0.75755
0.87165
0.40515
0.32689
0.97035
0.54826
0.76653
0.85356
0.63424
0.78306
0.89281
0.92734
0.52937
0.97557
0.69816
0.78019
0.62461
0.50927
0.74247
0.76428
0.88725
0.7552
0.92314
0.96754
0.68236
0.62148
0.85202
0.96278
0.92633
0.91006
0.67786
0.78946
0.67701
0.93454
0.90729
0.59794
0.65621
0.55011
0.64244
0.80643
0.81915
0.88307
0.71915
0.95279
0.96227
0.94523
0.79091
0.75669
0.96663
1.0142
0.5182
0.78647
0.64011
0.80238
0.42245
0.68851
0.63028
0.8915
0.69477
0.87635
0.43298
0.86081
0.69756
0.76168
0.85699
0.89596
0.89933
0.72552
0.8219
0.89952
0.71202
0.8063
0.84108
0.57735
0.93993
0.72435
0.77461
0.94031
0.90836
0.99403
0.8127
0.74795
0.77447
0.94607
0.559
0.79251
0.72612
0.74478
0.6006
0.87229
0.98016
0.78012
0.94821
0.77668
0.71501
0.92189
0.55515
0.51781
0.71447
0.96358
0.83452
0.74045
0.8179
0.95639
0.77133
0.55254
0.81665
0.84726
0.86174
0.54573
0.72867
0.88113
0.74425
0.61616
0.81941
0.80412
0.89782
0.63344
0.85148
0.63204
0.71257
0.84281
0.56993
0.61834
0.67966
0.54409
0.54594
0.83204
0.72232
0.63677
0.77665
0.72615
0.78815
0.80457
0.79261
0.84958
0.54805
0.83454
0.78222
0.83605
0.81923
0.87663
0.79987
0.82119
0.85713
0.55997
0.88532
0.79428
0.81754
0.83347
0.6812
0.69342
0.82735
0.53879
0.64911
0.81066
0.66511
0.71949
0.94428
0.70499
0.84079
1.0184
0.78228
0.70266
0.62121
0.55421
0.99718
0.5531
0.90682
0.58763
0.99438
0.7911
0.96378
0.8606
0.78855
0.64411
0.85294
0.53603
0.7125
0.83698
0.58324
0.81536
0.83031
0.81648
0.88828
0.5597
0.97508
0.8821
0.78321
0.77392
0.40165
0.68789
0.44785
1.0343
0.49609
0.7826
0.51326
0.66222
0.7977
0.6594
0.89284
0.84996
0.88765
0.613
0.89267
0.72032
0.52356
0.89234
0.91705
0.9747
1.0168
0.69664
0.90738
0.95625
0.76148
0.82483
0.67665
0.78531
0.69861
0.77036
0.74912
0.87065
1.0105
1.0079
0.88917
0.73685
0.72094
0.87552
0.47025
0.61552
0.83905
0.6184
0.9676
0.49825
0.62674
0.86377
0.74374
0.77462
0.84691
0.8918
0.81709
0.6168
0.83199
0.88014
0.74025
0.95501
0.89503
0.8321
0.72379
0.89489
0.83941
0.83618
0.78088
0.90619
0.76817
0.85864
0.67536
0.75555
0.85877
0.8109
0.81178
0.68915
0.81486
0.92511
0.82437
0.94943
0.5435
0.89236
0.88807
0.48135
0.70054
0.52439
0.83185
0.92234
0.76707
0.91429
0.7924
0.89175
0.83441
0.88034
0.83597
0.82174
0.70152
0.6753
0.69294
0.91419
0.79595
0.75917
0.83871
0.85744
0.8577
0.79583
0.88753
1.1075
0.89112
0.89833
0.71302
0.80219
0.89586
0.77196
0.82584
0.70403
0.75888
0.65762
0.93811
0.69786
0.91471
0.932
0.74014
0.66243
0.55213
0.77997
0.90297
0.73827
0.74081
0.90018
0.83401
0.77085
0.76097
0.73475
0.5148
0.75351
0.76137
0.76128
0.80508
0.85079
0.81997
0.94977
0.81695
0.75819
0.69187
0.80167
0.98121
0.59742
0.68053
0.9367
0.83674
0.70849
0.5962
0.74331
0.79774
0.66769
0.95212
0.91379
0.77106
0.68065
0.89234
0.79782
0.98776
0.51241
0.9526
0.83713
0.75416
0.77483
0.81539
0.66018
0.46303
0.81402
0.90424
1.0289
0.39923
0.90911
1.0272
0.81215
0.71804
0.56421
0.72034
0.88936
0.79791
0.63216
0.83246
0.92877
0.73043
0.47382
0.83625
0.66472
0.75259
0.713
0.93661
0.6884
0.83741
0.99168
0.88455
0.83024
1.0093
0.85999
0.75111
0.9512
1.0325
0.7477
0.97546
0.9645
0.68204
0.91181
0.8635
0.48208
0.83792
0.98477
0.80567
0.56336
0.5216
0.64499
0.85816
0.58283
0.80002
0.90666
0.54396
0.95514
0.70909
0.77843
0.72383
0.88149
0.95258
0.71862
0.96604
0.78422
0.73322
0.93905
0.6927
0.57474
0.7896
0.65748
0.8187
0.65355
0.50509
0.49723
0.68434
0.69294
0.72899
0.99484
0.80709
0.62851
0.84691
1.0078
0.77772
0.75406
0.64756
0.80942
0.79317
0.48057
0.97405
0.75071
0.69072
0.77346
0.75711
0.77925
0.60272
0.60784
0.84588
0.58652
0.7362
0.79793
0.91896
0.73876
0.83813
0.77013
0.75439
0.83708
0.64452
0.76679
0.84006
0.82067
0.78767
0.73231
0.85635
0.84559
0.67574
0.8169
0.69331
0.94861
0.85318
0.72219
0.72804
0.77523
0.95949
0.9325
0.65939
0.80698
0.73147
0.7401
0.71336
0.75543
0.54638
0.75827
0.81749
0.80424
0.87809
0.72657
1.0736
0.84256
0.79578
0.67537
0.62328
0.76378
0.76792
0.75277
0.66002
0.56768
0.91695
0.84997
0.72899
1.0268
0.89856
0.8901
0.91389
0.83471
1.037
0.45646
0.7971
0.71069
0.8441
0.95501
0.80005
0.80468
0.47802
0.79217
0.44262
0.87648
0.89007
0.76059
0.62536
0.54391
0.53327
0.65097
0.99985
0.61043
0.8879
0.88058
0.40053
0.71402
0.7443
0.57886
0.7421
0.7308
0.9036
0.68681
0.72527
0.74083
0.88223
0.83869
0.6945
0.51542
0.61108
0.81671
0.94002
0.66365
0.7158
0.68813
0.66938
0.85279
0.83305
0.7397
0.88606
0.78205
1.011
0.84126
0.80748
0.76099
0.78829
0.8016
0.84835
0.83134
0.88986
0.75789
0.81328
0.73454
0.92495
0.78453
0.78218
0.9633
0.77079
0.955
1.0152
0.85013
0.7386
0.855
0.73856
0.80291
0.63957
0.89971
0.74919
0.97768
0.73063
0.733
0.78483
0.76794
0.93409
0.7862
0.80473
0.84447
0.59364
0.90511
0.82087
0.84034
0.75187
0.71984
0.87611
0.99463
0.94557
0.76181
0.69663
0.86128
0.90659
0.74952
0.78937
0.84877
0.9608
0.89052
0.61084
0.68784
0.79326
0.69096
0.91209
0.98864
0.58533
0.81537
0.85361
0.70938
0.66789
0.72158
0.86396
0.5626
0.77028
0.4729
0.6523
0.8229
0.78343
0.96845
0.71538
0.60115
0.86057
0.73575
0.81327
0.87741
0.87174
0.75778
0.41575
0.77233
0.67176
0.80943
0.71225
0.83802
0.69738
0.76523
0.65189
0.6221
0.87949
0.68096
0.77754
0.95626
0.71718
0.65072
0.65577
0.71909
0.93118
0.57979
0.87608
0.74336
0.78549
0.5974
0.55982
0.82659
0.66529
0.87387
0.71949
0.83724
0.77071
0.6931
0.98481
0.77175
0.83114
0.83769
0.7004
1.0409
0.71967
0.82456
0.94812
0.74409
0.71048
0.85097
0.9005
0.56498
0.81199
0.7189
0.97235
0.71218
0.62391
0.8739
0.8123
0.7013
0.7538
0.89343
0.64115
0.94754
0.49269
0.82708
0.59551
0.95075
0.84125
0.87777
0.70232
0.7571
0.60449
0.351
0.73694
0.67046
1.008
0.91548
0.99386
0.79807
0.89719
0.95309
0.98088
0.95394
0.70571
0.72154
0.83483
0.82749
0.72523
0.98448
0.8562
0.62515
0.52192
0.57188
0.94451
0.60214
0.56403
0.76256
0.82485
0.68389
0.85502
0.80785
0.81975
0.97762
0.93248
0.6573
0.69077
0.62344
0.62527
0.79253
0.81102
0.61015
0.77891
0.81326
0.86336
0.82018
0.53899
0.87454
0.58026
0.84366
0.84359
0.91928
0.78316
0.77175
0.74174
0.79436
0.76127
0.97995
0.7056
0.4855
0.67672
0.85614
0.65179
0.93139
0.72056
0.56905
0.66365
0.54884
0.649
1.1491
0.90936
0.85284
0.68171
0.94485
0.91704
0.64509
0.57327
0.68434
0.81133
1.0242
0.747
0.72597
0.74897
0.65207
0.65556
0.67263
0.95826
0.75243
0.64398
0.72772
0.69644
0.98089
0.87178
0.87705
0.48017
0.80114
0.82961
0.86473
0.70037
0.90172
0.70733
0.83156
0.631
0.81399
0.99447
0.93656
0.80798
0.66278
0.89512
0.59716
0.78331
0.54598
0.77018
0.52131
0.84338
0.75721
0.65046
0.8763
0.73171
0.76102
0.89287
0.64404
0.75933
0.72212
0.59038
0.71388
0.77112
0.69151
0.60316
0.96158
0.7349
0.75063
0.54454
0.74311
0.8937
0.9091
0.66184
0.77747
0.87775
0.8036
0.74748
0.80348
0.84148
0.67197
0.76816
0.8987
0.87569
0.70829
0.5947
0.77799
0.75285
0.61977
0.75986
0.91438
0.76861
0.82464
0.74931
0.63411
0.70419
0.75453
0.73528
0.92899
0.96756
0.82565
0.68647
0.80023
0.46969
0.84948
0.65731
0.82128
0.72682
0.67741
0.92765
0.78249
0.59428
0.67867
0.77515
0.90622
0.50099
0.9557
0.71717
0.78107
0.82029
0.81816
0.90507
0.64413
0.34216
0.87307
0.8025
0.79573
0.87388
0.86972
0.85212
0.70276
0.79105
0.82265
0.82529
0.71588
0.85418
0.6304
0.66551
0.65851
0.61761
0.63009
0.84138
0.63414
0.71616
0.72908
0.93024
1.0402
0.99874
0.70939
0.91545
0.74852
0.79449
0.82096
0.96243
0.8192
0.87663
0.99228
0.95632
0.98768
0.70688
0.84617
0.81272
0.70998
0.54699
0.90999
0.83692
0.78257
0.9007
0.82059
0.85964
1.0325
0.85102
1.0856
0.71209
0.74755
0.86241
0.84723
0.81016
0.73329
0.89741
0.72372
0.90695
0.70792
0.78181
0.77609
0.92437
0.80195
0.76057
0.67856
0.75207
0.80042
0.78773
0.87809
0.75948
0.51924
0.71692
0.82229
0.74514
0.69607
0.80079
0.8186
0.67016
0.89343
0.9792
0.84577
0.98968
0.84398
0.95337
0.8567
0.86379
0.82594
0.80462
1.0436
1.0575
0.65283
0.69422
0.91724
0.76012
0.81057
0.7291
0.78117
0.92573
0.84058
0.73171
0.75649
0.80348
0.57896
0.72264
0.79815
0.79592
0.7169
0.79861
0.81803
0.78144
0.74587
0.63692
0.84582
0.66232
0.59442
0.92954
0.96276
0.89096
0.9629
0.89792
0.64244
0.77561
1.0153
0.47131
0.73091
0.59363
0.73787
0.83882
0.35293
0.77806
0.86427
0.72105
0.75434
0.50447
0.7696
0.78817
0.75889
0.93288
0.72121
0.68412
0.81747
0.79601
0.81664
0.75391
0.74662
0.80173
0.8624
0.8369
1.0437
1.0236
0.9776
0.84279
0.76146
0.60092
0.70148
0.7476
0.70474
0.86899
0.49559
0.95576
0.57611
0.76669
0.76239
0.5833
0.87211
0.7053
0.6068
0.87917
0.87655
0.63839
0.76479
0.83079
0.63941
0.91596
1.0051
0.94263
0.81811
0.80155
0.99325
0.772
0.97222
0.79429
0.94958
0.88877
0.78589
0.7866
0.67375
0.67907
0.71089
0.81549
0.6087
0.57939
0.95878
0.61266
0.68662
0.60899
0.47577
0.77997
0.88748
0.73308
0.81329
0.77959
0.89233
0.90027
0.79968
0.80528
0.61586
0.76006
1.0254
0.88991
0.76686
0.40661
0.82072
0.90133
0.71543
0.88466
0.86676
0.78839
0.67696
0.87112
0.84602
0.93363
0.60696
0.74228
0.87369
0.72493
0.77627
0.6945
0.68948
0.49207
0.99879
0.86863
0.73768
0.93505
0.49847
0.77786
0.7974
0.39839
0.86783
0.80936
0.51447
0.93713
1.0009
0.72394
0.86647
0.74466
0.86101
1.0038
0.76772
0.85407
0.86053
0.93118
0.87523
0.73762
0.80721
0.90733
0.99598
0.6944
0.88644
0.82317
0.78171
0.96143
0.89967
0.8165
0.79431
0.64877
0.90915
0.58625
0.90638
0.8166
0.68451
0.99051
0.72517
0.87226
0.68935
0.66996
0.8113
0.69171
0.89907
0.52905
0.77797
0.78915
0.59241
0.39372
0.68565
0.75971
0.7653
0.81
0.68278
0.95635
0.82733
0.77624
0.60337
0.82596
0.74886
0.80782
0.8179
0.68272
0.62614
0.87996
0.64353
0.5303
1.0073
0.93672
0.96568
0.86876
0.57814
0.69943
0.80358
0.97343
0.76516
0.96595
0.72702
0.78877
0.76101
0.87054
0.87887
0.73223
0.99866
0.83018
0.72222
0.67022
0.69203
0.96588
0.791
0.70801
0.72452
0.81164
0.80377
0.88156
0.3805
0.67302
0.71462
0.64049
0.6487
0.79841
0.79886
0.90853
0.82785
0.80243
0.63401
0.81035
0.77327
0.98738
0.85914
0.64906
0.79505
0.90618
0.8473
0.97929
0.76146
0.99699
0.91361
0.87552
0.72023
0.57098
0.70958
1.076
0.78603
0.63916
0.70202
0.92084
0.66053
0.59827
0.85361
0.65437
0.64547
0.68535
0.47842
0.95311
0.89911
0.84876
0.74729
0.75141
0.89883
0.88508
0.8336
0.98304
0.65017
0.91069
0.97849
0.75828
0.95858
0.69504
0.87868
0.83524
0.57707
0.60865
0.47684
0.7047
0.46388
0.63303
0.82438
0.90872
0.78556
0.79969
0.75941
0.88228
0.83187
0.87211
0.89516
0.67624
0.87661
0.87825
0.78244
0.88899
0.97102
0.9036
0.74729
0.86986
0.77352
0.76422
0.76978
0.82636
0.74592
0.69403
0.74576
0.90717
0.89727
0.81299
0.72346
0.66319
0.50594
0.65946
0.85834
0.8424
1.0362
0.94319
0.91446
0.5865
0.96361
0.98638
0.78017
0.76474
0.95108
0.97617
0.69673
0.94413
0.72913
0.92578
0.68509
0.91479
0.76957
0.88122
0.70916
0.87525
0.90063
0.81709
0.93067
0.75823
0.68267
0.86099
0.76475
0.76599
0.79531
0.74761
0.7809
0.88578
0.66434
0.62177
0.76711
0.91388
0.88731
0.84976
0.72641
0.78351
1.0565
0.70501
0.8261
0.95757
0.89029
0.75169
0.78937
0.71045
0.82304
0.96202
0.64197
0.78617
0.7468
0.84847
0.79546
0.85228
0.30005
0.5594
0.74352
0.5441
0.84307
0.91333
0.94198
0.92178
0.60005
0.75054
0.69667
0.57625
0.64368
0.71646
0.89824
0.65667
0.6662
0.83958
0.74534
0.74632
0.64619
0.84015
0.94896
0.81867
0.60853
0.76867
0.78709
0.92435
0.68483
0.77941
0.96827
0.6894
0.88552
1.0437
0.85854
0.87041
0.6158
0.71871
0.62106
0.98434
1.013
0.86732
0.76084
0.80657
0.74057
0.83997
0.72489
0.79133
0.91487
0.82823
0.87539
0.88969
0.78032
0.60174
0.98988
0.87418
0.92598
0.79691
0.92236
0.88804
0.51254
0.76418
0.47219
0.76719
0.75186
0.94898
0.96372
1.0284
0.60382
0.74609
1.026
0.9254
0.8853
0.78535
0.78745
0.92751
0.88193
0.77302
0.69727
0.43649
0.92562
0.81694
0.86296
0.55961
0.82986
0.6497
0.59898
0.70912
0.64311
0.66662
0.63825
0.55497
0.77913
0.7246
0.79831
0.46752
0.6866
0.9265
0.78909
0.88313
0.59668
0.59474
0.52029
0.71163
0.85052
0.75077
0.89165
0.80639
0.57697
0.87753
0.88101
0.65714
0.75117
0.79102
0.72909
0.69311
0.77763
0.68458
0.63454
0.83872
1.0196
0.67421
0.84293
0.74814
0.89873
0.85232
0.93955
0.86483
0.82813
0.62593
0.86028
0.69467
0.87433
0.73983
0.85854
0.64175
1.0003
0.72636
0.95621
0.96613
0.93638
0.5939
0.83894
0.89951
0.86573
0.90639
0.79256
0.54201
0.92384
0.60799
0.72542
0.66537
0.67876
0.71669
0.8707
0.62649
0.58985
0.90358
0.82101
0.82913
0.7608
0.74434
0.87642
0.84158
0.6403
1.019
0.90382
0.72574
0.91078
0.49156
0.75035
0.57954
0.72964
0.84246
0.86906
0.69518
0.53118
0.86431
0.65171
0.86331
0.82552
0.86337
0.93374
0.76221
1.0865
1.0724
0.87333
0.78103
1.008
0.68577
0.91767
0.62934
0.71552
0.78799
0.82482
0.95457
0.72292
0.94628
0.93221
0.9681
0.8634
0.62258
0.58374
0.74927
0.58067
0.75848
0.77344
0.37847
0.54189
0.88377
0.65952
1.0105
0.79847
0.92896
0.78095
0.80212
0.64353
0.80108
0.70972
0.61762
0.94858
0.79245
0.9092
0.48111
0.65543
0.48483
0.88297
0.65275
0.73935
0.69845
0.92348
0.62541
0.78463
0.90551
0.93324
0.79165
0.59536
0.90346
0.77015
0.51966
0.95865
0.69734
0.90927
0.73517
0.87276
0.86965
0.59346
0.60163
0.71008
0.90134
1.0143
1.1007
0.92512
0.60841
0.36724
0.85725
1.0018
0.91702
0.88382
0.72476
0.69874
0.67594
0.85122
0.91388
0.78609
0.75535
0.88504
0.55922
1.0548
0.90597
0.6252
0.805
0.66929
0.78553
0.94147
0.9027
0.43291
0.69478
0.69164
0.48502
0.63915
0.91558
0.92197
0.57639
0.83448
0.82045
0.76509
0.90359
0.85772
0.90428
0.77199
0.86868
0.87712
0.45648
0.99681
0.78578
0.31296
0.88385
0.8894
0.74554
0.6768
0.87034
0.69945
0.68882
0.52181
0.80615
0.84118
0.89875
0.99674
0.98463
0.71326
0.80264
0.72269
0.79135
0.76461
0.74706
0.72461
0.6869
0.69752
0.57758
0.56575
0.77956
0.59885
0.72114
0.81687
0.66731
0.9401
0.8056
0.83621
0.85307
0.78726
0.67142
0.71717
0.85212
0.78019
0.67755
0.86317
1.0313
0.63394
0.73781
0.66981
0.63737
0.80297
0.69999
0.86913
0.79488
0.64643
0.74136
0.74414
0.78973
0.74137
1.0015
0.91952
0.85899
0.54789
0.82148
0.79575
0.87207
0.54841
0.9152
1.0132
0.89305
0.7875
0.92038
0.85636
0.95851
0.7327
0.78958
0.59263
0.78256
0.8934
0.73714
0.77679
0.77526
0.8293
0.94002
0.75969
0.89516
0.96581
0.94437
0.58928
0.81171
0.71936
0.75994
0.90612
0.78101
0.63806
0.66476
0.62953
0.59797
0.99877
0.74491
0.84485
0.69596
0.89875
0.67714
0.68619
0.81126
0.68327
0.73855
0.86633
0.44769
0.80051
0.78118
0.89539
0.92784
0.81219
0.80608
0.80826
1.0725
0.65519
0.91695
0.9836
0.8066
0.91765
0.77927
0.88234
0.69483
0.67999
0.69979
0.82827
0.8408
0.78611
0.93231
0.75802
1.0047
0.58904
0.92447
0.92556
0.75375
0.89467
0.66928
0.55126
0.61619
0.98518
0.64467
0.7772
0.97691
0.78552
0.82024
0.87626
0.9238
0.75251
0.70921
1.0132
0.85763
0.67246
0.90749
0.86182
0.72874
0.77867
0.61995
0.90123
0.74419
0.89542
0.74995
0.46355
0.685
0.9726
0.51755
0.74546
0.94116
0.58879
0.88186
0.77631
0.70769
0.77613
0.83915
0.6383
0.84197
0.74856
0.59557
0.84857
0.76184
0.71546
0.75836
0.83073
0.80187
0.73439
0.8289
1.0924
0.7296
0.8397
0.62487
0.87798
0.77189
0.63746
0.8253
0.5944
0.92636
0.84224
0.54819
0.84124
0.89375
0.62733
0.90923
0.58873
0.95529
0.95245
0.75679
0.76051
0.80265
0.94881
0.87342
0.91172
0.8933
0.93614
0.6115
0.66739
0.66088
0.77232
0.7995
0.7614
0.89451
0.74284
0.89845
0.57763
0.66942
0.69374
0.92626
0.81727
0.71906
0.72316
0.85012
0.81207
0.84242
0.81856
0.59019
0.83475
0.81167
0.79991
0.61603
0.93273
0.72244
0.58226
0.88845
0.75862
0.57475
0.82933
0.85869
0.96198
0.78169
0.7437
0.72648
0.8058
0.71119
0.84479
0.89185
0.77972
0.91161
0.83988
0.83518
0.75156
0.85474
0.79995
0.61138
0.73171
0.47825
0.78668
0.99546
0.70422
0.69834
0.71717
0.59574
0.99754
0.77681
0.53598
0.88664
0.77747
0.80388
0.87785
0.96073
0.55656
0.55793
0.66346
0.93042
0.90445
0.83327
0.58115
0.70035
0.801
0.79072
0.93872
0.69073
0.71896
0.58767
0.78482
0.70963
0.71396
0.46138
0.76665
0.75989
0.74489
0.65229
0.76986
0.78449
0.73431
0.64096
1.0158
0.86129
0.79063
0.71105
0.91036
0.782
0.75982
0.93096
0.94075
0.68947
0.86108
0.7835
0.80119
0.64666
0.77967
0.92816
0.69893
0.83459
0.8623
0.83441
0.66924
0.89718
0.88705
0.76419
0.96896
0.89616
1.0781
0.91553
0.83122
0.67058
0.73124
0.89671
0.47291
0.86448
0.81082
0.79252
0.85285
0.85325
0.70716
0.54091
0.70056
0.77151
0.74526
0.8371
0.73094
0.69988
0.56588
0.7757
0.82977
0.81359
0.61765
0.99565
0.72235
0.63726
0.91059
0.83584
0.84881
0.99419
1.018
0.72468
0.89431
1.0349
0.62817
0.91382
0.66707
0.61785
0.90161
0.76758
0.77093
0.79939
0.85931
0.74042
0.83512
0.99443
0.65023
0.65843
0.84028
0.88626
0.83258
0.72223
0.91004
0.62596
0.91299
0.91719
0.75957
0.65669
0.57269
0.3571
0.33523
0.84709
0.89722
0.94513
0.60628
0.53536
0.74298
0.72899
1.0187
0.88273
0.77617
0.53182
0.72687
0.65047
0.94836
0.65487
0.74726
0.54745
0.93085
0.76429
0.579
0.72134
0.94912
0.56164
0.91324
0.62547
0.99515
0.63237
0.91262
0.67924
0.87262
0.71633
0.77447
0.88077
0.83666
0.62911
0.89209
0.7603
0.89098
0.62181
0.93937
0.93325
0.61684
0.69867
0.67018
1.0645
0.77467
0.7863
0.80265
0.64839
0.61313
0.81867
0.83404
0.79695
0.74808
0.85366
0.94764
0.78587
0.7261
0.88091
0.68564
0.62534
0.66851
0.6888
0.91498
1.0298
0.84003
0.74304
0.79148
0.7414
0.87494
0.79293
0.90161
0.84015
0.80075
0.92806
0.82954
0.74605
0.85904
0.74592
0.61506
0.84043
0.84883
0.84728
0.67844
0.68157
0.72867
0.65859
0.72934
0.66905
1.0315
0.90805
0.75389
0.87441
0.64186
0.93039
0.92433
0.8156
0.88826
0.59914
0.71522
0.78949
0.6271
0.97749
0.80025
0.89816
0.83456
0.69442
0.85889
0.59574
0.79501
0.6315
0.89828
0.79355
0.89071
0.87005
0.79269
0.88541
0.84806
0.85824
0.65458
0.88448
0.60381
0.72785
0.81566
0.82291
0.76342
0.76464
0.73083
0.65605
0.68839
0.738
0.78393
0.49421
0.60782
0.90647
0.7977
0.61082
0.78317
0.90702
0.84839
0.90886
0.52563
0.91624
0.92221
0.76401
0.82399
0.77545
0.81735
0.84863
0.83623
0.70358
0.86307
0.90818
0.59766
0.82802
0.65347
0.80153
0.64641
0.77046
0.83363
0.93548
0.81258
0.77863
0.97901
0.88029
1.0165
0.95546
0.49556
0.99916
0.72755
0.74935
0.91526
0.76324
0.87712
0.74415
0.54597
0.86768
0.95695
0.63813
0.72943
1.0619
0.78233
0.98569
0.89056
0.92121
0.88273
0.88073
0.59796
0.78348
0.86491
0.67122
0.47286
0.69499
0.87479
0.88441
0.93369
0.77234
0.94632
0.78416
0.823
0.82066
0.85186
0.90443
0.90153
0.81598
0.584
0.6855
0.8442
0.82827
0.51414
0.89385
0.88818
0.90581
0.77941
0.84443
0.43704
0.67612
0.78289
1.0206
0.73303
0.72538
0.71024
0.72701
0.71246
0.94785
0.55151
0.75595
0.52833
0.70705
0.75382
0.93018
0.62774
0.74851
1.0285
0.64491
0.53687
0.64211
0.88882
0.60243
0.67735
0.62309
0.69459
0.56062
0.67586
0.6633
0.7075
0.87497
0.69617
0.75561
0.76676
0.82497
0.7313
0.73853
0.47113
0.78633
0.75503
0.94727
0.87628
0.8362
0.70884
0.9988
0.72804
0.71584
0.78607
0.90911
0.77535
0.79861
0.70815
0.78316
0.82537
0.90687
0.76006
0.61302
0.81876
0.73183
0.78704
0.80063
0.70494
0.56695
0.74368
0.91867
0.73216
0.80777
0.76805
0.75597
0.82461
0.62336
0.52509
0.80195
0.9011
0.65148
0.79489
0.5723
0.88955
0.77677
0.6913
0.74805
0.79191
0.78061
0.8791
0.80199
0.76911
0.9152
0.94122
0.81237
0.87396
0.9665
0.73713
0.99034
0.58845
0.65438
0.89993
0.76945
0.86909
0.88394
0.74803
0.66714
0.58411
0.89565
0.78535
0.73039
0.89008
0.86011
0.76262
0.76016
0.78375
0.49378
0.9164
0.74234
0.72931
0.73283
1.0767
0.8309
0.71146
0.63487
0.87643
0.73823
0.82917
0.69118
0.53229
0.88151
0.79043
0.4855
0.9588
0.77598
0.95621
0.74304
0.73781
0.79845
0.30308
0.87473
0.73805
0.95748
0.77552
0.9068
1.0196
0.57831
0.96637
0.60142
0.84714
0.98301
0.77942
0.45546
0.80922
0.65474
0.89908
0.8155
0.55877
0.82295
0.69502
0.84552
0.85028
0.97259
0.85147
0.96795
0.93192
1.0953
0.49747
0.58495
0.76042
0.75801
0.90819
0.84595
0.80699
0.96671
0.93466
0.78371
0.61969
0.72958
0.59025
0.69811
0.68579
0.68468
0.78093
0.48599
0.43203
0.67717
0.77952
0.78597
0.88934
0.82121
0.9421
0.87613
0.63398
0.86025
0.74286
0.66562
0.87057
0.57021
0.81616
0.79648
0.81289
0.86832
0.80066
0.61782
0.67034
0.89304
0.85964
0.65389
0.5124
0.90581
0.983
0.75638
0.6712
0.96008
0.68844
0.92454
0.92136
0.94945
0.97489
0.75339
