0.60418
0.74529
0.69951
0.72379
0.75768
0.53296
0.74016
0.47771
0.72709
0.53588
0.68792
0.8244
0.90974
0.7814
0.91773
0.89435
0.80746
0.69915
0.60699
0.7279
0.52886
0.33808
0.529
0.73807
0.9688
0.52583
0.85883
0.46277
0.72927
0.87163
0.55206
0.67522
0.93984
0.82315
0.18127
0.87098
0.79685
0.81301
0.5687
0.6267
0.61272
0.68793
0.70096
0.80412
0.34749
0.88799
0.67234
0.52524
0.55131
0.60246
0.76901
0.74029
0.67067
0.63482
0.65535
0.51774
0.55104
0.50028
0.53964
0.41413
0.64518
0.57085
0.36201
0.76421
0.50027
0.67499
0.71763
0.53129
0.82662
0.49141
0.65888
0.73624
0.74252
0.66372
0.77262
0.82136
0.71154
0.43995
0.81531
0.68434
0.83713
0.77585
0.72202
0.76953
0.69814
0.5349
0.60852
0.50629
0.67845
0.80284
0.64384
0.70069
0.67793
0.43271
0.82317
0.73802
0.75677
0.81586
0.68084
0.67954
0.64783
0.79498
0.56755
0.55554
0.66138
0.88213
0.69291
0.66442
0.53966
0.36526
0.5157
0.80101
0.56933
0.87081
0.55868
0.82232
0.66103
0.85138
0.73611
0.47975
0.76879
0.73214
0.5303
0.88909
0.67762
0.58276
0.64569
0.63039
0.61858
0.69939
0.41349
0.3149
0.4539
0.59012
0.35015
0.92424
0.74025
0.51697
0.33821
0.61488
0.72729
0.8233
0.56719
0.50942
0.80885
0.49698
0.72515
0.68388
0.79123
0.70973
0.63993
0.57382
0.78901
0.68855
0.47586
0.62827
0.67198
0.77404
0.81097
0.67898
0.7605
0.74195
0.63088
0.57298
0.66996
0.69162
0.79914
0.81552
0.55916
0.54602
0.78744
0.69549
0.70102
0.72691
0.70061
0.63224
0.4249
0.74563
0.71671
0.431
0.46619
0.71252
0.63535
0.70331
0.70337
0.65466
0.63752
0.61974
0.58347
0.78465
0.44984
0.49919
0.58573
0.59239
0.76849
0.5448
0.64907
0.68148
0.61616
0.66569
0.63677
0.79983
0.84182
0.69611
0.46634
0.81509
0.86422
0.72059
0.79806
0.72751
0.72171
0.57349
0.59607
0.69264
0.65516
0.80622
0.63203
0.81209
0.5014
0.50762
0.89389
0.74395
0.7106
0.69168
0.47026
0.72307
0.74914
0.83004
0.7717
0.32833
0.61374
0.75808
0.75896
0.79981
0.64195
0.46455
0.64922
0.51926
0.61472
0.74474
0.59763
0.4772
0.91085
0.70309
0.79092
0.61732
0.41043
0.73563
0.97491
0.591
0.76016
0.42594
0.71235
0.52609
0.69458
0.57891
0.64264
0.52845
0.43731
0.66979
0.57861
0.85267
0.88351
0.69107
0.69375
0.64792
0.61112
0.54931
0.46545
0.57442
0.39086
0.85094
0.35601
0.83854
0.74119
0.79316
0.88866
0.78123
0.81977
0.75775
0.66531
0.66949
0.60423
0.58836
0.74357
0.61855
0.8143
0.72226
0.75584
0.89727
0.50855
0.76631
0.47177
0.88253
0.7965
0.64216
0.6052
0.65931
0.49194
0.70854
0.86984
0.48801
0.78677
0.61357
0.76631
0.52304
0.41073
0.67169
0.43883
0.58494
0.66386
0.7638
0.63695
0.80718
0.80735
0.68656
0.44
0.68305
0.64996
0.56656
0.61443
0.83116
0.59376
0.85726
0.73519
0.699
0.62266
0.49879
0.75662
0.46541
0.29691
0.65773
0.80189
0.6977
0.69828
0.71472
0.72792
0.59464
0.6996
0.58271
0.5716
0.57072
0.46371
0.92623
0.79988
0.72162
0.57777
0.62065
0.44973
0.73564
0.85029
0.7905
0.61813
0.47812
0.89944
0.66179
0.62792
0.46988
0.52391
0.57798
0.82398
0.74913
0.89228
0.53506
0.72989
0.67031
0.6263
0.49641
0.76663
0.41526
0.59155
0.48306
0.72659
0.62251
0.80269
0.62432
0.43307
0.66313
0.6507
0.46589
0.89503
0.7428
0.67735
0.70377
0.86542
0.68812
0.66369
0.58583
0.81973
0.68847
0.61441
0.89014
0.23323
0.46034
0.47551
0.57645
0.49353
0.85523
0.44903
0.81015
0.89708
0.862
0.70343
0.78412
0.82239
0.78695
0.6971
0.66579
0.45157
0.63545
0.75882
0.75927
0.89626
0.55681
0.90265
0.47631
0.69102
0.53982
0.73232
0.89092
0.78318
0.86678
0.87072
0.7437
0.99266
0.6415
0.42378
0.71909
0.30897
0.75609
0.34128
0.52432
0.63206
0.68682
0.6654
0.90632
0.42735
0.72112
0.61414
0.45117
0.77485
0.81692
0.57208
0.6855
0.70638
0.88784
0.75014
0.66139
0.77605
0.67861
0.8997
0.91819
0.75413
0.58159
0.26316
0.59708
0.7215
0.50632
0.53597
0.83898
0.83184
0.35643
0.70548
0.8008
0.87822
0.7096
0.57039
0.65112
0.77366
0.90406
0.80521
0.60434
0.73526
0.61254
0.28938
0.73717
0.93912
0.69968
0.58191
0.62441
0.75607
0.51648
0.72462
0.58671
0.62746
0.75555
0.68104
0.73219
0.69949
0.62344
0.60331
0.8466
0.48792
0.7938
0.47298
0.7168
0.60552
0.66225
0.77838
0.7452
0.78016
0.63194
0.53493
0.8294
0.92551
0.61819
0.88295
0.45236
0.23689
0.41441
0.81977
0.70624
0.72132
0.80891
0.44921
0.42593
0.61944
0.32528
0.65392
0.70498
0.78278
0.90847
0.47051
0.72519
0.68378
0.56214
0.7249
0.64643
0.41259
0.79162
0.65145
0.77658
0.62315
0.75888
0.66021
0.53356
0.58437
0.52914
0.76966
0.48066
0.56287
0.64694
0.57899
0.64577
0.68971
0.60951
0.76815
0.6039
0.51604
0.69477
0.73723
0.78862
0.39397
0.55712
0.65666
0.78148
0.76781
0.68851
0.82309
0.78494
0.64492
0.77016
0.8674
0.55858
0.62351
0.47436
0.73183
0.80551
0.75064
0.80141
0.84373
0.80172
0.78959
0.53145
0.92164
0.44055
0.67278
0.61376
0.53864
0.61399
0.45334
0.68141
0.69144
0.65405
0.74983
0.64507
0.61059
0.88164
0.68295
0.33462
0.55534
0.67994
0.53521
0.37036
0.76592
0.72193
0.37283
0.57621
0.36773
0.77176
0.71237
0.77747
0.3477
0.58603
0.83816
0.83823
0.59417
0.70517
0.48786
0.59984
0.73481
0.68026
0.61286
0.79367
0.63549
0.92929
0.56818
0.66139
0.40738
0.68684
0.79371
0.70554
0.67833
0.54776
0.84115
0.61174
0.5338
0.65363
0.88896
0.85209
0.64769
0.82309
0.61457
0.46148
0.76161
0.64659
0.8101
0.54618
0.89354
0.72259
0.30184
0.54613
0.71373
0.49494
0.82764
0.88132
0.63603
0.48573
0.49519
0.69478
0.54568
0.72091
0.58146
0.48218
0.65942
0.62133
0.44778
0.341
0.39956
0.68336
0.54655
0.79382
0.59219
0.67453
0.66163
0.6892
0.64523
0.73094
0.71762
0.89678
0.71919
0.75949
0.42552
0.62108
0.77995
0.59193
0.83632
0.61411
0.79204
0.51803
0.51269
0.77956
0.80394
0.64741
0.87909
0.63558
0.50514
0.77886
0.67598
0.78328
0.88077
0.55253
0.74879
0.7457
0.59306
0.68404
0.58971
0.73709
0.60635
0.72522
0.77837
0.77013
0.60128
0.69269
0.75025
0.4996
0.56021
0.65809
0.77377
0.59885
0.64194
0.70571
0.77667
0.72175
0.5756
0.83173
0.37272
0.86604
0.71773
0.74087
0.77807
0.71234
0.47706
0.62204
0.54699
0.5075
0.62967
0.84379
0.41523
0.82571
0.94176
0.5021
0.76335
0.6529
0.86942
0.67301
0.72812
0.44295
0.25405
0.65844
0.5708
0.95584
0.76427
0.67513
0.8957
0.85069
0.55523
0.44879
0.4503
0.7497
0.86826
0.69627
0.92422
0.73823
0.67634
0.81777
0.78094
0.72525
0.93254
0.80086
0.69336
0.91362
0.52742
0.79338
0.54855
0.56636
0.69694
0.71902
0.65791
0.72341
0.78765
0.6536
0.71234
0.34767
0.89458
0.6086
0.82521
0.70395
0.51588
0.76667
0.81068
0.84502
0.55895
0.67305
0.37877
0.80396
0.77163
0.68219
0.74574
0.66013
0.84309
0.78575
0.38025
0.70125
0.76205
0.64724
0.93882
0.68152
0.88634
0.64736
0.82349
0.45787
0.54288
0.87776
0.54283
0.65731
0.78217
0.79873
0.78971
0.62613
0.65697
0.58693
0.63871
0.88104
0.48704
0.81322
0.81789
0.797
0.70603
0.58516
0.79553
0.85727
0.67291
0.45962
0.82654
0.95038
0.67117
0.52484
0.54348
0.69074
0.81565
0.74102
0.60585
0.93102
0.80726
0.42396
0.70203
0.50167
0.50585
0.58983
0.67038
0.90807
0.62603
0.50127
0.88562
0.71405
0.57504
0.89572
0.62092
0.70021
0.52069
0.88088
0.68626
0.68098
0.63381
0.78105
0.90811
0.68405
0.66846
0.6841
0.48471
0.44782
0.53482
0.71919
0.63538
0.7741
0.80282
0.81773
0.3617
0.89115
0.61652
0.60349
0.51115
0.42216
0.78346
0.73617
0.83386
0.78325
0.85283
0.57265
0.59148
0.70232
0.70247
0.443
0.71568
0.66984
0.89992
0.63349
0.85698
0.60041
0.57722
0.74303
0.73934
0.75068
0.32251
0.7398
0.65301
0.6091
0.70174
0.73895
0.54216
0.33302
0.42998
0.68273
0.76728
0.72477
0.74048
0.64929
0.46634
1.0341
0.68053
0.59589
0.49455
0.75302
0.755
0.66168
0.78799
0.98204
0.42624
0.6031
0.42657
0.48875
0.62944
0.4651
0.62358
0.37239
0.38318
0.7961
0.36333
0.89363
0.27451
0.78446
0.78359
0.85726
0.57361
0.48706
0.9487
0.66631
0.59612
0.5531
0.66709
0.7577
0.76141
0.52429
0.49917
0.76266
0.77321
0.57965
0.65059
0.64225
0.54834
0.663
0.64329
0.60259
0.65319
0.69988
0.68681
0.75979
0.53164
0.35287
0.91322
0.76417
0.26836
0.91619
0.74586
0.75289
0.3454
0.8339
0.5862
0.59611
0.8199
0.5573
0.42718
0.89729
0.93533
0.59876
0.54074
0.56199
0.68478
0.75072
0.59361
0.79256
0.57043
0.582
0.60397
0.9511
0.56229
0.8165
0.70656
0.60173
0.65238
0.59613
0.94121
0.83206
0.59504
0.65801
0.55596
0.63888
0.47693
0.6091
0.77842
0.77084
0.63969
0.28891
0.86163
0.5358
0.46093
0.50238
0.55919
0.82288
0.58614
0.63414
0.68683
0.6356
0.49866
0.79124
0.41298
0.56781
0.42462
0.86409
0.56536
0.36288
0.60179
0.52754
0.37224
0.55625
0.72873
0.39172
0.72014
0.72805
0.5417
0.55073
0.63587
0.6562
0.5118
0.79936
0.67677
0.68345
0.86565
0.6632
0.64654
0.58017
0.77304
0.63795
0.93814
0.36572
0.78896
0.74605
0.67438
0.70664
0.46285
0.81551
0.67486
0.7715
0.94219
0.54225
0.6548
0.51616
0.4374
0.81659
0.72595
0.90933
0.4387
0.66239
0.68907
0.76088
0.55075
0.43492
0.79015
0.58165
0.62531
0.50787
0.79486
0.42807
0.93028
0.62156
0.78565
0.64609
0.86145
0.41705
0.78448
0.82542
0.76432
0.72486
0.59139
0.66902
0.91556
0.91169
0.74738
0.9384
0.61737
0.72158
0.31315
0.78175
0.48803
0.77323
0.52122
0.65222
0.31383
0.3395
0.7573
0.49937
0.80663
0.57998
0.29134
0.7731
0.58997
0.69992
0.6744
0.61105
0.40584
0.51258
0.73725
0.85706
0.77042
0.71024
0.56828
0.34174
0.59301
0.79991
0.54696
0.64576
0.70697
0.72273
0.47839
0.61835
0.63005
0.62622
0.60022
0.70809
0.38546
0.69572
0.93898
0.71524
0.31249
0.78236
0.62913
0.66025
0.34121
0.59529
0.59644
0.6454
0.61676
0.85866
0.63974
0.67353
0.73083
0.51762
0.49927
0.86374
0.64363
0.93379
0.56304
0.7305
0.58236
0.63551
0.56552
0.71494
0.78656
0.56658
0.31521
0.69303
0.75698
0.77401
0.54748
0.72491
0.73815
0.61875
0.47339
0.66788
0.71925
0.65433
0.49663
0.86125
0.84428
0.32218
0.67245
0.61728
0.75455
0.78492
0.37861
0.41975
0.88307
0.74116
0.50711
0.63005
0.553
0.78094
0.64862
0.6642
0.58694
0.63543
0.61886
0.58376
0.73009
0.67752
0.57695
0.42063
0.84995
0.49681
0.78835
0.65678
0.47284
0.85116
0.86635
0.75847
0.90852
0.65125
0.7617
0.33719
0.39117
0.6173
0.73949
0.44893
0.60602
0.63039
0.781
0.46465
0.53962
0.45305
0.64566
0.71765
0.57217
0.70266
0.8885
0.80371
0.57507
0.56793
0.88226
0.42696
0.77816
0.69293
0.67869
0.6946
0.41875
0.69778
0.7331
0.43556
0.54809
0.63495
0.45142
0.55175
0.78119
0.72155
0.55723
0.75821
0.69142
0.60361
0.31236
0.70157
0.71988
0.55424
0.87174
0.94674
0.82788
0.44888
0.74575
0.8772
0.68649
0.67036
0.599
0.82731
0.4905
0.82212
0.77232
0.71087
0.82263
0.93529
0.67556
0.66936
0.94053
0.52747
0.39411
0.56063
0.36602
0.52634
0.38094
0.6734
0.65155
0.90222
0.6506
0.73079
0.83799
0.67237
0.86097
0.69443
0.7678
0.68941
0.72636
0.70004
0.68147
0.62957
0.78748
0.95417
0.6155
0.6414
0.72274
0.64613
0.56843
0.68614
0.92628
0.48165
0.80104
0.67641
0.7842
0.67694
0.6422
0.92434
0.8146
0.92106
0.8789
0.60269
0.94142
0.63911
0.72725
0.61032
0.66718
0.48636
0.48208
0.85151
0.43956
0.7364
0.62234
0.58297
0.68038
0.86026
0.71432
0.65739
0.5439
0.75953
0.7643
0.6846
0.63741
0.47553
0.64389
0.58833
0.57673
0.57188
0.66376
0.82564
0.78246
0.76938
0.37617
0.68839
0.57474
0.57084
0.96302
0.63771
0.86297
0.85449
0.6641
0.78331
0.61686
0.76651
0.70754
0.59665
0.82466
0.41021
0.70468
0.67376
0.89708
0.52136
0.56523
0.67201
0.9375
0.55126
0.70597
0.93559
0.95681
0.84174
0.50808
0.81418
0.73737
0.48253
0.54348
0.83288
0.42136
0.54628
0.65539
0.62945
0.51888
0.35183
0.72093
0.64215
0.9135
0.74797
0.86717
0.53851
0.62171
0.55834
0.92213
0.88292
0.7335
0.7839
0.66715
0.77373
0.44032
0.83372
0.68131
0.65338
0.55875
0.82031
0.8585
0.78682
0.78889
0.69547
0.58697
0.71524
0.6405
0.59676
0.50918
0.64416
0.58342
0.93267
0.69518
0.57491
0.67526
0.7826
0.53631
0.64657
0.292
0.66133
0.76282
0.69041
0.75295
0.61486
0.82949
0.59874
0.76276
0.74983
0.44198
0.9449
0.59714
0.60207
0.5765
0.70112
0.53247
0.55794
0.65142
0.68645
0.45575
0.79926
0.51619
0.71255
0.90186
0.55246
0.48243
0.87108
0.76665
0.63065
0.84386
0.5761
0.82213
0.77999
0.66945
0.35549
0.58071
0.55488
0.6744
0.55673
0.75706
0.77156
0.81282
0.89346
0.43431
0.79743
0.61187
0.88787
0.65092
0.56308
0.54133
0.50643
0.729
0.7468
0.73825
0.50073
0.7275
0.38612
0.53918
0.75507
0.49209
0.64962
0.70775
0.39757
0.82687
0.69426
0.73027
0.5169
0.73546
0.79269
0.35033
0.83703
0.48877
0.46659
0.63834
0.81636
0.65316
0.65142
0.66183
0.37772
0.21541
0.71975
0.52684
0.49058
0.55126
0.43362
0.62404
0.40081
0.70738
0.68596
0.85555
0.746
0.72542
0.65182
0.73438
0.64673
0.52679
0.75854
0.71035
0.56844
0.74092
0.44554
0.63044
0.78665
0.45804
0.64076
0.77252
0.60368
0.63076
0.67514
0.78688
0.58065
0.60369
0.96202
0.69166
0.57753
0.77494
0.76921
0.60369
0.87579
0.56883
1.0274
0.47945
0.65585
0.76578
0.64345
0.79985
0.82412
0.37234
0.54983
0.66122
0.46365
0.60632
0.84719
0.59704
0.47353
0.77486
0.5007
0.82971
0.29783
0.65898
0.77613
0.60298
0.93576
0.60016
0.8334
0.5979
0.77332
0.73129
0.45695
0.70672
0.77622
0.75648
0.46754
1.1132
0.65015
0.69667
0.68073
0.89852
0.59944
0.81044
0.92185
0.8314
0.61337
0.63968
0.84454
0.55943
0.70106
0.75183
0.44037
0.67862
0.52849
0.77013
0.9113
0.81938
0.55743
0.74876
0.54677
0.66932
0.84998
0.57303
0.70333
0.75931
0.54812
0.5488
0.85046
0.77294
0.9016
0.71222
0.70074
0.71961
0.70876
0.90396
0.65797
0.85039
0.55271
0.77498
0.91621
0.45799
0.67112
0.61039
0.57135
0.75161
0.62249
0.76472
0.85633
0.75257
0.64191
0.59262
0.66162
0.49186
0.74218
0.75576
0.79892
0.79668
0.88005
0.62598
0.89133
0.75858
0.62161
0.8387
0.75572
0.83369
0.59902
0.92783
0.83941
0.7556
0.71399
0.716
0.59823
0.73386
0.81514
0.67727
0.54126
0.85404
0.52509
0.73299
0.8168
0.83095
0.52753
0.70563
0.48475
0.35732
0.79397
0.66986
0.56394
0.5912
0.54361
0.64044
0.46876
0.76632
0.71693
0.82018
0.88151
0.73116
0.86418
0.6572
0.58146
0.72209
0.89425
0.57887
0.61355
0.62801
0.81201
0.58807
0.78547
0.57611
0.79819
0.59262
0.71524
0.61656
0.6727
0.89529
0.57982
0.77543
0.51063
0.73971
0.65808
0.58611
0.76351
0.57458
0.56057
0.69822
0.51151
0.9523
0.38684
0.72873
0.71759
0.34201
0.35901
0.93366
0.83155
0.79699
0.64564
0.23107
0.77368
0.67333
0.63156
0.87041
0.6749
0.86668
0.48958
0.78998
0.85922
0.77563
0.64717
0.68095
0.37717
0.5695
0.56831
0.64365
0.64112
0.69274
0.88791
0.78511
0.85948
0.88789
0.60367
0.55709
0.78632
0.70718
0.39432
0.61747
0.54978
0.52863
0.70684
0.7764
0.44477
0.75439
0.52209
0.51364
0.72977
0.51324
0.67779
0.67223
0.58118
0.40824
0.52709
0.66792
0.50191
0.61377
0.79954
0.72311
0.74924
0.80785
0.67487
0.7586
0.82026
0.68711
0.65383
0.64118
0.62915
0.6675
0.82045
0.6397
0.94964
0.48574
0.97306
0.39216
0.81469
0.69576
0.6038
0.79707
0.47215
0.83141
0.31394
0.74191
0.49762
1.0403
0.82226
0.7791
0.50546
0.67663
0.78478
0.67066
0.48438
0.7675
0.65443
0.65295
0.81049
0.6813
0.52142
0.42997
0.40687
0.59078
0.48376
0.54663
0.87993
0.51818
0.61031
0.5953
0.61407
0.78305
0.62789
0.75655
0.67699
0.71388
0.6328
0.64722
0.49355
0.74664
0.6253
0.60807
0.73959
0.84351
0.63537
0.82579
0.51769
0.67698
0.81004
0.57625
0.69018
0.77608
0.58647
0.69447
0.50511
0.68659
0.65779
0.82775
0.61011
0.378
0.58879
0.77971
0.78268
0.86322
0.92441
0.44259
1.0339
0.7609
0.65268
0.7937
0.71591
0.61122
1.0832
0.76976
0.56852
0.75203
0.75179
0.61028
0.59112
0.68834
0.57432
0.61503
0.79299
0.71171
0.47308
0.47281
0.53937
0.88011
0.73145
0.66888
0.7479
0.55437
0.70996
0.44355
0.58511
0.42792
0.53162
0.64331
0.73693
0.56608
0.62972
0.56621
0.76872
0.62919
0.47533
0.52555
0.86226
0.8167
0.87179
0.72679
0.54252
0.80246
0.56115
0.85363
0.81479
0.46348
0.62186
0.76226
0.68503
0.74149
0.60781
0.79562
0.63459
0.6949
0.51239
0.74313
0.70403
0.74054
0.88065
0.96248
0.59129
0.68124
0.77229
0.77116
0.76275
0.82237
0.78547
0.60809
0.69314
0.83342
0.77614
0.8719
0.68504
0.84895
0.59034
0.52502
0.73289
0.80947
0.58477
0.85486
0.53059
0.71549
0.80094
0.7519
0.74489
0.60732
0.58475
0.76695
0.92892
0.47732
0.59786
0.69793
0.72761
0.68515
0.74892
0.47481
0.67438
0.57684
0.80007
0.40346
0.44485
0.7169
0.78441
0.9909
0.4897
0.59005
0.44047
0.83402
0.78896
0.81226
0.86753
0.72451
0.82598
0.80022
0.63022
0.61238
0.61087
0.66915
0.58121
0.62972
0.37079
0.78637
0.72936
0.86336
0.84456
0.7263
0.79662
0.58648
0.8766
0.58516
0.82942
0.59445
0.69261
0.57321
0.75378
0.69602
0.54718
0.59493
0.94908
0.67258
0.73145
0.56058
0.52105
0.66764
0.59586
0.43924
0.82144
0.34467
0.7272
0.42982
0.83572
0.81231
0.74472
0.71093
0.56271
0.78269
0.87953
0.68065
0.69088
0.4463
0.77066
0.54331
0.38526
0.72853
0.471
0.52537
0.848
0.40132
0.90174
0.5209
0.64745
0.20529
0.85022
0.66527
0.66797
0.57535
0.69557
0.72863
0.80626
0.74983
0.70847
0.66619
0.66048
0.77438
0.60628
0.84761
0.72122
0.61041
0.76839
0.55492
0.73617
0.63553
0.6852
0.8194
0.73462
0.52268
0.8329
0.84136
0.70063
0.79383
0.86419
0.56854
0.68792
0.67413
0.53042
0.6322
0.66179
0.79024
0.44955
0.85178
0.59297
0.61358
0.80167
0.81231
0.6362
0.51496
0.79018
0.91103
0.75183
0.75561
0.23422
0.77189
0.80616
0.79477
0.83369
0.75032
0.5082
0.63461
0.70293
0.75776
0.79891
0.84846
0.50191
0.47717
0.47552
0.83699
0.5987
0.61329
0.68359
0.66599
0.77999
0.7225
0.61692
0.5279
0.52294
0.91533
0.67009
0.54414
1.0324
0.66273
0.46083
0.5334
0.92763
0.5432
0.7719
0.92551
0.80036
0.69532
0.55085
0.88653
0.5631
0.57408
0.61587
0.54634
0.49136
0.69794
0.8172
0.69692
0.57194
0.67667
0.84422
0.6802
0.77567
0.66574
0.6162
0.71764
0.43462
0.49424
0.41035
0.40432
0.7442
0.42782
0.87829
0.62815
0.51802
0.77207
0.71108
0.44693
0.68588
0.72896
0.62777
0.67456
0.63879
1.0395
0.6942
0.48246
0.67471
0.54606
0.46628
0.73506
0.70731
0.64849
0.52707
0.45593
0.65171
0.70573
0.73683
0.68967
0.67106
0.64405
0.4879
0.57295
0.83175
0.67786
0.52718
0.81982
0.66843
0.35228
0.83666
0.79891
0.64051
0.92428
0.80143
0.33907
0.77272
0.685
0.73401
0.70212
0.46724
0.67516
0.51245
0.64889
0.54952
0.52591
0.71454
0.71685
0.82806
0.62178
0.72841
0.65793
0.79634
0.63519
0.8881
0.82627
0.62499
0.52223
0.64323
0.73549
0.92417
0.8786
0.79355
0.64667
0.8547
0.68443
0.67565
0.71413
0.71819
0.66891
0.96499
0.7056
0.70313
0.77571
0.65846
0.39246
0.63371
0.30238
0.47305
0.80001
0.48474
0.5072
0.9898
0.54546
0.90917
0.77017
0.63318
0.77154
0.51431
0.72518
0.37995
0.88385
0.5136
0.82947
0.58485
0.61208
0.76192
0.65826
0.74461
0.53157
0.6489
0.76341
0.60547
0.64089
0.60572
0.6885
0.56012
0.62561
0.59016
0.76824
0.57937
0.85005
0.64835
0.70081
0.68926
0.53519
0.5633
0.70219
0.80061
0.39514
0.80915
0.57879
0.73575
0.78323
0.52766
0.60661
0.70807
0.78648
0.81969
0.67029
0.70289
0.67747
0.78198
0.68659
0.72492
0.32557
0.53469
0.67395
0.55945
0.70414
0.46077
0.84609
0.6847
0.84843
0.82925
0.90698
0.78021
0.91612
0.55394
0.76375
0.65064
0.60483
0.71119
0.46966
0.60856
0.69437
0.87516
0.65581
0.53709
0.39117
0.52916
0.82927
0.56928
0.75468
0.63233
0.70259
0.40529
0.68497
0.85764
0.7938
0.49254
0.70736
0.6919
0.75833
0.81491
0.5875
0.63009
0.45571
0.57688
0.7912
0.64782
0.74906
0.71854
0.8426
0.4503
0.72342
0.6334
0.44276
0.63096
0.64291
0.88968
0.8342
0.77565
0.77976
0.41697
0.67455
0.83478
0.79926
0.78022
0.6993
0.76547
0.71502
0.81779
0.77388
0.76005
0.76482
0.54958
0.80604
0.67451
0.59004
0.75984
0.91481
0.78017
0.58944
0.71002
0.65178
0.89242
0.53401
0.4786
0.75396
0.65065
1.0287
0.62609
0.89129
0.8497
0.57139
0.46223
0.90383
0.7972
0.76061
0.61102
0.69258
0.56828
0.67587
0.62002
0.82677
0.52192
0.69147
0.66971
0.68212
0.87304
0.52012
0.5973
0.9417
0.49061
0.50633
0.9205
0.73344
0.60929
0.68404
0.68015
0.42797
0.85593
0.73286
0.72338
0.72235
0.77189
0.81535
0.51199
0.34376
0.75888
0.6465
0.7105
0.9021
0.31696
0.69827
0.79388
0.73386
0.72395
0.74852
0.81627
0.50258
0.38888
0.98137
0.36426
0.46624
1.0402
0.71151
0.68332
0.79535
0.54903
0.79104
0.86714
0.58006
0.76558
0.77775
0.60977
0.59796
0.51946
0.57689
0.72328
0.68404
0.38145
0.79338
0.69418
0.84827
0.56671
0.73822
0.64632
0.60311
0.81007
0.74213
0.60413
0.62638
0.72941
0.23115
0.82373
0.60798
0.68462
0.82987
0.47234
0.56651
0.82567
0.64673
0.7887
0.76533
0.65664
0.71095
0.67901
0.80312
0.47438
0.53534
0.57254
0.56668
0.78685
0.48281
0.43233
0.37962
0.38035
0.35026
0.42658
0.61709
0.7313
0.50939
0.81944
0.33491
0.78378
0.78872
0.74161
0.86948
0.89925
0.73402
0.54141
0.76879
0.88118
0.56363
0.52071
0.71288
0.63652
0.70727
0.85519
0.70515
0.66783
0.79301
0.6527
0.53871
0.64801
0.73925
0.57245
0.71439
0.55455
0.51008
0.41175
0.74268
0.67275
0.81682
0.57621
0.70109
0.73645
0.49943
0.6508
0.8277
0.79258
0.53315
0.53415
0.70129
0.57421
0.95645
0.87609
0.35597
0.74091
0.94447
0.78137
0.76314
0.63197
0.48954
0.79882
0.85535
0.74107
0.99067
0.46579
0.57122
0.58012
0.83587
0.78452
0.62364
0.55063
0.51935
0.60188
0.83861
0.93201
0.93462
0.82296
0.78511
0.44638
0.6275
0.53147
0.61626
0.76152
0.87646
0.6046
0.66677
0.70922
0.63109
0.91768
0.59743
0.88405
0.58765
0.44954
0.72536
0.82689
0.79183
0.76649
0.79653
0.65384
0.57921
0.71312
0.57883
0.88356
0.39383
0.82995
0.63047
0.6841
0.54575
0.59718
0.65675
0.69997
0.65176
0.77458
0.49377
0.85314
0.85356
0.59805
0.7419
0.54967
0.702
0.82773
0.55832
0.85157
0.97148
0.54204
0.29613
0.52087
0.85395
0.62154
0.89648
0.59398
0.8687
0.74699
0.4833
0.56485
0.43043
0.47185
0.6334
0.61979
0.81646
0.13908
0.69297
0.45473
0.65751
0.77445
0.83927
0.86132
0.98806
0.68718
0.68648
0.63797
0.75015
0.56698
0.40073
0.77018
0.72592
0.46484
0.81387
0.8749
0.44804
0.71113
0.56864
0.85863
0.65614
0.71875
0.82364
0.65036
0.60922
0.73821
0.41046
0.76175
0.68716
0.84907
0.65242
0.81339
0.65397
0.36516
0.61728
0.80699
0.58195
0.42643
0.53837
0.87187
0.82679
0.68512
0.71612
0.61851
0.63713
0.54779
0.76869
0.66693
0.76345
0.56514
0.743
0.64714
0.60512
0.66966
0.94018
0.68857
0.40866
0.7318
0.90822
0.84231
0.7606
0.82283
0.61314
0.68535
0.67083
0.85623
0.57441
0.3067
0.55379
0.56909
0.44067
0.44023
0.71338
0.77838
0.4924
0.93686
0.71676
0.56226
0.70785
0.88049
0.83759
0.77958
0.77609
0.49745
0.73918
0.69532
0.43234
0.7106
0.73882
0.75448
0.53572
0.65352
0.70878
0.69975
0.75896
0.59617
0.6577
0.55689
0.55816
0.56051
0.74817
0.62658
0.61906
0.64789
0.73195
0.54088
0.69595
0.82509
0.6312
0.46222
0.4475
0.81509
0.71238
0.71941
0.50226
0.61408
0.64733
0.64106
0.73088
0.44631
0.63743
0.44358
0.60193
0.79523
0.86125
0.58018
0.76141
0.7175
0.65305
0.8139
0.77991
0.64356
0.67459
0.84461
0.7609
0.45844
0.66534
0.66165
0.91502
0.86767
0.59576
0.64272
0.69111
0.78181
0.75844
0.77478
0.70593
0.47894
0.85834
0.76725
0.79174
0.51405
0.72879
0.49535
0.62744
0.52463
0.81031
0.82799
0.47678
0.79657
0.85628
0.69002
0.47264
0.71101
0.30199
0.40066
0.60742
0.58931
0.66022
0.40286
0.62269
0.73307
0.91072
0.72763
0.74715
0.72827
0.68909
0.60289
0.73895
0.41775
0.68619
0.67611
0.63516
0.85974
0.69976
0.45158
0.69028
0.66924
0.66124
0.82116
0.71021
0.73816
0.67847
0.76841
0.44609
0.6161
0.66555
0.87063
0.81446
0.68153
0.42587
0.37263
0.47168
0.54165
0.45343
0.58922
0.70222
0.67444
0.73264
0.62319
0.62238
0.88429
0.51224
0.87203
0.2848
0.32001
0.53443
0.96092
0.52159
0.6621
0.31533
0.56815
0.87725
0.738
0.81127
0.72982
0.63904
0.63552
0.58023
0.60077
0.75337
0.89673
0.80814
0.49088
0.64175
0.69651
0.81856
0.81076
0.8271
0.82558
0.82849
0.73856
0.88936
0.69039
0.94071
0.43507
0.73634
0.64716
0.62889
0.80533
0.50829
0.56426
0.71455
0.38514
0.81746
0.49513
0.58385
0.55464
0.798
0.72488
0.57456
0.60941
0.68282
0.51733
0.56197
0.47416
0.74479
0.64062
0.57008
0.44423
0.85146
0.76984
0.67818
0.63549
0.71128
0.70703
0.66173
0.46709
0.54999
0.67981
0.82701
0.79721
0.54283
0.74995
0.6602
0.63959
0.49546
0.76873
0.64023
0.51785
0.66896
0.78764
0.6253
0.64025
0.59629
0.57539
0.83938
0.66462
0.86801
0.71592
0.44482
0.88909
0.71281
0.68141
0.91029
0.54302
0.87237
0.95974
0.72871
0.4969
0.61458
0.54347
0.69879
0.69605
0.71361
0.34964
0.80728
0.97055
0.56821
0.75788
0.87699
0.86516
0.6604
0.89256
0.51214
0.71015
0.73615
0.63567
0.68468
0.35109
0.72247
0.5716
0.74717
0.65053
0.52764
0.70945
0.7597
0.72938
0.80098
0.75315
0.88054
0.60093
0.66046
0.85603
0.97729
0.65998
0.7844
0.72923
0.708
0.59867
0.71378
0.59341
0.94646
0.26729
0.53377
0.6583
0.73538
0.66266
0.69864
0.80519
0.64072
0.5267
0.64345
0.7065
0.63529
0.79742
0.94906
0.62245
0.93981
0.60182
0.73991
0.63036
0.42195
0.69027
0.51189
0.75729
0.51341
0.59944
0.89345
0.68619
0.53533
0.70025
0.61667
0.65971
0.65053
0.65441
0.58652
0.9672
0.62541
0.63832
0.62986
0.55279
0.78205
0.38668
0.3718
0.68025
0.68501
0.60338
0.64684
0.52432
0.85515
0.63054
0.60643
0.68268
0.84722
0.56564
0.57572
0.69748
0.44422
0.79624
0.84225
0.72398
0.58428
0.90614
0.52831
0.69371
0.57955
0.75795
0.79411
0.58006
0.69668
0.78934
0.74206
0.78236
0.6746
0.76642
0.47014
0.71801
0.32939
0.7011
0.68142
0.49152
0.68207
0.56641
0.61074
0.64296
0.60505
0.89381
0.75252
0.59113
0.74868
0.72073
0.71552
0.70271
0.77256
0.7121
0.55695
0.77664
0.76307
0.5771
0.75637
0.87762
0.7085
0.64549
0.74322
0.47496
0.83585
0.77386
0.68088
0.88882
0.80687
0.39647
0.51212
0.82384
0.84178
0.66004
0.80104
0.56809
0.65936
0.66668
0.70137
0.44704
0.55515
0.71619
0.84727
0.42623
0.75796
0.648
0.5998
0.7291
0.62385
0.64242
0.63896
0.89856
0.476
0.78386
0.57685
0.84892
0.61744
0.5526
0.87183
0.29757
0.70169
0.69032
0.69205
0.8389
0.527
0.86513
0.62676
0.8517
0.43691
0.56059
0.71083
0.84207
0.82885
0.49788
0.44545
0.52298
0.89277
0.41126
0.74135
0.75304
0.78726
0.68406
0.64478
0.75597
0.7509
0.71741
0.82016
0.59076
0.83617
0.80484
0.62398
0.64028
0.64725
0.65221
0.42118
0.50403
0.55984
0.68877
0.6507
0.79068
0.77817
0.76689
0.63963
0.76198
0.59155
0.46338
0.69441
0.43259
0.66082
0.38614
0.6661
0.67728
0.68974
0.36334
0.45761
0.63398
0.83301
0.54021
0.80595
0.60832
0.76917
0.61786
0.58285
0.95485
0.72405
0.58754
0.58401
0.65905
0.55179
0.56531
0.41871
0.6306
0.42539
0.64715
0.89859
0.73473
0.58575
0.9342
0.83963
0.54345
0.56846
0.64547
0.72525
0.6479
0.5018
0.73343
0.45399
0.70896
0.63291
0.73778
0.75613
0.63814
0.41886
0.66052
0.80422
0.70517
0.7191
0.78409
0.72333
0.87188
0.61495
0.82139
0.43196
0.41285
0.65581
0.80882
0.84679
0.92924
0.85692
0.66717
0.58177
0.83519
0.72641
0.75658
0.74279
0.79136
0.71851
0.88921
0.76718
0.73059
0.83921
0.62692
0.61862
0.738
0.80811
0.31105
0.66649
0.69341
0.37267
0.55489
0.54516
0.64873
0.60082
0.8047
0.51288
0.58557
0.53334
0.87416
0.55521
0.49087
0.66068
0.67578
0.76558
0.80267
0.44981
0.63416
0.69901
0.87321
0.65433
0.43594
0.72281
0.63925
0.31937
0.55046
0.83276
0.85523
0.6414
0.58521
0.85138
0.67954
0.46717
0.69476
0.55702
0.56294
0.57795
0.66848
0.72502
0.80721
0.81543
0.72103
0.59367
0.63724
0.45343
0.54073
0.66964
0.73993
0.72453
0.6837
0.6617
0.83263
0.75173
0.58326
0.48961
0.82554
0.68594
0.46666
0.43071
0.55509
0.64136
0.73485
0.58327
0.72163
0.48189
0.6571
0.65419
0.44863
0.9488
0.64522
0.68925
0.61466
0.64953
0.86684
0.80853
0.6198
0.58251
0.81341
0.55662
0.62539
0.60412
0.66085
0.77711
0.73895
0.57437
0.69153
0.48328
0.88817
0.5478
0.64345
0.66415
0.69718
0.79649
0.89904
0.61347
0.94697
0.94149
0.85736
0.71277
0.90552
0.78678
0.40294
0.89767
0.44951
0.44076
0.84793
0.60002
0.58081
0.80648
0.74753
0.63926
0.85797
0.79442
0.48438
0.57425
0.83048
0.67133
0.782
0.69941
0.66386
0.92149
0.67813
0.74543
0.83226
0.66814
0.46094
0.52188
0.63365
0.43401
0.60975
0.38432
0.62556
0.83112
0.48431
0.40664
0.54556
0.63094
0.49824
0.73809
0.70153
0.73553
0.28473
0.56611
0.65009
0.69163
0.86047
0.54976
0.39397
0.7622
0.77799
0.76314
0.69948
0.70459
0.72509
0.6811
0.65607
0.49773
0.77694
0.72255
0.79269
0.65279
0.8636
0.57547
0.49251
0.73202
0.68055
0.53742
0.74631
0.20739
0.70758
0.31102
0.87716
0.52291
0.84026
0.5729
0.61548
0.43842
0.76146
0.6259
0.89324
0.62116
0.77493
0.67196
0.52891
0.54193
0.5142
0.42468
0.65807
0.42245
0.76777
0.89641
0.85669
0.86812
0.64558
0.5241
0.41268
0.72531
0.47254
0.69931
0.60834
0.75356
0.89694
0.75657
0.63476
0.63491
0.53548
0.48141
0.72014
0.61553
0.97931
0.5538
0.58621
0.64405
0.50467
0.55296
0.52108
0.45128
0.81621
0.59862
0.8281
0.72343
0.8546
0.65411
0.74218
0.81824
0.77244
0.74044
0.41043
0.87173
0.812
0.75628
0.64969
0.56929
0.47183
0.75719
0.67996
0.66983
0.85547
0.67048
0.82909
0.76805
0.67507
0.74328
0.65547
0.58869
0.38317
0.76041
0.66755
0.51678
0.73447
0.63281
0.58614
0.83206
0.54985
0.6418
0.83963
0.63309
0.61112
0.99206
0.82617
0.43019
1.0245
0.75502
0.55573
0.5877
0.68199
0.71008
0.67214
0.82105
0.52711
0.81433
0.58723
0.7305
0.75308
0.56397
0.44539
0.60227
0.75248
0.6538
0.73097
0.69069
0.774
0.66823
0.86075
0.87022
0.64157
0.37939
0.3357
0.75295
0.46929
0.73617
0.80289
0.61216
0.79422
0.52341
0.6878
0.97327
0.78888
0.71381
0.81721
0.59814
0.76235
0.7507
0.82722
0.69039
0.7195
0.70051
0.65833
0.52309
0.61861
0.57629
0.23574
0.85017
0.90019
0.89786
0.58931
0.7149
0.86827
0.4052
0.71431
0.64436
0.56567
0.47853
0.59244
0.748
0.76041
0.48348
0.70717
0.53495
0.74312
0.64106
0.64226
0.54218
0.66665
0.84347
0.64689
0.65108
0.67289
0.5109
0.71694
0.81096
0.4858
0.84783
0.73579
0.7354
0.8122
0.74183
0.84816
0.80226
0.7965
0.82514
0.61779
0.52521
0.72075
0.46181
0.5557
0.57505
0.5295
0.47809
0.55808
0.53089
0.71992
0.65763
0.61964
0.46159
0.67974
0.53819
0.6583
0.67877
0.80373
0.51438
0.7225
0.82338
0.63431
0.43141
0.606
0.54194
0.74814
0.62558
0.86477
0.64662
0.67981
0.81053
0.87381
0.76201
0.73715
0.76414
0.82078
0.71659
0.39076
0.54671
0.93198
0.85468
0.38864
0.78002
0.85116
0.85406
0.7566
0.6958
0.74522
0.6759
0.58099
0.56217
0.82596
0.80594
0.62353
0.7886
0.50107
0.7525
0.38306
0.71218
0.58004
0.70022
0.57525
0.80797
0.90282
0.65794
0.59198
0.71052
0.6978
0.63243
0.64015
0.71056
0.46088
0.72712
0.57891
0.63389
0.4158
0.56389
0.52856
0.52699
0.67659
0.86056
0.69021
0.82759
0.67328
0.44442
0.90039
0.50453
0.79585
0.72867
0.54109
0.70855
0.64457
0.60746
0.43424
0.56688
0.50356
0.54267
0.62951
0.80755
0.58193
0.80561
0.88688
0.63035
0.59856
0.70423
0.90452
0.77552
0.44922
0.89282
0.66469
0.61902
0.49415
0.73403
0.78474
0.70586
0.615
0.83287
0.7893
0.7864
0.59297
0.7595
0.81965
0.74568
0.25858
0.89838
0.6639
0.83525
0.67345
0.74287
0.7707
0.74565
0.81036
0.59137
0.82715
0.6546
0.77114
0.72989
0.88765
0.79341
0.83217
0.741
0.48241
0.7572
0.47166
0.5717
0.54913
0.68541
0.93109
0.91397
0.65311
0.49625
0.46039
0.54711
0.75963
0.59431
0.81164
0.80198
0.72249
0.78826
0.68317
0.68152
0.73171
0.63714
0.84512
0.73589
0.64985
0.39649
0.47703
0.67259
0.51277
0.92291
0.55378
0.72815
0.77104
0.63492
0.46933
0.62965
0.51081
0.91238
0.82716
0.63476
0.68898
0.32559
0.57482
0.71841
0.48303
0.55067
0.49395
0.82169
0.77839
0.61424
0.49002
0.70304
0.83742
0.6768
0.64645
0.66887
0.69593
0.59854
0.54128
0.54438
0.68212
0.53722
0.83941
0.93858
0.56328
0.63221
0.59697
0.48592
0.65765
0.70166
0.52398
0.70746
0.59511
0.53908
0.75791
0.78955
0.69481
0.57187
0.659
0.6673
0.80009
0.62442
0.78681
0.81861
0.67653
0.58445
0.71541
0.67795
0.37348
0.78199
0.19341
0.73003
0.42624
0.71359
0.59147
0.58726
0.56224
0.70687
0.53979
0.50584
0.8956
0.57409
0.86467
0.5839
0.76121
0.57687
0.59375
0.61257
1.0036
0.59185
0.76681
0.86254
0.81309
0.73726
0.58292
0.91259
0.77873
0.77758
0.73391
0.86871
0.50113
0.79625
0.92278
0.62486
0.65001
0.77731
0.73115
0.65485
0.55855
0.58097
0.75203
0.52284
0.53893
0.5387
0.77227
0.79102
0.44379
0.51471
0.70207
0.66301
0.63171
0.52002
0.38815
0.6009
0.77858
0.68801
0.53447
0.87991
0.65004
0.59141
0.47393
0.87381
0.30467
0.71068
0.80478
0.93738
0.9331
0.71012
0.9395
0.31411
0.51249
0.65261
0.56723
0.91721
0.66285
0.67823
0.94515
0.77765
0.5085
0.81824
0.64782
0.67879
0.71291
0.80761
0.7478
0.62562
0.87937
0.64727
0.60607
0.44782
0.65485
0.76656
0.84794
0.39537
0.82026
0.6001
0.35359
0.68454
0.78282
0.62818
0.57661
0.4563
0.82295
0.76821
0.8785
0.47564
0.77829
0.58078
0.63341
0.22649
0.73597
0.76534
0.80312
0.51649
0.77588
0.74529
0.73323
0.77069
0.761
0.78232
0.63902
0.47431
0.35492
0.41713
0.87654
0.4472
0.85702
0.59657
0.79416
0.6036
0.69308
0.71057
0.67637
0.67441
0.51675
0.54708
0.50976
0.72825
0.76866
0.88609
0.16992
0.79591
0.7871
0.52753
0.66673
0.94014
0.81342
0.53763
0.40218
0.4426
0.64657
0.49084
0.58791
0.76739
0.69927
0.35728
0.82445
0.68975
0.7322
0.55134
0.6339
0.7033
0.55736
0.60559
0.61085
0.82687
0.64659
0.63322
0.71416
0.5728
0.70217
0.55034
0.58999
0.69743
0.54735
0.55505
0.84897
0.57931
0.78842
0.90803
0.48448
0.59295
0.42333
0.66107
0.66335
0.61973
0.86687
0.70818
0.70629
0.73011
0.78711
0.6787
0.59663
0.77114
0.80486
0.66148
0.61914
0.62013
0.60554
0.80085
0.43561
0.59062
0.65289
0.60546
0.83477
0.7182
0.83137
0.61803
0.72413
0.82875
0.80704
0.7517
0.7053
0.89691
0.72776
0.56872
0.3682
0.81708
0.89328
0.64385
0.60958
0.53483
0.70252
0.52778
0.49214
1.0746
0.86182
0.81023
0.92886
0.58401
0.55263
0.52311
0.77489
0.62779
0.64303
0.89903
0.52093
0.58613
0.59228
0.34961
0.81377
0.80085
0.74993
0.9712
0.71435
0.70719
0.49393
0.67823
0.90102
0.81351
0.63418
0.75945
0.87392
0.83771
0.39282
0.82856
0.65516
0.83941
0.40514
0.60285
0.84658
0.56723
0.6732
0.73496
0.63605
0.74631
0.53684
0.798
0.79821
0.33249
0.79229
0.62486
0.69029
0.69193
0.72532
0.52549
0.73627
0.77676
0.82264
0.65723
0.6645
0.69402
0.51141
0.63602
0.71728
0.84041
0.79318
0.73227
0.65984
0.75395
0.69941
0.79943
0.73693
0.72906
0.64031
0.65242
0.88913
0.44808
1.0467
0.57296
0.8209
0.94622
0.47918
0.67746
0.44401
0.54146
0.72977
0.88633
0.84666
0.51672
0.73369
0.79469
0.68945
0.66276
0.5597
0.6736
0.65248
0.66771
0.86448
0.60064
0.67913
0.69692
0.7796
0.55555
0.642
0.86202
0.56676
0.7093
0.83662
0.70228
0.8326
0.78749
0.69882
0.65465
0.77704
0.74673
0.66951
0.77027
0.40368
0.65999
0.54884
0.68597
0.81675
0.60433
0.65554
0.77572
0.58836
0.56826
0.90148
0.81761
0.687
0.98022
0.2829
0.93626
0.77141
0.57984
0.43224
0.83822
0.84498
0.81203
0.67062
0.48635
0.57654
0.82511
0.71612
0.69512
0.66226
0.55957
0.72657
0.81862
0.59745
0.4167
0.82108
0.66411
0.84257
0.72943
0.48277
0.50599
0.60534
0.8114
0.83602
0.73276
0.47554
0.4667
0.61183
0.77902
0.72948
0.70915
0.58884
0.72852
0.66575
0.48878
0.55213
0.67733
0.84295
0.6714
0.49048
0.56859
0.63727
0.53249
0.57084
0.47507
0.38702
0.90038
0.62881
0.62946
0.6286
0.73088
0.70139
0.43671
0.55285
0.70104
0.69929
0.47951
0.69025
0.79653
0.61551
0.61109
0.44974
0.45928
0.6939
0.60977
0.69244
0.69284
0.79508
0.93831
0.59084
0.85027
0.78343
0.86448
0.68094
0.50884
0.77803
0.9706
0.30765
0.65507
0.69119
0.60917
0.47235
0.5486
0.55828
0.64694
0.62666
0.67395
0.89678
0.43231
0.66848
0.50024
0.73077
0.58797
0.74806
0.74821
0.44291
0.89896
0.71419
0.76781
0.83051
0.70033
0.51966
0.35635
0.55178
0.42814
0.50645
0.77643
0.78233
0.53297
0.58106
0.47294
0.8596
0.9322
0.37035
0.79252
0.69445
0.73324
0.63921
0.87268
0.77272
0.6982
0.5203
0.54025
0.85529
0.7797
0.99123
0.36861
0.63145
0.50962
0.66464
0.65473
0.77583
1.0233
0.6946
0.47101
0.53674
0.76359
0.57813
0.45176
0.63198
0.84651
0.74989
0.6373
0.85478
0.67431
0.84288
0.72331
0.56484
0.8703
0.71005
0.84081
0.37162
0.81854
0.70906
0.77239
0.72811
0.40489
0.62115
0.80226
0.74269
0.82637
0.64597
0.51265
0.79484
0.5101
0.59818
0.85288
0.561
0.7358
0.56461
0.58501
0.64753
0.56786
0.78619
0.74241
1.0217
0.58276
0.76684
0.65881
0.70344
0.57162
0.63649
0.63315
0.43096
0.73757
0.85134
0.59932
0.75532
0.58542
0.55686
0.68932
0.83289
1.0078
0.73989
0.85465
0.91359
0.84579
0.89265
0.81255
0.70579
0.66036
0.42832
0.76755
0.45123
0.85699
0.7221
0.7433
0.4618
0.4023
0.3689
0.80882
0.5014
0.79737
0.85007
0.42613
0.65615
0.51238
0.68218
0.69769
0.85334
0.76988
0.70401
0.66244
0.66572
0.72296
0.64677
0.88994
0.84285
0.8692
0.68902
0.69466
0.80521
0.87642
0.58891
0.84091
0.80491
0.87752
0.48507
0.63907
0.34316
0.6792
0.45626
0.6698
0.48096
0.62559
0.69136
0.36206
0.73247
0.60702
0.76687
0.73876
0.54098
0.79501
0.60047
0.62678
0.58629
0.68405
0.68409
0.93371
0.92133
0.78676
0.67993
0.50907
0.71147
0.44919
0.62634
0.86496
0.68623
0.62352
0.88076
0.82382
0.49367
0.70723
0.94555
0.51129
0.79619
0.81747
0.61583
0.60684
0.71423
0.71315
0.53354
0.70502
0.75754
0.57382
0.47536
0.70165
0.83364
0.43522
0.77304
0.74305
0.71339
0.52515
0.27751
0.54294
0.65336
0.56918
0.85451
0.82033
0.72644
0.83822
0.64607
0.69546
0.79894
0.45786
0.74031
0.67319
0.65896
0.55341
0.60361
0.62301
0.58156
0.90665
0.58904
0.57316
0.80964
0.78462
0.54629
0.51301
0.77972
0.43426
0.77379
0.77522
0.63376
0.60161
0.63105
0.67192
0.93357
0.56195
0.48092
0.51139
0.30978
0.87189
0.7399
0.71567
0.51933
0.70385
0.67846
0.5528
0.46094
0.49497
0.59354
0.67404
0.74533
0.8165
0.62724
0.72485
0.45112
0.73084
0.62746
0.52749
0.65174
0.59306
0.58758
0.74492
0.73713
0.58765
0.73166
0.72296
0.8064
0.54448
0.75068
0.82815
0.48719
0.78861
0.81653
0.84025
0.73091
0.63183
0.80378
0.86197
0.71813
0.77728
0.82631
0.49724
0.68235
0.76048
0.57788
0.57049
0.55946
0.42262
0.39275
0.75656
0.58461
0.70031
0.81614
0.43716
0.71559
0.88942
0.99247
0.76521
0.83105
0.39411
0.56589
0.51313
0.66321
0.8807
0.5873
0.82582
0.41699
0.82271
0.49855
0.79893
0.79183
0.61175
0.4749
0.60654
0.84583
0.46492
0.81665
0.76126
0.96754
0.83464
0.82641
0.78944
0.80391
0.7389
0.70995
0.49652
0.78326
0.41969
0.8455
0.66897
0.78717
0.92051
0.79761
0.57247
0.57928
0.62312
0.50553
0.72224
0.59001
0.56249
0.70185
0.71785
0.63299
0.76972
0.68372
0.62692
0.65209
0.56459
0.68088
0.58621
0.48504
0.73687
0.62364
0.76914
0.75034
0.75541
0.63083
0.60615
0.71494
0.32283
0.92357
0.58766
0.55833
0.82691
1.0038
0.75474
0.7682
0.68804
0.47856
0.64653
0.73532
0.43275
0.67234
0.70978
0.76911
0.64947
0.51616
0.74231
0.72173
0.63824
0.78522
0.5502
0.4451
0.69255
0.51633
0.73154
0.36163
0.91037
0.52
0.70132
0.58993
0.71301
0.73887
0.62351
0.50349
0.59024
0.58807
0.63015
0.70604
0.5495
0.51849
0.53204
0.48211
0.96972
0.57391
0.49374
0.6929
0.70999
0.7742
0.64605
0.70102
0.30234
0.62929
0.63375
0.50061
0.81262
0.73743
0.68926
0.70078
0.83783
0.87741
0.80069
0.48168
0.83577
0.76931
0.9293
0.78664
0.52162
0.63361
0.7618
0.53152
0.85791
0.85594
0.58793
0.59221
0.8296
0.87904
0.35549
0.99013
0.71165
0.86424
0.75754
0.74874
0.72793
0.46252
0.72446
0.66055
0.70532
0.42916
0.59713
0.6326
0.83738
0.66187
0.86841
0.80808
0.58801
0.67607
0.80493
0.51804
0.61369
0.61406
0.72776
0.93937
0.81633
0.84393
0.61539
0.68712
0.75071
0.93698
0.70603
0.56614
0.74264
0.82154
0.61541
0.86582
0.62698
0.86901
0.83552
0.79129
0.75392
0.57826
0.78064
0.74693
0.90739
0.798
0.7413
0.91795
0.82524
0.83629
0.81707
0.79305
0.52614
0.70073
0.72464
0.70898
0.61818
0.82091
0.72381
0.68673
0.8228
0.84272
0.38423
0.81594
1.013
0.80512
0.57775
0.62123
0.64143
0.83094
0.56247
0.88089
0.84328
0.83248
0.6026
0.49519
0.69332
0.6658
0.78455
0.59356
0.92646
0.48393
0.6818
0.61002
0.52997
0.8026
0.81126
0.51364
0.6319
0.7961
0.8018
0.62022
0.58678
0.33729
0.70608
0.74817
0.62074
0.67027
0.97444
0.65341
0.5148
0.68358
0.52083
0.8713
0.72476
0.6061
0.51136
0.78024
0.42181
0.68618
0.60052
0.57711
0.75647
0.51513
0.47839
0.6882
0.74951
0.89202
0.77536
0.42287
0.53187
0.62223
0.63595
0.59773
0.45846
0.98523
0.70291
0.69713
0.70974
0.59356
0.57942
0.60556
0.69201
0.82347
0.6402
0.88555
0.74512
0.65853
0.63978
1.0056
0.87337
0.62414
0.65631
0.69231
0.74473
0.95973
0.72101
0.80287
0.60424
0.82798
0.51604
0.31532
0.95866
0.79184
0.90601
0.86856
0.82999
0.69887
0.89811
0.79795
0.23507
0.66995
0.63566
0.86775
0.44417
0.67289
0.74465
0.59685
0.78024
0.91305
0.68925
0.75802
0.58234
0.73161
0.47635
0.69547
0.45264
0.82675
0.68956
0.55612
0.51243
0.51229
0.84327
0.48229
0.88182
0.77828
0.72481
0.43017
0.49289
0.62236
0.66151
0.66828
0.81091
0.69325
0.3043
0.66476
0.30579
0.87762
0.64791
0.63823
0.54199
0.75488
0.79085
0.63608
0.73027
0.58214
0.71698
0.77303
0.89587
0.45585
0.58853
0.76458
0.60998
0.69342
0.81766
0.41552
0.52937
0.65479
0.78913
0.48499
0.91829
0.61341
0.44606
0.75161
0.48946
0.38137
0.6069
0.57834
0.58752
0.78886
0.82792
0.80061
0.86726
0.71861
0.59027
0.55009
0.76556
0.39858
0.78341
0.85453
0.62395
0.94338
0.71692
0.77308
0.77775
0.48569
0.81866
0.78501
0.74396
0.73595
0.68703
0.47048
0.64337
0.56487
0.52559
0.68406
0.67043
0.76518
0.56643
0.93956
0.61139
0.70531
0.88067
0.70964
0.55975
0.8287
0.55751
0.61258
0.69851
0.97774
0.68237
0.96986
0.65949
0.63533
0.47163
0.76006
0.80013
0.7016
0.47931
0.63672
0.31804
0.56802
0.83706
0.67293
0.49983
0.4707
0.82483
0.56618
0.36308
0.78556
0.67402
0.40811
0.78189
0.73756
0.52058
0.80401
0.74992
0.56898
0.7295
0.7451
0.80217
0.45477
0.65601
0.51831
0.47595
0.40312
0.52098
0.56748
0.65619
0.59197
0.84987
0.66787
0.70765
0.66973
0.69699
0.62467
0.73351
0.6919
0.76801
0.81356
0.77932
0.30674
0.48856
0.58595
0.44813
0.39517
0.52883
0.63402
0.74392
0.52377
0.84788
0.58419
0.7177
0.4157
0.49829
0.88676
0.45382
0.89953
0.75547
0.40831
0.78332
0.7881
0.81847
0.69859
0.79888
0.44753
0.77018
0.34187
0.75299
0.68577
0.74817
0.75058
0.68937
0.73655
0.52172
0.71406
0.80927
0.52414
0.58356
0.53978
0.75196
0.83289
0.79835
0.42127
0.70795
0.87982
0.41144
0.83288
0.6738
0.70299
0.47753
0.79912
0.73729
0.76909
0.57522
0.61694
0.76288
0.475
0.48062
0.85366
0.58782
0.69291
0.62597
0.61662
0.65551
0.69727
0.54749
0.35889
0.47144
0.52051
0.45909
0.77396
0.49829
0.84081
0.66501
0.60284
0.67428
0.62317
0.78607
0.63888
0.57291
0.49559
0.8258
0.88784
0.56268
0.5694
0.67604
0.54387
0.6261
0.56162
0.84203
0.4718
0.54605
0.85442
0.69055
0.62737
0.84201
0.51678
0.86412
0.7741
0.57963
0.49891
0.90941
0.62414
0.61377
0.70768
0.91164
0.50835
0.77011
0.64546
0.69666
0.58547
0.32673
0.55179
0.79177
0.60216
0.45806
0.7259
0.6055
0.50355
0.67056
0.70073
0.42228
0.58314
0.77963
0.80959
0.62074
0.76
0.66235
0.52648
0.82923
0.66097
0.70134
0.70711
0.65602
0.69359
0.71309
0.63689
0.56525
0.73798
0.76206
0.68367
0.80055
0.76337
0.63423
0.66403
0.4102
0.77594
0.46773
0.68688
0.68491
0.72081
0.82965
0.71662
0.62684
0.89878
0.65719
0.50372
0.78141
0.86595
0.73317
0.63289
0.73266
0.61342
0.40713
0.71543
0.67149
0.7369
0.49124
0.79242
0.69015
0.76786
0.6188
0.67411
0.56365
0.72861
0.52327
0.85915
0.74354
0.66715
0.59045
0.56003
0.23989
0.80593
0.77411
0.57359
0.82917
0.63812
0.92619
0.29663
0.77274
0.39655
0.92238
0.38251
0.7568
0.62874
0.5491
0.27304
0.70302
0.828
0.78288
0.68659
0.4004
0.418
0.81212
0.63722
0.64156
1.0223
0.4357
0.48169
0.88292
0.70929
0.71779
0.58049
0.82261
0.57495
0.7633
0.68148
0.76373
0.63301
0.48873
0.64256
0.67352
0.44655
0.62543
0.46543
0.6853
0.65206
0.76312
0.59288
0.76985
0.55524
0.61786
0.72512
0.7774
0.86105
0.56568
0.9314
0.34586
0.60857
0.60302
0.79568
0.7624
0.61316
0.34143
0.75119
0.63988
0.57184
0.67687
0.82449
0.92955
0.80119
0.55567
0.66718
0.62777
0.63658
0.71289
0.46888
0.86438
0.26732
0.58217
0.67763
0.32436
0.85318
0.64373
0.61903
0.68379
0.75261
0.65257
0.81225
0.54721
0.66211
0.73387
0.67221
0.56079
0.41192
0.62898
0.81813
0.63702
0.63509
0.69846
0.88674
0.82685
0.83134
0.6573
0.515
0.52396
0.8312
0.83094
0.47581
0.75146
0.77086
0.5854
0.69321
0.71565
0.79639
0.53239
0.67261
0.83177
0.61571
0.62803
0.57205
0.45301
0.45665
0.68867
0.80832
0.38378
0.16333
0.72099
0.79433
0.37092
0.47551
0.32263
0.86614
0.65181
0.44963
0.48851
0.55028
0.74982
0.62115
0.69125
0.56456
0.51703
0.60044
0.82517
0.87258
0.85569
0.78117
0.9312
0.85943
0.76696
0.36957
0.71367
0.84211
0.76262
0.60304
0.71443
0.79085
0.69435
0.62906
0.46243
0.421
0.65169
0.6661
0.35029
0.55599
0.78476
0.81325
0.83566
0.91418
0.64202
0.45988
0.48082
0.23017
0.57722
0.62421
0.63986
0.65437
0.89032
0.47894
0.39654
0.57299
0.69344
0.64423
0.54057
0.5521
0.61313
0.49248
0.5648
0.63897
0.80932
0.66446
0.45496
0.83615
0.44397
0.54748
0.6412
0.74357
0.63791
0.54886
0.82515
0.87869
0.92545
0.60992
0.5721
0.61879
0.56301
0.50563
0.83913
0.5014
0.7485
0.62684
0.76942
0.68942
0.61106
0.5347
0.80409
0.62133
0.87452
0.65121
0.85313
0.5957
0.6357
0.82551
0.7728
0.45381
0.72957
0.67602
0.45131
0.83233
0.64373
0.41231
0.45043
0.69225
0.50618
0.75083
0.66649
0.69577
0.73929
0.80581
0.33057
0.64252
0.81529
0.33933
0.74108
0.66806
0.50254
0.81033
0.97568
0.7839
0.59268
0.70623
0.78306
0.52563
0.79951
0.79136
0.36869
0.88171
0.59199
0.48597
0.31354
0.84916
0.57589
0.78651
0.5777
0.71632
0.7527
0.39478
0.57492
0.74412
0.76417
0.82343
0.71838
0.52486
0.61177
0.86647
0.61071
0.79323
0.74794
0.64742
0.83312
0.7188
0.31474
0.69679
0.77282
0.75288
0.48554
0.66004
0.72652
0.7223
0.49127
0.69934
0.73003
0.87156
0.56956
0.60466
0.96741
0.85428
0.79054
0.56653
0.76247
0.48544
0.71412
0.64882
0.54001
0.26846
0.50838
0.70042
0.44643
0.81244
0.45703
0.60401
0.47871
0.55093
0.4333
0.76804
0.75004
0.84349
0.54329
0.7818
0.76788
0.83847
0.82316
0.64888
0.6233
0.70566
0.44865
0.82407
0.70252
0.40139
0.8121
0.54391
0.7011
0.57473
0.71706
0.69355
0.855
0.66821
0.71508
0.7515
0.67362
0.58709
0.81831
0.69592
0.32505
0.69452
0.67396
0.69402
0.65032
0.50013
0.88784
0.57209
0.61902
0.70225
0.57963
0.73047
0.77554
0.47289
0.59984
0.846
0.70691
0.7948
0.76776
0.74249
0.56502
0.88797
0.77278
0.76943
0.77811
0.60466
0.96958
0.65147
0.23329
0.51632
0.46808
0.5151
0.42899
0.33979
0.77955
0.7872
0.20317
0.91597
0.51817
0.73278
0.39299
0.73593
0.77661
0.69781
0.78595
0.52268
0.87024
0.56574
0.53643
0.46087
0.50758
0.69015
0.61344
0.60533
0.71837
0.7664
0.78065
0.63752
0.63133
0.59421
0.5107
0.77243
0.74738
0.39606
0.76238
0.21237
0.70886
0.70108
0.67574
0.60616
0.93592
0.68463
0.72467
0.82308
0.76036
0.76576
0.52608
0.80812
0.65608
0.673
0.69562
0.64149
0.74562
0.86577
0.34666
0.43429
0.71829
0.88543
0.54882
0.81387
0.43593
0.85321
0.62498
0.86895
0.59538
0.5894
0.73877
0.43647
0.74281
0.59672
0.57784
0.70931
0.66196
0.72706
0.62905
0.71955
0.81606
0.96158
0.47368
0.60461
0.74576
0.58641
0.47728
0.64803
0.47041
0.57242
0.75244
0.58947
0.64608
0.88154
0.70328
0.81154
0.62108
0.705
0.60586
0.83692
0.62565
0.80721
0.68019
0.85256
0.7133
0.62333
0.69066
0.24797
0.70848
0.88234
0.61676
0.67103
0.51686
0.64805
0.73526
0.41162
0.57612
0.71492
0.6827
0.88762
0.6034
0.64792
0.84424
0.65301
0.72729
0.67851
0.73601
0.38246
0.84634
0.84699
0.8226
0.46643
0.832
0.93817
0.62461
0.64341
0.85868
0.33997
0.66882
0.68214
0.82212
0.6773
0.66065
0.67653
0.74651
0.72508
0.63311
0.66787
0.43331
0.63521
0.38007
0.51375
0.67677
0.74789
0.80795
0.63887
0.70219
0.59756
0.90312
0.62495
0.7375
0.7178
0.38336
0.57741
0.70046
0.7161
0.74299
0.75689
0.69538
0.67562
0.7415
0.74612
0.89876
0.75404
0.85031
0.77095
0.721
0.54653
0.7458
0.72694
0.71245
0.91341
0.74068
0.82388
0.49897
0.69628
0.76706
0.9056
0.73442
0.66922
0.61732
0.4108
0.52197
0.67031
0.70865
0.88302
0.37022
0.73766
0.85518
0.66652
0.82854
0.85991
0.95394
0.42616
0.75241
0.86899
0.62818
0.67403
0.65603
0.84767
0.7281
0.93466
0.6897
0.80361
0.58532
0.69932
0.68015
0.53119
0.73216
0.6263
0.73495
0.75052
0.54628
0.80532
0.70891
0.77912
0.60328
0.60467
0.83201
0.65636
0.76158
0.43105
0.85322
0.77517
0.43626
0.68804
0.66967
0.39379
0.73759
0.73552
0.39605
0.72777
0.73763
0.55059
0.4427
0.56802
0.56937
0.86599
0.56038
0.88068
0.682
0.53364
0.80634
0.7156
0.77488
0.71678
0.75003
0.37499
0.54446
0.58463
0.76286
0.55835
0.69463
0.52555
0.66829
0.70574
0.62244
0.82435
0.57888
0.6223
0.79808
0.73299
0.82335
0.54201
0.75271
0.49201
0.57894
0.8346
0.76939
0.72982
0.87571
0.89544
0.79695
0.60666
0.4155
0.92403
0.92608
0.69745
0.42503
0.71221
0.59485
0.70174
0.95586
0.75108
0.60042
0.69854
0.47173
0.87816
0.81927
0.50951
0.70566
0.73636
0.70256
0.70349
0.78658
0.38096
0.61927
0.69344
0.43784
0.66754
0.43247
0.35646
0.86453
0.64122
0.61279
0.80441
0.64475
0.5182
0.66445
0.74559
0.69304
0.6058
0.54624
0.5988
0.57441
0.60782
0.69799
0.6988
0.73075
0.552
0.75018
0.52022
0.83754
0.4851
0.70377
0.63718
0.48803
0.52777
0.24191
0.79971
0.35749
0.72127
0.87461
0.84341
0.80951
0.67365
0.82459
0.51354
0.75573
0.56504
0.64875
0.67301
0.65937
0.6178
0.50432
0.42025
0.32997
0.87399
0.57519
0.52666
0.6669
0.41059
0.73562
0.84057
0.81515
0.57953
0.61204
0.49794
0.79575
0.50065
0.59728
0.57715
0.57237
0.65991
0.52628
0.67927
0.76743
0.8839
0.91683
0.69907
0.71759
0.7022
0.60732
0.72636
0.70299
0.61736
0.62665
0.64525
0.48092
0.52511
0.4277
0.52556
0.70219
0.88089
0.62459
0.55846
0.76225
0.59616
0.8772
0.74678
0.50074
0.82009
0.60178
0.66545
0.58103
0.76824
0.40728
0.51995
0.45242
0.84034
0.63167
0.75259
0.59349
0.77074
0.66708
0.80647
0.73449
0.74268
0.56353
0.33397
0.66854
0.48466
0.6656
0.70024
0.83633
0.8052
0.41953
0.7569
0.52566
0.64417
0.5142
0.72566
0.72487
0.37293
0.81335
0.664
0.91726
0.53169
0.56063
0.7728
0.64554
0.77821
0.47407
0.57638
0.55136
0.64743
0.92106
0.77478
0.72254
0.65073
0.60925
0.72132
0.90105
0.7796
0.89117
0.72818
0.67384
0.56819
0.59335
0.60144
0.90433
0.69727
0.4915
0.83653
0.3648
0.78698
0.44864
0.65259
0.61193
0.85556
0.71699
0.81163
0.65261
0.53468
0.74836
0.78306
0.68319
0.53128
0.69686
0.71842
0.76512
0.7099
0.61983
0.66814
0.88803
0.64287
0.75008
0.51787
0.7676
0.54017
0.82045
0.81133
0.40774
0.8544
0.53347
0.85405
0.54815
0.60518
0.82119
0.6416
0.52694
0.53097
0.80759
0.94543
0.56279
0.55149
0.56568
0.68879
0.79628
0.45703
0.83398
0.86695
0.76146
0.67449
0.64736
0.71308
0.65441
0.84108
0.6826
0.55574
0.52693
0.84596
0.45802
0.69628
0.44577
0.58093
0.66181
0.79479
0.37458
0.71842
0.75893
0.57452
0.74244
0.58361
0.75495
0.65249
0.67775
0.63428
0.69778
0.56058
0.75028
0.87664
0.86214
0.74602
0.60878
0.75024
0.74362
0.50929
0.78551
0.70172
0.77375
0.82052
0.45392
0.68794
0.7237
0.67662
0.83904
0.43345
0.63545
0.52397
0.88552
0.45738
0.58914
0.7086
0.72522
0.62578
0.54466
0.59168
0.55246
0.68423
0.84479
0.78239
0.65624
0.8875
0.74974
0.60529
0.53886
0.78588
0.62813
0.60473
0.80089
0.59002
0.54654
0.66266
0.65268
0.39641
0.76914
0.83953
0.72589
0.58189
0.5048
0.60892
0.55105
0.86108
0.53434
0.716
0.64743
0.61921
0.67205
0.47826
0.80668
0.48554
0.46713
0.86461
0.63723
0.73057
0.37274
0.82906
0.90213
0.7378
0.79788
0.84397
0.65047
0.8219
0.85884
0.51518
0.64084
0.60786
0.98394
0.67366
0.65239
0.63505
0.74877
0.87855
0.46884
0.92204
0.58377
0.86976
0.72795
0.68497
0.79627
0.80545
0.65424
0.58029
0.69026
0.71236
0.685
0.91004
0.68709
0.67646
0.74374
0.50545
0.32619
0.67969
0.74018
0.6075
0.4884
0.73036
0.60245
0.54768
0.7514
0.86922
0.79912
0.7428
0.78991
0.61409
0.68564
0.74541
0.55639
0.57801
0.70515
0.70274
0.77117
0.83429
0.72458
0.75421
0.74612
0.72793
0.71352
0.58025
0.5577
0.64687
0.81436
0.77661
0.90777
0.49835
0.86419
0.25117
0.54107
0.65337
0.60831
0.72807
0.76072
0.85121
0.70971
0.68813
0.52206
0.5931
0.66988
0.53306
0.5435
0.41683
0.65163
0.88695
0.63247
0.68266
0.69571
0.53849
0.78157
0.52617
0.58859
0.54263
0.8642
0.84013
0.42795
0.94349
0.74012
0.78543
0.88934
0.84369
0.50335
0.71431
0.37917
0.56579
0.79482
0.49568
0.6554
0.6214
0.73543
0.52836
0.75277
0.78155
0.7734
0.64588
0.56443
0.69318
0.82363
0.50617
0.80254
0.71562
0.64116
0.46598
0.78635
0.97952
0.55268
0.81002
0.72121
0.54452
0.68873
0.39421
0.82261
0.48811
0.81784
0.53235
0.5361
0.50397
0.58661
0.93797
0.78773
0.7722
0.63287
0.6829
0.54685
0.76465
0.576
0.59109
0.66488
0.69086
0.65228
0.72052
0.73423
0.39609
0.71012
0.76188
0.52794
0.65285
0.65622
0.57377
0.78467
0.681
0.78644
0.28897
0.62855
0.67119
0.68096
0.83637
0.78439
0.9135
0.64717
0.59796
0.78911
0.67106
0.71284
0.78539
0.42211
0.32116
0.60836
0.4715
0.68471
1.0378
0.5537
0.88694
0.47335
0.90538
0.606
0.46326
0.55098
0.6857
0.51688
0.82304
0.63835
0.77218
0.82511
0.76057
0.79869
0.60761
0.63035
0.70244
0.74311
0.75635
0.56221
0.36039
0.90994
0.58752
0.38415
0.47351
0.95251
0.556
0.71795
0.68735
0.62095
0.65567
0.70417
0.6424
0.63865
0.73509
0.73672
0.48646
0.64076
0.75036
0.5577
0.63506
0.69088
0.58674
0.80744
0.6274
0.67693
1.0551
0.57748
0.84368
0.73837
0.50528
0.55874
0.78737
0.67324
0.65266
0.60179
0.72407
0.90967
0.85815
0.72239
0.66196
0.88039
0.51196
0.53076
0.57784
0.6463
0.77295
0.60058
0.59245
0.8634
0.79195
0.6675
0.49792
0.84116
0.32138
0.59934
0.69977
0.74267
0.68192
0.81563
0.65422
0.47899
0.72859
0.67515
0.8561
0.67104
0.93244
0.66895
0.56723
0.75939
0.49191
0.94242
0.84505
0.66262
0.60396
0.39353
0.7829
0.6066
0.69777
0.5514
0.81429
0.56735
0.55041
0.71411
0.56083
0.51572
0.58891
0.88215
0.45686
0.76156
0.45013
0.8065
0.56839
0.52095
0.59613
0.61348
0.69289
0.63281
0.76077
0.55604
0.89868
0.63324
0.52587
0.8784
0.93812
0.51477
0.8515
0.57258
0.57529
0.72713
0.66383
0.5991
0.66982
0.87685
0.76179
0.5993
0.51567
0.80792
0.43681
0.61792
0.52992
0.84604
0.63327
0.59119
0.50484
0.63322
0.53728
0.81909
0.78272
0.69985
0.5104
0.87396
0.80788
0.47684
0.27554
0.79446
0.5948
0.61703
0.71136
0.59566
0.83058
0.57581
0.68094
0.78101
0.50193
0.87905
0.89207
0.67971
0.91993
0.60324
0.55351
0.80065
0.7073
0.61622
0.56591
0.72012
0.72629
0.60317
0.86617
0.45944
0.67539
0.2752
0.89367
0.72557
0.60619
0.51113
0.69551
0.64529
0.76948
0.85332
0.65206
0.81174
0.61368
0.70486
0.54025
0.52519
0.75903
0.62433
0.64763
0.89587
0.69048
0.28336
0.64666
0.8973
0.62805
0.66102
0.61016
0.4338
0.8107
0.90038
0.6569
0.47663
0.65535
0.82088
0.89143
0.64646
0.74301
0.92087
0.50008
0.83014
0.39603
0.7996
0.46198
0.74189
0.63909
0.74634
0.80492
0.58583
0.50722
0.47562
0.595
0.49274
0.37634
0.68326
0.52667
0.63292
0.82482
0.55801
0.54395
0.71464
0.91034
0.90102
0.53696
0.57402
0.70394
0.58523
0.81255
0.81197
0.83023
0.61077
0.60466
0.45195
0.36169
0.74495
0.64683
0.82076
0.76826
0.75637
0.57385
0.8951
0.75661
0.51105
0.54048
0.37023
0.80843
0.65483
0.67387
0.49383
0.75108
0.49769
0.71194
0.93951
0.68406
0.7927
0.88728
0.87415
0.51001
0.32807
0.64658
0.70343
0.59624
0.76683
0.95317
0.75271
0.88358
0.51527
0.26554
0.67544
0.55361
0.74456
0.88971
0.42138
0.77844
0.62985
0.76315
0.90668
0.71403
0.6944
0.83496
0.74561
0.9074
0.84714
0.55877
0.69022
0.70812
0.77068
0.73133
0.62234
0.84284
0.70243
0.72632
0.86001
0.6979
0.35875
0.43078
0.59605
0.5788
0.65104
0.70517
0.66932
0.66031
0.67815
0.63793
0.50961
0.70348
0.61564
0.79391
0.82823
0.67937
0.93277
0.40354
0.79249
0.84513
0.51133
0.69099
0.58653
0.83701
0.64185
0.62404
0.99355
0.85902
0.60094
0.88435
0.91385
0.52116
0.35311
0.52875
0.58617
0.57004
0.75767
0.70108
0.37985
0.75349
0.89046
0.74705
0.95659
0.78717
0.92313
0.64589
0.61476
0.83527
0.41075
0.67351
0.67251
0.53947
0.67198
0.82367
0.67747
0.43406
0.79251
0.73177
0.68186
0.66373
0.82843
0.38857
0.64268
0.8429
0.75393
0.52842
0.49705
0.6829
0.41514
0.86972
0.67649
0.41801
0.32947
0.78158
0.59795
0.67545
1.0106
0.63528
0.71908
0.62506
0.63103
0.51884
0.61464
0.78971
0.48175
1.0559
0.5891
0.66442
0.63106
0.8102
0.62405
0.53144
0.9045
0.85277
0.71635
0.62262
0.71537
0.79348
0.84006
0.71093
0.70357
0.70295
0.8188
0.80197
0.72306
0.76275
0.40123
0.95712
0.67743
0.67201
0.81278
0.57448
0.46182
0.749
0.5222
0.83657
0.71071
0.40163
0.69124
0.8501
0.72457
0.90569
0.71212
0.7227
0.65703
0.57454
0.85402
0.62464
0.77989
0.13572
0.72715
0.70242
0.75926
0.71224
0.72808
0.66966
0.74902
0.51496
0.93755
0.7902
0.86051
0.71389
0.80011
0.53589
0.32579
0.84531
0.73592
0.5753
0.8063
0.51914
0.22236
0.45478
0.66285
0.65394
0.71369
0.80445
0.31963
0.69532
0.75098
0.53786
0.3805
0.69265
0.63348
0.48014
0.67687
0.69898
0.44408
0.80869
0.87519
0.63575
0.67383
0.67401
0.71926
0.78557
0.61641
0.45367
0.45246
0.49545
0.44141
0.46509
0.67775
0.51084
0.84708
0.59097
0.67725
0.18431
0.47726
0.91892
0.4687
0.98371
0.64433
0.60099
0.80096
0.62497
0.42016
0.74001
0.90984
0.64708
0.83046
0.54951
0.85985
0.67676
0.87601
0.61674
0.52372
0.58409
0.56672
0.78813
0.76721
0.50898
0.72625
0.52975
0.73734
0.7505
0.55778
0.56944
0.63603
0.6636
0.6373
0.5431
0.7362
0.6295
0.82903
0.73448
0.57641
0.71024
0.73518
0.79979
0.75964
0.43295
0.73397
0.75871
0.43343
0.81715
0.5256
0.89464
0.52119
0.8501
0.62523
0.53364
0.46309
0.48541
0.94633
0.78335
0.53935
0.41365
0.8037
0.67966
0.44028
0.60501
0.52602
0.66971
0.81025
0.78158
0.76824
0.69016
0.86397
0.56046
0.55209
0.60765
0.72241
0.48694
0.33877
0.80692
0.53305
0.96951
0.92173
0.63141
0.63053
0.32563
0.55357
0.70761
0.68661
0.43978
0.77425
0.85186
0.74835
0.50814
0.96588
0.79174
0.64195
0.56218
0.97009
0.77827
0.71303
0.37394
0.72659
0.75608
0.77182
0.59421
0.60257
0.72391
0.86511
0.70205
0.96708
0.34081
0.70533
0.69112
0.40643
0.75672
0.53081
0.76317
0.61093
0.64785
0.70687
0.62244
0.43755
0.64047
0.72923
0.61827
0.41125
0.63036
0.50617
0.69587
0.72761
0.5385
0.84038
1.0261
0.74799
0.57252
0.85755
0.67263
0.76229
0.64889
0.53338
0.64885
0.79929
0.29901
0.34054
0.45009
0.57571
0.6447
0.71097
0.68325
0.74338
0.92415
0.61776
0.69126
0.66214
0.91138
0.55423
0.52643
0.46749
0.1621
0.82869
0.64971
0.84496
0.8514
0.80058
0.71949
0.7908
0.62022
0.60658
0.805
0.50836
0.55968
0.66858
0.80986
0.8522
0.66849
0.64216
0.5296
0.70334
0.62571
0.64214
0.63883
0.59526
0.69637
0.78002
0.46482
0.88068
0.8127
0.53698
0.67597
0.57642
0.54771
0.61882
0.74408
0.50037
0.46071
0.52952
0.55411
0.92907
0.85313
0.72122
0.53566
0.75023
0.74553
0.70822
0.69392
0.62864
0.74327
0.76154
0.74156
0.8562
0.41842
0.88289
0.77223
0.92326
0.26984
0.71349
0.51974
0.71581
0.89593
0.79128
0.6823
0.44596
0.8283
0.54573
0.727
0.80367
0.59268
0.81213
0.76865
0.48989
0.61093
0.56144
0.20542
0.41796
0.5067
0.50251
0.6008
0.69724
0.68466
0.7934
0.71763
0.89023
0.44397
0.83116
0.7827
0.42016
0.81355
0.49009
0.51866
0.80965
0.78903
0.5941
0.74894
0.8762
0.75661
0.55172
0.78288
0.47873
0.54732
0.7056
0.71216
0.71071
0.68086
0.52881
0.20977
0.84268
0.62898
0.46783
0.60788
0.77833
0.84255
0.86443
0.85319
0.64119
0.61011
0.86579
0.99823
0.40675
0.61086
0.67896
0.66046
0.70204
0.70218
0.65832
0.37579
0.97878
0.53698
0.74376
0.54227
0.30321
0.63529
0.52001
0.7086
0.72397
0.69329
0.68958
0.54246
0.883
0.80778
0.83533
0.51092
0.70902
0.61956
0.74875
0.29756
0.81375
0.5452
0.73484
0.59449
0.9104
0.45988
0.627
0.78507
0.5851
0.90776
0.41532
0.62181
0.67664
0.72909
0.83862
0.683
0.63584
0.71926
0.67075
0.86521
0.92642
0.89054
0.9017
0.56424
0.53652
0.6584
0.72608
0.29234
0.69307
0.82561
0.65381
0.35597
0.47643
0.76995
0.79222
0.75479
0.48351
0.73259
0.6692
0.80599
0.47133
0.72626
0.83715
0.6475
0.69299
0.84272
0.73657
0.47896
0.43134
0.4705
0.57468
0.71771
0.34513
0.88347
0.65994
0.52077
0.80985
0.5573
0.62669
0.92397
0.50539
0.74379
0.80738
0.66182
0.70913
0.67606
0.56031
0.52706
0.73246
0.72773
0.81406
0.94471
0.90168
0.81958
0.81909
0.96212
0.42006
0.54624
0.79611
0.65936
0.77642
0.70774
0.73712
0.69468
0.58103
0.7155
0.79007
0.67138
0.7312
0.5074
0.58194
0.56688
0.57545
0.59225
0.82337
0.33873
0.64789
0.64394
0.70723
0.83562
0.77661
0.69248
0.6082
0.45601
0.51311
0.36675
0.70649
0.61127
0.70512
0.73668
0.47106
0.70473
0.78994
0.62561
0.658
0.6801
0.64911
0.74964
0.76729
0.46326
0.56296
0.40934
0.31456
0.81428
0.85739
0.67252
0.75573
0.6433
0.74244
0.82232
0.48611
0.69787
0.6141
0.55268
0.6836
0.64212
0.32972
0.46222
0.73216
0.63994
0.91511
0.95657
0.73724
0.60442
0.38657
0.68817
0.71544
0.46011
0.83588
0.49828
0.54685
0.73056
0.45276
0.81806
0.74379
0.64317
0.36499
0.7022
0.6423
0.5065
0.81215
0.68659
0.65697
0.61664
0.78465
0.9365
0.6987
0.3664
0.65641
0.59327
0.69405
0.85637
0.90722
0.64281
0.84242
0.82986
0.93488
0.93069
0.85739
0.78984
0.95886
0.885
0.91249
0.87338
0.56882
0.74646
0.80088
0.80893
0.85364
0.86641
0.84015
0.83227
0.55319
0.55141
0.68996
0.48601
0.73799
0.85342
0.7985
0.54111
0.60834
0.8828
0.54975
0.74864
0.76252
0.63867
0.51066
0.84845
0.71604
0.6725
0.65781
0.59155
0.91052
0.83525
0.50349
0.79818
0.67043
0.87961
0.82766
0.86439
0.40742
0.47811
0.37687
0.88521
0.55791
0.86292
0.84081
0.72123
0.58305
0.69232
0.72074
0.68177
0.33976
0.81286
0.81033
0.77706
0.74822
0.5405
0.76618
0.68848
0.39242
0.81661
0.77596
0.69182
0.67578
0.72765
0.71723
0.63444
0.52953
0.73472
0.65417
0.8138
0.57449
0.58464
0.69325
0.67107
0.73943
0.50851
0.68955
0.79856
0.79304
0.47671
0.42873
0.8154
0.45238
0.4882
0.49919
0.33299
0.82384
0.79047
0.57361
0.581
0.46772
0.79643
0.66164
0.75044
0.46189
0.68253
0.46313
0.70943
0.55977
0.55948
0.88307
0.46965
0.58013
0.48175
0.83715
0.9288
0.76482
0.71209
0.53517
0.72377
0.74346
0.62184
0.86587
0.77417
0.85137
0.66884
0.75762
0.71848
0.6338
0.82679
0.55274
0.81909
0.92374
0.41056
0.82571
0.87179
0.33959
0.68649
0.70094
0.41398
0.79665
0.56428
0.74945
0.63293
0.54664
0.51317
0.84446
0.595
0.78515
0.74951
0.6886
0.72286
0.75486
0.62775
0.59327
0.64744
0.72192
0.51701
0.74655
0.60303
0.74324
0.69479
0.84956
0.58329
0.73947
0.70804
0.58299
0.71824
0.51047
0.65899
0.66624
0.62559
0.82025
0.6635
0.65496
0.7075
0.77593
0.76918
0.77162
0.45037
0.76249
0.73365
0.39585
0.86373
0.4544
0.67711
0.68001
0.78367
0.80492
0.74914
0.51367
0.45062
0.81519
0.77686
0.91797
0.86884
0.79909
0.87347
0.79639
0.29884
0.72711
0.88996
0.67922
0.8385
0.52832
0.67118
0.43245
0.19153
0.70015
0.65622
0.70335
0.38902
0.56366
0.74979
0.79016
0.65539
0.51683
0.72805
0.73661
0.65678
0.69276
0.7524
0.71006
0.62946
0.59641
0.44304
0.73612
0.85764
0.82095
0.87133
0.67269
0.64349
0.64427
0.66679
0.82076
0.70834
0.84029
0.9615
0.65165
0.51558
0.31024
0.78983
0.71516
0.71141
0.90984
0.68382
0.54407
0.63203
0.82982
0.87674
0.41025
0.90952
0.68786
0.56123
0.82829
0.8258
0.73637
0.60552
0.38545
0.75069
0.86054
0.77033
0.36818
0.71333
0.7497
0.60955
0.6599
1.017
0.74873
0.78981
0.73983
0.57789
0.96161
0.58717
0.27984
0.40069
0.76767
0.79272
0.67308
0.68145
0.72002
0.8266
0.54033
0.7001
0.47441
0.78513
0.61901
0.58059
0.77052
0.88903
0.76066
0.83087
0.5269
0.96021
0.76736
0.58692
0.61779
0.58519
0.69585
0.30901
0.82791
0.4985
0.56716
0.85748
0.68677
0.23416
0.13248
0.66276
0.52595
0.79999
0.7219
0.60459
0.58015
0.37668
0.46177
0.64418
0.69833
0.68502
0.67369
0.78018
0.72478
0.57426
0.73635
0.54076
0.77294
0.24137
0.64794
0.62101
0.75818
0.65586
0.61554
0.57173
0.66642
0.79937
0.97784
0.82684
0.54998
0.63766
0.71558
0.5132
0.45134
0.68759
0.73344
0.65234
0.54865
0.94917
0.57462
0.5917
0.87302
0.50183
0.51138
0.70889
0.54713
0.66989
0.49097
0.7466
0.60792
0.33219
0.80578
0.67034
0.89914
0.75904
0.7897
0.40055
0.63115
0.30868
0.53592
0.62018
0.43402
0.46399
0.29798
0.89233
0.73807
0.56069
0.6941
0.8114
0.78398
0.60597
0.57709
0.8427
0.53475
0.73429
0.72456
0.53799
0.69065
0.42484
0.73232
0.73835
0.62875
0.76896
0.65707
0.48086
0.82116
0.77378
0.60939
0.74501
0.82564
0.28368
0.63133
0.31985
0.70958
0.71021
0.44064
0.64896
0.67486
0.53912
0.60994
0.46797
0.7333
0.74311
0.83257
0.65434
0.79782
0.60093
0.76135
0.94584
0.44282
0.71789
0.60327
0.6348
0.73252
0.75882
0.93718
0.682
0.74215
0.67352
0.81915
0.81024
0.5986
0.50577
0.69364
0.94684
0.62475
0.63164
0.71968
0.66245
0.62956
0.53992
0.83251
0.67895
0.75125
0.49531
0.60554
0.78295
0.64216
0.65516
0.38961
0.59093
0.61341
0.29422
0.75806
0.69236
0.2369
0.72131
0.42609
0.70055
0.74065
0.72949
0.55825
0.5491
0.74354
0.75985
0.72152
0.45106
0.41542
0.94063
0.70166
0.59462
0.93035
0.78843
0.37573
0.62615
0.77333
0.78439
0.3418
0.50477
0.85444
0.66266
0.63945
0.69275
0.74103
0.75601
0.61886
0.49611
0.53981
0.91988
0.60223
0.78423
0.40858
0.92381
0.77659
0.71625
0.85209
0.59964
0.61486
0.97643
0.71333
0.69492
0.75428
0.43256
0.79964
0.4993
0.25389
0.70917
0.67549
0.68484
0.54131
0.78066
0.82001
0.65977
0.84745
0.68469
0.69368
0.71171
0.90246
0.58665
0.55205
0.83327
0.59281
0.59587
0.38139
0.54894
0.75167
0.63362
0.61688
0.72395
0.6203
0.42026
0.6703
0.65857
0.71268
0.41149
0.47307
0.54823
0.68585
0.62622
0.6503
0.65827
0.59824
0.60077
0.8492
0.71105
0.7297
0.66379
0.5892
0.59012
0.81124
0.67197
1.0256
0.59883
0.91584
0.81568
0.38432
0.70801
0.95392
0.74705
0.65988
0.73362
0.55803
0.76553
0.67393
0.38541
0.61558
0.76012
0.44401
0.77342
0.55339
0.49107
0.83685
0.65682
0.75257
0.65553
0.54269
0.28436
0.85138
0.79933
0.72154
0.87993
0.75522
0.67509
0.72637
0.71913
0.73943
0.39811
0.74062
0.49217
0.80946
0.40754
0.62303
0.50881
0.74496
0.73643
0.42054
0.92207
0.729
0.62907
0.786
0.59098
0.59738
0.45287
0.28409
0.66931
0.79661
0.44266
0.37502
0.85809
0.68067
0.70893
0.72909
0.83959
0.38804
0.58185
0.37432
0.55752
0.54122
0.45515
0.50236
0.81199
0.82902
0.64858
0.5173
0.84541
0.73253
0.77045
0.77639
0.85589
0.62705
0.629
0.63252
0.88795
0.91102
0.52219
0.7773
0.55728
0.51909
0.57593
0.6487
0.61997
0.51649
0.70872
0.82209
0.44806
0.81272
0.86481
0.74163
0.70039
0.44275
0.61396
0.78165
0.43435
0.80841
0.62489
0.68384
0.61615
0.63911
0.37484
0.27907
0.49944
0.93677
0.73441
0.5443
0.62479
0.408
0.4538
0.6065
0.76331
0.56616
0.56993
0.64511
0.61015
0.67902
0.62484
0.56286
0.77926
0.53768
0.63939
0.7667
0.81338
0.71464
0.6672
0.59454
0.33044
0.70322
0.69894
0.70906
0.56613
0.69003
0.62967
0.75598
0.76959
0.54415
0.57793
0.61065
0.52889
0.86141
0.78323
0.4268
0.75681
0.81049
0.70375
0.66114
0.58672
0.98679
0.87956
0.53674
0.82623
0.66993
0.83444
0.75382
0.74413
0.93073
0.8237
0.8852
0.80262
0.29228
0.34966
0.54302
0.82602
0.70038
0.76313
0.58795
0.35986
0.49506
0.7025
0.5681
0.77775
0.86541
0.37629
0.91416
0.65127
0.62956
0.71769
0.76683
0.62357
0.75046
0.7653
0.62456
0.86734
0.50891
0.9091
0.74945
0.6347
0.6255
0.64085
0.63312
0.73938
0.53955
0.82949
0.81811
0.81141
0.6275
0.61532
0.40999
0.48797
0.64321
0.53566
0.56709
0.90421
0.7049
0.86912
0.46466
0.7207
0.70888
0.32623
0.72185
0.54308
0.59255
0.52557
0.91498
0.57014
0.56467
1.0748
0.8501
0.56145
0.72841
0.54904
0.76875
0.50806
0.50871
0.58821
0.66948
0.50823
0.76165
0.7324
0.61017
0.57064
0.56395
0.37514
0.92532
0.46258
0.79835
0.68096
0.54084
0.53153
0.66021
0.81312
0.41851
0.48767
0.82268
0.86443
0.59336
0.83901
0.83044
0.80695
0.7152
0.74859
0.79503
0.66564
0.71094
0.45115
0.56391
0.70642
0.953
0.76354
0.38156
0.74699
0.60701
0.84977
0.72239
0.54179
0.74496
0.83964
0.58492
0.52241
0.62377
0.86713
0.54607
0.58456
0.86263
0.73262
0.79451
0.78318
0.37939
0.53424
0.59782
0.65901
0.34072
0.87914
0.82532
0.44675
0.48331
0.6135
0.89467
0.62119
0.76675
0.71375
0.62859
0.6747
0.84694
0.5098
0.58918
0.53308
0.78711
0.77167
0.54221
0.55685
0.53879
0.46761
0.69752
0.47275
0.83197
0.68372
0.80465
0.70736
0.65327
0.72411
0.81593
0.79676
0.87663
0.74516
0.64972
0.5355
0.71248
0.45423
0.73108
0.64554
0.88396
0.44908
0.70701
0.54676
0.73142
0.41794
0.94978
0.64597
0.66606
0.66455
0.68507
0.71953
0.61819
0.33103
0.84236
0.66902
0.61685
0.48748
0.64925
0.60031
0.48546
0.61744
0.5425
0.48383
0.79731
0.79308
0.56228
0.6873
0.7626
0.78018
0.64549
0.86285
0.72885
0.5141
0.78376
0.4738
0.74015
0.84622
0.78786
0.61476
0.93596
0.65992
0.62544
0.70496
0.76619
0.63337
0.61935
0.52171
0.60018
0.63569
0.7945
0.7961
0.74006
0.57588
0.74001
0.76093
0.84761
0.69349
0.58522
0.66547
0.39121
0.4209
0.61756
0.5001
0.57877
0.80235
0.82912
0.5575
0.83269
0.92081
0.55471
0.61119
0.78729
0.4928
0.76755
0.54997
0.96903
0.85236
0.78307
0.67131
0.69788
0.84808
0.59405
0.63115
0.37627
0.47886
0.6509
0.84247
0.71332
0.41084
0.55342
0.55368
0.83149
0.47308
0.58027
0.44026
0.65214
0.56103
0.5968
0.47079
0.73424
0.70748
0.81449
0.88031
0.76852
0.67253
0.5262
0.57817
0.69122
0.45651
0.74979
0.66921
0.83031
0.56639
0.8784
0.57761
0.88697
0.75849
0.72527
0.83066
0.70958
0.42524
0.60649
0.69255
0.80579
0.57651
0.66826
0.71186
0.76897
0.68334
0.7159
0.59952
0.75808
0.55909
0.79263
0.4463
0.67693
0.81317
0.63068
0.77328
0.70106
0.8373
0.88595
0.83854
0.6962
0.72626
0.80211
0.63107
0.79563
0.82021
0.51841
0.57036
0.64723
0.81414
0.81099
0.63814
1.0098
0.70804
0.93627
0.69833
0.59086
0.69896
0.74035
0.60705
0.73674
0.69323
0.66437
0.54282
0.70583
0.79129
0.63054
0.48799
0.33568
0.93067
0.37713
0.62819
0.73046
0.68047
0.51696
0.83714
0.71821
0.50076
0.82996
0.78322
0.62621
0.63292
0.55347
0.684
0.4382
0.76062
0.56834
0.7422
0.70029
0.63171
0.84345
0.84866
0.68024
0.61288
0.83946
0.61646
0.92603
0.72884
0.7342
0.77701
0.61633
0.86926
0.8547
0.71677
0.36565
0.41511
0.75069
0.83254
0.4912
0.75435
0.45047
0.61985
0.49334
0.61677
0.89144
0.86357
0.66625
0.72841
0.87047
0.80609
0.61021
0.65419
0.55167
0.80591
0.61959
0.67314
0.53745
0.64044
0.87748
0.63159
0.60881
0.79793
0.67405
0.57776
0.3657
0.88544
0.69647
0.64526
0.73759
0.57121
0.98609
0.53465
0.92919
0.73237
0.52728
0.82934
0.72671
0.74214
0.75102
0.71215
0.35483
0.65107
0.63123
0.69591
0.54921
0.60854
0.48569
0.82648
0.8586
0.64087
0.57374
0.85122
0.54515
0.72848
0.51585
0.84646
0.63896
0.66701
0.75347
0.61133
0.69466
0.58301
0.67632
0.64873
0.6637
0.49095
0.83501
0.97734
0.47975
0.52484
0.79032
0.35388
0.60865
0.58797
0.59262
0.69415
0.66703
0.29558
0.82
0.75919
0.76782
0.53987
0.58312
0.77465
0.5746
0.55236
0.70106
0.55666
0.51736
0.76435
0.51834
0.64035
0.90878
0.66377
0.70006
0.65072
0.73785
0.69458
0.76186
0.61397
0.90683
0.75751
0.78481
0.62123
0.72487
0.80906
0.74263
0.71802
0.8398
0.67764
0.8351
0.43843
0.71534
0.85317
0.61549
0.63052
0.75338
0.68632
0.92604
0.81681
0.62715
0.76075
0.73539
0.73089
0.62721
0.62335
0.68361
0.74739
0.90506
0.6284
0.6265
0.6846
0.7981
0.72211
0.66568
0.67034
0.58059
0.69385
0.346
0.71487
0.55333
0.48568
0.73277
0.66368
0.85801
0.74082
0.79425
0.74505
0.77546
0.73919
0.64208
0.67254
0.91631
0.40764
0.68289
0.81625
0.8069
0.46704
0.62409
0.52436
0.53488
0.86496
0.54216
0.78274
0.91524
0.88019
0.71822
0.83475
0.63715
0.6816
0.84847
0.56717
0.71775
0.66305
0.52959
0.58685
0.35715
0.79564
0.70616
0.90206
0.68504
0.66191
0.78629
0.41744
0.7229
0.90267
0.62866
0.78813
0.53684
0.67306
0.68553
0.71727
0.75696
0.62085
0.70206
0.58982
0.50115
0.71463
0.78976
0.6953
0.81401
0.4994
0.53215
0.77476
0.35638
0.66753
0.56917
0.61596
0.3948
0.54859
0.61946
0.67189
0.60221
0.52264
0.48878
0.63717
0.68782
0.84041
0.71247
0.42956
0.50135
0.83873
0.78133
0.77479
0.6354
0.57171
0.61245
0.40285
0.58834
0.73742
0.71198
0.56273
0.71592
0.75593
0.6069
0.64078
0.73439
0.47951
0.713
0.88034
0.83875
0.65672
0.24483
0.66387
0.79946
0.61273
0.92271
0.70108
0.64242
0.42352
0.61836
0.67294
0.65322
0.73989
0.77712
0.47058
0.72135
0.97911
0.46
0.69665
0.80335
0.76934
0.60066
0.49469
0.71837
0.89454
0.84638
0.64518
0.62474
0.73674
0.60193
0.50513
0.84127
0.99102
0.67835
0.52355
0.83346
0.9347
0.58659
0.53416
0.70215
0.5858
0.75002
0.89346
0.49785
0.81765
0.77108
0.6578
0.55351
0.61542
0.45824
0.30211
1.0044
0.48826
0.82794
0.65357
0.86879
0.86617
0.72839
0.65549
0.81068
0.58181
0.72656
0.7078
0.75245
0.66364
0.77796
0.63624
0.94972
0.55391
0.5225
0.57491
0.62972
0.63978
0.67793
0.6927
0.77134
0.83454
0.82183
0.47386
0.68805
0.89506
0.81668
0.76385
0.62908
0.68206
0.48729
0.634
0.76763
0.94476
0.82187
0.84824
0.95181
0.52787
0.58714
0.78384
0.73095
0.31289
0.48028
0.53978
0.63084
0.78213
0.83338
0.70826
0.74048
0.76479
0.38879
0.66452
0.5924
0.79594
0.60378
0.68287
0.65942
0.764
0.61567
0.67005
0.50292
0.87313
0.76135
0.65322
0.79073
0.82621
0.71591
0.55565
0.69013
0.55847
0.60673
0.77155
0.57585
0.77411
0.56832
0.90156
0.60349
0.63608
0.45291
0.69624
0.9064
0.69733
0.37986
0.9464
0.78774
0.79959
0.33163
0.30034
0.76683
0.49618
0.7697
0.53002
0.73622
0.89991
0.8644
0.6482
0.74914
0.758
0.76134
0.87376
0.62802
0.78681
0.81575
0.80025
0.76433
0.59814
0.52411
0.72223
0.577
0.70653
0.67255
0.88252
0.52769
0.70029
0.76467
0.66278
0.85701
0.47966
0.78904
0.81793
0.66739
0.42803
0.79492
0.70856
0.82128
0.89473
0.85065
0.54401
0.62147
0.79896
0.66384
0.68062
0.68628
0.92187
0.50331
0.57305
0.5553
0.46639
0.82311
0.69621
0.69971
0.59032
0.72746
0.80302
0.74841
0.74835
0.47352
0.62198
0.35712
0.67059
0.71998
0.77947
0.73132
0.70243
0.50842
0.43415
0.97239
0.6645
0.59227
0.78543
0.60089
0.5675
0.76611
0.88658
0.77022
0.67541
0.48104
0.79155
0.77201
0.70519
0.70323
0.49633
0.70142
0.66101
0.49621
0.7057
0.76168
0.68522
0.73118
0.412
0.8483
0.73958
0.58595
0.34436
0.89076
0.40218
0.94334
0.79446
0.66858
0.41432
0.6252
0.85791
0.5877
0.77078
0.58683
0.7817
0.54291
0.48365
0.8222
0.8139
0.63094
0.35406
0.58506
0.66944
0.44829
0.5585
0.84554
0.80864
0.34105
0.75711
0.66596
0.67497
0.49705
0.96045
0.55083
0.76144
0.63471
0.86085
0.45792
0.50881
0.62139
0.83626
0.68245
0.46596
0.58633
0.58036
0.71619
0.77549
0.655
0.74204
0.53101
0.64768
0.76818
0.78889
0.72768
0.57297
0.71893
0.70286
0.69096
0.60873
0.83974
0.77969
0.44659
0.74039
0.42995
0.8752
0.38898
0.73623
0.63857
0.39003
0.31026
0.36712
0.77691
0.60484
0.64139
0.71784
0.38699
0.62764
0.51232
0.65227
0.71389
0.51008
0.72115
0.58642
0.7913
0.60486
0.77463
0.77693
0.6682
0.49481
0.49122
0.62454
0.38768
0.88716
0.49501
0.76926
0.72634
0.75744
0.66199
0.64071
0.77063
0.62619
0.87855
0.53509
0.65054
0.52615
0.91389
0.95358
0.73123
0.66146
0.57512
0.69037
0.53206
0.75179
0.64362
0.45378
0.52516
0.64894
0.84345
0.6799
0.7228
0.58547
0.80896
0.63201
0.76875
0.57171
0.77333
0.41225
0.95637
0.87303
0.92147
0.49386
0.91425
0.63117
0.72597
0.83711
0.59852
0.687
0.58159
0.53158
0.7034
0.60463
0.84934
0.85005
0.59582
0.84732
0.63091
0.70789
0.70299
0.81454
0.58433
0.79921
0.66147
0.84147
0.6917
0.83006
