155
102
775
17
184
138
108
253
2148
260
83
298
9
51
94
50
4094
79
49
16
172
14
7
15
16
122
257
35
30
11
11
111
45
11
8
200
52
524
1108
15
312
248
232
36
317
21
223
56
569
26
141
28
77
19
17
887
52
11
53
106
57
23
33
323
2099
48
68
150
87
54
59
10
50
249
227
68
30
13
81
236
23
7
443
17
26
39
23
953
13
523
59
184
31
101
433
10
141
56
268
38
342
106
10
7
209
1955
17
38
209
66
177
13
53
93
198
6
17
13
48
154
296
113
45
359
39
10
621
156
13
115
130
11
23
16
18
231
22
44
15
9
1173
9
78
125
107
178
82
142
280
8
8164
16
19
1064
148
148
2025
114
17
47
35
155
645
124
41
1260
307
19
35
65
87
53
7
152
17
121
206
15
192
14
106
946
18
155
16
44
8
105
37
10
182
243
46
14
15
471
147
830
54
17
36
121
135
103
55
12
102
226
63
681
21
113
13
55
284
22
198
22
12
298
5
643
77
70
60
154
158
8
45
15
217
179
9
225
117
37
80
26
53
66
16
10
29
14
27
16
49
14
31
19
75
569
57
857
20
304
193
13
12
11
120
312
150
117
74
11
386
40
28
156
59
267
80
19
50
29
37
95
259
27
29
56
29
9
5
10
7
545
16
714
199
208
50
100
236
1266
9
259
213
8
4
4
8
87
12
31
10
25
267
466
6
5
106
2506
6
139
91
12
69
18
243
12
205
10
59
203
13
31
152
7
83
12
67
12
18
149
24
7
27
113
54
153
173
407
610
38
218
251
21
133
539
139
12
172
218
424
142
53
381
80
19
351
23
321
78
4
79
50
26
29
15
73
171
451
16
545
43
196
1084
85
52
55
514
66
15
337
17
60
44
74
11
179
219
16
13
62
65
311
86
74
34
19
105
11
317
95
13
13
23
59
208
229
11
40
480
88
34
151
10
151
63
235
187
2105
183
86
188
4980
16
92
6
152
8
173
5
456
271
120
210
12485
290
8
398
963
971
13
255
209
4034
227
82
8
26
15
15
138
20
148
4
8
236
13
521
264
49
330
354
440
105
77
137
229
21
58
16
379
6
202
21
1041
8
49
8
39
116
867
31
169
52
64
202
1080
150
11
26
471
1076
64
27
43
63
28
3080
62
69
56
9
152
4
259
126
23
66
79
71
72
94
56
216
653
478
107
212
27
116
44
57
102
180
133
8
50
51
44
153
21
12
134
9
117
58
97
9
201
23
56
84
5
125
343
68
31
24
50
26
49
65
1736
108
59
156
13
41
4
112
125
58
230
66
309
71
25
335
17
529
35
55
379
485
410
544
39
146
177
173
11
445
111
31
63
107
337
198
72
480
604
9
17
1140
95
9
1083
164
192
132
127
159
61
1958
232
23
156
19
148
216
61
126
70
21
131
11
164
115
146
37
15
16
208
11
15
69
24
175
68
391
314
222
130
31
63
120
584
108
338
26
64
61
194
60
8224
221
354
2456
8
145
188
15
93
35
231
10
18
11
71
58
1053
235
109
8
14
70
111
24
117
91
99
274
655
254
9
29
28
53
29
18
568
278
245
38
46
266
189
79
65
15
22
17
21
52
59
1057
65
50
197
845
66
146
20
14
73
12
204
375
666
16
15
57
90
169
57
1140
27
24
5042
24
10
25
16
229
453
174
10
128
142
185
42
17
174
23
485
309
42
128
44
341
77
200
168
68
575
8
13
155
44
10
11
113
70
160
12
361
24
479
53
49
207
2438
76
3
18
45
18
74
221
9
91
12
64
65
14
98
266
108
15
14
148
6
10
133
33
520
201
120
324
292
18
48
62
13
147
14
98
35
236
248
93
96
18
38
122
258
196
137
156
18
11
148
23
265
9
59
101
167
43
42
196
13
53
26
89
19617
171
144
41
29
112
23
184
436
7
168
1804
105
11
235
41
210
215
316
158
18
14
13
21
163
257
16
68
156
410
84
5
15
15
12
69
30
123
24
18
14
193
606
10
54
65
78
22
106
27
170
141
30
214
304
21
112
17
99
129
5
99
268
184
135
44
14
94
231
73
42
63
335
12
56
192
91
344
208
209
376
64
14
15
325
21
11
114
26
41
8
74
85
15
1672
91
68
297
148
9
1181
38
52
140
57
140
17
581
24
67
82
13
5
207
26
89
13
283
172
27
117
357
180
17
21
9
14
209
620
343
27
44
14
23
356
54
202
11
105
49642
1201
19
37
176
31
40
41
457
166
17
53
13
68
17
10
138
17
59
165
62
149
60
80
240
168
89
110
10
132
8
123
41
11
174
10
144
459
3
189
186
212
153
26
294
108
30
13
88
1249
276
89
802
37
163
130
278
129
1200
12
75
65
6
16
7
304
27
40
16
180
130
255
168
719
377
10
226
10
23
383
193
61
154
122
553
19
60
166
10
236
22
5898
224
49
17
37
10
217
242
45
203
40
28
163
274
1075
226
285
223
134
115
305
33
103
27
68
7
188
451
42
438
11
12
22
297
49
93
67
29
42
9
568
169
1137
47
65
1028
233
6
1040
10
11
75
294
305
13
34
15
69
177
174
420
12
7
163
79
135
323
51
188
220
154
371
15
42
222
186
110
52
13
30173
204
285
51
1960
6
256
63
48068
108
36
163
198
185
1032
196
34
13
21
40
181
31
57
69
2573
10
155
138
331
199
27
11
21
180
38
50
93
169
53
49
21
3429
322
694
382
7
10
180
47
298
58
49
139
36
9
46
29
11
227
12
141
58
6
17
15
210
169
6
226
47
11
400
208
41
44
13
93
