1.0
1.655099539027384
2.3097439258138186
2.9639331603593044
3.6176672426638414
4.270946172727429
4.923769950550067
5.576138576131757
6.228052049472497
6.879510370572288
7.530513539431131
8.181061556049023
8.831154420425968
9.480792132561962
10.129974692457008
10.778702100111106
11.426974355524253
12.074791458696453
12.722153409627701
13.369060208318002
14.015511854767354
14.661508348975756
15.30704969094321
15.952135880669715
16.596766918155268
17.240942803399875
17.884663536403533
18.52792911716624
19.170739545687997
19.813094821968807
20.454994946008664
21.096439917807576
21.737429737365535
22.377964404682547
23.01804391975861
23.657668282593722
24.296837493187887
24.935551551541103
25.57381045765337
26.211614211524683
26.848962813155055
27.485856262544473
28.122294559692943
28.758277704600463
29.393805697267037
30.02887853769266
30.66349622587733
31.297658761821054
31.931366145523832
32.56461837698565
33.197415456206535
33.82975738318646
34.46164415792544
35.09307578042347
35.72405225068055
36.354573568696686
36.98463973447186
37.6142507480061
38.24340660929939
38.87210731835172
39.50035287516311
40.12814327973354
40.75547853206303
41.38235863215157
42.00878357999916
42.634753375605804
43.2602680189715
43.88532751009624
44.50993184898003
45.13408103562288
45.75777507002477
46.38101395218572
47.00379768210571
47.62612625978476
48.24799968522287
48.869417958420016
49.49038107937622
50.11088904809147
50.73094186456577
51.350539528799125
51.96968204079153
52.58836940054299
53.2066016080535
53.82437866332305
54.44170056635166
55.05856731713932
55.67497891568603
56.29093536199179
56.906436656056606
57.52148279788047
58.13607378746339
58.75020962480535
59.36389030990637
59.97711584276643
60.58988622338555
61.20220145176372
61.81406152790094
62.42546645179721
63.03641622345253
63.6469108428669
64.25695031004032
64.86653462497281
65.47566378766433
66.08433779811492
66.69255665632454
67.30032036229322
67.90762891602094
68.51448231750773
69.12088056675356
69.72682366375844
70.33231160852236
70.93734440104535
71.54192204132738
72.14604452936847
72.7497118651686
73.3529240487278
73.95568108004603
74.55798295912332
75.15982968595966
75.76122126055506
76.3621576829095
76.96263895302299
77.56266507089553
78.16223603652713
78.76135184991779
79.36001251106748
79.95821801997623
80.55596837664403
81.15326358107087
81.75010363325677
82.34648853320172
82.94241828090573
83.53789287636879
84.13291231959089
84.72747661057204
85.32158574931225
85.9152397358115
86.50843857006981
87.10118225208717
87.6934707818636
88.28530415939905
88.87668238469357
89.46760545774713
90.05807337855974
90.6480861471314
91.23764376346212
91.82674622755188
92.4153935394007
93.00358569900857
93.59132270637548
94.17860456150144
94.76543126438646
95.35180281503054
95.93771921343367
96.52318045959584
97.10818655351707
97.69273749519735
98.27683328463667
98.86047392183505
99.44365940679248
100.02638973950896
100.60866491998448
101.19048494821907
101.7718498242127
102.35275954796538
102.93321411947711
103.51321353874789
104.09275780577772
104.67184692056661
105.25048088311455
105.82865969342154
106.40638335148759
106.98365185731268
107.56046521089682
108.13682341224
108.71272646134226
109.28817435820355
109.8631671028239
110.43770469520328
111.01178713534173
111.58541442323923
112.15858655889578
112.73130354231138
113.30356537348602
113.87537205241972
114.44672357911247
115.01761995356429
115.58806117577515
116.15804724574505
116.727578163474
117.29665392896202
117.86527454220908
118.43344000321518
119.00115031198034
119.56840546850455
120.13520547278782
120.70155032483014
121.2674400246315
121.83287457219191
122.39785396751138
122.96237821058989
123.52644730142745
124.09006124002407
124.65322002637974
125.21592366049447
125.77817214236823
126.33996547200105
126.90130364939293
127.46218667454386
128.02261454745383
128.58258726812284
129.1421048365509
129.70116725273806
130.25977451668422
130.81792662838944
131.37562358785374
131.93286539507707
132.48965205005945
133.0459835528009
133.60185990330137
134.1572811015609
134.7122471475795
135.26675804135712
135.8208137828938
136.37441437218953
136.92755980924434
137.4802500940582
138.03248522663108
138.58426520696304
139.135590035054
139.68645971090407
140.23687423451315
140.7868336058813
141.3363378250085
141.88538689189474
142.43398080654003
142.9821195689444
143.5298031791078
144.07703163703025
144.62380494271176
145.1701230961523
145.7159860973519
146.26139394631056
146.80634664302826
147.35084418750503
147.89488657974084
148.4384738197357
148.9816059074896
149.52428284300257
150.06650462627456
150.60827125730563
151.14958273609574
151.6904390626449
152.23084023695313
152.77078625902038
153.3102771288467
153.84931284643207
154.3878934117765
154.92601882487997
155.46368908574252
156.00090419436407
156.5376641507447
157.07396895488438
157.6098186067831
158.14521310644088
158.6801524538577
159.21463664903357
159.7486656919685
160.28223958266247
160.8153583211155
161.3480219073276
161.88023034129873
162.4119836230289
162.94328175251815
163.47412472976643
164.00451255477375
164.53444522754015
165.06392274806558
165.59294511635005
166.1215123323936
166.6496243961962
167.17728130775782
167.7044830670785
168.23122967415827
168.75752112899707
169.2833574315949
169.8087385819518
170.33366458006776
170.85813542594278
171.38215111957683
171.90571166096993
172.42881705012206
172.95146728703327
173.4736623717035
173.99540230413282
174.51668708432118
175.03751671226857
175.55789118797503
176.07781051144053
176.5972746826651
177.1162837016487
177.63483756839136
178.15293628289308
178.67057984515384
179.18776825517367
179.7045015129525
180.22077961849044
180.7366025717874
181.2519703728434
181.7668830216585
182.28134051823258
182.79534286256575
183.30889005465798
183.82198209450925
184.33461898211957
184.84680071748895
185.35852730061737
185.86979873150483
186.38061501015136
186.89097613655696
187.4008821107216
187.91033293264528
188.419328602328
188.92786911976978
189.4359544849706
189.9435846979305
190.45075975864944
190.95747966712742
191.46374442336446
191.96955402736052
192.47490847911567
192.97980777862986
193.4842519259031
193.98824092093537
194.4917747637267
194.99485345427712
195.49747699258654
195.99964537865503
196.5013586124826
197.0026166940692
197.50341962341483
198.00376740051954
198.50366002538328
199.00309749800607
199.50207981838793
200.00060698652882
200.4986790024288
200.99629586608776
201.49345757750584
201.99016413668292
202.48641554361907
202.98221179831432
203.47755290076856
203.9724388509819
204.46686964895423
204.96084529468564
205.45436578817612
205.9474311294256
206.44004131843417
206.9321963552018
207.42389623972846
207.91514097201417
208.40593055205895
208.89626497986276
209.38614425542562
209.87556837874754
210.3645373498285
210.85305116866854
211.34110983526762
211.82871334962573
212.3158617117429
212.80255492161913
213.2887929792544
213.77457588464873
214.2599036378021
214.74477623871454
215.22919368738602
215.71315598381653
216.19666312800612
216.67971511995475
217.16231195966242
217.64445364712915
218.12614018235496
218.6073715653398
219.08814779608372
219.56846887458664
220.04833480084864
220.52774557486967
221.00670119664974
221.4852016661889
221.9632469834871
222.44083714854432
222.91797216136058
223.39465202193597
223.87087673027034
224.3466462863638
224.82196069021626
225.29681994182786
225.77122404119848
226.2451729883281
226.71866678321683
227.19170542586454
227.6642889162714
228.13641725443722
228.60809044036213
229.07930847404606
229.5500713554891
230.02037908469114
230.49023166165227
230.9596290863724
231.42857135885166
231.89705847908988
232.36509044708723
232.83266726284356
233.29978892635899
233.76645543763343
234.232666796667
234.6984230034595
235.16372405801116
235.62856996032178
236.09296071039154
236.5568963082203
237.02037675380814
237.48340204715498
237.94597218826092
238.40808717712588
238.86974701374993
239.330951698133
239.79170123027512
240.2519956101763
240.71183483783653
241.17121891325587
241.63014783643416
242.08862160737158
242.54664022606798
243.00420369252348
243.46131200673798
243.9179651687116
244.3741631784442
244.82990603593592
245.28519374118665
245.74002629419647
246.19440369496527
246.64832594349318
247.1017930397801
247.55480498382613
248.00736177563113
248.45946341519524
248.91110990251838
249.3623012376006
249.81303742044182
250.26331845104215
250.71314432940147
251.1625150555199
251.61143062939732
252.05989105103384
252.50789632042938
252.955446437584
253.40254140249763
253.84918121517035
254.2953658756021
254.74109538379292
255.18636973974282
255.6311889434517
256.0755529949197
256.5194618941467
256.9629156411328
257.40591423587784
257.84845767838203
258.29054596864523
258.7321791066675
259.1733570924488
259.6140799259892
260.0543476072886
260.4941601363471
260.9335175131646
261.3724197377412
261.8108668100768
262.2488587301715
262.68639549802515
263.123477113638
263.5601035770098
263.9962748881407
264.4319910470306
264.8672520536796
265.3020579080876
265.73640861025467
266.1703041601808
266.603744557866
267.0367298033102
267.4692598965135
267.9013348374758
268.33295462619725
268.7641192626777
269.1948287469172
269.62508307891574
270.0548822586733
270.48422628619
270.9131151614656
271.3415488845004
271.76952745529417
272.2114289511751
272.6529898611676
273.09421018527235
273.5350899234894
273.97562907581874
274.4158276422603
274.8556856228141
275.29520301748016
275.73437982625853
276.1732160491491
276.611711686152
277.04986673726705
277.4876812024944
277.9251550818341
278.36228837528597
278.7990810828501
279.23553320452646
279.6716447403151
280.10741569021604
280.54284605422924
280.97793583235466
281.4126850245923
281.84709363094225
282.2811616514045
282.71488908597894
283.1482759346656
283.5813221974646
284.01402787437587
284.44639296539935
284.87841747053506
285.31010138978303
285.7414447231433
286.17244747061585
286.6031096322006
287.03343120789765
287.46341219770693
287.8930526016285
288.3223524196623
288.75131165180835
289.17993029806667
289.6082083584372
290.03614583292006
290.4637427215152
290.8909990242225
291.3179147410421
291.74448987197394
292.1707244170181
292.5966183761745
293.0221717494431
293.44738453682396
293.87225673831716
294.2967883539226
294.72097938364027
295.1448298274701
295.5683396854123
295.9915089574668
296.4143376436335
296.8368257439124
297.2589732583036
297.68078018680717
298.10224652942287
298.52337228615085
298.94415745699104
299.36460204194356
299.78470604100835
300.20446945418536
300.6238922814746
301.04297452287614
301.4617161783899
301.880117248016
302.29817773175427
302.7158976296048
303.1332769415676
303.55031566764274
303.9670138078301
304.38337136212965
304.7993883305415
305.21506471306554
305.630400509702
306.0453957204506
306.46005034531146
306.8743643842846
307.28833783736997
307.70197070456766
308.11526298587756
308.5282146812997
308.9408257908341
309.3530963144808
309.76502625223975
310.1766156041109
310.5878643700944
310.9987725501901
311.4093401443981
311.8195671527183
312.2294535751508
312.6389994116955
313.04820466235253
313.45706932712176
313.8655934060033
314.273776898997
315.01660074609754
315.76571729325406
316.5211265404637
317.2828284877262
318.05082313504136
318.8251104824094
319.6056905298303
320.3925632773037
321.18572872483014
321.9851868724095
322.7909377200415
323.60298126772636
324.4213175154639
325.2459464632543
326.0768681110976
326.9140824589938
327.75758950694285
328.60738925494434
329.46348170299893
330.3258668511062
331.19454469926654
332.06951524747956
332.9507784957452
333.83833444406355
334.732183092435
335.6323244408593
336.53875848933626
337.45148523786634
338.37050468644884
339.2958168350842
340.2274216837725
341.16531923251364
342.10950948130744
343.0599924301539
344.01676807905346
344.9798364280059
345.949197477011
346.924851226069
347.90679767517986
348.89503682434315
349.88956867355955
350.89039322282883
351.89751047215077
352.9109204215256
353.93062307095306
354.9566184204334
355.98890646996665
357.02748721955277
358.07236066919154
359.1235268188832
360.1809856686277
361.2447372184249
362.314781468275
363.39111841817794
364.47374806813355
365.56267041814203
366.6578854682034
367.7593932183174
368.86719366848456
369.98128681870435
371.1016726689768
372.2283512193021
373.3613224696803
374.5005864201114
375.6461430705954
376.79799242113177
377.95613447172104
379.12056922236343
380.29129667305847
381.4683168238064
382.65162967460674
383.8412352254604
385.03713347636676
386.239324427326
387.44780807833786
388.6625844294026
389.88365348052025
391.11101523169054
392.34466968291326
393.5846168341893
394.83085668551803
396.0833892368996
397.3422144883343
398.60733243982145
399.87874309136146
401.15644644295435
402.4404424946001
403.73073124629855
405.02731269804985
406.33018684985336
407.63935370171043
408.95481325362016
410.27656550558254
411.604610457598
412.93894810966617
414.2795784617872
415.6265015139609
416.97971726618744
418.3392257184669
419.7050268707992
421.3983317978609
423.1042900403013
424.82290159813374
426.5541664713596
428.29808465997803
430.05465616398897
431.82388098339334
433.6057591181898
435.4002905683783
437.20747533396025
439.0273134149347
440.8598048113013
442.70494952306126
444.56274755021286
446.43319889275836
448.3163035506959
450.2120615240269
452.12047281275
454.04153741686514
455.9752553363737
457.9216265712744
459.880651121568
461.8523289872546
463.8366601683342
465.833644664805
467.84328247666963
469.8655736039268
471.90051804657696
473.94811580461965
476.00836687805395
478.08127126688123
480.1668289711015
482.26503999071474
484.37590432572097
486.49942197611836
488.63559294190964
490.7844172230939
492.94589481967023
495.12002573163954
497.30680995900093
499.5062475017544
501.71833835990174
503.9430825334416
506.18048002237447
508.4305308266994
510.69323494641685
512.9685923815273
515.2566031320307
517.5572671979257
519.8705845792142
521.8579504416832
523.8446909985746
525.8308062499086
527.816296195685
529.8011608359036
531.7854001705646
533.7690141996682
535.7520029232139
537.7343663412023
539.7161044536331
541.697217260506
543.6777047618216
545.6575669575795
547.6368038477797
549.6154154324222
551.5934017115073
553.5707626850347
555.5474983530046
557.5236087154169
559.4990937722716
561.4739535235685
563.448187969308
565.42179710949
567.3947809441138
569.3671394731805
571.3388726966896
573.3099806146408
575.2804632270347
577.2503205338708
579.2195525351492
581.1881592308703
583.1561406210337
585.1234967056394
587.0902274846876
589.0563329581782
591.0218131261108
592.9866679884863
594.9508975453041
596.9145017965641
598.8774807422665
600.8398343824115
602.8015627169987
604.7626657460285
606.7231434695007
608.682995887415
610.6422229997718
612.6008248065712
614.5588013078127
616.5161525034969
618.4728783936234
620.1908089212802
621.8987741411593
623.5967740532496
625.2848086575514
626.9628779540635
628.630981942787
630.2891206237218
631.9372939968671
633.5755020622228
635.2037448197898
636.8220222695691
638.4303344115579
640.0286812457598
641.6170627721713
643.1954789907932
644.7639299016264
646.3224155046701
647.8709357999269
649.4094907873923
650.93808046707
652.4567048389581
653.9653639030576
655.4640576593683
656.9527861078905
658.431549248623
659.900347081566
661.3591796067212
662.808046824086
664.2469487336621
665.6758853354495
667.0948566294483
668.5038626156584
669.902903294078
671.2919786647099
672.6710887275531
674.0402334826067
675.3994129298708
676.7486270693462
678.0878759010329
679.4171594249301
680.7364776410395
682.0458305493585
683.3452181498888
684.6346404426304
685.9140974275833
687.1835891047467
688.4431154741214
689.6926765357075
690.9322722895031
692.1619027355118
696.9677521157719
701.9042708643829
706.9714589813666
712.1693164667086
717.4978433204305
722.957039542518
728.546905132971
734.267440091804
740.1186444190025
746.1005181145592
752.2130611784887
758.456273610791
764.8301554114587
771.3347065804992
777.9699271179124
784.7358170236839
791.6323762978282
798.6596049403452
805.8175029512204
813.1060703304756
820.5253070780964
828.0752131940753
835.7557886784489
843.5670335311734
851.5089477522706
859.5815313417261
867.7847842995616
876.1187066257626
884.583298320329
893.1785593832683
901.9044898145949
910.7610896142724
919.7483587823081
928.8662973187238
938.1149052235123
947.494182496659
957.0041291381785
966.6447451480853
976.4160305263431
986.3179852729663
996.3506093879623
1006.5139028713238
1016.8078657230653
1027.2324979431578
1037.7877995316303
1048.4737704884901
1059.2904108136936
1070.2377205072698
1081.3156995692189
1092.5243479995333
1109.448497581092
1126.7223295423028
1144.3458438829693
1162.3190406031208
1180.6419197026698
1199.314481181762
1218.3367250402807
1237.7086512782553
1257.4302598957438
1277.501550892659
1297.9225242691173
1318.693180024915
1339.8135181602556
1361.2835386750812
1383.1032415693626
1405.272626843158
1427.7916944962926
1450.6604445290286
1473.8788769411622
1497.4469917327515
1521.3647889038548
1545.632268454443
1570.2494303844578
1595.2162746939284
1620.532801382884
1650.193728378741
1680.5116237486945
1711.4864874925115
1743.118319610192
1775.4071201017941
1808.3528889673762
1841.9556262068218
1876.2153318201308
1911.1320058073616
1946.7056481684558
1982.9362589034718
2019.8238380123512
2057.3683854952105
2095.569901351875
2134.4283855825197
2173.943838187086
2214.1162591654574
2254.9456485177507
2296.4320062439074
2338.575332344102
2381.375626818044
2424.832889666024
2468.947120887751
2513.7183204835164
2559.1464884530287
2593.370448467671
2627.338978677697
2661.052079082525
2694.5097496821836
2727.711990476586
2760.658801465819
2793.350182649854
2825.7861340286618
2857.9666556023003
2889.8917473707697
2921.561409334012
2952.9756414919975
2984.134443844843
3015.0378163924906
3045.68575913494
3076.0782720721327
3106.2153552041855
3136.09700853104
3165.723232052638
3195.0940257690963
3224.2093896803563
3253.069323786418
3281.6738280872232
3310.0229025828885
3338.1165472733264
4320.811148218811
5376.700810596347
6505.785534396768
7708.065319634974
8983.540166310966
10332.210074394941
11754.075043924153
13249.13507489115
14817.390167281032
16458.840321086347
18173.48553634435
19961.325813025236
21822.361151121557
23756.591550670564
25764.017011642456
27844.63753402978
29998.453117862344
32225.46376313269
34525.66946981102
36899.07023793459
39345.66606748849
41865.45695845783
44458.44291087985
47124.62392472476
49863.9999999851
