3.0000000000000004
3.3790993222222228
3.7574769185185186
4.135132788888889
4.512066933333333
4.888279351851852
5.263770044444445
5.638539011111112
6.012586251851852
6.385911766666666
6.7585155555555545
7.1303976185185185
7.501557955555555
7.871996566666665
8.241713451851851
8.61070861111111
8.978982044444445
9.346533751851853
9.713363733333333
10.079471988888889
10.444858518518519
10.809523322222224
11.1734664
11.536687751851852
11.899187377777778
12.26096527777778
12.622021451851854
12.982355900000002
13.341968622222224
13.70085961851852
14.059028888888891
14.416476433333337
14.773202251851854
15.129206344444448
15.484488711111114
15.839049351851855
16.19288826666667
16.54600545555556
16.898400918518526
17.25007465555556
17.601026666666673
17.95125695185186
18.300765511111116
18.64955234444445
18.99761745185186
19.34496083333334
19.691582488888898
20.037482418518525
20.38266062222223
20.727117100000008
21.07085185185186
21.413864877777783
21.756156177777786
22.09772575185186
22.438573600000005
22.778699722222225
23.118104118518524
23.456786788888888
23.79474773333333
24.13198695185185
24.46850444444444
24.804300211111105
25.139374251851844
25.47372656666666
25.807357155555543
26.140266018518506
26.47245315555554
26.80391856666665
27.134662251851836
27.464684211111095
27.793984444444423
28.12256295185183
28.450419733333312
28.777554788888864
29.10396811851849
29.429659722222194
29.75462959999997
30.07887775185182
30.402404177777747
30.725208877777742
31.047291851851817
31.368653099999964
31.689292622222183
32.00921041851848
32.32840648888885
32.64688083333329
32.9646334518518
33.2816643444444
33.597973511111064
33.9135609518518
34.22842666666662
34.5425706555555
34.85599291851847
35.1686934555555
35.48067226666661
35.7919293518518
36.102464711111054
36.41227834444438
36.721370251851795
37.029740433333274
37.337388888888825
37.644315618518455
37.95052062222216
38.256003899999925
38.560765451851786
38.864805277777705
39.16812337777771
39.47071975185178
39.77259439999993
40.07374732222216
40.37417851851846
40.67388798888883
40.972875733333275
41.2711417518518
41.56868604444439
41.86550861111105
42.1616094518518
42.45698856666662
42.75164595555551
43.045581618518476
43.338795555555514
43.631287766666624
43.92305825185181
44.214107011111075
44.50443404444441
44.79403935185182
45.08292293333331
45.371084788888865
45.658524918518495
45.9452433222222
46.23123999999998
46.51651495185183
46.801068177777765
47.08489967777776
47.36800945185184
47.65039749999999
47.93206382222222
48.21300841851851
48.493231288888886
48.77273243333333
49.05151185185185
49.32956954444444
49.60690551111111
49.88351975185185
50.15941226666667
50.434583055555564
50.70903211851853
50.982759455555566
51.255765066666676
51.528048951851865
51.799611111111126
52.07045154444446
52.34057025185187
52.60996723333335
52.878642488888914
53.146596018518544
53.413827822222245
53.680337900000026
53.94612625185188
54.21119287777781
54.47553777777782
54.739160951851886
55.00206240000004
55.264242122222264
55.52570011851856
55.78643638888893
56.046450933333375
56.30574375185189
56.56431484444449
56.82216421111116
57.079291851851906
57.33569776666671
57.59138195555561
57.84634441851857
58.10058515555562
58.35410416666672
58.60690145185192
58.85897701111117
59.1103308444445
59.36096295185192
59.610873333333394
59.86006198888896
60.10852891851858
60.35627412222229
60.60329760000006
60.84959935185193
61.095179377777846
61.34003767777786
61.58417425185192
61.82758910000008
62.070282222222296
62.312253618518604
62.55350328888897
62.79403123333342
63.03383745185194
63.27292194444453
63.511284711111195
63.74892575185194
63.985845066666755
64.22204265555565
64.45751851851861
64.69227265555566
64.92630506666676
65.15961575185194
65.3922047111112
65.62407194444454
65.85521745185196
66.08564123333343
66.315343288889
66.54432361851862
66.77258222222233
67.0001191000001
67.22693425185196
67.45302767777788
67.6783993777779
67.90304935185196
68.12697760000012
68.35018412222233
68.57266891851864
68.794431988889
69.01547333333346
69.23579295185196
69.45539084444457
69.67426701111123
69.89242145185197
70.10985416666679
70.32656515555568
70.54255441851865
70.75782195555567
70.97236776666679
71.18619185185197
71.39929421111124
71.61167484444456
71.82333375185198
72.03427093333346
72.24448638888902
72.45398011851864
72.66275212222236
72.87080240000013
73.07813095185199
73.2847377777779
73.49062287777792
73.69578625185198
73.90022790000015
74.10394782222235
74.30694601851866
74.50922248888902
74.71077723333349
74.911610251852
75.11172154444459
75.31111111111126
75.50977895185201
75.70772506666681
75.9049494555557
76.10145211851867
76.2972330555557
76.49229226666682
76.686629751852
76.88024551111127
77.07313954444459
77.265311851852
77.45676243333348
77.64749128888904
77.83749841851866
78.02678382222237
78.21534750000015
78.40318945185201
78.59030967777792
78.77670817777793
78.96238495185202
79.14734000000016
79.33157332222238
79.51508491851868
79.69787478888904
79.8799429333335
80.06128935185201
80.24191404444461
80.42181701111127
80.600998251852
80.77945776666684
80.95719555555571
81.13421161851869
81.31050595555571
81.48607856666683
81.66092945185201
81.83505861111128
82.0084660444446
82.18115175185201
82.3531157333335
82.52435798888907
82.69487851851869
82.86467732222239
83.03375440000016
83.20210975185202
83.36974337777795
83.53665527777795
83.70284545185203
83.86831390000017
84.0330606222224
84.1970856185187
84.36038888888906
84.52297043333351
84.68483025185202
84.8459683444446
85.00638471111128
85.16607935185202
85.32505226666683
85.48330345555573
85.6408329185187
85.79764065555572
85.95372666666685
86.10909095185202
86.26373351111128
86.41765434444461
86.57085345185203
86.7233308333335
86.87508648888907
87.0261204185187
87.17643262222239
87.32602310000019
87.47489185185204
87.62303887777796
87.77046417777797
87.91716775185202
88.06314960000017
88.2084097222224
88.3529481185187
88.49676478888907
88.63985973333351
88.78223295185202
88.92388444444461
89.0648142111113
89.20502225185203
89.34450856666685
89.48327315555574
89.6213160185187
89.75863715555573
89.89523656666685
90.03111425185205
90.16627021111128
90.30070444444462
90.43441695185203
90.56740773333351
90.69967678888905
90.83122411851869
90.9620497222224
91.09215360000019
91.22153575185202
91.35019617777795
91.47813487777796
91.60535185185205
91.73184710000018
91.85762062222238
91.98267241851869
92.10700248888905
92.2306108333335
92.35349745185204
92.47566234444463
92.59710551111127
92.71782695185203
92.83782666666684
92.95710465555574
93.07566091851868
93.19349545555572
93.31060826666683
93.42699935185203
93.54266871111128
93.65761634444462
93.77184225185204
93.88534643333352
93.99812888888906
94.11018961851869
94.2215286222224
94.33214590000017
94.44204145185202
94.55121527777794
94.65966737777795
94.767397751852
94.87440640000017
94.9806933222224
95.08625851851869
95.19110198888905
95.2952237333335
95.39862375185201
95.50130204444461
95.60325861111127
95.70449345185202
95.80500656666683
95.90479795555572
96.00386761851867
96.10221555555572
96.19984176666684
96.29674625185203
96.39292901111125
96.4883900444446
96.58312935185202
96.6771469333335
96.77044278888903
96.86301691851867
96.95486932222238
97.04600000000016
97.136408951852
97.22609617777793
97.31506167777793
97.40330545185199
97.49082750000014
97.57762782222238
97.66370641851867
97.74906328888903
97.83369843333348
97.917611851852
98.00080354444461
98.08327351111124
98.165021751852
98.2460482666668
98.32635305555571
98.40593611851865
98.48479745555571
98.56293706666682
98.640354951852
98.71705111111125
98.79302554444459
98.868278251852
98.94280923333349
99.01661848888902
99.08970601851865
99.16207182222236
99.23371590000012
99.30463825185197
99.3748388777779
99.44431777777791
99.51307495185196
99.58111040000013
99.64842412222235
99.71501611851866
99.780886388889
99.84603493333346
99.91046175185198
99.97416684444458
100.03715021111122
100.09941185185197
100.1609517666668
100.22176995555569
100.28186641851863
100.34124115555568
100.3998941666668
100.45782545185197
100.51503501111121
100.57152284444456
100.62728895185197
100.68233333333346
100.73665598888898
100.79025691851862
100.84313612222233
100.89529360000009
100.94672935185196
100.99744337777788
101.0474356777779
101.09670625185194
101.1452551000001
101.19308222222233
101.24018761851863
101.28657128888898
101.33223323333343
101.37717345185196
101.42139194444455
101.46488871111119
101.50766375185194
101.54971706666676
101.59104865555565
101.63165851851859
101.67154665555563
101.71071306666676
101.74915775185195
101.78688071111118
101.82388194444452
101.86016145185194
101.8957192333334
101.93055528888897
101.9646696185186
101.9980622222223
102.03073310000006
102.06268225185192
102.09390967777786
102.12441537777786
102.15419935185191
102.18326160000005
102.21160212222229
102.23922091851858
102.26611798888894
102.29229333333339
102.31774695185192
102.34247884444451
102.36648901111116
102.3897774518519
102.41234416666673
102.43418915555561
102.45531241851856
102.4757139555556
102.49539376666672
102.51435185185233
102.77798189995491
103.04284555032947
103.30894280297608
103.57627365789472
103.84483811508537
104.11463617454805
104.38566783628278
104.65793310028948
104.93143196656831
105.20616443511909
105.48213050594194
105.7593301790368
106.03776345440366
106.31743033204259
106.59833081195353
106.88046489413654
107.16383257859152
107.44843386531855
107.73426875431761
108.02133724558868
108.30963933913182
108.59917503494697
108.88994433303412
109.18194723339334
109.47518373602458
109.76965384092784
110.06535754810312
110.36229485755041
110.66046576926979
110.95987028326115
111.26050839952458
111.56238011805999
111.86548543886744
112.16982436194692
112.47539688729842
112.78220301492203
113.09024274481757
113.39951607698515
113.7100230114248
114.02176354813645
114.33473768712014
114.64894542837587
114.9643867719036
115.28106171770341
115.59897026577516
115.91811241611902
116.23848816873488
116.56009752362274
116.88294048078271
117.20701704021462
117.5323272019186
117.8588709658946
118.1866483321426
118.51565930066269
118.84590387145474
119.17738204451891
119.51009381985503
119.84403919746319
120.17921817734342
120.51563075949562
120.8532769439199
121.19215673061618
121.5322701195845
121.87361711082485
122.21619770433722
122.56001190012162
122.90505969817804
123.25134109850649
123.598856101107
123.9476047059795
124.29758691312406
124.64880272254061
125.00125213422919
125.35493514818984
125.7098517644225
126.06600198292722
126.42338580370392
126.78200322675264
127.14185425207341
127.5029388796662
127.86525710953106
128.2288089416679
128.5935943760768
128.95961341275773
129.32686605171065
129.69535229293564
130.0650721364326
130.43602558220164
130.80821263024274
131.1816332805558
131.55628753314093
131.93217538799806
132.3092968451272
132.68765190452842
133.06724056620163
133.44806283014694
133.8301186963642
134.2134081648535
134.59793123561485
134.9836879086489
135.4875625703878
135.99498537670456
136.50595632759882
137.02047542307093
137.53854266312055
138.0601580477478
138.58532157695277
139.11403325073525
139.64629306909558
140.18210103203342
140.72145713954876
141.26436139164196
141.81081378831277
142.3608143295612
142.91436301538727
143.47145984579095
144.03210482077236
144.5962979403314
145.16403920446805
145.73532861318233
146.31016616647423
146.88855186434375
147.47048570679112
148.055967693816
148.6449978254185
149.23757610159873
149.83370252235648
150.43337708769207
151.03659979760516
151.64337065209588
152.25368965116434
152.8675567948104
153.484972083034
154.10593551583543
154.73044709321437
155.3585068151708
155.990114681705
156.62527069281703
157.26397484850656
157.90622714877384
158.55202759361862
159.20137618304113
159.85427291704138
160.51071779561914
161.17071081877464
161.83425198650764
162.50134129881837
163.17197875570673
163.84616435717282
164.52389810321642
165.20517999383776
165.89001002903672
166.5783882088133
167.2703145331675
167.96578900209943
168.66481161560876
169.36738237369593
170.07350127636073
170.78316832360326
171.49638351542342
172.2131468518212
172.9334583327966
173.6573179583496
174.38472572848036
175.11568164318862
175.85018570247473
176.58823790633824
177.3298382547796
178.07498674779845
178.82368338539504
179.57592816756926
180.3317210943212
181.09106216565067
181.85395138155786
182.62038874204234
183.39037424710477
184.16390789674483
184.94098969096262
185.72161962975804
186.50579771313107
187.29352394108173
188.08479831361
188.87962083071602
189.67799149239954
190.4799102986608
191.2853772494998
192.09439234491617
192.9069555849104
193.72306696948226
194.54272649863185
195.36593417235872
196.19268999066355
197.022993953546
197.85684606100608
198.69424631304344
199.53519470965887
200.37969125085192
201.2277359366226
202.0793287669709
202.9344697418852
203.7621694240222
204.59280359851198
205.4263722653542
206.26287542454895
207.10231307609638
207.94468521999624
208.78999185624878
209.63823298485374
210.4894086058115
211.34351871912168
212.20056332478453
213.0605424227998
213.92345601316777
214.78930409588816
215.6580866709612
216.52980373838682
217.4044552981651
218.28204135029569
219.16256189477906
220.04601693161487
220.93240646080346
221.82173048234438
222.71398899623796
223.6091820024841
224.50730950108277
225.40837149203412
226.3123679753379
227.21929895099436
228.12916441900336
229.0419643793649
229.95769883207902
230.87636777714567
231.79797121456488
232.72250914433675
233.64998156646118
234.58038848093815
235.51372988776757
236.45000578694976
237.3892161784844
238.33136106237146
239.2764404386113
240.2244543072037
241.17540266814865
242.12928552144604
243.0861028670962
244.04585470509892
245.00854103545407
245.97416185816178
246.94271717322215
247.91420698066122
248.58613866129372
249.24914237862595
249.90321813265973
250.54836592339234
251.18458575082605
251.8118776149604
252.43024151579448
253.03967745332875
253.64018542756367
254.23176543849877
254.81441748613406
255.38814157047
255.95293769150612
256.508805849242
257.055746043678
257.5937582748156
258.1228425426525
258.6429988471896
259.1542271884282
259.65652756636564
260.1498999810037
260.6343444323429
261.10986092038183
261.57644944512094
262.0341100065607
262.4828426047002
262.92264723953986
263.3535239110811
263.7754726193216
264.18849336426183
264.5925861459041
264.98775096424515
265.37398781928687
265.7512967110297
266.1196776394713
266.47913060461406
266.8296556064579
267.17125264500055
267.5039217202443
267.82766283218825
268.1424759808324
268.4483611661767
268.74531838822213
269.03334764696683
269.3124489424117
269.58262227455816
269.8438676434039
270.0961850489498
270.3395744911968
270.5740359701467
271.82747255030154
273.11229109125634
274.4284915930093
275.7760740555623
277.1550384789116
278.5653848630609
280.0071132080102
281.4802235137522
282.98471578029785
284.52059000764166
286.08784619578364
287.6864843447256
289.31650445446576
290.9779065250041
292.67069055634056
294.39485654847886
296.1504045014135
297.9373344151463
299.7556462896737
301.60534012500466
303.4864159211338
305.39887367806114
307.34271339578845
309.31793507431394
311.3245387136376
313.3625243137594
315.4318918746794
317.5326413963994
319.6647728789176
321.8282863222321
324.0231817263484
326.2494590912611
328.5071184169756
330.7961597034864
333.11658295079724
335.46838815890624
337.8515753278134
340.26614445752057
342.7120955480259
345.1894285993294
347.69814361142744
350.2382405843291
352.80971951802894
355.4125804125233
358.04682326782313
360.71244808391566
363.40945486081
366.1378435985025
368.897614296995
371.6887669562784
374.9857403267051
378.3327010991088
381.7296492735113
385.17658484989806
388.67350782826543
392.2204182086316
395.8173159909784
399.4642011753167
403.1610737616393
406.90793374996065
410.7047811402663
414.5516159325525
418.44843812683393
422.39524772309596
426.3920447213568
430.4388291216019
434.5356009238276
438.68236012805573
442.8791067342572
447.1258407424575
451.4225621526384
455.7692709648145
460.1659671789748
464.6126507951194
469.10932181325916
473.65598023338316
478.25262605550233
482.8992592795985
487.5958799056898
492.34248793377265
497.13908336383247
501.9856661958911
506.8822364299267
511.8287940659611
516.8253391039834
521.87187154399
526.9683913859881
532.1148986299668
537.3113932759406
542.5578753238951
547.8543447738448
553.200801625786
558.5972458797041
564.0436775356211
569.5400965935187
575.0865030534114
580.6828969152848
586.3292781791497
592.0256468450061
597.7720029128432
608.7556783011241
619.9927658724919
631.4832656269136
643.2271775644476
655.2245016850939
667.4752379888669
679.9793864756939
692.7369471456477
705.7479199987138
719.012305034863
732.5301022541098
746.3013116564834
760.3259332419548
774.6039670105092
789.1354129621614
803.9202710969403
818.9585414148023
834.250223915762
849.7953185998631
865.5938254670327
881.6457445173
897.9510757506796
914.5098191671859
931.3219747667608
948.3875425494334
963.55005119212
978.8000896076701
994.137657796804
1009.5627557595071
1025.075383495794
1040.6755410056576
1056.3632282891049
1072.1384453461287
1088.0011921767218
1103.9514687808914
1119.989275158645
1136.1146113099749
1152.3274772348886
1168.6278729333717
1185.0157984054313
1201.4912536510747
1218.0542386702946
1234.7047534630983
1251.4427980294786
1268.2683723694354
1285.1814764829614
1302.1821103700713
1319.2702740307577
1336.4459674650207
1353.7091906728674
1375.7731484832766
1398.2871902858315
1421.251316079637
1444.6655258647515
1468.5298196410877
1492.8441974087327
1517.6086591675412
1542.8232049176586
1568.487834659085
1594.6025483917329
1621.1673461156897
1648.182227830839
1675.6471935372683
1703.5622432350065
1731.9273769239662
1760.7425946042058
1790.007896275696
1819.723281938408
1849.888751592429
1880.5043052376714
1911.5699428742519
1943.0856645020249
1975.0514701211068
2007.4673597314104
2040.3333333329647
3043.6311835199594
4121.993101768196
5275.4190880432725
6503.909142360091
7807.463264733553
9186.081455126405
10639.763713553548
12168.510040037334
13772.32043454051
15451.194897092879
17205.13342768699
19034.13602630794
20938.202692970634
22917.33342768252
24971.528230428696
27100.787101201713
29305.110040031374
31584.497046880424
33938.94812177122
36368.46326471865
38873.04247568548
41452.685754694045
44107.393101751804
46837.164516836405
49641.9999999553
