-1.8623844069305595
-1.8622773352722999
-1.8609238235579841
-1.860602608583207
-1.8578955851545769
-1.8573602268632787
-1.8532996917203342
-1.852550190112518
-1.8471361432552573
-1.846172498330923
-1.8394049397593468
-1.8382271515184931
-1.8301060812326035
-1.8287141496752297
-1.8192395676750248
-1.8176334928011335
-1.8068053990866124
-1.8049851808962027
-1.792803575467366
-1.790769213960437
-1.7772340968172866
-1.7749855919938384
-1.7600969631363723
-1.7576343149964053
-1.741392174424624
-1.738715382968139
-1.7211197306820418
-1.7182287959090372
-1.6992796319086265
-1.6961745538191035
-1.6758718781043767
-1.6725526566983344
-1.6508964692692922
-1.6473631045467325
-1.6243534054033746
-1.6206058973642952
-1.5962426865066233
-1.592281035151025
-1.5665643125790378
-1.5623885179069203
-1.5353182836206183
-1.5309283456319829
-1.5025045996313646
-1.497900518326209
-1.4681232606112773
-1.4633050359896034
-1.4321742665603558
-1.4271418986221631
-1.3946576174786003
-1.3894111062238883
-1.355573313366011
-1.3501126587947798
-1.3149213542225877
-1.3092465563348386
-1.2727017400483303
-1.2668127988440627
-1.2289144708432396
-1.2228113863224532
-1.1835595466073139
-1.1772423187700083
-1.136636967340555
-1.1301055961867306
-1.088146733042962
-1.081401218572621
-1.0380888437145348
-1.031129185927675
-0.986463299355274
-0.9792894982518945
-0.9332700999651791
-0.925882155545283
-0.87850924554425
-0.8709071578078351
-0.8221807360924875
-0.8143645050395536
-0.7642845716098905
-0.7562541972404393
-0.70482075209646
-0.6965762344104904
-0.6437892775521954
-0.6353306165497088
-0.5811901479770971
-0.5725173436580917
-0.5170233633711647
-0.5081364157356401
-0.45128892373439844
-0.4421878327823574
-0.38398682906679804
-0.3746715947982384
-0.315117079368364
-0.30558770178328487
-0.2446796746390958
-0.23493615373750032
-0.17267461487899372
-0.16271695066087943
-0.09910190008805775
-0.08893009255342399
-0.023961530266287667
-0.01357557941513754
0.052746494586316195
0.06334658875398524
0.13102217446975406
0.1418364119539408
0.21086550938402593
0.22189389018473094
0.2922764993291316
0.30351902344635384
0.37525514430507134
0.3867118117388113
0.459801444311845
0.47147225506210333
0.5459153993494528
0.5578003534162299
0.6335970094178942
0.6456961068011875
0.7228462745171698
0.7351595152169796
0.8136631946472792
0.8261905786636081
0.9060477698082227
0.9187892971410694
1.0
1.0129556706493634
1.1086896991884938
1.205991382758457
1.304860721359253
1.4052977149908834
1.5073023636533485
1.610874667346648
1.7160146260707805
1.8227222398257457
1.9309975086115472
2.0408404324281797
2.1522510112756468
2.26522924515395
2.3797751340630864
2.4958886780030536
2.6135698769738607
2.732818730975497
2.8536352400079696
2.976019404071275
3.099971223165415
3.225490697290388
3.352577826446195
3.481232610632837
3.6114550498503135
3.743245144098621
3.8766028933777648
4.0115282976877396
4.1480213570285525
4.286082071400195
4.425710440802675
4.566906465235986
4.709670144700137
4.854001479195116
4.999900468720929
5.1473671132775785
5.296401412865059
5.447003367483374
5.599172977132529
5.752910241812508
5.908215161523328
6.06508773626498
6.223527966037466
6.383535850840785
6.545111390674938
6.708254585539926
6.87296543543575
7.039243940362402
7.207090100319892
7.376503915308216
7.547485385327374
7.7200345103773635
7.894151290458186
8.069835725569849
8.247087815712337
8.425907560885666
8.606294961089827
8.78825001632482
8.97177272659065
9.156863091887317
9.343521112214816
9.531746787573152
9.72154011796232
9.912901103382318
10.105829743833155
10.300326039314825
10.496389989827332
10.694021595370668
10.893220855944836
11.093987771549845
11.296322342185682
11.500224567852356
11.70569444854987
11.912731984278206
12.121337175037382
12.331510020827395
12.543250521648236
12.756558677499914
12.971434488382425
13.187877954295768
13.405889075239955
13.625467851214967
13.846614282220816
14.06932836825749
14.293610109325012
14.51945950542336
14.74687655655254
14.97586126271256
15.206413623903416
15.438533640125101
15.67222131137762
15.90747663766097
16.14429961897516
16.382690255320174
16.62264854669603
16.86417449310272
17.10726809454025
17.351929351008604
17.598158262507795
17.845954829037822
18.095319050598683
18.346250927190376
18.5987504588129
18.852817645466263
19.108452487150455
19.365654983865486
19.62442513561135
19.884762942388047
20.146668404195573
20.410141521033943
20.675182292903138
20.941790719803173
21.20996680173404
21.479710538695738
21.75102193068827
22.02390097771165
22.29834767976585
22.57436203685089
22.85194404896676
23.13109371611346
23.411811038291
23.694096015499376
23.97794864773858
24.26336893500862
24.550356877309493
24.8389124746412
25.12903572700375
25.420726634397123
25.713985196821337
26.008811414276373
26.305205286762252
26.60316681427898
26.902695996826523
27.2037928344049
27.506457327014115
27.810689474654165
28.116489277325048
28.423856735026764
28.732791847759312
29.043294615522697
29.35536503831691
29.669003116141965
29.984208848997852
30.300982236884572
30.61932327980212
30.939231977750513
31.26070833072973
31.583752338739803
31.908364001780694
32.23454331985241
32.56229029295497
32.891604921088366
33.22248720425259
33.55493714244765
33.888954735673536
34.22453998393027
34.56169288721783
34.90041344553623
35.240701658885456
35.582557527265514
35.92598105067641
36.27097222911815
36.617531062590714
36.965657551094125
37.31535169462836
37.666613493193424
38.019442946789326
38.37384005541607
38.729804819073635
39.087337237762036
39.44643731148127
39.80710504023134
40.16934042401224
40.53314346282399
40.89851415666655
41.265452505539955
41.6339585094442
42.00403216837928
42.37567348234519
42.74888245134194
43.12365907536952
43.50000335442793
43.87791528851717
44.25739487763725
44.638442121788174
45.02105702096992
45.405239575182506
45.79098978442592
46.17830764870017
46.56719316800525
46.95764634234116
47.349667171707914
47.7432556561055
48.13841179553392
48.53513558999318
48.93342703948326
49.33328614400419
49.734712903555945
50.137707318138524
50.54226938775196
50.9483991123962
51.3560964920713
51.76536152677723
52.17619421651399
52.58859456128158
53.00256256108001
53.41809821590927
53.835201525769364
54.253872490660285
54.67411111058206
55.095917385534655
55.51929131551808
55.94423290053235
56.370742140577455
56.79881903565339
57.22846358576014
57.65967579089775
58.092455651066174
58.52680316626545
58.962718336495556
59.400201161756485
59.839251642048254
60.27986977737086
60.7220555677243
61.16580901310857
61.611130113523686
62.05801886896964
62.506475279446406
62.95649934495402
63.40809106549245
63.861250441061735
64.31597747166185
64.77227215729278
65.23013449795457
65.68956449364717
66.15056214437061
66.61312745012488
67.07726041090997
67.54296102672589
68.01022929757266
68.47906522345025
68.94946880435869
69.42144004029795
69.89497893126807
70.37008547726899
70.84675967830076
71.32500153436337
71.80481104545679
72.28618821158105
72.76913303273616
73.2536455089221
73.73972564013887
74.22737342638646
74.71658886766491
75.20737196397417
75.69972271531428
76.19364112168522
76.68912718308701
77.1861808995196
77.68480227098303
78.18499129747732
78.68674797900243
79.19007231555838
79.69496430714517
80.20142395376277
80.70945125541121
81.21904621209048
81.73020882380061
82.24293909054154
82.75723701231333
83.27310258911594
83.7905358209494
84.30953670781366
84.83010524970877
85.35224144663474
85.8759452985915
86.40121680557911
86.92805596759757
87.45646278464687
87.98643725672697
88.51797938383794
89.05108916597973
89.58576660315234
90.1220116953558
90.65982444259008
91.19920484485522
91.74015290215115
92.28266861447796
92.82675198183557
93.37240300422403
93.91962168164329
94.46840801409343
95.01876200157442
95.57068364408617
96.12417294162883
96.67922989420228
97.23585450180659
97.7940467644417
98.35380668210766
98.91513425480446
99.47802948253207
100.04249236529054
100.60852290307984
101.17612109589997
101.74528694375095
102.31602044663276
102.88832160454538
103.46219041748884
104.03762688546314
104.61463100846828
105.19320278650423
105.77334221957106
106.3550493076687
106.93832405079715
107.52316644895646
108.10957650214661
108.69755421036757
109.28709957361934
109.87821259190201
110.47089326521547
111.06514159355976
111.66095757693493
112.2583412153409
112.8572925087777
113.45781145724536
114.05989806074382
114.66355231927312
115.26877423283327
115.87556380142425
116.48392102504604
117.09384590369869
117.70533843738217
118.31839862609652
118.93302646984165
119.54922196861762
120.16698512242445
120.7863159312621
121.40721439513055
122.02968051402988
122.65371428796006
123.279315716921
123.90648480091282
124.53522153993549
125.16552593398899
125.7973979830733
126.43083768718844
127.0658450463344
127.70242006051123
128.3405627297189
128.98027305395738
129.6215510332267
130.2643966675269
130.90880995685785
131.5547909012197
132.20233950061237
132.85145575503583
133.50213966449016
134.15439122897533
134.8082104484913
135.46359732303813
136.12055185261582
136.7790740372243
137.43916387686363
138.10082137153378
138.76404652123477
139.4288393259666
140.09519978572925
140.76312790052276
141.43262367034714
142.10368709520225
142.77631817508828
143.45051691000512
144.12628329995277
144.80361734493127
145.48251904494063
146.16298839998078
146.8450254100518
147.52863007515361
148.21380239528628
148.9005423704498
149.58885000064413
151.17697250908736
152.77382002095624
154.3793925362486
155.9936900549635
157.61671257710168
159.24846010266265
160.88893263164687
162.53813016405388
164.1960526998846
165.86270023913767
167.53807278181398
169.22217032791332
170.91499287743545
172.61654043038106
174.32681298674947
176.0458105465409
177.77353310975536
179.50998067639284
181.25515324645335
183.0090508199371
184.77167339684365
186.54302097717323
188.32309356092583
190.11189114810145
191.9094137387001
193.715661332722
195.5306339301669
197.35433153103463
199.18675413532537
201.02790174303914
202.87777435417615
204.7363719687362
206.60369458671926
208.47974220812534
210.36451483295423
212.25801246120636
214.16023509288152
216.0711827279797
217.9908553665009
219.9192530084449
221.85637565381217
223.80222330260244
225.75679595481574
227.72009361045207
229.69211626951142
231.6728639319938
233.66233659789918
235.6605342672276
237.66745693997927
239.68310461615374
241.70747729575123
243.74057497877175
245.78239766521529
247.83294535508185
249.89221804837166
251.96021574508427
254.03693844522013
256.1223861487788
258.2165588557607
260.3194565661656
262.4310792799936
264.55142699724433
266.68049971791834
268.81829744201514
270.9648201695352
273.12006790047826
275.28404063484436
277.45673837263325
279.6381611138454
281.82830885848057
284.02718160653853
286.23477935802
288.4511021129242
290.6761498712515
292.90992263300154
295.15242039817485
297.4036431667712
299.6635909387908
301.93226371423316
304.20966149309857
306.495784275387
308.79063206109845
311.0942048502329
313.4065026427909
315.72752543877164
318.0572732381752
320.39574604100176
322.74294384725135
325.09886665692443
327.4635144700201
329.83688728653874
332.21898510648066
334.6098079298454
337.00935575663334
339.41762858684433
341.83462642047834
344.26034925753515
346.6947970980152
349.1379699419183
351.5898677892442
354.04075874101864
356.5001819853428
358.9681375222192
361.444625351648
363.92964547362885
366.4231978881619
368.92528259524715
371.43589959488463
373.9550488870743
376.48273047181624
379.01894434911037
381.5636905189565
384.11696898135506
386.6787797363056
389.2491227838084
391.8279981238634
394.4154057564706
397.01134568163025
399.61581789934166
402.22882240960575
404.8503592124216
407.4804283077899
410.1190296957102
412.7661633761827
415.42182934920766
418.0860276147846
420.7587581729142
423.4400210235956
426.1298161668292
428.828143602615
431.53500333095303
434.2503953518433
436.9743196652855
439.7067762712802
442.4477651698271
445.1972863609262
447.95533984457734
450.72192562078067
453.4970436895362
456.280694050844
459.0728767047042
461.87359165111616
464.6828388900808
467.5006184215972
470.32693024566606
473.16177436228736
476.0051507714604
478.8570594731859
481.7175004674634
484.58647375429337
487.4639793336753
490.35001720560945
493.2445873700958
496.1476898271344
499.0593245767252
501.979491618868
504.90819095356346
507.8454225808107
510.79118650061037
513.745482712962
516.7083112178659
519.6796720153222
522.6595651053306
525.6479904878911
528.6449481630041
531.6504381306693
534.6644603908862
537.6870149436554
540.7181017889773
543.7577209268509
546.8058723572769
549.862556080255
552.9277720957855
556.001520403868
559.0838010045029
562.1746138976896
565.273959083429
568.3818365617203
571.4982463325637
574.6231883959592
577.7566627519077
580.8986694004077
584.0492083414599
587.2082795750646
590.3758831012212
593.5520189199306
596.7366870311917
599.9298874350047
603.1316201313703
606.3418851202882
609.5606824017582
612.7880119757801
616.0238738423545
619.2682680014809
622.5211944531598
625.7826531973906
629.0526442341738
632.3311675635091
635.6182231853963
638.9138110998365
643.1369840832076
647.386888424001
651.663524122223
655.9668911778781
660.2969895909619
664.653819361477
669.0373804894243
673.4476729747994
677.8846968176076
682.3484520178472
686.8389385755154
691.3561564906158
695.9001057631458
700.4707863931089
705.0681983804998
709.6923417253238
714.3432164275773
719.0208224872631
723.7251599043766
728.4562286789242
733.2140288109013
737.9985603003106
742.8098231471477
747.6478173514179
752.5125429131176
757.4039998322505
762.322188108812
767.2671077428049
772.2387587342291
777.2371410830829
782.262254789368
787.3140998530835
792.3926762742312
797.4979840528085
802.6300231888172
807.7887936822553
812.9742955331267
818.1865287414266
823.4254933071588
828.6911892303206
833.9836165109145
839.3027751489371
844.6486651443929
850.0212864972782
855.4206392075957
860.8467232753428
866.2995387005203
871.7790854831301
877.2853636231694
882.81837312064
888.7323946652523
894.6870409277708
900.6823119081055
906.7182076062581
912.7947280222215
918.9118731560029
925.0696430075986
931.2680375770105
937.5070568642404
943.7867008692792
950.106969592136
956.467863032809
962.8693811912963
969.3115240675979
975.7942916617158
982.3176839736498
988.8817010033963
995.4863427509626
1002.1316092163397
1008.8175003995348
1015.5440163005442
1022.3111569193679
1029.1189222560115
1035.967312310464
1042.8563270827344
1049.785966572821
1056.756230780722
1063.7671197064374
1070.8186333499707
1077.9107717113166
1085.0435347904768
1092.216922587455
1099.4309351022475
1106.6855723348544
1113.9808342852793
1121.3167209535168
1128.693232339574
1136.1103684434402
1143.5681292651225
1151.0665148046228
1158.6055250619374
1166.1851600370665
1173.8054197300116
1181.4663041407712
1189.1678132693469
1196.9099471157388
1204.6927056799432
1212.5160889619656
1220.3800969618023
1228.2847296794534
1236.5752528024095
1244.9199404738974
1253.318792694081
1261.7718094629563
1270.2789907805236
1278.8403366467792
1287.4558470617267
1296.125522025366
1304.8493615376938
1313.6273655987134
1322.4595342084285
1331.345867366832
1340.2863650739273
1349.281027329711
1358.3298541341865
1367.4328454873576
1376.5900013892133
1385.801321839761
1395.0668068390041
1404.3864563869356
1413.760270483559
1423.1882491288743
1432.670392322878
1442.2067000655734
1451.7971723569608
1461.4418091970401
1471.1406105858114
1480.893576523271
1490.7007070094223
1500.562002044262
1510.4774616277973
1520.4470857600245
1530.47087444094
1540.5488276705473
1550.6809454488466
1560.8672277758342
1571.1076746515173
1581.4022860758887
1591.7510620489484
1602.1540025707036
1612.611107641147
1623.1223772602825
1633.6878114281135
1644.307410144629
1654.9811734098366
1665.7091012237397
1676.491193586331
1687.3274504976143
1698.2178719575895
1709.162457966253
1722.2024788969939
1735.3767141951103
1748.685163860493
1762.1278278931495
1775.7047062930578
1789.415799060218
1803.2611061946373
1817.2406276963302
1831.354363565275
1845.6023138014716
1859.9844784049492
1874.5008573756786
1889.1514507136599
1903.9362584189003
1918.8552804914216
1933.9085169311802
1949.0959677382052
1964.417632912482
1979.8735124540472
1995.4636063628495
2011.1879146389183
2027.0464372822535
2043.0391742928332
2059.1661256706793
2075.4272914157773
2091.822671528156
2108.3522660077942
2125.016074854677
2141.8140980688186
2158.746335650234
2175.812787598901
2193.0134539148203
2210.3483345980203
2227.817429648472
2245.420739066176
2263.158262851146
2281.0300010033825
2299.0359535228636
2317.176120409611
2335.4505016636176
2353.859097284905
2372.40190727343
2391.078931629214
2409.8901703522715
2428.835623442581
2447.9152909001496
2467.12917272497
2486.4772689170786
2505.9595794764246
2525.576104403037
2548.592060182127
2571.8702780329913
2595.410757956328
2619.2134999522677
2643.2785040207236
2667.605770161681
2692.1952983751835
2717.0470886612165
2742.1611410197947
2767.5374554509035
2793.1760319545283
2819.0768705307128
2845.239971179384
2871.66533390063
2898.352958694406
2925.302845560698
2952.514994499521
2979.9894055108743
3007.7260785947874
3035.7250137512165
3063.9862109801616
3092.5096702816663
3121.295391655658
3150.3433751022385
3179.653620621306
3213.0041449461423
3246.9075480176543
3281.363829833659
3316.3729903941567
3351.935029699147
3388.0499477487174
3424.717744542664
3461.938420081133
3499.711974364065
3538.03840739149
3576.917719163437
3616.3499096798478
3656.3349789407803
3696.8729269461764
3737.9637536960363
3779.607459190389
3821.8040434292925
3864.5535064126016
3907.8558481404325
3951.7110686128144
3996.119167829602
4041.080145790882
4086.594002496713
4132.660737946979
4179.280352141737
4277.479380309116
4380.156405316433
4487.311427163426
4598.944445848931
4715.0554613741115
4835.644473737804
4960.711482940707
5090.256488982588
5224.279491864145
5362.780491583981
5505.759488143027
5653.216481541516
5805.151471778518
5961.564458855195
6122.455442770384
6287.82442352525
6457.671401118627
6631.996375550982
6810.79934682278
6994.080314933788
7181.8392798830755
7374.076241672039
7570.791200299747
7771.984155766666
7977.655108072795
8873.397477127612
9826.355798412114
10836.530071906745
11903.920297630131
13028.52647555992
14210.348605714738
15449.386688087136
16745.640722673386
18099.11070948094
19509.796648498625
20977.698539745063
22502.816383197904
24085.150178883225
25724.699926771224
27421.465626880527
29175.447279211134
30986.64488375187
32855.05844052136
34780.68794949725
36763.533410705626
38803.59482411668
40900.87218975648
43055.36550760269
45267.07477766648
47535.99999995902
