129
66
450
51
2617
378
2830
104
21
410
201
23
163
6
16
20
17
11
21
5
13
270
280
53
71
77
281
334
4
1452
10
13
9
8
11
322
5633
869
221
58
11
10
12
30
9
22
11
68
77
277
45
2315
53
79
676
1307
8
11
8
88
33
354
10408
39
135
20
20
24
143
28
265
313
275
514
38
121
158
9
128
594
7
201
316
436
15
272
233
198
63
131
491
38
486
26
63
83
367
4
4
335
58
166
111
87
284
186
59
54
56
92
11
17
10
628
15
25
6
156
24
523
5
17
30
44
24
20
20
14
29
23
146
19
46
14
728
404
174
137
1021
442
342
141
141
324
1909
37
268
206
10138
6
75
339
284
228
278
220
112
234
147
5779
359
2585
520
111
10261
520
4567
242
125
22
74
207
374
44
5
300
14
24
57
280
457
10
295
452
58
144
90
584
60
51
276
40
531
1247
258
312
1079
3
202
87
472
48
83
164
77
5482
50
4
171
204
27
84
90
224
148
671
99
72
100
77
113
5128
225
10
139
233
2327
157
443
86
83
269
155
76
329
492
6
174
9
391
66
299
7
79
8
31
566
150
722
70
45
138
243
11
170
148
4
158
21
249
4
329
14
139
8
6
4
6
125
15
10
466
7
51
551
89
578
290
299
130
14
91
19
38
216
315
420
1112
123
571
271
334
81
