83.00000000000001
88.15047730246916
93.28934233744857
98.41659510493828
103.53223560493828
108.63626383744858
113.72867980246916
118.80948350000003
123.87867493004117
128.9362540925926
133.98222098765433
139.01657561522634
144.03931797530865
149.05044806790124
154.04996589300413
159.03787145061727
164.01416474074074
168.9788457633745
173.93191451851854
178.87337100617287
183.80321522633747
188.7214471790124
193.6280668641976
198.52307428189306
203.40646943209885
208.2782523148149
213.1384229300412
217.98698127777783
222.82392735802478
227.64926117078198
232.4629827160495
237.26509199382724
242.05558900411535
246.83447374691366
251.60174622222235
256.35740643004124
261.1014543703705
265.83389004321
270.5547134485598
275.2639245864199
279.96152345679025
284.64751005967094
289.3218843950619
293.9846464629631
298.63579626337463
303.2753337962964
307.90325906172853
312.51957205967096
317.12427279012365
321.7173612530866
326.2988374485599
330.8687013765434
335.4269530370372
339.9735924300413
344.50861955555575
349.03203441358045
353.5438370041154
358.0440273271607
362.5326053827162
367.00957117078207
371.47492469135824
375.9286659444447
380.3707949300413
384.8013116481483
389.22021609876566
393.6275082818932
398.02318819753106
402.4072558456793
406.77971122633767
411.1405543395064
415.4897851851854
419.8274037633747
424.1534100740743
428.4678041172842
432.77058589300435
437.06175540123485
441.34131264197555
445.60925761522657
449.8655903209879
454.11031075925956
458.3434189300414
462.5649148333336
466.7747984691361
470.97306983744886
475.1597289382719
479.3347757716052
483.4982103374489
487.6500326358028
491.790242666667
495.9188404300414
500.03582592592625
504.1411991543213
508.23496011522667
512.3171088086423
516.3876452345683
520.4465693930044
524.4938812839509
528.5295809074078
532.5536682633749
536.5661433518522
540.5670061728399
544.5562567263379
548.533895012346
552.4999210308646
556.4543347818934
560.3971362654324
564.3283254814819
568.2479024300416
572.1558671111114
576.0522195246917
579.9369596707822
583.8100875493831
587.6716031604943
591.5215065041156
595.3597975802473
599.1864763888893
603.0015429300415
606.8049972037041
610.596839209877
614.37706894856
618.1456864197535
621.9026916234571
625.6480845596711
629.3818652283956
633.1040336296301
636.8145897633749
640.5135336296302
644.2008652283955
647.8765845596712
651.5406916234573
655.1931864197535
658.8340689485601
662.463339209877
666.0809972037041
669.6870429300417
673.2814763888894
676.8642975802474
680.4355065041158
683.9951031604943
687.5430875493832
691.0794596707823
694.6042195246919
698.1173671111117
701.6189024300415
705.108825481482
708.5871362654326
712.0538347818934
715.5089210308647
718.9523950123462
722.384256726338
725.8045061728401
729.2131433518523
732.610168263375
735.9955809074079
739.369381283951
742.7315693930046
746.0821452345684
749.4211088086424
752.7484601152269
756.0641991543214
759.3683259259265
762.6608404300417
765.9417426666671
769.211032635803
772.4687103374491
775.7147757716054
778.9492289382722
782.1720698374492
785.3832984691363
788.5829148333339
791.7709189300416
794.9473107592598
798.1120903209883
801.2652576152268
804.4068126419759
807.5367554012352
810.6550858930046
813.7618041172846
816.8569100740747
819.940403763375
823.0122851851858
826.0725543395067
829.121211226338
832.1582558456796
835.1836881975314
838.1975082818935
841.199716098766
844.1903116481487
847.1692949300417
850.136665944445
853.0924246913586
856.0365711707825
858.9691053827166
861.8900273271611
864.7993370041158
867.6970344135808
870.5831195555561
873.4575924300418
876.3204530370376
879.1717013765438
882.0113374485603
884.839361253087
887.6557727901239
890.4605720596714
893.2537590617289
896.0353337962968
898.8052962633751
901.5636464629636
904.3103843950623
907.0455100596715
909.7690234567908
912.4809245864203
915.1812134485604
917.8698900432105
920.5469543703709
923.2124064300417
925.8662462222228
928.5084737469142
931.1390890041157
933.7580919938277
936.36548271605
938.9612611707824
941.5454273580253
944.1179812777784
946.6789229300416
949.2282523148154
951.7659694320994
954.2920742818935
956.8065668641981
959.3094471790129
961.8007152263377
964.2803710061731
966.7484145185188
969.2048457633748
971.6496647407407
974.0828714506174
976.5044658930042
978.9144480679013
981.3128179753085
983.6995756152262
986.0747209876542
988.4382540925924
990.7901749300407
993.1304834999996
995.4591798024687
997.7762638374481
1000.0817356049376
1002.3755951049377
1004.6578423374481
1006.9284773024685
1009.1874999999992
1011.4349104300404
1013.6707085925918
1015.8948944876536
1018.1074681152254
1020.3084294753077
1022.4977785679002
1024.6755153930033
1026.8416399506161
1028.9961522407395
1031.1390522633733
1033.2703400185173
1035.3900155061715
1037.4980787263362
1039.594529679011
1041.679368364196
1043.7525947818915
1045.8142089320972
1047.8642108148133
1049.9026004300395
1051.9293777777762
1053.9445428580232
1055.9480956707803
1057.9400362160477
1059.9203644938254
1061.8890805041135
1063.846184246912
1065.7916757222204
1067.7255549300394
1069.6478218703685
1071.558476543208
1073.4575189485577
1075.3449490864177
1077.220766956788
1079.0849725596688
1080.9375658950596
1082.778546962961
1084.6079157633724
1086.4256722962941
1088.2318165617262
1090.0263485596686
1091.8092682901213
1093.5805757530843
1095.3402709485572
1097.0883538765409
1098.8248245370348
1100.549682930039
1102.262929055553
1103.9645629135778
1105.6545845041128
1107.3329938271577
1108.9997908827136
1110.6549756707793
1112.2985481913556
1113.9305084444418
1115.5508564300385
1117.1595921481455
1118.7567155987629
1120.34222678189
1121.916125697528
1123.4784123456764
1125.0290867263348
1126.5681488395035
1128.0955986851823
1129.6114362633716
1131.1156615740715
1132.608274617281
1134.0892753930011
1135.5586639012317
1137.0164401419725
1138.4626041152235
1139.8971558209846
1141.3200952592565
1142.7314224300385
1144.1311373333303
1145.5192399691327
1146.8957303374457
1148.2606084382687
1149.613874271602
1150.9555278374455
1152.2855691357995
1153.6039981666638
1154.9108149300382
1156.206019425923
1157.4896116543182
1158.7615916152236
1160.021959308639
1161.270714734565
1162.507857893001
1163.7333887839477
1164.9473074074044
1166.1496137633717
1167.340307851849
1168.5193896728365
1169.6868592263345
1170.8427165123428
1171.9869615308612
1173.11959428189
1174.2406147654292
1175.3500229814786
1176.4478189300382
1177.534002611108
1178.6085740246886
1179.6715331707792
1180.72288004938
1181.7626146604907
1182.7907370041123
1183.807247080244
1184.812144888886
1185.805430430038
1186.7871037037007
1187.757164709874
1188.715613448557
1189.66244991975
1190.597674123454
1191.521286059668
1192.4332857283925
1193.3336731296267
1194.2224482633717
1195.099611129627
1195.9651617283926
1196.819100059668
1197.661426123454
1198.4921399197506
1199.311241448557
1200.118730709874
1200.9146077037012
1201.6988724300386
1202.4715248888863
1203.2325650802445
1203.9819930041126
1204.7198086604913
1205.4460120493802
1206.1606031707795
1206.863582024689
1207.5549486111088
1208.2347029300386
1208.9028449814791
1209.5593747654298
1209.6082818930083
1210.0781842636652
1210.204292281891
1210.2523260679052
1210.54544296296
1210.8375975308618
1210.8847579753124
1211.0100579908847
1211.4592905123434
1211.4720293474397
1211.5055776152305
1211.9313570326246
1212.0693712263353
1212.1147849876584
1212.38804104644
1212.6678396728375
1212.7123800925965
1212.8420813888858
1213.2546958518496
1213.2934780599617
1213.298362930045
1213.7422310596676
1213.8299397633723
1213.8727335000037
1214.188340388004
1214.3935714074055
1214.4354918024726
1214.6318060449705
1214.9455907839488
1214.986637837452
1215.0726280305673
1215.4859978930021
1215.5108063447942
1215.5261716049413
1215.9463409876512
1216.014792734566
1216.0540931049418
1216.3792319591387
1216.5319753086399
1216.570402337452
1216.8094792592562
1217.0375456152242
1217.0750993024724
1217.237082888004
1217.5315036543193
1217.5681840000032
1217.662042845382
1218.013849425924
1218.0496564300443
1218.0843591313903
1218.4845829300393
1218.5040317460289
1218.5195165925954
1218.9210606892975
1218.9437041666652
1218.977764487657
1219.3354459611965
1219.3912131358009
1219.4244001152288
1219.7471875617255
1219.8271098374466
1219.8594234753114
1220.1562854908848
1220.2513942716032
1220.282834567904
1220.5627397486742
1220.6640664382699
1220.6946333930066
1220.966550335094
1221.065126337447
1221.0948199506197
1221.367717250144
1221.4545739691343
1221.4833942407429
1221.7662404938242
1221.8324093333317
1221.8603562633766
1222.1621200661345
1222.1986324300399
1222.2257060185207
1222.5532432592581
1222.5553559670752
1222.5794435061746
1222.896241820986
1222.9215687263397
1222.9459481966462
1223.227628115225
1223.2520816790145
1223.3338967548473
1223.5474021419739
1223.5709823641994
1223.7192016416784
1223.8555639012334
1223.8782707818948
1224.10186285714
1224.152113393003
1224.1739469321003
1224.4370506172827
1224.4580108148164
1224.4818804012318
1224.7103755740732
1224.7304624300427
1224.8592542739536
1224.9720882633735
1224.991301777779
1225.2221886851842
1225.2339844753058
1225.2405288580264
1225.4606768395051
1225.4781436707835
1225.6060710052882
1225.6875527263364
1225.7041462160507
1225.9028163456783
1225.9185364938285
1225.9755138639007
1226.10646769753
1226.1213145041163
1226.2985067818922
1226.3124802469144
1226.3423130511435
1226.4789335987648
1226.4920337222231
1226.6477481481477
1226.6599749300424
1226.7064685670166
1226.8049504300404
1226.8163038703715
1226.9505404444437
1226.9610205432107
1227.0679804115198
1227.0845181913573
1227.0941249485604
1227.2068836707815
1227.2156170864203
1227.3176368827158
1227.325496956791
1227.41677782716
1227.4237645596716
1227.4268485846533
1227.5043065041152
1227.5104198950623
1227.5802229135802
1227.5854629629634
1227.6445270555553
1227.6488937633746
1227.697218930041
1227.7007122962966
1227.7382985370368
1227.7409185617287
1227.7677658765433
1227.7695125596708
1227.783073086417
1227.7856209485597
1227.7864942901238
1227.7918637530868
1228.136653916811
1228.487591075835
1228.8358845634893
1229.181534379774
1229.5245405246887
1229.8649029982337
1230.202621800409
1230.5376969312142
1230.8701283906498
1231.1999161787157
1231.5270602954117
1231.851560740738
1232.1734175146946
1232.4926306172815
1232.8092000484983
1233.1231258083455
1233.434407896823
1233.7430463139303
1234.0490410596683
1234.3523921340363
1234.6530995370347
1234.951163268663
1235.2465833289216
1235.5393597178106
1235.8294924353297
1236.116981481479
1236.4018268562586
1236.6840285596684
1236.9635865917085
1237.2405009523786
1237.514771641679
1237.7863986596099
1238.0553820061705
1238.3217216813619
1238.585417685183
1238.8464700176344
1239.1048786787162
1239.360643668428
1239.61376498677
1239.8642426337428
1240.1120766093452
1240.357266913578
1240.599813546441
1240.8397165079343
1241.076975798058
1241.3115914168116
1241.5435633641955
1241.7728916402095
1241.9995762448539
1242.2236171781287
1242.4450144400332
1242.6637680305682
1242.8798779497336
1243.093344197529
1243.3041667739544
1243.5123456790107
1244.8474130441768
1246.2022037108854
1247.576717679125
1248.9709549488957
1250.3849155201965
1251.8185993930301
1253.272006567393
1254.7451370432877
1256.2379908207135
1257.7505678996704
1259.2828682801578
1260.8348919621772
1262.4066389457266
1263.9981092308076
1265.6093028174196
1267.2402197055626
1268.8908598952357
1270.5612233864417
1272.2513101791774
1273.9611202734445
1275.6906536692427
1277.439910366572
1279.2088903654317
1280.9975936658238
1282.8060202677457
1284.634170171199
1286.4820433761834
1288.3496398826987
1290.2369596907456
1292.144002800323
1294.070769211432
1296.0172589240706
1297.983471938242
1299.9694082539431
1301.9750678711762
1304.0004507899398
1306.045557010235
1308.1103865320601
1310.1949393554178
1312.299215480305
1314.4232149067238
1316.566937634674
1318.730383664155
1320.9135529951673
1323.1164456277102
1325.3390615617836
1327.5814007973904
1329.843463334526
1332.125249173193
1334.4267583133915
1336.7479907551206
1339.0889464983802
1341.4496255431732
1343.8300278894949
1346.230153537348
1348.6500024867328
1351.089574737648
1353.5488702900948
1356.027889144073
1358.526631299581
1361.0450967566203
1363.583285515192
1366.1411975752935
1368.7188329369255
1371.3161916000909
1373.933273564785
1376.5700788310105
1379.2266073987676
1381.902859268056
1384.5988344388743
1387.3145329112258
1390.049954685106
1392.8050997605178
1395.579968137462
1398.3745598159358
1401.188874795941
1404.0229130774778
1406.8766746605452
1409.750159545143
1412.6433677312734
1415.5562992189334
1418.488954008125
1421.441332098847
1424.4134334911014
1427.4052581848846
1430.416806180202
1433.4480774770473
1436.4990720754258
1439.569789975334
1442.6602311767747
1445.770395679744
1448.9002834842477
1452.04989459028
1455.2192289978439
1458.4082867069392
1461.617067717565
1464.8455720297216
1468.0937996434104
1471.361750558629
1474.649424775379
1476.626211199669
1478.5963721909511
1480.5599077492298
1482.5168178745053
1484.4671025667776
1486.410761826045
1488.3477956523102
1490.2782040455713
1492.2019870058284
1494.1191445330828
1496.0296766273323
1497.93358328858
1499.8308645168236
1501.7215203120631
1503.6055506742996
1505.482955603533
1507.3537350997617
1509.2178891629878
1511.0754177932104
1512.9263209904284
1514.7705987546442
1516.608251085856
1518.4392779840637
1520.2636794492687
1522.0814554814697
1523.892606080667
1525.6971312468613
1527.4950309800515
1529.2863052802386
1531.0709541474225
1532.848977581602
1534.6203755827792
1536.3851481509519
1538.1432952861205
1539.894816988287
1541.6397132574493
1543.3779840936077
1545.1096294967629
1546.834649466915
1548.553044004063
1550.2648131082078
1551.9699567793482
1553.668475017486
1555.3603678226204
1557.0456351947505
1558.7242771338779
1560.3962936400012
1562.061684713121
1563.7204503532375
1565.3725905603505
1569.1149592161419
1572.9329320029574
1576.8265089207598
1580.7956899695491
1584.840475149318
1588.9608644600812
1593.156857901824
1597.4284554745573
1601.7756571782666
1606.19846301297
1610.6968729786568
1615.270887075334
1619.9205053029873
1624.645727661631
1629.4465541512618
1634.3229847718758
1639.275019523473
1644.3026584060608
1649.4059014196355
1654.5847485641934
1659.839199839731
1665.1692552462591
1670.5749147837778
1676.0561784522797
1681.6130462517576
1687.2455181822297
1692.9535942436887
1698.737274436131
1704.5965587595529
1710.531447213969
1716.5419397993683
1722.6280365157545
1728.7897373631204
1735.0270423414731
1741.3399514508164
1747.7284646911467
1754.1925820624529
1760.7323035647532
1767.3476291980369
1774.0385589623074
1780.8050928575576
1787.647230883802
1794.564973041026
1801.5583193292405
1808.627269748431
1815.7718242986157
1822.9919829797873
1830.2877457919421
1837.659112735073
1845.1060838092017
1849.4061634067803
1853.6554747584814
1857.8540178644034
1862.0017927245317
1866.0987993388771
1870.145037707447
1874.1405078302196
1878.0852097072202
1881.9791433384344
1885.8223087238548
1889.6147058634997
1893.3563347573618
1897.047195405441
1900.6872878077302
1904.2766119642365
1907.81516787496
1911.302955539897
1914.739974959055
1918.1262261324227
1921.4617090600077
1924.7464237418098
1927.9803701778328
1931.163548368062
1934.295958312512
1937.377600011183
1940.4084734640674
1943.388578671158
1946.3179156324768
1949.1964843480055
1952.0242848177477
1954.8013170417107
1957.527581019891
1960.2030767522774
1962.8278042388883
1965.4017634797165
1967.9249544747545
1970.3973772240133
1972.8190317274857
1975.1899179851753
1977.5100359970747
1979.7793857631987
1981.9979672835398
1984.1657805580835
1986.2828255868517
1988.3491023698407
1990.364610907036
1992.329351198452
1994.2433232440853
1996.1065270439285
1997.9189625979925
2002.8281278741124
2007.8099561972558
2012.8644475674664
2017.9916019847515
2023.1914194491073
2028.463899960534
2033.8090435190243
2039.2268501245926
2044.7173197772318
2050.2804524769417
2055.9162482237225
2061.624707017563
2067.4058288584856
2073.259613746479
2079.1860616815393
2085.185172663674
2091.256946692869
2097.4013837691455
2103.618483892489
2109.9082470629037
2116.2706732803817
2122.705762544945
2129.213514856572
2135.79393021527
2142.4470086210385
2149.1727500738707
2155.9711545737773
2162.8422221207584
2169.7859527148103
2176.8023463559257
2183.8914030441156
2191.05312277938
2198.2875055617114
2205.5945513911174
2212.9742602675833
2220.426632191131
2227.9516671617457
2235.5493651794313
2243.2197262441878
2250.9627503560077
2258.778437514906
2266.6667877208747
2274.6278009739144
2282.6614772740177
2290.767816621199
2298.946819015451
2307.1984844567705
2315.522812945168
2323.9198044806217
2332.389459063157
2352.605194740201
2373.3513745649543
2394.6279985367146
2416.435066655482
2438.7725789212564
2461.640535334067
2485.0389358938264
2508.967780600593
2533.4270694543084
2558.41680245506
2583.936979602877
2609.9876008976134
2636.5686663393863
2663.680175928137
2691.322129663895
2719.494527546689
2748.1973695764027
2777.4306557531527
2807.1943860769097
2837.488560547674
2868.313179165474
2899.6682419302233
2931.5537488419504
2963.9696999007137
2996.916095106455
3028.7982108776923
3061.0880997516506
3093.7857617279224
3126.8911968064785
3160.4044049873482
3194.3253862705023
3228.65414065597
3263.39066814378
3298.5349687338457
3334.0870424261957
3370.046889220859
3406.4145091178943
3443.1899021171557
3480.3730682187306
3517.96400742259
3555.9627197287627
3594.36920513722
3633.18346364802
3672.405495261104
3712.0352999764727
3752.072877794126
3792.5182287140924
3833.3713527363725
3874.632249860937
3916.300920087815
4135.773825143464
4369.300384973176
4616.88059957698
4878.514468954876
5154.201993106864
5443.9431720320135
5747.7380057303235
6065.586494201794
6397.4886374482885
6743.444435469806
7103.453888262622
7477.51699582953
7865.633758169599
8267.804175285622
8684.028247173876
9114.305973834358
9558.637355269864
10017.022391478531
10489.461082462221
10975.953428219073
11476.499428749084
11991.099084052257
12519.752394131385
13062.45935898181
13619.219978606328
14976.801048964262
16408.956296868622
17915.68572231382
19496.98932529986
21152.867105841637
22883.319063909352
24688.345199517906
26567.945512659848
28522.12000337243
30550.86867159605
32654.19151736796
34832.088540673256
37084.55974152684
39411.60511992872
41813.22467587143
44289.41840934008
46840.186320349574
49465.528408914804
52165.44467501342
54939.93511865288
57788.999739825726
60712.63853853941
63710.85151480883
66783.63866861165
69930.99999994785
