3399
347
5950
3149
2559
1186
3958
6976
7833
17676
4130
2601
1066
3485
1913
607
2629
1685
431
3518
3221
2537
3203
1713
725
5032
4296
6815
3688
5293
1416
6283
6524
4688
4347
732
4101
3904
3371
3969
2769
4414
2970
601
3245
698
5913
4651
4574
3748
9098
4314
4096
10148
3592
5641
5434
4530
31765
4986
1487
4314
10563
4983
3850
5979
2684
1735
2671
3333
847
6589
6608
3907
4942
4201
4767
915
6675
5283
3281
4838
5958
4235
4681
9799
9692
3456
4102
9939
5445
5608
4528
7737
3291
872
800
953
5516
9622
6181
475
578
8239
264
5442
3794
6997
2731
4920
4481
999
3793
4706
6520
1005
803
619
833
652
1037
687
4597
3970
6380
917
1642
4240
7878
6886
879
591
397
1367
1767
1301
614
2902
3619
4545
4376
4035
4848
908
4483
9968
511
3612
9005
5203
3129
5422
3477
3966
9098
4922
7038
4474
4649
1757
5480
1262
4048
5577
2945
5179
4233
4004
6280
695
384
4500
579
5565
6086
4275
4816
5331
1780
3577
29562
4383
6433
7158
869
740
3748
1376
4019
4489
5406
6280
3837
3044
4202
4369
3042
7907
6457
3927
860
3732
4412
12063
3201
3810
7884
4837
4959
9163
831
926
3885
5672
645
366
6355
3181
3781
6953
510
4608
7488
3662
746
1811
5074
4532
5186
1060
6091
4763
7368
1447
10205
1574
3975
6071
4258
4380
5202
494
6466
669
4497
4212
1121
864
3630
1011
4357
4297
3908
1476
4101
4145
3952
1635
4173
6632
9712
1651
587
464
4018
3334
4737
1734
3367
11463
6702
5393
5135
2396
4570
3841
4673
3808
3137
4263
4851
4394
3701
3673
5361
3605
9911
1448
4876
7743
10193
4633
4198
4485
5395
1809
9399
1515
3867
3429
9029
3860
6152
3315
997
5567
350
3747
7201
342
587
685
3190
4435
6980
3894
3806
618
4000
895
5867
5170
1145
5600
4874
5667
7207
374
1068
1527
3867
1524
1183
337
314
2928
6276
5501
285
261
1479
926
6775
5715
5458
7784
2693
288
814
2990
5375
4561
7040
2993
599
5256
7197
723
3696
4296
4794
556
4363
483
4050
3498
627
485
4925
3537
5889
4970
3889
6837
4628
3692
3838
10114
2889
4001
4666
4547
3973
2944
5297
10708
6929
4064
4199
1307
788
5321
6853
3063
4665
1263
3194
3370
2648
5406
4785
3465
4724
3773
3805
4106
6530
272
537
4163
567
651
464
4521
5309
6645
4720
736
9387
3355
4657
819
559
294
592
5256
3102
4768
245
541
273
260
476
340
4185
274
458
3408
8787
3760
5290
330
321
502
302
347
7480
4556
6348
397
3561
4461
282
7199
483
350
275
3506
3730
4366
519
5952
5836
2940
573
3838
3517
1542
8024
4098
6097
4342
469
301
543
875
5379
3473
276
5283
570
5047
1219
556
10457
494
3529
2314
3437
3276
5682
5353
516
6992
5402
2415
6652
704
378
6680
8756
4794
309
793
6997
775
13764
302
3975
6684
5490
326
579
2584
2588
7632
6482
312
3550
3531
4497
800
9406
304
3229
9082
4952
4484
5016
5937
5187
467
4640
3770
1393
509
3430
4160
462
576
2619
438
5239
3154
3456
7889
4619
721
534
6089
3678
374
3919
990
447
3920
5276
3954
6265
368
3333
3393
662
7540
4683
466
445
4648
423
5944
704
752
1200
1390
4245
325
528
7947
3280
5145
4190
7318
556
3608
3516
578
3020
338
3932
4900
2609
480
509
3113
4067
9169
899
598
3207
509
5790
3933
3464
3661
348
3997
514
457
6759
290
3590
3035
1123
3518
6902
10462
4940
8364
3323
3040
3974
3541
3841
5775
4931
4233
369
9132
5031
4814
564
9296
5303
7117
4708
8794
1210
5554
4068
9163
3250
5243
4351
1339
775
3740
5966
1034
4666
3233
3873
1530
5561
4275
1342
773
801
11932
639
3981
5270
542
4406
887
692
3893
3493
5159
4761
5914
3918
4090
4100
3911
9506
929
6596
3322
4088
6691
1276
3082
4644
3489
6369
3186
1186
4881
3790
6354
8783
4772
702
4206
10820
983
3308
4181
1441
6132
4653
7638
2951
3248
5160
10975
955
1103
3640
5158
3103
764
967
4480
953
4010
3411
2599
800
4268
3559
839
8703
1533
375
3245
8308
1257
4714
2676
4866
2882
3891
902
1229
5360
5079
3074
4373
6300
765
5774
857
4259
2271
1868
7413
3350
3557
3699
5393
3737
1713
530
1245
1922
4644
8746
1081
860
6173
2947
7646
702
1000
712
905
4454
464
437
4917
3563
6694
6296
5410
5712
306
4738
4586
3583
563
5078
3112
623
9055
6919
3913
4887
5770
5417
172
8245
1224
4426
702
4192
264
354
6736
4499
4132
1214
4890
988
453
4840
1042
7493
8405
1713
1425
4681
4186
536
5256
5289
552
4296
748
672
907
339
733
1072
5444
3538
610
728
770
2890
3164
861
8378
5081
10076
8965
3612
4095
473
4082
544
10042
4928
4580
837
4843
759
4804
3279
7279
6285
3907
4992
5735
6634
5169
9187
3041
3547
3564
5493
4234
6883
3253
4255
4518
7544
5499
9211
8728
5348
1117
4265
3798
4100
4889
10643
5672
896
3661
6654
6505
4392
1040
2833
1332
3745
4215
3539
7764
3141
6867
3114
5675
7533
4068
4709
4768
4970
8019
5001
3526
5265
4795
4164
4283
4536
4709
5966
6062
3505
4512
6345
3386
5001
9639
771
7570
4522
7982
439
452
3031
3622
6334
6285
5860
1160
905
3763
3674
1108
1468
6040
2417
3481
4481
6681
1142
5129
5466
4666
800
5365
3397
4092
5022
6673
10125
879
4680
5151
6432
1469
3887
9598
4094
3169
5923
595
12235
3495
4353
2270
5594
4641
4791
12812
4096
479
8500
4296
1356
6004
1306
3401
2254
3901
4454
1119
2560
10422
6150
5658
843
4599
5342
4136
6830
615
713
4854
7056
11119
3886
6014
4911
3875
3491
6929
3590
5825
309
300
328
315
4017
3996
900
3635
4142
3788
6343
1241
7635
568
8495
836
6317
359
7895
649
8894
6938
6203
4021
6590
778
586
1247
3285
2796
7444
5846
5726
3455
930
1640
3678
5798
5999
5088
5200
13038
3856
4541
822
3683
4197
3288
6248
3282
4260
3791
2983
1516
1702
7063
2182
505
950
6136
741
3901
815
3299
3983
3439
753
5290
4119
922
1148
5269
3239
1950
4395
4662
1545
4372
5038
3386
6654
3261
4310
2906
8479
656
21337
4553
4521
579
5177
2981
8480
6192
966
4677
803
4832
4939
951
3383
577
6183
3695
6270
7036
4401
667
6922
8397
10912
783
6117
3418
765
933
5919
5853
736
3096
4709
5498
9945
5201
2531
9050
782
4281
907
4745
3859
6698
4501
4098
1193
3773
5879
508
4024
4704
593
930
8857
929
4589
6063
605
770
515
527
3899
2871
4759
8397
6406
4497
1283
5604
3827
6290
5455
4036
5064
954
817
397
7572
3503
974
4743
5208
5081
5356
1101
576
407
3208
3626
3581
1385
130
3450
460
7652
3027
1114
5093
4961
10801
4609
4381
2810
6182
809
3730
7594
444
3025
7616
7835
2758
439
311
1654
879
4544
912
3346
138
649
5364
6158
4552
4762
1494
7087
929
568
7095
982
642
4400
3860
8675
4072
8766
4870
3625
5309
2520
5429
5119
3839
4226
3373
2609
729
8035
1185
5642
3278
7820
988
3785
3004
4513
510
4968
1940
5945
5805
645
5736
5124
532
4243
541
6886
4098
1777
4272
355
2229
5093
3869
8999
9994
7456
5074
3342
714
4788
5334
5801
2440
2125
3286
9056
5334
3038
3486
436
3881
7183
5517
4662
6183
2989
3693
3870
4701
3802
5375
6094
4616
1195
2351
3551
3648
3802
4786
5089
6176
1045
1459
3653
5396
1572
6986
3343
1151
4648
571
2332
5158
3847
13319
6183
3983
5598
5905
6480
4584
1005
5374
5386
4251
4389
4803
5705
1818
1371
4543
8847
4980
3869
8493
473
3380
3890
5359
669
3579
2758
3701
3588
800
5928
1723
3488
2268
5232
634
5185
750
3279
399
486
3548
1303
2443
4282
6454
874
1089
5206
379
1044
6207
336
1079
7430
2092
3598
343
1032
12148
1309
374
9695
1045
3391
3820
3987
3358
572
1411
3703
4350
4517
4413
7949
6704
1543
1248
644
277
13421
3134
4159
3530
4905
5155
3806
395
4778
5239
2133
423
5420
478
5064
552
762
4882
3564
6001
3743
9157
5188
566
4369
898
758
5061
4652
6596
7296
986
1122
6489
1055
1165
1438
1138
1356
2859
2669
524
1276
9900
866
772
523
277
705
394
878
351
855
6339
516
247
458
1107
608
1138
1358
2886
1169
1051
514
1661
1341
479
899
1718
1996
3952
3445
2914
732
498
2659
5574
3848
3515
5783
4768
2490
4751
460
8123
5474
4133
7666
3356
2897
3426
5576
3067
5810
4699
4821
4268
4424
3976
3152
3784
4372
7094
7278
3746
4661
3989
8328
3978
5242
3760
8949
9629
7998
3288
8548
6271
4941
4230
443
1262
3388
3503
3380
4568
3794
684
664
4435
3092
6344
4977
4384
334
5999
7382
4344
4144
10517
10789
5189
5699
3488
5326
3344
4125
5199
4203
399
3979
3090
319
5859
5282
4714
327
3664
5845
4059
476
5525
2427
4525
4885
4758
2943
8491
3807
7713
586
4892
8363
4649
3676
10257
3215
784
436
734
387
4024
11134
234
463
5922
3875
5303
3586
578
5996
1107
3101
4112
3593
6853
325
2997
8849
4555
1097
9526
4184
579
479
4137
6866
4589
338
383
476
3585
6502
3795
3211
7843
795
4675
2676
3073
852
5450
6023
1202
579
570
2998
4982
3495
3836
568
414
3543
3548
315
5610
4260
276
289
380
337
3783
425
2678
4018
3503
2964
4885
3166
9473
3887
4599
494
11193
9794
9424
7120
6980
3653
8440
9093
3287
3177
4763
575
3854
2733
3405
3986
4794
5752
4232
3553
3975
3240
3976
9414
655
4042
952
6454
4043
858
5382
16054
3466
3447
323
5697
2985
3297
4006
960
3710
3424
7200
4744
4800
5208
4025
3982
6510
7671
2944
625
2847
4073
3489
3393
6669
8361
412
61287
2975
3261
3351
671
1363
2497
1122
1891
1211
4339
5157
3896
4322
4898
2156
4146
21585
4283
2722
2382
6311
3614
3900
3893
2819
8398
4582
2225
3809
3096
4195
3643
3252
3563
4808
4323
5073
5822
2915
3512
4307
2804
4138
6205
3767
4543
3220
3882
8399
5075
5580
4868
6725
2919
2530
7192
5937
3446
3157
4089
3366
3809
3479
3173
4785
4513
2306
3394
1588
3587
3992
4691
6111
4788
3576
4005
1701
2355
3583
4598
3976
6067
5877
9828
9251
3482
2782
361
396
304
5253
399
5447
2376
1590
2517
1691
3743
7315
11646
3382
5451
5015
4033
1636
3255
3010
3641
7084
4235
4468
8623
3332
5363
1822
6393
8878
4120
2942
6814
6318
1783
3476
7342
3358
4598
3834
4283
4499
1153
3945
2351
1698
1051
1402
1716
3740
2377
4773
3805
3543
3997
3250
4225
5818
6395
2838
5613
3099
357
2966
371
3498
5006
3310
4174
691
3312
4666
9550
5648
5997
6062
4851
1228
7163
4081
6392
4678
4402
2566
3991
3929
5262
3296
5206
3246
3589
5130
8847
4745
4545
3287
3679
3547
3564
4919
3557
3454
6243
6189
5618
3251
4746
461
3203
3117
6500
3844
6329
13922
4083
3256
5413
3867
1110
4997
4400
5245
3494
3044
3333
8999
4705
4202
3166
4498
2852
4580
3931
6395
4507
3795
2695
4113
3708
4116
566
3306
2957
3861
9850
540
3487
2337
3166
2828
4186
2929
4117
2845
4095
362
9794
6065
6511
1667
359
5641
5528
5256
5473
788
3502
1226
8797
4258
6776
5861
3929
4293
4655
7869
3350
7894
4679
4901
4476
5375
3467
3613
10875
4019
4307
4183
5647
4864
7276
7818
5434
4399
5631
11017
11919
3390
5130
5346
4308
5500
3660
5366
5655
4301
4774
4974
4449
4622
6894
6230
4809
10289
5082
3563
5474
6437
5229
5755
9120
4178
3289
4600
5504
4644
5338
388
6003
5267
5245
4283
3346
4680
3884
772
4182
861
4149
5007
973
4132
4596
3453
7035
3424
5518
6802
401
4559
5128
744
3138
1029
8263
6093
11448
3742
411
5287
5144
3985
4083
5897
12229
7092
3386
4377
3999
4502
5582
6553
7563
9644
7765
533
571
634
6105
4767
7442
3775
4181
523
4089
14310
7966
3331
3397
2547
2969
6572
4754
4879
596
3551
2749
3388
4960
437
3346
3578
4471
273
3960
507
7885
5665
5289
613
627
4251
3691
3513
4438
3090
3418
3272
975
233
4343
3095
3616
4523
633
5706
5289
4032
477
3597
3710
3886
7446
4891
7293
4726
6745
4614
6007
5187
3390
595
4421
7170
4529
2982
4295
4055
912
3385
916
4077
3728
4708
4493
5347
6701
4864
5459
5015
1107
662
5403
5580
4255
4722
4095
4015
6563
394
5347
6568
5403
414
5414
4243
5307
3939
8420
4780
3691
6112
6485
3014
3389
3337
10219
6333
618
4464
4851
10211
5383
8232
4984
4591
5305
3294
5577
4153
4966
4183
8811
7979
396
446
4349
407
6351
5595
4164
4330
5191
4491
5655
3279
4933
4741
2787
4878
5844
2844
3231
4803
948
3132
7710
6305
5288
3645
3389
5193
5214
4345
4750
5008
605
449
3862
4742
4460
10234
5470
4443
2916
766
4787
8706
3275
443
6475
288
4877
8192
315
3706
4556
5150
389
792
4276
5219
6117
4538
465
808
5492
3994
5122
4788
3993
4433
4581
4156
3399
5939
5774
3652
3077
7008
4597
1505
3840
4491
532
359
758
4502
4822
3905
4780
6792
1223
5108
7107
3837
4033
3648
7488
6280
4899
3092
2897
3596
3486
4865
6367
4941
5146
4792
5103
4846
6101
4704
762
5063
6188
1247
5641
5345
3391
4155
559
1531
4994
3887
5591
1689
4272
4311
5295
4402
3647
2697
5222
5945
5682
766
5294
3481
3650
1998
5185
4090
7161
753
8038
5285
586
3450
3536
5176
5501
1657
3697
3886
1112
3388
3740
3988
5013
3795
3724
5460
4209
3728
4891
5350
3490
4534
3431
5517
623
5090
3554
5781
4175
2330
6239
5820
4768
4933
3900
4786
5452
7448
4044
9150
3092
4708
3178
3455
5801
4466
4213
5845
4914
5599
3700
2934
5277
3937
4559
4654
3201
5201
4060
3333
4348
6195
5787
4234
4154
4628
2951
5778
4383
8367
5017
2796
5063
7807
746
3834
4379
5384
4095
7700
8479
7725
4042
4631
5461
9416
4518
3989
4493
5186
4973
2684
5106
11204
4765
6440
4613
4584
4872
4709
4603
1882
4233
3462
5269
7056
5980
6920
4644
6192
1917
4343
4301
3047
8278
730
838
7648
12629
4864
6059
6436
4404
5315
3461
6396
3927
688
5584
5575
4764
4288
3081
788
900
3625
4536
5545
3967
4498
3341
6047
10611
4518
1188
1061
4113
8939
1742
2808
6213
4320
5555
4615
6127
3108
691
659
595
4914
3466
4787
6561
345
6603
6316
6165
3815
505
721
3538
3997
7301
603
4265
4533
6667
4118
5258
4712
591
340
5558
312
1862
3939
4698
4307
4170
3515
5965
2368
3144
660
560
11251
3774
4794
5308
4616
548
592
5974
279
580
3134
720
490
5342
5841
4429
597
5091
3962
8675
3687
665
4953
671
5202
2335
4792
2506
6360
6551
4874
9322
11437
3997
7242
635
2557
8160
4131
4598
5494
3789
4330
4467
612
4090
7628
9087
3747
12717
5607
12212
4533
5494
7406
5887
889
3964
951
3485
4076
348
5383
1043
792
6985
3683
584
655
3898
691
311
697
3302
7479
460
4020
6363
720
632
669
3942
3611
3547
702
269
5255
5150
4163
4051
284
304
3450
3882
3868
499
3574
758
477
279
3185
285
744
5212
607
602
5632
4975
10397
569
9575
1784
4210
505
13581
3934
4158
5138
4189
18031
7933
3547
970
7882
5680
7158
619
4729
872
3572
7788
3962
4323
644
4549
5164
5178
759
5999
7905
1008
3799
5044
3184
4492
11298
4244
4632
7778
9032
10264
2794
3448
5656
3869
604
3308
6691
3903
3189
6536
13081
4169
3011
1255
3432
4138
4945
13305
14397
6220
6637
5198
5572
4114
3286
5977
3440
9516
3979
9336
4164
5191
2862
7093
10139
9011
3416
4740
4459
5557
4182
2386
4324
4055
7897
4585
5829
5074
5680
6850
3821
3993
1032
5656
3097
5167
9307
5242
7104
3532
3828
9279
4060
5988
7135
8536
7745
1241
3577
4569
7726
10698
4961
3544
4535
1019
7881
4838
1445
4191
6495
821
4548
8827
4213
4258
4077
1308
7622
8211
4467
5871
4243
1658
1172
4469
4711
4376
4603
5022
5666
4141
3956
4503
5179
3869
3850
4865
3351
6324
4341
3782
2664
4496
3880
4701
4769
5905
4768
10225
5241
4101
916
5555
6136
6069
4438
12006
4899
8396
3186
8682
6662
5577
6358
6433
7464
4442
3544
10069
5612
4550
5487
5316
4800
973
5296
2686
4232
3293
4433
4617
3763
10678
6602
4921
6840
3187
8284
4350
12124
3613
5457
3779
3667
11069
4385
6052
5641
4907
8269
5535
5965
3250
6054
11107
4397
10600
3843
5077
5106
3190
5613
4101
5837
4973
5172
3399
5596
3275
12032
4402
4282
12265
6611
5013
3947
4456
4210
4182
4252
4398
4239
4818
4089
3964
5385
8123
5582
5156
6527
4962
4843
2301
5048
3444
3173
5096
6688
3506
8522
2875
5001
5008
7156
3738
2990
4375
4208
4034
3236
5257
5663
2800
3819
6506
4063
7301
4476
4004
4081
3503
5508
6073
6067
4980
3047
4163
5834
5633
4317
5316
5197
5903
6655
3799
5384
3672
3505
4648
4575
4582
4370
4705
5772
4189
2944
7495
3702
4084
3204
5239
3967
8987
4943
4099
4001
3935
4186
4714
6255
10539
2665
3574
4368
4623
3429
5148
4441
3998
3809
6255
5083
8496
7507
5385
2967
4185
8378
2751
4103
6663
4686
3892
7304
7096
2853
8786
4054
2848
2725
8084
4797
4680
11033
11693
5196
4286
4595
5553
6723
4741
3900
4894
546
4024
4036
4871
3027
3682
737
3971
4081
5317
3574
3585
4426
1088
4744
3571
3882
6013
5691
4374
4106
5198
3828
5559
4381
5265
4283
1226
3520
6016
4278
4874
6084
1160
11395
5698
6347
4448
1591
3884
4577
1342
10797
5919
2903
3245
2763
6812
3807
9777
3892
8362
4767
6591
4262
4389
3652
3556
3416
4237
6274
3688
4448
2932
5177
6956
3743
5467
4083
5105
3336
4041
2814
5355
5413
6676
2865
4132
4174
3466
4456
3966
5253
6098
6782
6406
7670
5097
779
7222
3163
5756
3504
4196
5406
5041
4549
3916
8601
6212
3758
832
9611
4295
4631
4190
7057
4236
3897
4379
7100
4968
3255
4793
6606
7867
969
4907
4345
3458
5451
4524
3534
2828
5979
3401
4229
3581
5261
8050
1278
5678
837
694
3287
4767
5668
1448
4082
5332
5238
4023
4234
7747
6612
3317
4708
3482
4785
6622
6897
3999
5616
3830
5117
617
3172
4249
5265
770
3900
4103
3577
7889
5918
5941
3130
852
6271
5261
3214
5364
664
5649
6891
5204
5394
6037
5509
1285
8728
4884
3697
3260
5297
7997
3238
4656
6860
5284
1030
4437
4797
6793
3244
7506
4136
6825
5857
4237
4757
3469
3810
10860
7638
5649
5593
5079
6288
4708
4091
9088
3697
3593
7900
3436
3140
9442
4869
8989
7406
5369
3326
3966
3581
4491
2703
5096
4549
4185
3476
3627
5192
3953
7153
8713
5483
4850
3173
4489
3991
9084
4958
5876
3505
3868
4871
4380
3390
3791
5249
5962
3898
6745
8736
2451
5949
5838
11966
5036
3955
3889
4101
11664
6844
7007
5371
4896
5597
10821
3704
6084
9698
4376
6143
9541
4567
9298
3158
4762
4257
6158
3551
3494
4936
4579
7951
7391
3488
11093
4678
4140
3636
2598
2880
3805
3791
3695
4202
7515
3893
4720
8143
5256
5204
3345
5106
3718
5262
6798
1236
3094
3360
4658
5179
5161
1157
3585
5575
7780
4002
5155
1596
4071
5237
4439
4521
1233
3753
5506
4465
3263
5966
4163
6367
6579
4985
4491
6333
4158
6991
6412
4194
5330
5211
5214
4065
3373
3987
6087
2934
4733
4616
3846
5420
6203
4171
4187
4724
3442
3207
5102
10370
5182
3750
4162
6074
8580
8616
2595
5802
4062
4380
3926
5138
3400
3024
5398
7900
4958
6054
5313
3486
3041
4341
7910
5855
5686
10962
3995
3958
8703
5077
4251
3136
4394
7559
6083
6592
3463
3781
6478
7374
3693
4420
7190
9667
5479
4631
3580
4893
3808
5183
4402
3274
4093
5769
4880
3561
5266
2646
3158
4110
5458
5246
11940
7789
5876
6371
5966
5678
7559
8816
5743
6595
4853
4012
8162
5122
8573
5104
4659
8101
5615
8219
5833
4367
4933
2555
7543
9059
3778
4770
7276
4898
7206
4332
5772
4882
6724
4299
4682
5943
6059
4163
5351
8022
4104
5195
4992
3291
7239
5172
8383
4085
5295
3294
4365
8180
3272
4544
9268
5875
4995
5220
3210
7291
4852
5634
5059
9640
3490
5396
5223
8365
3682
5561
6744
3689
2870
5404
4014
4626
4971
4344
6140
3639
4014
6007
6117
5695
7816
6782
5673
3654
3792
4976
5403
8821
3999
3594
7873
4727
4724
4937
3286
3707
3188
6693
3295
5505
4799
4191
6281
11857
4364
3617
3056
1101
5963
1544
6752
11902
3970
5323
4406
3394
3725
2543
1202
9110
5206
3557
5015
2997
4648
5359
7359
3508
6573
3449
5557
12045
3196
6276
5672
4591
3380
3540
4454
4462
3921
5787
9942
5523
3901
5493
5125
7552
3547
4095
10119
4979
5676
4379
3124
3975
3408
3979
3328
5893
3956
9479
4699
6632
4814
4804
3987
2803
4896
3370
5658
3776
3297
4605
4664
2101
3478
5363
3816
3679
5568
6067
3614
10697
4801
5945
5865
4589
5372
4393
6038
3177
4978
6756
7107
4290
5497
5099
9301
5042
3263
4091
8858
6336
3964
5460
5029
6900
4080
3847
11858
6962
4883
7037
959
5546
4241
4799
4226
5159
6708
10860
3558
4498
6620
6577
5461
3444
8762
4251
8472
6283
5172
4569
9022
4732
5253
5044
4894
6290
4174
2761
3479
4011
4501
3500
6133
5441
5270
2071
3977
9088
6449
8597
7909
3163
4468
3179
8389
930
1230
6842
4861
7195
4254
2998
1949
3283
7756
4748
5711
3182
5793
3251
7403
6688
8395
6068
4135
4026
3737
4455
4469
4854
5313
4274
5511
2995
4291
3526
3967
2974
1185
4398
3218
5500
4934
1053
3804
6664
3027
8408
1705
4146
1206
7540
5045
5138
4480
1027
4013
5936
1214
3906
4168
3449
4745
7836
5298
5523
8390
4761
7115
4354
5489
7425
9548
5012
3888
4509
3881
11665
4118
5565
4344
3999
4883
6832
2739
6655
8170
5154
4955
3806
4595
3359
7435
7506
7688
4996
1784
5719
4955
4176
5593
4100
1730
4793
4984
3690
4768
5594
4164
4866
5450
1302
4185
4787
4549
5376
5848
6072
6025
7387
4378
4445
6972
9151
3973
3699
4497
3905
5581
5299
7393
3167
4618
4135
3683
5300
3462
5236
10411
3371
3547
4592
8875
6623
7972
4618
3462
3962
4659
9491
8227
1877
4281
2265
4051
2996
6146
5443
2044
4099
3884
4611
5522
4923
2301
4199
4500
1791
3067
1848
4048
5132
5284
1374
13973
3603
4666
1843
3662
6218
9169
4855
5198
7299
4800
4655
3853
6958
5875
5256
4387
4184
7687
4479
7607
4682
5785
4005
5473
3439
3899
10866
5546
7289
11302
5228
5395
3186
4682
4569
5819
4792
4135
6088
4135
3389
1815
5872
7019
7587
4391
10935
3342
4596
4369
3699
10495
5092
8080
1227
4139
4249
5597
3201
4424
4943
4121
3279
5911
9123
5852
5003
4142
3455
1297
4796
5411
6493
3693
4265
9423
5042
3276
1480
5198
4086
2986
6357
4539
6676
7456
5693
4154
2766
3861
6698
10145
3448
3561
4693
5024
7080
3802
5285
6367
2213
3369
3096
5175
3724
5401
4407
3869
4745
7619
3485
3711
3811
4554
4768
4707
4663
2946
9597
3725
3567
3266
9717
3025
8621
4201
3473
3879
4326
2729
3809
6728
5043
8562
9199
3171
4260
5144
5495
3776
4565
3971
3517
6766
4444
4604
4719
4107
5156
4581
5590
4453
4317
5926
4318
7071
5496
6235
10118
8993
3592
5990
3571
6931
4590
2467
4631
4491
4152
4394
3287
5571
3245
4055
9381
3720
7019
4257
3619
4797
3242
5223
5541
3552
9732
6479
4557
5386
6836
3167
4400
2954
4165
8763
9656
4228
4365
4727
5001
3966
3993
4756
6200
10581
3918
5974
3751
3477
5364
5468
9092
7389
4181
10006
4045
3163
4353
6282
4488
6684
9066
4292
4491
4264
4444
5958
3752
3240
6065
7246
8567
5270
10017
8165
7676
8100
3965
5278
3390
4882
6228
4932
4394
2169
11533
5081
4947
5161
4045
5074
4637
7564
4996
3699
3956
8338
3252
3593
3788
3332
6624
3518
3935
5887
4712
3741
4706
4384
6599
3471
5915
5556
4998
3676
2647
8439
4861
4225
9000
4087
6645
8565
4710
5627
8311
4303
3635
5555
7291
4740
8227
6959
6914
4724
5247
3508
4143
4021
9290
4314
3429
3943
2782
3267
3559
5481
2901
5021
9183
2587
6572
3114
3188
4694
3315
3779
4089
4793
3075
3795
7061
11788
3977
5668
5700
3012
4323
8153
9046
9605
5174
2968
7283
1234
3543
8530
6229
4395
7080
6351
3961
3113
5013
4731
6071
3873
4856
3261
5294
6917
9101
7003
4995
5930
4732
3714
3576
9005
3788
4766
3672
4402
5203
4304
5503
3296
6176
8561
3914
6228
5753
5067
10516
5552
6300
4776
6093
9376
4756
4409
3706
10902
3969
4925
5794
4163
5157
5076
3156
6139
6320
3239
4888
9385
3693
2730
4601
5233
3091
3431
6775
4063
4531
5652
4187
4148
6024
5860
4631
3786
6193
5379
11980
3499
4503
3618
6790
3652
4671
8679
4054
2972
5301
4398
5900
4033
3738
9092
2674
4475
2980
5289
3757
4637
3608
5176
4176
12176
4058
5882
7522
6469
3384
4410
5250
4870
3606
5756
3525
4367
8344
4145
5931
3102
5266
5252
3298
6401
4254
4091
4169
5617
2988
4989
4351
3778
3331
4810
1236
4576
3482
5521
3940
5608
3959
5109
6318
5164
3315
8466
1068
5214
4614
7931
7219
7304
3796
2988
3862
6590
6679
3983
4366
4109
10309
4567
3318
4232
3679
3853
4468
4511
4749
5856
4408
6050
4698
3702
5036
7900
4086
4389
4478
3964
8722
4980
3860
4193
3917
6761
3561
2993
3163
3763
4256
5794
2858
4796
4108
3986
10861
6605
3563
4689
6749
3498
7949
9291
8087
4723
3694
3845
7314
12480
2532
4100
9576
4749
3590
2927
5442
8113
7706
7231
3695
5227
5707
3599
8490
3963
4257
8801
4284
5045
5598
4885
4778
5495
10595
4613
4659
6445
4493
5497
5114
3632
2279
5182
6380
9162
4173
4554
4438
3912
3824
4571
4480
3004
4153
5861
7867
6937
3422
10197
8143
8100
4319
6059
4661
3270
6567
4400
9666
4391
6545
2761
3287
3191
6191
3744
13788
8914
8191
3097
4544
3928
5117
8907
4777
10961
3142
2489
4923
7157
3189
4090
8418
5177
5601
4846
5034
5594
2772
4299
4250
5228
2991
4998
5036
4069
3803
3950
3348
6395
5310
8496
3887
8497
9075
7065
4648
4224
2098
3895
3742
3446
3885
4230
4117
5274
3363
5976
3272
3445
3649
3788
5268
3092
4562
3672
4666
5444
4625
2939
3441
3803
3486
4690
5244
3652
4797
4659
10294
3092
4391
8135
3984
3514
4358
3570
5964
1106
1473
4448
1215
3973
7393
5469
10109
6287
4203
4848
4693
2991
10159
3599
8443
4507
3570
4187
4767
3382
4003
5610
6877
4797
4801
4621
4641
5796
5278
3635
3504
3757
3506
5489
3660
4691
4137
3678
6176
3072
5578
4221
4990
3560
5807
3855
3249
3504
3038
2974
7055
4064
8983
5449
5638
4708
4456
5558
3531
13206
3134
5334
4396
6435
4189
9077
4767
6729
5397
5133
7780
6092
8738
10319
5434
5456
6975
3625
10181
3903
4506
6566
5088
4609
4000
6174
3809
3557
3670
5983
6137
4224
4679
8353
4336
3979
5588
4957
3053
5255
4156
5057
5016
3863
3612
5753
3469
4678
4693
4338
4681
3582
4132
6299
4534
3796
5719
5071
5648
4770
5589
5899
4970
4974
6176
5326
6356
8093
3270
2702
4210
4690
3200
3617
4158
4051
4438
3288
4456
3398
3381
4842
7011
3088
5671
3788
3371
2415
2853
3685
5091
5090
4696
4348
3754
3288
3277
3810
3485
4125
4192
3903
7779
3167
3821
3555
3952
4154
5501
3788
6855
8440
7669
3353
3664
4584
3109
5711
3765
6844
11072
4802
9620
10442
9583
2967
7893
3785
4532
3191
4549
7953
6275
3963
4707
6469
3849
4283
3316
3778
8564
4088
6221
5640
4700
5839
4629
8150
8819
5202
5605
9645
4802
6234
3599
8899
6595
5197
4981
4379
4511
4270
3709
5872
10683
5124
7239
3227
5408
4765
6191
5575
3414
7980
5949
5491
5488
2972
3208
7083
5464
4169
2697
4885
3204
1601
5128
6678
8685
4188
6335
1162
4877
6991
4262
6157
4427
6492
5489
5261
4563
7609
7727
5141
3396
6741
8580
3974
3859
4745
3632
4083
4476
3567
3241
5479
4120
4479
7034
4485
7014
10421
4434
4592
4707
5150
5358
4925
5874
5748
4317
6975
9641
3797
8695
4899
4055
4373
4430
8103
3063
3960
7773
10247
6622
4796
2847
5614
3034
8570
11032
5209
5261
5989
6398
6509
3800
4745
5426
7492
7754
3390
3349
4005
3432
3542
8658
3786
3495
6001
4073
4514
6131
5163
12502
3873
5008
5451
9180
4211
4696
4881
8807
5797
4280
3899
8313
5146
3963
3532
4592
2860
3320
3938
5763
4835
5589
4055
3436
2893
5315
4713
4742
4117
4849
4384
4570
5246
6134
3711
2703
6428
4839
5612
4486
4757
4572
4894
4609
5073
5419
3775
6023
4673
5074
4514
4362
2654
6787
3284
2665
4190
4283
8719
3863
4072
4950
4803
4922
6544
7172
6539
3801
9601
3329
9066
4331
4358
5179
4395
4647
5254
3803
9200
6423
4131
5959
4092
5144
5519
4611
5110
3210
5232
5898
3160
4533
4820
5556
5574
4800
6904
4067
6036
2411
5969
6326
5856
3861
5167
4440
8310
6962
2862
4436
3422
3097
4555
3156
3855
8088
8488
8230
3529
5357
5537
2707
4804
6362
4881
4094
5328
1593
1489
8045
4565
6413
5195
5083
6058
2893
5006
3619
4682
5088
4244
5963
5450
1175
3992
3408
5830
3490
4353
5602
4285
3984
3475
2639
8340
4107
10257
4296
6870
6980
5012
4580
4596
3755
4072
3843
2977
3501
3157
4296
5196
813
2944
6626
6826
7368
6127
3037
5288
7680
4189
13298
6137
3972
624
491
4769
3410
7343
9676
3964
10173
6613
4540
3538
4202
5004
4280
5514
4585
5144
5274
4266
4655
3189
4596
4056
3904
5758
8737
3819
5243
5052
8010
2998
8045
4134
3254
4743
3798
8347
4694
4501
6839
3222
5441
3498
7490
5883
2943
6102
3925
3643
7691
2621
3243
4896
4452
4414
3818
8683
3877
7920
4666
12271
4295
3204
2449
4581
2973
5143
4346
3671
5640
6415
4944
4199
5481
5953
3772
4347
6707
2930
5269
5162
5301
2958
5126
3947
3967
2828
3601
4190
3824
3915
3501
3780
5077
3047
5211
3377
4597
5586
6088
5760
4113
4436
4785
6311
4725
4621
5727
3376
7885
5240
4008
3866
10766
5919
3725
3652
7225
5046
4501
4689
2666
7957
4229
4651
5617
4822
3658
3352
4008
4191
4670
4745
5226
5578
3886
3917
4430
3602
4956
4237
6165
2599
5703
7732
4204
7549
6893
5623
8415
7597
6167
5271
3416
4690
5661
4569
3401
12098
2785
3187
1474
3453
5290
9104
7384
3901
3692
6103
3669
1220
3961
1541
1177
1066
3369
4156
4373
4787
7238
5164
7168
3170
6547
3657
7986
4426
3467
3556
4088
5998
4504
4179
10756
3370
4296
6783
6088
5738
3894
5350
4454
4356
7142
4783
13872
6415
5784
3954
4185
2687
4324
8954
9720
5598
4676
3407
3933
3746
5473
4427
4602
6872
6414
5395
5118
4444
5136
6299
3182
4108
4600
4812
5323
4735
3827
3233
5027
6773
9262
5974
5682
8413
4665
4877
6600
3777
4364
4991
7733
3555
4191
5438
4004
2990
3879
4894
3746
8703
5492
4567
3438
3781
4092
3915
4047
3612
4391
3216
4490
3812
3245
6342
9408
4360
5635
5026
3757
5110
4206
4628
6428
3992
8935
7837
3789
3968
4104
3774
8381
11233
3571
6335
3543
9698
4054
4698
2813
4403
5878
3916
3568
3830
4091
5192
7749
8740
3939
6449
3185
3583
4195
4461
6282
4020
2974
3664
6170
4297
3828
4460
5246
4945
3465
4707
6003
6552
2967
9554
4314
3582
4044
4903
3966
6989
4201
4349
4048
4730
4003
3376
6098
5060
3367
10439
3583
3110
7055
8196
4467
4075
6169
9262
3911
4173
2264
4327
6835
3987
8582
4456
4442
4577
5307
3029
4713
5339
9218
4644
3948
4695
5491
9942
2941
5584
3992
6667
3879
4944
5451
5587
4152
3558
9047
4436
5206
4171
7992
4050
3962
4065
3697
3435
4543
3429
3827
3366
2581
3069
5082
3781
10687
3368
6089
2428
3478
4833
3268
2890
3869
7502
11103
3310
4605
4730
7166
2877
8227
4758
3649
10931
3817
4460
4393
5868
3838
4345
4715
4889
8740
4654
6675
4482
4716
4097
4226
6047
5522
5187
3968
4175
4088
5298
5178
8301
3110
2451
9421
6080
4423
3118
5674
8796
5045
5651
3774
2895
11105
5027
7069
12006
4299
4211
5946
2426
6541
3842
2864
9105
3491
4733
3688
2549
5587
4916
5264
4017
4139
5059
4182
4613
7647
4786
4675
4852
3438
4453
4396
3772
8815
7870
4292
4154
7041
4471
4952
7460
2962
4926
3906
5462
4070
4928
6477
3943
3399
5018
5050
4816
5462
3344
6589
2709
4603
4571
4691
5644
3906
4813
5032
4952
2807
2194
5451
4110
3622
6774
3735
5495
5688
7823
3899
4505
3308
6762
5036
9442
4192
4097
5281
1424
6724
6670
2789
5262
2826
7869
5932
3673
10102
5132
7915
3185
4039
3915
6075
4075
3690
4337
5527
10598
4929
5052
4348
5367
3444
4914
6062
4742
3716
4305
4174
13247
5344
3492
2946
5391
3392
5170
7840
3861
3745
8718
5082
6671
6953
4797
4668
2701
3699
7787
3696
3942
5195
3389
7368
5057
12054
3960
6799
4960
3784
1332
3168
5201
448
7792
3831
11450
8599
4469
4375
2980
5808
7843
440
7834
4609
6079
2893
5980
4498
4804
3751
3937
275
3185
4802
6213
5182
3487
9443
5145
1283
4281
8345
4198
4949
655
2710
3877
7657
6357
4392
6184
3806
3689
5767
4894
5224
2361
5322
3869
6697
265
7933
6057
3849
786
4961
4797
3042
6543
4861
6973
4978
4659
3896
4131
4914
5220
3292
5369
4655
7592
5877
5364
12251
3628
367
8999
5219
7429
4930
4662
4560
5129
5254
8054
5969
4766
3101
4681
6367
4900
4056
8809
4353
4999
8253
5176
9291
11921
8555
3332
5175
4776
3914
3523
6398
3751
3793
4699
9172
5512
7954
3795
4287
8706
8483
4318
5373
6935
3907
4784
8642
3498
4269
10345
3827
4854
3883
4173
6868
4714
7980
5079
4664
8372
4988
7864
4484
6326
4834
7899
3740
6723
7185
4412
4291
10178
7092
3772
3096
4642
3219
6433
6383
5387
4626
3915
6014
3344
5027
6194
5367
3276
9389
6258
4105
7577
4515
4548
3520
4998
5149
5896
5599
3018
2952
6218
4582
5496
4348
4177
8610
5669
9783
5200
4082
3876
4539
4260
4285
9466
3991
4154
4565
4485
5750
4516
5109
4073
4178
4897
3744
4800
3481
5813
4488
3827
6367
5504
2972
8861
7718
3481
4956
4549
4377
8194
5591
4814
3558
3897
5681
7618
4497
6084
10865
8980
5947
5018
8298
4350
4842
3989
4903
3817
5497
4163
5207
4228
4335
3762
10139
5703
9267
3595
4376
4901
4248
3362
6138
3299
5241
4704
3707
3876
5095
6039
4228
3251
3809
10589
4641
11608
3555
4534
3423
3272
5260
3793
10110
3389
5162
4717
4411
3955
3342
6494
5211
7187
4226
6837
4809
3289
8557
6139
4887
4879
4952
4100
8593
5980
3480
3446
2746
5278
4264
5567
4608
6335
5586
3992
5093
6571
6284
3667
4894
7460
3671
6497
3780
4227
3942
6535
4395
3653
8082
5679
5532
7485
4177
3591
11202
5395
2836
3334
1162
5667
4000
4548
3658
6410
4324
3445
4410
7291
4540
3182
3802
3683
4700
8443
5627
4433
3726
3481
3341
3777
4823
3730
5238
4989
8573
4462
3903
5566
4063
5140
3609
2491
3786
3771
5698
5555
3972
3333
5113
3804
9159
3758
3943
10320
3595
5048
3446
4867
4253
5865
2812
4398
4544
6119
3741
2915
2964
5765
4614
3635
4154
8918
6508
4495
5989
4684
14064
3582
4290
6860
4373
6680
3295
4453
2857
3864
9067
2729
4938
3032
4976
5966
3937
2490
5765
3728
3806
3099
5429
3215
3332
6827
8973
5547
9176
6298
4820
5097
4060
4535
4851
4179
3715
4779
8290
3535
4653
6591
4151
4353
4104
4433
8690
5022
3859
5032
7056
6184
4654
3438
6400
4394
3776
5924
4089
4099
4573
4078
4264
5698
3685
3607
4054
3394
3895
9285
7553
6410
4443
4220
3951
4549
4557
2638
2948
4874
5857
3579
5553
3373
3289
4721
5605
6867
4647
3497
4489
3731
4384
5192
5020
6350
5576
2435
3351
4906
5591
5686
5440
5485
6891
4559
5616
4108
4078
6117
8410
5038
3275
3368
6246
4300
5022
4587
8181
3095
7970
4175
3295
4493
3099
7704
5354
4196
6077
5226
5665
3713
4441
3665
3938
5136
3791
4595
3941
4052
4234
3430
5374
5565
6797
7995
5873
4499
4019
4908
5939
2836
3488
4768
4211
3970
3923
3568
3454
5095
2970
3677
4937
4049
3698
5825
4269
4637
3024
5321
4245
3451
4880
8626
2972
6504
4013
4573
4113
4249
1228
4257
3560
5629
6405
8536
13974
5418
4653
5577
6544
4905
5305
4848
3267
4615
3641
5170
4371
4716
5907
4049
4928
2689
8004
6326
4317
4695
4224
3572
3586
2838
4095
4183
4807
3841
4568
3719
3932
4592
5648
4137
5712
5130
4305
4400
6941
3769
3976
3745
4109
4943
4769
4587
10709
5880
3641
3930
6932
5288
3735
6197
3922
3902
11483
4590
3599
3723
6688
3595
11366
6538
7450
2983
3401
4037
3848
4955
4187
3250
5171
3802
11380
7305
4677
3894
8570
4658
9787
5453
3396
5013
10004
3434
7537
8572
7840
2727
5403
3370
3973
6518
8182
3578
4902
5111
6005
4188
4695
3180
3979
3967
6135
6050
4392
3177
6261
5408
3893
6282
3752
3873
9839
4686
4487
3792
6929
4979
4263
5313
6254
3520
5841
4703
5407
3596
3555
5609
5645
9053
5458
9314
3075
8343
3894
6503
8934
10750
4289
6601
3396
7905
4601
8400
6559
4000
9758
4867
2670
3640
5090
7371
4955
5982
8187
5472
4492
3296
5034
3539
10753
3743
5232
4486
6486
7461
4382
3962
8709
7624
4055
5940
1283
1007
1269
4944
4599
4665
3601
7836
1151
3202
5462
7503
4587
4641
5005
8811
4471
5986
4686
8628
2940
7587
4238
4389
3537
3121
5328
6445
10407
8053
5426
4807
4907
3854
4485
5654
4008
4311
5101
4164
3134
3329
3060
8294
5082
4791
3006
4297
9890
4420
4874
10259
6616
10702
5842
4969
4443
4667
5861
4304
4108
11707
8356
3538
3563
4764
3698
6589
3185
3436
3093
6074
7489
4259
3490
4258
4155
4802
4393
4636
6798
3100
6555
3291
5756
7095
2965
3359
3054
6497
4832
6501
8558
3249
4061
3498
1704
6001
4231
6437
4445
4258
6440
5364
3629
6451
5708
5372
4981
6732
3592
3794
4058
3769
3271
3652
2614
3508
3883
6886
8337
4513
4546
3586
8117
4673
8682
5394
5316
4086
3932
4575
6178
9892
3496
3323
3835
4950
10527
5800
5277
8202
5687
3806
2135
4398
6750
6139
3700
6507
3962
2847
2982
4938
7131
7264
3999
2789
2592
3197
5533
6292
9416
4415
4590
3330
5074
4659
4838
6986
5067
5085
3627
3988
6813
5068
2984
3935
6523
6772
5633
6622
4673
5961
5784
6424
5791
4338
4203
3095
3341
5471
8259
6154
3544
8772
2939
2909
4791
8585
8157
3600
4859
4215
3531
5942
4189
7796
6589
6573
2676
9360
3786
1128
6764
3987
5405
4682
10307
4076
1370
2810
4231
9421
1531
4717
3455
4796
9074
4476
3378
8785
9266
2193
6631
3662
7217
5992
4637
4882
9528
2591
4576
5176
5375
8091
3351
7636
4969
5534
4786
6619
3859
10134
5943
6267
4745
5011
4495
3401
2750
3876
4102
9827
5120
4841
3741
4494
6957
4007
7932
7416
13077
6797
4141
9634
3028
8913
3914
3378
6630
2119
4896
4494
13411
8884
5034
5415
12811
3759
4356
7939
9678
4422
8568
5678
3902
3729
10490
6177
4818
6335
7949
3655
11203
3269
4859
3049
5979
7013
4762
8538
12912
6868
11739
4090
8766
3758
9807
3811
5822
375
10735
2668
6751
8779
4496
4736
3399
5002
6937
5494
5517
8561
3569
5289
3852
7657
3899
4127
4300
3540
3487
5388
8026
4469
1035
3555
4133
5191
2051
7034
7790
5723
4239
3937
4231
7991
8062
6124
4061
4152
6112
5504
4093
5794
3762
7373
10740
5264
4256
4301
4166
5077
3595
7834
3872
10355
5147
5352
4584
5546
3214
6497
4499
4458
3451
5005
5334
4165
2711
3654
7997
7683
4524
3942
5635
3389
6008
6054
4495
3276
12076
2999
4850
10181
4560
3786
2448
4238
11834
3977
11350
3762
3653
4171
3722
8352
6082
3527
3229
5203
7703
5100
5521
5801
4307
7928
9734
2599
9422
4265
5161
4243
4483
3284
5098
4307
6238
3198
7176
7051
5839
4034
5549
4080
4371
8053
9012
3448
7687
5065
4878
3702
4560
8137
3737
3925
4491
4433
4733
5178
3678
2331
4002
5540
9001
6189
5780
4690
4378
8962
4585
4486
4491
4540
6488
5167
7049
5949
7190
5998
7417
6893
4143
3683
4862
3675
8123
5785
5138
6440
7988
4264
5212
6630
5713
3749
7049
8427
5195
7759
4646
5864
4487
4148
7895
3738
8291
5109
8920
4136
6156
4833
5863
4461
7005
6280
3377
4654
9036
6136
4997
3404
4825
4161
8650
3870
5804
12067
3950
7834
4459
5108
6614
3924
8000
3170
6538
5484
9031
7940
3437
3950
12309
5372
5889
5797
3269
6156
3864
8994
4740
3970
5495
7068
5135
4940
8782
5263
8936
7492
3851
5460
2928
5060
4884
3933
5224
5098
7776
2991
4637
8344
4369
4175
5273
1336
1235
1203
4195
5869
3269
5237
4125
8282
6096
2678
3998
4053
3118
5370
4555
4592
3061
5444
4227
5465
4109
3034
4035
4063
6384
4903
5763
6396
3098
3287
3709
3853
4596
4113
5649
2947
3968
10548
9727
9837
4547
7436
4144
6037
3313
3523
5979
10166
8654
6090
3515
8894
5078
13430
5753
6291
6999
5915
7702
4355
10298
11436
4183
7871
3970
4932
7711
4237
3894
8074
4409
5036
5695
7266
3827
7774
3340
5805
3484
2938
3497
5485
4016
6357
4145
4611
5856
6541
4276
4274
7962
3700
3186
3550
12253
5785
3583
2975
4704
12175
5419
5684
5692
3439
3822
5894
4993
5304
4743
4260
4730
9891
8408
3273
9209
3135
5978
3349
3432
4851
4946
5056
3785
12766
6002
5171
7969
5635
4891
4883
4271
3097
4151
3979
7054
4988
3872
10113
5965
4089
4973
7802
4143
3686
5887
4359
5881
4564
4503
7608
6405
5752
4989
4580
8223
5270
7679
4978
4363
4752
5333
3469
5281
3964
6515
8485
8328
4664
9823
7771
3296
5801
5627
4691
4503
4373
3230
3693
4292
4741
6396
3626
5732
4774
5742
4794
4728
3854
3829
5126
6957
4539
4190
4959
3721
9895
5173
2994
3681
4097
5586
4863
7772
3146
5695
5402
3591
7295
3983
6026
8674
3387
9739
6684
8633
11421
4799
4579
4677
3757
6182
4961
3532
7185
3596
4003
5644
6035
4944
4675
4483
5628
6314
3830
5778
8755
3767
6054
4246
6419
3918
3561
4365
598
7770
3660
1189
2077
1130
6512
4798
5053
3492
1185
6683
3824
3771
6505
5411
6483
4099
3541
5901
3068
5570
3395
6361
3424
7973
5176
4261
4175
4899
3813
7140
4411
3876
7631
3779
2864
2889
5970
5252
4360
3352
5394
4898
6308
4679
4932
9836
3747
9502
8024
8069
5314
3907
5496
3154
3865
5336
14663
4112
7088
4896
3899
5228
5902
7222
3770
855
6350
4440
5049
5598
3999
5096
5206
9166
5597
5133
8141
5817
4718
3914
6648
4039
8440
4212
7767
7246
4986
5182
9076
4250
4437
7349
3388
3821
6481
3904
8475
3104
4801
8755
5929
5043
5603
3679
4005
5665
1505
3336
3027
11044
8733
8357
4178
5446
5802
6525
5697
6292
1444
4418
1182
4429
7388
4454
5497
4260
3180
4832
7238
11737
9336
4414
3340
3778
9536
7576
4557
4908
3803
4981
4033
3783
4981
4659
3343
7337
3757
5563
8415
3845
4000
4592
610
5502
5588
5693
6346
5289
749
3869
6687
4953
3790
3083
3607
5068
2263
6038
3249
5420
5822
3298
5777
5814
3929
5434
5422
3753
5466
4985
2839
14247
6353
6115
5283
4553
4850
4153
8107
7546
4245
3836
5089
6339
6515
3778
5333
7717
4697
4063
4072
3943
5532
7649
2443
6475
5186
3811
8038
4126
1438
4055
2617
3656
6638
2525
6782
10033
4338
3951
4483
4479
6426
4790
4247
10749
1141
3867
4829
5131
3586
4426
10097
3161
5185
396
4565
8033
3875
3464
5032
10305
826
4832
9266
946
10751
9355
5724
5886
8236
10607
4182
3586
925
3484
897
3300
6290
7860
3413
4772
6701
4779
586
928
7970
7585
4245
4689
3375
742
4316
914
1009
3464
8546
9021
4671
4181
992
970
7993
6733
5403
983
4854
5320
3401
2471
4208
965
3588
7838
5756
4188
4856
3276
5095
4602
4308
5191
997
6201
10455
5946
10189
958
6349
6294
4275
10171
4146
4937
7020
4221
8039
4989
4079
5355
4442
3937
4330
9710
5262
4188
966
4940
4203
5069
4591
3144
3433
987
5084
4096
4284
1208
1108
1512
1419
2809
4335
10606
4293
5197
4859
7550
4883
1023
4580
8296
4385
8821
3998
5394
4193
4641
720
8200
5259
4844
3950
4495
6436
1001
3799
688
4393
5112
4602
6610
6877
3788
3768
5608
643
4937
3075
3450
5902
3687
4179
3330
4658
6891
4972
5294
3814
3891
9628
4237
4956
1014
5212
8058
3860
12663
5391
7379
4322
6181
2899
4420
1038
5401
5477
8143
4230
3896
5166
4452
293
3492
4659
6999
8262
6844
4959
336
4991
2686
5259
2187
4559
3492
960
7868
3273
4655
999
5268
3481
3776
3949
5243
3287
1016
4411
4176
3277
8812
996
7233
3901
9214
3572
4692
1024
4495
4044
4366
4590
7627
3369
4253
7346
5267
4493
5308
4672
4077
7749
3385
5409
3305
3932
4382
4289
3467
4728
5420
5064
3743
8151
9681
8931
3083
4216
27159
4900
6680
3308
3952
5856
4363
4277
9354
4053
4138
745
4092
1661
1464
5185
4417
4413
1981
3158
2594
4596
4841
4381
445
3255
2964
7432
4113
1818
15549
4021
4653
1982
3442
7987
5893
3703
5051
3592
3292
7577
4766
4324
3058
7197
4184
3191
7670
8115
3815
5887
3745
5259
3964
2012
1160
6339
4530
5994
2488
7021
5260
4108
2925
8252
3759
3998
4331
3180
6281
3583
7087
4695
4377
3554
3751
5150
4144
3381
3661
6322
4599
3405
7406
3714
3242
4625
5035
3558
3085
3795
2167
3902
5207
3940
4833
2478
3540
2303
3577
7714
4123
5518
5261
5196
5289
3325
3260
3469
7226
4039
5392
3344
3529
4783
2960
4838
4422
3613
4042
5254
4048
4672
3841
3886
4149
3238
4318
4706
4081
1441
9173
3365
5021
4376
3312
7901
6011
3653
3207
4706
3395
5981
7026
11715
4081
5465
3597
7026
2827
3992
7875
4340
4464
5087
3518
4083
3846
4427
2972
7639
2800
6318
9061
5599
3944
7073
5926
3633
8893
5383
2688
4822
4160
5144
6729
5049
7417
5145
8312
4842
3831
9190
3386
4510
3700
4233
4260
4952
4284
5397
10305
5769
3636
8935
5470
4379
7507
4810
4902
4359
4508
2711
4187
5164
2877
5789
3277
4237
3150
7516
5997
3368
4332
4561
10401
4944
5848
5816
7005
5674
3355
4314
6135
5841
7859
5012
3569
6426
3380
6400
3551
5692
6748
6897
9963
7617
1492
3116
4709
3609
1120
3460
4136
4678
4899
4096
2284
4305
3642
3951
3488
5975
6875
5752
4388
614
5757
6180
5650
3846
6097
6403
4444
1123
4475
4086
5568
4347
1478
4316
6050
1230
1143
4656
3939
3392
4343
5869
2288
4437
5396
5092
3254
4136
7542
4512
1556
6508
1314
6933
3091
1511
7220
6383
4170
3658
5483
4040
9939
3003
2587
8357
3295
4702
8157
9562
4987
4387
6350
4050
2691
8583
3590
3995
1315
7272
3983
4288
5753
3539
6799
5700
3462
2771
5862
6606
5501
2783
4075
7186
3549
5903
2666
15456
6014
7335
4786
4112
3990
4074
2609
7253
4192
3205
4421
2478
5066
5957
736
3847
6457
4852
4456
5653
5534
2951
4981
3060
3690
3789
749
1328
2230
4036
5982
3905
5605
4015
3594
5742
4391
5373
3999
4605
4143
4549
1071
6156
5069
4574
4607
3906
3972
2264
5453
6120
3869
4646
7491
712
5738
10407
4793
4219
3970
5756
4272
10702
5881
3551
3909
4239
7980
9996
2702
3632
5786
8297
5463
5572
2688
7487
651
4445
4916
8177
3652
6011
3395
12881
4140
3853
4435
3501
5240
5885
5206
5680
2278
4173
4080
3370
4287
3072
701
3932
4542
5634
9772
4107
4558
3619
7179
3686
3940
3746
5012
12490
4621
3941
9053
5911
744
3228
4503
5058
4273
3396
3601
1616
6005
4627
3763
8001
4287
609
2960
3618
5292
5223
3160
3864
4167
5227
9231
5203
6477
4695
4848
4270
3361
4581
4132
3328
4857
4591
702
5705
6105
3734
6612
5305
4491
2978
3283
3712
4596
3805
4256
4532
5840
6499
4662
3171
7393
4094
3909
3458
4596
4382
4498
7581
8352
2903
3351
4077
3590
3204
3858
5997
7863
3213
8860
4641
5285
4896
5493
3647
4054
3264
6388
2526
3821
6170
1234
1002
5810
1599
1352
6242
4737
4570
3969
5546
5199
4823
5634
5081
4091
5658
3247
9574
3923
5595
2323
4014
8604
4022
5110
4488
6581
10492
3935
5207
5265
2602
7204
4528
8860
4173
4090
3168
5177
3953
4902
5061
4294
6224
11044
11690
10740
4572
4394
9269
6897
4671
5510
2959
3040
9246
3995
1609
3385
6041
5942
4456
4050
4661
1734
5183
5494
5203
6943
3613
312
3277
4178
4702
3369
3424
10563
3278
8696
398
4398
4663
2974
3058
4071
3774
4168
6142
4362
4337
9088
4720
4681
4018
2438
18842
6270
2975
5110
2594
526
7595
5152
333
4338
5002
1630
9536
4880
6062
272
3095
7427
4696
281
5342
335
7574
1923
5592
7519
3273
4520
276
474
6898
6053
3404
4369
2044
8070
4889
3444
8029
3662
10033
4119
8685
3958
4668
4071
6105
4770
2157
4268
4655
1569
5140
942
1622
3881
4249
6334
8048
8574
1931
3988
1473
4506
5589
813
1517
4465
4078
5202
3786
839
8899
3987
6778
4925
3877
1451
2868
6967
3945
2977
7706
5516
5059
2960
3267
3856
8770
4820
5464
4056
3969
3776
4441
3492
5278
3145
8130
2659
5272
5758
5228
5393
3551
4573
4466
5165
4279
3869
4678
4489
4385
3856
4095
3340
3778
5187
3996
3644
1179
4314
7690
8581
1735
4404
4078
2022
1302
2930
3036
4359
2491
5943
1968
4047
6513
4667
1927
6078
4484
4354
4477
7485
5557
5588
6307
5367
4131
3622
5279
4274
3752
1399
3315
1213
6327
4281
1423
5974
1302
8807
1879
4061
4952
4183
2609
4268
6366
4285
4178
4449
6227
3432
5287
4125
4567
1623
3652
3469
7288
6237
5735
824
3969
6049
4679
5692
770
1431
3087
2836
5278
5354
3329
3387
5091
3675
5246
3583
3767
2662
5176
5987
11990
3786
5653
11026
10182
6533
3797
2974
5139
10049
2660
7755
3591
4767
4749
8341
4076
10420
3018
5018
4124
3592
6590
6093
4637
6341
5279
3891
4882
3931
3754
4561
10365
5355
5698
10307
3054
3549
3989
3804
2837
4186
6873
4201
7960
7304
4052
4792
3733
4570
9708
3036
3164
4274
5459
1084
4625
9693
4298
5235
4945
3660
1355
4168
12140
5191
1071
5002
11498
9784
2830
7395
1034
4251
6521
3441
4053
4846
3936
3070
7932
3178
7298
11064
4775
5966
3033
4889
5531
3388
9534
3479
3397
3174
6540
5576
3656
7106
4367
4712
8490
3514
5977
3737
4687
1737
4948
4274
2511
8679
7053
6112
3081
3649
5777
4019
4759
7378
13409
5317
8323
7962
4578
4887
4186
4192
3497
4873
5459
10674
3809
3841
3967
5199
3640
4497
8113
3810
6296
12723
3779
6555
9289
5166
6246
4155
4477
12407
4239
6012
4079
7399
3237
8875
3700
2886
4051
9744
4790
3962
10790
4260
4017
5077
5457
6405
3224
4425
4291
4643
2251
613
4052
6836
12679
4988
8000
2586
1368
1875
4761
6539
4522
4254
4212
4565
934
7794
4923
4604
8461
5189
3396
4281
8464
397
12088
3453
4289
4144
4402
4302
4150
2874
3328
360
7622
7004
3791
4956
4768
3199
509
3034
6420
3838
1365
4390
3972
5095
7076
5396
7900
3385
3587
3633
4604
463
5162
7730
4401
2994
5193
4205
3946
4501
5684
3995
6596
5890
947
648
5188
5141
3402
4693
5238
332
4568
3581
3271
11386
7805
1434
4045
6865
5539
1117
4492
4400
4298
4319
3391
4288
4872
352
5008
4674
7594
2863
4818
5163
303
3708
4199
1851
4186
8006
3179
3790
5111
618
5253
3253
321
3198
685
5192
4526
3963
659
4193
572
727
301
5256
3092
3347
4421
2584
3575
7100
6935
3519
5585
3771
5578
4400
4643
5434
13168
4099
4865
4374
5042
10472
5647
7640
15667
5362
5621
4291
9222
6713
4355
750
5020
3761
3997
8297
1214
4266
4785
6291
3984
717
788
4943
8250
4983
5891
6323
7158
3655
893
854
5887
5428
5196
829
1379
4511
3999
6057
4999
960
1247
2027
8136
715
4806
5883
3726
9136
6923
6330
2764
6672
5146
946
5032
4329
3805
3473
7395
10530
3646
4343
2625
9299
5443
1475
5771
4164
4924
6685
5390
3151
3703
9265
8629
6302
3656
11523
4341
3934
5144
6494
4080
4477
3623
5760
4731
4700
3561
1573
4759
4695
4479
5288
4080
5278
5851
4416
4660
4641
4454
1641
4366
5121
6068
3671
6598
4209
4381
5651
4650
2729
1170
3666
3927
5993
3986
1215
5833
1469
4456
5162
3679
4868
6829
5298
1341
1283
4086
7209
1057
5068
3437
4045
5032
7697
15986
2433
1465
3814
4454
1278
1287
11011
7554
4860
3173
7395
3061
4535
3960
10428
6306
4145
4076
1863
5405
3964
3896
1169
8519
8598
4652
3554
10956
5941
4549
4579
3965
6006
3040
4574
6356
4415
6548
6916
12150
2100
6261
4602
4189
3733
4065
4383
4943
695
6929
684
3550
12345
2260
1838
5888
3584
5662
544
4336
574
3240
5984
6889
353
1357
3741
3574
4200
9924
4195
5695
3777
5151
3330
986
5192
4070
3931
6194
3196
6284
6951
3153
5655
3247
6603
4933
13992
5195
10502
4042
5165
5843
9195
3540
4446
3775
8002
9604
4635
9131
3069
3139
3310
2512
5063
5532
3609
2841
3891
3730
7782
3910
5498
4269
3045
4465
7543
9092
3242
9388
9619
5845
7685
1516
5305
5594
9987
4655
3974
4225
5945
5274
4488
5515
4557
4574
6303
7682
6364
3303
1156
4489
1105
4445
4891
1298
5793
1304
5098
4788
4274
4715
3597
8718
5602
7643
5804
3313
10653
9565
2675
6363
3271
3428
4444
3757
3829
6013
4291
4126
10998
4896
4412
4436
4259
5141
3718
7653
7299
6989
4769
4738
3775
5083
11469
3664
4364
5366
5299
4011
8481
4774
4814
6285
793
5281
8137
3815
5481
8540
4151
7849
5251
4150
5603
8898
5185
4272
5500
4592
4884
5178
9108
4598
6440
4065
3650
11923
4052
773
6899
2992
4972
4107
1109
6712
3672
5052
4383
3393
6871
3556
3646
8621
4150
5396
3548
5200
4527
7930
6061
3512
10076
2793
7366
6278
3401
6598
4099
713
5440
3706
4836
3834
1237
3660
3541
4746
7057
7736
5983
4300
5866
5291
5726
3768
3424
4908
4082
1993
12411
6101
5630
5305
4237
4809
9860
6552
4039
516
6085
3155
467
4694
4039
4303
804
4690
4442
755
2943
6788
10571
419
951
4603
7988
5508
9173
8697
3682
2039
4135
4259
685
7408
4254
3358
4584
4886
4374
4057
5673
3987
3151
2834
4210
9060
4984
4522
3156
5387
8362
5949
4293
957
4817
8072
5552
3459
5679
6273
413
7694
4994
4768
994
4629
407
5886
5836
10705
5905
912
636
3825
5902
1258
4833
3963
1503
4317
2811
763
472
3802
3433
4350
781
4108
1891
391
4119
594
3098
2979
426
4291
2759
3289
9136
