130.0
149.97475811468973
169.9046096755869
189.78955468269154
209.62959313600365
229.42472503552324
249.17495038125026
268.88026917318473
288.54068141132666
308.1561870956761
327.726786226233
347.2524788029973
366.73326482596906
386.1691442951483
405.5601172105351
424.9061835721293
444.20734337993093
463.46359663394
482.67494333415664
501.84138348058065
520.9629170732121
540.0395441120511
559.0712645970975
578.0580785283514
596.9999859058128
615.8969867294816
634.7490809993578
653.5562687154415
672.3185498777328
691.0359244862316
709.7083925409377
728.3359540418513
746.9186089889724
765.456357382301
783.949199221837
802.3971345075804
820.8001632395315
839.1582854176899
857.4715010420557
875.739810112629
893.9632126294098
912.141708592398
930.2752980015938
948.3639808569969
966.4077571586075
984.4066269064258
1002.3605901004513
1020.2696467406843
1038.1337968271248
1055.9530403597728
1073.7273773386282
1091.4568077636911
1109.1413316349613
1126.7809489524393
1144.3756597161246
1161.925463926017
1179.4303615821173
1196.8903526844247
1214.3054372329398
1231.675615227662
1249.000886668592
1266.2812515557296
1283.5167098890743
1300.7072616686266
1317.8529068943865
1334.9536455663538
1352.0094776845285
1369.0204032489107
1385.9864222595002
1402.9075347162973
1419.7837406193019
1436.6150399685139
1453.4014327639334
1470.1429190055603
1486.8394986933947
1503.4911718274366
1520.097938407686
1536.6597984341427
1553.1767519068069
1569.6487988256786
1586.075939190758
1602.4581730020443
1618.7955002595386
1635.0879209632403
1651.335435113149
1667.5380427092657
1683.6957437515898
1699.808538240121
1715.87642617486
1731.8994075558062
1747.8774823829601
1763.8106506563213
1779.69891237589
1795.5422675416662
1811.34071615365
1827.094258211841
1842.8028937162396
1858.4666226668455
1874.085445063659
1889.6593609066801
1905.1883701959084
1920.6724729313444
1936.1116691129878
1951.5059587408384
1966.8553418148967
1982.1598183351628
1997.419388301636
2012.6340517143162
2027.8038085732044
2042.9286588783002
2058.008602629603
2073.043639827114
2088.033770470832
2102.9789945607577
2117.879312096891
2132.7347230792316
2147.545227507779
2162.310825382535
2177.031516703498
2191.707301470668
2206.3381796840463
2220.9241513436314
2235.465216449424
2249.9613750014246
2264.412626999632
2278.818972444047
2293.1804113346698
2307.4969436715
2321.7685694545376
2335.9952886837827
2350.1771013592347
2364.314007480895
2378.406007048762
2392.4531000628367
2406.4552865231194
2420.412566429609
2434.324939782306
2448.1924065812113
2462.014966826323
2475.7926205176427
2489.52536765517
2503.2132082389044
2516.8561422688463
2530.454169744996
2544.0072906673527
2557.515505035917
2570.978812850689
2584.3972141116683
2597.7707088188554
2611.0992969722492
2624.382978571851
2637.6217536176605
2650.815622109677
2663.9645840479006
2677.0686394323325
2690.1277882629715
2703.142030539818
2716.111366262872
2729.035795432133
2741.915318047602
2754.7499341092785
2767.5396436171623
2780.2844465712533
2792.984342971552
2805.639332818058
2818.2494161107716
2830.814592849693
2843.3348630348214
2855.810226666157
2868.240683743701
2880.6262342674518
2892.9668782374097
2905.262615653576
2917.513446515949
2929.7193708245304
2941.880388579318
2953.9964997803136
2966.067704427517
2978.0940025209275
2990.0753940605455
3002.011879046371
3013.903457478404
3025.7501293566447
3037.5518946810926
3049.308753451748
3061.0207056686104
3072.6877513316813
3084.309890440959
3095.887122996444
3107.419448998137
3118.906868446037
3130.349381340144
3141.74698768046
3153.099687466982
3164.407480699712
3175.6703673786496
3186.888347503794
3198.0614210751464
3209.189588092707
3220.272848556474
3231.311202466449
3242.304649822631
3253.2531906250206
3264.156824873618
3275.015552568422
3285.8293737094345
3296.5982882966537
3307.322296330081
3318.001397809716
3328.635592735557
3339.2248811076065
3349.7692629258636
3360.2687381903274
3370.7233069009994
3381.132969057879
3391.497724660965
3401.8175737102592
3412.092516205761
3422.3225521474697
3432.507681535387
3442.6479043695103
3452.7432206498415
3462.79363037638
3472.799133549126
3482.75973016808
3492.6754202332404
3502.5462037446096
3512.3720807021855
3522.153051105969
3531.8891149559595
3541.580272252158
3551.2265229945638
3560.8278671831767
3570.384304817999
3579.8958358990267
3589.3624604262623
3598.784178399705
3608.1609898193556
3617.4928946852133
3626.779892997279
3636.021984755552
3645.219169960033
3654.371448610721
3663.4788207076163
3672.541286250719
3681.5588452400293
3690.531497675547
3699.459243557272
3708.342082885206
3717.1800156593454
3725.973041879693
3734.7211615462484
3743.424374659011
3752.0826812179803
3760.6960812231578
3769.264574674544
3777.788161572136
3786.2668419159354
3794.7006157059427
3803.0894829421577
3811.43344362458
3819.732497753209
3827.9866453280474
3836.195886349092
3844.360220816344
3852.4796487298036
3860.55417008947
3868.5837848953443
3876.5684931474266
3884.5082948457166
3892.4031899902134
3900.253178580918
3908.0582606178295
3915.8184361009485
3923.533705030275
3931.20406740581
3938.829523227552
3946.410072495501
3953.9457152096575
3961.436451370021
3968.882280976593
3976.2832040293715
3983.6392205283582
3990.9503304735526
3998.2165338649543
4005.4378307025627
4012.614220986379
4019.7457047164025
4026.8322818926335
4033.8739525150722
4040.8707165837195
4047.8225740985727
4054.729525059634
4061.5915694669025
4068.408707320378
4075.1809386200616
4081.9082633659523
4088.590681558052
4095.2281931963576
4101.820798280871
4108.368496811591
4114.871288788519
4121.329174211655
4127.742153080999
4134.110225396549
4140.433391158307
4146.711650366273
4152.945003020446
4159.133449120826
4165.276988667414
4171.3756216602105
4177.429348099213
4183.438167984424
4189.402081315842
4195.321088093467
4201.195188317299
4207.024381987339
4212.808669103587
4218.548049666043
4224.242523674706
4229.892091129575
4235.496752030653
4241.056506377938
4246.57135417143
4252.04129541113
4257.466330097039
4262.846458229153
4268.181679807475
4273.471994832005
4278.717403302742
4283.917905219687
4289.073500582839
4294.184189392199
4299.249971647766
4304.27084734954
4309.246816497522
4314.177879091712
4319.064035132109
4323.905284618713
4328.701627551525
4333.453063930545
4338.159593755771
4342.821217027205
4347.437933744847
4352.009743908697
4356.536647518753
4361.018644575018
4365.455735077489
4369.847919026168
4374.195196421055
4378.497567262149
4382.75503154945
4386.967589282958
4391.135240462676
4395.2579850885995
4399.335823160731
4403.36875467907
4407.356779643616
4411.299898054369
4415.198109911331
4419.0514152145
4422.859813963876
4426.623306159459
4430.34189180125
4434.015570889248
4437.644343423454
4441.228209403867
4444.767168830489
4448.2612217033175
4451.710368022354
4455.1146077875965
4458.473940999047
4461.788367656705
4465.05788776057
4468.282501310645
4471.462208306924
4474.597008749412
4477.686902638108
4480.731889973011
4483.731970754121
4486.687144981439
4489.5974126549645
4492.462773774698
4495.283228340639
4498.058776352786
4500.78941781114
4503.475152715704
4506.115981066473
4508.711902863451
4511.262918106637
4513.769026796029
4515.2864717257735
4516.2302289316285
4517.720083953561
4518.646524513437
4519.090248789048
4520.108789627554
4521.017913541451
4522.452588747756
4522.899177432786
4523.344396015673
4524.751481314165
4525.625971936103
4526.713257656953
4527.0054673267805
4527.862641302741
4529.214546785605
4530.054404115586
4530.5324894615505
4531.378719690635
4532.201260374638
4533.497986041874
4534.303210079897
4534.356872846577
4535.57234583932
4536.360253231365
4537.601799082976
4538.186407812033
4538.372389829039
4539.586345772836
4540.339619872921
4541.525985908903
4542.0210943579195
4542.261943363012
4543.4207194911805
4544.1393602993085
4545.270546519662
4545.8609324842355
4545.971870681813
4547.075466994354
4547.759474510525
4548.835480915253
4549.502171785444
4549.70592219098
4550.55058828236
4551.199962506571
4552.220789095672
4552.852846673904
4553.556063478156
4553.846083355192
4554.460824287447
4555.426471060921
4556.023895347196
4556.961952212856
4557.41135634576
4557.542059853153
4558.452526811001
4559.015317805317
4559.898194855351
4560.44366920369
4561.271800793795
4561.29895634591
4561.827114048268
4562.654811282674
4563.165652339056
4563.965759665646
4564.459284076049
4565.137396822259
4565.231801494828
4565.7080092592505
4566.452936770216
4566.911827888658
4567.629165491812
4568.070739964276
4568.760487659614
4569.008144431153
4569.1847454861
4569.846903273626
4570.2538444541315
4570.888412333842
4571.278036868371
4571.885014840268
4572.257322728816
4572.836710792902
4572.8840436204755
4573.19170203547
4573.74350019174
4574.081174788331
4574.605383036789
4574.9257409874
4575.422359328043
4575.7254006326775
4576.1944290655065
4576.48015372416
4576.765094390229
4576.921592249177
4577.190000261851
4577.603848879054
4577.854940245748
4578.241198955139
4578.474973675856
4578.833642477431
4579.050100552168
4579.381179445932
4579.58032087469
4579.883809860638
4580.06563464342
4580.341533721555
4580.506041858355
4580.651296740412
4580.754351028676
4580.9015425194975
4581.122261782005
4581.252136626848
4581.445265981543
4581.557824180405
4581.723363627287
4581.818605180172
4581.95655471924
4582.034479626146
4582.144839257399
4582.205447518326
4582.288217241768
4582.331508856715
4582.386688672342
4582.412663641308
4582.440253549123
4582.448911872113
4584.542650671025
4588.439156182067
4592.3408132735385
4596.24762194544
4600.159582197771
4604.076694030531
4607.998957443722
4611.926372437342
4615.858939011392
4619.796657165872
4623.739526900781
4627.6875482161195
4631.640721111888
4635.5990455880865
4639.562521644714
4643.531149281772
4647.504928499259
4651.4838592971755
4655.4679416755225
4659.457175634298
4663.451561173504
4667.45109829314
4671.455786993205
4675.4656272737
4679.480619134625
4683.500762575979
4687.526057597763
4691.556504199976
4695.5921023826195
4699.632852145693
4703.6787534891955
4707.729806413127
4711.786010917489
4715.847367002281
4719.913874667502
4723.985533913154
4728.062344739234
4732.144307145744
4736.231421132684
4740.323686700054
4744.421103847853
4748.523672576082
4752.63139288474
4756.744264773829
4760.8622882433465
4764.985463293295
4769.113789923672
4773.247268134479
4777.385897925716
4781.529679297382
4785.678612249478
4789.832696782003
4793.991932894959
4798.156320588344
4802.325859862159
4806.500550716403
4810.680393151077
4814.865387166181
4819.055532761715
4823.250829937678
4827.45127869407
4831.656879030893
4835.867630948145
4840.083534445826
4844.3045895239375
4848.530796182479
4852.76215442145
4856.99866424085
4861.24032564068
4865.48713862094
4869.73910318163
4873.996219322749
4878.258487044297
4882.525906346276
4886.798477228684
4891.076199691522
4895.3590737347895
4899.647099358486
4903.940276562613
4908.23860534717
4912.542085712156
4916.850717657571
4921.164501183417
4925.753697894603
4930.353397901129
4934.963601203032
4939.584307800314
4944.215517692972
4948.857230881009
4953.509447364422
4958.172167143214
4962.845390217383
4967.52911658693
4972.223346251855
4976.928079212157
4981.643315467837
4986.369055018895
4991.10529786533
4995.8520440071425
5000.609293444333
5005.377046176901
5010.1553022048465
5014.94406152817
5019.743324146872
5024.55309006095
5029.373359270407
5034.20413177524
5039.0454075754515
5043.897186671042
5048.759469062008
5053.632254748353
5058.5155437300755
5063.409336007175
5068.313631579653
5073.228430447507
5078.153732610741
5083.089538069351
5088.035846823339
5092.992658872705
5097.959974217449
5102.93779285757
5107.926114793068
5112.924940023945
5117.934268550199
5122.9541003718305
5127.984435488839
5133.025273901227
5138.076615608991
5143.138460612134
5148.210808910654
5153.293660504551
5158.387015393826
5163.490873578479
5168.60523505851
5173.730099833918
5178.865467904704
5184.011339270867
5189.167713932408
5194.334591889327
5199.5119731416235
5204.6998576892975
5209.898245532349
5215.107136670778
5220.326531104585
5225.55642883377
5230.796829858333
5236.0477341782735
5241.30914179359
5246.581052704285
5251.8634669103585
5257.156384411808
5262.459805208638
5267.773729300843
5273.098156688427
5278.433087371388
5283.778521349726
5289.134458623443
5294.500899192537
5299.877843057009
5305.2652902168575
5310.6632406720855
5316.07169442269
5321.490651468672
5326.920111810033
5332.36007544677
5337.810542378885
5343.271512606378
5348.7429861292485
5354.224962947497
5359.717443061123
5365.220426470127
5370.7339131745075
5376.257903174266
5381.792396469403
5387.337393059916
5392.892892945809
5398.458896127078
5404.035402603725
5409.62241237575
5415.2199254431525
5420.827941805932
5426.44646146409
5432.075484417625
5438.231436776228
5444.408118689765
5450.605530158276
5456.823671181763
5463.062541760222
5469.322141893659
5475.602471582069
5481.903530825453
5488.225319623812
5494.567837977147
5500.931085885455
5507.3150633487385
5513.719770366996
5520.1452069402285
5526.591373068437
5533.058268751618
5539.545893989775
5546.054248782905
5552.583333131012
5559.133147034093
5565.703690492148
5572.294963505178
5578.906966073183
5585.539698196162
5592.193159874116
5598.867351107045
5605.562271894948
5612.277922237826
5619.014302135678
5625.7714115885055
5632.5492505963075
5639.347819159084
5646.167117276836
5653.007144949561
5659.867902177261
5666.749388959937
5673.651605297587
5680.5745511902105
5687.51822663781
5694.482631640385
5701.467766197933
5708.473630310456
5715.500223977953
5722.547547200426
5729.615599977874
5736.704382310296
5743.813894197691
5750.944135640063
5758.095106637409
5765.26680718973
5773.1040988009845
5780.987408653969
5788.9167367483715
5796.892083084187
5804.913447661425
5812.980830480077
5821.094231540144
5829.253650841631
5837.459088384532
5845.710544168853
5854.008018194589
5862.351510461742
5870.74102097031
5879.176549720294
5887.658096711701
5896.185661944521
5904.759245418754
5913.378847134407
5922.044467091477
5930.7561052899655
5939.513761729868
5948.317436411189
5957.167129333924
5966.062840498076
5975.004569903651
5983.992317550636
5993.026083439039
6002.10586756886
6011.231669940098
6020.403490552753
6029.621329406824
6038.885186502312
6048.195061839215
6057.550955417535
6066.952867237276
6076.400797298429
6085.894745601001
6095.434712144988
6105.020696930393
6114.6526999572125
6124.330721225455
6134.054760735111
6143.82481848618
6153.640894478669
6163.502988712575
6173.411101187898
6183.365231904638
6193.365380862793
6203.411548062364
6213.503733503352
6224.399164669456
6235.370309272239
6246.417167311869
6257.5397387883495
6268.738023701677
6280.012022051855
6291.361733838879
6302.787159062751
6314.28829772348
6325.865149821049
6337.517715355476
6349.245994326742
6361.04998673487
6372.9296925798335
6384.8851118616585
6396.916244580323
6409.0230907358455
6421.205650328207
6433.463923357427
6445.79790982349
6458.207609726407
6470.693023066167
6483.254149842785
6495.890990056243
6508.603543706551
6521.391810793713
6534.255791317719
6547.195485278578
6560.210892676285
6573.302013510842
6586.468847782246
6599.7113954905035
6613.029656635605
6626.42363121756
6639.893319236358
6653.438720692011
6667.05983558451
6680.756663913864
6694.529205680061
6708.377460883112
6722.301429523006
6736.301111599747
6750.376507113346
6764.527616063784
6778.754438451084
6793.0569742752195
6807.435223536217
6821.889186234053
6836.418862368748
6851.024251940282
6868.901123241609
6886.979032226125
6905.257978894268
6923.737963246036
6942.418985281416
6961.301045000408
6980.384142403011
6999.668277489254
7019.15345025908
7038.839660712547
7058.726908849596
7078.8151946703
7099.104518174587
7119.594879362514
7140.2862782340235
7161.178714789188
7182.2721890279645
7203.566700950323
7225.062250556322
7246.758837845904
7268.656462819141
7290.7551254759455
7313.05482581642
7335.555563840462
7358.2573395481595
7381.160152939439
7404.26400401436
7427.568892772877
7451.07481921502
7474.781783340761
7498.689785150156
7522.79882464312
7547.108901819738
7571.620016679939
7596.3321692237805
7621.245359451248
7646.3595873622835
7671.674852956974
7697.191156235247
7722.908497197175
7748.826875842686
7774.946292171822
7801.266746184556
7827.78823788093
7854.510767260901
7881.434334324513
7908.558939071707
7935.884581502542
7963.411261616973
7991.1389794150455
8034.722069873591
8079.120093506994
8124.3330503133475
8170.360940292769
8217.203763445024
8264.861519770348
8313.334209268563
8362.621831939847
8412.724387784081
8463.641876801266
8515.37429899146
8567.921654354606
8621.283942890761
8675.461164599867
8730.453319481981
8786.260407537047
8842.882428765064
8900.31938316609
8958.571270740125
9017.638091487112
9077.519845407049
9138.216532499937
9199.728152765892
9262.054706204799
9325.196192816657
9374.316086833103
9423.109642806841
9471.57686074046
9519.717740633845
9567.53228248714
9615.02048630017
9662.182352073141
9709.017879805848
9755.527069498465
9801.709921150818
9847.56643476308
9893.09661033511
9938.300447867048
9983.177947358723
10027.729108810308
10071.95393222163
10115.852417592861
10159.424564923887
10202.670374214766
10245.589845465525
10288.182978675992
10330.449773846398
10372.39023097654
10414.004350066592
10455.29213111641
10560.524785689777
10670.375041577965
10784.84289877722
10903.92835728731
11027.631417109631
11155.952078241855
11288.890340685844
11426.446204441134
11568.619669507258
11715.410735884681
11866.81940357294
12022.845672572963
12183.48954288382
12348.751014505979
12518.63008743897
12693.126761683263
12872.24103723839
13055.972914105281
13244.322392283473
13437.2894717725
13634.87415257236
13837.07643468352
14043.89631810598
14255.333802839741
14471.388888884336
15522.262657728046
16641.615649558604
17829.44786434993
19085.75930210948
20410.549962826073
21803.819846514612
23265.568953160197
24795.797282777727
26394.504835363477
28061.69161091
29797.35760942474
31601.502830900252
33474.127275351435
35415.23094275594
37424.813833124936
39502.875946469605
41649.417282767594
43864.437842048705
46147.937624275684
48499.916629485786
50920.37485764921
53409.3123087734
55966.72898288071
58592.624879933894
61286.9999999702
