1.0
1.1002142244460178
1.2009802559182126
1.3022980944165838
1.404167739941132
1.506589192491857
1.609562452068759
1.7130875186718377
1.817164392301093
1.9217930729565254
2.026973560638134
2.13270585534592
2.2389899570798826
2.3458258658400215
2.453213581626338
2.561153104438831
2.6696444342775
2.7786875711423464
2.8882825150333695
2.9984292659505694
3.109127823893946
3.2203781888634992
3.3321803608592298
3.444534339881137
3.5574401259292205
3.6708977190034813
3.784907119103919
3.8994683262305334
4.014581340383325
4.130246161562293
4.246462789767438
4.36323122499876
4.480551467256258
4.598423516539933
4.716847372849784
4.835823036185814
4.955350506548019
5.075429783936402
5.19606086835096
5.317243759791697
5.438978458258609
5.561264963751699
5.684103276270966
5.807493395816408
5.931435322388028
6.055929055985825
6.180974596609799
6.306571944259948
6.432721098936275
6.559422060638779
6.686674829367459
6.814479405122316
6.942835787903348
7.071743977710559
7.2012039745439465
7.331215778403511
7.4617793892892506
7.592894807201168
7.7245620321392625
7.856781064103533
7.989551903093981
8.122874549110605
8.256749002153407
8.391175262222385
8.52615332931754
8.661683203438871
8.797764884586378
8.934398372760064
9.071583667959926
9.209320770185965
9.34760967943818
9.486450395716574
9.625842919021142
9.765787249351888
9.906283386708811
10.04733133109191
10.188931082501185
10.33108264093664
10.473786006398269
10.617041178886076
10.760848158400059
10.905206944940218
11.050117538506557
11.19557993909907
11.34159414671776
11.488160161362627
11.63527798303367
11.782947611730892
11.93116904745429
12.079942290203865
12.229267339979614
12.379144196781542
12.529572860609647
12.68055333146393
12.832085609344386
12.984169694251023
13.136805586183835
13.289993285142822
13.443732791127989
13.598024104139332
13.752867224176853
13.90826215124055
14.064208885330423
14.220707426446477
14.377757774588703
14.535359929757108
14.693513891951689
14.852219661172446
15.011477237419381
15.171286620692495
15.331647810991782
15.492560808317247
15.654025612668889
15.816042224046708
15.978610642450704
16.141730867880877
16.305402900337228
16.469626739819752
16.634402386328453
16.799729839863335
16.965609100424395
17.132040168011628
17.299023042625034
17.46655772426462
17.634644212930386
17.803282508622324
17.972472611340443
18.14221452108474
18.31250823785521
18.483353761651856
18.65475109247468
18.82670023032368
18.99920117519886
19.172253927100215
19.345858486027744
19.520014851981454
19.694723024961338
19.869983004967402
20.04579479199964
20.222158386058055
20.399073787142648
20.576540995253417
20.754560010390364
20.933130832553488
21.112253461742785
21.29192789795826
21.472154141199916
21.652932191467745
21.83426204876175
22.016143713081934
22.198577184428295
22.381562462800833
22.565099548199544
22.749188440624437
22.933829140075506
23.11902164655275
23.30476596005617
23.491062080585767
23.67791000814154
23.865309742723493
24.053261284331622
24.24176463296593
24.43081978862641
24.62042675131307
24.810585521025903
25.001296097764914
25.192558481530106
25.38437267232147
25.57673867013901
25.76965647498273
25.963126086852625
26.157147505748704
26.351720731670948
26.546845764619377
26.74252260459398
26.93875125159476
27.135531705621716
27.33286396667485
27.53074803475416
27.729183909859646
27.928171591991312
28.127711081149155
28.32780237733317
28.52844548054337
28.729640390779736
28.931387108042287
29.133685632331012
29.33653596364591
29.53993810198699
29.743892047354244
29.948397799747678
30.15345535916729
30.359064725613074
30.565225899085036
30.771938879583175
30.97920366710749
31.187020261657977
31.39538866323464
31.604308871837485
31.813780887466503
32.023804710121695
32.23438033980307
32.445507776510624
32.65718702024434
32.86941807100425
33.08220092879033
33.29553559360258
33.509422065441015
33.72386034430563
33.93885043019641
34.15439232311338
34.370486023056515
34.58713153002583
34.80432884402132
35.02207796504299
35.240378893090835
35.459231628164865
35.678636170265065
35.89859251939144
36.11910067554399
36.34016063872272
36.56177240892763
36.78393598615872
37.00665137041598
37.229918561699414
37.45373756000903
37.678108365344826
37.90303097770679
38.12850539709493
38.35453162350926
38.58110965694976
38.80823949741643
39.03592114490928
39.26415459942831
39.49293986097352
39.7222769295449
39.95216580514246
40.18260648776619
40.41359897741611
40.64514327409219
40.87723937779446
41.109887288522906
41.34308700627753
41.57683853105832
41.8111418628653
42.045997001698446
42.28140394755777
42.51736270044327
42.75387326035495
42.990935627292814
43.22854980125685
43.46671578224706
43.705433570263445
43.94470316530601
44.18452456737475
44.42489777646966
44.66582279259076
44.907299615738026
45.14932824591148
45.3919086831111
45.6350409273369
45.87872497858888
46.12296083686704
46.36774850217137
46.61308797450188
46.858979253858564
47.105422340241425
47.35241723365046
47.59996393408568
47.84806244154707
48.09671275603464
48.34591487754839
48.59566880608831
48.845974541654414
49.096832084246685
49.34824143386514
49.60020259050977
49.85271555418058
50.10578032487756
50.35939690260072
50.613565287350056
50.86828547912557
51.123557477927264
51.37938128375512
51.635756896609166
51.892684316489394
52.15016354339579
52.40819457732836
52.66677741828711
52.92591206627205
53.18559852128315
53.44583678332043
53.70662685238389
53.96796872847352
54.22986241158934
54.49230790173132
54.75530519889949
55.01885430309383
55.28295521431435
55.54760793256105
55.812812457833914
56.07856879013296
56.34487692945819
56.61173687580959
56.87914862918717
57.14711218959093
57.41562755702086
57.68469473147697
57.954313712959255
58.22448450146772
58.49520709700236
58.76648149956317
59.038307709150175
59.31068572576334
59.58361554940268
59.85709718006821
60.13113061775991
60.40571586247779
60.680852914221845
60.956541772992075
61.232782438788476
61.50957491161107
61.78691919145983
62.06481527833476
62.34326317223588
62.62226287316317
62.90181438111664
63.181917696096285
63.4625728181021
63.74377974713411
64.02553848319228
64.30784902627663
64.59071137638716
64.87412553352387
65.15809149768675
65.44260926887581
65.72767884709104
66.01330023233245
66.29947342460005
66.58619842389382
66.87347523021376
67.16130384355988
67.44968426393217
67.73861649133065
68.02810052575529
68.31813636720614
68.60872401568312
68.89986347118631
69.19155473371566
69.48379780327119
69.77659267985291
70.0699393634608
70.36383785409487
70.6582881517551
70.95329025644152
71.24884416815411
71.54494988689288
71.84160741265784
72.13881674544896
72.43657788526626
72.73489083210974
73.0337555859794
73.33317214687523
73.63314051479723
73.93366068974542
74.23473267171978
74.53635646072033
74.83853205674704
75.14125945979993
75.444538669879
75.74836968698423
76.05275251111566
76.35768714227326
76.66317358045704
76.96921182566699
77.27580187790312
77.58294373716544
77.89063740345392
78.19888287676858
78.5076801571094
78.81702924447643
79.12693013886961
79.43738284028899
79.74838734873452
80.05994366420624
80.37205178670413
80.68471171622822
80.99792345277847
81.3116869963549
81.6260023469575
81.94086950458629
82.25628846924124
82.57225924092238
82.88878181962968
83.20585620536318
83.52348239812284
83.8416603979087
84.1603902047207
84.4796718185589
84.79950523942327
85.11989046731382
85.44082750223055
85.76231634417346
86.08435699314253
86.40694944913778
86.73009371215923
87.05378978220682
87.37803765928061
87.70283734338058
88.02818883450672
88.35409213265903
88.68054723783753
89.00755415004221
89.33511286927305
89.66322339553008
89.99188572881327
90.32109986912265
90.65086581645821
90.98118357081994
91.31205313220784
91.64347450062192
91.97544767606219
92.30797265852863
92.64104944802125
92.97467804454004
93.308858448085
93.64359065865614
93.97887467625347
94.31471050087697
94.65109813252664
94.9880375712025
95.32552881690452
95.66357186963273
96.00216672938711
96.34131339616768
96.68101186997441
97.02126215080733
97.36206423866642
97.70341813355168
98.04532383546312
98.38778134440074
98.73079066036453
99.0743517833545
99.41846471337067
99.763129450413
100.10834599448148
100.45411434557617
100.80043450369703
101.14730646884406
101.49473024101728
101.84270582021666
102.19123320644223
102.54031239969396
102.88994339997188
103.24012620727598
103.59086082160626
103.9421472429627
104.29398547134531
104.64637550675411
104.99931734918911
105.35281099865026
105.7068564551376
106.06145371865111
106.41660278919079
106.77230366675664
107.12855635134869
107.48536084296691
107.84271714161129
108.20062524728186
108.55908515997862
108.91809687970152
109.27766040645062
109.63777574022592
109.99844288102736
110.359661828855
110.7214325837088
111.08375514558878
111.44662951449494
111.81005569042728
112.1740336733858
112.53856346337048
112.90364506038135
113.2692784644184
113.63546367548162
114.00220069357101
114.3694895186866
114.73733015082834
115.10572258999628
115.47466683619038
115.84416288941065
116.21421074965711
116.58481041692974
116.95596189122857
117.32766517255354
117.69992026090472
118.07272715628207
118.44608585868558
118.81999636811528
119.19445868457115
119.5694728080532
119.94503873856142
120.37699707310729
120.80995215967576
121.24390399826653
121.6788525888796
122.11479793151493
122.55174002617257
122.98967887285248
123.4286144715547
123.86854682227916
124.30947592502595
124.75140177979502
125.19432438658636
125.6382437454
126.08315985623592
126.52907271909415
126.97598233397461
127.42388870087741
127.87279181980249
128.32269169074982
128.77358831371947
129.2254816887114
129.67837181572565
130.13225869476213
130.58714232582093
131.04302270890201
131.49989984400537
131.957773731131
132.41664437027896
132.8765117614492
133.33737590464165
133.7992367998565
134.26209444709355
134.72594884635294
135.1907999976346
135.65664790093854
136.12349255626475
136.5913339636133
137.06017212298406
137.53000703437715
138.00083869779257
138.47266711323022
138.94549228069013
139.41931420017238
139.8941328716769
140.3699482952037
140.84676047075283
141.32456939832423
141.80337507791785
142.28317750953386
142.76397669317208
143.24577262883264
143.72856531651541
144.21235475622052
144.6971409479479
145.1829238916976
145.66970358746954
146.1574800352638
146.64625323508034
147.13602318691915
147.6267898907803
148.1185533466637
148.6113135545694
149.1050705144973
149.5998242264476
150.0955746904201
150.59232190641495
151.09006587443207
151.58880659447146
152.0885440665332
152.58927829061713
153.0910092667234
153.59373699485195
154.09746147500277
154.60218270717593
155.10790069137136
155.61461542758906
156.12232691582903
156.6310351560913
157.14074014837587
157.65144189268267
158.1631403890118
158.6758356373632
159.18952763773694
159.7042163901329
160.21990189455119
160.73658415099175
161.25426315945464
161.77293891993975
162.29261143244716
162.81328069697688
163.33494671352886
163.85760948210316
164.38126900269972
164.9059252753186
165.43157829995974
165.95822807662316
166.48587460530888
167.0145178860169
167.54415791874717
168.07479470349975
168.7103450894075
169.34894998672632
169.9906093954562
170.63532331559713
171.28309174714911
171.93391469011226
172.58779214448623
173.24472411027148
173.90471058746766
174.5677515760749
175.2338470760933
175.90299708752264
176.57520161036314
177.25046064461458
177.92877419027718
178.61014224735072
179.29456481583554
179.9820418957312
180.672573487038
181.36615958975585
182.06280020388476
182.76249532942472
183.46524496637574
184.1710491147378
184.87990777451103
185.5918209456952
186.30678862829052
187.02481082229667
187.7458875277141
188.47001874454247
189.19720447278212
189.92744471243248
190.6607394634941
191.3970887259668
192.13649249985053
192.8789507851452
193.62446358185116
194.37303088996794
195.124652709496
195.87932904043487
196.63705988278502
197.397845236546
198.16168510171826
198.92857947830146
199.6985283662957
200.471531765701
201.24758967651758
202.02670209874498
202.80886903238343
203.59409047743293
204.3823664338937
205.1736969017653
205.96808188104808
206.76552137174178
207.56601537384665
208.36956388736257
209.17616691228943
209.98582444862757
210.79853649637664
211.61430305553688
212.43312412610794
213.25499970809028
214.07992980148344
214.907914406288
215.73895352250338
216.5730471501298
217.4101952891673
218.25039793961594
219.09365510147563
219.93996677474627
220.78933295942807
221.64175365552092
222.49722886302482
223.35575858193965
224.21734281226566
225.08198155400282
225.94967480715093
226.82042257171008
227.69422484768018
228.57108163506155
229.45099293385385
230.33395874405733
231.21997906567174
232.1090538986973
233.00118324313382
233.8963670989815
234.7946054662401
235.6958983449099
236.6002457349906
237.5076476364826
238.41810404938542
239.3316149736994
240.24818040942444
241.16780035656052
242.09047481510754
243.01620378506584
243.94498726643508
244.87682525921548
245.81171776340682
246.7496647790091
247.63221053119167
248.51665325469145
249.4029929495067
250.29122961563735
251.18136325308336
252.07339386184486
252.96732144192185
253.86314599331422
254.76086751602196
255.6604860100452
256.56200147538385
257.465413912038
258.3707233200075
259.27792969929243
260.18703304989276
261.0980333718087
262.0109306650399
262.9257249295865
263.8424161654486
264.7610043726262
265.68148955111917
266.6038717009275
267.5281508220513
268.4543269144907
269.38239997824536
270.31237001331544
271.24423701970096
272.1780009974019
273.1136619464184
274.0512198667502
274.99067475839746
275.93202662136014
276.87527545563836
277.8204212612319
278.7674640381409
279.7164037863652
280.6672405059053
281.6199741967605
282.57460485893114
283.5311324924173
284.48955709721895
285.449878673336
286.4120972207684
287.3762127395162
288.3422252295795
289.3101346909583
290.2799411236524
291.25164452766205
292.225244902987
293.2007422496276
294.2646027039034
295.3337509583564
296.40818701299963
297.48791086783353
298.5729225228574
299.6632219780713
300.7588092334752
301.8596842890695
302.965847144854
304.0772978008288
305.19403625699374
306.3160625133487
307.4433765698941
308.5759784266297
309.7138680835558
310.8570455406716
312.00551079797833
313.1592638554748
314.3183047131613
315.4826333710382
316.65224982910513
317.8271540873625
319.00734614581006
320.19282600444785
321.38359366327586
322.57964912229386
323.7809923815023
324.98762344090073
326.1995423004896
327.41674896026893
328.639243420238
329.86702568039755
331.10009574074707
332.3384536012868
333.58209926201744
334.8310327229376
336.08525398404845
337.34476304534905
338.60955990684033
339.87964456852137
341.1550170303931
342.435677292455
343.7216253547065
345.01286121714884
346.30938487978096
347.61119634260376
348.9182956056163
350.23068266881955
351.54835753221255
352.8713201957962
354.4751480132827
356.09507058599957
357.73108791395316
359.3831999971453
361.0514068355742
362.73570842924164
364.4361047781467
366.15259588228673
367.8851817416671
369.6338623562833
371.398637726139
373.1795078512296
374.9764727315596
376.7895323671255
378.61868675792994
380.4639359039729
382.32527980525083
384.2027184617682
386.0962518735214
388.00588004051406
389.93160296274255
391.8734206402096
393.83133307291337
395.8053402608557
397.79544220403477
399.8016389024524
401.82393035610676
403.86231656499785
405.9167975291275
407.9873732484939
410.07404372309884
412.1768089529396
414.29566893801893
416.430623678335
418.5816731738896
420.74881742468006
422.93205643070996
425.1313901919775
427.3468187084818
429.57834198022465
431.8259600072024
434.08967278941964
436.3694803268736
438.6653826195661
440.97737966749355
443.30547147066136
445.6496580290659
448.0099393427072
450.386315411587
452.7787862357027
455.1063365633481
457.4468045776093
459.80019027841445
462.1664936657662
464.5457147396637
466.93785350010694
469.342909947095
471.7608840806297
474.1917759007101
476.6355854073363
479.0923126005082
481.56195748022583
484.0445200464892
486.5400002992983
489.04839823865404
491.5697138645537
494.103947177
496.65109817599114
499.2111668615298
501.7841532336133
504.37005729224165
506.96887903741845
509.58061846913824
512.2052755874047
514.8428503922169
517.4933428835748
520.1567530614793
522.8330809259278
525.5223264769238
528.2244897144637
530.9395706385512
533.6675692491835
536.4084855463616
539.1623195300854
541.9290712003558
544.708740557171
547.5013276005311
550.3068323304387
553.1252547468912
555.9565948498903
558.8008526394333
561.6580281155238
564.5281212781592
567.4111321273404
570.3070606630672
573.2159068853407
576.137670794159
579.0723523895231
582.0199516714338
584.9804686400312
590.4566461683135
596.043888162465
601.7421946225222
607.5515655484633
613.4720009402954
619.5035007980186
625.6460651216257
631.8996939111312
638.2643871665132
644.7401448878009
651.3269670749651
658.0248537280277
664.8338048469668
671.7538204318116
678.784900482533
685.9270449991527
693.1802539816563
700.5445274300582
708.0198653443513
715.6062677245209
723.3037345705889
731.1122658825407
739.0318616603909
747.0625219041249
755.2042466140556
763.3474905579278
771.5933724114075
779.9418921744946
788.3930498471964
796.9468454295056
805.6032789214223
814.3623503229464
823.2240596340707
832.188406854817
841.2553919851707
850.4250150251391
859.6972759747077
869.072174833891
878.5497116026818
888.1298862810872
897.8126988690929
907.5981493667059
917.4862377739337
927.4769640907762
937.5703283172188
947.7663304532762
958.0649704989482
968.4662484542205
978.9701643191074
989.5767180925468
1004.966069340735
1020.8180707727442
1037.1327223884873
1053.9100241880515
1071.1499761713785
1088.8525783384684
1107.0178306893504
1125.645733223937
1144.7362859423738
1164.2894888445735
1184.3053419304779
1204.7838452002325
1225.7249986537208
1247.1288022910012
1268.9952561120735
1291.3243601168506
1314.1161143054487
1337.3705186777806
1361.0875732339337
1385.2672779739078
1409.9096328975284
1435.0146380049991
1460.5822932962037
1486.6125987712294
1513.1055544316769
2340.969512555748
3230.904455654323
4182.9103837274015
5196.987296778709
6273.135194800794
7411.354077801108
8611.643945775926
9874.004798728973
11198.436636656523
12584.939459554851
14033.513267427683
15544.158060275018
17116.873838096857
18751.6606008932
20448.51834866777
22207.447081416845
24028.446799140424
25911.51750183478
27856.659189507365
29863.87186215073
31933.15551977232
34064.51016236842
36257.93578994274
38513.432402487844
