580
82
1906
1
30
103
1
38
155
63
34
52
83
632
212
231
66
109
85
451
372
17
13
189
34
142
361
965
111
3
156
15
147
105
202
95
108
27
223
293
293
8
120
207
76
294
16
29
482
35
109
66
25
84
21
108
141
1239
50
11
105
29
60
169
56
91
15
23
23
1
143
240
208
8
8
23
63
283
597
447
203
2952
789
1
90
438
368
62
194
793
72
101
155
2947
8
109
6
8
55
78
302
584
145
51
258
216
98
106
4
26
106
21
61
108
176
229
1
119
71
248
115
5
4
1388
21
3
50
309
69
112
110
140
10552
27
73
47
34
384
930
29
92
172
56
12
8
52
21
162
1343
29
51
162
735
55
468
67
139
2
84
49
192
189
1
16
2
54
147
359
150
40
22
1
93
184
7
8
252
332
18
173
146
49
68
50
403
50
167
252
62
220
5
23
114
154
95
516
107
267
75
74
14
205
34
27
50
230
159
131
115
151
9
144
109
195
354
21
47
81
24
18
102
181
263
6111
38
716
8
197
102
119
97
38
233
67
67
97
14
77
3
12
38
317
30
85
1
183
183
145
1
3
3
58
28
100
30
47
73
52
30
86
138
71
1
127
1
249
11
3
281
81
156
59
120
63
25
3
198
3
8
342
170
306
4
4
66
315
87
507
227
203
132
19
347
55
48
2811
89
69
52
100
105
76
110
56
59
138
83
96
100
111
1765
609
65
149
68
302
193
68
25
90
10
85
483
200
10
490
90
117
68
200
109
3
79
165
1
26
84
100
200
85
114
1
43
39
1
69
7
25
90
166
198
163
39
150
177
82
6
1689
51
101
7611
28
67
114
152
960
15
8
138
21
102
9
197
67
5
467
9
48
25
11
50
11
37
101
98
3
16
32
19
31
28
218
25
72
438
65
39
63
436
20
35
35
33
128
122
1
216
1389
79
112
795
240
154
214
170
181
79
168
49
55
168
13
49
132
31
181
1
185
141
6
587
309
25
73
25
165
138
112
10
4693
48
130
114
32
1
139
276
30
6
48
3
218
15
48
21
218
8
63
69
63
131
92
1
7
186
161
3
78
203
1
75
51
101
78
400
191
34
959
47
21
38
1
30
121
196
7
142
301
28
1
1
110
562
42
122
197
96
313
84
6
105
361
97
61
182
6
153
18
556
92
35
76
10
1
30
131
911
16
7
66
228
84
12
28
46
173
9
313
149
78
62
120
209
365
131
48
238
167
85
3
230
380
73
88
131
118
67
40
3
101
193
26
229
35
151
337
536
60
66
794
112
353
523
147
163
137
81
100
25
6
90
1350
90
1
92
156
5
156
105
698
4
167
186
40
3
18
3
104
15
128
88
35
61
6
169
218
27
92
315
12
75
11
48
140
5
50
50
8
44
64
18
139
466
112
45
1
43
146
26
166
81
1
77
15
138
212
15
76
31
3
130
76
32
50
36
139
60
181
181
150
4
17
25
36
40
295
28
11
69
271
33
73
47
284
386
94
1
128
127
16
153
531
6
89
110
58
180
158
152
304
11
271
58
27
2
3
94
2
123
88
67
83
131
296
237
38
163
59
26
1
746
80
47
629
4
23
5
5
4457
543
4
137
17
163
3
132
61
26
32
346
77
136
344
250
166
45
129
1
247
30
1
101
390
72
213
698
1
829
698
1
490
80
110
15
18
254
34
73
4
126
123
210
346
259
136
126
104
60
26
17
14
47
33
105
1
106
2
1
2616
1680
10
203
22
13
8
13
65
265
6
47
41
15
2328
38
158
90
141
158
7
206
434
31
132
70
47
9
2165
19
74
1867
1867
45
249
33
138
141
144
251
86
167
42
4
44
257
72
47
119
277
71
39
96
49
3
73
53
48
3
127
201
138
1710
346
48
1710
231
28
9
5
131
19
132
19
152
36
223
204
45
1
110
153
34
262
8
3497
282
17
81
83
17
558
1036
351
180
433
30
136
351
78
1929
103
11
369
468
171
261
15
235
98
261
288
962
7
137
108
24
126
233
718
80
41
213
58
73
16
134
8
73
153
132
253
188
178
170
109
3
129
63
108
2608
126
165
135
92
111
113
16
154
176
143
251
110
2052
303
106
44
218
244
69
166
217
140
221
472
260
127
86
236
65
110
140
111
25
32
693
4
4
120
3
164
13
3
23
58
167
3
77
134
73
116
119
131
276
102
275
6
684
37
4
41
73
93
55
52
126
12
14
355
608
11
52
27
121
13
70
79
14889
11
7
129
65
184
86
16
93
20
181
195
2
95
1276
301
493
248
23
191
99
120
521
10
111
66
45
13
107
54
1
117
11
3
72
3
29
52
52
215
24
213
168
671
222
126
1
105
48
66
88
135
197
12
84
99
29
227
129
545
5819
144
145
33
5
9
299
199
82
189
931
105
17
103
103
35
246
103
1
108
524
77
98
55
75
50
27
362
195
167
10
12
272
224
14
50
2
25
8
39
63
50
4830
1141
1
472
224
12
2052
22
116
2052
55
695
253
135
762
17
52
229
63
920
465
1
163
39
178
23
84
274
227
17
81
127
70
70
81
666
81
160
148
86
1
98
237
37
159
54
57
36
104
56
11
163
331
348
48
66
270
10
173
17
81
262
15
67
50
11
171
1
114
224
142
57
376
873
54
216
1
185
272
234
108
17
205
2
205
176
10
346
51
83
63
86
34
255
145
300
54
300
188
1
2
32
51
10
11
178
182
426
83
106
200
92
11
253
113
105
181
295
169
659
164
15
19
234
22
716
125
9
145
250
79
117
11
88
120
114
7
37
1
7552
133
9
190
100
126
328
63
1
149
71
78
449
453
182
133
51
34
140
66
15
461
143
23
49
29
208
106
266
237
9
14
55
247
23
1
1805
62
198
474
100
128
7
20
210
7
103
274
158
93
338
338
5
222
193
147
5
368
5
127
177
201
9
44
39
237
41
4
277
204
26
72
55
118
295
1181
82
17
131
7
62
34
571
147
18
88
84
79
4
301
3
186
29
358
120
155
50
114
15
318
230
17
396
27
31
135
96
41
199
243
48
27
54
147
16045
1
87
49
6
181
219
1909
178
79
1909
192
528
307
93
37
1120
22
243
24
93
109
117
22
461
106
54
135
2
113
42
190
762
65
183
200
173
55
678
118
50
25
115
1185
117
91
639
39
205
173
2
49
313
293
6
397
83
163
140
85
9
89
28
59
138
154
283
66
338
122
112
9
83
30
142
18
162
99
208
77
96
273
91
13
168
35
226
245
168
312
89
2
191
98
728
822
112
5
10251
272
98
69
15
89
28
290
204
23
88
176
118
17
20
19
296
424
1
74
33
1
60
122
76
6
320
840
30
92
524
119
88
125
170
72
39
164
3
535
113
1
91
118
7
2
143
95
23
3
109
194
288
274
6
200
31
1
5
2
103
28
4
147
528
79
58
399
2
32
37
9
26
35
258
43
178
1
160
1
40
134
121
125
99
232
1
218
150
1
251
422
2
343
239
438
59
49
39
86
100
321
5
9
306
7
213
111
87
142
5
11
194
2
245
91
86
164
137
27
84
400
97
116
157
168
7
216
14
176
2704
7
35
127
223
67
98
320
63
237
443
15
11
1
234
121
362
21
93
1
191
43
172
187
234
11
41
198
114
166
19
138
173
38
128
82
188
156
115
57
79
14
11
14
75
1
142
95
10
304
62
87
551
171
308
83
20
10256
11
3
11
301
3
3
194
301
88
62
71
135
181
220
618
20
109
172
2042
82
304
8
179
24
90
80
3
93
77
77
166
128
3
44
113
343
176
106
295
50
75
442
79
228
96
4
228
187
2
271
75
185
62
547
115
1
954
190
3
168
132
104
141
215
2
36
212
2
215
97
215
88
119
198
159
2
24
73
262
136
9
52
7
73
20
126
8
51
2
8
38
8
20
3
173
307
22
237
313
29
4
178
7
7
755
1
72
69
23
30
104
23
139
6
5
196
73
128
252
1262
94
46
192
1
1
217
191
97
67
18
29
90
239
1
278
120
366
436
125
14
12
3
5
195
280
88
58
15
20
17
126
126
114
5
90
84
274
378
22
180
92
232
36
20
33
153
33
120
11
37
1915
125
153
29
3
6164
13
144
106
110
82
179
2593
1
192
3
23
5
222
13
102
13
394
304
90
151
34
34
65
52
1
164
271
122
240
138
249
12
10
539
251
50
297
63
75
26
274
128
88
3
159
39
90
71
58
69
392
98
130
79
56
237
31
23
14
37
24
5
31
293
246
455
21
2101
10
231
96
68
155
239
83
87
250
2535
436
206
624
524
32
286
58
44
304
76
530
156
89
223
181
18
309
222
278
189
93
113
5
1448
629
12
104
153
75
45
249
13
80
135
11
52
342
233
212
15
45
108
20
384
624
174
45
28
72
565
207
1116
496
42
16
6
91
208
355
368
32
256
32
256
145
187
2
151
56
440
83
4684
2893
573
85
120
7
109
167
53
50
36
110
102
75
78
329
71
38
203
134
189
1
32
5
45
5
57
554
69
215
21
377
108
362
156
46
129
40
23
1
41
355
8
237
1
187
9
178
385
5
25
169
286
1
97
2
1
1
82
147
6
441
1
147
1089
7
32
234
71
205
31
67
1
150
167
27
137
1
5
65
772
349
1
115
2
8
2
185
221
94
11
189
1209
103
892
27
17
51
360
173
83
7
243
82
228
819
249
1454
248
151
565
16
5
182
10
747
33
422
1
418
510
301
2
231
62
40
1350
56
203
6
4
154
29
28
27
247
247
133
319
177
321
239
272
13
82
16
4
46
2
46
725
164
1
4
101
106
225
164
162
195
27
135
121
222
263
8
9
237
14
166
33
300
58
358
298
1
81
67
461
91
176
116
58
4
98
666
31
56
271
186
255
12
860
7
175
23
113
202
102
23
375
152
265
44
412
205
66
258
1812
6
57
302
218
56
164
825
70
242
90
312
189
329
29
5186
3
1
4
324
228
281
244
244
3106
62
66
30
57
99
66
434
264
544
142
53
21
236
479
41
200
74
256
296
82
44
28
98
31
167
24
177
561
1
199
2
145
82
108
353
249
62
316
231
151
125
140
497
10
2
4
57
200
329
79
1
241
53
272
33
3
318
99
11
206
2
305
113
33
1
236
210
109
18
185
110
3
80
271
142
65
194
19
3
161
2
151
110
4
1599
5
303
213
2
159
98
137
29
1
11
288
12
197
455
255
82
18
116
15
414
9
257
1
149
112
141
14
37
8
131
78
43
1
42
71
121
104
182
37
230
54
2
91
12
86
201
1
217
3
174
381
117
24
102
734
204
98
97
3
226
121
317
21
289
98
134
231
83
83
66
66
123
288
211
191
187
1
66
26
133
106
430
21
137
94
230
62
215
138
10
110
309
103
204
323
187
53
36
84
83
10
10
329
106
119
13
94
8
4
213
6
12
115
33
257
1137
12
60
76
118
24
207
30
14
291
197
55
87
5
802
187
491
143
82
56
64
97
178
843
57
43
36
843
25
5
4
11
156
115
1
53
76
129
110
248
96
130
146
39
119
57
1
2
179
6
6
13
86
110
311
33
384
443
1
119
237
1
60
9
17
60
17
625
434
29
233
4495
194
376
27
13
205
127
101
30
25
271
188
614
12
219
76
4
1908
123
7
200
6
104
3266
181
195
97
320
22
133
4
11
197
194
37
42
5
2050
79
2026
1
33
38
60
74
150
175
59
387
107
150
150
121
142
772
163
244
32
71
122
261
244
7
124
361
207
6
14
178
7
57
123
293
60
147
285
65
1
113
325
54
595
58
16
1
30
85
1
198
57
350
206
31
155
13
218
150
1
72
40
160
41
132
7
78
78
59
225
39
112
67
33
4
75
213
85
587
26
45
12
1
111
171
176
58
170
81
4
815
29
71
131
35
50
164
34
9
90
179
1
6
90
50
153
74
132
111
2
48
47
162
9
117
137
247
181
261
68
181
83
155
273
2
217
2
221
152
169
9
42
336
29
76
85
42
87
105
3
66
1
333
523
166
1
3241
7
2
13
331
1
301
420
1
68
125
4
47
296
155
39
151
39
151
1175
24
70
431
1
41
167
74
173
3
327
74
6
155
38
1
174
37
6
38
47
222
190
89
24
121
219
51
8
137
4
251
57
251
87
356
135
109
142
250
222
6
198
396
11
110
2909
27
161
82
203
146
1114
426
55
24
190
248
31
12
29
11
15
14
13234
1646
3
1114
286
7
269
169
71
260
254
121
81
407
407
1
50
4
11
32
267
26
46
215
165
104
86
57
28
224
132
331
23
75
259
83
72
85
425
160
98
60
106
19
56
737
36
1
125
125
105
65
110
2978
139
65
102
50
161
22
10
31
68
85
217
125
569
569
220
79
207
3036
324
1
28
20
185
26
215
23
35
115
215
59
5
258
530
1
73
3010
43
22
91
126
306
205
32
24
16
324
50
380
1
75
245
55
114
1
48
185
55
2
55
68
20
15
2267
189
74
423
243
99
1
197
60
67
50
48
115
78
49
213
257
511
7
511
370
163
572
1
413
81
18
64
113
327
53
174
83
221
125
167
20
90
261
146
42
63
124
620
56
60
45
45
79
234
329
1
1
4
324
888
7
167
24
313
313
4854
83
18
63
96
6
21
207
54
81
187
166
244
222
307
53
128
252
56
137
203
88
117
26
70
26
151
32
148
146
134
116
569
15
105
126
35
56
61
1
35
759
608
87
5
180
7
1
188
99
60
157
103
15
434
328
50
15
14
2505
36
101
58
207
27
182
298
104
20
119
12
46
17
97
82
192
48
161
1
426
96
224
54
49
7
150
148
97
4
4
89
126
103
110
54
83
4
1
38
11
165
156
123
269
107
33
3
66
126
138
699
229
2
6
82
29
61
1
239
72
1
253
31
1
29
60
32
192
213
8
413
8
39
4
5
573
273
130
157
487
20
48
80
51
5177
118
90
147
50
31
125
87
266
47
19
327
110
47
55
127
106
23
295
106
63
482
46
161
119
64
15
114
64
215
51
58
9
11
144
43
36
109
7
33
139
12
57
253
5
203
131
160
4
37
84
4
34
26
190
1
77
76
168
27
188
97
426
371
130
83
150
214
114
189
215
80
5
224
131
52
3
360
9
14
62
153
179
26
22
52
172
140
164
102
248
220
24
96
2
33
60
85
192
96
1
38
22
127
55
38
7
96
4
66
288
291
44
18
48
14
187
9
86
153
1
65
59
59
19
15
98
125
113
58
58
178
133
51
95
150
98
314
81
90
68
16
132
61
92
7
138
309
23
326
242
5105
96
158
34
123
30
40
231
49
172
145
104
202
3
121
30
2
20
381
122
256
75
166
102
45
237
41
88
27
22
22
6
111
129
25
111
23
120
2
788
68
176
142
10
1
80
222
112
86
23
6
149
193
119
6
110
184
717
121
92
115
20
62
30
2
53
34
11
76
203
276
160
76
276
158
273
197
204
16
350
1
105
184
153
58
328
26
437
58
71
103
8
71
205
59
277
5
27
14
137
44
17
10
10
1049
10
572
927
106
147
270
61
337
123
73
1
76
11
182
5
252
24
143
19
97
101
99
44
44
11
609
175
67
3
28
61
5
116
663
168
202
194
51
111
40
5
4
94
236
118
133
1
20
6
8
1
39
81
27
399
120
72
73
149
101
86
93
70
1664
165
278
545
46
32
123
515
85
80
64
35
190
3
50
106
29
55
66
108
304
49
156
233
31
16
10
16
254
12
6
74
53
20
36
80
98
178
36
21
840
41
1174
1
27
41
91
22
103
38
177
22
209
67
89
91
283
73
122
36
174
173
347
24
1
23
92
26
409
197
115
264
10
304
396
18
20
12
12
84
7
119
1
134
213
181
261
68
17
219
83
24
94
10
6219
123
39
1
1
90
144
46
17
226
13
145
296
98
175
105
214
12
65
25
197
2
73
12
75
29
90
7
18
230
168
42
311
501
26
2
167
95
247
87
64
148
37
170
126
19
7
8
8
58
116
331
1
49
355
78
127
282
34
13
136
179
14
63
109
181
19
166
61
111
26
26
299
110
1357
52
75
209
370
303
24
64
36
6
102
144
187
187
3
46
31
17
177
262
258
115
20
215
174
22
187
128
18
15
74
45
130
2
96
81
42
4
165
655
22
7
5
213
25
12
144
106
121
34
9
542
324
65
2
229
268
97
30
40
5
41
261
12
74
61
194
11
43
1032
41
120
167
84
256
177
8
56
177
305
60
255
63
106
48
77
281
15
10
18
31
253
89
66
108
2
105
16
12
170
32
90
41
145
60
12
16
93
99
1
59
1
14
296
557
26
39
268
8
1
185
91
72
97
12
16
228
4
8
63
17
161
4
2
70
132
74
157
71
219
116
128
29
60
66
9
131
17
66
149
445
382
15
9
238
372
211
262
82
101
58
1
1334
230
229
115
37
1
18
72
72
117
277
104
1
136
59
134
24
162
507
81
16
13
38
177
169
34
14
14
164
38
118
258
388
147
49
174
351
38
30
17
74
30
7
62
62
217
11
157
21
61
165
21
18
242
14
134
43
288
139
35
54
41
4
524
1
127
25
117
30
156
178
83
112
32
159
101
1059
37
96
96
117
37
1
114
18
4
31
18
65
82
158
57
12
13
53
152
25
42
107
171
4
16
114
352
146
183
11
4
21
163
77
108
32
11
12
66
9
5
408
144
260
6
8
123
82
540
39
136
1
16
234
123
443
112
142
2233
89
66
199
104
19
132
18
1026
142
142
353
1
108
89
23
170
216
219
140
353
14
6
17
181
39
181
11
7
212
32
1
111
1
325
12
34
114
73
538
1480
105
92
4
34
104
64
26
26
23
362
156
83
27
91
4
195
118
44
12
220
177
33
197
13
183
438
1
88
38
84
103
1
14
14
116
220
5
44
62
8
233
3
45
24
67
6
119
142
37
4
37
15
93
14
325
103
4
241
53
506
633
327
40
56
83
119
6
7
7
2
155
68
19
15
15
3
779
143
112
156
21
28
37
120
20
13
179
67
8
179
186
4
1
127
43
71
11
75
10
271
2
74
42
558
59
59
2
82
31
34
84
187
330
130
55
186
186
214
54
52
155
73
87
127
39
133
40831
23
12
274
204
126
119
207
176
59
43
108
150
11
54
472
53
150
476
99
412
136
168
740
8
42
5
2
13
42
76
235
78
205
44
125
1
8
81
138
51
17
17
246
83
1
268
84
157
78
73
75
197
242
72
79
1
284
87
24
223
411
24
93
1
12
230
134
230
55
18
22
137
241
168
46
22
172
115
48
1
1541
316
130
25
50
95
149
41
88
29
189
110
51
18
137
27
75
33
39
189
51
92
12
84
28
129
18
132
178
92
85
62
180
129
50
94
144
225
64
31
654
82
197
158
129
182
459
102
141
190
63
86
86
54
113
503
264
152
44
215
43
701
81
129
185
78
95
4
203
268
145
251
205
135
135
59
260
57
4
830
8
81
162
34
130
141
4
208
175
249
42
7
28
96
1
7
62
32
46
121
7
105
46
17
58
288
146
192
53
252
161
119
6
94
9
172
105
76
3
81
3
210
10
11
344
28
31
53
141
150
152
173
150
60
6
13
122
34
60
1
25
267
387
232
143
3
52
3
1
286
68
219
64
14
172
111
74
785
125
6
166
92
167
114
17358
178
112
87
1121
35
115
16
32
24
47
20
18
23
101
94
140
1010
27
5
66
17
3473
99
109
34
51
4
4
30
39
33
107
57
3
157
107
139
8
77
642
65
1323
115
68
241
3
50
6
97
35
168
115
175
5
4
314
9
36
4
4
653
232
1
7
82
203
55
35
1
10
23
174
277
126
66
203
91
195
17
203
25
176
147
104
35
20
54
216
11
210
42
3
3
1
48
11
6
109
52
1
121
256
1957
3
25
88
411
133
39
116
92
23
68
79
61
222
123
3469
167
1
9
14
79
142
366
46
90
11
653
4
72
6
153
16
180
19
4
235
34
116
52
105
1397
234
17
148
105
46
100
134
46
1
42
74
216
147
1
239
166
19
50
157
872
15
5
139
30
34
9
102
8
8
2
307
206
152
66
3
72
32
291
384
6
235
243
16
8
26
449
111
45
83
115
473
45
120
197
161
198
134
41
157
301
18
133
208
541
82
66
43
509
247
19
455
91
13
19
1
30
65
12
155
13
755
13
79
18
32
179
272
1
166
7
29
73
12
1
194
419
7
15
6
6
5234
277
1
156
23
93
299
299
61
563
1
16657
805
74
2967
70
42
159
245
169
949
18
109
175
351
75
1
241
74
30
16
72
125
46
1
39
398
5252
119
1
18
210
1
47
185
28
27
44
433
35
36
143
320
53
262
626
1
107
54
104
88
72
21
1390
110
4
230
148
1
133
28
145
157
290
324
112
4
23
30
1
350
5
148
190
116
190
110
1
59
147
243
672
64
133
10
118
160
167
232
206
195
199
21
15
114
110
167
107
28
61
32
29
61
243
7
7
25
60
1
74
16
221
275
221
296
82
162
1335
44
26
29
123
34
105
40
41
110
159
52
52
171
44
81
260
1640
132
48
19
5
83
1
55
265
173
101
133
265
298
23
114
1
68
12
41
860
71
101
107
23
14
53
117
207
133
159
5
112
106
47
58
50
14
25
30
85
20
208
27
355
27
105
597
99
329
133
12
5
40
118
203
131
31
339
188
7
43
101
186
129
21
91
210
134
16
62
57
151
3
82
29
156
10
46
46
130
130
30
24
1
92
6
105
264
74
116
11
6
135
68
23
32
191
40
216
68
288
13
124
76
96
108
157
159
318
51
6
88
74
25
2
239
63
24
126
181
20
171
93
344
3
223
25
148
24
23
6
660
34
10
16
155
6
16
136
1
63
210
234
42
167
21
1804
83
124
659
90
1
16
211
192
185
4
659
34
361
111
43
203
93
62
159
7
244
53
244
5
88
88
42
257
61
75
73
414
237
45
237
7
96
215
8
87
87
369
83
139
480
599
107
230
10
10
31
57
20
20
244
53
746
79
36
50
9
73
172
23
2
190
22
23
186
2
1
79
3
4
154
9
160
3
39
230
131
5
86
351
1352
569
5
42
198
98
591
17
29
51
251
53
114
12
187
153
12
90
111
166
180
284
357
2
3
161
13
4
18
78
24
136
13
1
102
81
13
150
606
39
51
30
337
391
14
83
213
115
169
149
214
402
172
7
14
516
17
40
186
55
18
16
35
66
20
7
2
5
2
22
67
125
69
10
1
114
32
21
12
196
324
135
27
11
18
41
230
40
12
39
176
244
24
201
3
130
84
176
51
154
199
24
2
3
118
29
2
20
5
95
46
490
140
17
27
9
251
17
353
27
771
36
274
33
79
94
1
203
243
6
45
16
71
81
46
40
69
253
75
189
98
39
61
120
79
160
65
1
12
160
186
71
18
113
57
7
95
26
4
110
42
244
26
6
37
32
37
1394
99
182
62
1
67
29
64
1
161
7
23
48
238
25
57
394
22
394
160
224
42
24
138
161
134
186
95
59
11
20
42
100
4
254
75
5
50
121
56
26
197
78
170
1
102
214
110
1
87
20
21
93
30
116
112
91
214
76
417
245
25
1
146
21
96
1
343
343
32
103
234
79
12
148
128
29
47
47
1
84
12
23
37
19
54
113
20
20
121
66
29
204
120
8
295
126
55
38
59
62
60
15
21
149
71
149
1
170
24
4
54
106
195
197
6
129
78
129
5190
234
114
18
50
608
110
139
211
529
237
567
99
529
341
1157
1
218
19
3
26
229
272
55
146
154
646
14
217
109
1
186
12
199
88
133
133
5
34
17
86
131
402
397
215
18
17
9
115
76
11
2
185
93
127
123
7
150
132
93
277
275
8
499
165
5
35
1
419
219
140
1
26
12
85
21
352
2
113
240
72
1
15
1
51
166
131
104
136
106
358
176
59
83
39
23
1
24
146
