2798
3104
2223
3081
3163
2570
72606
2648
2292
1359
4469
4754
2078
1834
3509
1406
2888
1441
3033
2765
2697
4102
3877
3969
4726
1585
1403
1428
1252
4089
3497
2404
1173
707
5940
3123
1807
7461
1143
2912
5119
1441
3626
36847
2343
1383
35206
3151
3146
2103
1424
2980
2585
1611
1378
939
35195
4950
1293
2020
611
3855
35192
1457
1497
2959
2539
1270
1479
5874
1736
2136
2992
3147
968
3276
11126
2429
11196
1667
2921
1346
1361
1276
1538
4359
1249
2112
1666
1479
409
1091
2404
3944
3941
1366
2244
19874
1904
20122
3322
1943
1679
1514
2519
3472
1819
761
2414
16883
1387
3281
1203
1439
1832
10695
7293
4597
1225
4933
3153
2423
4670
8561
3310
2812
6273
12503
1801
2072
2754
1361
1512
1882
1313
11236
4214
1580
10386
2868
1573
2794
3973
2220
3938
1121
1498
8410
1563
1723
2259
5175
2003
1287
2069
4977
940
2709
3279
2095
2528
2779
1420
2350
8347
3421
1298
1868
960
3418
4413
1562
960
1798
3967
2889
1825
2917
4987
2126
1502
3925
2423
1512
1326
2013
868
5896
1342
1299
2057
1405
6918
2756
3432
3757
6241
1537
3240
1580
12468
2856
2407
2703
1255
1926
1092
1439
2794
4442
1644
2338
3967
6379
1365
3338
3002
3276
2518
3466
3871
1245
2467
1789
2512
2995
3103
5075
5584
2303
1902
11349
3446
1526
4645
1214
1525
2946
1383
1424
1400
1357
1099
1563
6606
3804
8043
1354
4220
2704
2884
3233
4966
3408
2336
5052
4428
2794
1625
6086
1825
3619
3152
2791
1949
2284
3675
4260
4420
4824
6774
4288
1396
3157
1702
4697
4890
1365
1344
2186
2324
28384
1853
1403
1131
