2.0
3.123990762442272
4.24567918175749
5.3650652579456555
6.482148991006768
7.596930380940827
8.709409427747833
9.819586131427783
10.927460491980684
12.03303250940653
13.136302183705324
14.237269514877063
15.335934502921749
16.43229714783938
17.526357449629963
18.618115408293487
19.70757102382996
20.79472429623938
21.879575225521744
22.96212381167706
24.042370054705323
25.120313954606527
26.19595551138068
27.26929472502778
28.340331595547827
29.40906612294082
30.475498307206763
31.539628148345653
32.60145564635748
33.66098080124226
34.71820361299999
35.77312408163066
36.82574220713429
37.87605798951086
38.92407142876038
39.969782524882845
41.01319127787825
42.05429768774661
43.09310175448792
44.12960347810217
45.16380285858937
46.19569989594951
47.2252945901826
48.25258694128864
49.27757694926763
50.30026461411956
51.320649935844436
52.33873291444226
53.35451354991304
54.36799184225676
55.37916779147343
56.38804139756303
57.394612660525596
58.3988815803611
59.400848157069554
60.40051239065096
61.397874281105295
62.3929338284326
63.385691032632835
64.37614589370601
65.36429841165216
66.35014858647124
67.33369641816327
68.31494190672824
69.29388505216615
70.27052585447703
71.24486431366083
72.2169004297176
73.1866342026473
74.15406563244994
75.11919471912556
76.0820214626741
77.0425458630956
78.00076792039003
78.95668763455741
79.91030500559776
80.86162003351103
81.81063271829727
82.75734305995644
83.70175105848855
84.64385671389364
85.58366002617164
86.52116099532262
87.45635962134651
88.38925590424337
89.31984984401318
90.24814144065591
91.17413069417162
92.09781760456026
93.01920217182185
93.93828439595639
94.85506427696386
95.7695418148443
96.68171700959766
97.59158986122398
98.49916036972326
99.40442853509548
100.30739435734064
101.20805783645875
102.1064189724498
103.00247776531381
103.89623421505075
104.78768832166065
105.6768400851435
106.56368950549928
107.44823658272801
108.3304813168297
109.21042370780434
110.08806375565192
110.96340146037244
111.8364368219659
112.70716984043231
113.57560051577168
114.441728847984
115.30555483706925
116.16707848302745
117.0262997858586
117.88321874556269
118.73783536213976
119.59014963558974
120.44016156591267
121.28787115310855
122.13327839717738
122.97638329811917
123.8171858559339
124.65568607062157
125.49188394218217
126.32577947061574
127.15737265592227
127.98666349810172
128.81365199715412
129.63833815307947
130.46072196587775
131.28080343554902
132.0985825620932
132.91405934551034
133.72723378580042
134.53810588296346
135.34667563699946
136.15294304790837
136.95690811569023
137.75857084034504
138.55793122187282
139.35498926027356
140.1497449555472
140.94219830769381
141.73234931671334
142.52019798260585
143.30574430537132
144.0889882850097
144.86992992152102
145.6485692149053
146.42490616516255
147.19894077229276
147.97067303629586
148.74010295717193
149.50723053492095
150.2720557695429
151.03457866103784
151.7947992094057
152.5527174146465
153.30833327676024
154.06164679574695
154.8126579716066
155.5613668043392
156.30777329394473
157.05187744042323
157.79367924377465
158.53317870399906
159.27037582109637
160.00527059506663
160.73786302590986
161.46815311362602
162.19614085821516
162.9218262596772
163.6452093180122
164.36629003322017
165.08506840530106
165.80154443425494
166.51571812008171
167.22758946278145
167.93715846235415
168.64442511879977
169.34938943211836
170.0520514023099
170.75241102937437
171.45046831331177
172.14622325412216
172.83967585180548
173.53082610636173
174.21967401779094
174.9062195860931
175.5904628112682
176.27240369331625
176.95204223223726
177.6293784280312
178.30441228069807
178.9771437902379
179.64757295665072
180.31569977993644
180.9815242600951
181.64504639712672
182.30626619103128
182.96518364180884
183.6217987494593
184.2761115139827
184.92812193537904
185.57783001364834
186.22523574879062
186.8703391408058
187.51314018969393
188.15363889545503
188.79183525808907
189.42772927759606
190.06132095397598
190.69261028722886
191.32159727735467
191.94828192435344
192.5726642282252
193.19474418896982
193.81452180658744
194.431997081078
195.04717001244148
195.66004060067797
196.27060884578736
196.87887474776971
197.484838306625
198.08849952235323
198.68985839495443
199.28891492442855
199.88566911077564
200.48012095399565
201.0722704540886
201.66211761105453
202.2496624248934
202.83490489560526
203.41784502319
203.9984828076477
204.57681824897836
205.15285134718195
205.72658210225848
206.298010514208
206.8671365830304
207.43396030872577
207.9984816912941
208.56070073073545
209.12061742704967
209.67823178023684
210.23354379029695
210.78655345723
211.33726078103604
211.88566576171496
212.43176839926684
212.9755686936917
213.5170666449895
214.0562622531603
214.59315551820401
215.12774644012063
215.6600350189102
216.19002125457274
216.71770514710823
217.24308669651663
217.766165902798
218.28694276595232
218.8054172859796
219.32158946287984
219.83545929665303
220.34702678729911
220.85629193481816
221.36325473921016
221.8679152004751
222.370273318613
222.8703290936238
223.3680825255076
223.86353361426433
224.35668235989408
224.84752876239668
225.33607282177226
225.82231453802075
226.30625391114222
226.78789094113665
227.26722562800398
227.7442579717443
228.21898797235755
228.69141562984376
229.16154094420295
229.62936391543505
230.09488454354008
230.55810282851806
231.01901877036897
231.47763236909287
231.93394362468968
232.38795253715946
232.83965910650218
233.28906333271786
233.73616521580652
234.18096475576806
234.62346195260255
235.06365680631
235.50154931689042
235.9371394843438
236.37042730867006
236.8014127898693
237.23009592794148
237.65647672288662
238.08055517470473
238.5023312833958
238.92180504895975
239.33897647139668
239.75384555070653
240.16641228688934
240.5766766799451
240.9846387298738
241.39029843667547
241.79365580035005
242.19471082089765
242.59346349831816
242.9899138326116
243.38406182377798
243.7759074718173
244.16545077672959
244.55269173851482
244.93763035717296
245.3202666327041
245.70060056510818
246.07863215438522
246.45436140053522
246.82778830355812
247.19891286345398
247.56773508022275
247.93425495386452
248.2984724843792
248.66038767176684
249.02000051602744
249.37731101716096
249.7323191751675
250.08502499004692
250.4354284617993
250.78352959042462
251.1293283759229
251.4728248182941
251.81401891753825
252.15291067365536
252.48950008664542
252.82378715650842
253.15577188324443
253.48545426685334
253.81283430733518
254.13791200468995
254.46068735891768
254.78116037001837
255.099331037992
255.41519936283856
255.7287653445581
256.0400289831506
256.34899027861604
256.6556492309544
256.9600058401657
257.2620601062499
257.56181202920715
257.8592616090373
258.15440884574036
258.44725373931647
258.73779628976547
259.0260364970874
259.3119743612823
259.5956098823501
259.8769430602909
260.15597389510464
260.43270238679133
260.70712853535093
260.9792523407835
261.249073803089
261.5165929222675
261.78180969831885
262.04472413124324
262.30533622104053
262.5636459677108
262.819653371254
263.07335843167016
263.3247611489592
263.57386152312125
263.82065955415624
264.0651552420642
264.307348586845
264.5472395884989
264.78482824702564
265.02011456242536
265.253098534698
265.4837801638436
265.71215944986216
265.93823639275365
266.16201099251816
266.38348324915546
266.60265316266583
266.8195207330492
267.03408596030545
267.2463488444346
267.4563093854367
267.6639675833118
267.86932343805984
268.0723769496808
268.27312811817467
268.47157694354155
268.66772342578133
268.86156756489413
269.05310936087983
269.24234881373854
269.4292859234701
269.6139206900747
269.7962531135521
269.97628319390253
270.1540109311259
270.3294363252222
270.5025593761915
270.6733800840338
270.84189844874896
271.0081144703371
271.1720281487982
271.33363948413216
271.49294847633905
271.64995512541896
271.8046594313719
271.95706139419764
272.1071610138964
272.25495829046815
272.4004532239128
272.54364581423033
272.6845360614209
272.82312396548434
272.95940952642076
273.09339274423013
273.22507361891246
273.3544521504677
273.48152833889594
273.60630218419715
273.72877368637126
273.84894284541826
273.9668096613383
274.0823741341312
274.1956362637971
274.3065960503359
274.41525349374774
274.52160859403244
274.6256613511901
274.72741176522084
274.82685983612436
274.9240055639009
275.0188489485503
275.1113899900727
275.2016286884681
275.2895650437364
275.37519905587766
275.45853072489183
275.53956005077896
275.6182870335391
275.69471167317215
275.7688339696781
275.84065392305706
275.9101715333089
275.9773868004338
276.0422997244316
276.10491030530227
276.16521854304597
276.2232244376625
276.27892798915207
276.3323291975146
276.38342806275
276.43222458485843
276.47871876383977
276.5229105996942
276.5648000924214
276.6043872420216
276.64167204849474
276.6766545118408
276.70933463205984
276.7397124091518
276.7677878431167
276.7780761212439
276.7935609339546
276.80295457920056
276.8170316816654
276.8255306940308
276.8382000862492
276.845804465734
276.8570661477059
276.86377589431015
276.8736298660355
276.8794449797592
276.88789124123815
276.89281172208126
276.8998502733137
276.90387612127626
276.9095069622622
276.9126381773442
276.9168613080835
276.91909789028506
276.92191331077794
276.92325526009887
276.92466297034525
276.9251102867855
277.0341587591446
277.2901961331132
277.54618824314997
277.80213508925476
278.05803667142766
278.3138929896685
278.5697040439774
278.8254698343544
279.08119036079944
279.3368656233125
279.5924956218936
279.84808035654277
280.10361982726
280.3591140340452
280.6145629768985
280.8699666558199
281.12532507080925
281.3806382218667
281.63590610899223
281.89112873218573
282.1463060914473
282.40143818677694
282.6565250181746
282.91156658564034
283.1665628891741
283.4215139287759
283.6764197044457
283.9312802161836
284.1860954639896
284.44086544786364
284.6955901678057
284.95026962381576
285.2049038158939
285.45949274404006
285.7140364082543
285.96853480853656
286.2229879448869
286.47739581730525
286.73175842579167
286.98607577034613
287.24034785096865
287.49457466765915
287.7487562204178
288.0028925092444
288.25698353413907
288.5110292951018
288.7650297921326
289.0189850252315
289.27289499439837
289.52675969963326
289.7805791409362
290.03435331830724
290.28808223174633
290.5417658812534
290.7954042668286
291.0489973884718
291.30254524618306
291.5560478399623
291.80950516980965
292.0629172357251
292.31628403770844
292.56960557575997
292.8228818498795
293.07611286006704
293.3292986063227
293.5824390886463
293.8355343070381
294.08858426149783
294.34158895202563
294.5945483786214
294.8474625412854
295.1003314400173
295.3531550748173
295.6059334456853
295.8586665526214
296.11135439562554
296.3639969746977
296.61659428983796
296.8691463410462
297.1216531283225
297.3741146516669
297.62653091107927
297.87890190655975
298.13122763810827
298.3835081057248
298.63574330940935
298.887933249162
299.14007792498273
299.39217733687144
299.6442314848282
299.896240368853
300.1482039889459
300.40012234510687
300.6519954373358
300.9038232656328
301.15560582999785
301.40734313043095
301.6590351669321
301.9106819395013
302.1622834481352
302.45990393205216
302.75839131518995
303.05774559754843
303.3579667791277
303.6590548599277
303.9610098399485
304.26383171918997
304.56752049765225
304.8720761753352
305.177498752239
305.48378822836355
305.7909446037088
306.09896787827483
306.40785805206167
306.7176151250692
307.0282390972975
307.3397299687465
307.6520877394163
307.9653124093069
308.27940397841815
308.5943624467502
308.910187814303
309.2268800810766
309.54443924707095
309.862865312286
310.1821582767218
310.5023181403784
310.8233449032557
311.1452385653538
311.4679991266726
311.79162658721225
312.1161209469726
312.44148220595366
312.7677103641555
313.09480542157814
313.42276737822147
313.7515962340856
314.0812919891705
314.4118546434761
314.7432841970025
315.0755806497496
315.40874400171754
315.7427742529061
316.07767140331555
316.41343545294563
316.7500664017965
317.0875642498682
317.42592899716055
317.76516064367377
318.10525918940766
318.4462246343623
318.7880569785377
319.1307562219339
319.4743223645508
319.8187554063885
320.16405534744695
320.5102221877261
320.857255927226
321.2051565659467
321.5539241038881
321.90355854105036
322.2540598774333
322.60542811303696
322.95766324786143
323.31076528190664
323.66473421517264
324.0195700476594
324.3752727793668
324.73184241029503
325.08927894044405
325.44758236981374
325.80675269840424
326.1667899262155
326.52769405324744
326.8894650795002
327.2521030049737
327.61560782966797
327.9799795535829
328.3452181767187
328.71132369907525
329.07829612065245
329.44613544145045
329.81484166146925
330.1844147807087
330.55485479916905
330.92616171685006
331.29833553375187
331.67137624987436
332.0452838652177
332.4200583797817
332.79569979356654
333.17220810657204
333.54958331879834
333.92782543024543
334.3069344409133
334.68691035080184
335.06775315991115
335.4494628682412
335.83203947579204
336.21548298256266
336.67832622925414
337.1435914809226
337.6112787375682
338.0813879991913
338.55391926579125
339.02887253736844
339.506247813923
339.98604509545453
340.4682643819632
340.9529056734492
341.43996896991223
341.9294542713525
342.42136157776997
342.91569088916447
343.4124422055363
343.91161552688527
344.41321085321135
344.91722818451456
345.4236675207951
345.93252886205266
346.44381220828734
346.9575175594995
347.4736449156885
347.9921942768548
348.5131656429983
349.0365590141189
349.56237439021675
350.0906117712917
350.6212711573439
351.15435254837314
351.6898559443797
352.22778134536327
352.7681287513242
353.3108981622621
353.8560895781774
354.40370299906965
354.95373842493916
355.5061958557859
356.06107529160965
356.61837673241075
357.17810017818886
357.7402456289444
358.30481308467677
358.8718025453866
359.4412140110735
360.01304748173743
360.5873029573787
361.1639804379971
361.74307992359263
362.3246014141673
363.0011552938356
363.683762958251
364.3724244074124
365.0671396413211
365.76790865997555
366.4747314633771
367.18760805152465
367.90653842441907
368.6315225820599
369.3625605244472
370.0996522515816
370.8427977634617
371.59199706008894
372.34725014146215
373.1085570075827
373.8759176584492
374.6493320940624
375.4288003144218
376.21432231952804
377.00589810938095
377.80352768397984
378.60721104332583
379.41694818741826
380.23273911625733
381.0545838298424
381.8824823281748
382.7164346112529
383.55644067907815
384.40250053164937
385.25461416896746
386.1127815910322
386.97700279784294
387.8472777894008
388.72360656570504
389.60598912675596
390.49442547255285
391.3889156030973
392.2894595183873
393.19605721842413
394.1087087032072
395.02741397273735
395.9521730270137
396.8829858660365
397.8198524898062
398.7627728983223
399.71174709158504
400.66677506959377
401.62785683234983
402.59499237985165
403.5681817121058
405.23215819390316
406.929040749259
408.65882937817514
410.42152408065704
412.21712485669923
414.04563170630354
415.9070446294718
417.8013636261985
419.72858869648917
421.6887198403456
423.68175705775866
425.70770034873567
427.7665497132766
429.85830515137786
431.9829666630412
434.14053424827034
436.33100790705794
438.55438763940583
440.8106734453213
443.09986532479525
445.42196327783495
447.77696730443313
450.1648774045934
452.5856935783195
455.039415825604
457.52604414645066
460.04557854086306
462.5980190088321
465.18336555036694
467.8016181654657
470.45277685412293
473.1368416163423
475.8538124521274
478.6036893614728
481.3864723443785
484.20216140084995
487.0507565308799
489.93225773447375
492.84666501163156
495.79397836234784
498.77419778662806
501.7873232844722
504.8333548558767
507.91229250084143
511.02413621937376
514.1688860114627
517.3465418771139
520.5571038163325
523.8005718291097
527.0769459154599
530.4707347908698
533.900743807113
537.3669729641933
540.8694222621161
544.4080917008705
547.9829812804637
551.5940910008921
555.2414208621576
558.9249708642619
562.6447410072014
566.400731290978
570.1929417155934
574.0213722810422
577.8860229873335
581.7868938344564
585.7239848224181
589.6972959512186
593.7068272208526
597.7525786313272
601.8345501826334
605.9527418747784
610.107153707766
614.2977856815833
618.5246377962394
622.7877100517344
627.0870024480646
631.4225149852336
635.7942476632379
640.2022004820774
644.6463734417575
649.1267665422711
653.6433797836216
658.1962131658129
662.7852666888393
667.4105403527046
672.0720341574033
676.7697481029372
681.5036821893136
686.2738364165216
691.0802107845739
695.9228052934559
700.801619943175
705.7166547337365
710.6679096651296
715.6553847373598
720.6790799504324
725.7389953043366
730.8351307990815
735.9674864346598
741.1360622111824
765.2729224020732
790.1884366268641
815.8826048856135
842.355427178205
869.6069035049295
897.6370338654378
926.4458182598464
956.0332566882134
986.3993491504225
1017.54409564659
1049.467496176716
1082.1695507407421
1115.6502593386685
1149.9096219704952
1184.9476386362803
1220.7643093359657
1257.3596340696095
1294.73361283727
1332.8862456387724
1371.8175324740587
1411.5274733434198
1452.016068246623
1493.2833171837847
1535.3292201548466
1578.1537771594885
1604.4826520548959
1630.2613858963596
1655.4899786836759
1680.1684304169903
1704.2967410962447
1727.874910721439
1750.9029392926313
1773.3808268097928
1795.308573272865
1816.6861786819936
1837.513643037004
1857.7909663379833
1877.5181485849316
1896.69518977782
1915.3220899166772
1933.3988490015035
1950.9254670322698
1967.9019440090633
1984.3282799317676
2000.2044748004118
2015.5305286150542
2030.3064413756365
2044.5322130821587
2058.207843734679
2071.3333333348855
2124.7735808135476
2180.807141001802
2239.4340139008127
2300.6541995098814
2364.4676978283096
2430.874508857727
2499.8746325972024
2571.46806904627
2645.6548182058614
2722.4348800757434
2801.8082546556834
2883.7749419452157
2968.3349419455044
3055.4882546553854
3145.2348800753243
3237.5748182060197
3332.50806904654
3430.0346325973514
3530.154508857988
3632.867697828915
3738.174199510133
3846.0740139007103
3956.567141002044
4069.653580813436
4185.333333332092
4350.507199998479
4521.8821333316155
4699.458133331966
4883.235199998133
5073.213333331514
5269.392533332109
5471.772799998522
5680.354133332148
5895.136533332057
6116.119999998249
6343.304533331655
6576.690133332275
6816.2767999991775
7062.064533332363
7314.053333331831
7572.243199998513
7836.634133331478
8107.2261333316565
8384.01919999905
8667.01333333226
8956.208533332217
9251.604799998458
9553.202133331914
9861.000533331651
