23
81
74
48
22
2
28
19
3
94
1
117
468
428
17
37
37
1150
47
3
5842
94
52
20
88
108
18
271
1
38
43
32
7
97
2
5
22
9
2
3
11
43
348
9
86
22
16
9
9
20
49
10
44
7
366
3
2
343
4431
192
112
14
19
2
17
15
316
58
1139
1139
63
7958
3
679
1
729
16
1036
340
138
271
22
197
50
26
6
1
134
24
1
3
1
2
241
4
27
30
74
302
80
20
181
12
2
276
1
67
100
108
6
5
104
84
1368
253
46
8
19
56
56
475
20
851
36
3
4
28
185
1065
13
242
2
3
76
9
28
5
6
489
9
5
22
129
129
9
59
168
78
411
43
54
72
4
107
4205
15
6
11
3
52
2549
96
8
15
55
30
48
1607
6
128
2
2
8
22
530
1
3
22
33
33
47
61
5
1
4
53
20
347
2
32
44
12
9
7
1
2
2
25
31
7
16
50
50
168
150
2
30
48
65
53
343
54
4
48
1
48
1
6
13
110
13
682
7
5
245
245
4
302
13
4691
5
707
64
18
14
1
1
26
22
2
15
49
41
4
297
14
4
2
3
45
7
3
7
4
15
4
15
15
221
43
1949
3
25
53
6
258
12
5
25
5
9
25
11
11
5
335
46
549
26
1
549
59
26
26
6
6
196
405
177
4
4
8
8
275
69
11
4
8
14
12
4
13
3
36
3
26
11
11
416
94
33
619
34
26
44
213
5
8
5
32
8
43
3
81
91
4033
1
109
7
46
5
46
44
912
35
3
1
1
3
1
1
35
3
134
123
21
17
30
102
5
7
368
6
73
244
17
5
2
13
12
13
4
11
92
64
2
8
668
106
71
9
9
22
70
33
7
366
31
43
8
109
44
4
29
5
33
206
10
19
13
14
83
2
3
24
31
57
283
6
44
1
4
30
14
2
34
72
69
241
147
17
88
105
29
10
24
85
11
240
9
5
10
1
3
3
79
50
86
38
5
854
10
37
452
1
28
12
7
51
13
185
15
40
18
23
352
164
118
521
36
1147
81
7
272
15
99
19
47
622
14
1
5
8
300
46
10
1
781
35
22
2
33
92
682
841
83
168
239
139
140
736
100
1432
715
5
15
470
115
124
16
34
64
40
279
3
400
400
2
13
2
4
31
31
32
193
14
20
2273
2
1786
150
9937
33
27
963
37
357
24
285
326
24
24
317
317
272
37
49
1241
1580
73
377
10
40
285
733
104
231
292
508
521
47
2
184
47
28
15
1576
82
282
10
625
131
13
1280
1955
36
38
17
13
2119
13
1590
12
200
320
26
166
127
84
7
985
206
4
4
20
11
30
107
458
1550
1550
5
198
198
16
18
19
2
532
56
88
166
166
3
37
15
1
9
18
95
4
134
195
35
26
216
29
81
194
328
14
38
38
18
7
2628
8
244
119
56
6
58
385
62
213
244
21
5
80
100
1760
64
129
21
227
24
68
4
2
61
12
1025
1476
779
18
158
45
57
595
3
2
250
442
8
101
4
32
26
6
25
286
64
378
618
10
190
97
10
5
141
32
91
11
7
99
47
263
276
3
362
44
154
15
100
3
282
118
574
33
312
759
41
759
53
23
43
8
6
37
18
664
90
1065
810
627
3
1
1572
3
69
16
625
344
337
68
39
19
4
1027
557
130
10
47
57
253
5
39
53
49
15
413
53
17
291
27
1069
14
53
52
246
10
13
2
4
42
57
3
341
47
1
45
1
114
234
41
28
603
26
82
262
46
25
5081
158
3
35
35
20
57
19
33
39
271
457
323
1921
122
212
3
111
776
20
71
69
14
188
17
25
514
56375
42
56375
40
281
12
1924
81
23
528
28
372
6
69
260
27
13
73
16
75
40
961
547
276
69
58
41
236
186
2071
49
259
17
41
346
25
969
67
1613
235
1
71
113
159
21
19
137
37
19
13
186
85
15
28
21
343
208
44
17
8
37
612
19
2
44
63
2
3
63
31
10
61
13
10
12
1
1
64
423
2
244
244
4
8
4
8
7
170
563
114
14
65
563
14
24
38
8
8
31
198
5
57
5
18
409
248
19
23
1
1
31
599
430
1012
8
16
8
85
13
13
58
31
49
71
41
9
1191
45
1085
19
20
40
24
217
76
9
6
17
2
147
2
1040
42
15
63
16
64
51
18
3
1304
30357
3
382
13
13
560
33
194
14
67
14
70
2
2187
4
279
5
90
7
1
3
3
23
50
20
6
1
63
6
39
7
7
386
734
21
103
14
623
6
20
14
47
6
26
26
11
16
16
25
3
20
73
4
249
5
1
33
4
4
2
6
6
189
6
189
15
36
520
186
24
8
45
45
1
57
83
83
52
103
52
103
20
105
1876
2292
49
68
137
2
108
108
31
4
3597
1836
2
2
2
8
6
194
18
8
11
46
255
28
3
21
82
90
16
65
1233
50
10
905
1
11
202
8
56
6
5
3
12
546
22
2
44
374
273
12
44
5
3
13
211
717
20
32
1
114
340
1345
306
264
16
15
2
42
3
63
104
1014
87
18
4
40
10
6
11
60
4
21
11
39
522
47
36
261
45
82
