0.9999999999999999
1.0437634882247058
1.087720581090928
1.1318712785986669
1.1762155807479222
1.220753487538694
1.2654849989709822
1.310410115044787
1.3555288357601083
1.400841161116946
1.4463470911153002
1.492046625755171
1.5379397650365583
1.5840265089594618
1.630306857523882
1.6767808107298185
1.7234483685772717
1.7703095310662413
1.8173642981967273
1.86461266996873
1.912054646382249
1.9596902274372845
2.0075194131338363
2.055542203471905
2.1037585984514897
2.1521685980725915
2.200772202335209
2.2495694112393436
2.2985602247849948
2.3477446429721622
2.397122665800846
2.4466942932710465
2.4964595253827633
2.5464183621359964
2.596570803530746
2.6469168495670123
2.697456500244795
2.7481897555640944
2.7991166155249103
2.8502370801272425
2.901551149371091
2.9530588232564563
3.0047601017833383
3.056654984951736
3.1087434727616508
3.161025565213082
3.2135012623060297
3.2661705640404937
3.3190334704164743
3.3720899814339713
3.425340097092985
3.4787838173935146
3.5324211423355614
3.586252071919124
3.640276606144204
3.6944947450107994
3.7489064885189123
3.803511836668541
3.8583107894596864
3.9133033468923486
3.9684895089665266
4.023869275682221
4.079442647039433
4.135209623038161
4.191170203678405
4.247324388960166
4.303672178883443
4.360213573448237
4.4169485726545465
4.4738771765023735
4.530999384991717
4.588315198122577
4.645824615894953
4.703527638308845
4.761424265364254
4.81951449706118
4.877798333399622
4.93627577437958
4.994946820001056
5.053811470264048
5.112869725168555
5.17212158471458
5.231567048902121
5.291206117731178
5.351038791201752
5.4110650693138425
5.47128495206745
5.5316984394625734
5.592305531499213
5.65310622817737
5.714100529497042
5.775288435458231
5.836669946060938
5.89824506130516
5.960013781190898
6.021976105718154
6.084132034886926
6.146481568697213
6.209024707149018
6.271761450242339
6.334691797977177
6.397815750353531
6.4611333073714015
6.524644469030789
6.588349235331693
6.652247606274113
6.716339581858049
6.780625162083503
6.845104346950472
6.909777136458958
6.974643530608961
7.03970352940048
7.1049571328335155
7.170404340908067
7.2360451536241355
7.30187957098172
7.367907592980822
7.434129219621441
7.5005444509035755
7.567153286827225
7.633955727392393
7.700951772599077
7.768141422447277
7.835524676936993
7.903101536068227
7.970871999840977
8.038836068255243
8.106993741311026
8.175345019008324
8.24388990134714
8.312628388327473
8.381560479949322
8.450686176212686
8.520005477117568
8.589518382663966
8.659224892851881
8.729125007681311
8.79921872715226
8.869506051264723
8.939986980018704
9.0106615134142
9.081529651451214
9.152591394129743
9.22384674144979
9.295295693411354
9.366938250014433
9.438774411259029
9.510804177145141
9.58302754767277
9.655444522841917
9.728055102652577
9.800859287104757
9.873857076198451
9.947048469933662
10.02043346831039
10.094012071328635
10.167784278988394
10.241750091289672
10.315909508232465
10.390262529816775
10.464809156042602
10.539549386909947
10.614483222418805
10.689610662569182
10.764931707361074
10.840446356794484
10.916154610869409
10.992056469585851
11.06815193294381
11.144441000943283
11.220923673584275
11.297599950866784
11.374469832790808
11.451533319356349
11.528790410563406
11.60624110641198
11.683885406902071
11.761723312033677
11.839754821806801
11.91797993622144
11.996398655277597
12.07501097897527
12.153816907314459
12.232816440295165
12.312009577917387
12.391396320181126
12.470976667086383
12.550750618633153
12.63071817482144
12.710879335651246
12.791234101122566
12.871782471235404
12.95252444598976
13.03346002538563
13.114589209423016
13.19591199810192
13.27742839142234
13.359138389384277
13.44104199198773
13.523139199232698
13.605430011119186
13.687914427647188
13.770592448816705
13.853464074627743
13.936529305080294
14.019788140174363
14.103240579909947
14.186886624287048
14.270726273305666
14.3547595269658
14.43898638526745
14.52340684821062
14.6080209157953
14.692828588021502
14.77782986488922
14.863024746398452
14.948413232549203
15.033995323341468
15.11977101877525
15.205740318850552
15.291903223567367
15.378259732925697
15.464809846925547
15.551553565566913
15.638490888849795
15.725621816774192
15.812946349340105
15.900464486547538
15.988176228396483
16.07608157488695
16.164180526018928
16.252473081792427
16.34095924220744
16.429639007263972
16.51851237696202
16.60757935130158
16.69683993028266
16.786294113905257
16.875941902169366
16.965783295074996
17.055818292622142
17.146046894810805
17.236469101640985
17.327084913112678
17.417894329225888
17.508897349980614
17.600093975376858
17.69148420541462
17.783068040093898
17.87484547941469
17.966816523377002
18.05898117198083
18.151339425226173
18.24389128311303
18.336636745641407
18.4295758128113
18.522708484622708
18.616034761075632
18.709554642170076
18.803268127906033
18.89717521828351
18.991275913302502
19.08557021296301
19.180058117265034
19.274739626208575
19.369614739793633
19.464683458020207
19.559945780888295
19.655401708397903
19.751051240549025
19.846894377341666
19.942931118775824
20.039161464851496
20.135585415568684
20.23220297092739
20.32901413092761
20.42601889556935
20.523217264852605
20.620609238777377
20.718194817343665
20.81597400055147
20.913946788400793
21.01211318089163
21.110473178023984
21.209026779797853
21.307773986213242
21.406714797270144
21.505849212968563
21.605177233308503
21.70469885828995
21.804414087912924
21.904322922177407
22.004425361083413
22.10472140463093
22.205211052819966
22.30589430565052
22.406771163122585
22.507841625236168
22.609105691991275
22.71056336338789
22.812214639426024
22.914059520105674
23.01609800542684
23.118330095389524
23.220755789993724
23.32337508923944
23.426187993126675
23.529194501655425
23.632394614825692
23.735788332637476
23.839375655090773
23.943156582185587
24.04713111392192
24.151299250299772
24.255660991319136
24.360216336980017
24.464965287282414
24.56990784222633
24.67504400181176
24.780373766038707
24.88589713490717
24.991614108417153
25.097524686568647
25.203628869361662
25.309926656796193
25.416418048872238
25.5231030455898
25.629981646948877
25.737053852949476
25.844319663591587
25.95177907887522
26.059432098800364
26.167278723367026
26.275318952575205
26.383552786424897
26.49198022491611
26.600601268048838
26.70941591582308
26.818424168238842
26.92762602529612
27.03702148699491
27.146610553335222
27.25639322431705
27.36636949994039
27.476539380205253
27.586902865111625
27.697459954659518
27.808210648848927
27.919154947679854
28.030292851152296
28.141624359266252
28.25314947202173
28.364868189418722
28.47678051145723
28.58888643813725
28.70118596945879
28.81367910542185
28.926365846026428
29.039246191272515
29.15232014116012
29.265587695689245
29.379048854859885
29.49270361867204
29.606551987125712
29.720593960220903
29.83482953795761
29.94925872033583
30.06388150735557
30.178697899016825
30.2937078953196
30.408911496263883
30.52430870184969
30.63989951207701
30.75568392694585
30.8716619464562
30.987833570608075
31.10419879940146
31.22075763283636
31.337510070912785
31.45445611363072
31.57159576099017
31.688929012991142
31.806455869633623
31.924176330917632
32.04209039684315
32.16019806741018
32.27849934261874
32.3969942224688
32.51568270696038
32.634564796093485
32.753640489868104
32.87290978828424
32.99237269134189
33.11202919904106
33.231879311381746
33.35192302836394
33.47216034998766
33.59259127625289
33.71321580715964
33.83403394270791
33.95504568289769
34.076251027728986
34.197649977201806
34.319242531316135
34.44102869007199
34.56300845346935
34.68518182150824
34.807548794188634
34.93010937151055
35.052863553473976
35.17581134007892
35.298952731325386
35.422287727213366
35.54581632774287
35.669538532913876
35.793454342726406
35.91756375718045
36.041866776276024
36.1663634000131
36.291053628391694
36.4159374614118
36.54101489907343
36.66628594137658
36.79175058832124
36.91740883990742
37.043260696135114
37.16930615700433
37.29554522251505
37.4219778926673
37.54860416746106
37.67542404689633
37.80243753097312
37.92964461969144
38.05704531305126
38.1846396110526
38.31242751369547
38.44040902097984
38.568584132905734
38.69695284947315
38.82551517068207
38.95427109653251
39.08322062702447
39.21236376215794
39.341700501932934
39.47123084634944
39.60095479540747
39.73087234910701
39.86098350744807
39.991288270430644
40.12178663805473
40.25247861032034
40.38336418722746
40.5144433687761
40.64571615496625
40.77718254579793
40.90884254127111
41.04069614138582
41.17274334614204
41.304984155539785
41.43741856957904
41.570046588259814
41.7028682115821
41.83588343954591
41.96909227215124
42.10249470939808
42.23609075128644
42.36988039781632
42.50386364898772
42.63804050480063
42.77241096525505
42.90697503035099
43.04173270008845
43.17668397446743
43.311828853487924
43.447167337149935
43.582699425453455
43.7184251183985
43.85434441598506
43.99045731821313
44.12676382508273
44.26326393659383
44.39995765274646
44.536844973540596
44.673925898976265
44.811200429053436
44.94866856377213
45.08633030313233
45.22418564713406
45.362234595777295
45.50047714906205
45.63891330698833
45.77754306955612
45.91636643676542
46.05538340861625
46.19459398510858
46.33399816624244
46.47359595201781
46.613387342434706
46.753372337493104
46.893550937193034
47.03392314153436
47.1752017713074
47.3166796855689
47.458356884318846
47.60023336755724
47.74230913528409
47.884584187499385
48.02705852420313
48.16973214539532
48.31260505107596
48.455677241245056
48.5989487159026
48.74241947504859
48.886089518683036
49.029958846805926
49.174027459417275
49.318295356517055
49.462762538105295
49.60742900418198
49.752294754747126
49.89735978980072
50.04262410934275
50.18808771337324
50.33375060189218
50.479612774899564
50.6256742323954
50.77193497437969
50.91839500085241
51.0650543118136
51.21191290726324
51.35897078720132
51.50622795162785
51.653684400542836
51.80134013394627
51.949195151838154
52.097249454218485
52.24550304108726
52.39395591244449
52.54260806829018
52.691459508624305
52.84051023344688
52.98976024275791
53.13920953655739
53.28885811484531
53.43870597762169
53.588753124886516
53.73899955663979
53.88944527288152
54.040090273611696
54.190934558830314
54.34197812853739
54.49322098273291
54.64466312141688
54.79630454458931
54.94814525225018
55.1001852443995
55.25242452103727
55.404863082163494
55.557500927778165
55.71033805788128
55.863374472472856
56.01661017155287
56.170045155121336
56.323679423178255
56.47751297572363
56.63154581275744
56.7857779342797
56.94020934029042
57.094840030789584
57.249670005777205
57.40469926525327
57.55992780921778
57.71535563767074
57.87098275061216
58.02680914804201
58.18283482996033
58.339059796367096
58.495484047262295
58.65210758264597
58.808930402518065
58.96595250687863
59.12317389572764
59.28059456906509
59.438214526891
59.59603376920536
59.75405229600817
59.91227010729942
60.070687203079125
60.22930358334729
60.38811924810389
60.54713419734894
60.706348431082446
60.8657619493044
61.025374752014805
61.18518683921366
61.34519821090096
61.50540886707671
61.665818807740905
61.82642803289356
61.98723654253466
62.14824433666524
62.459691675361114
62.77431335320023
63.092109370182925
63.413079726309206
63.73722442157873
64.06454345599172
64.3950368295483
64.72870454224835
65.06554659409164
65.40556298507852
65.74875371520886
66.09511878448257
66.44465819289985
66.79737194046061
67.15326002716472
67.5123224530123
67.87455921800347
68.23997032213788
68.60855576541587
68.98031554783734
69.35524966940216
69.73335813011056
70.11464092996243
70.49909806895766
70.88672954709625
71.27753536437854
71.67151552080418
72.06867001637318
72.46899885108576
72.8725020249417
73.2791795379411
73.68903139008398
74.10205758137033
74.51825811180015
74.93763298137344
75.36018219009009
75.7859057379502
76.2148036249539
76.64687585110096
77.08212241639148
77.52054332082537
77.96213856440284
78.40690814712366
78.85485206898807
79.30597032999594
79.76026293014718
80.21772986944188
80.67837114788017
81.14218676546159
81.6091767221867
82.07934101805529
82.55267965306723
83.02919262722276
83.50887994052164
83.99174159296388
84.4777775845497
84.96698791527899
85.45937258515175
85.95493159416799
86.45366494232758
86.95557262963052
87.46065465607705
87.96891102166705
88.48034172640064
88.99494677027758
89.51272615329788
90.03367987546176
90.55780793676888
91.08511033721959
91.61558707681377
92.14923815555142
92.68606357343253
93.22606333045712
93.76923742662495
94.31558586193637
94.86510863639137
95.41780574998972
95.97367720273155
96.53272299461685
97.09494312564561
97.66033759581762
98.22890640513333
98.8006495535924
99.37556704119504
99.95365886794104
100.53492503383052
101.11936553886324
101.70698038303965
102.29776956635953
102.89173308882278
103.4888709504296
104.08918315117978
104.6926696910732
105.29933057011033
105.90916578829092
106.52217534561498
107.13835924208252
107.7577174776934
108.38025005244788
109.0059569663481
109.89266377660215
110.7876503825787
111.69091678427685
112.60246298169704
113.52228897483928
114.45039476370312
115.38678034828945
116.33144572859737
117.28439090462734
118.2456158763789
119.21512064385297
120.19290520704817
121.17896956596633
122.17331372060562
123.17593767096741
124.1868414170508
125.20602495885578
126.23348829638326
127.26923142963233
128.31325435860344
129.3655570832966
130.42613960371136
131.49500191984862
132.57214403170747
133.6575659392879
134.75126764259085
135.85324914161538
136.96351043636196
138.08205152683058
139.2088724130208
140.34397309493352
141.48735357256783
142.63901384592373
143.79895391500213
144.96717377980212
146.14367344032416
147.32845289656825
148.52151214853393
149.7228511962221
150.93247003963188
152.15036867876324
153.3765471136171
154.61100534419256
155.85374337049006
157.1047611925096
158.36405881025075
159.6316362237144
160.90749343289917
162.19163043780645
163.4840472384294
164.95041180761746
166.43155295577435
167.92747068290282
169.43816498900014
170.96363587406904
172.5038833381077
174.05890738111793
175.6287080030961
177.21328520404768
178.8126389839672
180.4267693428592
182.05567628071913
183.69935979755155
185.35781989335374
187.0310565681266
188.7190698218692
190.42185965458248
192.13942606626551
193.87176905692104
195.6188886265445
197.38078477514046
199.15745750270435
200.94890680924163
202.75513269474686
204.57613515922276
206.41191420267023
208.26246982508746
210.12780202647446
212.00791080683302
213.90279616616135
215.81245810446035
217.7368966217291
219.67611171796943
221.63010339317952
223.59887164735937
225.5824164805108
227.580737892632
229.59383588372384
231.62171045378545
233.66436160281773
235.72178933082068
237.7939936377943
239.88097452373768
241.98273198865172
244.09926603253643
246.2305766553909
248.37666385721604
250.53752763801276
252.71316799777833
254.90358493652275
257.01266177587604
259.13274591269555
261.2638373469813
263.4059360787337
265.55904210795234
267.7231554346372
269.89827605878827
272.08440398040557
274.28153919948954
276.48968171603974
278.70883153005525
280.93898864153834
283.18015305048766
285.4323247569032
287.69550376078496
289.9696900621334
292.25488366094714
294.551084557228
296.8582927509751
299.1765082421889
301.5057310308689
303.8459611170151
306.19719850062756
308.5594431817067
310.932695160252
313.3169544362636
315.71222100974137
318.11849488068583
320.5357760490956
322.9640645149725
325.4033602783147
327.8536633391245
330.31497369740055
332.7872913531428
335.27061630635126
337.76494855702595
340.2702881051673
342.7866349507749
345.31398909384916
347.8523505343892
350.401719272395
352.9620953078679
355.5334786408075
358.1158692712129
360.70926719908493
363.3136724244232
365.9290849472277
368.55550476749886
371.1929318852358
373.8413663004758
378.53004975566
383.3093186158585
388.17917288108583
393.13961255132017
398.19063762657606
403.33224810683896
408.5644439921307
413.88722528242215
419.30059197774244
424.804544078077
430.3990815834186
436.084204493789
441.8599128091737
447.7262065295581
453.68308565497136
459.7305501854062
465.868600120848
472.0972354613041
478.416456206789
484.82626235728094
491.32665391278715
497.91763087330764
504.5991932388497
511.371341009406
518.2340741849839
525.1873927655688
532.231296751168
539.365786141796
546.590860937431
553.9065211380803
561.3127667437511
568.8095977544363
576.3970141701429
584.0750159908494
591.8436032165846
599.7027758473341
607.6525338830979
615.692877323876
623.8238061696757
632.0453204204896
640.3574200763178
648.7601051371603
657.2533756030243
665.8372314738954
674.5116727497953
683.2766994307021
692.1323115166233
701.078509007566
710.1152919035303
719.2426602046908
733.5553066841676
748.1583304420928
763.0517314785393
778.2355097934924
793.7096653869085
809.474198258773
825.5291084091587
841.8743958380364
858.5100605453918
875.4361025312246
892.6525217955641
910.1593183383811
927.9564921596611
946.0440432594623
964.4219716377265
983.0902772944974
1002.0489602297021
1021.2980204434571
1040.837457935675
1060.6672727063706
1080.787464755529
1101.1980340832088
1121.8989806893806
1142.8903045740299
1164.1720057378989
1191.7364953294164
1220.0523169033695
1249.1194704595255
1278.937955998117
1309.5077735190862
1340.828923022258
1372.9014045078657
1405.7252179757925
1439.3003634259221
1473.6268408584874
1508.7046502733137
1544.5337916705757
1581.114265050157
1618.446070411941
1656.5292077561608
1695.3636770826997
1734.9494783914997
1775.2866116826772
1816.3750769561157
1858.2148742119898
1900.8060034502414
1944.1484646706376
1988.242257873586
2033.087383058737
2078.6838402253925
2126.137295144319
2174.427133258432
2223.5533545679646
2273.5159590728
2324.3149467729963
2375.9503176684957
2428.422071759356
2481.7302090455196
2535.874729527044
2590.8556332038133
2646.67292007606
2703.3265901435516
2760.816643406346
2819.1430798645015
2878.305899518018
2938.3051023668377
2999.14068841096
3060.812657650502
3123.3210100853466
3186.6657457154943
3250.846864541003
3315.8643665618147
3381.7182517779293
3448.4085201895214
3515.935171827674
4642.998945817351
5852.337621405721
7143.951198592782
8517.839677371085
9974.003057740629
11512.441339708865
13133.154523268342
14836.142608433962
16621.405595175922
18488.943483524024
20438.75627347082
22470.843965008855
24585.206558145583
26781.84405285865
29060.75644917786
31421.943747103214
33865.40594661236
36391.14304770529
38999.15505040437
41689.44195469469
44462.00376059115
47316.8404680565
50253.952077142894
53273.33858781308
