56
17
21
21
39
1
107
22
122
68
21
124
18
20
77
113
94
41
31
541
90
11
155
42
18
52
4
159
37
41
106
24
36
25
28
5
81
113
39
244
7
22
3
43
184
1044
161
15
56
33
533
103
48
46
30
14
4
9
26
84
36
16
25
30
12
48
14
61
23
17
39
23
91
15
381
10
12
30
51
4
58
53
157
1262
59
79
5
18
35
59
35
31
1271
38
4
42
52
14
18
462
40
20
93
2
471
73
309
34
2
33
33
2
22
96
175
15
16
37
50
2
43
93
64
59
58
39
4
4
3329
528
68
72
12
17
212
3
224
46
248
73
34
4
24
13
221
11
4
138
36
35
27
6
48
84
21
88
269
18
24
32
79
18
93
60
60
15
42
115
27
43
21
28
60
126
297
264
29
69
105
120
48
32
19
307
64
41
2347
91
18
143
41
103
30
1349
83
69
42
35
7
30
10
127
51
410
6
199
48
4
12
70
21296
18
158
4236
30
6
39
97
129
27
164
27
29
8
72
151
64
11
173
16
50
180
86
3
36
39
13
12
33
147
11
145
9
7
2
88
82
38
2
23
14
52
148
95
24
62
5
43
48
360
1198
43
35
281
1
39
224
95
58
34
2373
68
18
51
68
35
61
439
15
150
29
3531
36
35
12
12
3018
1
23
9
123
47
47
54
183
52
52
24
38
40
168
18
178
15
11
93
65
29
85
13
2444
14
9
85
10
48
100
484
3
31
48
77
10
631
11
111
7
75
35
199
10
58
7
14
6
81
3
6
12
90
15
8
26
12
9
6
86
144
102
45
58
805
114
61
3
8
118
378
25
18
39
61
6
33
69
36
91
16
4
12
113
6
5
92
10
15
7
37
19
105
41
41
190
68
68
22
174
45
61
23
108
112
2
16
8
2
21
56
91
14
24
58
42
7
60
14
30
528
30
7
18
61
60
131
9
57
36
1
33
122
54
412
19
19
64
45
11
75
22
50
142
16
58
247
69
37
138
79
53
306
15
75
41
7
30
47
15
47
1247
124
203
71
10
30
20
45
7
12
10
184
5
95
34
11
34
104
211
104
35
110
20
21
2
79
126
18
71
41
50
4
50
30
29
29
7
11
25
37
27
61
39
60
27
8
31
135
8
153
233
233
338
36
48
41
8
179
48
24
11
35
5
101
100
33
76
8
224
6
95
44
47
55
5
10
36
15
5
36
8
21
20
17
58
13
37
58
55
150
23
41
13
75
7
44
21
21
7
16
45
153
59
5566
57
54
198
1291
46
57
19
9
13
6
7
37
6
44
8
7
56
6
21
24
21
8
63
17
8
62
34
16
19
55
177
20
72
38
44
46
37
72
7
21
18
4986
7
7
155
155
25
44
25
14
64
96
112
48
52
24
315
52
33
33
213
23
288
156
29
14
9
9
20
55
54
58
17
166
59
122
30
42
419
61
40
166
34
1008
14
28
40
9
77
8
13
60
24
55
4
40
73
264
10
2
21
4
6
81
7
41
4
2719
108
224
128
27
21
27
9
21
34
46
8610
3
71
67
87
90
287
36
132
964
20
10
47
79
48
76
48
243
31
58
94
47
18
179
13
20
200
69
293
1
17
47
37
43
40
23
41
18
18
4713
520
400
3
10
5
16
21
20
6
6
26
53
39
48
7
36
4
170
7
21
11
68
38
21
7
50
5
11
30
196
82
139
18
34
32
86
489
41
10
28
34
41
7
32
40
104
24
7
41
19
55
60
21
84
5
39
11
6
51
51
72
7
115
3483
9
74
14
245
468
468
13
15
92
92
10
217
432
6
269
65
330
74
83
64
53
132
29
25
12
53
55
62
53
7
21
1
31
62
37
48
293
253
54
200
240
170
630
2
3
79
42
7
87
39
28
36
4
31
57
36
46
30
20
5
380
66
26
46
32
142
48
44
58
82
2
14
34
63
43
38
33
6
18
14
114
194
88
82
45
198
47
59
9
114
78
10
4078
135
62
15
45
19
17
22
28
23
144
480
75
60
12
62
93
10
23
23
27
73
80
8
48
156
133
134
9
39
93
15
43
3
76
148
4
30
36
122
45
4
102
12
1
40
41
14
356
40
72
41
72
71
284
12
123
32
22
28
16
70
20
40
43
5
11
5
42
5
153
39
330
27
90
254
61
27
68
10
125
37
43
28
229
61
44
28
30
19
2258
26
19
11
45
154
33
12
23
19
14
52
26
91
84
169
18
22
37
5
409
25
243
10
27
527
4
247
56
37
37
25
2
64
58
47
27
38
177
154
154
42
46
1
12
10
3
26
244
87
81
34
186
551
22
4
61
44
50
61
127
265
368
23
35
81
222
28
32
19
53
32
30
23
164
5051
28
12
403
51
35
22
108
40
108
22
39
29
58
8
135
17
178
42
8
109
1
25
38
128
33
39
603
61
16
47
416
112
29
24
31
67
16
50
12
339
33
153
137
5
49
10
17
176
90
86
8
35
76
155
11
19
281
41
131
5
20
23
50
44
69
90
17
133
44
4
30
129
83
9
43
78
12
5
49
202
219
13
17
8
33
24
33
46
44
40
6
82
35
49
19
49
48
90
50
23
198
24
261
87
105
459
224
35
29
34
55
2
102
7
21
8
215
24
714
24
15
15
62
71
55
11
18
163
599
53
109
3
5
174
22
63
842
17
489
4
509
50
13
48
49
78
55
74
19
44
25
55
8
6
73
21
25
173
5746
25
7
65
387
223
5
24
13
21
14702
640
34
430
10
640
222
34
453
52
129
213
41
16
14
32
85
36
9
35
5
218
71
73
16
84
162
116
152
102
86
21
25
270
7
44
284
6
165
7
15
48
222
65
45
212
46
419
21
33
200
43
63
115
61
43
68
67
31
7
906
14
79
13
15
27
25
12
224
113
99
128
125
114
3
21
28
111
10
16
28
5
9
59
56
6
25
183
45
30
20
30
35
24
48
21
25
51
85
62
105
14
29
165
41
89
2032
89
34
295
503
220
59
339
3
17
204
49
92
250
45
49
5683
185
58
49
139
12
7
1188
57
43
8
476
73
30
19
14
10
32
46
11
24
14
27
14
4
17
86
126
611
15
14
145
14
116
21
640
51
9
19
101
67
5
33
5
20
73
211
9
36
60
8
31
171
7
63
68
101
3
371
150
37
534
49
125
4
12
1064
41
9
371
71
5
27
31
431
45
177
3
25
46
212
40
75
58
61
474
42
693
11
138
76
31
286
76
16
72
22
278
12
22
103
103
40
51
16
642
74
48
156
30
124
125
28
30
44
21
14
125
3
50
4
104
38
33
278
82
44
13
73
12
17
31
194
22
55
318
51
280
280
65
56
35
263
180
72
8
46
79
130
31
70
8
38
27
6
13
53
110
59
17
34
12
4
40
71
47
13
108
3
81
65
4001
33
85
85
64
3
41
80
10
65
41
20
3
18
220
36
34
2111
90
303
422
62
29
36
52
66
40
70
1212
37
145
59
577
25
42
14
66
108
16
33
3
27
17
20
33
33
151
77
24
91
56
56
23
16
58
41
50
643
2
181
1
12
30
45
41
398
38
38
29
47
343
17
34
153
152
110
20
48
34
62
149
26
16
38
13
195
27
195
5
16
14
91
43
55
71
20
134
149
19
5
68
7
68
123
35
286
174
246
51
150
114
9
237
8
5
27
26
3
25
3
33
50
52
9
50
133
5
47
35
9
35
30
19
152
30
91
13
161
406
460
95
21
2
27
7438
27
67
19
5
7
157
13
34
70
13
9
116
116
47
98
21
29
4
35
38
8
174
47
63
134
13
8
27
14
24
200
157
198
68
15
14
47
13
100
11
115
34
13
281
216
75
34
260
25
13
857
496
29
143
835
6
6
167
26
53
15
43
120
179
69
52
107
36
12
42
5
17
154
43
7
91
478
5
91
17
143
32
27
83
20
17
17
176
17
23
15
388
388
97
23
63
41
5
117
171
40
3
34
8
44
617
152
48
30
30
48
8
13
30
52
30
31
52
43
64
1114
258
10
14
65
14
136
32
144
42
10
128
128
109
23
22
22
92
92
6
15
42
22
227
17
6
438
168
24
222
125
222
42
22
28
32
75
22
28
8
75
1
413
56
17
78
61
77
91
3
101
104
59
228
292
327
59
11
228
32
97
278
8
5
329
70
66
60
249
16
5
96
94
268
33
997
21
36
215
36
8
74
53
3
338
98
44
124
24
45
62
17
331
15
367
45
19
2121
119
320
45
87
1
153
73
59
31
73
26
67
42
1
104
4
351
12
254
351
16
407
72
426
18
29
10
12
29
159
12
103
396
2
49
17
127
396
25
22
194
900
44
27
52
3
47
306
142
430
33
72
82
6
18
7
53
66
575
6
35
138
46
39
50
40
437
83
153
13
48
7
4
44
44
2636
415
8
28
83
5
168
35
78
42
107
125
65
156
46
6
49
201
19
104
39
105
110
32
25
178
27
33
4
40
50
102
406
173
498
23
18
10
42
59
616
14
61
9
223
206
36
17
27
114
73
12
32
49
16
138
13
49
7
3
84
94
94
39
39
46
46
27
123
104
66
1003
13
218
2
243
18
10
3
77
141
20
14
60
2449
20
113
12
161
161
56
94
72
19
211
39
37
32
36
86
15
30
20
85
36
85
129
32
25
172
9
42
52
19
259
33
34
45
297
32
44
20
42
1186
2
92
360
46
143
124
44
123
90
24
185
24
29
68
64
128
40
16
261
8
13
176
26
3
24
24
24
461
12
24
45
66
21
21
139
505
135
92
221
83
167
45
37
227
32
56
9
29
3
166
275
18
94
515
26
43
6
25
33
42
77
12
33
21
3
12
47
7
270
58
44
77
110
7
41
42
59
86
39
113
14
275
18
78
5
96
10
59
28
54
799
27
38
57
19
154
12
328
2
13
73
118
39
28
89
4
1
268
28
15
32
16
40
67
129
72
48
25
75
33
40
37
35
71
28
58
58
23
1393
46
106
26
51
48
52
9
60
33
1757
16
143
33
71
15
43
60
37
37
22
16
61
98
9
19
143
26
32
86
33
32
26
40
14
13
1231
23
91
31
15
138
32
92
36
4
16
44
16
24
74
9
146
31
30
6
14
34
275
17
29
187
10
15
187
237
237
40
36
4
30
17
22
9
27
48
81
115
5
18
222
23
163
24
280
69
118
17
862
138
66
50
35
17
2870
28
23
49
22
172
47
29
48
46
25
896
28
8
61
55
50
5
31
50
11
32
30
35
34
21
485
115
34
308
30
10
346
7
20
309
48
82
65
36
329
57
347
60
43
130
58
74
76
74
35
69
29
51
159
14
22
18
58
61
2197
135
13
17
191
28
30
91
14
183
944
109
23
31
365
32
45
47
37
106
90
11
5
16
480
198
6
672
16
33
33
26
68
8
4
25
23
14
198
6
5
183
19
39
79
26
33
16
9
68
8
255
11
15
14
77
17
90
21
122
43
122
43
15
136
21
25
94
90
52
90
15
1084
4
42
173
6
32
39
7
61
21
4
24
296
83
42
28
4
54
55
154
1021
48
29
6
10
104
56
293
23
68
19
43
226
6
58
116
123
123
11
144
32
110
110
30
14
80
13
32
71
22
40
26
52
17
12
3
53
17
33
83
10
10
45
24
76
11
25
22
180
1
13
107
35
16
34
45
3
189
240
2140
113
78
74
35
18
9
85
54
13
52
89
3
40
40
70
9
42
26
36
30
3
224
21
5
256
7
35
355
392
56
76
208
121
19
33
11
27
67
36
104
12
58
46
64
74
123
6
143
20
35
108
97
20
41
16
210
39
25
97
32
4
21
21
130
413
40
94
54
64
63
23
62
290
1068
39
7
5
75
42
32
66
9
15
329
20
459
91
24
8
173
28
154
63
104
3
41
7
35
16
15
43
503
26
37
107
17
36
120
274
73
278
67
45
68
10
8
48
320
26
39
75
100
294
29
76
29
102
13
12
58
20
7
3
23
76
132
212
21
91
132
56
249
13
75
309
22
152
13
6
35
66
32
126
21
9
47
5312
43
110
608
608
164
29
89
47
46
47
16
74
89
45
106
14
52
53
44
3090
40
52
13
49
46
19
45
59
66
41
227
127
13131
35
36
3
17
11
92
3
184
25
46
28
763
82
48
237
35
10
35
27
321
18
12
11
1
3
143
32
16
47
3
98
9
76
76
63
119
43
135
55
6
11
61
464
13
235
28
25
85
39
269
152
148
79
22
15
716
90
79
154
13
13
49
35
4
198
45
32
22
68
35
101
287
19
5
14
47
48
489
62
77
63
16
25
16
93
48
51
51
25
29
16
28
53
183
217
12
371
1496
86
37
40
404
7
83
73
32
69
174
362
199
46
374
41
27
6
78
65
75
75
36
168
13
12
51
40
168
30
15
28
209
404
22
95
90
8
88
317
19
2
655
30
78
284
2
4
145
37
27
85
35
105
28
69
11
53
35
77
62
16
9
6418
159
42
18
36
3726
77
186
89
502
21
4
11
51
20
4
13
203
154
85
21
86
59
35
257
25
250
15
300
99
126
49
210
199
48
39
127
84
30
21
29
10
82
20
105
61
27
39
1382
39
32
50
27
18
32
44
27
24
2
37
7
232
183
10
183
91
37
470
87
256
71
1233
295
64
14
31
73
29
110
65
29
58
124
29
42
24
47
37
5091
93
24
20
206
83
685
83
74
48
25
29
13
23
18
19
25
110
64
25
19
21
166
23
30
3
75
149
32
104
98
262
104
116
116
42
43
1199
32
43
237
88
99
17
54
7
64
14
23
11
86
35
295
37
96
263
29
20
45
44
17
17
137
12
1
39
15
55
32
38
38
137
801
192
42
56
56
10
687
21
59
33
10
16
128
128
52
14
22
112
91
44
5
23
405
38
32
79
22
110
96
11
120
19
35
214
99
39
141
36
36
13
91
26
39
44
91
9
256
24
15
149
26
21
540
14
30
34
39
6
48
54
312
12
533
63
63
28
52
32
24
159
756
251
52
186
17
23
34
40
55
16
54
4
22
66
218
14
106
66
6
123
103
1852
37
92
74
13
16
241
27
36
42
33
160
65
41
21
35
35
55
88
394
36
32
36
62
30
1424
40
143
94
49
16
63
294
262
23
35
7
102
8
10
31
30
25
109
23
22
28
82
6
40
32
71
64
40
257
49
14
47
5
8
4
43
29
14
23
26
30
4
14
11
93
46
3
5
18
14
66
57
4
275
53
47
16
75
90
24
8
61
281
26
97
410
18
71
13
7
17
68
24
142
379
23
37
25
25
148
30
37
3
8
36
13
106
27
91
148
11
33
97
43
41
19
676
552
34
23
122
261
62
32
14
86
34
19
16
135
5
20
36
11
54
116
175
73
109
27
672
345
499
34
5
27
25
171
24
29
141
31
2
29
60
58
43
37
37
21
44
1
1758
260
98
147
10
14
42
12
36
23
9
102
102
91
61
15
275
26
44
61
258
221
43
265
9
111
37
64
10
121
24
50
55
59
19
255
35
12
68
38
53
42
23
188
402
315
69
231
215
779
65
16
658
4056
26
102
102
58
51
21
29
35
239
49
17
378
30
13
26
25
95
31
224
139
46
145
41
465
66
16
9
63
19
41
40
10
65
5
57
22
182
29
64
133
50
15091
51
28
24
44
58
150
23
5
23
19
38
11
217
24
166
131
8
26
263
107
28
47
90
5
121
29
45
27
43
11
31
151
6
71
132
113
1037
107
5
39
55
95
28
194
8
275
25
29
275
3
39
5087
21
3
21
30
109
235
29
46
45
244
93
27
23
38
7169
36
78
149
76
78
38
33
128
3
30
127
25
299
7
1174
66
66
126
62
34
25
509
43
22
27
10
23
119
4
60
17
68
32
114
125
19
18
103
38
77
12
58
41
26
23
62
25
18
22
23
25
34
28
17
459
129
38
11
84
8
180
22
44
39
193
46
47
28
21
9
61
33
6290
34
24
34
9
13
471
30
74
346
29
355
21
38
6
69
46
68
51
25
14
5
36
96
146
20
78
20
12
62
145
1032
120
148
81
230
6
20
24
232
32
48
25
83
12
34
34
86
14
15
15
17
3
241
8
16
55
29
39
3
1
4
38
20
16
227
29
60
135
6
5
39
23
21
71
22
54
22
14
44
39
205
101
47
10
85
205
44
40
331
66
67
1612
11
49
49
36
151
87
16
13
36
13
25
69
41
42
42
6
23
14
561
48
30
12117
3
47
16
32
561
24
29
23
63
25
53
298
36
55
53
56
124
39
28
47
47
14
23
412
27
703
41
22
227
50
131
42
16
25
23
78
19
86
46
91
38
272
54
221
13
222
72
42
82
28
285
5114
135
5
11
20
18
11
24
35
3268
67
28
60
14
16
39
22
5
144
56
6
22
6
74
2543
28
622
75
61
226
6
12
6
45
102
36
12
17
93
46
751
36
35
35
60
17
32
11
32
20
247
9
97
8
53
83
89
400
507
13
31
18
108
39
18
107
117
51
32
36
10
92
11
15
83
256
52
35
25
68
101
19
174
1163
362
1474
12
35
2148
77
45
4
27
18
45
39
25
45
64
311
24
40
53
37
18
16
267
16
35
49
1
24
34
17
88
32
63
18
26
56
38
60
36
248
52
56
37
64
25
57
107
37
8
95
237
31
23
74
61
3
24
279
203
20
70
41
44
35
373
66
454
6
61
13
66
26
8
68
22
17
5050
5
38
181
256
60
133
315
53
46
133
3
27
27
33
13
23
84
20
48
8
957
18
33
9
113
50
543
536
22
60
36
23
5044
128
23
11
46
56
49
93
37
16
12
13
29
31
25
162
254
73
29
25
26
13
73
11
34
1679
14
11
33
21
33
88
70
60
145
7
26
74
112
13
28
91
407
25
21
946
72
27
2
34
111
20
63
54
34
25
7
41
23
70
59
70
85
117
8
30
37
24
100
48
42
67
58
58
30
46
30
311
764
17
33
3
60
19
19
1
58
32
416
207
10
10
194
13
558
34
14
22
110
2
28
12
113
8
20
1041
7
412
15
54
45
137
46
6
52
144
120
9
278
49
16
3860
34
95
63
188
143
45
174
7
35
179
38
165
39
39
5038
50
15
4
38
113
71
16
86
67
5132
105
24
27
83
67
51
11
8
20
38
8
130
156
38
39
15
19
17
24
52
23
60
4
37
39
4
16
11
50
127
14
129
43
12
54
26
53
27
56
59
51
4070
153
14
38
2
17
24
59
4
99
46
13
22
11
51
117
34
61
117
265
53
31
51
9
76
50
29
34
30
53
31
90
46
229
322
8
113
108
114
24
64
1775
5407
12
13
565
41
73
75
47
27
148
63
41
140
103
33
87
32
1853
23
232
1853
90
19
148
54
23
2804
21
18
42
11
328
13
21
108
59
53
5041
328
112
36
255
132
21
80
26
6
9
187
55
80
28
33
34
45
129
30
45
9
42
74
13
20
51
80
2
82
81
1
27
124
40
171
85
312
171
34
36
34
39
35
31
27
67
27
114
25
27
101
149
158
79
77
24
24
91
36
33
35
19
32
278
12
14
4
12
117
86
45
38
12
101
5
96
17
93
29
64
3
116
5
12
13
14
25
69
45
30
33
15
7
22
27
328
19
83
87
39
70
49
21
52
45
2630
19
90
131
11
15
13
274
17
18
3
186
37
14
114
44
28
30
20
53
4
31
461
50
104
30
83
21
4
8
25
21
12
31
22
49
27
46
56
93
24
46
21
414
13
150
12
25
16
37
18
167
293
293
83
19
50
44
29
39
36
33
20
22
50
25
23
116
97
12
10
50
295
168
50
112
138
18
32
74
97
8
29
103
48
24
24
71
338
172
32
46
25
46
29
48
18
46
61
11
26
199
27
287
6
20
84
145
64
267
43
6
126
55
68
250
27
22
35
7
69
28
45
83
66
31
83
16
35
47
13
8
448
176
124
246
47
32
33297
14
7
34
61
9
47
10
54
24
108
23
61
25
56
37
38
22
73
66
11
65
64
30
4
17
73
26
115
42
175
5
17
29
35
72
19
8
2
29
26
18
14
30
30
6
9
43
21
13
53
39
3
15
39
61
17
54
10
44
880
43
28
5
419
28
93
11
14
62
509
18
509
24
46
14
22
36
30
91
45
31
41
23
8
119
49
9
49
14
4
17
65
29
63
10
6
94
39
78
596
44
40
41
54
15
37
83
24
66
27
68
46
291
1129
37
57
52
41
28
29
18
69
26
846
5
109
23
9
31
49
10
5
111
17
4
71
80
3
102
41
71
60
37
12
242
284
30
24
47
23
226
15
67
198
17
32
81
154
7
147
26
106
38
204
54
67
40
38
54
66
195
54
12
314
25
204
146
4090
66
8
75
4770
3
1020
75
37
38
40
55
105
31
210
46
13
146
134
42
260
74
23
118
39
16
245
21
29
265
116
192
62
190
92
12
66
33
33
71
324
2
44
99
461
399
11
10
47
46
38
46
27
47
29
116
23
135
47
4
40
21
351
61
12
198
41
335
18
39
9
4
14
37
52
77
49
60
19
19
25
40
49
1
162
257
176
689
35
71
14
6
66
157
132
93
145
86
86
22
68
159
72
9
233
197
10
249
69
118
36
18
21
49
123
43
58
42
67
124
33
221
24
26
231
17
72
77
16
120
28
41
452
1
42
61
75
13
90
12
31
89
29
33
126
20
122
16
5
28
347
36
1129
131
36
64
347
164
291
112
36
35
103
30
30
132
18
12
56
276
95
89
173
48
11
41
49
378
62
15
152
26
27
53
11
30
38
32
87
54
43
4
65
1340
4
321
12
4
62
23
65
39
17
1116
41
89
38
165
40
10
4
14
13
17
21
177
50
12
299
96
39
17
45
22
47
85
77
9
375
21
51
4
15
25
73
61
129
129
29
143
123
23
58
17
91
40
24
24
51
57
57
166
61
17
161
66
72
3
236
27
22
320
105
75
15
80
18
27
74
31
3
59
20
92
47
43
29
23
13
18
5
53
22
28
62
87
31
37
58
51
12
142
35
43
29
45
26
151
173
37
40
125
348
4
16
16
12
6
47
184
154
29
348
29
7
4
4
4
78
4
113
18
123
71
35
109
129
75
67
35
23
15
56
208
53
170
54
14
81
76
46
62
17
13
3
27
154
76
2
44
12
18
552
20
473
17
20
98
39
23
276
369
69
93
64
886
106
164
27
71
62
7041
12
7
71
830
36
18
15
18
277
112
26
41
45
23
10
38
1018
15
10
44
11
8
145
32
35
22
70
65
52
108
206
62
75
120
38
5
92
117
24
139
82
60
55
169
246
52
10
310
62
79
601
43
10
44
79
81
14
18
86
37
19
86
61
169
51
2665
12
44
42
37
13
140
37
65
38
53
211
38
93
89
85
59
115
45
45
179
189
20
139
26
90
1
145
106
183
9
19
85
36
125
87
52
35
59
7
47
51
641
73
124
81
29
277
67
39
3
31
19
4
96
117
4
84
40
46
56
539
14
45
14
56
38
18
229
125
289
40
70
26
162
1
31
63
14
13
16
195
385
77
11
123
80
95
111
28
8
28
14
3
157
194
47
61
175
16
48
25
67
214
71
73
341
35
50
50
41
42
26
28
27
275
13
2
10051
6
3
28
56
25
20
70
45
17
26
27
207
12
245
135
8
341
208
19
18
208
51
413
163
14
139
82
3
25
30
98
98
49
25
117
3
10
38
19
12
11
74
20
20
153
37
42
28
222
36
165
384
336
29
95
17
6
22
149
23
14
65
47
83
21
5
77
22
27
40
77
118
81
47
14
26
232
17
62
42
26
27
6
83
2
31
8
60
46
14
9
29
139
209
25
71
363
42
233
203
59
84
78
88
21
65
78
32
115
2
6
7
21
31
43
5097
17
40
27
350
7
44
276
230
57
191
27
36
70
6
20
89
426
123
83
62
38
19
79
55
39
401
261
24
4
24
372
18
36
21
16
54
32
33
17
19
51
27
3
31
59
54
8
12
30
47
57
59
20
15
12
57
20
24
483
16
71
18
43
61
26
21
97
18
12
32
25
16
28
140
5
26
50
68
41
27
79
15
22
75
35
5048
47
5
94
13
9
2959
323
252
20
8
55
23
2344
52
24
40
1986
2
22
505
38
3
10
104
143
11
32
137
25
85
67
11
34
19
35
53
285
56
46
87
8
63
188
229
229
497
292
69
22
21
368
130
6
27
52
54
36
98
226
11
38
106
108
182
182
49
40
108
56
22
32
22
19
2337
16
2
14
48
30
105
94
64
26
37
7
69
37
51
8
197
8
123
13
3
1848
338
97
32
5
58
30
2
16
16
1
2
174
66
61
2337
237
66
17
28
56
43
7
23
217
20
96
38
96
88
21
28
1
227
56
4
35
48
8
1431
59
39
27
25
46
108
100
50
408
13
29
48
25
113
25
41
114
33
35
76
15
50
55
16
6
5117
2376
311
220
14
4395
19
337
36
58
17
66
21
22
29
844
39
47
17
75
17
40
44
879
473
485
105
480
18
28
8
175
2
3
1076
72
72
329
28
10
9
53
229
110
52
22
22
68
48
39
44
85
92
74
20
53
259
93
75
74
70
97
14
82
45
7
9
225
42
84
26
37
120
41
424
359
44
586
25
274
69
46
22
5
46
216
28
17
128
36
29
31
10
58
46
33
73
101
43
12
51
266
49
41
98
3
103
188
188
10
85
70
20
74
120
58
19
1
13
34
21
1412
16
266
10
51
43
8
18
57
50
81
3
39
20
107
339
76
40
30
4
384
47
1
41
720
111
85
212
7
217
137
19
4
13
98
30
10
19
48
4
33
105
11
12
18
101
101
92
11
33
28
28
20
45
52
362
56
32
56
70
1160
34
61
45
93
21
19
31
2
49
81
98
81
25
255
70
2
255
145
23
