28.0
30.75081527319982
33.499522902122465
36.24612288676793
38.99061522713622
41.732999923227325
44.47327697504125
47.211446382578
49.947508145837574
52.68146226481997
55.41330873952518
58.14304756995322
60.87067875610408
63.596202297977754
66.31961819557426
69.04092644889357
71.76012705793573
74.47722002270069
77.19220534318848
79.90508301939909
82.61585305133252
85.32451543898877
88.03107018236784
90.73551728146974
93.43785673629446
96.13808854684198
98.83621271311235
101.53222923510553
104.22613811282153
106.91793934626035
109.607632935422
112.29521888030648
114.98069718091377
117.66406783724386
120.34533084929679
123.02448621707255
125.70153394057112
128.3764740197925
131.04930645473672
133.72003124540376
136.3886483917936
139.05515789390626
141.71955975174177
144.38185396530008
147.04204053458122
149.70011945958518
152.35609074031197
155.00995437676153
157.66171036893397
160.31135871682923
162.9588994204473
165.60433247978816
168.24765789485187
170.8888756656384
173.52798579214777
176.16498827437994
178.79988311233492
181.43267030601274
184.0633498554134
186.69192176053684
189.3183860213831
191.94274263795222
194.56499161024416
197.18513293825887
199.80316662199647
202.41909266145686
205.03291105664007
207.6446218075461
210.25422491417493
212.86172037652662
215.46710819460114
218.07038836839845
220.67156089791857
223.27062578316153
225.86758302412733
228.46243262081595
231.05517457322733
233.6458088813616
236.23433554521867
238.82075456479856
241.40506594010125
243.9872696711268
246.56736575787517
249.14535420034633
251.72123499854033
254.29500815245714
256.8666736620968
259.43623152745926
262.0036817485445
264.56902432535264
267.13225925788356
269.69338654613733
272.2524061901139
274.80931818981327
277.36412254523543
279.9168192563805
282.4674083232484
285.01588974583905
287.56226352415257
290.1065296581889
292.64868814794806
295.18873899343004
297.72668219463475
300.26251775156237
302.7962456642128
305.32786593258606
307.85737855668214
310.384783536501
312.9100808720427
315.4332705633073
317.9543526102947
320.4733270130048
322.9901937714378
325.50495288559364
328.01760435547226
330.52814818107373
333.03658436239806
335.5429128994452
338.0471337922151
340.54924704070777
343.0492526449234
345.54715060486177
348.042940920523
350.5366235919071
353.0281986190139
355.5176660018436
358.0050257403961
360.49027783467136
362.97342228466954
365.4544590903905
367.9333882518343
370.4102097690009
372.88492364189034
375.3575298705026
377.8280284548377
380.29641939489557
382.7627026906763
385.2268783421798
387.6889463494062
390.14890671235537
392.6067594310274
395.0625045054222
397.51614193553985
399.9676717213803
402.41709386294366
404.8644083602298
407.30961521323877
409.75271442197055
412.1937059864252
414.6325899066026
417.0693661825029
419.504034814126
421.93659580147187
424.3670491445406
426.79539484333213
429.22163289784646
431.6457633080837
434.0677860740436
436.4877011957265
438.90550867313215
441.32120850626063
443.7348006951119
446.14628523968605
448.5556621399829
450.9629313960027
453.36809300774536
455.7711469752107
458.1720932983989
460.57093197731
462.96766301194384
465.3622864023005
467.75480214838
470.14521025018234
472.53351070770753
474.91970352095547
477.3037886899263
479.68576621461995
482.0656360950363
484.4433983311756
486.8190529230377
489.1925998706226
491.5640391739303
493.93337083296086
496.3005948477142
498.66571121819044
501.02871994438937
503.38962102631126
505.7484144639559
508.10510025732333
510.45967840641373
512.8121489112268
515.1625117717626
517.5107669880215
519.8569145600031
522.2009544877075
524.5428867711346
526.8827114102847
529.2204284051576
531.5560377557532
533.8895394620718
536.2209335241131
538.5502199418772
540.8773987153643
543.202469844574
545.5254333295067
547.8462891701621
550.1650373665403
552.4816779186414
554.7962108264654
557.108636090012
559.4189537092816
561.727163684274
564.0332660149892
566.3372607014271
568.6391477435881
570.9389271414717
573.2365988950781
575.5321630044075
577.8256194694595
580.1169682902345
582.4062094667322
584.6933429989529
586.9783688868962
589.2612871305624
591.5420977299516
593.8208006850634
596.0973959958981
598.3718836624556
600.644263684736
602.914536062739
605.182700796465
607.4487578859139
609.7127073310854
611.97454913198
614.2342832885971
616.4919098009373
618.7474286690002
621.0008398927858
623.2521434722944
625.5013394075258
627.74842769848
629.9934083451569
632.2362813475569
634.4770467056795
636.715704419525
638.9522544890932
641.1866969143844
643.4190316953983
645.649258832135
647.8773783245947
650.103390172777
652.3272943766822
654.5490909363103
656.7687798516612
658.9863611227348
661.2018347495315
663.4152007320507
665.6264590702929
667.8356097642579
670.0426528139457
672.2475882193562
674.4504159804898
676.651136097346
678.849748569925
681.046253398227
683.2406505822516
685.4329401219992
687.6231220174697
689.8111962686628
691.9971628755789
694.1810218382177
696.3627731565794
698.5424168306638
700.719952860471
702.8953812460012
705.0687019872541
707.2399150842299
709.4090205369286
711.5760183453499
713.7409085094941
715.9036910293612
718.064365904951
720.2229331362637
722.3793927232992
724.5337446660576
726.6859889645388
728.8361256187427
730.9841546286693
733.130075994319
735.2738897156913
737.4155957927865
739.5551942256045
741.6926850141454
743.828068158409
745.9613436583954
748.0925115141048
750.2215717255369
752.3485242926919
754.4733692155697
756.5961064941703
758.7167361284937
760.8352581185399
762.951672464309
765.0659791658007
767.1781782230155
769.2882696359529
771.3962534046134
773.5021295289966
775.6058980091025
777.7075588449313
779.807112036483
781.9045575837574
783.9998954867547
786.0931257454748
788.1842483599178
790.2732633300834
792.3601706559721
794.4449703375833
796.5276623749176
798.6082467679746
800.6867235167545
802.7630926212571
804.8373540814825
806.909507897431
808.979554069102
811.047492596496
813.1133234796127
815.1770467184524
817.2386623130147
819.2981702633
821.355570569308
823.410863231039
825.4640482484928
827.5151256216692
829.5640953505686
831.6109574351907
833.6557118755358
835.6983586716035
837.7388978233942
839.7773293309076
841.8136531941439
843.847869413103
845.8799779877849
847.9099789181896
849.9378722043172
851.9636578461676
853.9873358437408
856.0089061970368
858.0283689060556
860.0457239707973
862.0609713912619
864.0741111674491
866.0851432993593
868.0940677869921
870.100884630348
872.1055938294265
874.1081953842281
876.1086892947523
878.1070755609993
880.1033541829693
882.0975251606619
884.0895884940775
886.0795441832158
888.067392228077
890.0531326286609
892.0367653849678
894.0182904969975
895.9977079647499
897.9750177882252
899.9502199674232
901.9233145023443
903.8943013929879
905.8631806393546
907.829952241444
909.794616199256
911.7571725127912
913.717621182049
915.6759622070297
917.6321955877332
919.5863213241594
921.5383394163086
923.4882498641806
925.4360526677755
927.3817478270929
929.3253353421334
931.2668152128966
933.2061874393828
935.1434520215917
937.0786089595233
939.0116582531779
940.9425999025552
942.8714339076555
944.7981602684786
946.7227789850242
948.6452900572929
950.5656934852843
952.4839892689987
954.4001774084356
956.3142579035956
958.2262307544784
960.136095961084
962.0438535234125
963.9495034414635
965.8530457152376
967.7544803447345
969.6538073299542
971.5510266708966
973.446138367562
975.3391424199501
977.2300388280612
979.1188275918951
981.0055087114515
982.890082186731
984.7725480177332
986.6529062044583
988.531156746906
990.4072996450768
992.2813348989705
994.1532625085869
996.023082473926
997.8907947949879
999.7563994717727
1001.6198965042805
1003.481285892511
1005.3405676364641
1007.1977417361403
1009.0528081915393
1010.905767002661
1012.7566181695057
1014.605361692073
1016.4519975703632
1018.2965258043763
1020.1389463941123
1021.9792593395707
1023.8174646407523
1025.6535622976567
1027.4875523102837
1029.319434678634
1031.1492094027064
1032.9768764825021
1034.8024359180206
1036.6258877092619
1038.447231856226
1040.2664683589128
1042.0835972173227
1043.8986184314551
1045.7115320013106
1047.5223379268887
1049.3310362081897
1051.1376268452136
1052.9421098379603
1054.7444851864295
1056.544752890622
1058.342912950537
1060.138965366175
1061.9329101375358
1063.7247472646193
1065.5144767474258
1067.302098585955
1069.087612780207
1070.8710193301818
1072.6523182358794
1074.4315094973
1076.2085931144434
1077.9835690873097
1079.7564374158985
1081.5271981002104
1083.295851140245
1085.0623965360026
1086.8268342874826
1088.5891643946857
1090.3493868576115
1092.1075016762604
1093.8635088506321
1095.6174083807261
1097.3692002665434
1099.1188845080835
1100.8664611053464
1102.6119300583318
1104.3552913670405
1106.0965450314718
1107.8356910516259
1109.572729427503
1111.3076601591026
1113.040483246425
1114.7711986894706
1116.4998064882388
1118.22630664273
1119.9506991529438
1121.6729840188805
1123.39316124054
1125.1112308179224
1126.8271927510275
1128.5410470398556
1130.2527936844062
1131.96243268468
1133.6699640406764
1135.3753877523955
1137.0787038198378
1138.7799122430026
1140.4790130218905
1143.2912726968127
1146.110311313441
1148.9361288717703
1151.7687253718013
1154.6081008135338
1157.4542551969676
1160.307188522103
1163.1669007889398
1166.0333919974778
1168.9066621477175
1171.7867112396584
1174.673539273301
1177.5671462486448
1180.4675321656903
1183.374697024437
1186.2886408248853
1189.2093635670349
1192.136865250886
1195.0711458764385
1198.0122054436924
1200.960043952648
1203.9146614033048
1206.8760577956632
1209.8442331297229
1212.819187405484
1215.8009206229465
1218.7894327821105
1221.7847238829759
1224.7867939255427
1227.7956429098112
1230.811270835781
1233.8336777034522
1236.8628635128248
1239.8988282638988
1242.9415719566744
1245.9910945911513
1249.0473961673297
1252.1104766852095
1255.1803361447908
1258.2569745460735
1261.3403918890576
1264.4305881737432
1267.5275634001302
1270.6313175682185
1273.7418506780086
1276.8591627294998
1279.9832537226923
1283.1141236575866
1286.2517725341822
1289.3962003524791
1292.5474071124777
1295.7053928141777
1298.8701574575791
1302.0417010426818
1305.220023569486
1308.4051250379916
1311.5970054481986
1314.7956648001073
1318.0011030937173
1321.2133203290286
1324.4323165060416
1327.6580916247558
1330.8906456851716
1334.1299786872887
1337.3760906311072
1340.6289815166274
1343.888651343849
1347.1551001127718
1350.428327823396
1353.708334475722
1356.9951200697494
1360.2886846054785
1363.5890280829087
1366.8961505020407
1370.2100518628736
1373.5307321654082
1376.8581914096442
1380.1924295955819
1383.5334467232205
1386.881242792561
1390.2358178036027
1393.597171756346
1396.9653046507908
1400.3402164869367
1403.7219072647845
1407.1103769843332
1410.505625645584
1413.9076532485356
1417.316459793189
1420.7320452795434
1424.1544097075998
1427.5835530773572
1431.0194753888163
1434.4621766419768
1437.9116568368386
1441.367915973402
1444.830954051667
1448.300771071633
1451.7773670333008
1455.2607419366698
1457.7208984227254
1460.1674378631697
1462.600360258008
1465.0196656072417
1467.4253539108686
1469.8174251688888
1472.1958793813037
1474.5607165481138
1476.9119366693167
1479.2495397449138
1481.5735257749052
1483.8838947592917
1486.1806466980706
1488.4637815912442
1490.733299438812
1492.9892002407746
1495.2314839971305
1497.4601507078805
1499.6752003730253
1501.8766329925638
1504.0644485664961
1506.2386470948227
1508.399228577544
1510.5461930146585
1512.6795404061672
1514.7992707520698
1516.905384052368
1518.997880307059
1521.0767595161437
1523.1420216796232
1525.1936667974978
1527.2316948697653
1529.2561058964266
1531.2668998774825
1533.2640768129331
1535.2476367027766
1537.2175795470148
1539.173905345648
1541.1166140986743
1543.0457058060942
1544.961180467909
1546.8630380841187
1548.7512786547209
1550.6259021797177
1552.4869086591088
1554.3342980928942
1556.1680704810733
1557.9882258236466
1559.7947641206142
1561.587685371976
1563.3669895777316
1565.1326767378814
1566.884746852425
1568.6231999213637
1570.3480359446958
1572.0592549224216
1573.7568568545425
1575.4408417410568
1577.1112095819653
1578.7679603772676
1580.411094126965
1582.0406108310558
1583.6565104895403
1585.2587931024195
1586.8474586696934
1588.4225071913606
1589.9839386674216
1591.5317530978768
1593.0659504827272
1594.5865308219704
1596.0934941156083
1597.58684036364
1599.0665695660664
1600.5326817228865
1601.985176834101
1603.42405489971
1604.849315919712
1606.2609598941085
1607.658986822899
1609.043396706084
1610.4141895436628
1611.771365335636
1613.1149240820023
1614.4448657827643
1615.7611904379196
1617.0638980474691
1618.352988611412
1619.6284621297505
1620.8903186024818
1622.1385580296073
1623.3731804111267
1624.5941857470425
1625.8015740373503
1626.9953452820519
1628.175499481149
1629.34203663464
1630.4949567425228
1631.6342598048022
1632.7599458214754
1633.872014792525
1637.8835316781478
1641.9391159728275
1646.038767676553
1650.1824867893338
1654.370273311164
1658.6021272420403
1662.8780485819752
1667.1980373309543
1671.5620934889866
1675.970217056074
1680.4224080322056
1684.918666417394
1689.4589922116265
1694.0433854149142
1698.671846027255
1703.34437404864
1708.06096947908
1712.8216323185716
1717.6263625671108
1722.475160224707
1727.3680252913473
1732.3049577670408
1737.2859576517858
1742.3110249455804
1747.3801596484263
1752.4933617603238
1757.6506312812726
1762.851968211271
1768.0973725503209
1773.3868442984203
1778.720383455573
1784.0979900217753
1789.5196639970254
1794.9854053813324
1800.4952141746853
1806.0490903770915
1811.647033988549
1817.2890450090526
1822.975123438613
1828.7052692772231
1834.4794825248828
1840.2977631815938
1846.1601112473509
1852.0665267221666
1858.0170096060301
1864.0115598989414
1870.0501776009096
1876.132862711922
1882.2596152319911
1888.4304351610608
1894.2498684354714
1900.0978611164337
1905.9744132039468
1911.8795246980098
1917.8131955986246
1923.7754259057874
1929.7662156195029
1935.7855647397682
1941.8334732665844
1947.9099411999505
1954.0149685398683
1960.1485552863342
1966.3107014393554
1972.501406998923
1978.7206719650421
1984.9684963377113
1991.244880116932
1997.5498233027047
2003.8833258950272
2010.2453878938977
2016.6360092993218
2023.055190111294
2029.5029303298197
2035.9792299548935
2042.484088986519
2049.0175074246945
2055.5794852694216
2062.1700225206987
2068.7891191785275
2075.4367752429043
2082.112990713833
2088.8177655913114
2095.5510998753434
2102.3129935659235
2109.1034466630554
2115.9224591667353
2122.7700310769687
2129.646162393752
2136.5508531170854
2143.4841032469685
2150.4459127834034
2157.436281726388
2164.4552100759265
2171.502697832011
2178.5787449946492
2185.6833515638355
2192.8165175395734
2199.978242921863
2207.1685277107026
2214.387371906236
2223.2660783713363
2232.237316904284
2241.3010875050786
2250.457390173742
2259.7062249102382
2269.0475917145886
2278.4814905867934
2288.0079215268524
2297.626884534755
2307.338379610508
2317.1424067541193
2327.038965965581
2337.0280572448864
2347.109680592046
2357.2838360070564
2367.550523489921
2377.9097430406364
2388.361494659195
2398.9057783456083
2409.5425940998757
2420.271941921994
2431.093821811959
2442.0082337697713
2453.0151777954525
2464.114653888966
2475.306662050334
2486.5912022795565
2497.968274576633
2509.437878941553
2521.000015374324
2532.6546838749528
2544.401884443432
2556.241617079755
2568.173881783936
2580.19867855596
2592.3160073958425
2604.5258683035754
2616.828261279152
2629.2231863225898
2641.7106434338675
2654.2906326130033
2666.963153859986
2679.728207174827
2692.585792557511
2705.535910008046
2718.5785595264315
2731.7137411126823
2744.9414547667693
2758.261700488707
2771.6744782782625
2784.3620090983277
2797.1100022200553
2809.91845764346
2822.7873753685344
2835.716755395275
2848.7065977236925
2861.7569023537762
2874.867669285537
2888.038898518971
2901.270590054064
2914.5627438908414
2927.9153600292775
2941.3284384693943
2954.8019792111845
2968.335982254637
2981.930447599767
2995.58537524657
3009.3007651950356
3023.076617445182
3036.912931996987
3050.809708850473
3064.766948005632
3078.7846494624537
3092.8628132209524
3107.001439281117
3121.200527642959
3135.4600783064707
3149.780091271652
3164.160566538507
3178.6015041070314
3193.1029039772257
3207.6647661490933
3222.287090622627
3236.969877397838
3251.7131264747222
3266.516837853269
3281.3810115334927
3296.3056475153826
3311.290745798953
3326.33630638419
3341.4423292710926
3356.608814459676
3371.8357619499257
3387.1231717418414
3402.4710438354377
3417.8793782306966
3433.3481749276325
3448.877433926242
3464.4671552265136
3480.11733882915
3506.161352687952
3532.6710589643335
3559.646457658295
3587.0875487697194
3614.994332298782
3643.366808245395
3672.2049766095297
3701.508837391273
3731.278390590567
3761.513636207441
3792.214574241807
3823.381204693811
3855.0135275633365
3887.1115428503836
3919.6752505550685
3952.704650677304
3986.199743217061
4020.1605281743687
4054.587005549285
4089.479175341752
4124.837037551712
4160.660592179309
4196.949839224486
4233.704778687126
4270.925410565396
4313.36349856999
4356.632799277257
4400.73331268708
4445.665038799751
4491.427977615094
4538.022129133111
4585.447493353859
4633.704070277163
4682.791859903315
4732.710862232139
4783.461077263637
4835.042504997866
4887.455145434709
4940.698998574226
4994.774064416473
5049.680342961452
5105.417834209162
5161.986538159545
5219.386454812484
5277.6175841682125
5336.679926226672
5396.573480987805
5457.298248451669
5518.8542286182055
5581.241421490442
5677.147154554725
5776.398510128958
5878.995488212677
5984.938088806346
6094.226311909966
6206.86015752377
6322.839625646826
6442.164716279833
6564.835429422557
6690.851765075
6820.213723237626
6952.921303909738
7088.974507091567
7228.373332783347
7371.117780984845
7517.207851696527
7666.6435449174605
7819.424860648345
7975.5517988894135
8135.0243596404325
8297.842542900704
8464.006348670926
8633.515776950866
8806.370827740524
8982.57150106132
11265.269951343536
13713.094959139824
16326.04652440548
19104.1246471107
22047.329327315092
25155.66056495905
28429.118360102177
31867.70271268487
35471.413622796535
39240.25109034777
43174.215115353465
47273.30569784343
51537.52283778787
55966.86653523147
60561.336790159345
65320.93360251188
70245.65697236359
75335.50689966977
80590.48338446021
86010.58642672002
91595.8160264492
97346.17218366265
103261.65489831567
109342.26417046785
