1.0
1.091400146981995
1.1827830188930395
1.2741486157331332
1.3654969375022765
1.456827984200469
1.548141755827711
1.6394382523840023
1.7307174738693432
1.8219794202837334
1.9132240916271728
2.0044514878996615
2.0956616091012004
2.186854455231788
2.2780300262914253
2.369188322280112
2.4603293431978477
2.5514530890446334
2.6425595598204676
2.733648755525352
2.8247206761592856
2.9157753217222684
3.0068126922143006
3.097832787635382
3.1888356079855136
3.2798211532646935
3.3707894234729237
3.4617404186102023
3.552674138676531
3.6435905836719087
3.734489753596336
3.8253716484498126
3.9162362682323386
4.007083612943914
4.097913682584538
4.188726477154212
4.279521996652937
4.3703002410807095
4.461061210437531
4.5518049047234035
4.642531323938324
4.733240468082295
4.823932337155314
4.914606931157383
5.005264250088502
5.095904293948671
5.1865270627378885
5.277132556456155
5.367720775103472
5.458291718679837
5.548845387185252
5.639381780619717
5.72990089898323
5.820402742275794
5.910887310497406
6.0013546036480685
6.091804621727779
6.18223736473654
6.272652832674351
6.3630510255412105
6.453431943337119
6.543795586062077
6.634141953716084
6.724471046299143
6.814782863811248
6.9050774062524045
6.995354673622609
7.085614665921864
7.175857383150168
7.266082825307522
7.356290992393925
7.446481884409376
7.536655501353878
7.626811843227429
7.71695091003003
7.80707270176168
7.897177218422378
7.987264460012127
8.077334426530925
8.167387117978773
8.257422534355669
8.347440675661616
8.43744154189661
8.527425133060657
8.61739144915375
8.707340490175893
8.797272256127087
8.887186747007329
8.97708396281662
9.066963903554962
9.156826569222352
9.246671959818794
9.336500075344283
9.426310915798823
9.51610448118241
9.605880771495046
9.695639786736734
9.78538152690747
9.875105992007256
9.96481318203609
10.054503096993976
10.14417573688091
10.233831101696893
10.323469191441927
10.413090006116008
10.50269354571914
10.592279810251322
10.68184879971255
10.77140051410283
10.860934953422158
10.950452117670537
11.039952006847965
11.129434620954441
11.218899959989969
11.308348023954544
11.39777881284817
11.487192326670845
11.576588565422568
11.665967529103343
11.755329217713165
11.844673631252038
11.93400076971996
12.02331063311693
12.112603221442951
12.20187853469802
12.29113657288214
12.380377335995309
12.469600824037526
12.558807037008794
12.64799597490911
12.737167637738477
12.826322025496895
12.915459138184358
13.004578975800873
13.093681538346436
13.18276682582105
13.271834838224713
13.360885575557424
13.449919037819186
13.538935225009995
13.627934137129856
13.716915774178766
13.805880136156723
13.894827223063732
13.98375703489979
14.072669571664898
14.161564833359055
14.25044281998226
14.339303531534515
14.428146968015819
14.516973129426173
14.605782015765577
14.694573627034028
14.783347963231533
14.872105024358083
14.960844810413684
15.049567321398333
15.138272557312034
15.226960518154783
15.315631203926582
15.40428461462743
15.492920750257326
15.581539610816273
15.67014119630427
15.758725506721314
15.847292542067411
15.935842302342554
16.024374787546748
16.112889997679993
16.201387932742282
16.289868592733626
16.378331977654014
16.466778087503457
16.555206922281947
16.643618481989485
16.732012766626077
16.82038977619171
16.908749510686402
16.99709197011014
17.085417154462924
17.173725063744758
17.262015697955647
17.350289057095583
17.438545141164564
17.5267839501626
17.615005484089686
17.70320974294582
17.791396726731005
17.879566435445234
17.967718869088518
18.05585402766085
18.14397191116223
18.232072519592663
18.32015585295214
18.408221911240666
18.496270694458246
18.584302202604874
18.672316435680553
18.76031339368528
18.84829307661905
18.93625548448188
19.024200617273753
19.112128474994677
19.200039057644652
19.287932365223675
19.375808397731745
19.463667155168867
19.55150863753504
19.63933284483026
19.727139777054532
19.814929434207848
19.902701816290215
19.990456923301636
20.0781947552421
20.16591531211162
20.253618593910183
20.341304600637798
20.428973332294465
20.51662478888018
20.604258970394945
20.691875876838758
20.77947550821162
20.86705786451353
20.954622945744493
21.042170751904504
21.12970128299356
21.21721453901167
21.304710519958828
21.39218922583504
21.479650656640295
21.567094812374602
21.65452169303796
21.741931298630362
21.82932362915182
21.916698684602324
22.00405646498188
22.091396970290482
22.178720200528133
22.266026155694835
22.353314835790588
22.44058624081539
22.52784037076924
22.61507722565214
22.702296805464087
22.789499110205085
22.876684139875135
22.96385189447423
23.05100237400238
23.138135578459572
23.22525150784582
23.312350162161113
23.39943154140546
23.486495645578852
23.573542474681297
23.660572028712785
23.74758430767333
23.83457931156292
23.92155704038156
24.00851749412925
24.095460672805988
24.182386576411776
24.269295204946616
24.356186558410503
24.44306063680344
24.529917440125423
24.61675696837646
24.703579221556545
24.79038419966568
24.877171902703864
24.9639423306711
25.050695483567377
25.13743136139271
25.22414996414709
25.310851291830524
25.397535344443003
25.48420212198453
25.57085162445511
25.65748385185474
25.74409880418342
25.830696481441144
25.917276883627924
26.003840010743744
26.090385862788622
26.176914439762548
26.26342574166552
26.349919768497546
26.436396520258615
26.52285599694874
26.60929819856791
26.69572312511613
26.7821307765934
26.868521152999723
26.954894254335088
27.041250080599507
27.127588631792978
27.213909907915493
27.300213908967063
27.386500634947677
27.47277008585734
27.559022261696057
27.64525716246382
27.731474788160636
27.817675138786495
27.90385821434141
27.99002401482537
28.07617254023838
28.162303790580445
28.248417765851553
28.33451446605171
28.42059389118092
28.50665604123918
28.592700916226487
28.678728516142844
28.764738840988247
28.850731890762702
28.93670766546621
29.022666165098766
29.10860738966037
29.194531339151023
29.280438013570723
29.366327412919475
29.452199537197277
29.538054386404127
29.62389196054003
29.709712259604977
29.795515283598977
29.881301032522025
29.967069506374123
30.05282070515527
30.138554628865467
30.224271277504712
30.30997065107301
30.395652749570353
30.481317572996748
30.56696512135219
30.65259539463668
30.738208392850225
30.823804115992814
30.909382564064458
30.99494373706515
31.08048763499489
31.166014257853675
31.251523605641516
31.3370156783584
31.42249047600434
31.50794799857933
31.59338824608336
31.678811218516447
31.764216915878585
31.849605338169766
31.934976485390003
32.02033035753928
32.10566695461762
32.190986276625
32.27628832356143
32.36157309542691
32.446840592221434
32.53209081394502
32.61732376059764
32.70253943217933
32.787737828690055
32.87291895012983
32.95808279649865
33.043229367796535
33.12835866402345
33.21347068517942
33.29856543126446
33.383642902278524
33.46870309822165
33.55374601909382
33.63877166489504
33.72378003562532
33.80877113128463
33.893744951873
33.97870149739042
34.063640767836894
34.14856276321241
34.233467483516975
34.318354928750594
34.40322509891325
34.488077994004975
34.57291361402574
34.657731958975546
34.74253302885442
34.82731682366233
34.912083343399296
34.9968325880653
35.08156455766036
35.166279252184474
35.25097667163763
35.33565681601984
35.4203196853311
35.50496527957141
35.58959359874077
35.67420464283917
35.758798411866636
35.84337490582313
35.92793412470869
36.0124760685233
36.097000737266946
36.181508130939655
36.265998249541404
36.35047109307221
36.43492666153206
36.51936495492095
36.60378597323891
36.68818971648591
36.77257618466196
36.856945377767055
36.9412972958012
37.0256319387644
37.109949306656645
37.19424939947795
37.27853221722829
37.36279775990768
37.44704602751612
37.531277020053615
37.61549073752016
37.699687179915756
37.78386634724039
37.86802823949409
37.952172856676825
38.03630019878862
38.120410265829456
38.20450305779934
38.28857857469828
38.37263681652627
38.456677783283304
38.54070147496939
38.62470789158453
38.70869703312871
38.79266889960194
38.87662349100423
38.96056080733556
39.044480848595946
39.12838361478538
39.21226910590385
39.29613732195139
39.37998826292797
39.463821928833596
39.54763831966827
39.631437435432
39.715219276124785
39.798983841746605
39.88273113229749
39.96646114777741
40.050173888186386
40.13386935352441
40.21754754379148
40.30120845898761
40.38485209911278
40.468478464167006
40.55208755415027
40.635679369062586
40.719253908903966
40.80281117367438
40.88635116337385
40.96987387800237
41.05337931755994
41.136867482046554
41.22033837146222
41.30379198580694
41.3872283250807
41.47064738928351
41.55404917841538
41.63743369247629
41.72080093146626
41.80415089538527
41.88748358423333
41.970798998010444
42.0540971367166
42.137378000351816
42.22064158891607
42.30388790240938
42.38711694083174
42.47032870418314
42.5535231924636
42.6367004056731
42.71986034381167
42.803003006879266
42.88612839487592
42.969236507801625
43.05232734565638
43.13540090844018
43.21845719615303
43.30149620879493
43.38451794636588
43.46752240886588
43.55050959629494
43.63347950865303
43.716432145940175
43.79936750815638
43.882285595301624
43.965186407375924
44.048069944379264
44.13093620631166
44.21378519317311
44.2966169049636
44.379431341683144
44.46222850333174
44.54500838990969
44.69398205377993
44.8434660206857
44.99346029062702
45.143964863603856
45.29497973961624
45.446504918664125
45.59854040074757
45.75108618586654
45.904142274021034
46.057708665211074
46.21178535943662
46.366372356697724
46.52146965699435
46.677077260326506
46.833195166694196
46.98982337609742
47.146961888536175
47.304610704010464
47.46276982252027
47.621439244065634
47.780618968646515
47.94030899626293
48.100509326914874
48.26121996060234
48.422440897325366
48.5841721370839
48.746413679877975
48.90916552570757
49.072427674572715
49.23620012647338
49.40048288140959
49.565275939381316
49.73057930038858
49.89639296443137
50.06271693150969
50.22955120162357
50.39689577477294
50.564750650957876
50.73311583017833
50.90199131243431
51.07137709772584
51.241273186052894
51.41167957741548
51.58259627181359
51.75402326924723
51.92596056971641
52.09840817322111
52.271366079761364
52.44483428933714
52.618812801948444
52.79330161759528
52.96830073627764
53.143810157995546
53.319829882748984
53.496359910537954
53.673400241362444
53.850950875222466
54.029011812118036
54.20758305204914
54.386664595015745
54.56625644101791
54.7463585900556
54.92697104212881
55.10809379723757
55.28972685538185
55.471870216561676
55.65452388077702
55.8376878480279
56.02136211831431
56.20554669163625
56.390241567993726
56.575446747386735
56.76116222981526
56.94738801527935
57.134124103778944
57.32137049531408
57.509127189884744
57.69739418749094
57.886171488132675
58.075459091809925
58.26525699852272
58.455565208271054
58.64638372105492
58.8377125368743
59.02955165572923
59.22190107761968
59.41476080254567
59.60813083050717
59.80201116150423
59.99640179553681
60.19130273260492
60.38671397270857
60.58263551584773
60.779067362022445
60.9760095112327
61.17346196347845
61.37142471875977
61.56989777707659
61.76888113842896
61.96837480281721
62.22335464844673
62.479933428363324
62.73811114256705
62.99788779105796
63.259263373836006
63.522237890901124
63.78681134225343
64.05298372789287
64.32075504781938
64.59012530203307
64.8610944905339
65.13366261332186
65.407829670397
65.68359566175923
65.96096058740864
66.23992444734517
66.52048724156884
66.80264897007959
67.08640963287752
67.37176922996258
67.65872776133477
67.9472852269941
68.23744162694055
68.5291969611742
68.82255122969491
69.11750443250281
69.41405656959779
69.71220764098001
70.01195764664931
70.31330658660568
70.61625446084923
70.92080126937998
71.2269470121978
71.53469168930275
71.84403530069488
72.15497784637415
72.4675193263405
72.78165974059402
73.09739908913468
73.41473737196247
73.73367458907734
74.05421074047939
74.37634582616863
74.70007984614494
75.02541280040845
75.35234468895902
75.68087551179684
76.01100526892168
76.3427339603337
76.67606158603286
77.0109881460192
77.34751364029256
77.68563806885311
78.02536143170084
78.36668372883565
78.70960496025765
79.05412512596672
79.40024422596304
79.74796226024642
80.09727922881689
80.44819513167454
80.80070996881938
81.15482374025129
81.51053644597033
81.8678480859765
82.22675866026987
82.58726816885036
82.94937661171798
83.31308398887268
83.67839030031462
84.04529554604363
84.41379972605978
84.783902840363
85.15560488895346
85.52890587183106
85.90380578899573
86.28030464044764
86.65840242618657
87.03809914621269
87.41939480052594
87.80228938912637
88.18678291201388
88.57287536918852
88.96056676065024
89.3498570863992
89.74074634643529
90.13323454075845
90.5273216693688
90.92300773226629
91.3202927294509
91.71917666092264
92.11965952668152
92.52174132672758
92.92542206106071
93.33070172968098
93.73758033258844
94.14605786978302
94.55613434126468
94.96780974703353
95.38108408708786
95.66879044042025
95.95557757118809
96.24144547939142
96.52639416503018
96.81042362810422
97.09353386861386
97.37572488655894
97.6569966819394
97.93734925475536
98.21678260500676
98.49529673269342
98.77289163781569
99.0495673203734
99.32532378036655
99.60016101779513
99.87407903265898
100.1470778249585
100.41915739469334
100.69031774186374
100.96055886646946
101.22988076851061
101.4982834479872
101.76576690489935
102.03233113924682
102.29797615102973
102.56270194024819
102.82650850690197
103.0893958509912
103.35136397251586
103.61241287147601
103.8725425478716
104.13175300170269
104.3900442329691
104.64741624167095
104.9038690278083
105.15940259138102
105.41401693238925
105.66771205083296
105.920487946712
106.17234462002659
106.42328207077651
106.67330029896192
106.92239930458271
107.170579087639
107.41783964813084
107.664180986058
107.90960310142054
108.15410599421858
108.39768966445206
108.64035411212717
108.94200714987642
109.24509029104718
109.54960353563945
109.85554688365323
110.16292033508853
110.4717238899454
110.7819575482236
111.09362130992344
111.40671517504484
111.7212391435877
112.03719321555195
112.35457739093789
112.67339166974534
112.99363605197414
113.31531053762461
113.63841512669654
113.96294981918999
114.28891461510489
114.61630951444135
114.94513451719939
115.27538962337889
115.60707483297978
115.94019014600235
116.27473556244638
116.61071108231181
116.94811670559898
117.28695243230754
117.62721826243762
117.96891419598916
118.31204023296226
118.65659637335688
119.00258261717306
119.34999896441059
119.69884541506974
120.04912196915046
120.40082862665253
120.75396538757622
121.10853225192147
121.46452921968819
121.8219562908763
122.1808134654861
122.54110074351735
122.90281812497
123.26596560984433
123.63054319814012
123.99655088985742
124.36398868499617
124.7328565835565
125.10315458553833
125.47488269094447
125.99412445163762
126.5205250824929
127.05408458350894
127.59480295468666
128.1426801960256
128.6977163075253
129.25991128918804
129.82926514101155
130.40577786299582
130.98944945514177
131.5802799174494
132.17826924991914
132.78341745254966
133.3957245253414
134.01519046829526
134.64181528140944
135.27559896468665
135.91654151812463
136.56464294172338
137.2199032354838
137.8823223994059
138.55190043349057
139.2286373377351
139.91253311214132
140.6035877567092
141.3018012714383
142.0071736563291
142.719704911382
143.43939503659567
144.16624403197056
144.90025189750713
145.64141863320492
146.38974423906484
147.14522871508598
147.90787206126834
148.67767427761146
149.4546353641167
150.23875532078455
151.0300341476127
151.8284718446016
152.63406841175265
153.44682384906537
154.26673815653976
155.09381133417492
155.92804338197175
156.76943429993025
157.61798408804952
158.47369274633138
159.336560274774
160.20658667337284
161.3800088477119
162.57220702576433
163.7831812075283
165.01293139300833
166.26145758220082
167.52875977510666
168.81483797172405
170.1196921720557
171.4433223761016
172.78572858386087
174.14691079533168
175.52686901051766
176.925603229417
178.34311345202877
179.77939967835482
181.2344619083924
182.70830014214516
184.20091437961128
185.71230462079075
187.24247086568084
188.79141311428702
190.35913136660656
191.94562562263945
193.55089588238297
195.17494214584258
196.81776441301554
198.47936268390094
200.1597369584988
201.85888723681182
203.5768135188373
205.31351580457704
207.06899409402922
208.84324838719385
210.63627868407275
212.4480849846659
214.27866728897152
216.12802559698957
217.9961599087219
219.88307022416757
221.7887565433275
223.71321886619808
225.65645719278382
227.61847152308383
229.59926185709628
231.59882819482027
233.61717053625944
235.65428888141287
237.71018323027874
239.78485358285798
241.87829993914875
244.31029503373793
246.7736062392014
249.268233555611
251.79417698297402
254.35143652128136
256.9400121705403
259.559903930749
262.21111180190564
264.8936357840121
267.6074758770683
270.3526320810688
273.12910439602456
275.93689282192645
278.7759973587745
281.6464180065759
284.54815476532167
287.481207635019
290.44557661566614
293.4412617072612
296.46826290980607
299.5265802233007
302.61621364773964
305.7371631831338
308.8894288294741
312.0730105867606
319.7864302644739
327.87720619217725
336.34533837006893
345.1908267980616
354.4136714762135
364.0138724044373
373.9914295828785
384.3463430113625
395.0786126899766
406.1882386188081
417.6752207976824
429.53955922677414
441.78125390590867
454.4003048352606
467.39671201468445
480.7704754442675
494.52159512395156
508.6500710538239
523.1559032337682
538.0390916638135
553.2996363440761
568.9375372744107
584.9527944549336
601.3454078855284
618.1153775663115
679.6460222480819
744.9681246234104
814.0816846909001
886.9867024510168
963.6831779035274
1044.1711110488977
1128.450501886662
1216.5213504172862
1308.3836566400714
1404.0374205557164
1503.4826421637554
1606.7193214641884
1713.747458457714
1824.567053142935
1939.1781055212487
2057.5806155919563
2179.774583355291
2305.760008811718
2435.5368919600733
2569.1052328012884
2706.4650313348975
2847.6162875609007
2992.5590014797635
3141.293173091486
3293.818802395137
3969.258477061987
4688.422116160393
5451.309719700366
6257.921287674457
7108.25682008639
8002.31631693244
8940.099778220057
9921.607203938067
10946.838594097644
12015.793948698789
13128.473267730325
14284.87655119598
15485.003799099475
16728.85501143709
18016.430188212544
19347.72932942584
20722.752435073256
22141.49950516224
23603.970539689064
25110.16553864628
26660.08450204134
28253.72742987424
29891.094322137535
31572.185178842396
33296.99999998137
