16261
2989
3608
5255
6371
1341
1840
2197
1712
3994
4194
2109
1073
610
2218
2979
1173
9649
1284
3852
15450
2059
9322
8866
13360
2113
1599
17342
21727
408
1068
920
966
4390
38826
4467
3682
2139
39684
7004
613
508
1298
617
2781
85920
1860
1109
1147
4858
42559
16439
6674
13845
7915
5816
8652
4389
3508
21611
2583
1434
4045
1615
1032
520
1100
5767
472
8168
1646
10775
67654
1113
44346
617
2878
648
1834
1051
33344
20995
15250
3045
12995
5010
2131
1350
4793
6169
567
42182
21367
8666
11371
15737
25176
661
8782
3341
17784
12427
4848
14225
3535
6146
1286
2446
10654
4118
7521
1406
1525
1150
1016
4993
1790
2035
2554
1388
1452
9395
689
2810
19288
9777
4286
3440
3470
2027
5673
22330
845
1027
681
818
557
1094
2495
10042
2033
6661
1729
2099
37992
4946
17574
4157
3508
17999
7892
1544
3752
2552
19422
880
260
13347
911
11535
2295
2920
9841
741
2002
229
361
13357
3561
16421
362
3402
2326
6079
4563
4660
5266
1345
741
1381
634
1089
15069
5237
11973
2172
2890
2893
534
262
5335
942
3238
4353
2268
5740
782
5920
1284
6044
1439
4203
1474
1399
952
4553
955
604
450
15998
1028
1915
3949
5166
3197
34329
2632
14442
5911
4553
7274
12062
758
1071
1014
4312
7176
471
7258
6998
1597
2070
6811
4622
1992
2032
13110
14185
10943
10213
4012
3884
6782
960
1705
4349
2339
4315
7351
2506
9477
988
334
2791
11081
6640
13211
6918
2305
17141
2030
3489
33855
3211
400
5691
21586
1387
2060
2094
7265
2118
1505
10086
9266
3649
8630
3923
3578
13342
2132
5324
8741
7044
825
2749
5064
3465
1918
608
982
12568
2648
2209
5631
5551
113369
1515
3009
3066
1810
3803
5361
5208
5339
427
2595
8713
2783
2465
1044
758
5297
1952
1038
1270
13969
1744
912
1364
1367
2969
7749
802
2617
9383
5043
9260
2957
316
282
4712
7433
3255
2676
12556
6015
4041
2210
2215
2351
2569
4164
2984
23757
2969
1704
105702
3912
40732
5921
4702
6252
18738
3804
3804
3804
3804
3804
3804
3804
3804
3804
3804
4887
14157
1612
336
5544
4277
17597
2270
4272
2426
3749
5611
1451
3817
4685
