722
305
64
1681
51
247
319
300
160
568
116
319
376
398
141
143
510
193
683
87
6629
113
501
4276
10414
404
411
8047
376
322
158
182
92
301
221
2263
694
694
1315
2326
371
2363
1016
205
183
69
58
1154
620
138
71
366
1047
3435
1090
508
2675
1699
405
214
1212
4883
208
178
273
312
224
161
82
409
123
1371
221
773
10374
546
3255
125
535
13669
74
174
168
2892
5029
1691
1378
1425
1269
339
339
310
652
233
143
143
985
537
6776
7879
4918
785
46
1101
1741
193
4611
475
251
5166
199
3327
409
335
3502
820
880
550
831
831
176
210
73
176
53
2681
30
149
84
31
33
1196
136
1389
1008
358
1421
763
289
230
1569
320
180
40
192
55
153
437
565
142
140
146
122
1295
242
2150
300
511
3761
187
232
1112
115
2115
555
165
58
1790
303
775
179
392
243
386
811
65
116
135
2565
34
435
182
2080
228
661
455
284
189
63
370
905
1016
5880
1438
99
123
136
81
442
404
399
411
521
151
379
474
1682
397
2438
80
208
441
212
125
246
128
1
250
263
224
640
338
283
1878
395
625
2252
10393
229
152
64
3329
1388
70
1437
585
344
348
1212
420
372
219
3140
1032
989
1052
662
364
464
235
141
983
581
80
1081
1597
500
497
208
69
105
1371
692
1032
4493
289
275
554
302
71
852
188
188
499
164
202
437
159
200
414
321
1228
440
1063
353
490
1153
464
794
1457
210
278
626
1654
316
279
1986
137
194
36
1984
675
433
1217
1
92
444
986
487
266
438
1534
630
90
399
623
224
218
142
581
85
90
161
1
253
139
246
99
231
224
307
220
738
3370
106
90
421
317
437
358
243
2005
100
87
96
81
90
913
19579
373
440
306
374
212
1771
300
232
1021
327
283
283
283
283
283
283
283
283
283
283
444
347
270
60
323
577
649
557
1
1
507
209
197
2013
