2408
1992
1041
1312
3157
3814
2292
2041
1002
1431
5074
54396
2191
2066
6711
2020
2133
7296
2502
1188
2063
2807
2585
1726
1474
2736
3950
22689
11682
4668
3511
10737
1186
1620
1160
13789
2501
5448
3677
2622
1768
2200
3270
8645
2537
5900
4626
1688
3597
3860
5985
1189
2933
1337
3248
1833
2701
4120
1702
975
3654
41513
920
2519
2389
46490
3390
2804
1255
7065
2563
1462
2472
3694
3307
6073
1460
5828
1899
39356
7669
2145
2202
2194
2220
2285
69333
50159
2679
6464
1614
2471
7141
43641
3967
16220
2011
1858
43221
1904
3938
1951
949
1812
13113
45047
2764
3936
12563
8810
2569
2472
7510
1870
1987
9347
6862
3358
1232
2020
2771
4337
1803
2815
1523
2691
2180
5153
3123
2274
1584
2449
1957
2001
1754
1657
1178
2262
2264
3576
11058
1532
1783
8116
1792
2327
2353
4533
4834
6295
2087
5217
43388
8549
2781
2389
1062
5661
13029
1839
2002
1862
1410
1886
3045
10443
1574
3818
1733
1097
46895
2370
1446
1395
1955
11877
2179
2213
10369
2646
1909
4613
3154
3299
6177
3925
1906
4876
824
1654
1412
8368
4501
1692
1047
3064
2187
4040
2507
2578
12310
2953
5035
5099
1524
1070
43320
7580
4720
2191
3551
4133
5149
1362
54433
1314
1604
2365
1997
1140
2201
2518
1711
7916
9132
8047
3014
2437
2993
14783
1195
1068
1549
2113
9365
43168
2274
1698
2152
3441
1525
2548
17647
6835
3453
2356
1663
1996
1356
1321
2611
4386
1386
3987
1562
1036
1780
1181
78162
93810
1291
2195
3213
4856
2172
9388
8656
2467
884
4392
1113
2079
2445
7703
3749
2310
2249
1890
76765
1788
48186
1647
2206
1282
3110
25315
2087
1251
8141
4281
3326
1966
1776
12935
3761
43076
3065
5878
4703
2163
1643
968
3921
1392
1027
2054
996
1940
1914
5603
1466
2010
3255
2163
2394
4962
1225
2149
1080
6223
49132
2674
1918
1937
2504
3295
2149
1422
1313
1357
10554
3659
1601
1570
5174
2898
1743
1203
24151
2564
2474
1772
2202
2027
4168
1055
4984
3317
1542
6194
4529
2165
3634
1989
3061
1626
2495
2255
2918
1041
1480
2703
3039
1886
7943
1247
1955
2168
1850
67680
1400
1605
2195
3192
1471
3578
6450
1996
913
6763
2149
46719
1748
2266
3705
1924
1823
3510
3044
27637
23115
2163
1987
5863
2073
1437
1693
2091
46441
1838
46417
971
1749
7337
5845
4992
2214
944
1209
1685
10793
1100
2544
9531
1430
3215
1380
2774
2047
2863
2136
72839
11900
1218
1972
1383
12672
1811
1127
2117
2339
1774
4244
6461
1461
1119
2629
1080
1507
3971
3044
1873
1938
4131
1973
1977
1180
857
1233
2536
2066
24570
8282
8819
47306
2103
5145
3199
2401
2138
3045
2634
2090
3144
1628
7163
1030
1522
8741
8022
33828
2161
25381
1622
903
23222
1641
2092
13530
5732
1135
1897
1905
2857
7793
2360
4210
1032
4782
7651
3023
8803
2284
2965
43658
2671
1739
4822
1380
19277
2387
53992
1549
1682
1695
1999
1090
37267
7046
1119
6692
3069
1421
2958
1316
1990
4644
10477
27914
6686
4154
3195
1619
10749
2710
2566
1913
2682
2837
7017
1462
1469
2777
1998
2662
3407
7201
48089
1325
2647
1888
1645
1530
1971
2247
1832
3548
1331
1405
3409
2684
983
44365
1011
33497
8219
1456
7432
1921
4663
74476
2610
1335
1700
2406
1188
2218
2262
1864
2440
2659
2683
2027
3381
1236
2146
2502
1570
2244
1765
1303
3173
9576
1011
2253
2082
1747
44632
4442
4034
2236
928
1387
2099
4329
1220
1752
3979
1286
3420
1067
2615
2488
1189
2902
1450
2640
45981
2159
4747
3231
1692
2341
39874
957
2925
21434
1791
12224
13659
1099
1919
5171
2712
2180
2812
2586
1981
1049
2149
3399
22502
1158
2322
4752
1260
6653
6524
2420
1893
1006
1958
1533
1910
10635
9784
12774
54705
1174
1244
1432
7330
4272
1947
7302
1475
45820
3039
2878
3238
1540
22399
863
1517
2324
33785
3405
1630
1256
1833
1899
1289
1188
999
2025
1816
2688
1500
2438
3384
1126
5283
1455
2551
58916
1047
1056
29070
1182
1600
1478
2036
1840
1974
1702
2071
1587
1972
1126
1832
2629
86188
9223
1345
887
2427
2167
2667
5288
3862
2464
2755
2041
1759
3469
1183
47480
2768
2396
1039
2035
3452
1895
2118
2849
44372
3529
2259
5272
11150
19919
6401
880
45546
1192
1156
23798
8518
4207
3021
736
1872
1991
1993
2623
720
873
5568
47326
1603
1511
3349
1949
2126
2148
5363
7014
1890
7415
16509
2044
2483
3475
5755
2346
1066
984
6106
1209
3172
9188
1840
42923
4355
2046
1897
997
6182
5008
1608
3738
4842
2247
1892
1303
3657
3843
4201
5287
1830
2446
1439
7906
1621
43020
1250
5981
995
23310
2346
43552
2056
2954
11470
2049
1294
1033
1032
6344
2095
2447
2347
1738
1202
1918
5454
4104
41671
2194
2810
4933
2084
6592
69355
1141
2107
2413
6677
3057
951
4536
1282
5586
2595
1892
2015
2196
2101
3949
2393
1867
4352
2306
17090
2383
1884
1447
885
974
1227
2273
1014
2372
1733
1122
2377
7382
2554
1232
1431
1879
5877
1962
2029
22460
1336
45383
2923
1491
5925
2498
1399
47253
2138
4477
45090
3267
6762
2105
2859
2766
1710
3423
1715
1083
1627
8344
3147
5885
46343
1768
2392
3520
1018
3334
2304
2074
23446
1494
2019
17805
4179
1618
6044
2458
2142
20575
1880
3775
1837
1531
1142
1431
3066
2551
1785
2175
8687
3837
43119
4371
3608
4969
4258
2031
3262
8408
1856
44018
1319
3925
938
2767
2482
2392
2668
4614
2101
960
1813
1295
2191
44001
1683
3285
1679
2216
3215
1306
4842
1757
1460
1053
4863
1671
13038
2686
11537
8947
1702
2472
2759
1505
2097
1990
2159
2234
6673
1803
1791
6720
43254
905
14203
1017
1089
5483
1611
1604
47421
2951
2033
1302
14374
2058
1280
2175
23120
1776
2105
2009
2095
2237
1634
3407
2133
4780
1087
1574
3180
1825
14221
1668
1631
1967
3329
1884
3740
5411
2207
1478
1427
1212
1300
1307
1148
3269
2470
1298
1885
1567
1679
1473
1737
1051
6991
5813
984
1641
9800
3037
3173
1899
1851
2475
2495
1984
2130
36187
3844
2516
1868
3866
2990
6094
2490
1963
4123
3153
3229
5740
1887
3619
4519
48463
1664
45858
3362
5816
2117
30106
7817
1229
2179
2710
2989
970
1892
4720
1748
1446
2099
2692
2357
18168
2672
3201
3181
1571
1784
1135
2858
2231
2791
4554
2914
1089
1245
2922
2815
3123
1065
2182
5148
1229
3927
1619
6664
1619
1987
2252
1427
45685
1796
2748
10548
8050
1720
2468
2143
1960
1732
1961
3162
2898
4798
2530
1465
1876
2370
2270
5101
2525
34912
939
2816
45837
3938
2053
1235
1242
2237
2552
1159
3751
3358
12298
2156
2140
1742
1242
5524
1196
3455
4476
1136
3775
3705
2928
2584
3556
2407
13262
4723
2157
1751
7239
1772
2133
3269
1939
1323
2863
2186
1088
2049
1508
1531
1736
7242
7542
1454
2035
6231
6081
3875
3925
2792
1812
4095
9996
1246
3693
2445
1947
2577
2555
3923
1816
1831
6081
692
1235
2400
2228
1724
1405
2302
1214
44261
6475
1338
1609
46889
3263
45379
2152
44533
45111
2045
1525
3484
1199
3169
4654
1558
3261
1716
2036
2246
1972
3861
3377
1999
1465
2791
5184
7658
5621
10066
8398
3217
3254
3027
1702
2028
2271
2032
46742
2746
46944
2051
3041
1433
1624
1520
4528
963
2220
1399
4242
2553
3234
3380
1254
4133
7215
7196
1342
1177
5184
1324
7709
45867
1694
5480
17789
2005
1362
2413
3528
1686
5008
2013
2584
1909
1531
1554
2429
2287
1197
2298
1386
3392
2006
2062
3002
45868
2352
1821
3443
2329
1444
4262
1528
1720
2551
1730
3664
5327
5849
1704
1012
3176
1332
2165
1878
1371
1938
1721
1673
12009
1512
1349
1832
1534
2166
3886
1808
1721
2292
1831
50574
2501
1825
8146
1291
23804
3999
2531
3729
1779
1939
2971
3067
3191
2164
16232
1750
1991
2579
3804
2002
9564
2669
1252
2310
4371
1747
1931
1247
1755
1312
2296
3142
1741
2617
2089
2200
5545
1933
3530
5191
2611
2167
1995
1644
2271
3025
1488
1749
1154
3373
2154
1499
930
1747
10516
45666
2601
2200
5336
4471
44128
3977
3290
1677
8123
717
1908
42638
3003
3029
1688
1310
1649
4488
1687
1775
2776
1239
2154
3217
3124
2105
2218
2091
2112
1392
1769
5048
4659
1391
2801
1860
2543
1642
4431
1543
2394
981
788
2973
1468
1536
3960
4700
4730
22181
5544
2116
4017
2535
1388
24976
1422
2139
1578
12622
1481
2156
5272
3613
38580
1999
2144
3277
1160
1896
1951
2567
2337
3858
2341
2325
2086
5270
43652
2664
1763
2835
3144
4093
1790
1615
1263
4606
4722
2128
3134
1158
2516
5370
1093
1108
3185
1770
2147
2384
936
2148
3132
3370
1568
43016
1487
3378
8337
6126
2227
1706
2077
6364
4212
35562
1519
1736
1269
1380
1757
1850
2931
3338
2238
4191
1099
6673
45751
8608
8934
4402
1816
4551
1823
2237
3635
1510
26633
3415
1490
2507
2695
2563
1367
1825
1332
2497
1878
1399
4222
2726
1758
1772
980
1343
1731
7107
2804
1190
45214
3977
3706
4566
1721
1899
6009
3716
1239
2310
21002
1868
5145
26445
1261
3610
5373
3240
5436
2282
2967
2908
3235
2730
2346
1650
1816
3118
2346
46781
3613
2457
1660
2302
1615
2351
2977
1998
1077
9966
7215
1357
2544
5330
8214
2500
8297
2069
2478
2923
2744
1286
2292
43924
5854
2078
3132
1586
4081
3481
7087
2063
2011
1669
1617
10304
1775
1564
902
2236
1351
2497
1553
3018
1964
44908
1605
1318
6290
1609
1602
2449
1905
38749
1761
2046
1515
3838
11235
2106
2608
5668
6793
46909
1805
2513
1441
1361
1703
4713
3192
3162
1513
1297
1260
1400
1389
49846
1194
3231
3377
1827
1533
1920
2921
1113
1198
1220
1366
2704
2215
3060
1907
3137
2096
1383
2045
1995
2534
2269
1250
7057
1066
4840
1429
1627
1795
2550
3395
2519
4967
1304
1482
1953
6245
1234
13016
1707
2520
6196
1028
1196
1627
1395
7024
2375
1837
1704
1615
3429
1427
2277
2220
2351
42979
1806
1404
2181
1218
2887
8156
24173
5884
4806
4142
2195
5818
4286
1959
2696
2546
1718
5159
2022
2274
1291
2597
10187
1004
9132
8175
2929
1793
1840
45151
3236
85884
1849
2740
3552
2420
1192
2681
1227
2630
2213
1391
1041
2467
1111
8464
12609
4585
2011
2506
34379
2412
2727
4205
1753
2934
2645
1172
2183
1168
1580
2132
1821
2317
4650
3296
3425
1999
2626
1865
1992
2184
1739
2062
1026
46579
4784
45375
977
1378
1172
2869
6057
1209
4672
8890
5077
2248
1238
4109
4708
1370
10893
2239
1834
3880
1747
2443
1134
5266
2704
45505
5480
1514
1479
5137
3886
4283
5221
2271
1263
1361
6752
2818
1365
4451
4421
28897
2020
1259
1411
1527
4079
4679
2827
3434
1909
1100
5160
2388
1005
2402
1790
6478
2422
1127
1854
6404
3184
2061
2051
2458
2738
43226
1496
5489
7839
67088
2102
2770
5045
3757
1667
2902
2269
5170
3638
2653
2186
2143
1303
4435
1865
4659
1405
44555
4044
1749
1494
3653
1218
23743
4120
43047
46956
1424
904
1536
1427
3114
1839
2865
8371
7417
7401
2097
2085
2804
1368
2369
2193
1316
1615
2015
8511
8141
2381
1996
2846
6850
5245
909
3127
1050
1303
2070
815
20957
1356
42363
2176
4857
1676
3884
5708
3085
4766
99737
1432
3727
5362
3100
1812
1802
2904
1205
5067
45398
3275
3006
1887
1661
2141
1838
7364
6052
2379
2040
1918
1943
1941
3436
7382
5316
3033
2227
3053
842
8462
2312
2079
1058
5881
2551
1478
4743
1842
47042
1919
5986
5221
2031
1691
1581
3919
1463
5775
2195
4400
1392
1174
3420
1543
1222
4560
1712
1695
1521
4094
1817
36709
5717
2458
1668
2299
1814
2778
2052
2210
1154
4583
1922
43261
2136
1382
2322
1362
1632
4236
2792
1513
9079
6925
2338
1439
4317
2669
7724
3282
2229
1773
1402
2760
1458
1819
3042
2795
1609
1025
6509
1558
3208
3762
5304
1134
3345
1941
3935
3145
1557
1615
2191
6941
5288
6422
689
3303
43311
9139
3031
6430
2918
1500
1165
2007
1742
1839
4731
4641
5072
7791
3134
1750
1148
1834
1471
1169
2650
2118
2009
9771
4078
1168
3385
4397
22606
2737
2137
2364
2927
1549
14028
3770
7260
2208
2457
1512
1474
1566
2062
1211
3854
3837
5835
824
1547
2525
2615
1840
1452
2084
33561
7036
1432
1983
2195
5909
2991
1298
43874
2093
1822
2091
4472
2428
1356
1517
6150
2773
2311
4762
2450
1859
2186
5734
2893
3090
1205
1960
2828
1820
1622
1881
1436
1280
1897
6298
2561
3090
1096
2845
2651
5164
4215
1952
2820
1768
19571
2989
6735
1011
1072
1796
2641
2134
3297
4094
2237
4225
12946
2285
1178
4397
1098
1768
3041
2372
1694
2158
1407
13442
2167
71775
2936
1652
1926
1891
37574
3282
1809
4718
1470
1628
5674
1230
1786
1482
1719
1210
1327
1484
1430
1349
1079
4760
2407
11148
9372
1630
4309
1160
3964
4411
9614
1358
1576
5415
3031
2214
1613
1751
844
3189
1456
12050
2293
10268
1282
1310
2713
3444
1278
1686
1642
1692
1267
1953
2170
1482
3543
2542
3024
1063
1858
2064
2500
1395
5281
2030
2530
2444
3637
2259
4380
5894
1321
3017
3107
3627
1209
1324
1243
5613
4404
6638
1229
43643
3837
1646
3152
3247
3265
1769
2948
2202
2302
6071
950
1887
849
1363
1648
4496
1646
1468
3026
5698
9518
1866
3722
2465
8152
5172
1374
2651
2486
3197
1693
3937
2600
3341
2288
2212
1827
1175
25143
22832
2777
1767
4717
4945
1681
5555
6173
44752
2120
1501
2378
1104
39577
4298
22157
2061
2787
2742
4021
12374
1685
2390
2867
5174
1882
4910
1614
1968
6090
4038
2267
1630
3381
1661
1486
1402
2660
44398
1200
1442
3383
4249
1527
12018
2500
1222
1659
2075
3634
3533
2254
4110
2969
4166
1239
1737
1689
43032
3371
2291
2635
1980
1774
1074
2256
4722
2175
2420
24025
2679
2628
5297
4870
1481
1189
14609
2192
2035
1796
1282
1653
4664
1899
1131
1558
1593
2118
5218
44647
1778
2433
1613
1417
1260
2323
2458
44888
1696
2534
1415
1474
2832
3170
2040
2290
2011
1112
13310
1154
1529
3552
5333
2250
5068
6599
1092
1707
1608
1123
1184
670
6884
2240
1466
1504
1671
1521
5992
1594
3164
2391
823
11168
3695
2987
1298
1458
2242
1673
1099
1501
1174
4647
1720
2436
1085
4042
35576
1784
3178
2223
888
1313
6618
924
2309
22575
3204
3427
1894
1643
7454
1655
4964
1788
2258
1007
929
43199
1159
2253
3234
1717
1618
5250
2169
1200
2790
919
1502
2856
4302
2349
1642
5011
5306
13405
1072
12291
1984
5392
1308
2368
1686
2406
1948
1779
26673
4522
6106
5673
1330
2161
1928
1820
1677
1190
1387
2259
3217
1694
1106
1677
1831
51025
1711
1768
1216
2130
4703
2291
1956
2337
42971
1274
4986
7201
1676
2128
44306
1248
45837
1941
2879
1956
2390
9378
3633
1954
2472
1872
2277
2514
4064
15028
2248
6363
1564
50704
1188
1122
4427
2642
1404
1253
1555
1940
3330
44553
1215
7209
1799
1669
2050
2962
2482
3166
44344
1634
1190
2267
1630
2426
1158
1916
2086
2303
1289
5724
5432
4648
6347
1403
1519
1917
5184
2519
10504
1209
1649
2928
2435
2350
1868
1901
1287
108029
3586
2394
45554
6781
6438
3757
2315
2494
2521
1718
1158
998
1548
1861
2805
7375
1597
959
1783
2922
3682
45068
1618
11098
1908
3576
2337
7012
1050
1403
2190
1099
2292
1543
1277
8616
1342
3936
7741
1176
1119
2483
27000
23581
4180
5157
2527
1720
913
8479
1879
3240
3260
1834
3466
1599
1557
1035
1418
2578
2953
3446
1535
864
3100
1784
1518
1518
1961
2028
1912
12688
6439
2963
2125
2127
8051
4205
3957
1304
5616
2129
6015
1662
3309
1704
1608
42299
1201
1308
2452
1904
2106
6022
4392
1120
1932
1107
1539
8728
5384
1612
7349
2266
2098
7932
2008
5194
2209
4082
49458
1453
44878
1583
1500
4187
4378
2175
2317
2021
1874
1952
1291
43740
2236
2126
1193
934
1271
1758
3919
2026
1917
3658
1837
1012
2093
863
1366
2090
2435
1849
3451
4781
2509
38491
3341
964
1352
3337
3803
1876
3423
2437
1388
5457
1039
5846
9217
2014
2567
1183
105691
8549
7643
2724
1954
6135
43851
1684
2280
3320
1462
2564
3258
25838
3221
1952
2163
2269
1703
24645
1163
2168
2822
3206
2314
2842
1205
986
9799
1418
1147
2072
5436
3781
3532
5184
1997
1918
1528
33286
1798
1892
4685
1426
2113
939
2053
2285
3572
2385
1547
1399
47895
4918
1108
1660
1842
3236
1260
1744
1607
2768
1734
2773
2078
2328
3684
4895
42999
2229
2179
1246
5290
3409
2075
6421
1215
19989
3352
2824
2005
2757
954
1417
57289
1368
1218
3748
1910
1189
1309
2115
1804
6713
2879
2053
611
4798
1143
5675
4908
5318
1462
2350
3779
1237
2444
19061
3051
1289
1953
1402
1922
2280
2816
1314
1294
1817
83347
3125
2500
3408
1942
1629
1818
1695
9267
11153
3169
9434
7630
2034
2056
3056
1798
7051
4067
841
2497
24374
2194
6305
2725
1627
1727
1939
973
3976
1778
2610
2633
1243
1959
1007
1284
2120
863
1757
2213
2280
1835
1299
1026
2168
2475
1833
1961
1485
6918
2257
2318
1211
1120
2234
1837
6231
3340
8515
4954
7011
2447
1817
3706
5097
3510
1711
43396
1139
1037
2580
3597
8161
1695
1867
22237
1901
1122
5612
4527
1148
2393
19678
1123
1640
2400
2834
1917
23517
2038
2200
3010
1525
1988
3296
4907
7391
1649
1986
2718
1615
3360
6537
8307
1827
2712
1556
2175
2285
794
2759
2156
1575
1988
2240
1967
1455
1069
4645
1555
4026
2079
48397
4827
1562
1422
3001
3398
5428
1446
11047
5493
2234
2052
5874
4373
1132
1529
4531
1823
5786
4346
1184
1470
15330
3218
42807
1685
44244
2388
3804
8763
4727
1209
4057
3050
1640
3703
1831
1365
1499
2189
3269
1823
44169
1555
1254
17490
5948
5575
3325
2083
2145
1189
2194
1796
2187
8882
7266
2504
3614
3626
2006
1746
1554
47342
3231
1937
9486
2543
2898
1347
1275
1773
8656
1273
1547
2605
18976
2008
5417
1402
1304
1637
4960
43825
2228
2465
1285
1102
1671
1881
2369
7020
4131
5464
1576
4585
3282
1086
3608
1149
2088
14876
6912
1452
1175
4520
2610
993
1691
5130
2076
1734
3873
3129
2696
2446
2836
1603
1385
8472
5448
6022
1338
1274
16819
1641
1746
1911
47454
1563
2446
3279
1468
3704
2187
2451
4877
2865
1978
2338
2156
3336
3175
1744
4859
1471
2870
2161
3838
3010
2798
22236
4017
1954
1099
5030
2489
5253
1310
4053
2506
5685
4989
19982
2199
1373
2778
2895
2533
1675
4346
13315
