1785
941
489
598
1682
2701
1113
727
541
637
708
4235
762
916
2859
1269
677
3854
951
633
573
965
1760
1113
1021
804
1897
601
8327
1883
2261
1436
768
557
603
981
921
2307
2308
1243
695
1284
2106
4154
1751
1711
1763
604
2762
1889
1583
558
1510
590
2082
918
931
2564
1049
552
2678
3933
751
1081
1269
685
1499
705
662
3677
1071
958
1861
1616
1397
4390
919
2969
1127
10552
3583
816
898
882
1291
1308
5898
7645
801
3244
605
1390
6085
536
1787
2631
1347
615
857
676
2820
1263
529
794
2663
336
1043
1775
8135
5875
998
951
2706
846
1379
5208
3432
523
806
978
2296
2266
1214
1809
458
784
1060
809
1453
1779
1049
1074
762
739
688
813
596
1409
1605
2361
1445
821
1231
1725
713
1756
1223
2905
791
3706
1252
2276
581
4318
1274
899
521
4029
9850
1054
1059
937
803
1307
1126
9766
633
1136
976
534
1462
1509
836
481
1070
2261
1348
1291
3253
1659
789
2562
2059
1826
1062
3016
978
2079
489
787
670
5853
2881
789
562
908
601
2947
1263
1007
1783
1593
3141
989
666
403
825
3330
3762
989
580
3556
950
759
4420
612
549
1356
915
626
1558
824
616
670
660
4646
1263
1243
1706
8181
533
642
638
755
4451
737
1008
843
1027
2759
938
1883
9518
3945
2822
1460
1124
702
571
617
2213
1088
738
2698
579
558
610
631
7406
7850
749
954
1998
1235
1445
5060
6004
805
317
1878
592
1583
959
6667
1793
798
1525
689
6898
675
1017
628
866
579
1468
11083
605
743
5064
717
1747
932
636
4034
3127
515
1442
2272
4172
1619
590
549
712
726
616
1115
554
829
1603
2163
693
1681
957
1311
917
3845
590
837
527
1097
3003
1620
652
602
1421
939
839
608
847
646
7088
2212
726
907
2243
1798
722
548
532
1375
903
1180
809
939
3702
537
4521
928
650
2377
2194
687
611
707
1703
961
1429
682
1173
554
631
1413
783
975
3409
601
864
971
820
6152
547
619
1367
1258
533
677
2020
1022
499
3171
726
3318
903
1192
1230
806
1112
2001
1108
2729
4224
1751
825
2942
1024
931
1140
941
2968
537
2586
511
1173
3681
1326
1532
1100
568
586
699
6442
496
1501
4721
600
1906
547
998
1211
1438
959
7066
1680
522
750
684
5887
1175
725
868
907
717
3519
1843
583
569
611
554
580
710
822
792
616
3073
828
1626
504
489
625
1361
1580
2735
4837
7894
4655
990
3330
962
1693
831
1081
1579
1434
898
882
6639
640
577
4342
3133
8481
993
6949
606
490
432
686
664
3101
4941
644
820
857
1588
1524
1174
3204
427
3575
4776
2282
3510
741
1229
1026
1705
707
3832
585
1096
1183
6410
851
846
925
646
560
15381
4314
556
4637
2155
601
1261
938
1161
2624
5325
4912
620
574
723
863
985
1026
622
694
1134
1716
2845
651
838
1263
693
1365
1247
5234
5336
569
1606
917
637
621
1172
935
1106
2351
699
959
1062
1392
347
678
533
1984
1397
626
2435
945
3811
9981
706
539
1470
1522
575
1081
1218
1476
1400
1795
1619
666
1877
565
1425
1222
597
606
827
555
1854
6412
626
1674
752
683
449
1643
2533
678
560
712
1222
871
630
337
1090
536
2265
593
1439
1453
579
2341
638
1076
914
679
3552
1863
670
945
7397
483
1828
10780
765
8810
10026
703
846
2409
1367
606
1272
1154
764
416
1038
560
687
807
964
1182
703
4384
5308
1599
632
449
1359
786
760
3588
5684
9666
640
505
701
522
3994
1420
932
5030
731
1440
783
1592
2221
925
418
481
923
915
6059
1942
939
884
541
611
791
509
464
1468
657
1959
909
579
1488
704
1058
602
895
2318
499
583
4014
557
628
580
587
549
586
553
873
642
966
575
855
970
8061
5456
699
469
1638
812
1693
2365
2614
1592
1269
727
472
1964
631
507
1695
1573
484
1114
1803
845
829
1514
444
2255
1315
2225
3963
10319
3973
479
1289
612
584
10686
2235
1962
1867
364
935
713
1043
2206
454
477
869
559
1295
663
2078
755
833
756
2556
3717
696
4024
4078
1094
1456
1911
1273
1418
562
634
3212
622
1873
4895
799
556
2380
903
1122
689
3242
2301
926
2807
3955
1625
1296
624
2074
863
1928
2977
686
528
836
2952
670
566
737
3878
483
468
1025
1190
661
1429
5776
942
593
388
629
3508
1012
1006
1099
644
741
1253
3333
1647
6104
897
632
3669
846
5706
5956
515
893
1116
2284
1730
450
1556
670
2668
1908
914
1136
886
982
1249
958
661
802
856
1332
1289
766
868
502
541
503
991
551
1269
862
667
930
3985
1489
837
818
814
2427
1498
755
954
565
3002
1157
562
4274
922
629
507
769
1167
1162
2003
4130
981
1714
1195
1100
1901
775
691
861
5534
2440
2950
1107
910
1027
2221
560
1302
1621
1179
3402
623
600
2315
658
635
1623
1036
1001
19093
562
3015
475
908
567
568
885
1542
815
1090
3172
868
734
3818
3009
2048
2358
1297
1486
3285
978
759
562
1952
478
2061
582
1113
1035
3613
585
429
870
805
853
1444
634
2579
604
1180
1158
607
4124
933
1011
478
3718
756
679
1689
1419
1826
840
1784
2246
975
1586
950
823
1578
1771
643
1095
3548
655
474
616
649
656
2319
673
915
5008
1808
785
547
7554
521
581
907
4417
876
1220
1208
1018
1513
644
2138
682
2040
596
593
1876
1361
7172
796
628
835
1727
1210
3211
1385
943
846
748
652
906
744
438
1562
1093
669
821
711
910
873
916
549
3967
3528
622
958
3489
1878
2256
1078
770
1371
1755
601
917
5696
1861
1405
882
1672
1877
3285
1020
1023
1264
2619
961
4603
990
874
1119
1160
612
3517
2133
3237
1045
7494
976
652
1257
1796
1961
478
603
3749
1059
598
951
2072
1247
1869
1594
2293
1944
920
790
394
1909
1212
1567
2127
961
659
570
1803
949
1568
710
1642
2268
603
1026
791
3052
428
972
1085
656
668
819
1921
4894
1407
732
1719
1568
1461
1015
1062
1754
1105
1626
1426
774
1202
1443
1269
3833
986
780
490
1834
360
2656
770
610
688
1611
771
588
2899
1795
11176
1347
690
669
583
794
640
1723
3129
570
906
1592
2440
1583
2176
1765
5869
2892
1703
739
3450
934
1497
850
700
665
2029
1142
487
794
822
889
849
5670
4854
717
811
5185
3081
664
1054
1802
996
1356
715
729
1372
1227
1260
1382
1259
2545
644
984
5201
396
540
1111
825
880
421
1197
536
766
3071
636
1022
1440
2336
555
1449
636
20657
924
742
1713
741
1765
1416
622
928
771
740
1713
1023
1629
1130
842
788
2308
3893
4654
2960
7038
4255
1793
884
688
553
870
1292
1510
452
1479
541
836
674
737
882
388
2488
587
1014
631
734
1804
2436
1783
828
818
4241
6576
540
629
2191
566
4820
1407
917
2621
3432
834
619
1656
1773
819
4153
946
1043
841
593
562
1441
964
637
1218
612
1388
821
756
1649
454
755
662
1008
1144
673
847
1089
1015
1428
807
2872
2313
3126
741
545
1017
568
807
940
596
1027
822
570
2026
973
705
1217
832
1014
913
967
841
1053
810
7706
1007
738
5355
823
1438
2091
1028
1439
1193
684
1137
1561
1100
1121
891
861
831
1510
2489
728
5600
1494
741
1512
1444
801
840
751
677
712
1101
1955
1097
1463
910
881
3696
1045
1952
1222
1209
1117
672
503
1795
1861
1013
1049
546
1260
868
889
569
1099
923
378
1560
1442
2492
969
1024
1237
1949
892
4756
487
823
4472
1803
688
756
707
604
1131
960
1056
1123
555
1392
2246
2095
1449
946
1427
806
584
889
2230
3869
912
1523
1265
1530
776
1745
934
1188
571
338
1377
871
731
3461
1574
850
772
2282
850
794
1269
736
640
607
1393
898
9784
643
1169
1669
2699
6520
1668
1611
1188
690
1269
871
876
1427
843
949
1805
1055
3328
349
895
672
1094
2017
3200
683
756
733
1226
3755
816
956
732
1544
2498
623
519
1390
765
1317
726
468
987
2212
1985
832
618
992
1157
5506
2967
1611
873
904
3968
1432
5662
728
679
604
553
670
711
1943
1130
789
986
465
3948
669
1534
4750
799
1229
2393
737
939
2586
977
2050
2308
781
1085
1344
1277
544
708
712
892
594
830
2522
1669
1202
565
623
586
899
4231
893
619
697
1159
1643
2533
808
1169
5070
2528
603
778
1004
1044
4525
6027
572
1957
1505
1603
1579
1339
2393
1234
818
830
1732
638
880
2392
1112
745
1545
698
617
745
841
596
1724
1618
450
6778
3842
693
1943
2887
4562
1833
7120
926
1055
1423
1751
738
847
450
2209
1510
2612
719
3541
1872
5920
834
838
753
644
9369
1319
958
530
1330
714
846
586
2512
745
674
944
564
3206
794
826
1279
715
8774
1120
858
744
2598
8135
1019
944
1340
3939
683
632
1511
653
808
993
2677
1126
1916
956
656
610
981
534
6547
663
1653
744
776
753
974
1210
474
523
699
580
1136
1643
1950
761
2412
1606
925
1499
763
1118
838
514
5470
542
3723
831
646
1043
694
2100
1149
2284
706
736
808
1803
579
9735
1013
979
3816
551
650
1014
567
1921
1421
951
745
771
2056
795
1248
1684
806
576
721
773
1536
781
1424
6805
1170
3150
2823
1866
1312
3121
1642
638
1675
858
915
4263
1158
811
562
1902
4142
577
677
4511
2473
695
1246
551
1857
7734
813
908
1160
1076
531
705
565
1141
877
711
648
794
618
1847
2906
2387
1308
794
6709
840
903
3096
816
1907
1612
447
942
654
561
598
857
1849
1844
1970
854
824
1558
573
970
1390
683
1071
527
754
1459
722
452
852
603
2028
3328
603
1527
3438
3363
977
792
3532
1629
583
2890
960
713
1221
786
1331
679
4615
770
660
754
729
765
1079
2870
3021
742
1200
566
610
2432
1890
689
1004
797
4524
1096
770
763
737
2888
1301
747
1230
875
508
2675
1093
558
1617
673
3585
1767
558
747
4546
1242
871
947
1846
1014
870
884
2444
6828
7858
871
2035
1226
972
930
1441
1068
1544
1891
1053
613
740
618
2428
866
1388
524
1195
2957
841
770
3097
667
664
3313
680
5502
728
499
635
833
1256
803
2328
4839
3167
6487
885
568
1571
596
1148
1284
623
1024
942
5072
7059
646
1144
1109
3784
2507
488
1224
520
508
775
529
6337
624
7001
1125
1233
813
3448
4733
1437
2804
2925
550
2362
3351
1709
653
744
1786
465
2159
1493
1078
1088
868
691
1033
796
4569
2241
1531
685
962
425
1104
2184
4149
906
1092
1030
1810
438
3525
1026
825
521
3174
1231
722
2649
802
13485
820
3607
4014
722
592
1102
1509
625
2131
1427
1394
851
519
2758
625
649
3187
814
1105
648
1455
813
5576
2641
603
713
520
853
991
664
1583
490
3468
663
336
1288
592
644
628
824
1410
1541
590
5442
6506
596
620
1525
1871
5272
1743
884
703
770
929
956
633
1651
547
994
619
5188
662
944
810
2420
614
938
755
3759
1560
847
1016
1322
4139
3896
4411
455
967
5621
8379
1198
1915
1556
842
523
1187
971
633
1439
1851
4092
5228
1713
709
540
1450
664
562
962
1109
1060
533
1487
616
612
2059
802
1076
1651
697
1473
632
11170
1310
3820
964
1803
632
565
650
619
686
2626
736
1540
396
815
847
1609
603
998
1044
2805
6126
531
616
1514
3024
2068
609
667
1214
668
929
905
1178
706
564
2320
1037
1897
2462
1212
1432
967
3376
915
1371
562
701
959
1165
939
1164
689
595
965
3039
1656
847
564
1275
884
1916
2522
936
1276
706
11468
2078
2537
506
618
708
771
950
1758
1321
1009
3612
5098
1131
568
3073
501
1207
1259
707
671
1502
795
10267
1188
6382
1290
977
698
882
9596
1973
643
2213
696
846
2156
493
887
648
1132
865
687
829
926
707
588
1919
843
7882
4086
856
1377
714
2801
1969
6735
787
777
4457
806
1102
802
834
465
1877
773
11246
1824
9499
542
795
583
581
635
719
692
591
615
597
714
623
2474
1574
1987
709
494
1062
1623
754
2226
852
1422
686
1199
1089
2363
1904
472
2087
800
1111
474
696
525
2930
3610
3844
756
590
500
693
971
378
1071
990
2239
1732
1726
2333
434
597
559
749
699
3474
576
669
885
2851
6053
752
1751
1505
1897
2315
540
1772
778
1285
683
1103
1934
1471
1362
685
794
880
1631
1409
1997
724
2294
3499
736
4825
3396
417
461
752
897
559
7222
2465
533
1210
1324
1362
2274
10055
959
752
934
2295
859
2870
695
1376
4347
2614
1701
1044
2300
424
689
697
1050
994
570
775
867
3493
653
9420
655
570
700
1377
1969
2021
1280
1424
1863
1062
543
830
848
592
2285
820
1567
529
499
553
1246
1575
1401
801
487
1779
772
2331
2115
596
540
2438
591
1216
611
498
659
2629
750
610
815
788
1249
4251
905
598
776
684
637
577
1251
1132
1376
690
1092
681
843
1855
1673
797
1091
681
589
898
543
732
1446
2548
759
2210
1379
691
602
574
543
559
420
1542
764
767
586
999
502
2163
850
2351
953
436
1531
2016
1597
833
785
1241
950
634
613
681
1117
895
914
394
3119
8081
1108
1563
909
475
571
3750
468
724
626
2369
1333
1035
643
6808
653
1333
660
1531
469
396
410
680
1254
2149
600
723
2431
1170
711
991
492
633
1041
3582
1155
956
1003
4909
7093
636
573
1552
1589
593
1119
952
1311
1042
848
551
3814
2307
3074
745
1274
707
951
884
640
808
1668
2022
1046
560
745
700
9093
702
802
541
1541
550
772
832
1212
638
529
1553
4677
1008
829
700
621
911
741
1708
1116
1793
3921
1228
915
1588
1010
1149
1834
1906
7838
1247
5250
571
3963
657
503
725
966
866
628
639
1082
910
637
588
4288
686
1022
942
871
1534
1305
1431
1132
549
1055
896
1692
487
1517
907
1656
839
1954
2708
2907
2953
760
613
776
1266
1557
7702
558
636
1817
1442
1129
713
1381
541
3234
1226
1086
406
3553
5397
2998
1654
1819
1368
610
625
647
797
617
1738
1272
610
610
695
1158
1776
1599
684
8170
640
1235
1751
932
494
888
1041
675
1041
1045
609
960
706
2273
2944
936
611
1395
7211
894
1379
2580
1557
746
511
5556
1267
1849
2659
607
2636
820
846
527
430
1803
869
2272
744
551
2024
1202
749
543
1332
759
1024
7081
5534
2061
1235
828
4643
999
2976
846
4745
957
2875
905
1796
702
779
9526
578
555
817
623
1056
2514
3304
558
960
506
593
5556
2557
762
1145
1579
1025
5541
946
4503
1550
1304
8082
600
513
593
862
1398
2264
1236
1630
891
656
1219
784
535
724
1054
551
487
575
767
2704
633
994
750
813
509
793
545
575
1262
947
842
1393
3809
1367
9726
723
527
721
1976
910
1150
833
1590
676
3011
461
3071
5947
1489
1088
535
892
1213
5687
741
857
1423
487
671
1304
942
1083
1926
2392
4463
844
746
824
1543
730
2594
493
1783
1728
1937
781
1862
686
541
6962
609
523
755
3263
3361
1306
2361
669
1575
807
7537
537
581
1852
796
644
531
1503
1681
1432
1129
651
545
3557
1204
496
651
852
2025
687
739
669
1852
814
1821
1119
836
2542
2046
569
780
544
542
2450
2290
1224
2877
509
2217
2223
1581
1452
1160
662
773
5896
504
566
857
612
514
883
840
954
2102
1593
1253
446
1638
606
2971
2515
2468
685
1100
2205
592
841
864
2145
844
756
821
941
1569
1473
562
680
595
9774
2613
1843
2457
749
828
905
562
5789
8175
909
8633
3717
1019
1048
1842
662
1715
3149
493
850
8318
1705
533
1116
917
666
808
457
1313
780
2343
1053
616
851
533
678
704
526
1122
1073
1367
608
525
617
744
943
730
840
1110
1491
1445
733
579
413
880
775
5276
1092
2694
3260
2046
1077
905
1541
1905
2488
726
696
634
356
967
2195
1118
870
752
717
917
686
3549
1200
596
799
841
618
956
1550
1909
1179
2068
1204
807
1570
683
854
1944
2180
4007
734
1015
1614
655
830
3597
2513
1052
1519
969
1189
804
437
1885
952
692
938
693
814
574
690
2533
702
2759
999
1459
1555
789
453
2532
3045
1015
696
1707
1480
907
747
3336
3179
608
972
3458
765
2401
1572
692
666
6896
854
470
709
1725
1181
2973
4601
3129
713
2411
918
1185
2577
719
626
723
696
1145
1210
644
1095
619
1704
2132
2732
2249
971
824
524
999
648
1488
2287
1352
1329
1250
1149
784
762
619
4060
1213
777
8683
1195
1802
664
652
816
584
371
961
1746
6039
669
2762
949
663
610
1034
763
1303
908
555
507
987
809
1333
4197
3756
4113
596
4204
985
562
1366
564
790
7685
4021
754
549
3271
1750
553
681
603
808
1150
2566
1935
1835
1200
2297
568
657
7811
2776
5117
724
540
6092
921
481
1114
1110
569
819
2182
682
1754
1132
1091
3402
1777
1285
1083
887
1116
1630
632
843
915
999
1426
667
1882
1765
8488
1226
658
680
4264
1251
783
587
570
1257
1166
3144
375
776
655
1140
2131
1215
621
1763
10053
