6189
1443
1453
6139
1990
1308
10104
918
3538
2901
5636
1956
1616
1634
2307
12857
5915
6153
2438
3227
2294
5648
6538
5901
2793
3470
1925
1512
2162
863
306
8649
1793
883
4917
1660
1333
4838
4203
1595
5198
6309
4234
4583
5561
1622
4674
3916
4873
2448
1463
4634
1380
6371
1641
2818
4919
4382
5556
1017
1959
3207
3098
3967
25929
1865
2256
5182
349
1410
4573
747
684
781
629
513
1242
1129
655
6739
657
545
702
545
3457
9890
2333
4478
4548
7550
1796
1176
7107
6089
9237
2249
4083
3580
3865
2188
5375
3936
3811
5710
2943
3585
4217
1128
1129
1292
15290
3330
2338
5435
4757
3314
4477
6086
4976
3123
5574
4104
5044
3348
7134
1162
1531
2852
1112
1508
1274
2384
4132
3634
860
946
15427
3426
7520
2267
2518
3687
3331
3876
2069
2593
9496
1956
2845
5050
1008
1503
3731
2662
909
5793
2112
5760
2173
4067
5188
15969
1812
3148
3177
2388
798
2012
1754
2401
1164
1904
3920
1426
5158
1261
3466
4422
11322
3546
2140
1202
2609
3964
4076
1295
1372
1583
4323
2575
6930
1369
1373
1372
9480
3526
3929
12420
678
2434
1467
7294
2860
965
997
1767
564
2721
3302
2560
3889
3482
3638
3808
1316
1618
3254
1221
22930
1988
1848
845
5299
1406
6372
2150
2236
1745
3978
3670
2945
2759
1297
1492
1978
1524
1690
2558
9624
1056
1262
2352
892
8983
1545
321
1845
2764
4381
4272
1855
1151
3800
973
1384
1554
3048
2533
2204
1218
1246
1429
1433
1482
3607
1414
