357
363
474
736
1
1
5982
1
1
383
860
506
1085
742
271
229
1477
499
765
637
71
745
394
12
433
911
14379
52
50
288
57
46
51
44
45
307
61
59
53
54
837
655
128
701
1115
1292
325
451
442
1
4600
105
112
178
463
59
440
573
53
374
1435
420
805
47
703
924
470
1910
546
1
530
96
350
866
366
2061
731
361
615
1343
235
472
607
65
54
700
138
189
1216
180
943
505
196
145
1287
331
455
64
1627
73
20
22
4387
191
1
296
365
893
1012
720
311
122
461
133
250
4072
495
448
35
908
1000
152
230
151
20
357
480
512
494
41
576
506
519
124
26
864
2
