1174
3302
4156
2412
15101
1274
3735
2460
1081
34887
3681
1344
2184
1972
2857
1814
14253
1194
1998
2404
2463
1273
4577
1335
1281
9325
2319
740
1896
8629
4495
4114
1733
656
3228
2336
1368
2004
2148
1480
1189
10090
4818
2503
22175
950
1593
1129
1590
1459
2499
1930
5523
1200
2814
4171
3389
1901
5918
1677
4429
2320
1335
3167
5432
1174
1044
2741
1063
1624
3375
1568
2882
1517
1329
4641
4091
2074
2275
2794
33939
5720
1292
4046
52476
7161
1567
3294
2437
1364
673
938
1782
6110
1349
2555
3080
3308
4629
14307
1578
2185
905
876
1169
2525
6942
4867
1285
753
3215
1711
617
1032
1897
4388
22623
2318
3553
1139
3145
3190
707
2285
1850
1358
22170
2864
2509
1579
5518
1340
5562
2431
1691
742
1278
1518
6433
783
897
3457
1952
7172
1740
20478
1277
22838
4216
998
5700
1814
5910
2356
1383
1546
1694
1472
1301
2774
1448
885
1215
2328
957
2771
1729
2320
1145
4335
1529
1018
4944
4984
1733
1227
623
1198
44437
1703
12518
848
1288
2053
696
6397
2118
1767
1809
2802
2430
1464
2622
2016
1448
1203
1237
5188
26711
1212
2896
64007
1755
11147
6606
1030
895
9505
10324
9209
3954
3031
16816
2461
2229
8490
2079
7467
1708
2441
1783
1587
1532
867
2003
11947
870
1793
2366
5741
1801
2532
67818
2587
3007
979
908
56774
18772
3439
2923
64247
2330
3031
2762
2951
5897
3544
2226
12798
1127
1575
2893
1434
4426
1426
2777
14976
17049
1758
1879
1978
1709
2276
19261
2083
1119
1581
940
1559
5473
2263
4948
1583
3406
6433
5337
2660
3706
4316
1304
5346
6289
4606
3124
2010
1241
3153
8979
4350
1680
56373
1505
2721
7917
16319
40098
2280
6521
2400
1398
1887
1932
24537
2013
1054
1570
4912
4265
4536
2318
1917
1811
25696
1964
1768
1133
2408
4510
4259
1356
1213
6087
1458
2985
9175
5103
1356
3396
2842
1450
4524
4942
1101
879
1405
2858
3843
3234
1312
1115
2040
7669
1442
1232
1166
1988
4320
4137
2031
1984
2824
2573
2316
11490
5188
1561
1516
1038
1629
2676
2463
1744
6303
4966
2257
2691
45180
1746
3441
3599
5341
31690
1157
1838
21466
2009
1584
19916
1180
1798
8626
11881
2400
1103
1972
1369
1639
2796
1520
21705
2091
1640
3034
867
4070
2424
3466
4606
2348
1286
1776
2080
1589
1180
1389
6654
1596
34158
18718
66807
1876
3348
1710
1862
31361
1363
2805
1824
1650
1315
893
1026
830
1773
5849
1139
5181
1549
1122
2057
1393
1620
1216
1213
5908
23855
2455
7073
80491
3432
981
2730
1304
8672
1955
1657
1897
2517
3891
2342
1710
4385
1194
1840
947
4318
4167
2049
2224
1291
12904
1734
5125
1698
1679
1789
1016
1538
1365
5790
11388
2284
2105
1975
1076
3101
10029
1375
1375
1294
9780
1060
1470
2086
1466
1627
2805
3177
2255
2577
3025
1630
6388
1451
1000
2850
1935
13503
2320
2556
3054
65694
5658
932
2149
2093
1500
2826
2129
1223
1610
2412
1151
1742
2475
1729
2206
2365
4975
2449
1765
3206
1146
943
1152
1181
18401
64029
3032
1057
1014
1738
1198
1743
1045
6270
2094
2405
2227
492
1959
1335
980
1224
2493
21975
1154
1901
1669
742
2076
1912
18174
1464
4384
1830
1146
1205
4334
1421
7851
1069
919
2828
3743
3404
1310
2269
5334
787
2955
2024
16170
1481
5516
1415
10601
2102
1523
3088
1787
1182
1498
2004
3194
1959
7535
1580
778
1684
5253
1333
2797
1577
2629
1962
3433
868
2065
3766
1241
5515
3403
2161
1472
1953
2086
3087
2104
4435
3300
1666
1538
4358
1390
1312
3391
1810
1309
14256
1829
5409
4350
2913
3163
1382
1835
3270
1110
6421
3343
1487
3994
1702
1159
1755
1346
4287
1137
1254
2565
28325
928
31860
6537
100585
2975
3011
10391
4621
1574
1633
2608
6986
2026
3883
18277
1144
7413
2294
4438
1032
1028
36143
1891
1311
2310
14123
1303
40316
1151
5764
1025
2662
4147
25311
1339
1693
1664
7502
2071
9457
13230
1207
1652
2143
921
2435
686
1327
59650
1004
1507
4609
1128
1312
1724
1722
2143
4163
2001
4657
3049
2584
1939
1125
15827
1671
3429
1249
4134
1199
2121
1583
808
8620
2846
1374
6480
1244
1882
1173
5681
6264
948
2599
1708
1588
1584
21514
2055
1092
1998
1435
1169
1739
1496
11573
99791
22712
1645
2574
4924
4648
1170
764
1505
5627
1117
1205
7533
3065
1133
5293
7328
2595
21547
5275
1359
1862
17249
29899
3324
1880
1689
5660
5075
1557
7437
1554
22348
1663
1698
25147
21666
4553
1511
2704
8119
5359
1258
1458
3284
4464
1399
21842
7013
999
1263
1620
1751
760
687
33414
2197
1086
1742
2376
1265
1528
1797
1135
2435
1799
1359
14221
2795
5231
1896
1651
6627
65722
885
3303
2837
1854
1505
1296
1458
5027
21522
1533
1081
1646
3427
1144
9747
1072
3261
50950
1277
4006
846
1201
1624
1136
38743
1253
3009
1753
1927
4469
5424
3777
1675
3871
2167
22378
896
1152
1610
1160
2527
3652
2480
1637
1199
1005
7141
1434
21793
1606
1528
835
4479
1267
27029
13167
1584
1719
2649
774
1073
4584
7668
1520
4471
2011
3453
1182
1340
6506
3483
2225
1272
2872
9382
2197
1467
3283
5138
1660
1085
4488
3632
1197
1384
1060
2905
3488
1175
1818
1525
2344
3043
2900
7250
3084
2469
15850
2955
3774
4422
1206
1542
3034
1219
3052
2164
1698
1305
4562
1146
3317
3462
7018
881
3104
2801
21631
22755
1198
3027
1818
3154
1185
5679
4397
1559
1215
2860
2031
3119
1076
1240
3009
2174
3085
3002
1391
1107
3201
1116
1299
2948
1462
1180
1520
2900
892
1160
3171
1308
1063
1759
6637
3241
1388
1114
12213
9062
1289
3220
1366
3003
1310
1229
3771
1397
3503
3112
1291
1125
15385
1216
3283
1665
2275
3106
1546
3763
1210
3280
1770
3169
1209
3203
45909
3697
4872
1522
1679
1775
2352
1173
1856
1003
9093
2053
1348
2541
2261
3677
4413
2186
4235
5068
1959
1401
2666
2788
2659
13933
1149
1054
4327
693
6118
23015
2099
740
1439
1216
1159
3945
1940
690
63768
2139
5140
928
3333
3046
1420
2810
1923
749
1610
22098
1612
1219
3370
7106
6003
934
1506
1642
1403
1554
1171
737
1080
4119
5406
2807
1525
1729
2578
1347
1114
2907
1807
2819
3514
1149
670
21922
14199
2321
723
1261
1033
1165
3773
6282
3146
788
10486
762
1114
1602
1090
29416
4744
12667
6816
1890
1098
4543
2863
2164
2971
2444
21599
1027
1296
1102
1423
1604
3292
4000
1256
3785
5826
1594
2369
2656
2219
6508
6245
3089
8380
1314
1689
564
1364
1290
2806
1998
1240
4234
4054
1130
4449
7224
19752
1084
1389
5197
1094
40128
4409
3674
26701
3734
1252
2415
1603
2564
6711
5078
3224
3225
1536
2278
1362
4157
1295
2219
1412
1293
1353
3548
3558
1818
3162
86269
5260
50998
2013
2502
5413
1309
2790
3184
1975
3325
1377
1204
1344
1572
945
21614
1773
2234
5231
1575
4991
6584
1132
920
973
740
2139
1772
1753
1240
6446
2033
986
2246
5185
3436
1923
1688
1172
2623
4397
1402
1521
1031
2765
1145
1348
1204
1210
887
2329
1063
1908
1651
3012
1283
1659
923
22780
1853
5444
2106
980
8717
5588
2429
1881
944
1324
2237
3051
1831
950
1193
2213
14548
1441
5553
2479
1678
8065
21935
6463
1387
12548
1180
2264
1220
4291
1611
6295
1637
1524
2295
2404
4041
3837
2540
5855
4655
2209
1299
1018
61381
4945
1582
1149
1409
1090
673
1629
1151
1504
3626
2006
2284
1501
1610
4287
21025
3511
1263
3594
2343
5134
2958
1615
2127
768
1823
5992
76992
1293
1060
1198
1134
1220
863
806
1601
11481
918
6145
870
3236
2211
79060
919
35516
969
897
1200
926
866
1552
1047
19873
4397
6441
2448
1621
941
1681
4471
984
4443
1082
2245
967
2181
1559
5751
680
2200
3508
1595
4042
7102
3067
2127
1158
1553
1335
1171
2431
10778
3256
5551
4244
1398
1956
3180
3170
1628
2340
2195
2375
1523
24262
45730
1121
2758
1952
3744
880
2894
1131
2086
1784
1363
2920
1248
1331
4048
1340
1023
1674
3737
7875
1967
20002
3449
5219
2823
4858
1600
5593
4335
1018
4151
5080
1017
2824
2410
1809
1322
2286
2157
4587
3472
1063
3455
2128
7232
1543
5792
3910
1252
4004
7360
4308
1151
22147
3118
1006
841
5092
20692
1682
2228
2704
1603
7429
4894
1512
21647
27561
2870
1044
7934
7988
5254
1813
1331
8705
1028
1006
4140
4147
1988
3278
2319
1618
2035
9674
5118
1160
21527
10264
5326
815
3494
2783
1927
2135
1159
1385
12014
4562
2144
1084
1490
1415
1765
1206
26146
21020
554
968
732
1297
1201
1063
16145
1305
1406
850
1057
3361
1004
857
5288
2387
3133
2240
3466
2280
1062
823
1277
5226
1690
3459
883
3127
22717
1292
3195
1092
2145
3154
1615
1113
1348
1486
2660
734
2236
961
923
1060
1571
7666
1186
728
1229
2470
5295
939
2392
10572
1211
1301
4061
3713
1049
2074
25931
7589
2244
17026
4101
945
4220
1494
8299
1337
1694
1402
1166
2772
1481
2796
1304
2450
1357
1320
952
6773
3002
1242
3917
1131
5083
1564
3954
3230
1645
5155
1567
1598
3688
2507
1333
1066
14699
1019
1671
1177
16795
1850
21559
3074
2610
2551
1804
1120
16225
581
1306
2675
2127
1190
1838
3302
3962
2144
1363
1448
1841
1731
6514
1711
1822
21810
849
918
2522
3234
5877
17260
2906
5949
5255
669
3184
1327
1833
438
2061
6932
4121
4057
4763
3945
4990
13210
2333
1188
47331
2602
5238
3075
1020
1263
4909
3899
2321
3158
8232
2561
1222
523
54699
2194
2311
4067
472
2097
1360
21800
1701
6251
894
2536
2392
1175
7416
5162
3617
8684
20727
3833
3565
2223
3873
2928
1921
1104
4006
11393
3028
4421
1310
3122
3051
1561
2318
1638
1242
4059
13131
3445
1508
36655
6485
3760
2249
2344
6613
1016
4145
1593
1578
3224
2486
797
3827
8136
1375
4078
1429
1846
3282
3418
22918
1505
2689
1116
3958
19146
2632
1622
1191
1048
696
24220
730
7125
8747
22757
1440
1522
2006
3291
13463
4677
1737
2416
2121
2068
2256
1666
1335
1346
1122
2230
5323
2527
682
1208
531
1738
10348
4980
6261
1985
1740
6154
3047
4181
7538
726
7158
4956
2562
937
1916
733
1628
2353
1280
25846
3631
7430
1839
39152
1983
1261
7329
3173
2017
2068
1938
5771
902
10946
2383
7862
1564
1203
1555
1760
3555
2048
1822
1830
1472
12170
2551
6251
4220
2114
1829
1732
2687
3636
5614
1763
716
2292
1037
4223
4881
12427
902
13042
66867
3701
1813
3678
1520
7156
1333
8624
1509
749
1444
1370
65718
1769
964
2585
708
1173
3151
10399
1307
33111
1308
1011
2022
1886
2752
977
1864
5831
1176
1425
5239
5359
1498
1226
1773
1883
1554
1209
2748
1296
19522
5253
1935
652
3400
965
1330
1185
2693
1724
2507
1900
17249
3014
1365
872
2980
2777
1512
840
1869
5542
1128
978
1546
1744
3355
32742
6182
1110
13150
1098
5276
1397
31600
754
5947
12527
3175
6352
1461
1625
1000
6204
5009
4627
6937
2868
1998
34966
7014
1220
4492
11903
3092
1518
969
1195
1205
9119
931
2924
1433
4919
1328
5881
5510
1836
2202
1237
32279
922
8079
5313
949
8081
15079
6971
1991
1595
11114
1030
1974
1320
4232
1689
1415
3974
1651
1508
1373
4566
1185
2750
1210
1470
872
784
1280
2462
1288
2673
549
7167
626
1766
2116
564
1523
748
29943
2359
2754
31515
934
1311
774
916
14737
1929
786
15760
811
1030
1118
5499
685
2246
2300
2212
1620
1490
1555
1969
2559
10345
11703
18045
5193
2317
14677
6336
959
1241
2590
2066
1758
1553
1079
1014
3657
2434
1586
1067
2044
2072
950
1058
1304
1801
4566
1722
1690
18493
1217
2523
1685
1895
1444
1150
2470
1587
7502
2283
2231
569
1147
1853
1457
9270
578
884
1073
6096
937
1837
22147
3240
952
25299
884
1060
3507
3193
957
3767
4855
1855
952
5286
3745
5055
1521
924
4579
1770
1144
3117
22964
3329
3255
2757
4053
2448
24884
1052
5218
925
22691
2817
2691
8012
2412
1061
2080
5297
1510
1681
1123
1291
4644
15775
1025
1284
1261
665
5578
420
4326
2448
5336
433
1786
1339
4331
1035
1412
1389
7107
1138
1267
3272
1359
1956
1397
5079
1346
1267
5046
1261
3253
1649
1375
2096
1374
876
14945
1115
3131
2955
1609
1187
3353
2831
22212
1840
2320
1336
19404
1725
995
1680
1555
2235
3831
1148
2666
1646
1652
2289
2101
5554
5953
6872
1385
3154
1472
1293
1893
1305
1260
2363
4057
1051
1928
1287
2838
3623
838
951
2352
5669
6968
718
2971
4789
4342
1667
674
2446
1073
2234
2052
4123
4640
9162
1776
804
4338
58792
7151
4053
5708
837
2614
3499
3630
34158
1321
1034
1234
2219
1995
2017
4083
1354
2000
4195
1222
2735
1190
2076
2435
6367
1169
6551
4493
1174
2215
1506
1423
4272
973
1411
1628
1015
1466
1932
1153
1220
11204
999
1088
2281
1359
7492
1548
1330
4842
2446
7058
2790
814
1573
945
2038
1652
952
798
7395
718
449
1573
4034
3908
1005
1375
15220
2623
3323
1075
938
1609
1910
1995
5222
2005
12054
2457
1156
3627
2031
4379
2777
4349
2010
5084
1612
878
4797
1238
1025
14210
2463
2585
1831
3690
621
1491
2620
2337
2182
4006
2795
968
964
606
2827
660
1357
10630
2370
2356
1728
2440
5299
1322
5033
2005
3296
2666
1457
1423
2816
2921
1320
1586
3850
5563
5057
1088
18217
956
4948
3444
4022
8298
2429
4333
2097
1245
1999
1348
5564
676
6453
901
1112
4984
1126
3971
2799
2389
1914
5072
1846
2102
6455
1163
5335
3987
2065
10015
755
1432
3696
1460
5078
5758
1337
104009
1127
2592
5093
2063
929
1986
1265
4569
3485
7601
2377
3635
78099
986
1343
2550
2007
1569
4345
1770
2581
1666
32731
2264
4386
3522
2381
2063
974
79349
6505
2568
2527
1943
3639
932
1351
2128
1110
2125
2305
1999
2014
16145
2054
7574
1340
3885
1045
4836
2111
1622
3753
1173
2042
1928
1928
2380
10760
2447
1699
2074
1863
2033
2084
6356
5405
1915
1926
2268
2513
24086
2398
11297
4174
1007
960
4514
980
1153
4861
25126
1058
3941
1483
3357
815
534
4242
3639
5360
1196
27698
998
3003
3589
8550
1380
3658
25565
4194
16588
4958
1147
1515
2836
3040
1081
8320
4169
29729
4266
1947
1360
990
1349
4181
1948
1487
7786
9801
17411
2469
1314
1544
1171
2348
2408
6215
2273
2203
1768
6957
21392
1671
4615
2442
21967
2743
3633
2650
2776
3880
6249
1046
1754
1498
1378
4783
2011
1988
4960
2056
5821
4132
3541
3684
5778
1691
1472
2279
7993
1581
2921
1958
4251
2093
14649
2153
1950
1915
4766
4409
2672
1948
4070
2651
1049
5154
2255
2085
3644
2661
2049
9555
1470
8412
4982
3079
1536
1652
1934
2238
2381
3431
992
3322
2098
21927
6290
1469
1713
12189
1070
2712
12301
33123
4026
1372
47036
983
6209
8764
2835
1091
4056
1368
1958
4249
1058
1097
7633
4920
1371
3630
943
4614
2034
2288
3593
4122
4619
7290
1195
1969
1816
1430
1523
1698
1125
3735
1272
1989
2406
1335
1111
1467
3374
1414
1106
3959
8085
1145
3141
1734
2619
4724
4855
1728
4443
2127
3968
3677
11942
5248
5956
4221
5397
4637
3113
5541
3029
5574
2333
5165
1830
2742
3449
4875
2181
2665
10606
3571
3506
9744
2319
2449
3783
3602
1621
15765
2240
10923
3391
2182
4484
1786
8438
6926
7831
1897
22320
1050
1027
3934
1210
1101
1110
1512
937
2367
1311
5012
2068
1027
1256
1476
1758
3994
4219
3491
1683
987
1377
2248
5807
1569
2239
1161
2757
2279
2214
729
1002
3493
1260
2381
1788
1022
780
1870
2218
978
1399
2086
1500
1211
8564
8459
1258
1062
1206
6850
1805
3350
1353
2343
902
6961
1808
10468
5541
3213
1072
2246
1073
788
1286
11182
1311
2005
2883
2977
1787
971
5381
4168
3286
1811
3078
2796
2497
7860
1278
1080
2331
1698
23275
856
1679
4253
3644
1404
1093
3166
1085
6914
39492
1794
11762
1415
1353
934
3069
2764
4332
4528
3310
4829
1292
874
3992
4056
5118
1389
1444
3026
3061
4595
987
3694
2721
3219
2695
1592
4598
1649
4235
1263
860
3345
2350
2985
1999
4001
6103
22192
4288
1752
1650
5881
994
2037
3828
2162
3896
4840
4143
3088
1723
2246
2003
5935
6598
1384
4152
6630
2398
3365
2056
3391
1860
7482
1597
3149
1733
2320
4938
1792
4992
5178
4476
4417
1853
3067
3232
4206
4263
1749
1283
4691
1054
2363
1034
819
7696
1792
1776
3087
6682
705
3587
3870
5770
3673
7615
6108
1231
8524
1855
912
3344
1057
2360
1955
3242
15163
5093
2648
6399
1391
1367
1141
1002
709
840
853
1850
6671
836
1542
1779
1077
5198
7215
1168
8427
2736
3216
763
8737
3379
1025
905
594
716
2045
1235
1210
4771
2907
1129
638
1168
4475
5646
23863
609
2158
1796
3230
1843
4896
1356
4506
1592
8975
1846
1036
15234
4962
7864
2227
1780
1566
2509
2909
2474
3132
2965
1235
1425
902
11461
636
1813
4275
1439
6716
4225
1693
2010
1426
5137
1488
4216
1374
1059
7589
945
3259
5365
1341
41085
1479
18729
734
10139
4744
2763
2810
1884
1361
1590
1608
1341
2702
914
4311
4622
3093
2926
3147
5885
4040
3846
1126
1484
7233
1983
3058
2084
16685
1267
2249
935
1203
7561
4306
745
1377
1608
11319
6785
21990
822
5624
2538
4239
2883
2276
1413
3146
803
26931
2604
3055
919
1135
1169
1855
1200
745
3239
1491
4719
1214
2353
10797
3551
1175
2079
2601
2450
1683
1192
1925
1204
2100
752
547
1630
13872
3892
9939
3362
2620
3957
1521
2082
1772
1855
3895
3992
2451
2090
2386
928
653
1510
5034
1401
1045
4585
610
1087
3455
2263
3346
1164
1389
1147
1599
2960
2260
754
732
1605
1864
1605
1219
1636
2096
2878
1803
1973
1927
2143
1695
1510
3131
1214
1894
1914
3411
6485
2477
3202
1455
1724
2300
5439
3552
3565
1431
2652
3073
3061
1068
4240
22559
886
10296
2685
2898
1671
873
977
3731
878
4437
6937
1505
888
4012
3159
1415
10533
1161
7094
817
2622
1217
6185
462
1043
8170
1761
3375
11941
634
3192
1403
33073
962
934
1603
990
763
852
520
1370
7796
7601
982
2236
974
1365
1239
4138
3277
849
1772
2255
2697
1929
966
885
17598
895
761
17062
1440
896
8580
1046
1349
4529
808
4813
3322
4131
3904
1358
1390
1231
3642
5683
1069
10165
4122
4437
3404
4587
997
9501
4633
916
2050
1442
1194
1723
1392
1538
2652
1603
3097
1969
1472
4007
877
1700
770
1321
23016
4147
1503
1248
2487
2152
1288
3305
2417
926
3197
1153
2743
1620
1362
1283
755
4089
1510
3107
2099
3657
761
17497
1005
1552
4271
540
4170
1343
21710
874
1133
1104
987
1131
4241
1747
4065
834
3471
2487
1395
1959
1359
8698
1477
4512
1195
2651
658
2025
22989
3326
3076
1110
2491
1746
1892
2225
2663
4570
1830
8222
1299
4569
2739
1310
31360
2464
758
819
1916
1556
1562
1313
818
6207
3073
1542
2480
1884
1335
1323
1047
3183
7373
1758
1847
656
7296
1862
1801
2123
1827
4044
627
1843
2740
1055
4008
2372
2931
2304
1645
1543
3229
1955
1001
1499
2022
1153
1726
1826
4398
2821
1947
1133
1728
809
3848
1962
2759
1633
8641
31324
1537
2341
1501
1631
4737
1253
11737
1041
2724
2005
1355
52579
3833
3947
3633
1558
2958
2020
2623
2661
1757
1294
4596
4049
1068
1469
1983
1454
1013
3543
5747
1964
4583
1582
2600
8095
4344
3573
1915
1681
1281
1982
697
4491
1892
2741
11611
12279
1171
2744
1263
1760
2198
2720
1892
6519
4407
4762
1998
30614
4602
5873
20364
2731
2417
873
4469
2129
2514
3094
1666
8974
1436
3239
1440
5371
3560
1543
1172
4091
2034
1773
6308
2495
2370
3103
1908
1584
3828
1984
6579
8779
4046
6257
1875
2955
2728
1597
3426
1460
9609
1669
1705
2138
10004
2010
5657
4230
25393
3861
3711
2978
990
1195
10008
1054
712
2130
517
1918
20087
5793
1580
3356
3050
10474
2468
5267
2949
1358
1515
2871
2687
8625
1676
2051
978
11347
8277
999
1127
1294
2317
640
1402
1221
4753
1096
804
386
1319
1213
919
988
2620
2473
3964
22892
3648
3543
662
1150
754
3689
1506
1519
556
511
750
4551
5701
8367
1696
1528
7522
1505
1797
3014
4584
3051
1268
7210
1699
2231
1557
1957
1668
1778
1945
1813
2043
2033
730
2152
3773
4254
1356
1633
633
1512
1731
1455
3216
1766
1757
3495
1825
7949
2332
5264
2763
3041
3938
2556
3095
2290
1741
1637
2935
1248
2260
2899
1605
1145
1573
3019
1285
1055
862
1658
2967
2479
3795
3702
3957
99243
1237
1721
3753
1685
1018
1997
2457
1332
871
1995
8670
703
3926
1340
1716
1161
71803
2146
2279
11690
2613
845
1108
1675
12575
2354
1366
1709
1354
1099
857
1690
3530
1646
7279
1149
1058
1270
2022
1105
884
2271
2677
2703
791
3006
1098
1530
1713
1660
1478
1670
1168
4117
1899
1770
1395
4148
6171
4789
1487
915
1208
3201
1357
676
3547
2342
705
4113
4049
1321
2810
2742
3236
923
1055
4324
2526
2372
1029
610
2552
1807
3268
8450
1571
1944
1808
3002
1507
4131
1793
1203
3236
2914
1839
2840
3304
1931
1611
1716
1474
1928
3199
1930
2816
22010
1900
1999
1490
1927
1298
4341
2218
3044
1707
2358
1300
1391
957
24017
11053
3839
1034
2013
913
1603
1886
2556
686
19414
1308
3012
1400
1370
1439
16686
7121
1927
23814
1673
1384
3504
1376
13623
3526
1048
4117
2415
2249
3401
857
2752
2015
2058
1706
8055
3393
1992
