29
250
324
118
12133
269
283
368
349
151
410
318
169
244
227
184
2089
91
343
38
277
187
507
34
143
190
112
187
1034
327
455
165
167
117
359
42
29
412
129
73
138
276
27
73
96
51
42
693
506
150
273
170
201
45
333
118
304
175
227
217
425
26
2181
276
37
239
367
269
236
504
38
214
440
165
114
21
221
197
257
264
136
189
155
1224
107
701
275
4375
218
1004
269
242
173
550
238
351
292
134
186
99
252
29
355
256
313
402
81
445
170
29
3534
307
636
198
141
301
241
669
256
310
271
225
96
123
66
64
201
275
264
301
201
302
336
1834
169
278
225
111
351
177
352
418
292
206
106
354
40
229
302
247
902
158
203
629
35
331
137
610
257
265
286
15
438
40
361
38
63
244
377
253
221
177
40
193
166
495
261
596
192
110
247
286
267
415
225
279
89
328
492
92
1048
115
231
397
341
109
255
800
218
378
308
60
420
299
34
197
391
232
231
251
290
275
280
62
78
4
200
64
36
6
517
248
302
215
16
60
6
294
564
34
118
336
13
176
108
32
87
207
284
420
291
716
152
183
21289
361
475
226
262
220
502
301
737
906
175
370
269
314
302
166
125
202
1271
324
175
286
126
163
393
427
207
100
144
142
364
287
411
299
232
312
36
52
518
416
271
330
324
449
292
327
341
1288
433
407
186
370
41
190
610
3930
336
521
237
445
274
273
96
48
456
87
256
3259
818
283
241
314
672
936
167
275
85
78
174
467
159
459
303
255
176
338
31
273
410
380
84
99
256
190
50
109
328
291
2237
670
372
32
58
40
330
2715
225
45
37
229
1029
191
967
494
242
87
282
272
49
402
106
121
284
292
426
351
732
564
471
297
924
330
290
121
179
305
32
327
126
312
248
346
482
452
128
323
35
18
335
365
361
354
198
33
309
98
13
319
244
172
247
362
1024
244
330
521
41
28
239
41
293
15318
334
284
238
231
227
280
374
383
34
76
702
38
243
19
1035
320
158
103
426
191
251
224
188
275
313
267
2467
259
461
302
254
193
370
246
590
416
29
251
63
250
315
334
657
65
83
222
418
287
310
278
219
79
241
449
435
281
256
191
217
38
256
739
1
238
1377
708
328
61
196
247
468
415
218
369
132
168
340
188
271
228
267
176
824
199
147
1086
230
423
409
207
283
14
113
352
379
352
256
494
181
288
71
325
286
520
230
103
161
272
300
225
39
69
304
253
297
290
451
261
266
206
255
157
49
286
381
2055
237
369
211
108
22
164
375
2707
240
373
236
329
424
98
255
1198
239
219
241
408
180
338
461
290
139
43
776
385
353
396
486
161
245
435
190
213
43
421
1236
160
214
250
171
200
309
342
403
317
163
231
278
237
368
86
438
151
130
468
503
87
356
230
229
408
316
390
264
426
92
411
222
63
126
201
303
136
689
228
131
441
352
364
1752
292
592
278
378
546
360
395
206
287
409
353
174
316
365
606
303
158
312
272
67
55
312
526
367
228
507
260
497
48
565
471
167
175
89
39
98
47
621
347
623
420
273
171
275
390
141
270
359
1235
204
213
403
127
183
176
103
326
94
269
401
387
174
829
250
731
181
242
266
1533
385
188
209
336
227
227
315
215
309
217
165
243
281
249
164
638
221
218
446
517
188
231
244
214
408
173
209
94
164
230
96
169
592
264
264
530
312
43
707
5716
312
277
562
302
1273
455
280
280
2774
134
218
94
217
193
412
276
207
165
646
186
223
79
405
73
15843
276
188
356
471
194
399
65
170
1630
259
296
32
67
12
246
325
346
424
310
255
318
279
1238
493
269
302
298
207
140
94
70
840
299
23295
155
260
275
311
254
207
261
262
197
189
557
187
45
118
315
151
432
68
114
148
541
609
235
423
268
161
142
178
253
251
387
209
846
97
415
67
289
352
381
77
1046
155
327
536
169
460
185
177
323
450
193
45
365
70
74
64
501
64
851
222
109
324
62
59
355
13
69
327
63
3703
257
134
377
308
530
134
312
239
410
837
17
264
70
63
505
1665
167
67
254
892
289
403
83
386
120
358
227
89
426
67
307
334
114
23
487
63
69
209
426
244
237
853
500
544
33
325
158
214
49
2216
159
265
2876
77
224
252
493
69
70
459
70
21
503
69
320
307
433
412
68
4
59
1188
18
59
119
143
29
294
71
68
308
46
63
54
454
528
279
365
68
129
43
339
68
126
101
32
61
220
369
76
272
260
875
280
216
353
67
303
73
32
280
22
56
71
21
545
43
49
269
68
76
63
52
74
74
62
9
191
126
252
240
206
328
630
75
124
381
447
37
89
96
509
67
349
65
49
239
107
65
67
68
121
377
646
381
32
269
64
59
370
90
51
314
59
106
13
65
65
58
81
293
441
57
26
127
89
63
228
48
80
215
113
54
298
476
164
73
71
68
63
59
197
64
293
119
66
66
987
58
63
65
78
154
65
414
74
464
61
158
82
481
111
77
215
65
63
58
499
209
437
429
523
440
68
68
65
387
62
489
3088
76
218
238
514
55
44
27
7
29
45
26
201
224
30
27
476
206
428
27
21365
309
121
502
33
29
326
28
725
34
168
216
9140
281
33
887
203
34
418
31
111
34
33
161
55
86
190
41
145
334
36
49
287
38
213
453
526
143
328
591
2504
41
90
247
705
37
205
32
82
31
42
94
395
307
366
279
221
344
586
34
247
36
38
340
24
25
566
144
35
382
398
142
92
33
242
35
30
565
292
245
28
113
220
143
130
31
247
32
174
321
174
33
191
402
137
43
325
271
272
56
142
179
503
32
44
33
345
35
365
34
35
35
251
73
427
515
33
193
28
39
297
34
250
40
269
435
33
40
439
30
122
29
90
32
222
30
73
43
81
49
275
30
135
42
266
376
105
89
34
305
187
204
41
348
344
43
416
143
229
175
43
18789
219
330
310
203
435
302
211
787
44
82
254
268
45
700
221
488
104
249
44
71
140
596
48
331
44
48
41
161
493
299
343
678
666
254
267
260
206
447
309
262
380
57
272
222
325
205
49
84
126
209
324
460
53
467
446
787
100
198
278
50
320
119
694
174
610
347
51
35
608
314
35
209
346
226
338
145
787
355
187
92
110
170
249
220
174
190
231
223
416
33
268
172
140
355
139
596
396
370
249
727
278
382
95
253
354
244
279
206
433
248
462
81
235
234
293
6212
292
48
104
4090
428
356
440
173
165
73
64
238
580
224
341
161
243
270
250
542
131
298
434
34
190
275
184
122
154
40
24
60
304
304
290
113
269
45
133
384
278
167
200
108
373
51
167
443
254
241
213
288
257
401
406
139
53
237
433
67
585
290
545
115
32
284
232
229
175
260
266
307
228
173
182
253
293
169
430
62
164
354
86
185
56
222
114
226
321
177
90
148
432
237
604
1126
215
85
203
258
237
271
159
169
452
76
685
348
199
344
353
140
237
215
225
261
356
213
267
98
309
225
138
92
97
266
288
226
35
317
209
278
322
223
1694
261
465
3568
319
397
213
2974
53
112
291
177
333
1137
164
170
445
191
207
161
228
42
178
186
330
51
111
181
428
242
214
778
204
350
1562
1894
207
748
211
251
97
384
174
116
157
297
74
306
320
142
200
972
201
190
422
242
1026
183
30
293
132
569
297
360
288
124
134
360
324
207
196
151
376
504
103
348
298
96
299
234
263
259
360
389
193
381
286
149
190
104
271
442
105
256
105
171
118
219
428
254
224
94
218
360
188
177
322
236
143
286
170
230
217
223
209
281
524
552
260
77
199
176
213
357
215
141
157
253
141
180
1607
322
192
205
136
303
198
311
329
69
94
377
265
175
254
356
208
283
353
157
178
340
4702
217
304
395
292
211
238
248
554
92
277
321
172
258
350
209
148
304
104
70
82
145
386
316
481
193
400
82
200
309
246
186
287
319
191
160
39
83
80
58
213
172
290
221
463
94
205
479
139
160
321
239
258
200
108
182
167
464
148
1338
385
177
181
269
169
1636
369
659
801
1611
441
410
120
283
96
464
105
304
631
444
257
257
209
214
465
311
114
238
410
366
248
281
241
289
509
94
345
246
429
46
572
78
117
274
340
101
132
151
189
423
297
545
168
123
212
382
660
278
402
475
155
54
384
244
43
193
76
223
226
119
182
231
40
170
25
235
265
245
255
1423
161
284
361
2503
241
346
1032
2416
103
391
140
317
327
274
172
170
351
31
341
292
240
89
410
613
211
153
182
2634
542
212
178
244
197
152
55
19
341
220
295
343
318
277
478
2474
289
1305
186
739
522
264
167
214
112
65
296
572
360
292
189
454
65
418
427
593
99
345
330
189
382
368
202
403
155
142
402
201
205
366
63
301
378
697
207
5589
371
162
175
344
455
287
266
439
340
261
249
272
7
1679
401
3228
177
272
456
488
177
338
105
312
315
80
30
1134
276
331
150
352
73
206
557
346
327
703
209
367
217
219
290
247
449
457
117
7127
521
240
421
385
261
160
263
4079
382
144
252
85
297
358
118
249
198
251
453
393
435
280
339
255
291
210
576
283
274
333
491
669
272
275
264
311
483
246
288
271
268
468
414
141
440
59
121
312
392
103
296
208
241
325
142
447
120
216
219
291
62
376
284
247
128
296
333
85
1294
312
246
256
63
409
477
332
195
323
321
304
323
222
232
199
219
603
481
550
391
76
298
276
59
436
262
265
103
156
288
269
313
74
297
857
250
336
229
871
1004
244
283
265
470
2145
130
592
101
574
1605
424
356
129
335
247
205
392
63
504
341
324
206
370
140
132
661
163
409
306
399
168
167
156
385
289
1010
8
842
5
292
236
1
343
2
265
436
289
364
602
162
316
211
161
285
882
178
145
1583
182
45
173
46
114
389
308
620
223
214
447
274
166
6018
7382
271
405
4538
339
227
188
330
511
343
373
288
438
232
342
226
329
241
284
340
207
64
145
504
391
202
396
526
216
189
59
190
230
297
595
235
72
176
147
328
442
104
78
261
4663
303
90
31
245
163
162
11
616
287
238
465
220
272
470
265
462
306
160
177
333
150
307
506
442
12
1117
20
189
189
10
761
21
1914
313
10
156
223
282
54
289
329
1798
11
217
241
265
255
2928
115
196
69
416
104
467
361
138
58
239
119
446
198
174
215
184
195
340
220
105
326
228
133
48
359
95
120
13789
260
205
200
343
376
1021
175
375
226
147
180
194
764
190
157
253
197
486
243
152
2369
492
538
349
515
337
704
296
361
292
487
354
139
341
338
435
304
548
325
251
397
101
118
216
313
1094
344
25
51
80
627
280
26
218
33
281
391
426
251
277
179
24
285
1375
323
390
200
156
325
356
411
217
186
94
327
313
374
241
323
287
298
291
312
349
83
308
315
348
83
290
203
305
364
359
495
200
345
330
284
390
412
324
612
272
96
332
250
254
136
115
292
170
219
211
164
548
145
264
299
140
366
156
84
641
303
337
19
20
22
237
318
275
348
265
711
106
123
113
191
390
34
406
849
360
40
458
247
20
107
288
176
297
290
376
159
29
1607
319
1390
394
235
330
243
244
33
347
292
195
519
412
386
194
261
150
227
300
289
215
249
1271
185
57
44
219
37
133
132
389
885
480
247
277
186
434
188
542
1575
364
352
114
662
213
291
384
228
284
325
196
7
201
1101
278
176
333
207
285
261
187
181
334
163
471
245
166
2706
280
197
415
284
311
483
182
368
169
273
59
311
306
317
226
296
205
171
379
432
197
148
162
1938
273
345
481
186
168
59
354
406
332
1813
81
463
400
418
186
342
341
276
1715
166
339
80
4434
152
197
162
122
208
194
370
191
150
357
328
1313
243
251
300
237
136
326
212
222
136
271
401
152
192
294
228
212
327
508
136
197
236
259
195
300
469
784
224
248
218
179
332
288
258
255
104
110
249
223
494
310
1052
393
200
402
2764
219
115
384
84
354
193
1002
100
154
233
358
252
294
3790
247
4460
184
162
3790
1308
199
244
325
210
368
251
344
347
238
250
202
293
230
271
177
184
341
283
192
259
310
210
88
212
183
386
274
279
242
226
257
179
270
203
215
52
108
216
146
180
257
44
299
183
74
257
144
229
198
457
261
315
286
100
324
306
220
263
335
265
299
274
488
319
365
204
431
333
1271
42
447
199
187
259
212
270
282
214
266
195
302
75
240
221
298
979
68
133
304
288
2122
174
46
396
353
77
262
369
42
307
83
127
390
314
83
288
155
281
215
327
259
29
469
163
153
285
137
188
192
106
192
262
153
187
296
157
57
52
133
769
226
265
243
159
213
151
55
301
121
339
196
590
218
1
294
167
201
365
178
381
219
153
252
240
483
251
16
317
142
176
264
191
350
239
1921
234
1599
224
251
100
182
115
158
1224
202
234
29
174
196
184
61
177
209
221
98
167
179
44
210
130
218
112
161
60
235
142
150
45
126
204
171
159
215
222
78
206
14
82
330
245
149
206
188
382
170
48
277
156
49
584
435
58
235
263
277
1147
255
47
175
107
325
310
195
172
282
135
181
154
263
41
218
432
253
155
343
199
374
164
411
247
273
167
144
388
311
212
160
435
74
290
206
296
198
224
248
277
442
9804
229
266
212
271
178
148
533
295
576
131
47
163
2931
1
150
240
164
1969
243
166
2052
290
179
166
271
124
224
1172
109
106
145
429
284
418
153
349
232
423
170
277
188
272
226
5973
195
99
206
416
110
70
170
355
253
163
353
718
346
222
171
368
171
193
109
3384
170
597
100
170
193
461
295
318
15
446
207
1332
507
287
281
548
170
408
198
147
446
403
291
295
410
71
234
238
35
226
162
266
296
86
546
603
155
172
589
174
23
176
1
198
97
149
119
164
185
159
266
120
181
112
111
363
215
155
162
199
170
443
294
205
452
377
370
353
109
247
383
297
100
179
202
234
328
205
228
32
193
236
95
215
134
148
190
204
483
184
80
231
99
210
122
197
147
65
96
185
140
368
382
495
3681
115
428
257
511
218
93
145
179
131
98
348
197
266
130
383
252
208
178
103
167
73
273
150
126
233
112
224
98
252
21
169
137
2702
273
234
292
540
46
94
357
129
232
263
137
97
128
255
112
150
128
507
219
21
200
257
137
193
874
147
226
149
132
205
20
20
248
1418
236
224
286
78
309
211
301
267
115
18
107
815
220
228
285
398
16
157
65
328
312
224
370
93
205
189
197
24
121
242
475
392
5
34
204
204
55
199
248
334
114
408
118
92
138
403
191
374
318
329
306
224
388
69
192
333
213
311
296
122
146
217
163
137
497
321
113
189
30
103
1633
351
171
157
289
255
258
89
353
151
115
124
720
364
446
146
365
319
634
139
19
412
149
13
159
116
254
10
215
174
169
175
247
240
84
337
1470
202
316
254
223
356
98
20
271
344
155
226
211
21
264
200
182
5
287
709
690
34
256
600
247
198
251
398
244
293
313
686
185
349
196
431
21
117
5026
304
234
151
195
328
99
442
193
185
275
251
567
504
340
306
21
450
234
271
185
1090
142
374
50
37
339
102
350
220
251
308
166
304
79
9
503
315
101
88
376
79
200
176
226
4220
235
922
114
108
20
144
1519
228
278
221
280
181
254
98
411
2694
228
118
235
482
251
247
304
223
16
23
319
213
312
177
130
156
3808
342
281
165
132
279
223
226
782
683
281
218
116
313
428
120
481
211
170
242
215
91
287
269
321
253
508
111
801
947
27
48
306
257
248
531
398
1333
291
421
88
110
437
237
151
191
230
394
192
180
395
273
495
69
324
97
414
423
319
5932
227
2698
81
207
294
404
914
337
271
219
325
240
31
314
619
213
45
283
192
611
251
344
74
230
345
252
295
48
265
158
376
130
271
265
296
376
100
297
248
207
369
1171
317
118
2313
306
299
323
323
327
312
181
214
338
422
179
323
305
94
536
3873
249
322
213
352
374
267
239
998
241
213
196
437
142
377
410
429
408
218
277
234
7357
207
365
246
332
454
436
121
55
50
231
299
265
357
241
319
208
253
395
484
326
234
1340
177
144
433
169
213
272
3127
3458
1411
333
266
549
227
228
599
1257
300
40
575
1178
320
379
290
218
370
143
145
246
84
136
166
41
198
238
73
182
102
95
256
160
55
586
792
267
1976
238
536
267
258
148
806
101
228
111
109
189
169
933
288
382
274
285
296
222
969
337
313
69
703
315
287
309
527
101
394
289
384
187
42
279
234
370
500
389
327
324
270
241
301
119
381
195
198
396
283
284
3504
125
40
202
211
207
1868
331
376
187
348
668
320
198
348
256
324
337
170
115
271
233
275
262
261
223
168
921
1042
2499
152
1357
207
428
118
155
89
313
227
181
219
367
1822
190
261
325
443
73
202
119
434
8022
311
285
217
294
5367
914
448
287
109
311
420
2
324
453
260
114
184
346
154
193
254
216
164
484
185
139
95
260
182
244
269
241
350
234
261
490
255
228
267
1026
182
111
169
950
177
208
151
373
272
1514
156
228
293
228
387
211
250
64
270
378
267
431
98
176
161
398
209
320
197
294
143
297
266
118
296
453
472
205
188
283
232
209
146
445
218
136
491
1006
151
327
674
188
334
163
322
331
386
217
308
158
127
288
251
421
620
296
425
204
233
223
238
179
1324
168
237
359
222
199
48
180
329
332
1141
157
239
2437
97
369
465
51
202
269
95
207
28
1950
285
292
333
328
113
