322
1025
523
988
539
1174
2618
2364
1166
773
1737
730
4094
575
719
772
590
1445
636
2352
2000
754
1546
1339
1071
586
1604
1248
347
336
1703
1431
676
584
806
2758
866
204
210
342
398
965
4166
649
679
324
915
435
579
314
2378
906
780
970
246
1749
1419
2280
11125
939
745
1357
626
3419
503
502
725
756
1434
630
831
723
1863
1068
665
1988
2162
3876
916
323
1513
1130
274
797
4379
525
856
833
2320
1097
1518
610
2350
533
760
3138
1553
3756
4605
516
2869
799
4144
5479
1078
2300
1592
569
551
698
1898
2457
922
1498
846
826
1431
772
221
2326
3443
610
598
5596
1415
981
665
3870
1458
2415
15160
347
336
10362
2499
3789
935
348
1341
3045
1212
2945
665
1607
344
424
344
4768
2467
1871
691
790
6407
4806
996
1247
513
685
544
1207
7154
5684
543
538
5166
572
1681
250
2801
346
1843
225
1142
1985
1463
663
1100
2265
1330
439
323
1597
793
330
308
1334
893
712
4461
1105
730
2143
550
561
2213
190
1118
320
1634
623
1170
1190
695
1013
1177
740
785
1233
242
1508
366
8114
2468
1943
2376
