611.0
616.97255872114
622.9387091745834
628.8984513603306
634.8517852783812
640.7987109287353
646.7392283113932
652.6733374263545
658.6010382736195
664.5223308531879
670.4372151650599
676.3456912092355
682.2477589857147
688.1434184944974
694.0326697355837
699.9155127089736
705.791947414667
711.661973852664
717.5255920229646
723.3828019255687
729.2336035604765
735.0779969276876
740.9159820272025
746.747558859021
752.5727274231429
758.3914877195684
764.2038397482975
770.0097835093302
775.8093190026664
781.6024462283062
787.3891651862496
793.1694758764966
798.943378299047
804.7108724539011
810.4719583410587
816.2266359605198
821.9749053122846
827.716766396353
833.4522192127249
839.1812637614003
844.9039000423794
850.620128055662
856.3299478012482
862.0333592791379
867.7303624893312
873.4209574318281
879.1051441066286
884.7829225137325
890.4542926531401
896.1192545248513
901.777808128866
907.4299534651843
913.0756905338062
918.7150193347316
924.3479398679606
929.9744521334931
935.5945561313292
941.2082518614689
946.8155393239122
952.4164185186589
958.0108894457094
963.5989521050633
969.1806064967209
974.7558526206819
980.3246904769466
985.8871200655148
991.4431413863865
996.9927544395618
1002.5359592250409
1008.0727557428233
1013.6031439929093
1019.127123975299
1024.6446956899922
1030.155859136989
1035.6606143162892
1041.158961227893
1046.6508998718004
1052.1364302480115
1057.6155523565262
1063.0882661973442
1068.554571770466
1074.0144690758912
1079.4679581136202
1084.9150388836524
1090.3557113859883
1095.789975620628
1101.2178315875713
1106.6392792868178
1112.054318718368
1117.462949882222
1122.8651727783792
1128.2609874068403
1133.6503937676048
1139.0333918606727
1144.4099816860444
1149.7801632437195
1155.1439365336983
1160.5013015559807
1165.8522583105666
1171.196806797456
1176.534947016649
1181.8666789681456
1187.192002651946
1192.5109180680497
1197.823425216457
1203.1295240971679
1208.4292147101824
1213.7224970555003
1219.009371133122
1224.289836943047
1229.5638944852758
1234.831543759808
1240.092784766644
1245.347617505783
1250.5960419772262
1255.838058180973
1261.0736661170229
1266.3028657853765
1271.5256571860336
1276.7420403189944
1281.952015184259
1287.1555817818266
1292.3527401116985
1297.5434901738736
1302.727831968352
1307.9057654951343
1313.07729075422
1318.2424077456094
1323.4011164693022
1328.5534169252987
1333.6993091135987
1338.8387930342024
1343.9718686871095
1349.0985360723203
1354.2187951898345
1359.3326460396524
1364.4400886217738
1369.541122936199
1374.6357489829275
1379.7239667619594
1384.8057762732951
1389.8811775169345
1394.9501704928773
1400.0127552011236
1405.0689316416738
1410.1186998145272
1415.1620597196843
1420.1990113571449
1425.229554726909
1430.253689828977
1435.2714166633482
1440.2827352300233
1445.2876455290018
1450.2861475602838
1455.2782413238695
1460.2639268197586
1465.2432040479514
1470.2160730084477
1475.1825337012478
1480.142586126351
1485.0962302837581
1490.0434661734687
1494.984293795483
1499.9187131498006
1504.8467242364218
1509.7683270553468
1514.6835216065751
1519.5923078901071
1524.4946859059428
1529.390655654082
1534.2802171345247
1539.1633703472708
1544.0401152923205
1548.910451969674
1553.774380379331
1558.6319005212915
1563.4830123955558
1568.327716002123
1573.1660113409944
1577.9978984121694
1582.8233772156475
1587.6424477514295
1592.4551100195151
1597.261364019904
1602.0612097525968
1606.854647217593
1611.6416764148926
1616.422297344496
1621.1965100064026
1625.9643144006131
1630.7257105271274
1635.4806983859448
1640.229277977066
1644.9714493004908
1649.707212356219
1654.436567144251
1659.1595136645865
1663.8760519172254
1668.586181902168
1673.289903619414
1677.9872170689637
1682.678122250817
1687.3626191649737
1692.040707811434
1696.7123881901982
1701.3776603012655
1706.0365241446366
1710.6889797203114
1715.3350270282895
1719.9746660685714
1724.6078968411568
1729.2347193460455
1733.855133583238
1738.469139552734
1743.0767372545338
1747.677926688637
1752.2727078550436
1756.8610807537539
1761.4430453847679
1766.0186017480853
1770.5877498437062
1775.150489671631
1779.706821231859
1784.2567445243908
1788.800259549226
1793.3373663063649
1797.8680647958074
1802.3923550175532
1806.910236971603
1811.421710657956
1815.9267760766124
1820.4254332275727
1824.9176821108367
1829.403522726404
1833.882955074275
1838.3559791544496
1842.8225949669275
1847.2828025117092
1851.7366017887944
1856.1839927981832
1860.6249755398755
1865.0595500138713
1869.487716220171
1873.909474158774
1878.3248238296806
1882.7337652328906
1887.1362983684046
1891.5324232362218
1895.9221398363427
1900.305448168767
1904.682348233495
1909.0528400305268
1913.4169235598617
1917.7745988215006
1922.125865815443
1926.4707245416885
1930.809175000238
1935.141217191091
1939.4668511142474
1943.7860767697077
1948.0988941574712
1952.4053032775385
1956.7053041299093
1960.9988967145837
1965.2860810315617
1969.5668570808432
1973.8412248624281
1978.109184376317
1982.370735622509
1986.6258786010048
1990.8746133118043
1995.1169397549072
1999.3528579303136
2003.5823678380236
2007.8054694780371
2012.0221628503543
2016.2324479549752
2020.4363247918993
2024.6337933611271
2028.8248536626588
2033.0095056964935
2037.1877494626322
2041.3595849610745
2045.52501219182
2049.6840311548694
2053.836641850222
2057.9828442778785
2062.1226384378388
2066.256024330102
2070.383001954669
2074.50357131154
2078.617732400714
2082.7254852221918
2086.8268297759732
2090.921766062058
2095.010294080447
2099.0924138311384
2103.168125314134
2107.2374285294336
2111.3003234770363
2115.3568101569426
2119.4068885691527
2123.450558713666
2127.487820590483
2131.5186741996035
2135.5431195410274
2139.5611566147554
2143.572785420787
2147.5780059591216
2151.5768182297597
2155.569222232702
2159.5552179679476
2163.5348054354968
2167.507984635349
2171.474755567506
2175.4351182319656
2179.3890726287286
2183.336618757796
2187.277756619166
2191.2124862128403
2195.140807538818
2199.062720597099
2202.978225387684
2206.8873219105726
2210.790010165764
2214.6862901532595
2218.576161873059
2222.459625325161
2226.3366805095675
2230.2073274262775
2234.0715660752903
2237.9293964566077
2241.780818570228
2245.6258324161518
2249.4644379943798
2253.2966353049105
2257.1224243477454
2260.941805122884
2264.7547776303254
2268.561341870071
2272.36149784212
2276.1552455464725
2279.9425849831287
2283.7235161520885
2287.4980390533515
2291.266153686918
2295.027860052789
2298.7831581509627
2302.53204798144
2306.274529544221
2310.010602839306
2313.740267866694
2317.463524626386
2321.180373118381
2324.8908133426803
2328.5948452992825
2332.292468988189
2335.983684409399
2339.668491562912
2343.346890448728
2347.0188810668487
2350.6844634172726
2354.3436375
2357.996403315031
2361.642760862366
2365.2827101420035
2368.9162511539453
2372.5433838981908
2376.16410837474
2379.778424583592
2383.3863325247476
2386.9878321982073
2390.582923603971
2394.1716067420375
2397.753881612408
2401.3297482150815
2404.899206550059
2408.4622566173393
2412.0188984169245
2415.5691319488124
2419.112957213004
2422.650374209499
2426.1813829382977
2429.7059833994003
2433.224175592806
2436.7359595185158
2440.241335176529
2443.740302566845
2447.2328616894656
2450.7190125443894
2454.1987551316165
2457.6720894511473
2461.1390155029817
2464.59953328712
2468.053642803561
2471.5013440523066
2474.9426370333554
2478.3775217467078
2481.8059981923634
2485.2280663703227
2488.6437262805857
2492.0529779231524
2495.4558212980223
2498.852256405196
2502.242283244673
2505.6259018164537
2509.0031121205384
2512.3739141569267
2515.738307925618
2519.0962934266126
2522.4478706599116
2525.7930396255138
2529.1318003234196
2532.464152753629
2535.7900969161415
2539.109632810958
2542.4227604380785
2545.729479797502
2549.029790889229
2552.32369371326
2555.611188269594
2558.8922745582317
2562.166952579173
2565.4352223324186
2568.697083817967
2571.952537035819
2575.2015819859744
2578.4442186684337
2581.6804470831967
2584.9102672302633
2588.1336791096332
2591.3506827213064
2594.5612780652837
2597.7654651415646
2600.963243950149
2604.1546144910367
2607.3395767642282
2610.5181307697226
2613.690276507521
2616.8560139776237
2620.015343180029
2623.1682641147386
2626.314776781751
2629.4548811810673
2632.5885773126874
2635.715865176611
2638.836744772838
2641.9512161013686
2645.059279162202
2648.16093395534
2651.2561804807815
2654.3450187385265
2657.4274487285747
2660.5034704509267
2663.5730839055823
2666.636289092541
2669.693086011804
2672.7434746633703
2675.7874550472407
2678.8250271634133
2681.8561910118906
2684.880946592671
2687.8992939057553
2690.911232951143
2693.9167637288338
2696.9158862388285
2699.908600481127
2702.894906455729
2705.874804162635
2708.848293601844
2711.815374773356
2714.7760476771723
2717.7303123132924
2720.6781686817158
2723.619616782443
2726.5546566154726
2729.483288180807
2732.405511478444
2735.321326508386
2738.2307332706305
2741.1337317651787
2744.03032199203
2746.9205039511858
2749.8042776426446
2752.6816430664076
2755.5526002224738
2758.4171491108436
2761.2752897315163
2764.1270220844935
2766.972346169774
2769.8112619873577
2772.643769537245
2775.469868819436
2778.289559833931
2781.102842580729
2783.909717059831
2786.7101832712365
2789.5042412149455
2792.291890890958
2795.0731322992738
2797.847965439898
2803.8780199718085
2809.927655316972
2815.996871475386
2822.085668447052
2828.19404623197
2834.322004830139
2840.4695442415614
2846.636664466234
2852.8233655041586
2859.0296473553344
2865.2555100197624
2871.5009534974415
2877.7659777883737
2884.050582892556
2890.3547688099907
2896.6785355406773
2903.021883084615
2909.384811441805
2915.7673206122463
2922.1694105959396
2928.591081392884
2935.0323330030806
2941.4931654265283
2947.973578663228
2954.4735727131792
2960.9931475763824
2967.5323032528377
2974.091039742544
2980.669357045502
2987.2672551617115
2993.8847340911734
3000.5217938338865
3007.1784343898507
3013.854655759068
3020.5504579415356
3027.2658409372552
3034.000804746227
3040.755349368451
3047.529474803926
3054.323181052652
3061.1364681146306
3067.9693359898606
3074.821784678342
3081.693814180075
3088.5854244950606
3095.4966156232967
3102.4273875647855
3109.3777403195254
3116.347673887517
3123.33718826876
3130.346283463255
3137.374959471002
3144.4232162920007
3151.4910539262505
3158.5784723737524
3165.6854716345056
3172.812051708511
3179.9582125957677
3187.1239542962758
3194.309276810036
3201.514180137048
3208.7386642773113
3215.982729230827
3223.246374997593
3230.5296015776116
3237.832408970882
3245.154797177404
3252.4967661971773
3259.858316030203
3267.2394466764795
3274.6401581360083
3282.0604504087883
3289.5003234948203
3296.959777394104
3304.438812106639
3311.937427632426
3319.455623971465
3326.993401123755
3334.5507590892976
3342.1276978680908
3349.724217460136
3357.3403178654335
3364.975999083982
3372.6312611157823
3380.3061039608347
3388.000527619138
3395.714532090694
3403.4481173755007
3411.201283473559
3418.97403038487
3426.766358109432
3434.5782666472455
3442.4097559983115
3450.2608261626283
3458.1314771401976
3466.0217089310177
3473.93152153509
3481.860914952414
3489.8098891829895
3497.7784442268094
3506.3564314998657
3514.9656798122323
3523.606189163909
3532.2779595548964
3540.9809909851947
3549.715283454804
3558.480836963724
3567.277651511954
3576.1057270994943
3584.9650637263458
3593.8556613925075
3602.7775200979804
3611.7306398427627
3620.715020626856
3629.7306624502608
3638.7775653129756
3647.8557292150017
3656.965154156338
3666.1058401369855
3675.2777871569424
3684.4809952162104
3693.7154643147906
3702.981194452679
3712.2781856298798
3721.60643784639
3730.96595110221
3740.3567253973433
3749.778760731785
3759.232057105539
3768.716614518602
3778.2324329709763
3787.779512462662
3797.3578529936576
3806.9674545639637
3816.608317173581
3826.2804408225084
3835.983825510746
3845.718471238296
3855.484378005155
3865.2815458113237
3875.1099746568043
3884.969664541595
3894.860615465698
3904.7828274291105
3914.736300431834
3924.721034473868
3934.737029555212
3944.784285675866
3954.8628028358326
3964.9725810351083
3975.1136202736952
3985.2859205515924
3995.489481868801
4005.7243042253203
4015.9903876211483
4026.2877320562884
4036.6163375307387
4046.9762040445003
4057.367331597573
4067.789720189955
4078.2433698216482
4088.7282804926517
4099.2444522029655
4109.79188495259
4120.370578741527
4130.980533569773
4141.6217494373295
4152.294226344197
4162.9979642903745
4173.732963275864
4184.499223300663
4195.296744364773
4206.125526468193
4216.985569610924
4227.876873792967
4238.799439014319
4249.753265274982
4260.738352574956
4271.75470091424
4282.8023102928355
4293.881180710741
4304.9913121679565
4316.132704664483
4327.30535820032
4338.509272775468
4349.744448389928
4361.010885043697
4372.308582736777
4383.637541469167
4394.997761240868
4406.389242051881
4417.811983902204
4429.265986791836
4440.75125072078
4452.267775689033
4463.815561696599
4475.394608743474
4487.004916829661
4498.646485955157
4510.319316120018
4534.8634005928325
4559.693003397435
4584.808124533767
4610.208764001887
4635.8949218017515
4661.866597933375
4688.1237923967565
4714.666505191926
4741.494736318826
4768.608485777499
4796.007753567916
4823.692539690121
4851.66284414407
4879.918666929792
4908.460008047245
4937.286867496485
4966.399245277484
4995.797141390227
5025.480555834743
5055.449488611033
5085.703939719038
5116.243909158846
5147.0693969303975
5178.180403033708
5209.576927468792
5241.2589702356345
5273.226531334207
5305.479610764582
5338.018208526686
5370.842324620578
5403.9519590462005
5437.3471118036105
5471.027782892765
5504.993972313678
5539.245680066349
5573.782906150809
5608.605650566984
5643.713913314961
5679.107694394683
5714.7869938061485
5750.751811549402
5787.0021476244
5823.538002031157
5860.359374769672
5897.466265839976
5934.858675241994
5972.536602975801
6010.500049041366
6048.749013438704
6087.28349616754
6117.279694500263
6147.215379685222
6177.090551722409
6206.905210611818
6236.659356353455
6266.352988947314
6295.986108393408
6325.558714691724
6355.070807842276
6384.5223878450415
6413.913454700036
6443.244008407259
6472.51404896671
6501.723576378383
6530.8725906422915
6559.961091758421
6588.989079726773
6617.95655454736
6646.863516220168
6675.709964745198
6704.495900122463
6733.22132235195
6761.886231433666
6790.490627367602
6819.034510153775
6847.517879792169
6875.9407362827915
6904.30307962565
6932.604909820715
6960.846226868023
6989.027030767553
7017.147321519304
7045.207099123283
7073.206363579491
7101.145114887928
7129.023353048586
7156.841078061472
7184.59828992658
7212.294988643924
7239.931174213489
7267.506846635282
7295.022005909304
7322.476652035548
7349.87078501402
7377.204404844721
7404.4775115276425
7431.690105062793
7458.842185450179
7485.93375268978
7512.964806781893
7551.348561083592
7590.119379231954
7629.277261226962
7668.8222070686315
7708.7542167569045
7749.0732902918535
7789.779427673435
7830.872628901663
7872.352893976538
7914.2202228980605
7956.4746156662295
7999.116072281016
8042.144592742479
8085.560177050589
8129.362825205331
8173.552537206691
8218.129313054727
8263.093152749425
8308.44405629074
8354.182023678688
8400.307054913297
8446.819149994568
8493.718308922456
8541.004531696992
8588.677818318189
8636.738168786018
8685.18558310048
8734.020061261603
8783.241603269358
8832.850209123775
8882.845878824824
8933.228612372535
8983.998409766878
9035.155271007854
9086.699196095462
9138.63018502976
9190.948237810691
9243.653354438226
9296.74553491245
9350.224779233307
9404.091087400826
9458.344459414948
9512.984895275731
9568.012394983176
9623.426958537224
9679.228585937963
9735.417277185334
9791.993032279337
9848.955851219973
9906.305734006222
10052.77445912431
10203.109925676137
10357.312133662868
10515.381083083572
10677.316773938248
10843.119206227595
11012.788379951147
11186.32429510844
11363.726951700635
11544.99634972657
11730.13248918741
11919.135370082222
12112.004992411006
12308.741356174229
12509.34446137189
12713.81430800329
12922.15089606936
13134.35422556987
13350.424296503887
13570.361108872807
13794.164662675932
14021.834957912797
14253.371994584333
14488.775772690307
14728.046292230021
14971.183553204406
15218.187555612996
15469.058299455326
15723.79578473256
15982.400011443999
16244.87097958941
16511.20868916926
16781.413140183548
17055.484332631342
17333.42226651404
17615.226941830944
17900.898358581588
18190.436516766902
18483.841416386655
18781.113057440147
19082.25143992831
19387.25656385068
19696.128429206787
20008.8670359978
20325.472384223016
20645.944473881973
20970.2833049756
21298.48887750297
21630.56119146524
21966.5002468694
22353.893466392998
22747.01960078813
23145.878650056664
23550.470614198595
23960.795493212994
24376.853287101258
24798.643995862454
25226.167619496584
25659.424158004113
26098.413611384574
26543.135979638435
26993.59126276616
27449.779460766353
27911.70057363948
28379.354601385538
28852.741544004995
29331.861401497852
29816.714173863642
30307.299861102365
30803.618463214487
31305.669980199542
31813.454412057996
32326.971758789383
32846.2220203951
33371.20519685885
33861.623922327766
34354.675765294116
34850.36072575813
35348.67880371981
35849.62999917893
36353.21431213571
36859.43174259039
37368.282290542265
37879.76595599181
38393.88273893902
38910.632639383664
39430.01565732621
39952.03179276618
40476.68104570359
41003.9634161389
41533.87890407164
42066.42750950204
42601.60923242988
43139.42407285562
43679.87203077879
44222.95310619939
44768.66729911766
45317.014609533595
45867.995037447196
46421.608582857065
46794.899171710014
47156.74933390319
47507.15906943474
47846.128378305584
48173.65726051759
48489.74571606703
48794.39374495577
49087.6013471866
49369.36852275487
49639.6952716643
49898.58159391116
50146.027489497326
50382.03295842558
50606.59800069127
50819.72261629626
51021.40680524241
51211.650567526
51390.453903150745
51557.81681211386
51713.73929441627
51858.221350059845
51991.262979040854
52112.86418136116
52223.02495702356
52321.74530606717
53593.73882880062
54945.42374026775
56376.800040490925
57887.867729470134
59478.62680720538
61149.07727370411
62899.21912893653
64729.05237292498
66638.57700566947
68627.79302717
70696.70043741912
72845.29923643172
75073.5894241929
77381.57100070268
79769.24396596104
82236.60831997544
84783.66406276077
87410.41119428724
90116.8497145623
92902.97962358594
95768.80092138052
98714.31360792369
101739.51768321544
104844.41314725578
