14237
9236
2770
7103
1456
1967
5672
5344
5561
3238
4218
3723
4109
1786
4616
11209
4958
5155
3165
6390
4924
3113
34214
3704
10527
2217
2548
3180
4262
5162
2462
2516
1973
4902
21102
2122
1828
4650
3835
6047
2900
21502
2624
4333
3060
5472
2303
2053
2426
1699
2629
9888
2101
3703
4266
2337
1732
3925
1836
8295
4090
8831
7764
4091
4938
4253
1886
4303
19933
3648
7918
2221
10234
6938
8132
20067
6561
22345
3681
5616
3737
3804
9046
1959
4472
7167
8864
5091
2861
4061
2238
4715
4993
5590
1040
43344
11475
904
7696
2768
11998
7050
9415
19755
2482
4457
4088
4496
26241
6099
4352
5043
20414
3388
3343
2844
3618
6172
4137
12299
10039
3011
2948
6258
3132
6151
1770
2894
2825
1884
2560
2158
2245
5351
3172
1692
10925
26397
5379
10138
2599
1655
2860
32802
11285
2167
8263
51298
2248
5820
2352
3531
4764
10197
5593
10270
7662
1887
3298
2920
27569
2762
5586
2986
39439
3425
5366
1765
8254
18846
5900
3208
2298
1599
4415
2169
3897
1987
2095
3167
3731
5252
5168
10166
1427
5509
4482
8158
3296
3193
1967
3053
4068
2111
1990
5449
4078
3129
5303
4184
2180
7029
2567
3251
2164
4386
19578
5293
2785
4159
5363
3845
11449
2291
15228
2140
2796
5022
8466
2505
5106
2655
6361
2276
6223
9262
65897
7872
2553
3401
2519
2757
1935
1425
5811
13829
1996
14065
5944
5069
3469
8424
5120
3714
9931
3064
5670
2993
4101
2311
13657
6033
3769
2693
5808
4740
2269
4073
9249
2909
3295
2082
7838
4275
3533
1221
2727
5822
6746
3207
2290
13544
921
2058
7970
5848
2799
2932
7230
9180
8513
1950
10070
2768
3464
3098
2881
5764
2917
2132
6480
9474
4140
4048
4449
4204
10627
4110
2363
5328
4544
4592
2096
3035
3185
25148
5753
1604
25551
8936
3190
24608
11208
60481
4888
2378
17000
5075
1783
8907
3235
1608
13222
2232
6880
3836
2369
3756
2251
26559
2131
1698
915
2469
4431
11313
2675
3391
5864
1686
11745
6964
3730
6409
5145
2944
4679
3699
52151
1233
5398
3329
1633
11802
2931
4159
6815
2895
4559
3007
2233
16471
32576
4727
1893
2367
1995
5478
33910
44412
1756
8148
3639
6495
5197
3481
4082
1313
1691
2791
3939
14624
3610
2181
4601
3203
16134
11024
3123
13231
2170
4266
6706
2626
5880
3134
9848
17681
2885
2194
5281
5025
5873
1652
2877
12840
23343
3572
4043
3840
8817
4206
5437
47965
6907
1243
7730
10188
3646
2553
4299
4856
2797
2288
2977
62896
7914
2457
1678
15106
3312
4349
3102
3277
3837
4843
3374
4756
2218
944
4183
2371
1784
113632
2898
3261
2965
4099
2583
2182
8454
2967
2063
3623
1925
2143
3542
3272
12867
5187
6264
5092
2688
3385
24988
4320
9916
6626
1937
2413
2557
8260
2863
7206
3446
2007
8323
12481
7171
3003
3119
2764
1956
3434
2424
8270
5348
4285
3055
2350
4925
1997
7798
2964
2771
1543
2399
2263
3518
2135
2420
3795
8248
3955
2080
7782
2432
4544
5607
3503
2350
2226
7451
1428
4305
3502
2297
7993
3511
2000
3903
6159
2442
2401
2331
3755
1413
7415
1877
1849
2429
2094
2442
1904
5321
5336
3045
12698
3526
2391
1714
3954
14375
2578
12352
1433
1835
1987
3502
2908
6727
1634
3414
9494
2975
2093
7942
35925
3656
1748
3656
6576
3063
1025
10606
5378
6587
4595
3352
2522
2144
6038
7144
3378
2381
3442
3921
1829
7163
11208
2574
4874
8935
6598
5273
5029
4265
4449
7778
3601
2132
7541
7696
4509
990
3516
12863
4685
3106
5390
3066
2484
6681
4468
2480
7935
7054
57292
1745
1562
2744
1811
25989
2153
3003
3705
15325
8548
6118
8719
2355
4167
2093
1637
2766
3031
3150
2252
6918
4127
2778
4959
2494
16788
1476
3410
1435
1256
2660
3520
2482
6173
9681
63019
1514
2715
4699
1348
36241
11891
3047
4036
8266
1809
3149
7310
4311
1521
2816
4221
118859
1216
1288
2418
2381
2698
3311
2709
2806
1432
1473
2341
5254
3957
2866
3596
3902
15340
4201
3907
12212
10127
2333
2091
25672
2748
2356
5468
5740
2797
3319
14248
2027
4364
5275
6328
3018
5057
1832
4179
3919
3420
16409
2041
4172
4085
3961
5310
6540
2790
3414
2305
2988
2628
3919
3349
3451
6012
3340
2712
6031
6056
1924
3636
6885
7949
19093
6950
9198
7529
7937
12446
2215
38425
4938
8490
4073
2427
3728
9416
7158
9579
3549
23443
3406
2449
2995
6881
3088
2703
3526
13299
2206
12580
1615
1730
4864
8667
2398
1865
1657
1329
1615
7635
42342
2608
3939
4714
2849
3260
3684
7700
3214
2683
2141
5127
27239
1423
5384
5271
11349
1676
1682
3287
10357
28728
7006
28164
1469
3251
3760
3552
2371
1517
26327
54902
1414
4660
5679
5495
3829
19005
4240
8449
2924
2954
5829
5231
2043
3254
2948
2111
6312
3543
1923
8228
4626
3070
3443
4187
2481
4343
4801
4089
3309
2315
2580
3505
6252
2646
7873
3502
1714
4230
3571
3455
2621
3293
2067
2645
19536
1917
2048
16186
2817
5878
2621
9155
2560
53569
3026
4530
5377
1942
2524
7146
2671
2660
2255
2278
1992
3203
2942
2338
1678
1281
23718
5842
6777
3279
6374
2048
3695
6277
8360
4105
2290
4988
2630
5054
22467
4288
1989
3403
2294
2507
4779
1803
11893
7487
2839
2423
2488
3176
10583
3076
4994
2080
2082
1763
3298
1879
2128
6249
17063
2875
3049
3558
10530
3418
5329
1123
3051
3387
1772
2664
2593
1481
3836
5622
9131
2982
2244
3198
2123
7705
2824
1897
1944
116331
2283
9966
5076
1994
5263
3208
1552
2965
3302
4287
3273
8447
7227
2241
3368
3256
26541
2559
3614
1473
2282
5357
2662
2509
4488
5444
6246
4684
11080
3225
4839
7229
3632
6260
4712
4159
11403
5884
9674
2656
2692
6628
14500
2965
3073
2208
2134
2115
1801
3092
3553
6988
3600
2284
3603
2282
20057
4024
2567
9698
2372
69656
6761
3108
1423
5920
3047
3128
1606
4949
13263
3282
3101
1810
6972
4026
4026
7130
3346
6004
2669
2141
4660
2810
53968
8441
2955
3096
6693
3360
3398
7817
2169
4933
3302
6498
3040
2705
76336
2391
3789
6603
4681
3335
2343
2079
2563
14313
1089
2153
2769
8172
1853
2199
4172
3939
3070
48039
5297
3892
4067
2731
3861
2411
4876
3827
3418
4752
1722
2759
5701
6500
7253
8744
11251
5269
3059
7923
2288
2766
4252
2592
24495
1773
4359
4919
2433
1755
2626
5889
1170
1674
3428
5525
4218
3587
2914
80080
2142
16431
2054
2140
1732
2089
3168
2941
1438
3036
2914
3580
1596
4261
10326
3922
8094
2628
5970
3628
3621
4705
4987
7967
8226
2358
2068
3184
2218
4599
9484
36445
13644
5655
2323
32515
6522
2862
13104
4253
3981
2265
1933
4720
2947
4524
2736
3359
5710
2057
2916
2050
5273
3781
1877
8265
2943
3177
6671
3926
2133
3167
7410
8088
6596
7062
2524
4012
6554
1873
3452
2935
4018
5493
6165
1442
3214
8948
4033
2290
2688
3985
3078
3372
31546
3918
2732
3480
2698
2886
4401
2136
3716
4884
16025
2975
4556
2079
1830
3142
9830
3362
5444
2285
4606
4036
4764
6041
4156
7407
2912
7771
1713
2853
6574
2109
3385
1919
3423
4677
1835
5014
3830
1914
3024
3973
2726
3607
1573
19085
18603
1461
4394
3149
1989
1427
4740
2388
1898
2665
4197
11086
5209
3684
6389
2498
9820
5413
1959
1115
5654
2332
7856
2371
3735
2865
7030
4129
7516
2488
11461
2934
2984
9258
9095
2321
113358
12474
2145
4857
13323
2806
2856
2437
6199
9156
1020
2214
6581
12149
2773
4246
3171
8218
2194
3248
1818
4764
1676
3541
2178
2166
4547
3411
4095
3798
2791
3644
2018
2656
1906
2250
2012
3102
7066
4885
2738
1689
1983
6354
5286
4336
26470
3140
2511
2426
1768
5381
4671
5624
4276
3828
7513
13563
5072
1544
2151
3390
3317
3240
1382
5310
6609
2570
2400
3295
3514
4710
5184
6235
1748
8219
2226
11246
4061
2454
2045
22259
3650
3614
3867
2779
4122
3792
2576
3578
3322
2510
2328
3479
6409
4839
1012
9010
2246
2246
11985
18725
2201
3447
1747
2087
2705
2628
2190
5316
3870
3581
3524
2155
3133
4244
5287
235
2193
2576
2326
3206
12499
2759
2036
2225
1771
2284
13102
2892
3118
9251
8212
9436
2214
1648
4078
2592
2335
2818
1628
79307
2314
2576
1767
4156
2550
4298
13148
2174
3025
2996
2003
1679
2044
2633
7538
2234
1591
1723
3749
3076
1702
1876
3581
7278
3107
5076
2101
16072
3713
49639
1728
3062
11254
2589
14142
2502
6540
7342
4802
4784
5519
2215
7980
7194
2839
1835
7938
2584
2471
5524
4865
2478
3083
17436
3835
10823
1943
3432
3657
6792
1643
1575
4756
1460
3888
6459
17615
3919
10349
43752
7109
8976
1410
1644
10548
1554
28820
3959
12126
2479
1671
2316
7792
14438
8771
2502
30349
3436
3075
1835
17110
3006
2549
1512
2464
3630
9609
2698
10900
15442
1895
2243
10915
2964
22083
3294
9698
3751
3400
5559
8481
9835
2069
2104
1517
2325
2630
3198
2389
2687
2907
3170
3537
2078
2535
6292
5093
2897
2643
1144
3273
4549
1597
4669
3277
2399
2232
1687
1838
2261
8754
2954
3304
7535
4859
3687
16832
4141
2470
3941
7878
2841
4119
3171
3240
7229
3251
4017
2128
9401
3154
997
1665
11091
1288
4927
2804
1105
11695
2011
3475
5985
2923
7855
6786
5162
2792
4820
7269
3753
4519
12012
6100
6531
5267
8191
2535
5611
2526
4415
2503
6857
3014
1455
3189
2923
3522
32899
18533
5655
1910
3028
6731
7243
9239
2804
9450
8432
2846
2069
4016
5234
3228
1958
1394
2794
5054
5105
5061
2076
9428
48360
11211
4345
1572
14908
2375
3179
16038
4398
2705
1528
3018
8710
4785
5768
2470
2590
1656
5342
5993
69707
17859
1807
19435
2104
1167
1224
3866
3488
2515
1593
2980
5260
3287
4437
3712
2894
3766
3651
11243
2416
3914
4938
2142
4217
1867
4494
3604
2056
8201
1974
2141
2689
3572
6915
1671
2311
3059
2771
2163
2364
4102
2069
3883
3252
7408
2307
5764
34148
4243
2344
4469
2677
5964
18729
2540
4765
25002
5873
4086
63459
2513
2131
3311
1513
2112
3150
5373
4447
2318
26172
1278
15141
1175
1735
1301
8769
2914
1914
21323
2259
2723
3395
4768
7461
7995
1872
5189
11333
1724
2939
3015
11454
13866
2332
3446
6688
13220
1601
2755
9879
2313
22785
2757
12136
7353
7268
2989
4241
6940
1772
2698
4340
2033
2571
10738
1944
4228
3822
3977
2688
2698
2360
7763
2482
3605
2845
5842
2553
2711
8203
2097
10172
3557
1959
1776
2058
2028
1932
1719
10887
1888
8988
7588
1269
2853
3432
2976
5050
4115
3911
5142
2591
3631
4206
2740
4982
6261
3217
25403
8367
1717
11943
3662
3699
4782
4747
13589
1888
6059
8105
3359
12344
2848
2707
4382
28084
6097
18582
4250
3490
17959
2721
4760
5590
4851
2842
5102
11165
9122
5398
4952
4673
2155
2800
29342
9121
3988
10476
4611
4439
4867
4038
2874
15127
10950
18311
7376
5524
3056
4396
4455
2770
3129
10420
6540
3596
11347
10516
2333
1750
1693
3125
4054
2332
7561
8922
7935
1793
3262
6199
3447
15983
3115
3519
5637
3227
8301
3230
3503
3409
2786
4251
4538
1848
2149
6296
2702
65182
3447
25495
3601
2391
1069
11719
1472
3573
2814
3180
3678
5008
52636
1897
10712
5496
8200
3752
2567
1327
2279
101127
3877
4208
57452
26856
8047
2360
7559
3814
1186
2299
21321
7980
2530
3217
1309
85756
2846
3034
3564
4567
1018
2218
18148
1983
2667
4998
3051
3498
2321
3156
8295
3807
2082
30737
3022
2915
3736
1275
4247
3820
3101
2369
2015
2326
2882
4437
1648
2891
3051
10792
2350
2408
3453
2201
2408
3393
1881
3153
2332
6844
8721
1775
3358
2086
25477
3328
1345
9095
3534
3223
97087
8543
24466
34915
3969
3968
2294
11536
8207
5346
17867
5392
17367
1190
7150
7424
11193
3777
2149
2753
15198
1450
5376
3627
5077
5164
5036
3759
9662
2302
1518
3930
4209
4566
3371
2920
3680
2289
5644
6477
14577
3100
8474
8354
3255
3407
4033
9618
1603
2031
1819
12438
5555
1589
1469
2912
6407
63762
2397
2425
8389
5887
6766
1769
8936
2848
2436
34441
2625
2233
3648
4408
3131
7175
2130
37033
3797
17834
4936
3711
1957
44131
2030
4381
2022
5647
1657
2851
2221
2063
1307
1650
9554
4986
3382
1126
18230
1951
2666
2940
11156
1120
2060
7686
3230
4473
6487
2180
2877
2502
5153
9910
4787
3117
4359
2718
7066
4320
2140
2621
7015
3669
7766
2401
8584
1891
52578
10785
3130
4635
3222
3379
4128
1534
1937
5806
57298
12644
2794
4641
7655
2914
3906
5611
1318
21106
7269
2508
7818
15549
3992
4626
4628
2904
3519
1910
8499
4297
4745
12504
1442
10691
8725
2557
2826
3219
1562
4081
4558
2284
2541
5160
14338
5744
2840
2830
2467
3372
3481
1991
11941
4736
3642
1475
2828
3522
6099
4483
4437
15766
7445
10550
3143
7905
15843
3381
5503
3033
1966
2553
3407
875
2729
3937
3037
6005
3230
3115
3239
12048
7678
5683
9306
2550
11447
5925
3299
5141
3790
2999
6179
8745
3469
3171
2767
3243
2827
2626
3473
1909
2600
1716
3538
1565
2164
4634
7600
5903
3391
4353
3550
2560
1753
2956
2261
2020
3038
3303
2214
1780
20968
2895
1627
28833
4150
2334
2573
13055
4679
4780
4647
3743
3440
2191
8628
4456
2615
4001
2754
3131
13309
2915
2445
2848
3997
2938
2323
3389
16401
6326
4383
2664
2847
8971
4428
6754
3386
4366
1360
13102
2859
630
17941
3687
2360
1693
5548
2672
11216
1338
6870
2472
11788
8987
3994
2439
1978
1975
2655
2733
11161
6150
7228
3974
4453
2220
4563
1817
3493
4054
2982
4360
2331
8888
2670
4803
3070
3129
4184
11523
1795
3144
2061
1354
7783
3061
5038
5728
4473
10066
2760
2350
12477
1786
1410
3899
3814
1835
3279
1996
6243
4364
3120
3862
3514
2507
3359
2996
2319
8844
6278
1850
3044
27724
1314
4341
12134
6386
2972
2707
2293
18074
8005
5734
2184
7600
14829
6503
2646
5396
3262
8709
3220
7269
3776
3754
3168
2742
4071
28847
8833
2208
4163
2079
2209
4065
4397
3397
2946
2215
3534
3492
4134
4313
2281
5129
3459
36732
3371
2578
2745
4811
2788
3523
7401
51324
12529
2671
3316
71013
1491
6440
6268
20866
8193
3877
6646
4823
3663
3409
3015
50654
6588
2088
2896
31339
1859
2525
3015
16249
4573
3057
3509
3106
2276
17978
2925
34086
4994
4585
1746
2984
6666
8540
2549
2522
4186
7166
3352
4797
5709
7128
1903
23650
3429
2741
2242
4427
6952
14142
2152
3320
5358
13959
3715
4180
3798
26705
9601
6870
6597
5021
3867
7706
9868
3303
6781
14364
3437
3464
8672
1731
3305
2799
44560
34307
1614
4918
5453
2727
4459
9986
4119
5245
6745
3200
2123
8777
7977
4914
7688
5478
2192
4057
5322
4205
9477
3261
2669
14965
2912
1993
2543
4262
7336
6512
9110
3453
3284
2328
2809
2616
3182
16326
959
5300
7514
2930
5441
3986
10869
3926
3866
2374
3929
4561
5377
22476
1825
1688
2235
3404
4559
3021
2751
4726
67497
8475
2325
5213
1991
3385
1623
3806
9305
3527
4761
10938
2976
4839
3660
2847
3814
9436
2040
2911
2354
2649
4732
3246
2008
6938
3712
3511
4187
3475
2951
3438
14419
2342
3355
4943
4423
4755
2283
2829
4667
2755
8831
2530
12047
3858
2197
5605
7063
2508
1930
1738
2221
2862
21515
4158
3255
3812
10381
2926
3194
1573
1807
17649
8317
2775
2735
3246
2732
6736
3552
5341
6642
2754
1799
2896
4456
1597
1645
9821
2023
1705
3131
2656
9214
2995
11658
6488
1801
2603
1986
3709
3328
3550
11285
6543
4096
5245
2499
4800
9236
4588
3946
5955
4454
5786
6308
1599
5809
5679
2392
2543
3804
3762
3655
2821
6750
4364
2783
4323
2348
3367
4475
1782
3180
2277
2813
3323
2622
10653
12187
3817
5109
2453
8307
1773
2454
16549
3779
2738
1546
6123
3937
3498
3194
2847
7392
1950
3441
3926
1996
3662
1638
28091
1954
1789
8933
2343
4536
3900
2983
5734
8988
2713
5983
7017
2968
5846
1902
14641
2309
2759
1979
1536
2410
19541
2162
2688
2754
2814
2239
3087
4594
3820
3516
3328
3123
3315
2409
3547
1880
3021
1986
2756
8053
5914
10870
3246
1019
4114
5273
3237
6662
2367
8203
1735
2959
6299
39217
2387
3507
2181
3935
2635
6222
3370
2082
25236
4004
5418
3219
2455
1698
3827
8649
5371
3724
1786
6375
1852
1579
3063
2668
2359
2837
2439
1696
9151
3201
5321
1672
2941
1963
3197
1014
7337
8107
7353
1901
4371
4355
4815
2070
3726
4488
1671
2798
1891
3816
3066
6696
8101
2037
6504
2529
9125
10213
809
990
3111
2938
3401
4088
64017
11138
1745
7798
7010
2833
10217
2540
4732
6400
3469
2891
2453
8196
1930
2337
1884
4347
1857
1876
1816
1272
3933
2662
3041
2461
2794
1637
7151
1962
1517
1713
9023
5612
1949
2250
2033
3040
2961
1137
1803
2405
4949
1402
2848
73865
2435
73865
979
5581
34463
2106
2083
3407
9259
5465
2226
2966
13539
3617
2373
4184
6236
2983
4479
3032
2346
2285
2689
5320
1584
2381
4378
2198
3464
2791
1978
1364
3335
1472
1530
1992
1427
15401
3437
3351
4931
9363
1384
4325
1827
11137
4492
5551
4773
4072
3021
2442
6602
4556
1772
3102
1394
21117
8072
1968
7703
4120
1991
3044
3134
6712
1965
1567
1679
14118
4525
1262
2055
5795
5725
2501
3261
1873
11706
2042
3206
3396
2791
5412
4471
2659
3972
5088
5943
9577
4413
5530
3012
8764
2284
6912
3751
6375
5857
2058
4079
5522
2869
3885
3933
2571
1798
3223
9496
5928
2935
3431
4475
1761
4552
4287
1968
1661
2128
5784
3398
1291
5649
4430
10635
2493
1375
1358
8391
3172
2701
2763
5242
4806
3311
2574
5021
14573
6118
5572
7884
2975
10447
1745
2264
11907
2065
2816
4087
4768
3571
12897
8101
6026
4316
2963
7264
6150
11786
2282
1691
3692
2418
2140
2163
5882
7315
3130
1890
7678
2787
2687
4087
2290
11457
4258
4344
6002
6560
1701
3163
4278
9648
7534
23728
13150
3305
3655
8526
3480
3589
5473
4846
7450
1871
8757
2389
3200
2980
1844
4207
3179
3998
3381
5948
9676
1874
33909
1801
2653
4756
5185
1860
3627
2648
3218
1169
3702
1450
4784
9625
8959
3088
5181
3082
2326
10451
1405
7253
9688
2480
2285
6322
1688
1657
4971
5214
2123
5837
2469
3248
9838
3075
3646
5902
3437
2703
2690
4462
2981
4548
3860
2213
3918
4477
3553
1619
7304
3204
8782
14564
2958
3283
10491
2867
2958
5230
2272
1224
1607
2513
2825
3003
7387
2374
1849
2914
65082
1673
7891
1615
3712
5121
3217
5073
2715
1843
5650
3016
4783
2131
2101
4670
3280
29838
4172
1569
5337
8517
3217
8390
1439
2999
1836
3249
2510
5536
1682
1113
2060
3385
1464
3767
2031
6495
1845
1606
2681
1722
1806
3485
6179
12451
20414
8269
2613
1961
2581
4111
3704
1958
57960
1712
1977
4038
7969
2303
2731
1507
1872
3097
2344
1853
8652
5169
4557
2814
3399
9117
4232
3139
4201
3735
3312
1525
2581
2926
3186
3052
1823
1900
14816
2610
2866
7780
2236
2443
1652
1879
4000
3319
1458
4808
4566
3641
1822
2852
4192
1973
2657
1522
2050
2733
5884
4020
8301
1700
7790
10158
4958
6402
4775
10004
2502
1892
9270
4297
2058
1626
1860
3714
25123
3463
3556
2519
2017
4864
2318
7196
7188
3154
4840
9489
3713
3841
3667
2352
2932
4717
9579
10959
6572
2033
2096
1775
3085
3129
3588
2361
3755
3900
3067
3186
2654
6057
3390
11271
7499
1671
3706
52346
3060
1816
5992
3521
2923
4955
3706
3494
3270
2837
7188
7627
24757
2096
1935
2125
3969
19780
1905
3432
6114
2733
3813
2694
3295
1450
3672
3240
4165
2781
1852
3274
4001
1387
2431
2771
1905
22268
10825
5768
4699
1838
4783
2223
6777
7363
3500
16560
10227
12104
1769
1922
1513
3176
3007
3560
1854
2725
2953
2382
65377
64707
8787
5061
4207
3456
4997
7804
7133
12599
4171
3862
2823
5140
4178
3049
66085
2360
1325
4257
7072
5158
4468
4141
3768
2528
9615
2178
3497
1929
3199
10454
9513
3299
5441
10547
8069
2712
2995
3395
4617
2226
3457
1839
2986
8141
3049
2291
1653
1850
6052
5398
7060
1870
3587
4065
2165
8255
5376
3123
2785
2972
2145
2377
5491
1932
3433
22406
2122
5585
3300
4864
4156
2938
7182
1950
1633
2252
4902
2423
2314
3619
2516
7831
1893
1867
3430
2222
1405
2184
1680
8432
2005
8432
1774
2578
9297
7257
1969
11438
4513
2140
1982
1996
7343
4109
5542
2685
10133
1805
3567
4756
2109
4728
4239
6482
1706
5916
2030
5153
2388
3497
3662
2967
3818
1620
7648
1854
64823
22143
4794
3460
28852
2310
3508
1880
1544
6185
3370
2914
2693
2699
35917
1961
12701
2530
2029
2797
6736
2952
5318
3484
3678
1337
3512
1902
7012
11610
2042
5474
2412
4488
2748
3835
7502
4321
1775
8287
4644
1105
2843
1524
1700
2287
4084
4229
3600
5136
13548
2611
7375
1863
2346
1677
2348
4447
2797
2184
166
1972
4414
2468
11042
1624
1681
3671
1700
5916
11224
12384
39263
4150
1500
32476
1915
1770
8962
3211
9101
4962
4484
3266
2391
2522
2085
3216
4782
2028
2865
2274
7222
60804
2397
3000
2863
3643
10903
2735
1928
1366
6036
5132
3904
1531
1792
10845
2689
3526
2219
4622
4468
15569
2117
4014
2196
3203
1977
9762
3231
2007
2330
7239
4912
2148
36622
3102
22140
7317
3102
13246
3082
3135
3996
2648
1710
6027
2848
3406
8406
8692
3843
2329
7823
7215
8759
3964
5410
5819
93496
3138
1491
5136
3412
24941
26450
5805
3436
2699
2215
5870
5309
15530
5429
4385
4353
2798
4620
2369
2561
4425
4850
11149
2642
2271
7920
1686
2367
2497
1551
1674
4517
2774
3553
4483
1230
2818
62546
3212
5392
6024
3533
3130
1987
2797
5804
2971
1741
24930
1781
1686
7501
6386
2438
1904
1648
4570
4258
2896
8339
2121
2187
2383
4259
3374
76271
2899
12479
2588
111053
4347
1842
4730
1649
1816
7889
7627
3293
3164
68192
3803
6422
1714
3991
4852
3099
17411
2439
4512
1753
5360
6560
13007
2245
2574
2937
1702
6757
1792
3701
2224
10354
1661
3573
2810
3966
32362
10624
3181
2275
2143
2040
3526
2166
7843
6428
3706
4387
1827
3006
6331
2572
2136
1695
3152
2387
5507
1894
1759
3661
5518
2313
13011
3505
3784
2741
3743
8018
3280
2384
2806
3732
12131
7276
23915
2698
1597
1826
1661
3026
8061
4160
3157
2975
1611
1835
2779
40184
4006
1755
1641
6137
4349
32865
1197
2002
2404
4445
684
2641
1849
1913
766
5449
2808
7110
10125
8536
2901
1219
4938
4645
5513
3013
2067
2110
3586
1907
3791
2655
2867
4959
2069
2893
3739
2065
4149
5593
4608
2036
1448
12924
2698
6176
6159
6175
7283
1514
1243
425
2302
2595
9846
36387
10737
10462
36247
30678
2613
3619
2248
1767
4715
1782
2089
9041
15777
8985
3043
2250
3494
2990
5266
4479
2605
2408
4766
17367
1829
3430
14282
2288
2857
1686
40222
5681
2478
3269
2236
7737
3771
4009
2237
1671
2089
6141
11479
8262
13923
5150
3685
2064
2711
2315
2531
20752
2514
9011
2662
2782
3556
7690
8612
6297
3716
2871
2880
2859
4498
22071
2479
4962
2834
1843
2969
12241
19386
7492
7608
3750
4647
1424
1821
4094
4286
1680
1050
2013
6482
1784
5073
3097
4858
3563
5809
3956
7857
17561
2553
4118
3284
4821
30595
1705
2812
1762
9611
7229
1503
3744
2005
1381
11617
2385
5277
16964
1872
4349
5893
5389
1683
4893
1735
2946
15748
6969
25284
3339
1518
11847
4547
4649
5639
2095
2475
4681
7576
19776
68169
11896
15653
3461
1359
1784
3493
18000
15149
1653
6754
3904
2427
63608
2511
7881
7910
2618
4212
2455
2224
5897
1861
1022
4580
4399
7270
5739
2299
2888
2792
2772
2475
1714
1843
5041
5851
2407
5099
2116
3167
9560
5648
2883
2131
2998
2646
2091
1878
3662
2497
25840
3129
4018
2341
5235
1872
1717
3686
4276
3684
3861
23730
1819
4653
2146
6376
8273
2781
4995
2917
3544
1564
2611
1656
5745
4787
33457
12489
3602
64840
20493
4695
4836
6721
3050
2010
3424
1940
2299
2100
9636
1606
3932
2153
18279
8108
6025
6371
2652
2383
2882
4546
2917
1999
3881
7765
3150
1623
2015
7925
2466
5126
2515
3727
1524
972
2545
8187
3151
3530
1885
2775
7716
2458
5123
2453
4156
5545
9007
4481
9225
2513
1278
2982
1475
9556
3814
2015
4523
3724
3923
5768
36053
2196
1802
1008
3087
3023
3887
3082
13389
2977
2182
7304
2497
1836
8187
15404
2998
6843
2255
3367
2413
6472
1340
3432
6067
2075
4329
4122
2544
4893
7909
4498
1971
2829
46438
2626
2463
2903
6264
2420
2696
11521
2908
3574
6023
2045
1636
4515
8014
11621
6115
12013
6735
3168
4374
12013
12078
3259
1620
2537
2103
1635
1711
19714
2215
1952
4181
2008
1721
2578
2623
11707
3167
4423
2098
2466
23676
4383
3037
3962
5864
4363
1462
2819
5831
4776
2039
3314
2924
6967
6215
39290
2713
2081
2967
17808
4566
2819
2054
1029
28350
2639
4139
6368
3179
2384
4515
4718
2578
6924
4711
10520
1684
2785
1720
5133
5316
5247
12709
4904
6195
3128
3278
2659
46563
2870
40498
12210
3977
1962
8306
1983
7726
6128
3802
5490
1599
3628
2425
2164
7325
2933
5907
21131
1659
12388
2324
8795
1798
1846
18179
2057
3202
2388
3802
2516
4970
14697
66683
979
4377
2930
1646
3698
12890
1082
2181
2411
9327
18834
5671
3961
2472
6013
2097
3753
2701
1743
5285
2701
3870
1829
2654
20535
3381
5596
2362
8775
2052
5802
7641
4714
1475
2418
2622
2175
8448
4596
1590
5435
3240
3101
4008
3634
7480
2602
2445
4986
2960
22436
2897
2087
2275
3646
2174
2971
2226
4615
9869
4819
3369
23135
4407
6722
3799
1978
5576
4985
2525
3605
6547
2103
1233
1539
4361
1313
2569
4752
2453
1685
12881
12304
16341
1910
3734
3144
1779
3785
3486
2387
3982
4809
3816
2471
3218
9034
1322
2739
1793
2276
8332
2502
9483
2322
37042
3125
3195
3084
1973
6801
3443
2085
11873
3567
2387
3500
4326
1089
1016
864
12152
2745
5814
1790
2103
3256
2262
7745
2154
2518
3750
3105
3005
3378
4395
1737
5443
2217
1980
2590
2822
4641
3734
8089
8877
7162
3868
1934
2257
4837
1473
3808
4900
2691
1664
1097
1817
4241
1776
2045
3403
4881
3127
8556
1802
19434
17747
2380
2523
2519
1131
1950
3548
5458
5948
2819
1509
2390
4042
7264
2624
7038
1900
3133
1543
2308
2414
2485
13326
6670
2035
2635
2481
1842
2011
4422
1496
1191
25926
9722
2008
3352
2319
11338
1889
2078
5655
3071
22170
4328
7755
35903
3416
13468
2058
3823
2530
5631
66358
9136
3215
2910
2721
3897
2711
4718
2162
2143
7489
4949
2798
111025
3113
3296
5421
8738
111025
7273
4218
2100
4683
5968
8092
2079
4426
3177
1519
13426
2060
1360
3433
4144
5929
10244
1883
1905
5201
4914
1900
10689
5995
9723
5574
4884
2072
3440
3081
9195
3271
4406
14202
2588
2423
3229
3139
1943
4179
551
3948
2903
4188
2421
1942
8585
9015
6296
2958
1522
2147
30035
2835
3263
2118
2158
4413
4423
2891
3791
1576
5779
1955
2000
12522
6298
1297
3683
2351
6353
1115
2885
2668
2319
2370
11557
2227
1542
2431
3330
9189
2120
4058
2709
3023
1188
5367
2263
1889
3015
6810
2163
8724
7599
5615
3297
12134
2918
2112
1723
14388
16513
4287
19124
5972
2173
16480
1617
1703
1503
3421
3608
1810
2316
11865
9708
8062
2057
4038
5563
3539
10262
11691
5958
3335
5828
2730
3898
28311
11687
2541
2663
3913
9284
3254
4842
4347
2388
15264
23101
3848
1345
4026
5406
8396
2069
3213
3110
5781
4730
7226
3149
1433
1924
3545
1769
22175
3839
3034
3468
6148
7706
3279
10550
3283
4961
8698
1443
2907
3442
2546
6874
3147
4068
3774
1749
1843
4230
9976
6941
3288
12367
11124
3370
33755
4073
2174
5007
32975
21975
3142
3389
4156
6796
1977
3902
18892
2113
