0.9999999999999999
1.0290076388954394
1.0580894861159142
1.0872455416614246
1.1164758055319703
1.1457802777275514
1.175158958248168
1.2046118470938203
1.2341389442645077
1.2637402497602306
1.2934157635809889
1.3231654857267827
1.352989416197612
1.3828875549934765
1.4128599021143766
1.442906457560312
1.4730272213312832
1.5032221934272894
1.5334913738483313
1.5638347625944085
1.5942523596655211
1.6247441650616692
1.6553101787828526
1.6859504008290718
1.716664831200326
1.7474534698966158
1.778316316917941
1.8092533722643016
1.8402646359356978
1.8713501079321293
1.9025097882535964
1.9337436769000986
1.9650517738716364
1.9964340791682096
2.0278905927898183
2.059421314736462
2.091026245008142
2.1227053836048566
2.154458730526607
2.186286285773393
2.218188049345214
2.250164021242071
2.282214201463963
2.3143385900108906
2.3465371868828537
2.378809992079852
2.411157005601886
2.4435782274489553
2.47607365762106
2.5086432961182
2.541287142940375
2.5740051980875864
2.6067974615598324
2.6396639333571144
2.672604613479432
2.705619501926784
2.7387085986991724
2.7718719037965958
2.805109417219055
2.8384211389665492
2.8718070690390793
2.905267207436644
2.938801554159245
2.9724101092068813
3.006092872579553
3.03984984427726
3.073681024300002
3.10758641264778
3.1415660093205933
3.175619814318442
3.2097478276413263
3.2439500492892455
3.2782264792622007
3.3125771175601906
3.347001964183217
3.381501019131278
3.4160742824043746
3.4507217540025064
3.485443433925674
3.5202393221738775
3.5551094187471155
3.590053723645389
3.6250722368686983
3.6601649584170435
3.6953318882904234
3.730573026488839
3.76588837301229
3.8012779278607765
3.836741691034298
3.872279662532855
3.9078918423564484
3.9435782305050764
3.97933882697874
4.015173631777438
4.051082644901173
4.087065866349943
4.123123296123748
4.159254934222589
4.195460780646465
4.231740835395376
4.268095098469323
4.304523569868306
4.341026249592324
4.377603137641377
4.414254234015465
4.4509795387145905
4.48777905173875
4.5246527730879444
4.561600702762175
4.598622840761441
4.635719187085742
4.672889741735078
4.710134504709451
4.747453476008858
4.784846655633301
4.82231404358278
4.859855639857294
4.897471444456843
4.935161457381428
4.972925678631048
5.010764108205704
5.048676746105395
5.086663592330121
5.1247246468798835
5.162859909754681
5.201069380954513
5.239353060479381
5.277710948329284
5.316143044504224
5.354649349004198
5.393229861829209
5.4318845829792535
5.470613512454334
5.50941665025445
5.548293996379602
5.587245550829789
5.626271313605011
5.665371284705269
5.704545464130563
5.743793851880891
5.783116447956256
5.8225132523566545
5.86198426508209
5.901529486132561
5.941148915508066
5.980842553208608
6.020610399234184
6.060452453584796
6.100368716260444
6.140359187261127
6.180423866586845
6.2205627542376
6.260775850213388
6.301063154514214
6.341424667140073
6.381860388090968
6.422370317366898
6.462954454967864
6.5036128008938645
6.544345355144901
6.585152117720973
6.626033088622082
6.666988267848224
6.708017655399402
6.749121251275616
6.790299055476865
6.83155106800315
6.87287728885447
6.914277718030825
6.955752355532216
6.997301201358642
7.0389242555101035
7.080621517986601
7.1223929887881345
7.164238667914702
7.206158555366306
7.248152651142944
7.290220955244619
7.332363467671328
7.3745801884230735
7.416871117499854
7.45923625490167
7.501675600628522
7.544189154680408
7.58677691705733
7.629438887759289
7.672175066786282
7.7149854541383105
7.7578700498153745
7.800828853817474
7.843861866144608
7.886969086796778
7.930150515773985
7.973406153076225
8.016735998703501
8.060140052655813
8.103618314933161
8.147170785535543
8.190797464462962
8.234498351715416
8.278273447292905
8.32212275119543
8.366046263422989
8.410043983975585
8.454115912853215
8.498262050055882
8.542482395583583
8.58677694943632
8.631145711614092
8.675588682116901
8.720105860944745
8.764697248097624
8.809362843575538
8.854102647378488
8.898916659506472
8.943804879959492
8.988767308737549
9.03380394584064
9.078914791268767
9.124099845021929
9.169359107100126
9.21469257750336
9.26010025623163
9.305582143284933
9.351138238663271
9.396768542366647
9.442473054395057
9.488251774748502
9.534104703426983
9.5800318404305
9.626033185759052
9.67210873941264
9.718258501391261
9.764482471694919
9.810780650323613
9.857153037277342
9.903599632556107
9.950120436159906
9.996715448088743
10.043384668342613
10.09012809692152
10.13694573382546
10.183837579054437
10.23080363260845
10.277843894487498
10.32495836469158
10.3721470432207
10.419409930074854
10.466747025254044
10.51415832875827
10.561643840587529
10.609203560741825
10.656837489221157
10.704545626025524
10.752327971154926
10.800184524609364
10.848115286388836
10.896120256493344
10.944199434922888
10.992352821677468
11.040580416757082
11.088882220161732
11.137258231891419
11.18570845194614
11.234232880325896
11.282831517030687
11.331504362060514
11.380251415415378
11.429072677095276
11.477968147100208
11.526937825430178
11.575981712085182
11.625099807065222
11.674292110370297
11.723558622000407
11.772899341955554
11.822314270235736
11.871803406840954
11.921366751771206
11.971004305026494
12.020716066606816
12.070502036512174
12.12036221474257
12.170296601297999
12.220305196178463
12.270387999383964
12.3205450109145
12.370776230770069
12.421081658950678
12.471461295456319
12.521915140286998
12.57244319344271
12.623045454923458
12.673721924729243
12.724472602860061
12.775297489315918
12.826196584096806
12.877169887202733
12.928217398633691
12.979339118389689
13.030535046470721
13.081805182876789
13.13314952760789
13.184568080664029
13.236060842045204
13.28762781175141
13.339268989782656
13.390984376138935
13.442773970820252
13.494637773826604
13.54657578515799
13.598588004814413
13.650674432795872
13.702835069102367
13.755069913733896
13.807378966690461
13.859762227972062
13.9122196975787
13.96475137551037
14.017357261767076
14.070037356348818
14.122791659255595
14.175620170487408
14.228522890044257
14.28149981792614
14.334550954133059
14.387676298665014
14.440875851522005
14.494149612704032
14.547497582211092
14.600919760043187
14.654416146200319
14.707986740682486
14.761631543489688
14.815350554621928
14.869143774079202
14.92301120186151
14.976952837968856
15.030968682401236
15.08505873515865
15.139222996241102
15.193461465648587
15.247774143381108
15.302161029438665
15.356622123821257
15.411157426528884
15.465766937561549
15.52045065691925
15.575208584601985
15.630040720609752
15.684947064942557
15.739927617600397
15.794982378583274
15.850111347891186
15.905314525524131
15.960591911482114
16.015943505765133
16.071369308373185
16.126869319306273
16.1824435385644
16.238091966147557
16.29381460205575
16.349611446288982
16.40548249884725
16.461427759730547
16.517447228938885
16.573540906472257
16.629708792330664
16.68595088651411
16.742267189022588
16.7986576998561
16.85512241901465
16.911661346498235
16.968274482306853
17.02496182644051
17.0817233788992
17.138559139682926
17.195469108791688
17.252453286225485
17.309511671984318
17.366644266068185
17.42385106847709
17.48113207921103
17.538487298270002
17.595916725654014
17.653420361363057
17.71099820539714
17.768650257756253
17.826376518440405
17.884176987449592
17.942051664783815
18.000000550443072
18.058023644427365
18.116120946736693
18.17429245737106
18.232538176330458
18.290858103614895
18.349252239224363
18.40772058315887
18.466263135418412
18.524879896002986
18.583570864912602
18.64233604214725
18.70117542770693
18.76008902159165
18.819076823801403
18.87813883433619
18.937275053196018
18.996485480380876
19.05577011589077
19.115128959725702
19.17456201188567
19.23406927237067
19.29365074118071
19.353306418315782
19.41303630377589
19.472840397561033
19.53271869967121
19.592671210106424
19.652697928866676
19.712798855951963
19.77297399136228
19.83322333509764
19.89354688715803
19.95394464754346
20.014416616253918
20.074962793289416
20.135583178649952
20.19627777233552
20.257046574346123
20.317889584681765
20.37880680334244
20.43979823032815
20.500863865638895
20.562003709274677
20.623217761235495
20.684506021521344
20.74586849013223
20.807305167068158
20.868816052329116
20.930401145915106
20.99206044782614
21.053793958062204
21.115601676623303
21.17748360350944
21.23943973872061
21.301470082256817
21.36357463411806
21.425753394304337
21.488006362815646
21.550333539651994
21.61273492481338
21.6752105182998
21.737760320111256
21.800384330247745
21.86308254870927
21.92585497549583
21.98870161060743
22.051622454044058
22.114617505805725
22.177686765892428
22.240830234304166
22.30404791104094
22.367339796102748
22.430705889489595
22.494146191201473
22.55766070123839
22.62124941960034
22.684912346287327
22.748649481299346
22.812460824636403
22.876346376298493
22.940306136285624
23.004340104597787
23.068448281234986
23.13263066619722
23.196887259484487
23.26121806109679
23.325623071034133
23.390102289296507
23.45465571588392
23.519283350796364
23.58398519403385
23.64876124559637
23.713611505483918
23.778535973696506
23.843534650234133
23.90860753509679
23.973754628284485
24.038975929797218
24.10427143963498
24.169641157797784
24.23508508428562
24.30060321909849
24.3661955622364
24.43186211369934
24.497602873487317
24.563417841600334
24.629307018038382
24.695270402801466
24.76130799588957
24.822099982915557
24.88292378930732
24.94377941506486
25.004666860188173
25.06558612467726
25.126537208532127
25.187520111752768
25.248534834339182
25.309581376291373
25.370659737609337
25.431769918293078
25.492911918342593
25.554085737757884
25.61529137653895
25.67652883468579
25.737798112198405
25.799099209076797
25.860432125320962
25.921796860930904
25.98319341590662
26.04462179024811
26.106081983955377
26.16757399702842
26.229097829467236
26.290653481271832
26.352240952442195
26.413860242978338
26.475511352880257
26.53719428214795
26.598909030781414
26.660655598780657
26.722433986145678
26.78424419287647
26.84608621897304
26.907960064435382
26.969865729263503
27.031803213457394
27.093772517017065
27.155773639942506
27.217806582233727
27.279871343890722
27.341967924913494
27.404096325302035
27.466256545056353
27.528448584176452
27.59067244266232
27.652928120513963
27.715215617731385
27.77753493431458
27.839886070263553
27.902269025578295
27.96468380025882
28.027130394305114
28.089608807717187
28.15211904049503
28.214661092638654
28.27723496414805
28.339840655023224
28.402478165264167
28.46514749487089
28.527848643843388
28.590581612181662
28.653346399885706
28.71614300695553
28.778971433391128
28.841831679192502
28.90472374435965
28.96764762889257
29.03060333279127
29.093590856055744
29.156610198685993
29.219661360682014
29.282744342043813
29.34585914277139
29.409005762864737
29.47218420232386
29.535394461148762
29.598636539339438
29.661910436895887
29.72521615381811
29.78855369010611
29.851923045759886
29.915324220779436
29.97875721516476
30.04222202891586
30.105718662032736
30.16924711451539
30.232807386363813
30.296399477578014
30.36002338815799
30.423679118103742
30.487366667415273
30.55108603609257
30.61483722413565
30.6786202315445
30.74243505831913
30.80628170445953
30.870160169965708
30.93407045483766
30.99801255907508
31.09633350534699
31.1953664100474
31.29511127317633
31.395568094733733
31.496736874719716
31.598617613134167
31.70121030997717
31.804514965248643
31.90853157894867
32.01326015107716
32.11870068163424
32.22485317061978
32.33171761803385
32.43929402387644
32.54758238814753
32.65658271084715
32.766294991975286
32.87671923153192
32.98785542951708
33.09970358593074
33.21226370077295
33.32553577404366
33.43951980574289
33.55421579587062
33.66962374442684
33.78574365141165
33.902575516824896
34.020119340666696
34.13837512293705
34.25734286363584
34.377022562763216
34.49741422031903
34.618517836303425
34.74033341071632
34.862860943557706
34.98610043482759
35.11005188452606
35.23471529265302
35.36009065920848
35.486177984192466
35.61297726760495
35.74048850944598
35.868711709715484
35.99764686841351
36.12729398554012
36.25765306109514
36.38872409507877
36.52050708749084
36.653002038331465
36.78620894760061
36.92012781529826
37.05475864142443
37.190101425979094
37.326156168962285
37.462922870374
37.60040153021424
37.73859214848295
37.87749472518024
38.01710926030597
38.15743575386031
38.29847420584309
38.4402246162544
38.582686985094256
38.72586131236258
38.86974759805943
39.01434584218484
39.15965604473871
39.30567820572114
39.45241232513206
39.599858402971506
39.74801643923945
39.89688643393595
40.046468387060884
40.19676229861443
40.34776816859642
40.499485997006985
40.65191578384602
40.805057529113554
40.95891123280967
41.11347689493425
41.26875451548739
41.42474409446899
41.58144563187912
41.738859127717774
41.89698458198495
42.05582199468063
42.215371365804856
42.37563269535755
42.5366059833388
42.69829122974855
42.86068843458676
43.02379759785359
43.18761871954888
43.35215179967267
43.51739683822501
43.68335383520582
43.85002279061521
44.017403704453045
44.18549657671943
44.35430140741434
44.53804638865424
44.72278507470125
44.90851746555532
45.09524356121645
45.28296336168464
45.47167686695988
45.661384077042186
45.85208499193158
46.043779611628
46.23646793613153
46.43014996544204
46.62482569955969
46.82049513848435
47.017158282216116
47.214815130754914
47.41346568410077
47.613109942253715
47.81374790521369
48.01537957298069
48.21800494555481
48.42162402293599
48.626236805124165
48.83184329211946
49.03844348392181
49.24603738053122
49.454624981947745
49.664206288171215
49.87478129920186
50.08635001503944
50.2989124356842
50.512468561135904
50.72701839139478
50.942561926460655
51.15909916633365
51.37663011101358
51.59515476050069
51.8146731147948
52.035185173896025
52.25669093780431
52.47919040651959
52.70268358004199
52.92717045837139
53.15265104150791
53.379125329451426
53.60659332220206
53.83505501975975
54.0645104221245
54.29495952929625
54.526402341275116
54.75883885806104
54.95337339352102
55.14737631276557
55.34084761579254
55.53378730260175
55.72619537319326
55.91807182756713
56.10941666572336
56.300229887661885
56.49051149338277
56.68026148288595
56.86947985617144
57.05816661323934
57.24632175408942
57.43394527872192
57.62103718713672
57.807597479333936
57.993626155313336
58.17912321507515
58.36408865861921
58.54852248594568
58.732424697054455
58.91579529194553
59.09863427061896
59.28094163307469
59.46271737931278
59.64396150933317
59.82467402313591
60.00485492072096
60.184504202088306
60.363621867238066
60.542207916170014
60.720262348884376
60.897785165381094
61.074776365660114
61.25123594972138
61.42716391756505
61.60256026919103
61.77742500459931
61.95175812379
62.125559626762936
62.298829513518285
62.47156778405588
62.64377443837577
62.81544947647802
62.98659289836263
63.157204704029596
63.327284893478804
63.496833466710314
63.66585042372424
63.83433576452046
64.08824640737828
64.34499629356083
64.60458542306594
64.86701379589374
65.13228141204422
65.40038827151784
65.67133437431403
65.9451197204329
66.22174430987457
66.50120814263903
66.78351121872618
67.06865353813635
67.35663510086886
67.64745590692439
67.94111595630261
68.23761524900374
68.53695378502732
68.83913156437382
69.14414858704333
69.4520048530353
69.76270036234996
70.07623511498775
70.392609110948
70.71182235023116
71.03387483283677
71.35876655876552
71.68649752801696
72.01706774059107
72.3504771964881
72.68672589570758
73.02581383824997
73.36774102411528
73.71250745330326
74.0601131258137
74.41055804164739
74.76384220080354
75.11996560328248
75.4789282490841
75.84073013820876
76.20537127065597
76.57285164642599
76.9431712655188
77.3163301279343
77.69232823367258
78.07116558273378
78.45284217511744
78.837358010824
79.22471308985325
79.61490741220564
80.00794097788025
82.14186964947294
84.34679661783593
86.62272188296265
88.96964544483853
91.38756730348177
93.87648745887782
96.43640591104122
99.06732265995379
101.76923770562644
104.54215104805917
107.38606268724834
110.30097262320123
113.28688085590693
116.3437873853727
119.47169221159493
122.67059533458087
125.94049675432325
129.28139647082207
132.69329448407734
136.1761907940927
139.73008540087176
143.35497830440363
147.05086950469922
150.81775900174034
154.65564679554882
158.56453288612101
162.54441727344602
166.59529995753473
170.71718093836898
174.91006021597423
179.17393779033227
183.50881366144677
187.9146878293286
192.39156029395235
196.93943105535072
201.5583001135019
206.2481674684168
211.0090331200845
215.84089706850136
220.74375931368922
225.71761985563353
230.76247869433791
235.87833582979874
241.06519126201238
246.32304499098973
251.65189701672352
257.05174733922104
262.522595958475
268.06444287448176
273.6772880872486
283.4555364588741
293.46534802389215
303.7067227821826
314.1796607337892
324.8841618787119
335.82022621696524
346.98785374852014
358.3870444733766
370.01779839157825
381.8801155030669
393.9739958078717
406.2994393060071
418.8564459974441
431.64501588218263
444.6651489602664
457.9168452316226
471.4001046963094
485.11492735432694
499.061313205646
513.2392622502666
527.6487744882179
542.2898499194707
557.1624885440251
572.2666903619247
587.6024553731113
610.679148911091
634.5650491295382
659.2601560286712
684.7644696083153
711.0779898685287
738.2007168091368
766.1326504303142
794.8737907320028
824.4241377142025
854.7836913769133
885.9524517200189
917.9304187437519
950.7175924479961
984.3139728327515
1018.7195598980179
1053.9343536437955
1089.9583540700842
1126.7915611769422
1164.4339749642531
1202.8855954319588
1242.146422580292
1282.2164564091363
1323.0956969184917
1364.7841441083583
1407.2817979787942
1470.6684541101567
1536.4089165825862
1604.5031853953842
1674.9512605490163
1747.7531420430169
1822.9088298776187
1900.4183240528218
1980.2816245686263
2062.498731425032
2147.069644622039
2233.9943641596474
2323.272890037857
2414.905222256435
2508.8913608156145
2605.231305715861
2703.9250569562428
2804.972614537459
2908.3739784590434
3014.1291487212293
3122.2381253240164
3232.700908267172
3345.517497551162
3460.687893175753
3578.2120951407123
3698.090103446506
4491.058948755264
5337.976756606251
6238.843527015299
7193.659259960055
8202.423955462873
9265.137613497674
10381.800234090537
11552.411817219108
12776.97236289829
14055.481871120632
15387.940341893584
16774.347775209695
18214.70417107269
19709.009529478848
21257.26385042444
22859.467133924365
24515.61937996745
26225.720588561147
27989.77075969428
29807.76989337802
31679.71798960492
33605.615048378706
35585.461069691926
37619.25605356321
39706.99999996647
