476
449
1739
525
3019
522
969
892
1266
1081
25334
504
2191
703
3255
1025
2709
3287
2855
3314
4202
3272
3658
1907
1656
22767
879
1726
582
1831
981
1482
808
977
1308
1005
856
581
1589
1804
771
913
2531
839
685
570
1821
1031
1489
733
712
1063
590
1117
1573
21855
2008
1938
4308
35589
8689
1647
2959
3058
547
598
748
24014
1789
903
2581
3644
3207
1951
3899
657
1174
396
1790
25774
3904
2965
1426
3703
2443
3266
3528
3071
1489
3177
5359
1314
5029
2483
1305
1390
1141
1310
1270
1252
1224
1154
2609
1243
2418
1132
1074
1385
2300
1322
1639
3078
1944
21079
1995
1543
3550
905
8093
1217
1766
1117
2032
955
866
1174
1172
20238
2631
24995
914
1127
917
2161
1246
847
1056
451
766
2030
319
1463
556
30379
626
2598
289
467
651
379
6260
1101
1510
495
2681
3500
1071
1414
1312
55545
8030
46995
11875
7895
64362
4168
3295
6068
448
3148
7409
1018
3812
2360
4491
3545
3211
5033
5627
4203
2770
3199
6793
6100
851
2782
40103
7297
1954
1894
963
22830
5311
7631
801
65192
3844
1719
6088
24334
2249
22154
2291
5876
1196
805
1827
5403
2896
3487
1586
1315
12850
25659
1771
24930
7908
3257
3604
2170
2106
5312
2865
1285
2417
1032
2405
2020
2017
2237
2553
2385
2521
1860
4301
2161
2622
2916
35669
3358
22686
2733
328
1250
3275
621
2256
1773
1279
408
3807
300
666
4153
2990
443
279
1214
29805
1093
1635
1487
550
4620
670
2093
940
748
1122
23544
778
896
938
813
862
612
1021
1376
4155
958
2125
30915
2846
3162
2185
2380
3131
1930
480
8407
7965
5694
5016
4342
5108
4459
24380
3466
724
1513
23551
23897
732
24648
6252
2123
23783
494
1646
4104
6246
1682
703
580
2461
8447
1830
781
3258
4364
5387
5511
2379
289
1991
23120
107938
7427
25091
1340
23574
3949
9605
4964
22471
1064
2685
1498
3175
994
898
694
13915
22966
3347
9337
442
10414
399
3848
4792
1081
2767
508
1619
24470
33757
1262
2219
6738
515
2343
527
516
1918
1356
2069
4319
24463
8982
2748
2124
1882
16173
4579
4621
2349
1826
22266
9294
15030
2055
2892
1937
23622
253
3850
555
20789
958
3957
3040
926
4306
2138
2348
35750
2612
2991
588
842
4449
304
8557
464
692
307
9391
1428
1031
790
20493
1602
4260
907
23991
544
517
977
460
554
787
1699
25533
637
606
1724
572
737
621
995
576
2032
978
746
23253
517
473
529
26360
1522
655
812
842
846
781
828
936
1141
1320
616
433
1943
1158
2909
1061
5053
4238
3536
3323
2381
1018
1809
1521
85632
23571
9272
253
161
1690
1343
1311
55031
2027
71316
2594
1026
2454
22679
