161.0
165.0102414542689
169.02052232001046
173.03084259722462
177.04120228591142
181.05160138607081
185.06203989770285
189.07251782080752
193.08303515538478
197.09359190143468
201.1041880589572
205.11482362795235
209.12549860842012
213.1362130003605
217.1469668037735
221.15776001865913
225.16859264501738
229.17946468284828
233.19037613215175
237.20132699292787
241.21231726517658
245.22334694889796
249.23441604409192
253.24552455075855
257.25667246889776
261.26785979850956
265.27908653959406
269.29035269215115
273.3016582561809
277.3130032316832
281.32438761865814
285.33581141710573
289.34727462702597
293.35877724841873
297.3703192812842
301.38190072562224
305.39352158143294
309.4051818487162
313.4168815274721
317.42862061770074
321.4403991194019
325.45221703257573
329.4640743572221
333.4759710933412
337.4879072409328
341.49988279999707
345.511897770534
349.52395215254353
353.5360459460257
357.54817915098045
361.56035176740784
365.57256379530793
369.5848152346805
373.59710608552575
377.60943634784365
381.62180602163414
385.6342151068973
389.64666360363304
393.6591515118414
397.6716788315224
401.68424556267604
405.69685170530227
409.70949725940113
413.7221822249726
417.73490660201674
421.7476703905334
425.7604735905228
429.77331620198476
433.78619822491936
437.79911965932655
441.8120805052064
445.82508076255885
449.83812043138397
453.85119951168167
457.86431800345196
461.8774759066949
465.8906732214105
469.9039099475987
473.9171860852595
477.9305016343929
481.943856594999
485.9572509670777
489.970684750629
493.9841579456529
497.99767055214943
502.0112225701186
506.0248139995604
510.0384448404748
514.0521150928619
518.0658247567214
522.0795738320537
526.0933623188587
530.1071902171362
534.1210575268863
538.1349642481091
542.1489103808045
546.1628959249725
550.1769208806131
554.1909852477263
558.2050890263123
562.2192322163708
566.2334148179019
570.2476368309055
574.261898255382
578.2761990913309
582.2905393387526
586.3049189976468
590.3193380680136
594.3337965498531
598.3482944431653
602.3628317479499
606.3774084642073
610.3920245919373
614.4066801311399
618.4213750818151
622.436109443963
626.4508832175834
630.4656964026765
634.480548999242
638.4954410072805
642.5103724267915
646.5253432577749
650.540353500231
654.5554031541599
658.5704922195614
662.5856206964354
666.6007885847821
670.6159958846014
674.6312425958932
678.6465287186579
682.661854252895
686.6772191986048
690.6926235557872
694.7080673244421
698.7235505045699
702.7390730961702
706.754635099243
710.7702365137885
714.7858773398067
718.8015575772974
722.8172772262608
726.8330362866969
730.8488347586054
734.8646726419867
738.8805499368406
742.8964666431671
746.9124227609663
750.9284182902379
754.9444532309823
758.9605275831993
762.9766413468889
766.9927945220511
771.0089871086859
775.0252191067934
779.0414905163735
783.0578013374262
787.0741515699516
791.0905412139496
795.10697026942
799.1234387363634
803.1399466147791
807.1564939046675
811.1730806060286
815.1897067188623
819.2063722431686
823.2230771789475
827.2398215261991
831.2566052849234
835.2734284551201
839.2902910367895
843.3071930299316
847.3241344345462
851.3411152506335
855.3581354781934
859.375195117226
863.3922941677312
867.4094326297088
871.4266105031593
875.4438277880823
879.461084484478
883.4783805923462
887.4957161116871
891.5130910425006
895.5305053847867
899.5479591385456
903.5654523037769
907.5829848804808
911.6005568686576
915.6181682683067
919.6358190794286
923.653509302023
927.6712389360902
931.68900798163
935.7068164386422
939.7246643071273
943.7425515870849
947.760478278515
951.7784443814179
955.7964498957933
959.8144948216413
963.8325791589622
967.8507029077555
971.8688660680215
975.88706863976
979.9053106229711
983.923592017655
987.9419128238114
991.9602730414406
995.9786726705422
999.9971117111164
1004.0155901631634
1008.0341080266829
1012.0526653016752
1016.0712619881399
1020.0898980860774
1024.1085735954875
1028.12728851637
1032.1460428487253
1036.1648365925532
1040.1836697478539
1044.202542314627
1048.2214542928727
1052.2404056825912
1056.259396483782
1060.2784266964456
1064.297496320582
1068.3166053561908
1072.3357538032724
1076.3549416618266
1080.374168931853
1084.3934356133527
1088.4127417063246
1092.4320872107692
1096.4514721266864
1100.4708964540764
1104.4903601929389
1108.509863343274
1112.5294059050816
1116.548987878362
1120.568609263115
1124.5882700593406
1128.6079702670386
1132.6277098862095
1136.647488916853
1140.667307358969
1144.6871652125578
1148.707062477619
1152.726999154153
1156.7469752421598
1160.766990741639
1164.7870456525907
1168.8071399750152
1172.827273708912
1176.8474468542818
1180.867659411124
1184.8879113794392
1188.9082027592265
1192.9285335504867
1196.9489037532194
1200.969313367425
1204.9897623931029
1209.0102508302537
1213.030778678877
1217.0513459389726
1221.0719526105413
1225.0925986935824
1229.1132841880963
1233.1340090940826
1237.1547734115418
1241.1755771404735
1245.1964202808776
1249.2173028327547
1253.2382247961045
1257.2591861709266
1261.2801869572215
1265.301227154989
1269.322306764229
1273.3434257849417
1277.3645842171272
1281.3857820607852
1285.4070193159157
1289.4282959825189
1293.4496120605947
1297.4709675501433
1301.4923624511641
1305.513796763658
1309.5352704876243
1313.5567836230634
1317.5783361699748
1321.5999281283591
1325.621559498216
1329.6432302795452
1333.6649404723473
1337.686690076622
1341.7084790923693
1345.7303075195891
1349.7521753582819
1353.774082608447
1357.7960292700845
1361.8180153431952
1365.8400408277782
1369.862105723834
1373.884210031362
1377.906353750363
1381.9285368808366
1385.9507594227828
1389.9730213762014
1393.9953227410929
1398.0176635174569
1402.0400437052933
1406.0624633046027
1410.0849223153846
1414.1074207376391
1418.1299585713662
1422.152535816566
1426.1751524732383
1430.1978085413832
1434.2205040210008
1438.243238912091
1442.266013214654
1446.2888269286893
1450.3116800541975
1454.3345725911784
1458.3575045396315
1462.3804758995575
1466.4034866709562
1470.4265368538274
1474.449626448171
1478.4727554539877
1482.4959238712768
1486.5191317000385
1490.5423789402728
1494.5656655919797
1498.5889916551594
1502.6123571298112
1506.6357620159363
1510.6592063135338
1514.6826900226038
1518.7062131431462
1522.7297756751616
1526.7533776186497
1530.77701897361
1534.8006997400432
1538.8244199179492
1542.8481795073276
1546.8719785081785
1550.895816920502
1554.9196947442986
1558.9436119795673
1562.9675686263088
1566.991564684523
1571.0156001542098
1575.039675035369
1579.0637893280011
1583.0879430321058
1587.112136147683
1591.1363686747327
1595.1606406132553
1599.1849519632506
1603.209302724718
1607.2336928976586
1611.2581224820715
1615.2825914779573
1619.3070998853152
1623.3316477041462
1627.3562349344497
1631.3808615762257
1635.4055276294744
1639.4302330941957
1643.4549779703898
1647.4797622580563
1651.5045859571956
1655.5294490678075
1659.5543515898917
1663.5792935234488
1667.6042748684786
1671.6292956249808
1675.6543557929558
1679.6794553724033
1683.7045943633236
1687.7297727657165
1691.7549905795818
1695.7802478049198
1699.8055444417305
1703.8308804900137
1707.8562559497695
1711.8816708209981
1715.9071251036994
1719.9326187978731
1723.9581519035196
1727.9837244206385
1732.0093363492301
1736.0349876892944
1740.0606784408315
1744.086408603841
1748.112178178323
1752.1379871642778
1756.1638355617051
1760.189723370605
1764.2156505909777
1768.241617222823
1772.2676232661408
1776.2936687209312
1780.3197535871943
1784.3458778649301
1788.3720415541386
1792.3982446548193
1796.424487166973
1800.4507690905994
1804.477090425698
1808.5034511722695
1812.5298513303137
1816.5562908998304
1820.5827698808196
1824.6092882732817
1828.6358460772162
1832.6624432926233
1836.6890799195032
1840.7157559578557
1844.7424714076808
1848.7692262689784
1852.7960205417487
1856.8228542259917
1860.8497273217072
1864.8766398288953
1868.9035917475562
1872.9305830776896
1876.9576138192954
1880.9846839723741
1885.0117935369256
1889.0389425129495
1893.0661309004458
1897.0933586994151
1901.120625909857
1905.1479325317712
1909.1752785651581
1913.202664010018
1917.2300888663503
1921.257553134155
1925.2850568134324
1929.3125999041827
1933.3401824064053
1937.3678043201007
1941.3954656452688
1945.4231663819094
1949.4509065300226
1953.4786860896083
1957.506505060667
1961.5343634431981
1965.5622612372017
1969.590198442678
1973.6181750596272
1977.6461910880485
1981.6742465279428
1985.7023413793097
1989.7304756421493
1993.758649316461
1997.786862402246
2001.8151148995032
2005.843406808233
2009.8717381284357
2013.900108860111
2017.9285190032588
2021.956968557879
2025.9854575239722
2030.013985901538
2034.0425536905761
2038.0711608910872
2042.0998075030707
2046.1284935265269
2050.1572189614553
2054.185983807857
2058.214788065731
2062.2436317350775
2066.272514815897
2070.3014373081887
2074.3303992119536
2078.3594005271907
2082.3884412539
2086.4175213920826
2090.4466409417378
2094.475799902865
2098.5049982754654
2102.5342360595387
2106.5635132550838
2110.592829862102
2114.622185880593
2118.651581310556
2122.681016151992
2126.7104904049006
2130.740004069282
2134.769557145136
2138.799149632462
2142.8287815312615
2146.858452841533
2150.8881635632774
2154.9179136964945
2158.947703241184
2162.9775321973466
2167.0074005649813
2171.037308344093
2175.912423785044
2180.794313045838
2185.682976126473
2190.578413026951
2195.4806237472703
2200.389608287432
2205.305366647436
2210.227898827282
2215.15720482697
2220.0932846465003
2225.0361382858728
2229.985765745087
2234.9421670241436
2239.9053421230424
2244.875291041783
2249.8520137803657
2254.835510338791
2259.825780717058
2264.822824915167
2269.826642933119
2274.837234770912
2279.8546004285477
2284.878739906025
2289.909653203345
2294.947340320507
2299.991801257511
2305.0430360143573
2310.101044591045
2315.1658269875757
2320.2373832039484
2325.315713240163
2330.4008170962197
2335.4926947721183
2340.591346267859
2345.6967715834426
2350.8089707188674
2355.927943674134
2361.0536904492433
2366.1862110441944
2371.3255054589877
2376.471573693623
2381.6244157481005
2386.78403162242
2391.950421316582
2397.123584830586
2402.303522164432
2407.49023331812
2412.68371829165
2417.8839770850223
2423.091009698237
2428.304816131293
2433.525396384192
2438.7527504569325
2443.9868783495153
2449.2277800619404
2454.4754555942077
2459.7299049463168
2464.991128118268
2470.2591251100616
2475.533895921697
2480.815440553175
2486.1037590044943
2491.3988512756564
2496.7007173666607
2502.0093572775063
2507.324771008195
2512.646958558725
2517.9759199290975
2523.311655119312
2528.654164129369
2534.0034469592674
2539.3595036090082
2544.7223340785913
2550.0919383680166
2555.4683164772837
2560.851468406393
2566.2413941553446
2571.6380937241383
2577.0415671127735
2582.4518143212513
2587.868835349572
2593.2926301977336
2598.7231988657377
2604.1605413535835
2609.604657661272
2615.0555477888024
2620.5132117361754
2625.97764950339
2631.4488610904464
2636.9268464973457
2642.4116057240863
2647.9031387706696
2653.401445637095
2658.9065263233624
2664.418380829472
2669.9370091554233
2675.462411301217
2680.9945872668527
2686.5335370523308
2692.079260657687
2699.646481488715
2707.2603716525737
2714.920931149263
2722.62815997878
2730.3820581411273
2738.182625636304
2746.029862464311
2753.9237686251454
2761.8643441188124
2769.8515889453065
2777.8855031046332
2785.9660865967853
2794.09333942177
2802.2672615795836
2810.4878530702244
2818.755113893698
2827.0690440500002
2835.4296435391316
2843.836912361092
2852.290850515883
2860.791458003505
2869.338734823954
2877.9326809772338
2886.5732964633426
2895.260581282282
2903.994535434049
2912.7751589186482
2921.6024517360747
2930.47641388633
2939.3970453694164
2948.3643461853335
2957.3783163340795
2966.4389558156545
2975.5462646300584
2984.700242777293
2993.900890257357
3003.1482070702496
3012.442193215975
3021.7828486945273
3031.1701735059087
3040.604167650121
3050.084831127162
3059.6121639370303
3069.1861660797313
3078.806837555263
3088.474178363622
3098.1881885048097
3107.94886797883
3117.7562167856777
3127.6102349253542
3137.5109223978634
3147.4582792031997
3157.452305341367
3167.493000812363
3177.580365616188
3187.7143997528437
3197.8951032223267
3208.1224760246423
3218.396518159787
3228.7172296277604
3239.084610428563
3249.498660562196
3259.9593800286584
3270.4667688279496
3281.02082696007
3291.6215544250226
3302.2689512228026
3312.9630173534115
3323.703752816853
3334.4911576131217
3345.3252317422193
3356.2059752041478
3367.133387998907
3378.107470126495
3389.1282215869105
3400.1956423801585
3411.3097325062354
3422.4704919651394
3433.6779207568725
3444.932018881438
3456.2327863388327
3467.5802231290563
3478.9743292521107
3490.415104707994
3501.9025494967045
3513.4366636182476
3525.0174470726215
3536.6448998598225
3548.3190219798526
3560.0398134327133
3571.807274218405
3583.621404336922
3595.482203788273
3607.3896725724517
3619.343810689461
3631.3446181392974
3643.3920949219664
3655.4862410374626
3667.6270564857914
3679.814541266809
3692.6736004893573
3705.591703403321
3718.5688500087
3731.605040305494
3744.700274293704
3757.854551973329
3771.0678733443674
3784.3402384068195
3797.6716471606887
3811.0620996059715
3824.511595742666
3838.020135570783
3851.58771909031
3865.2143463012544
3878.900017203612
3892.6447317973852
3906.4484900825737
3920.3112920591775
3934.2331377271985
3948.214027086631
3962.253960137479
3976.3529368797426
3990.5109573134214
4004.7280214385137
4019.004129255023
4033.339280762948
4047.7334759622863
4062.18671485304
4076.6989974352073
4091.27032370879
4105.900693673784
4120.5901073301975
4135.338564678028
4150.146065717272
4165.01261044793
4179.938198870002
4194.922830983489
4209.9665067883925
4225.06922628471
4240.230989472446
4255.451796351594
4270.731646922157
4286.070541184134
4301.4684791375275
4316.925460782335
4332.441486118558
4348.016555146198
4363.650667865251
4379.343824275718
4395.09602437789
4413.616919729953
4432.303119618853
4451.154624044611
4470.171433007228
4489.353546506696
4508.700964543037
4528.213687116222
4547.891714226265
4567.73504587316
4587.743682056913
4607.9176227775315
4628.256868035001
4648.761417829322
4669.431272160495
4690.266431028533
4711.266894433422
4732.4326623751695
4753.763734853768
4775.2601118692255
4796.921793421556
4818.74877951073
4840.741070136755
4862.898665299639
4885.221564999389
4907.709769235982
4930.363278009434
4953.182091319744
4976.166209166906
4999.31563155094
5022.630358471819
5046.110389929549
5069.755725924137
5093.566366455583
5117.5423115238955
5141.683561129052
5165.990115271066
5190.461973949932
5215.099137165678
5239.901604918254
5264.869377207695
5290.002454033987
5315.300835397131
5340.764521297147
5366.393511734008
5392.187806707727
5418.147406218304
5444.272310265747
5470.562518850034
5497.01803197118
5523.638849629184
5566.284153857356
5609.716691329901
5653.936462046433
5698.943466007098
5744.737703211751
5791.319173660508
5838.687877353339
5886.843814290158
5935.786984471051
5985.5173878960195
6036.0350245650625
6087.339894478122
6139.431997635285
6192.311334036436
6245.977903681691
6300.431706570991
6355.672742704395
6411.701012081816
6468.516514703282
6526.119250568736
6584.509219678352
6643.686422032013
6703.650857629662
6764.402526471473
6825.941428557213
6888.267563887115
6951.380932461005
7015.281534278998
7079.969369341095
7145.44443764718
7211.706739197252
7278.7562739914865
7346.593042029766
7415.217043312092
7484.628277838463
7554.82674560888
7625.812446623342
7697.58538088185
7770.145548384462
7843.492949131178
7917.627583121881
7992.5494503565715
8068.258550835424
8144.754884558322
8222.038451525266
8300.109251736256
8378.967285191291
8458.612551890372
8539.045051833498
8620.264785020729
8737.774743530434
8857.464209484053
8979.333182880771
9103.38166372059
9229.609652003739
9358.017147730105
9488.604150899686
9621.3706615126
9756.316679568612
9893.442205067957
10032.747238010517
10174.23177839641
10317.895826225402
10463.73938149761
10611.762444213033
10761.965014371788
10914.34709197376
11068.90867701883
11225.649769507232
11384.57036943885
11545.670476813684
11708.950091631967
11874.409213893232
12042.04784359783
12211.865980745526
12383.863625336555
12558.0407773708
12734.39743684826
12912.933603768935
13093.649278132943
13276.54445994005
13461.619149190374
13648.873345884262
13838.307050021132
14029.920261601219
14223.712980624521
14419.685207091155
14617.836941000889
14818.168182353838
15020.67893115012
15225.3691873895
15432.238951072213
15641.288222198375
15852.517000767519
16065.925286779995
16281.513080235687
16499.28038113448
16719.2271894766
16941.35350526194
17165.65932849038
17416.957655504113
17671.408548638457
17929.01200789609
18189.768033276545
18453.67662478052
18720.737782407785
18990.951506158104
19264.31779603148
19540.83665202814
19820.508074148092
20103.33206239133
20389.308616757626
20678.437737246975
20970.719423859846
21266.15367659577
21564.740495454986
21866.479880437022
22171.37183154258
22479.416348771425
22790.61343212286
23104.96308159805
23422.465297196293
23743.120078917826
24066.927426762646
24393.887340730755
24597.806172202807
24795.17036606744
24985.97992231557
25170.234840948135
25347.935121964198
25519.08076536376
25683.67177114822
25841.70813931711
25993.189869869035
26138.11696280446
26276.489418124314
26408.30723582767
26533.570415915456
26652.27895838674
26764.43286324246
26870.032130481675
26969.07676010579
27061.566752112936
27147.50210650405
27226.882823279127
27299.70890243817
27365.980343980715
27425.69714790769
27478.859314218163
27525.466842912603
27821.89045987837
28131.480264291167
28454.23625615239
28790.15843546763
29139.24680223316
29501.501356451772
29876.922098119743
30265.50902724173
30667.262143814005
31082.181447838433
31510.266939314082
31951.518618242815
32405.936484621838
32873.52053845301
33354.27077973448
33848.18720847089
34355.26982465573
34875.51862829365
35408.93361938279
35955.51479792502
36515.2621639166
37088.1757173622
37674.25545825716
38273.5013866052
38885.913502404466
40540.31747741997
42287.028076179326
44126.04529866576
46057.36914489418
48080.99961487949
50196.93670858443
52405.18042604625
54705.73076724261
57098.5877321884
59583.75132086128
62161.22153327614
64830.99836945534
67593.08182934672
70447.47191299498
73394.16862037778
76433.17195151001
79564.48190636933
82788.09848497063
86104.02168733627
89512.25151341408
93012.78796324879
96605.63103681803
100290.78073414415
104068.23705518246
107937.9999999702
