145.0
166.68490216932784
188.32146938147235
209.90970163643345
231.44959893421128
252.9411612748057
274.3843886582168
295.7792810844445
317.12583855348885
338.42406106534986
359.67394862002755
380.8755012175218
402.0287188578327
423.1336015409602
444.1901492669045
465.1983620356653
486.1582398472428
507.0697827016369
527.9329905988477
548.7478635388751
569.5144015217192
590.2326045473799
610.9024726158573
631.5240057271512
652.097203881262
672.6220670781894
693.0985953179332
713.5267886004939
733.9066469258712
754.2381702940651
774.5213587050756
794.7562121589028
814.9427306555467
835.0809141950072
855.1707627772843
875.212276402378
895.2054550702884
915.1502987810155
935.0468075345592
954.8949813309196
974.6948201700965
994.4463240520902
1014.1494929769004
1033.8043269445272
1053.4108259549707
1072.9689900082312
1092.478819104308
1111.9403132432014
1131.3534724249116
1150.7182966494383
1170.0347859167816
1189.302940226942
1208.5227595799186
1227.6942439757117
1246.817393414322
1265.8922078957485
1284.9186874199918
1303.8968319870519
1322.8266415969283
1341.7081162496215
1360.5412559451315
1379.3260606834579
1398.0625304646012
1416.7506652885609
1435.390465155337
1453.9819300649303
1472.5250600173401
1491.0198550125663
1509.4663150506094
1527.864440131469
1546.2142302551454
1564.5156854216384
1582.7688056309478
1600.973590883074
1619.130041178017
1637.2381565157764
1655.2979368963527
1673.3093823197455
1691.272492785955
1709.187268294981
1727.0537088468238
1744.871814441483
1762.6415850789592
1780.3630207592519
1798.036121482361
1815.660887248287
1833.2373180570296
1850.7654139085887
1868.2451748029644
1885.6766007401566
1903.0596917201658
1920.3944477429914
1937.6808688086337
1954.9189549170926
1972.1087060683683
1989.2501222624605
2006.3432034993693
2023.3879497790952
2040.3843611016368
2057.3324374669955
2074.2321788751715
2091.0835853261633
2107.886656819972
2124.6413933565973
2141.3477949360395
2158.005861558298
2174.6155932233733
2191.176989931266
2207.690051681974
2224.1547784754994
2240.5711703118413
2256.939227191
2273.2589491129747
2289.5303360777666
2305.7533880853753
2321.9281051358007
2338.054487229042
2354.1325343651006
2370.162246543976
2386.143623765667
2402.0766660301756
2417.961373337501
2433.7977456876424
2449.5857830806003
2465.3254855163755
2481.016852994967
2496.6598855163757
2512.2545830806
2527.8009456876416
2543.2989733375
2558.7486660301743
2574.150023765666
2589.503046543974
2604.807734365099
2620.06408722904
2635.272105135798
2650.431788085373
2665.5431360777643
2680.6061491129717
2695.620827190997
2710.587170311838
2725.5051784754955
2740.37485168197
2755.1961899312614
2769.9691932233695
2784.6938615582935
2799.3701949360347
2813.9981933565928
2828.5778568199667
2843.109185326158
2857.5921788751657
2872.02683746699
2886.413161101631
2900.7511497790883
2915.040803499363
2929.282122262454
2943.475106068361
2957.6197549170856
2971.7160688086265
2985.7640477429836
2999.763691720158
3013.7150007401488
3027.6179748029563
3041.4726139085797
3055.2789180570207
3069.036887248278
3082.7465214823524
3096.4078207592424
3110.02078507895
3123.5854144414743
3137.1017088468143
3150.569668294972
3163.989292785946
3177.3605823197363
3190.683536896344
3203.958156515768
3217.1844411780085
3230.362390883066
3243.49200563094
3256.5732854216303
3269.606230255138
3282.590840131462
3295.5271150506023
3308.4150550125596
3321.254660017333
3334.0459300649236
3346.788865155331
3359.4834652885547
3372.129730464595
3384.727660683452
3397.277255945126
3409.778516249616
3422.231441596923
3434.6360319870473
3446.9922874199865
3459.300207895744
3471.5597934143175
3483.771043975708
3495.9339595799147
3508.0485402269373
3520.1147859167777
3532.132696649435
3544.1022724249083
3556.0235132431985
3567.896419104305
3579.720990008228
3591.497225954968
3603.225126944525
3614.9046929768983
3626.5359240520884
3638.1188201700943
3649.6533813309175
3661.1396075345574
3672.577498781014
3683.9670550702876
3695.3082764023775
3706.601162777283
3717.845714195006
3729.041930655546
3740.1898121589024
3751.2893587050758
3762.3405702940645
3773.343446925871
3784.297988600494
3795.204195317933
3806.06206707819
3816.8716038812618
3827.6328057271517
3838.345672615858
3849.010204547381
3859.6264015217203
3870.194263538877
3880.7137905988484
3891.184982701638
3901.607839847244
3911.982362035667
3922.3085492669065
3932.5864015409616
3942.815918857834
3952.997101217524
3963.1299486200296
3973.214461065352
3983.2506385534916
3993.2384810844464
4003.177988658219
4013.0691612748083
4022.9119989342144
4032.7065016364368
4042.452669381475
4052.15050216933
4061.800000000003
4071.401162873492
4080.953990789798
4090.45848374892
4099.914641750858
4109.322464795614
4118.681952883186
4127.993106013575
4137.25592418678
4146.470407402801
4155.636555661641
4164.754368963297
4173.823847307768
4182.844990695057
4191.817799125162
4200.742272598083
4209.618411113822
4218.446214672378
4227.225683273749
4235.956816917938
4244.639615604942
4253.274079334765
4261.860208107403
4270.398001922858
4278.88746078113
4287.328584682218
4295.721373626123
4304.065827612844
4312.3619466423825
4320.609730714737
4328.80917982991
4336.960293987897
4345.063073188702
4353.117517432323
4361.123626718762
4369.081401048017
4376.990840420088
4384.851944834976
4392.664714292681
4400.429148793202
4408.14524833654
4415.813012922695
4423.432442551665
4431.003537223453
4438.526296938058
4446.00072169548
4453.426811495718
4460.804566338771
4468.133986224642
4475.415071153331
4482.647821124835
4489.8322361391565
4496.968316196294
4504.056061296247
4511.095471439019
4518.086546624607
4525.0292868530105
4531.923692124232
4538.769762438269
4545.567497795123
4552.316898194795
4559.017963637281
4565.670694122586
4572.275089650707
4578.831150221644
4585.338875835398
4591.798266491969
4598.2093221913565
4604.57204293356
4610.88642871858
4617.152479546417
4623.370195417072
4629.539576330542
4635.6606222868295
4641.7333332859325
4647.757709327853
4653.73375041259
4659.661456540144
4665.540827710514
4671.371863923702
4677.154565179705
4682.888931478526
4688.574962820163
4694.212659204617
4699.802020631887
4705.343047101973
4710.835738614876
4716.280095170598
4721.676116769134
4727.023803410488
4732.323155094658
4737.574171821643
4742.776853591447
4747.931200404068
4753.037212259504
4758.094889157757
4763.104231098827
4768.065238082714
4772.977910109417
4777.842247178936
4782.658249291273
4787.425916446427
4792.145248644396
4796.816245885183
4801.438908168786
4806.013235495206
4810.539227864442
4815.016885276496
4819.446207731364
4823.827195229051
4828.159847769553
4832.444165352874
4836.68014797901
4840.867795647962
4845.007108359732
4849.098086114318
4853.140728911721
4857.135036751941
4861.081009634976
4864.978647560829
4868.8279505294995
4872.628918540985
4876.381551595288
4880.085849692407
4883.7418128323425
4887.349441015095
4890.908734240664
4894.419692509051
4897.882315820252
4901.296604174273
4904.662557571108
4907.980176010761
4911.24945949323
4914.470408018515
4917.6430215866185
4920.767300197536
4923.843243851274
4926.870852547825
4929.850126287192
4932.781065069379
4935.663668894381
4938.4979377622
4941.283871672836
4944.021470626287
4946.710734622557
4949.351663661641
4951.944257743545
4954.488516868263
4956.984441035798
4957.665176040259
4959.432030246151
4960.0994175053975
4961.831284499319
4962.485324013381
4964.182203795304
4964.8228955641825
4965.156671838116
4966.484788134107
4967.112132157798
4968.739037515726
4969.353033794233
4970.9449519401605
4971.545600473483
4972.679307357836
4973.102531407411
4973.68983219555
4975.211775917481
4975.7857289604335
4977.272685470365
4977.833290768132
4979.285260066068
4979.832517618651
4980.233082599416
4981.249499704586
4981.783409511984
4983.16540438592
4983.6859664481335
4985.032974110073
4985.540188427101
4986.8522088770405
4987.346075448883
4987.817997562859
4988.6231086868265
4989.103627513484
4990.3456735394275
4990.812844620902
4992.019903434845
4992.473726771133
4993.645798373082
4994.086273964184
4995.223358354132
4995.434052248165
4995.65048620005
4996.752583378001
4997.166363478735
4998.233473444686
4998.633905800235
4999.666028554187
5000.05311316455
5001.050248706505
5001.423985571685
5002.386133901639
5002.746523021633
5003.081246655332
5003.673684139592
5004.0207255144005
5004.912899420359
5005.246593049984
5006.103779743945
5006.424125628383
5007.246325110346
5007.5533232496
5008.340535519563
5008.634185913632
5009.386410971599
5009.666713620482
5010.38395146645
5010.650906370148
5010.759580784363
5011.333157004119
5011.586764162631
5012.234027584603
5012.474286997932
5013.086563207903
5013.313474876047
5013.890763874022
5014.104327796981
5014.646629582956
5014.84684576073
5015.354160334708
5015.541028767297
5016.013356129274
5016.1868768166805
5016.624216966658
5016.784389908878
5017.18674284686
5017.333568043895
5017.700933769877
5017.834411221726
5018.166789735713
5018.286919442377
5018.469054635253
5018.584310744363
5018.691092705843
5018.95349679583
5019.046931012125
5019.274347890116
5019.354434361226
5019.546864027216
5019.61360275314
5019.771045207135
5019.824436187873
5019.946891429868
5019.986934665424
5020.074402695418
5020.101098185788
5020.153579003787
5020.166926748972
5020.184420354971
5026.209668208006
5033.981421502624
5041.784314519101
5049.618347257441
5057.4835197176435
5065.379831899707
5073.307283803634
5081.265875429423
5089.255606777073
5097.276477846587
5105.3284886379615
5113.411639151199
5121.525929386297
5129.671359343259
5137.847929022082
5146.055638422768
5154.294487545315
5162.564476389726
5170.865604955997
5179.197873244132
5187.561281254128
5195.955828985986
5204.381516439706
5212.838343615289
5221.3263105127335
5229.84541713204
5238.395663473209
5246.97704953624
5255.589575321133
5264.233240827888
5272.908046056506
5281.613991006984
5290.351075679327
5299.11930007353
5307.918664189596
5316.749168027523
5325.610811587314
5334.503594868966
5343.42751787248
5352.382580597856
5361.368783045095
5370.386125214196
5379.434607105159
5388.514228717984
5397.62499005267
5406.76689110922
5415.93993188763
5425.144112387904
5434.37943261004
5443.645892554037
5452.943492219896
5462.272231607619
5471.632110717202
5481.023129548648
5490.445288101956
5499.898586377127
5509.3830243741595
5518.898602093053
5528.44531953381
5538.023176696429
5547.632173580911
5557.2723101872525
5566.943586515458
5576.646002565525
5586.379558337455
5596.144253831246
5605.9400890469
5615.7670639844155
5625.625178643793
5635.514433025033
5645.434827128135
5655.386360953099
5665.369034499926
5675.382847768614
5685.427800759164
5695.503893471577
5705.611125905852
5715.7494980619895
5725.9190099399875
5736.1196615398485
5746.351452861572
5756.614383905157
5766.908454670604
5777.233665157914
5787.5900153670855
5797.97750529812
5808.3961349510155
5818.8459043257735
5829.326813422394
5839.838862240877
5850.38205078122
5860.956379043435
5868.206598171302
5875.421516449627
5882.601133878401
5889.745450457625
5896.854466187302
5903.928181067431
5910.9665950980125
5917.969708279046
5924.937520610536
5931.8700320924745
5938.767242724865
5945.629152507707
5952.455761441002
5959.24706952475
5966.003076758952
5972.723783143603
5979.409188678708
5986.059293364264
5992.6740972002735
5999.253600186732
6005.79780232365
6012.306703611015
6018.780304048831
6025.2186036371
6031.621602375821
6037.989300264995
6044.321697304622
6050.618793494705
6056.880588835234
6063.1070833262165
6069.298276967653
6075.45416975954
6081.574761701879
6087.660052794674
6093.710043037918
6099.724732431612
6105.704120975763
6111.648208670362
6117.556995515415
6123.430481510924
6129.268666656881
6135.071550953289
6140.83913440015
6146.571416997465
6152.268398745233
6157.930079643449
6163.556459692125
6169.147538891246
6174.703317240823
6180.22379474085
6185.7089713913265
6191.158847192259
6196.573422143647
6201.952696245484
6207.296669497773
6212.605341900511
6217.878713453705
6223.116784157348
6228.31955401145
6233.487023016001
6238.619191171001
6243.716058476455
6248.7776249323615
6253.803890538718
6258.794855295531
6263.750519202797
6268.670882260511
6273.555944468677
6278.405705827299
6283.22016633637
6287.999325995894
6292.743184805873
6297.451742766301
6302.124999877182
6306.762956138515
6311.3656115503
6315.9329661125375
6320.465019825231
6324.96177268837
6329.4232247019645
6333.8493758660115
6338.240226180509
6342.595775645461
6346.916024260861
6351.2009720267215
6355.4506189430285
6359.664965009786
6363.8440102270015
6367.987754594666
6372.096198112782
6376.169340781351
6380.20718260037
6384.209723569844
6388.176963689768
6392.10890296015
6396.005541380979
6399.86687895226
6403.692915673993
6407.483651546181
6411.239086568661
6423.922186344753
6436.747469738686
6449.7149367504535
6462.82458738007
6476.076421627513
6489.470439492805
6503.006640975931
6516.685026076899
6530.5055947956935
6544.468347132337
6558.573283086815
6572.820402659134
6587.20970584928
6601.741192657282
6616.414863083111
6631.230717126789
6646.188754788294
6661.288976067648
6676.531380964829
6691.915969479851
6707.442741612715
6723.1116973634125
6738.922836731952
6754.876159718326
6770.971666322548
6787.2093565445975
6803.589230384503
6820.111287842228
6836.775528917802
6853.58195361121
6870.53056192246
6887.621353851544
6904.854329398469
6922.229488563229
6939.74683134583
6957.406357746266
6975.208067764557
6993.151961400668
7011.238038654621
7029.466299526415
7047.836744016044
7066.349372123514
7085.004183848825
7103.8011791919635
7122.740358152958
7141.821720731772
7161.045266928442
7180.4109967429395
7199.918910175278
7219.569007225407
7228.743573605185
7237.64394265032
7246.270114360814
7254.622088736665
7262.699865777846
7270.5034454844135
7278.032827856325
7285.288012893623
7292.269000596265
7298.975790964221
7305.408383997594
7311.56677969631
7317.450978060384
7323.060979089787
7328.396782784577
7333.4583891447255
7338.245798170246
7342.405591277326
7342.759009861111
7346.666694295462
7346.99802421729
7349.380334943162
7350.653599978497
7350.962841238885
7354.36630832692
7354.653460925823
7356.532255549602
7357.804819340658
7358.06988327812
7360.969133019753
7361.212108295789
7363.859249364221
7363.861353096596
7364.080135978773
7366.4751683740615
7366.673966327144
7368.816890049246
7368.993599340887
7370.884414389788
7371.039035019974
7371.367627584172
7372.677741395659
7372.810273364419
7374.196871066917
7374.307314374208
7375.4418034035625
7375.530158049369
7376.412538405522
7376.478804389888
7377.109076072855
7377.15325339578
7377.531416405545
7377.553505067015
7377.679559403579
7379.051079012344
7386.911707381085
7394.949512690408
7403.164494940313
7411.556654130793
7420.125990261855
7428.8725033334995
7437.796193345726
7446.897060298528
7456.175104191905
7465.630325025886
7475.262722800413
7485.072297515537
7495.05904917125
7505.222977767524
7515.564083304387
7526.082365781847
7536.777825199868
7547.650461558464
7558.7002748576415
7569.9272650974235
7581.331432277766
7592.912776398676
7604.671297460198
7616.60699546228
7628.719870404944
7641.009922288191
7653.4771511120125
7666.121556876416
7678.943139581403
7691.941899226971
7705.117835813115
7718.470949339833
7732.001239807156
7745.708707215032
7759.593351563497
7773.655172852552
7787.894171082175
7802.310346252372
7816.903698363174
7831.674227414536
7846.6219334064735
7861.746816339
7877.048876212117
7892.528113025801
7908.184526780791
7920.790543223404
7933.4471650673
7946.154392312466
7958.912224958916
7971.720663006639
7984.579706455639
7997.489355305919
8010.449609557469
8023.460469210302
8036.521934264409
8049.6340047197955
8062.796680576455
8076.009961834396
8089.273848493613
8102.588340554103
8115.953438015873
8129.36914087892
8142.835449143244
8156.352362808841
8169.919881875721
8183.5380063438715
8197.206736213306
8210.926071484013
8224.696012155997
8238.516558229261
8252.387709703795
8266.309466579612
8280.281828856703
8294.304796535074
8308.378369614722
8322.502548095643
8336.677331977844
8350.902721261318
8365.178715946076
8379.505316032104
8393.882521519412
8408.310332408
8422.788748697858
8437.317770389
8451.89739748141
8466.527629975106
8481.208467870074
8495.939911166319
8510.721959863844
8525.554613962642
8540.43787346272
8555.371738364072
8570.356208666704
8585.39128437061
8600.476965476584
8624.079373413464
8648.064391513617
8672.432019777014
8697.182258203626
8722.315106793569
8747.830565546727
8773.7286344631
8800.009313542803
8826.672602785722
8853.718502191856
8881.14701176132
8908.958131494
8937.151861389924
8965.72820144915
8994.687151671562
9024.028712057247
9053.752882606263
9083.859663318435
9114.34905419388
9145.221055232629
9176.475666434591
9208.112887799769
9240.132719328307
9272.53516102003
9305.320212876017
9330.954408733349
9356.391717356935
9381.63213874679
9406.675672902944
9431.522319825322
9456.17207951397
9480.624951968872
9504.880937190072
9528.940035177497
9552.802245931176
9576.467569451139
9599.936005737385
9623.207554789857
9646.282216608597
9669.159991193621
9691.84087854487
9714.324878662403
9736.61199154619
9758.70221719626
9780.59555561257
9802.292006795149
9823.791570743968
9845.0942474591
9866.200036940456
9887.108939185728
9911.138350129182
9935.226058141165
9959.37206322169
9983.576365370755
10007.838964588347
10032.159860874483
10056.539054229153
10080.97654465236
10105.472332144102
10130.026416704382
10154.638798333195
10179.309477030547
10204.038452796434
10228.825725630864
10253.671295533819
10278.57516250532
10303.537326545349
10328.557787653921
10353.636545831025
10378.773601076664
10403.968953390846
10429.222602773556
10454.534549224809
10479.904792744594
10505.333333339542
11252.413908373564
12055.059991046786
12913.271581351757
13827.048679295927
14796.391284871846
15821.29939808324
16901.773018933833
18037.8121474199
19229.416783545166
20476.58692730218
21779.322578705847
23137.623737737536
24551.4904044047
26020.922578707337
27545.92026064545
29126.483450219035
30762.61214743182
32454.30635228008
34201.566064763814
36004.39128488302
37862.782012637705
39776.73824802786
41746.25999105722
43771.3472417146
