1146
633
2838
528
1294
166
893
33
961
2592
12
4282
1405
7
915
10
4511
1327
769
11
1345
615
22
874
12
11
56
9
10
93
1268
896
5
2977
25
1287
835
1477
48
648
10
1308
1432
1031
6
1272
2248
12
1164
10
1334
686
858
1475
1194
6
1263
12
795
238
6
1162
1066
720
3433
6113
15
131
1256
32
10
1144
1082
1389
1302
907
423
11
11
714
248
921
1330
382
899
188
2285
51
76
3970
13
17003
1063
1066
1124
1225
522
102
490
30574
1360
2675
4418
862
63
1533
1090
917
956
36
1216
1060
779
1033
6
1762
928
6
881
1389
893
963
232
93
1334
1020
6
7
1513
74
2104
102
6099
26
13002
1189
992
10
1111
137
2502
13
69
898
1702
5600
1515
13
9
5
199
902
961
11
907
800
8859
15
788
14
1945
52
952
1080
716
1280
929
11
701
1627
904
9
10
1929
9
992
823
1507
1067
526
3862
9
76
1342
861
664
898
9
108
1200
13
12089
1016
5
4694
41
142
896
1311
165
9
10
11
818
1069
1200
1206
824
1145
593
20
607
2167
2215
987
763
9
1306
1166
4018
1176
6
1111
99
823
875
80
1180
14
11
17
2611
15
873
12
22
279
10
1253
642
8
495
1044
870
3020
1047
14
12
49
486
1331
2081
1020
16
202
1122
1228
1047
1125
1005
94
1024
1043
986
2134
943
892
1025
1182
1262
1901
162
1178
8
992
10
197
899
1016
310
1098
3827
8581
1072
28
872
1050
1499
320
277
1252
5543
5832
1262
25
947
36
1633
903
1019
23
862
958
60
1140
7595
48
12
820
10
1319
12
18
18
1031
1046
