2.0
2.0352329997066745
2.071009816262174
2.1073304496664984
2.1441948999196474
2.1816031670216214
2.2195552509724203
2.2580511517720443
2.297090869420493
2.3366744039177663
2.3768017552638647
2.4174729234587877
2.4586879085025357
2.500446710395109
2.5427493291365066
2.5855957647267296
2.628986017165777
2.6729200864536495
2.717397972590347
2.762419675575869
2.807985195410216
2.854094532093388
2.900747685625385
2.9479446560062064
2.995685443235853
3.0439700473143243
3.0927984682416207
3.1421707060177413
3.1920867606426873
3.2425466321164587
3.293550320439054
3.3450978256104746
3.39718914763072
3.4498242864997906
3.5030032422176856
3.556726014784406
3.610992604199951
3.6658030104643204
3.7211572335775154
3.777055273539535
3.8334971303503793
3.8904828040100483
3.9480122945185423
4.006085601875862
4.064702726082006
4.123863667136974
4.183568425040768
4.243816999793387
4.30460939139483
4.365945599845098
4.427825625144191
4.4902494672921085
4.5532171262888514
4.616728602134419
4.680783894828812
4.745383004372029
4.810525930764071
4.876212674004939
4.942443234094631
5.009217611033147
5.076535804820489
5.144397815456656
5.2128036429416476
5.281753287275464
5.351246748458105
5.421284026489571
5.491865121369862
5.562990033098979
5.634658761676919
5.706871307103684
5.779627669379275
5.852927848503691
5.926771844476931
6.001159657298995
6.076091286969885
6.1515667334896
6.2275859968581395
6.304149077075504
6.381255974141693
6.458906688056707
6.537101218820547
6.615839566433211
6.6951217308947
6.774947712205013
6.855317510364152
6.936231125372116
7.017688557228903
7.099689805934517
7.182234871488955
7.265323753892218
7.3489564531443055
7.433132969245218
7.517853302194956
7.603117451993517
7.688925418640905
7.775277202137118
7.862172802482155
7.949612219676016
8.037595453718703
8.126122504610215
8.215193372350551
8.304808056939713
8.394966558377698
8.485668876664509
8.576915011800146
8.668704963784606
8.761038732617891
8.853916318300001
8.947337720830937
9.041302940210699
9.135811976439284
9.230864829516694
9.326461499442928
9.422601986217988
9.519286289841872
9.616514410314583
9.714286347636117
9.812602101806474
9.91146167282566
10.010865060693668
10.110812265410502
10.211303286976161
10.312338125390644
10.413916780653953
10.516039252766085
10.618705541727044
10.721915647536827
10.825669570195434
10.929967309702867
11.034808866059125
11.14019423926421
11.246123429318118
11.35259643622085
11.459613259972407
11.567173900572788
11.675278358021995
11.783926632320027
11.893118723466884
12.002854631462565
12.113134356307071
12.223957898000403
12.335325256542557
12.44723643193354
12.559691424173344
12.672690233261976
12.786232859199432
12.90031930198571
13.014949561620817
13.130123638104747
13.245841531437502
13.362103241619081
13.478908768649486
13.596258112528716
13.71415127325677
13.832588250833648
13.951569045259353
14.071093656533883
14.191162084657236
14.311774329629415
14.43293039145042
14.554630270120247
14.676873965638901
14.799661478006378
14.922992807222682
15.046867953287808
15.171286916201762
15.29624969596454
15.421756292576143
15.547806706036571
15.674400936345823
15.8015389835039
15.929220847510802
16.057446528366526
16.18621602607108
16.315529340624458
16.44538647202666
16.575787420277685
16.706732185377536
16.838220767326213
16.97025316612371
17.10282938177004
17.23594941426519
17.369613263609168
17.503820929801968
17.63857241284359
17.77386771273404
17.909706829473315
18.046089763061417
18.18301651349834
18.32048708078409
18.45850146491867
18.597059665902066
18.736161683734288
18.87580751841534
19.015997169945212
19.156730638323914
19.298007923551438
19.439829025627784
19.58219394455296
19.725102680326955
19.86855523294978
20.01255160242143
20.1570917887419
20.3021757919112
20.44780361192932
20.59397524879627
20.74069070251204
20.887949973076637
21.03575306049006
21.184099964752306
21.33299068586338
21.482425223823277
21.632403578631997
21.782925750289543
21.933991738795914
22.08560154415111
22.237755166355132
22.39045260540798
22.54369386130965
22.697478934060143
22.851807823659467
23.006680530107612
23.16209705340458
23.318057393550376
23.474561550544998
23.63160952438844
23.78920131508071
23.947336922621805
24.106016347011725
24.26523958825047
24.42500664633804
24.585317521274433
24.74617221305965
24.907570721693695
25.069513047176564
25.231999189508258
25.395029148688778
25.55860292471812
25.722720517596287
25.887381927323283
26.052587153899097
26.218336197323744
26.38462905759721
26.5514657347195
26.71884622869062
26.88677053951056
27.055238667179328
27.224250611696924
27.393806373063335
27.563905951278578
27.734549346342646
27.905736558255537
28.077467587017253
28.249742432627798
28.42256109508716
28.59592357439535
28.769829870552364
28.944279983558207
29.119273913412872
29.294811660116366
29.470893223668686
29.647518604069823
29.82468780131979
30.002400815418582
30.180657646366193
30.359458294162636
30.5388027588079
30.718691040301987
30.899123138644903
31.08009905383664
31.261618785877204
31.443682334766592
31.62628970050481
31.809440883091845
31.99313588252771
32.1773746988124
32.362157331945916
32.54748378192825
32.733354048759416
32.9197681324394
33.10672603296821
33.294227750345854
33.482273284572315
33.6708626356476
33.859995803571714
34.04967278834465
34.239893589966414
34.430658208436995
34.62196664375641
34.81381889592465
35.00621496494171
35.199154850807595
35.3926385535223
35.58666607308584
35.7812374094982
35.97635256275939
36.1720115328694
36.36821431982823
36.564960923635894
36.76225134429238
36.960085581797685
37.15846363615182
37.35738550735478
37.556851195406566
37.75686070030717
37.95741402205661
38.15851116065487
38.36015211610196
38.56233688839786
38.7650654775426
38.96833788353615
39.17215410637854
39.376514146069745
39.58141800260978
39.78686567599864
39.99285716623632
40.19939247332283
40.40647159725816
40.61409453804232
40.822261295675304
41.03097187015711
41.24022626148774
41.4500244696672
41.66036649469548
41.87125233657259
42.08268199529852
42.29465547087328
42.507172763296865
42.72023387256926
42.933838798690495
43.14798754166055
43.362680101479434
43.57791647814714
43.79369667166367
44.01002068202902
44.2268885092432
44.44430015330621
44.66225561421804
44.8807548919787
45.09979798658817
45.31938489804648
45.53951562635361
45.760190171509564
45.98140853351435
46.20317071236794
46.42547670807038
46.64832652062163
46.87172015002171
47.09565759627061
47.32013885936834
47.5451639393149
47.77073283611027
47.99684554975447
48.2235020802475
48.450702427589356
48.67844659178003
48.90673457281954
49.13556637070786
49.364941985445014
49.59486141703099
49.82532466546579
50.05633173074942
50.28788261288187
50.51997731186315
50.75261582769325
50.98579816037217
51.219524309899924
51.453794276276504
51.6886080595019
51.923965659576126
52.15986707649918
52.39631231027106
52.63330136089176
52.87083422836128
53.10891091267964
53.34753141384681
53.58669573186281
53.82640386672763
54.06665581844129
54.307451587003754
54.548791172415065
54.79067457467518
55.033101793784134
55.276072829741906
55.519587682548504
55.76364635220393
56.00824883870818
56.25339514206125
56.49908526226315
56.745319199313876
56.99209695321343
57.23941852396179
57.48728391155899
57.73569311600501
57.98464613729986
58.23414297544353
58.48418363043603
58.73476810227735
58.985896390967504
59.23756849650647
59.489784418894274
59.74254415813089
59.99584771421634
60.24969508715061
60.504086276933705
60.75902128356563
61.01450010704637
61.27052274737594
61.527089204554336
61.784199478581556
62.04185356945761
62.30005147718247
62.55879320175617
62.81807874317869
63.077908101450035
63.33828127657021
63.5991982685392
63.86065907735701
64.12266370302366
64.38521214553913
64.64830440490343
64.91194048111655
65.17612037417848
65.44084408408926
65.70611161084885
65.97192295445727
66.23827811491452
66.50517709222058
66.77261988637547
67.04060649737919
67.30913692523173
67.5782111699331
67.84782923148329
68.11799110988231
68.38869680513015
68.65994631722683
68.93173964617232
69.20407679196663
69.47695775460977
69.75038253410173
70.02435113044253
70.29886354363215
70.57391977367058
70.84951982055786
71.12566368429394
71.40235136487887
71.6795828623126
71.95735817659516
72.23567730772656
72.51454025570678
72.79394702053581
73.07389760221368
73.35439200074038
73.63543021611588
73.91701224834021
74.19913809741338
74.48180776333538
74.76502124610619
75.04877854572582
75.3330796621943
75.61792459551158
75.90331334567769
76.18924591269263
76.4757222965564
76.76274249726899
77.0503065148304
77.33841434924064
77.6270660004997
77.91626146860757
78.2060007535643
78.49628385536984
78.7871107740242
79.07848150952738
79.37039606187939
79.66285443108023
79.9558566171299
80.24940262002838
80.54349243977569
80.83812607637184
81.1333035298168
81.42902480011057
81.72528988725318
82.02209879124463
82.3194515120849
82.61734804977397
82.91578840431188
83.21477257569862
83.51430056393419
83.81437236901857
84.11498799095178
84.4161474297338
84.71785068536467
85.02009775784435
85.32288864717286
85.6262233533502
85.93010187637637
86.23452421625133
86.53949037297515
86.84500034654778
87.15105413696925
87.45765174423951
87.65590414187375
87.8538327147115
88.0514374627528
88.24871838599768
88.44567548444601
88.6423087580979
88.8386182069533
89.03460383101228
89.23026563027474
89.42560360474073
89.62061775441026
89.81530807928331
90.00967457935988
90.20371725464
90.39743610512363
90.59083113081078
90.78390233170148
90.97664970779567
91.16907325909347
91.36117298559475
91.55294888729955
91.74440096420787
91.93552921631974
92.12633364363512
92.31681424615405
92.5069710238765
92.69680397680247
92.88631310493196
93.07549840826499
93.26435988680154
93.45289754054161
93.64111136948523
93.82900137363237
94.01656755298302
94.20380990753722
94.39072843729494
94.57732314225618
94.76359402242093
94.94954107778926
95.13516430836108
95.32046371413642
95.50543929511531
95.69009105129771
95.87441898268364
96.0584230892731
96.2421033710661
96.4254598280626
96.60849246026265
96.79120126766622
96.97358625027331
97.15564740808395
97.3373847410981
97.51879824931578
97.69988793273697
97.88065379136171
98.06109582518997
98.24121403422177
98.42100841845706
98.60047897789593
98.77962571253829
98.9584486223842
99.13694770743359
99.31512296768656
99.49297440314302
99.67050201380306
99.84770579966658
100.02458576073363
100.20114189700422
100.37737420847833
100.55328269515599
100.72886735703713
100.90412819412182
101.07906520641006
101.2536783939018
101.42796775659707
101.6019332944959
101.7755750075982
101.94889289590407
102.12188695941347
102.29455719812637
102.46690361204281
102.63892620116277
102.81062496548628
102.98199990501331
103.15305101974386
103.32377830967792
103.49418177481553
103.66426141515666
103.8340172307013
104.0034492214495
104.17255738740121
104.34134172855644
104.50980224491522
104.67793893647752
104.84575180324333
105.01324084521266
105.18040606238554
105.34724745476194
105.51376502234189
105.67995876512646
106.07673729465182
106.47776444713395
106.8830402225725
107.29256462096805
107.70633764232048
108.12435928662967
108.5466295538954
108.9731484441179
109.40391595729739
109.83893209343353
110.27819685252655
110.72171023457588
111.16947223958243
111.62148286754564
112.07774211846561
112.53824999234223
113.00300648917562
113.47201160896589
113.94526535171292
114.42276771741649
114.90451870607706
115.39051831769427
115.88076655226837
116.37526340979923
116.87400889028663
117.37700299373103
117.88424572013196
118.39573706948988
118.91147704180435
119.43146563707569
119.9557028553038
120.48418869648867
121.01692316063043
121.5539062477286
122.09513795778389
122.64061829079571
123.19034724676442
123.74432482568977
124.30255102757201
124.86502585241101
125.43174930020666
126.00272137095897
126.57794206466826
127.15741138133433
127.74112932095716
128.32909588353664
128.92131106907277
129.5177748775659
130.11848730901568
130.72344836342222
131.33265804078542
131.9461163411055
132.56382326438245
133.18577881061617
133.81198297980643
134.44243577195334
135.07713718705736
135.71608722511803
136.35928588613558
137.00673317010944
137.6584290770404
138.31437360692814
138.97456675977264
139.63900853557368
140.3076989343316
140.9806379560464
141.65782560071796
142.33926186834628
143.02494675893104
143.7148802724729
144.40906240897152
145.1074931684268
145.81017255083873
146.51710055620742
147.2282771845331
147.94370243581557
148.66337631005445
149.38729880725043
150.11546992740296
150.84788967051236
151.58455803657864
152.32547502560135
153.07064063758105
153.8200548725174
154.57371773041064
155.33162921126052
156.09378931506728
156.86019804183059
157.63085539155088
158.40576136422794
159.18491595986154
159.96831917845213
160.75597101999938
161.5478714845035
162.34402057196417
163.1444182823816
163.94906461575601
164.75795957208697
165.5711031513747
166.38849535361584
166.97723517201803
167.56561171225235
168.15362497431857
168.74127495821682
169.32856166394708
169.91548509150954
170.5020452409039
171.08824211213027
171.67407570518867
172.25954602007914
172.84465305680158
173.42939681535609
174.01377729574256
174.5977944979611
175.18144842201173
175.7647390678943
176.34766643560891
176.93023052515554
177.5124313365343
178.09426886974495
178.6757431247877
179.25685410166238
179.83760180036927
180.417986220908
180.99800736327882
181.5776652274817
182.15695981351655
182.7358911213836
183.31445915108247
183.89266390261344
184.47050537597636
185.04798357117147
185.62509848819843
186.20185012705747
186.77823848774858
187.35426357027177
187.92992537462692
188.50522390081403
189.08015914883322
189.65473111868437
190.2289398103677
190.802785223883
191.37626735923027
191.9493862164095
192.52214179542102
193.0945340962644
193.66656311893973
194.23822886344715
194.80953132978664
195.38047051796275
196.10941934349512
196.84421559342877
197.58485926776484
198.33135036650265
199.0836888896422
199.8418748371837
200.60590820912626
201.37578900547123
202.15151722621817
202.9330928713664
203.72051594091636
204.5137864348685
205.31290435322217
206.11786969597802
206.92868246313492
207.745342654694
208.56785027065507
209.39620531101787
210.23040777578194
211.0704576649482
211.91635497851644
212.76809971648618
213.62569187885742
214.4891314656311
215.35841847680604
216.23355291238317
217.1145347723616
218.00136405674198
218.89404076552455
219.7925648987084
220.696936456294
221.60715543828178
222.52322184467107
223.44513567546255
224.3728969306551
225.30650561024981
226.2459617142465
227.19126524264516
228.14241619544464
229.09941457264654
230.0622603742504
231.03095360025577
232.00549425066265
232.98588232547195
233.97211782468253
234.9642007482953
235.96213109630958
236.96590886872536
237.97553406554357
238.9910066867742
241.09190264911922
243.24098234632402
245.43824577839405
247.68369294532204
249.97732384711708
252.31913848376826
254.70913685528285
257.1473189616572
259.633684802895
262.1682343789962
264.7509676899572
267.38188473577793
270.0609855164621
272.7882700320042
275.5637382824134
278.38739026768235
281.2592259878129
284.17924544280504
287.14744863265514
290.1638355573705
293.2284062169474
296.34116061138593
299.5020987406824
302.71122060484413
305.968526203862
309.27401553775053
312.6276886064952
316.0295454101033
319.47958594856755
322.97781022189884
326.52421823008626
330.1188099731444
333.761585451055
337.45254466383267
341.1916876114701
344.97901429396734
348.8145247113316
352.69821886355203
356.63009675063586
360.61015837257946
364.6384037293865
368.71483282104964
372.8394456475835
377.0122422089735
381.2332225052269
385.5023865363364
389.819734302313
394.185265803153
398.5989810388528
403.06088000939053
405.9278080526201
408.77848239297964
411.6129030304637
414.43106996507777
417.2329831968236
420.0186427256958
422.7880485516962
425.5412006748229
428.2780990950814
430.9987438124663
433.7031348269811
436.39127213862594
439.0631557473971
441.71878565329644
444.35816185632575
446.98128435648323
449.58815315376705
452.17876824818086
454.75312963972465
457.3112373283966
459.85309131419854
462.378691597125
464.88803817718144
467.38113105436787
469.85797022868246
472.3185557001234
474.76288746869614
477.1909655343952
479.60278989722246
481.9983605571797
484.3776775142651
486.7407407684768
489.0875503198222
491.41810616829207
493.73240831389194
496.03045675661815
498.31225149647435
500.5777925334587
502.82707986757305
505.0601134988174
507.2768934271862
509.47741965268506
511.66169217531206
513.829710995069
515.981476111956
518.1169875259657
520.236245237109
522.3392492453786
524.4259995507782
526.4964961535152
534.4117443959258
542.540582282265
550.883009812489
559.4390269866417
568.2086338046793
577.1918302666018
586.3886163724819
595.7989921222179
605.422957515897
615.2605125534465
625.3116572349245
635.5763915602729
646.0547155295353
656.7466291427263
667.6521323998022
678.7712253008067
690.1039078456815
701.650180034485
713.4100418671587
725.383493343732
737.5705344642629
749.9711652286496
762.5853856369795
775.4131956891797
788.4545953848719
801.9141453179327
815.6030203251139
829.5212204064592
843.6687455619249
858.0455957915256
872.6517710953049
887.4872714731755
902.5520969251957
917.8462474513508
933.3697230516409
949.1225237260805
965.1046494746406
981.3161002973793
997.7568761942239
1014.4269771652034
1031.3264032103325
1048.455154329582
1065.813230522981
1083.400631790515
1101.217358132184
1119.2634095480025
1137.538786037956
1156.04348760203
1174.7775142402534
1193.7408659530338
1232.7570085548796
1273.5273582166992
1316.0519149383763
1360.3306787199108
1406.3636495614192
1454.1508274630178
1503.6922124243574
1554.987804445671
1608.0376035270747
1662.8416096682195
1719.399822869338
1777.7122431301977
1837.7788704511477
1899.5997048320714
1963.174746272969
2028.5039947737241
2095.5874503343366
2164.425112954923
2235.0169826355996
2307.363059376017
2381.4633431764087
2457.3178340368904
2534.926531957113
2614.28943693731
2695.4065489834175
2927.6540738781914
3173.1462832028046
3431.883176957257
3703.8647551378235
3989.0910177491605
4287.561964788474
4599.277596257627
4924.237912155688
5262.442912480794
5613.892597236671
5978.586966418661
6356.526020032354
6747.709758074023
7152.138180543669
7569.811287443154
8000.729078769684
8444.891554526985
8902.298714713193
9372.950559325516
9856.84708836954
10353.988301842473
10864.374199742451
11388.004782072268
11924.88004882913
