1.0
1.130362764558531
1.2608182213852974
1.391366370480299
1.522007211843536
1.652740745475008
1.7835669713747153
1.9144858895426582
2.0454974999788362
2.1766018026832494
2.307798797655898
2.4390884848967813
2.570470864405901
2.7019459361832547
2.8335137002288446
2.965174156542669
3.096927305124729
3.2287731459750244
3.360711679093555
3.4927429044803207
3.624866822135322
3.757083432058558
3.8893927342500296
4.021794728709736
4.1542894154376775
4.286876794433855
4.419556865698267
4.552329629230915
4.685195085031797
4.818153233100915
4.951204073438269
5.084347606043858
5.217583830917681
5.35091274805974
5.484334357470034
5.617848659148565
5.751455653095329
5.885155339310328
6.018947717793565
6.152832788545035
6.286810551564741
6.420881006852682
6.555044154408859
6.68929999423327
6.823648526325917
6.958089750686798
7.092623667315916
7.227250276213269
7.361969577378856
7.49678157081268
7.6316862565147385
7.766683634485032
7.901773704723561
8.036956467230326
8.172231922005324
8.307600069048558
8.443060908360028
8.578614439939734
8.714260663787675
8.84999957990385
8.985831188288262
9.121755488940908
9.257772481861789
9.393882167050906
9.530084544508258
9.666379614233845
9.802767376227669
9.939247830489725
10.075820977020019
10.212486815818545
10.34924534688531
10.48609657022031
10.623040485823543
10.760077093695012
10.897206393834717
11.034428386242656
11.171743070918831
11.309150447863242
11.446650517075888
11.584243278556768
11.721928732305884
11.859706878323236
11.997577716608824
12.135541247162644
12.2735974699847
12.411746385074995
12.54998799243352
12.688322292060285
12.826749283955284
12.965268968118515
13.103881344549986
13.24258641324969
13.38138417421763
13.520274627453801
13.659257772958213
13.798333610730857
13.937502140771738
14.076763363080854
14.216117277658205
14.35556388450379
14.495103183617612
14.634735174999669
14.774459858649958
14.914277234568486
15.054187302755247
15.194190063210247
15.334285515933479
15.474473660924946
15.61475449818465
15.755128027712589
15.895594249508761
16.03615316357317
16.176804769905814
16.317549068506693
16.458386059375812
16.59931574251316
16.740338117918746
16.881453185592566
17.02266094553462
17.163961397744913
17.30535454222344
17.4468403789702
17.588418907985197
17.73009012926843
17.871854042819898
18.0137106486396
18.155659946727535
18.29770193708371
18.439836619708117
18.582063994600762
18.72438406176164
18.866796821190754
19.009302272888103
19.15190041685369
19.29459125308751
19.437374781589565
19.58025100235985
19.72321991539838
19.86628152070514
20.00943581828014
20.15268280812337
20.296022490234833
20.439454864614536
20.582979931262475
20.726597690178647
20.870308141363054
21.014111284815698
21.158007120536574
21.30199564852569
21.446076868783038
21.590250781308622
21.734517386102443
21.878876683164496
22.023328672494785
22.16787335409331
22.31251072796007
22.457240794095068
22.6020635524983
22.746979003169763
22.891987146109464
23.037087981317402
23.182281508793572
23.327567728537982
23.47294664055062
23.6184182448315
23.763982541380614
23.90963953019796
24.055389211283543
24.201231584637366
24.347166650259414
24.493194408149705
24.63931485830823
24.785528000734992
24.931833835429988
25.078232362393212
25.22472358162468
25.37130749312438
25.517984096892317
25.66475339292849
25.811615381232897
25.95857006180554
26.105617434646415
26.25275749975553
26.399990257132878
26.547315706778456
26.694733848692277
26.84224468287433
26.98984820932462
27.137544428043142
27.285333339029897
27.433214942284895
27.581189237808125
27.72925622559959
27.87741590565929
28.025668277987226
28.174013342583393
28.3224510994478
28.47098154858044
28.61960468998132
28.76832052365043
28.917129049587775
29.06603026779336
29.215024178267175
29.364110781009227
29.513290076019516
29.66256206329804
29.811926742844797
29.96138411465979
30.11093417874302
30.260576935094484
30.410312383714185
30.560140524602115
30.710061357758285
30.86007488318269
31.010181100875332
31.16038001083621
31.31067161306532
31.461055907562663
31.611532894328246
31.762102573362064
31.912764944664115
32.063520008234406
32.214367764072925
32.365308212179684
32.516341352554676
32.66746718519791
32.818685710109364
32.96999692728907
33.121400836736996
33.27289743845317
33.42448673243757
33.57616871869021
33.72794339721109
33.8798107680002
34.03177083105754
34.18382358638313
34.33596903397694
34.488207173838994
34.640538005969276
34.7929615303678
34.94547774703456
35.09808665596955
35.25078825717278
35.40358255064424
35.556469536383936
35.70944921439187
35.86252158466804
36.01568664721244
36.16894440202508
36.32229484910596
36.475737988455066
36.62927382007241
36.782902343957986
36.936623560111805
37.09043746853386
37.24434406922414
37.398343362182665
37.55243534740942
37.70662002490441
37.86089739466764
38.0152674566991
38.1697302109988
38.32428565756673
38.4789337964029
38.6336746275073
38.78850815087994
38.94343436652081
39.09845327442992
39.253564874607264
39.408769167052846
39.56406615176666
39.719455828748714
39.874938197999
40.03051325951752
40.18618101330427
40.34194145935926
40.497794597682486
40.65374042827395
40.80977895113365
40.96591016626158
41.12213407365775
41.278450673322155
41.43485996525479
41.59136194945566
41.74795662592477
41.90464399466211
42.061424055667686
42.2182968089415
42.37526225448355
42.53232039229384
42.68947122237236
42.846714744719115
43.00405095933411
43.161479866217334
43.31900146536879
43.47661575678849
43.634322740476414
43.79212241643258
43.950014784656986
44.10799984514962
44.266077597910495
44.4242480429396
44.58251118023695
44.74086700980253
44.89931553163634
45.05785674573839
45.216490652108675
45.375217250747184
45.53403654165394
45.692948524828935
45.851953200272156
46.01105056798362
46.17024062796332
46.32952338021125
46.488898824727414
46.64836696151181
46.80792779056445
46.967581311885326
47.12732752547443
47.28716643133177
47.447098029457344
47.60712231985116
47.767239302513204
47.92744897744349
48.08775134464201
48.248146404108766
48.40863415584376
48.56921459984698
48.72988773611844
48.89065356465813
49.05151208546606
49.212463298542225
49.373507203886625
49.534643801499264
49.695873091380136
49.85719507352924
50.018609747946584
50.18011711463216
50.34171717358598
50.503409924808025
50.6651953682983
50.82707350405681
50.98904433208357
51.15110785237856
51.313264064941784
51.47551296977324
51.63785456687294
51.80028885624087
51.96281583787703
52.12543551178143
52.28814787795407
52.450952936394934
52.61385068710404
52.77684113008138
52.93992426532696
53.10310009284077
53.26636861262282
53.4297298246731
53.59318372899162
53.756730325578374
53.92036961443336
54.08410159555658
54.247926268948035
54.41184363460773
54.57585369253566
54.739956442731824
54.90415188519622
55.06844001992886
55.23282084692973
55.397294366198835
55.56186057773618
55.72651948154175
55.89127107761556
56.0561153659576
56.22105234656789
56.386082019446405
56.551204384593156
56.716419442008146
56.88172719169137
57.04712763364282
57.21262076786252
57.378206594350445
57.54388511310661
57.70965632413101
57.875520227423635
58.04147682298451
58.20752611081361
58.373668090910954
58.53990276327653
58.70623012791034
58.872650184812386
59.03916293398267
59.20576837542118
59.37246650912793
59.53925733510292
59.706140853346135
59.87311706385759
60.04018596663729
60.20734756168521
60.37460184900138
60.541948828585774
60.70938850043841
60.87692086455928
61.04454592094838
61.212263669605726
61.3800741105313
61.5479772437251
61.71597306918714
61.884061586917426
62.05224279691594
62.220516699182696
62.38888329371768
62.5573425805209
62.72589455959236
62.894539230932054
63.06327659453998
63.23210665041614
63.40102939856053
63.57004483897317
63.739152971654036
63.90835379660314
64.07764731382048
64.24703352330604
64.41651242505986
64.58608401908191
64.75574830537218
64.9255052839307
65.09535495475745
65.26529731785243
65.43533237321564
65.60546012084711
65.77568056074679
65.94599369291473
66.11639951735089
66.28689803405528
66.45748924302792
66.62817314426879
66.79894973777789
66.96981902355523
67.1407810016008
67.31183567191461
67.48298303449664
67.65422308934693
67.82555583646544
67.99698127585219
68.16849940750717
68.3401102314304
68.51181374762186
68.68360995608154
68.85549885680946
69.02748044980562
69.19955473507002
69.37172171260265
69.54398138240352
69.71633374447262
69.88877879880997
70.06131654541554
70.23394698428933
70.40667011543138
70.57948593884166
70.75239445452017
70.92539566246691
71.0984895626819
71.27167615516512
71.44495543991658
71.61832741693627
71.79179208622419
71.96534944778035
72.13899950160474
72.31274224769739
72.48657768605824
72.66050581668735
72.83452663958468
73.00864015475025
73.18284636218405
73.3571452618861
73.53153685385638
73.7060211380949
73.88059811460164
74.05526778337662
74.23003014441984
74.4048851977313
74.57983294331098
74.7548733811589
74.93000651127507
75.10523233365946
75.28055084831209
75.45596205523296
75.63146595442205
75.80706254587939
75.98275182960496
76.15853380559878
76.3344084738608
76.51037583439108
76.6864358871896
76.86258863225635
77.03883406959133
77.21517219919454
77.391603021066
77.56812653520569
77.7447427416136
77.98722352856782
78.23032108658131
78.4740354156541
78.7183665157862
78.9633143869776
79.20887902922829
79.45506044253827
79.70185862690755
79.9492735823361
80.19730530882397
80.44595380637114
80.69521907497759
80.94510111464334
81.1955999253684
81.44671550715273
81.69844785999638
81.95079698389931
82.20376287886154
82.45734554488305
82.71154498196387
82.96636119010401
83.22179416930341
83.4778439195621
83.73451044088011
83.99179373325742
84.249693796694
84.5082106311899
84.76734423674506
85.02709461335957
85.28746176103333
85.5484456797664
85.81004636955876
86.07226383041044
86.33509806232138
86.59854906529164
86.86261683932118
87.12730138441
87.39260270055814
87.65852078776558
87.92505564603232
88.19220727535833
88.45997567574366
88.72836084718827
88.99736278969218
89.26698150325538
89.53721698787788
89.80806924355969
90.07953827030077
90.35162406810116
90.62432663696086
90.89764597687983
91.1715820878581
91.44613496989567
91.72130462299253
91.9970910471487
92.27349424236414
92.5505142086389
92.82815094597294
93.10640445436627
93.38527473381892
93.66476178433085
93.94486560590207
94.2255861985326
94.50692356222241
94.78887769697153
95.07144860277994
95.35463627964765
95.63844072757465
95.92286194656093
96.20789993660652
96.4935546977114
96.7798262298756
97.06671453309906
97.35421960738185
97.64234145272391
97.93108006912527
98.22043545658593
98.51040761510589
98.80099654468515
99.09220224532368
99.3840247170215
99.67646395977866
99.96951997359508
100.26319275847081
100.55748231440583
100.85238864140014
101.14791173945378
101.44405160856667
101.74080824873886
102.03818165997038
102.33617184226117
102.63477879561123
102.93400252002064
103.23384301548931
103.53430028201728
103.83537431960457
104.13706512825112
104.439372707957
104.74229705872214
105.0458381805466
105.46485259406711
105.88675816519378
106.31155489392688
106.73924278026675
107.16982182421305
107.603292025766
108.03965338492537
108.4789059016914
108.92104957606375
109.36608440804298
109.81401039762852
110.26482754482072
110.71853584961946
111.17513531202474
111.63462593203656
112.09700770965492
112.56228064487982
113.03044473771138
113.50149998814936
113.975446396194
114.45228396184507
114.93201268510279
115.41463256596694
115.90014360443774
116.38854580051509
116.87983915419898
117.3740236654894
117.87109933438637
118.37106616088988
118.87392414499993
119.37967328671652
119.88831358603977
120.39984504296945
120.91426765750589
121.43158142964876
121.95178635939806
122.47488244675401
123.0008696917165
123.52974809428554
124.06151765446111
124.59617837224334
125.133730247632
125.6741732806272
126.21750747122894
126.76373281943734
127.31284932525216
127.86485698867364
128.41975580970166
128.97754578833622
129.53822692457732
130.10179921842484
130.66826266987903
131.23761727893987
131.80986304560713
132.38499996988105
132.9630280517614
133.5439472912484
134.12775768834183
134.7144592430418
135.3040519553483
135.8965358252616
136.4919108527812
137.09017703790755
137.69133438064034
138.29538288097967
138.90232253892555
139.51215335447796
140.12487532763703
140.74048845840252
141.35899274677467
141.98038819275337
142.6046747963386
143.23185255753026
143.86192147632858
144.49488155273343
145.13073278674483
145.76947517836277
146.41110872758736
147.05563343441838
147.70304929885594
148.35335632090005
149.0065545005508
149.662643837808
150.32162433267183
150.9834959851422
151.64825879521914
152.31591276290249
152.9864578881925
153.65989417108904
154.33622161159224
155.01544020970186
155.69754996541815
156.38255087874086
157.0704429496701
157.7612261782059
158.45490056434835
159.15146610809734
159.85092280945287
160.55327066841505
161.25850968498355
162.24142162879843
163.23266595338464
164.23224265873841
165.2401517448602
166.2563932117505
167.28096705940789
168.3138732878333
169.3551118970263
170.40468288698776
171.4625862577168
172.5288220092134
173.60339014147803
174.68629065450978
175.77752354831
176.8770888228778
177.9849864782136
179.101216514317
180.22577893118842
181.3586737288274
182.4999009072344
183.64946046640898
184.80735240635204
185.97357672706175
187.1481334285404
188.33102251078662
189.5222439738004
190.72179781758177
191.9296840421316
193.14590264744857
194.370453633534
195.60333700038655
196.84455274800666
198.09410087639571
199.35198138555188
200.61819427547607
201.89273954616783
203.17561719762807
204.46682722985497
205.7663696428508
207.07424443661375
208.39045161114473
209.71499116644327
211.04786310250984
212.38906741934397
213.73860411694614
215.09647319531632
216.46267465445408
217.83720849435986
219.2200747150332
220.61127331646935
221.95382628392372
223.30247720019452
224.6572260652822
226.01807287918632
227.38501764190642
228.75806035344385
230.13720101379795
231.52243962296848
232.91377618095567
234.31121068775974
235.71474314338025
237.12437354781764
238.54010190107147
239.96192820314172
241.38985245402887
242.82387465373267
244.26399480225314
245.71021289959026
247.16252894574382
248.62094294071403
250.08545488450113
251.55606477710467
253.03277261852418
254.51557840876126
256.00448214781477
257.49948383568494
259.0005834723718
260.50778105787504
262.02107659219496
263.54047007533177
265.06596150728524
266.59755088805514
268.1352382176415
269.6790234960449
271.2289067232648
272.78488789930134
274.34696702415454
275.91514409782417
277.48941912031046
279.06979209161364
280.6562630117335
282.24883188066906
283.847498698422
285.4522634649918
287.06312618037805
288.68008684458096
290.3031454576003
291.9323020194365
293.5675565300894
295.2089089895817
297.80587683062913
300.44617859824757
303.12981429244246
305.8567839132047
308.62708746054705
311.4407249344549
314.2976963349356
317.1980016619873
320.1416409156136
323.1286140958091
326.15892120258104
329.23256223592216
332.3495371958343
335.509846082321
338.71348889537694
341.9604656350075
345.2507763012072
348.5844208939852
351.96139941332876
355.38171185924693
358.8453582317361
362.35233853079626
365.90265275643105
369.49630090863866
373.13328298741726
376.81359899276504
380.53724892468745
384.30423278318085
388.11455056824707
391.9682022798843
395.8651879180961
399.80550748287897
403.7891609742328
407.81614839215945
411.8864697366553
416.0001250077257
420.1571142053708
424.3574373295869
428.60109438037034
432.8880853577284
437.2184102616593
441.5920690921612
446.0090618492395
450.4693885328852
454.9730491431037
459.5200436798932
464.11037214325734
468.74403453319064
473.42103084969494
478.1413610927625
481.8996614331106
485.66186966750956
489.42798579595865
493.1980098184581
496.97194173500793
500.74978154560813
504.5315292502587
508.31718484895987
512.1067483417112
515.9002197285126
519.6975990093649
523.4988861842673
527.3040812532204
531.1131842162235
534.9261950732773
538.7431138243815
542.5639404695357
546.3886750087404
550.2173174419956
554.0498677693013
557.886325990657
561.7266921060634
565.5709661155199
569.4191480190273
573.2712378165845
577.1272355081921
580.9871410938506
584.8509545735592
588.7186759473184
592.5903052151275
596.4658423769872
600.3452874328973
604.2286403828577
608.1159012268683
612.0070699649298
615.9021465970413
619.8011311232035
623.7040235434156
627.6108238576783
631.5215320659918
635.4361481683552
639.354672164769
643.2771040552334
647.2034438397479
651.1336915183128
655.0678470909284
659.005910557594
662.94788191831
666.8937611730767
670.8435483220092
683.2059572227881
695.9020275021903
708.9317591602739
722.2951521970681
735.9922066125437
750.0229224066425
764.3872995794227
779.0853381309134
794.1170380610565
809.482399369881
825.1814220573578
841.2141061235161
857.5804515683558
874.2804583918478
891.3141265940503
908.6814561748761
926.3824471344415
944.4170994726301
962.785413189471
981.4873882850807
1000.5230247592845
1019.8923226121406
1039.5952818437363
1059.6319024539553
1080.002184442521
1093.8408903523232
1107.4851624517323
1120.935000740792
1134.1904052194295
1147.251375887674
1160.1179127455398
1172.7900157930271
1185.267685030136
1197.5509204568516
1209.6397220731596
1221.5340898791037
1233.2340238746401
1244.7395240598416
1256.0505904346064
1267.1672229989927
1278.0894217530004
1288.8171866966004
1299.3505178298801
1309.6894151527085
1319.8338786651584
1329.7839083672297
1339.5395042589225
1349.1006663402368
1358.4673946111434
1367.6396890731994
1421.3310680736322
1478.26751467539
1538.44902887824
1601.8756106831133
1668.5472600881476
1738.4639770949725
1811.625761702424
1888.0326139118988
1967.6845337217674
2050.5815211334266
2136.723576145945
2226.1106987600215
2318.742888974957
2414.620146790752
2513.742472208105
2616.10986522655
2721.7223258467857
2830.579854067415
2942.6824498893693
3058.030113312416
3176.6228443374857
3298.460642963182
3423.543509189738
3551.8714430178516
3683.444444448687
4000.025051306933
4333.832459446043
4684.866668866947
5053.127679565921
5438.615491545759
5841.330104807392
6261.271519347094
6698.439735168591
7152.834752271883
7624.4565706523135
8113.305190313607
8619.380611257628
9142.682833479717
9683.211856983602
10240.967681765556
10815.950307829306
11408.159735172987
12017.5959637966
12644.258993700147
13288.148824885488
13949.26545735076
14627.608891095966
15323.179126121104
16035.976162426174
