37.0
37.63347875865961
38.267209441156204
38.901192047489786
39.53542657766036
40.169913031667924
40.80465140951247
41.43964171119401
42.07488393671253
42.71037808606805
43.34612415926055
43.98212215629004
44.618372077156515
45.25487392185998
45.89162769040043
46.528633382777876
47.16589099899231
47.80340053904372
48.44116200293213
49.079175390657525
49.71744070221991
50.35595793761928
50.99472709685564
51.633748179928986
52.273021186839316
52.91254611758664
53.55232297217095
54.19235175059225
54.83263245285053
55.47316507894581
56.113949628878075
56.75498610264732
57.396274500253554
58.037814821696784
58.679607066977
59.3216512360942
59.963947329048395
60.60649534583957
61.24929528646774
61.89234715093289
62.53565093923504
63.179206651374166
63.82301428735029
64.46707384716339
65.11138533081349
65.75594873830057
66.40076406962464
67.04583132478571
67.69115050378376
68.3367216066188
68.98254463329081
69.62861958379983
70.27494645814582
70.9215252563288
71.56835597834879
72.21543862420575
72.86277319389971
73.51035968743065
74.15819810479859
74.80628844600349
75.45463071104541
76.1032248999243
76.75207101264019
77.40116904919304
78.0505190095829
78.70012089380975
79.34997470187359
80.0000804337744
80.65043808951222
81.30104766908701
81.9519091724988
82.60302259974759
83.25438795083335
83.9060052257561
84.55787442451583
85.20999554711256
85.86236859354628
86.51499356381699
87.16787045792466
87.82099927586935
88.47438001765101
89.12801268326967
89.78189727272532
90.43603378601796
91.09042222314758
91.74506258411418
92.39995486891777
93.05509907755837
93.71049521003593
94.36614326635049
95.02204324650205
95.67819515049058
96.33459897831611
96.99125472997862
97.64816240547813
98.30532200481461
98.96273352798809
99.62039697499856
100.27831234584602
100.93647964053045
101.59489885905188
102.25357000141031
102.91249306760572
103.57166805763812
104.23109497150752
104.8907738092139
105.55070457075726
106.21088725613761
106.87132186535496
107.53200839840929
108.1929468553006
108.8541372360289
109.5155795405942
110.17727376899649
110.83921992123577
111.50141799731202
112.16386799722528
112.8265699209755
113.48952376856272
114.15272953998694
114.81618723524814
115.47989685434634
116.1438583972815
116.80807186405367
117.47253725466283
118.13725456910896
118.80222380739208
119.4674449695122
120.13291805546932
120.7986430652634
121.46461999889449
122.13084885636256
122.79732963766762
123.46406234280965
124.13104697178869
124.79828352460471
125.46577200125773
126.13351240174772
126.80150472607471
127.46974897423868
128.13824514623963
128.8069932420776
129.47599326175254
130.14524520526447
130.81474907261338
131.4845048637993
132.15451257882216
132.82477221768204
133.4952837803789
134.16604726691276
134.83706267728363
135.50833001149147
136.17984926953628
136.85162045141809
137.52364355713686
138.19591858669264
138.86844554008542
139.5412244173152
140.21425521838194
140.88753794328568
141.5610725920264
142.23485916460413
142.9088976610188
143.58318808127052
144.25773042535917
144.93252469328485
145.6075708850475
146.28286900064717
146.95841904008375
147.6342210033574
148.310274890468
148.9865807014156
149.6631384362002
150.33994809482175
151.01700967728033
151.69432318357585
152.3718886137084
153.0497059676779
153.72777524548442
154.40609644712794
155.08466957260842
155.76349462192587
156.44257159508035
157.1219004920718
157.80148131290025
158.48131405756567
159.1613987260681
159.84173531840747
160.5223238345839
161.20316427459727
161.88425663844762
162.565600926135
163.24719713765933
163.92904527302068
164.611145332219
165.2934973152543
165.9761012221266
166.6589570528359
167.34206480738214
168.02542448576543
168.70903608798565
169.39289961404288
170.0770150639371
170.7613824376683
171.44600173523645
172.13087295664167
172.8159961018838
173.50137117096298
174.1869981638791
174.8728770806322
175.55900792122236
176.24539068564945
176.93202537391355
177.6189119860146
178.3060505219527
178.99344098172776
179.68108336533982
180.36897767278882
181.05712390407484
181.74552205919787
182.43417213815783
183.12307414095486
183.81222806758882
184.50163391805978
185.1912916923677
185.88120139051264
186.5713630124946
187.2617765583135
187.9524420279694
188.6433594214623
189.3345287387922
190.02594997995902
190.71762314496291
191.40954823380375
192.10172524648155
192.79415418299638
193.48683504334818
194.17976782753698
194.87295253556277
195.56638916742554
196.2600777231253
196.95401820266204
197.64821060603578
198.3426549332465
199.0373511842942
199.7322993591789
200.4274994579006
201.12295148045928
201.81865542685495
202.51461129708758
203.21081909115722
203.90727880906388
204.6039904508075
205.3009540163881
205.99816950580566
206.69563691906026
207.39335625615183
208.09132751708037
208.78955070184594
209.48802581044845
210.18675284288798
210.8857317991645
211.584962679278
212.28444548322847
212.98418021101597
213.6841668626404
214.38440543810185
215.08489593740032
215.78563836053573
216.48663270750816
217.18787897831754
217.88937717296395
218.59112729144732
219.29312933376767
219.99538329992504
220.69788918991938
221.40064700375072
222.10365674141903
222.80691840292437
223.51043198826665
224.21419749744592
224.9182149304622
225.62248428731544
226.32700556800572
227.03177877253293
227.73680390089717
228.44208095309838
229.1476099291366
229.85339082901177
230.55942365272392
231.26570840027313
231.97224507165924
232.67903366688242
233.38607418594253
234.09336662883965
234.80091099557376
235.50870728614487
236.21675550055292
236.925055638798
237.63360770088008
238.3424116867991
239.05146759655514
239.76077543014816
240.47033518757817
241.18014686884516
241.89021047394914
242.60052600289015
243.31109345566807
244.02191283228305
244.73298413273497
245.44430735702392
246.15588250514983
246.86770957711272
247.57978857291263
248.2921194925495
249.00470233602337
249.71753710333422
250.43062379448207
251.1439624094669
251.85755294828874
252.57139541094753
253.28548979744332
253.9998361077761
254.7144343419459
255.42928449995264
256.1443865817964
256.8597405874772
257.57534651699484
258.29120437034953
259.00731414754125
259.72367584856994
260.44028947343566
261.1571550221383
261.87427249467794
262.59164189105456
263.3092632112682
264.02713645531884
264.74526162320643
265.46363871493105
266.18226773049264
266.9011486698912
267.6202815331268
268.3396663201993
269.0593030311088
269.77919166585536
270.4993322244389
271.2197247068594
271.94036911311684
272.66126544321133
273.38241369714285
274.1038138749112
274.82546597651674
275.54737000195917
276.2695259512385
276.991933824355
277.7145936213083
278.4375053420987
279.1606689867261
279.88408455519044
280.6077520474918
281.3316714636301
282.05584280360546
282.78026606741776
283.504941255067
284.2298683665533
284.95504740187664
285.6804783610369
286.40616124403414
287.13209605086837
287.8582827815396
288.5847214360478
289.311412014393
290.03835451657517
290.76554894259436
291.49299529245053
292.2206935661437
292.94864376367383
293.67684588504096
294.40529993024506
295.1340058992862
295.8629637921643
296.59217360887936
297.3216353494314
298.0513490138205
298.78131460204656
299.51153211410957
300.2420015500096
300.9727229097466
301.70369619332064
302.4349214007316
303.1663985319796
303.89812758706455
304.63010856598646
305.36234146874546
306.09482629534136
306.8275630457743
307.5605517200442
308.2937923181511
309.027284840095
309.76102928587585
310.4950256554937
311.22927394894856
311.96377416624046
312.69852630736926
313.43353037233516
314.16878636113796
314.90429427377774
315.64005411025454
316.37606587056837
317.11232955471917
317.84884516270694
318.5856126945317
319.3226321501935
320.0599035296922
320.7974268330279
321.5352020602006
322.27322921121026
323.01150828605705
323.7500392847407
324.48882220726136
325.227857053619
325.9671438238136
326.7066825178453
327.4464731357139
328.1865156774195
328.92681014296204
329.66735653234167
330.4081548455583
331.1492050826118
331.8905072435023
332.63206132822984
333.37386733679443
334.11592526919594
334.8582351254344
335.60079690550987
336.34361060942234
337.08667623717184
337.82999378875826
338.5735632641817
339.3173846634421
340.06145798653955
340.80578323347396
341.55036040424534
342.29518949885374
343.04027051729906
343.78560345958147
344.53118832570084
345.2770251156571
346.02311382945044
346.7694544670807
347.5160470285481
348.26289151385237
349.0099879229936
349.75733625597184
350.5049365127871
351.25278869343936
352.0008927979286
352.7492488262548
353.497856778418
354.2467166544182
354.9958284542554
355.74519217792954
356.49480782544066
357.2446753967888
357.994794891974
358.74516631099607
359.4957896538552
360.24666492055127
360.9977921110843
361.74917122545446
362.5008022636615
363.25268522570553
364.0048201115866
364.75720692130466
365.50984565485965
366.2627363122516
367.0158788934806
367.76927339854655
368.5229198274496
369.27681818018954
370.03096845676646
370.78537065718035
371.54002478143127
372.2949308295192
373.0500888014441
373.80549869720596
374.5611605168048
375.31707426024064
376.07323992751355
376.8296575186234
377.58632703357017
378.343248472354
379.10042183497484
379.8578471214326
380.6155243317274
381.37345346585914
382.13163452382787
382.8900675056336
383.64875241127635
384.40768924075604
385.1668779940718
386.20911579771234
387.2538588887476
388.3011072671775
389.350860933002
390.40311988622113
391.457884126835
392.51515365484346
393.57492847024656
394.63720857304435
395.70199396323676
396.76928464082386
397.8390806058056
398.9113818581819
399.986188397953
401.0635002251187
402.143317339679
403.225639741634
404.31046743098364
405.3978004077279
406.4876386718669
407.5799822234005
408.6748310623288
409.7721851886517
410.8720446023692
411.9744093034814
413.07927929198826
414.18665456788983
415.29653513118603
416.4089209818768
417.52381211996226
418.6412085454424
419.76111025831716
420.8835172585866
422.00842954625074
423.13584712130944
424.2657699837628
425.3981981336109
426.5331315708535
427.6705702954909
428.81051430752285
429.9529636069496
431.09791819377085
432.2453780679868
433.3953432295974
434.54781367860267
435.70278941500254
436.8602704387972
438.0202567499864
439.18274834857027
440.3477452345488
441.51524740792195
442.68525486868975
443.85776761685224
445.0327856524094
446.2103089753613
447.3903375857077
448.5728714834487
449.7579106685845
450.94545514111485
452.1355049010399
453.3280599483596
454.5231202830739
455.720685905183
456.92075681468657
458.1233330115849
459.3284144958779
460.5360012675655
461.74609332664784
462.95869067312475
464.1737933069963
465.3914012282625
466.61151443692336
467.8341329329789
469.05925671642916
470.28688578727395
471.5170201455134
472.74965979114756
473.98480472417634
475.22245494459975
476.46261045241783
477.70527124763066
478.95043733023806
480.1981087002401
481.4482853576368
482.7009673024281
483.95615453461414
485.2138470541948
486.47404486117017
487.7367479555401
489.00195633730476
490.269670006464
491.5398889630179
492.8126132069665
494.0878427383098
495.36557755704763
496.6458176631802
497.92856305670733
499.21381373762915
500.50156970594566
501.7918309616666
503.70255759764177
505.6280263545327
507.5682372323413
509.5231902310661
511.4928853507081
513.4773225912668
515.4765019527426
517.4904234351343
519.5190870384436
521.5624927626691
523.6206406078122
525.6935305738716
527.7811626608482
529.8835368687405
532.000653197551
534.1325116472772
536.2791122179215
538.4404549094811
540.6165397219588
542.8073666553523
545.0129357096635
547.2332468848908
549.4683001810354
551.7180955980962
553.9826331360746
556.2619127949688
558.5559345747806
560.8646984755087
563.1882044971544
565.5264526397159
567.879442903195
570.2471752875904
572.6296497929034
575.0268664191321
577.4388251662785
579.8655260343407
582.306969023321
584.7631541332171
587.2340813640308
589.7197507157603
592.2201621884078
594.7353157819707
597.2652114964517
599.8098493318489
602.3692292881633
604.9433513653939
607.5322155635417
610.1358218826058
612.7541703225879
615.3872608834854
618.0350935653009
620.6976683680323
623.3749852916812
626.067044336246
628.7738455017288
631.4953887881275
634.2316741954432
636.9827017236753
639.7484713728254
642.5289831428913
645.3242370338749
648.1342330457742
650.9589711785911
653.7984514323239
656.6526738069747
659.5216383025413
662.4053449190255
665.3037936564256
668.2169845147437
671.1449174939771
674.0875925941291
677.0450098151964
680.0171691571818
683.0040706200825
686.0057142039013
689.0220999086359
692.0532277342886
695.0990976808566
698.1597097483427
701.2350639367442
704.3251602460641
707.4299986762999
710.5495792274528
713.683901899522
716.8329666925088
719.9967736064114
723.175322641232
726.368613796968
729.5766470736221
732.799422471192
736.0369399896795
739.2891996290832
742.5562013894046
745.8379452706417
749.1344312727965
752.4456593958671
755.7716296398562
759.1123420047602
762.4677964905823
765.8379930973142
768.2283838125359
770.6138226286248
772.9943095455828
775.36984456341
777.7404276821053
780.1060589016688
782.4667382221019
784.8224656434031
787.1732411655721
789.5190647886111
791.8599365125178
794.1958563372932
796.5268242629381
798.8528402894503
801.1739044168316
803.490016645082
805.8011769742006
808.107385404187
810.4086419350438
812.7049465667678
814.9962992993605
817.2827001328224
819.5641490671524
821.840646102351
824.1121912384187
826.3787844753547
828.6404258131588
830.8971152518325
833.1488527913743
835.3956384317844
837.6374721730645
839.8743540152118
842.1062839582273
844.3332620021129
846.5552881468657
848.7723623924876
850.9844847389786
853.1916551863378
855.3938737345652
857.5911403836626
859.7834551336273
861.9708179844606
864.1532289361635
866.3306879887341
868.5031951421734
870.6707503964817
872.8333537516583
874.9910052077034
877.1437047646177
879.2914524223961
883.3244297306701
887.4265799064669
891.5979029497721
895.8383988606074
900.1480676389583
904.5269092848321
908.9749237982287
913.4921111791409
918.078471427576
922.7340045435303
927.4587105270039
932.2525893780003
937.1156410965195
942.0478656825508
947.0492631361085
952.1198334571818
957.259576645778
962.4684927019007
967.7465816255353
973.0938434166928
978.5102780753768
983.9958856015692
989.5506659952916
995.1746192565297
1000.8677453852906
1006.6300443815708
1012.4615162453701
1018.3621609766924
1024.3319785755375
1030.3709690418946
1036.4791323757781
1042.6564685771846
1048.902977646103
1055.2186595825478
1061.6035143865047
1068.0575420579917
1074.5807425970015
1081.1731160035197
1087.834662277568
1094.5653814191355
1101.365273428215
1108.2343383048246
1115.1725760489498
1122.179986660598
1129.2565701397652
1136.4023264864518
1143.6172557006612
1150.9013577823898
1158.2546327316377
1165.677080548303
1172.1385656156708
1178.6288260753863
1185.1478619274494
1191.69567317186
1198.2722598086166
1204.8776218377207
1211.5117592591723
1218.1746720729716
1224.8663602791185
1231.5868238776075
1238.3360628684477
1245.1140772516355
1251.9208670271692
1258.7564321950504
1265.6207727552774
1272.5138887078538
1279.4357800527741
1286.386446790044
1293.3658889196595
1300.3741064416226
1307.4110993559334
1314.4768676625918
1321.571411361596
1328.6947304529458
1335.8468249366451
1343.0276948126902
1350.237340081083
1357.4757607418214
1364.7429567949093
1372.0389282403448
1379.3636750781243
1386.7171973082513
1394.099494930726
1401.5105679455482
1408.950416352718
1416.4190401522355
1423.916439344097
1431.442613928306
1438.9975639048644
1446.5812892737686
1454.1937900350204
1461.835066188618
1469.505117734563
1477.2039446728577
1484.9315470034962
1492.6879247264806
1500.4730778418161
1508.2870063494975
1516.1297102495246
1524.0011895419684
1531.3130101769857
1538.6305303592617
1545.953750088799
1553.282669365597
1560.6172881896555
1567.9576065609745
1575.303624479553
1582.655341945393
1590.0127589584936
1597.3758755188555
1604.7446916264762
1612.1192072813592
1619.499422483501
1626.885337232905
1634.2769515295695
1641.6742653734927
1649.0772787646783
1656.4859917031235
1663.9004041888302
1671.3205162217964
1678.746327802024
1686.1778389295114
1693.61504960426
1701.0579598262684
1708.5065695955382
1715.9608789120684
1723.4208877758592
1730.8865961869105
1738.3580041452224
1745.8351116507938
1753.3179187036276
1760.806425303721
1768.3006314510749
1775.8005371456893
1783.3061423875643
1790.8174471766997
1798.3344515130957
1805.8571553967522
1813.3855588276692
1820.9196618058468
1828.4594643312867
1836.0049664039852
1843.5561680239443
1851.113069191164
1858.675669905645
1866.2439701673866
1873.8179699763878
1881.3976693326504
1888.9830682361735
1896.57416668706
1912.4523860842455
1928.6610666521883
1945.2002083908592
1962.0698113003164
1979.2698753805307
1996.8004006314732
2014.661387053202
2032.8528346456587
2051.374743408902
2070.227113342844
2089.4099444476014
2108.923236723087
2128.766990169359
2148.941204786359
2169.445880574116
2190.2810175326595
2211.446615661902
2232.9426749619597
2254.7691954327165
2276.9261770742596
2299.41361988656
2322.2315238696174
2345.379889023403
2368.858715348004
2392.668002842285
2418.2228740869323
2444.2170620851975
2470.6505668372265
2497.52338834299
2524.835526602459
2552.5869816156046
2580.777753382543
2609.4078419031575
2638.4772471774777
2667.9859692055907
2697.934007987322
2728.3213635228167
2759.1480358121044
2790.41402485501
2822.1193306516507
2854.263953202055
2886.8478925061354
2919.8711485639215
2953.333721375471
2987.2356109406974
3021.576817259658
3056.3573403323535
3091.5771801587543
3127.2363367388607
3163.334810072207
3184.729033906653
3205.397684783151
3225.3407627014094
3244.558267661836
3263.0501996640814
3280.8165587081457
3297.857344794378
3314.1725579224294
3329.762198092416
3344.626265304396
3358.764759558311
3372.1776808541617
3384.8650291919475
3396.8268045716686
3408.063006993325
3418.573636456975
3428.358692962618
3437.4181765101384
3445.7520870994776
3453.360424730985
3460.243189404311
3466.4003811195726
3471.8319998767693
3476.5380456759594
3480.5185185170267
3651.895260536112
3835.4788789888844
4031.2693738806993
4239.2667452069
4459.470992972143
4691.882117171772
4936.500117810443
5193.324994887225
5462.356748398393
5743.5953783476725
6037.040884731337
6342.693267554045
6660.552526813
6990.618662510067
7332.891674643382
7687.371563212015
8054.058328219689
8432.951969662681
8824.052487543784
9227.359881861135
9642.874152613804
10070.595299805515
10510.523323433474
10962.658223498613
11426.999999999069
