641
476
159
46
48
23
235
193
554
107
55
41
77
44
76
88
158
57
46
241
170
249
391
58
107
182
291
115
65
232
540
97
96
69
202
165
172
29
79
196
261
226
251
205
154
107
168
28
195
88
53
151
109
220
48
177
43
86
133
163
88
20
180
38
75
51
44
46
37
89
90
47
183
53
125
48
576
285
332
399
225
408
231
252
194
183
238
193
326
218
159
188
160
192
234
263
160
304
366
86
156
159
192
32
41
55
153
60
68
93
100
70
66
86
72
86
67
71
66
191
175
161
153
67
127
42
177
174
108
191
518
529
211
234
330
107
82
90
233
1098
207
121
184
86
67
62
237
243
281
67
289
56
240
85
205
153
187
54
377
233
53
48
225
52
41
53
54
52
34
47
190
139
109
52
81
79
100
39
160
706
1612
457
151
171
90
276
128
88
95
1065
253
99
3
100
253
325
133
90
88
106
77
65
69
6603
429
277
255
289
92
239
300
87
83
6419
43
50
70
362
54
181
255
275
230
242
228
207
216
55
30
111
91
28
43
22
56
191
46
42
157
42
44
142
36
57
32
39
64
19
44
95
193
41
241
186
44
224
103
39
270
40
45
38
118
173
583
185
159
279
46
915
218
71
49
256
47
57
89
55
179
208
184
234
250
193
78
103
89
183
192
165
155
187
55
24
24
176
71
87
98
252
271
221
214
52
301
54
51
1268
208
148
261
228
308
33
28
192
96
67
65
54
39
158
246
214
179
241
19
155
222
158
41
197
26
32
42
90
82
188
129
177
152
47
41
147
159
141
140
71
220
212
131
284
50
51
172
223
241
51
35
66
68
59
64
62
134
48
636
75
67
70
53
144
1257
1749
35
38
63
136
45
74
24
23
338
285
178
358
303
243
67
46
125
151
212
38
199
51
139
139
137
31
328
237
108
217
104
239
233
145
107
100
135
354
42
73
95
42
34
925
142
102
127
136
18
149
54
420
59
1
50
68
207
81
153
142
88
68
75
75
269
57
221
209
1491
68
84
42
17
405
96
150
100
49
1665
158
1433
221
133
38
182
164
89
33
110
94
87
179
172
83
20
222
80
83
90
88
136
236
129
228
113
418
171
51
209
236
68
297
68
298
207
204
572
97
172
51
61
64
72
72
52
51
47
58
68
166
191
124
66
55
1839
58
219
310
163
148
278
159
59
55
63
53
64
211
167
136
1788
346
389
420
158
55
167
156
157
198
165
175
259
159
159
228
152
161
179
147
153
175
80
139
66
164
162
37
37
22
137
82
72
307
125
121
454
248
286
183
196
192
201
6894
224
39
89
148
182
18
84
53
167
301
34
36
123
173
159
96
132
261
332
273
334
299
299
330
301
336
287
132
164
136
147
91
283
97
236
126
401
293
373
39
137
46
52
144
42
183
241
279
298
4610
429
233
160
103
134
295
240
771
37
47
155
322
245
386
68
136
21
163
91
517
434
480
166
172
37
63
72
64
35
64
40
49
57
62
93
106
115
46
56
57
301
905
266
1036
237
416
180
162
145
355
818
714
365
198
310
305
68
154
335
354
247
309
66
119
95
84
128
54
270
104
155
226
219
34
45
35
18
15
35
42
45
37
95
135
48
288
163
127
139
169
145
48
137
308
363
326
173
48
180
339
328
287
30
329
240
212
241
138
232
32
172
113
274
233
145
33
154
185
42
190
51
