1.0
2.1921376729189346
3.383715665055184
4.574733976408746
5.765192606979623
6.9550915567678135
8.144430825773318
9.333210413996136
10.52143032143627
11.709090548093714
12.896191093968476
14.082731959060549
15.268713143369936
16.454134646896637
17.638996469640652
18.823298611601984
20.007041072780623
21.190223853176583
22.372846952789857
23.55491037162044
24.73641410966834
25.917358166933553
27.09774254341608
28.27756723911592
29.456832254033078
30.635537588167544
31.81368324151933
32.99126921408842
34.16829550587483
35.34476211687856
36.520669047099595
37.69601629653795
38.87080386519362
40.045031753066596
41.21869996015689
42.3918084864645
43.56435733198942
44.73634649673166
45.90777598069122
47.07864578386809
48.24895590626227
49.418706347873766
50.58789710870257
51.756528188748696
52.924599588012136
54.09211130649289
55.259063344190956
56.42545570110634
57.59128837723903
58.75656137258904
59.92127468715636
61.085428320941
62.24902227394295
63.41205654616221
64.5745311375988
65.73644604825267
66.89780127812388
68.05859682721241
69.21883269551823
70.37850888304139
71.53762538978184
72.69618221573963
73.85417936091471
75.01161682530712
76.16849460891683
77.32481271174386
78.4805711337882
79.63576987504987
80.79040893552883
81.94448831522513
83.09800801413873
84.25096803226965
85.40336836961785
86.5552090261834
87.70649000196626
88.85721129696644
90.00737291118391
91.15697484461872
92.30601709727082
93.45449966914026
94.60242256022698
95.74978577053105
96.89658930005241
98.0428331487911
99.1885173167471
100.33364180392041
101.47820661031102
102.62221173591897
103.76565718074421
104.90854294478679
106.05086902804666
107.19263543052386
108.33384215221837
109.4744891931302
110.61457655325933
111.75410423260577
112.89307223116954
114.03148054895061
115.16932918594901
116.30661814216471
117.44334741759774
118.57951701224806
119.71512692611572
120.85017715920067
121.98466771150295
123.11859858302253
124.25196977375944
125.38478128371365
126.51703311288519
127.64872526127404
128.7798577288802
129.91043051570367
131.04044362174446
132.16989704700256
133.29879079147796
134.4271248551707
135.55489923808074
136.6821139402081
137.80876896155274
138.93486430211473
140.06039996189403
141.18537594089062
142.30979223910458
143.43364885653583
144.55694579318438
145.67968304905023
146.8018606241334
147.9234785184339
149.04453673195172
150.16503526468682
151.2849741166393
152.40435328780904
153.5231727781961
154.64143258780047
155.75913271662216
156.87627316466117
157.99285393191752
159.10887501839113
160.22433642408208
161.33923814899035
162.45358019311593
163.56736255645882
164.68058523901902
165.79324824079654
166.90535156179135
168.01689520200352
169.12787916143296
170.23830344007973
171.34816803794382
172.45747295502525
173.56621819132394
174.67440374683997
175.78202962157332
176.88909581552397
177.99560232869194
179.10154916107723
180.20693631267983
181.31176378349974
182.41603157353697
183.5197396827915
184.6228881112634
185.72547685895253
186.82750592585901
187.9289753119828
189.02988501732395
190.13023504188234
191.23002538565808
192.32925604865116
193.42792703086153
194.52603833228918
195.6235899529342
196.7205818927965
197.81701415187615
198.91288673017306
200.0081996276873
201.1029528444189
202.19714638036774
203.29078023553393
204.38385440991746
205.47636890351828
206.5683237163364
207.65971884837185
208.7505542996246
209.8408300700947
210.93054615978207
212.0197025686868
213.1082992968088
214.19633634414816
215.28381371070478
216.37073139647873
217.45708940147003
218.5428877256786
219.6281263691045
220.71280533174772
221.79692461360827
222.8804842146861
223.96348413498126
225.04592437449372
226.12780493322353
227.2091258111706
228.28988700833503
229.37008852471675
230.4497303603158
231.52881251513213
232.60733498916582
233.6852977824168
234.7627008948851
235.8395443265707
236.91582807747363
237.99155214759386
239.06671653693144
240.1413212454863
241.21536627325847
242.28885162024798
243.36177728645478
244.4341432718789
245.50594957652035
246.5771962003791
247.64788314345515
248.71801040574854
249.78757798725923
250.8565858879872
251.92503410793256
252.99292264709518
254.0602515054751
255.1270206830724
256.19323017988694
257.2588799959189
258.32397013116804
259.3885005856346
260.45247135931845
261.51588245221956
262.578733864338
263.6410255956738
264.70275764622687
265.7639300159973
266.824542704985
267.88459571319
268.94408904061237
270.00302268725204
271.06139665310894
272.1192109381833
273.1764655424749
274.2331604659838
275.28929570871003
276.3448712706535
277.3998871518144
278.45434335219255
279.508239871788
280.5615767106009
281.614353868631
282.66657134587837
283.71822914234315
284.76932725802516
285.81986569292457
286.86984444704126
287.9192635203752
288.96812291292656
290.01642262469517
291.06416265568106
292.11134300588435
293.15796367530487
294.2040246639428
295.249525971798
296.2944675988705
297.3388495451603
298.38267181066743
299.42593439539183
300.46863729933364
301.5107805224927
302.55236406486915
303.5933879264628
304.6338521072738
305.67375660730215
306.7131014265478
307.75188656501075
308.79011202269106
309.8277777995886
310.8648838957035
311.90143031103577
312.9374170455852
313.97284409935213
315.00771147233627
316.0420191645377
317.0757671759565
318.1089555065926
319.141584156446
320.17365312551675
321.2051624138047
322.2361120213101
323.2665019480327
324.2963321939727
325.32560275912994
326.3543136435045
327.3824648470964
328.4100563699056
329.4370882119321
330.46356037317594
331.4894728536371
332.51482565331554
333.5396187722113
334.56385221032446
335.5875259676548
336.61064004420257
337.6331944399676
338.6551891549499
339.67662418914955
340.69749954256656
341.7178152152008
342.73757120705244
343.75676751812136
344.77540414840763
345.7934810979111
346.81099836663196
347.82795595457014
348.8443538617256
349.8601920880984
350.87547063368856
351.890189498496
352.9043486825207
353.9179481857628
354.9309880082222
355.9434681498988
356.9553886107928
357.96674939090417
358.9775504902327
359.98779190877866
360.99747364654195
362.0065957035225
363.0151580797204
364.0231607751356
365.0306037897681
366.0374871236179
367.04381077668506
368.0495747489695
369.05477904047126
370.05942365119034
371.06350858112677
372.0670338302805
373.0699993986515
374.0724052862398
375.0742514930455
376.0755380190684
377.07626486430865
378.0764320287663
379.0760395124411
380.0750873153334
381.07357543744297
382.0715038787698
383.0688726393139
384.0656817190754
385.0619311180542
386.0576208362503
387.05275087366374
388.0473212302945
389.0413319061425
390.03478290120785
391.02767421549055
392.02000584899054
393.0117778017078
394.0029900736424
394.9936426647944
395.98373557516356
396.97326880475015
397.962242353554
398.9506562215752
399.93851040881367
400.9258049152695
401.91253974094263
402.89871488583304
403.8843303499408
404.8693861332659
405.85388223580827
406.83781865756794
407.821195398545
408.8040124587393
409.78626983815093
410.7679675367799
411.74910555462617
412.7296838916897
413.7097025479706
414.68916152346884
415.66806081818436
416.64640043211716
417.62418036526736
418.6014006176348
419.57806118921957
420.5541620800217
421.5297032900411
422.50468481927777
423.4791066677318
424.45296883540317
425.4262713222918
426.3990141283978
427.3711972537211
428.3428206982617
429.3138844620196
430.28438854499484
431.25433294718744
432.22371766859726
433.1925427092244
434.16080806906893
435.1285137481307
436.0956597464098
437.0622460639063
438.02827270061994
438.99373965655104
439.95864693169943
440.9229945260651
441.8867824396481
442.85001067244843
443.8126792244661
444.77478809570096
445.73633728615323
446.69732679582285
447.6577566247097
448.6176267728139
449.5769372401354
450.5356880266742
451.4938791324303
452.4515105574038
453.4085823015946
454.3650943650026
455.32104674762803
456.2764394494708
457.23127247053077
458.1855458108081
459.13925947030276
460.09241344901477
461.045007746944
461.9970423640906
462.9485173004545
463.8994325560358
464.8497881308343
465.79958402485005
466.7488202380832
467.69749677053375
468.64561362220155
469.59317079308664
470.5401682831891
471.48660609250874
472.4324842210458
473.3778026688002
474.3225614357719
475.26676052196086
476.2103999273672
477.15347965199084
478.09599969583167
479.0379600588899
479.97936074116546
480.9202017426584
481.8604830633686
482.8002047032961
483.73936666244094
484.67796894080294
485.6160115383824
486.5534944551792
487.4904176911933
488.4267812464247
489.3625851208734
490.2978293145393
491.2325138274226
492.1666386595233
493.10020381084126
494.03320928137657
494.96565507112916
495.8975411800991
496.8288676082862
497.7596343556907
498.6898414223126
499.61948880815174
500.5485765132082
501.47710453748203
502.40507288097314
503.33248154368147
504.2593305256072
505.1856198267502
506.1113494471106
507.03651938668827
507.9611296454833
508.88518022349547
509.8086711207251
510.73160233717203
511.6539738728363
512.5757857277179
513.4970379018167
514.4177303951329
515.3378632076663
516.2574363394172
517.1764497903853
518.0949035605707
519.0127976499734
519.9301320585936
520.846906786431
521.7631218334855
522.6787771997575
523.5938728852468
524.5084088899536
525.4223852138775
526.3358018570187
527.2486588193772
528.6823167632333
530.1195692945339
531.5604164132773
533.0048581194632
534.4528944130918
535.904525294163
537.359750762677
538.8185708186335
540.2809854620327
541.7469946928748
543.2165985111594
544.6897969168867
546.1665899100566
547.6469774906692
549.1309596587245
550.6185364142224
552.1097077571632
553.6044736875465
555.1028342053723
556.604789310641
558.1103390033522
559.6194832835063
561.1322221511028
562.6485556061423
564.1684836486243
565.6920062785489
567.2191234959162
568.7498353007261
570.2841416929788
571.8220426726741
573.3635382398122
574.9086283943927
576.4573131364161
578.0095924658822
579.5654663827908
581.1249348871421
582.6879979789362
584.2546556581729
585.8249079248521
587.3987547789742
588.9761962205388
590.5572322495461
592.1418628659961
593.7300880698889
595.3219078612242
596.9173222400022
598.516331206223
600.1189347598863
601.7251329009923
603.334925629541
604.9483129455325
606.5652948489665
608.1858713398432
609.8100424181625
611.4378080839246
613.0691683371292
614.7041231777766
616.3426726058667
617.9848166213994
619.6305552243748
621.2798884147928
622.9328161926537
624.589338557957
626.2494555107031
627.9131670508918
629.5804731785233
631.2513738935974
632.925869196114
634.6039590860735
636.2856435634754
637.9709226283202
639.6597962806077
641.3522645203379
643.0483273475106
644.7479847621262
646.4512367641842
648.158083353685
649.8685245306283
651.5825602950144
653.3001906468432
655.0214155861148
656.7462351128288
658.4746492269855
660.2066579285851
661.9422612176271
663.6814590941119
665.4242515580393
667.1706386094095
668.9206202482223
670.6741964744776
672.4313672881758
674.1921326893166
675.9564926779001
677.7244472539262
679.4959964173951
681.2711401683066
683.0498785066607
684.8322114324575
686.618138945697
688.4076610463791
690.7097245719715
693.0254608402079
695.3548698510831
697.697951604599
700.0547061007546
702.4251333395514
704.809233320987
707.2070060450633
709.6184515117798
712.0435697211365
714.4823606731329
716.9348243677696
719.4009608050465
721.8807699849635
724.3742519075208
726.8814065727179
729.4022339805547
731.9367341310326
734.4849070241503
737.0467526599077
739.6222710383054
742.2114621593432
744.8143260230213
747.4308626293391
750.0610719782976
752.7049540698958
755.3625089041338
758.0337364810125
760.7186368005314
763.41720986269
766.1294556674884
768.8553742149275
771.5949655050072
774.3482295377257
777.115166313085
779.8957758310844
782.6900580917245
785.4980130950034
788.3196408409231
791.1549413294829
794.0039145606829
796.8665605345232
799.7428792510032
802.6328707101238
805.5365349118838
808.4538718562844
811.3848815433248
814.3295639730059
817.2879191453267
820.2599470602872
823.2456477178885
826.2450211181294
829.2580672610111
832.2847861465325
835.3251777746932
838.3792421454955
841.4469792589371
844.5283891150184
847.6234717137404
850.7322270551031
853.854655139105
856.9907559657468
860.1405295350291
863.3039758469522
866.4810949015141
869.6718866987171
872.8763512385603
876.0944885210433
879.3262985461656
882.5717813139286
885.8309368243326
889.1037650773756
892.3902660730587
895.6904398113825
899.0042862923465
902.3318055159498
905.6729974821938
909.0278621910779
912.3963996426019
915.778609836766
919.1744927735704
922.5840484530149
926.0072768750997
929.4441780398242
932.894751947189
936.3589985971939
939.8369179898391
943.328510125124
946.8337750030491
950.3527126236145
953.88532298682
957.4316060926658
960.9915619411508
964.565190532277
968.152491866043
971.7534659424487
975.3681127614946
978.9964323231807
982.638424627507
986.294089674474
988.3718030170348
990.4316717864549
992.4736959827351
994.4978756058699
996.5042106558631
998.4927011327136
1000.4633470364206
1002.4161483669832
1004.3511051244059
1006.2682173086832
1008.1674849198189
1010.0489079578119
1011.9124864226615
1013.7582203143675
1015.5861096329327
1017.3961543783525
1019.1883545506289
1020.9627101497645
1022.7192211757574
1024.457887628606
1026.1787095083118
1027.881686814876
1029.5668195482958
1031.234107708573
1032.8835512957094
1034.5151503097004
1036.1289047505488
1037.7248146182556
1039.3028799128178
1040.8631006342375
1042.4054767825164
1043.93000835765
1045.436695359641
1046.925537788491
1048.3965356441959
1049.849688926758
1051.2849976361786
1052.7024617724555
1054.102081335588
1055.483856325579
1056.847786742428
1058.1938725861328
1059.522113856695
1060.8325105541153
1062.1250626783913
1063.3997702295246
1064.6566332075163
1065.8956516123635
1067.1168254440681
1068.320154702631
1070.1776103040256
1072.0435731328894
1073.9180431892355
1075.801020473065
1077.692504984378
1079.5924967231736
1081.5009956894523
1083.418001883214
1085.3435153044593
1087.277535953187
1089.2200638293975
1091.1710989330918
1093.130641264269
1095.0986908229283
1097.075247609072
1099.060311622698
1101.0538828638073
1103.055961332399
1105.0665470284744
1107.085639952033
1109.113240103074
1111.1493474815984
1113.193962087606
1115.2470839210964
1117.3087129820697
1119.3788492705262
1121.457492786466
1123.5446435298886
1125.6403015007945
1127.7444666991828
1129.8571391250548
1131.9783187784092
1134.1080056592473
1136.2461997675687
1138.392901103372
1140.5481096666595
1142.7118254574293
1144.8840484756824
1147.064778721418
1149.2540161946376
1151.4517608953397
1153.6580128235246
1155.8727719791927
1158.0960383623446
1160.327811972979
1162.568092811096
1164.8168808766968
1167.0741761697805
1169.3399786903465
1171.6142884383962
1176.2265161199684
1180.9386004684857
1185.7505414839434
1190.6623391663416
1195.673993515673
1200.7855045319411
1205.9968722151316
1211.3080965652734
1216.7191775823485
1222.2301152663604
1227.8409096173054
1233.5515606351837
1239.362068320006
1245.2724326717653
1251.282653690454
1257.3927313760723
1263.602665728642
1269.9124567481413
1276.32210443457
1282.831608787943
1289.4409698082527
1296.1501874954993
1302.9592618496754
1309.8681928707956
1316.8769805588454
1323.985624913832
1331.1941259357627
1338.5024836246157
1345.9106979804128
1353.418769003154
1361.0266966928248
1368.734481049425
1376.5421220729622
1384.4496197634362
1392.4569741208543
1400.564185145202
1408.7712528364864
1417.0781771947077
1425.484958219873
1433.9915959119608
1442.5980902709925
1451.3044412969612
1460.1106489898593
1469.0167133496943
1478.0226343764734
1487.128412070182
1496.3340464308349
1505.63953745841
1515.044885152929
1524.5500895143923
1533.935977386216
1543.4131268993442
1552.981538053653
1562.6412108491568
1572.3921452858485
1582.2343413637427
1592.1677990828248
1602.192518443102
1612.3084994445671
1622.5157420872274
1632.8142463710756
1643.2040122961262
1653.6850398623574
1664.257329069791
1674.9208799184053
1685.675692408222
1696.5217665392265
1707.4591023114262
1718.4876997248211
1729.607558779404
1740.8186794751746
1752.1210618121477
1763.5147057903087
1774.9996114096648
1786.5757786702088
1798.243207571948
1810.0018981148824
1821.8518502990046
1833.793064124322
1845.8255395908272
1857.9492766985277
1870.164275447416
1882.4705358375068
1894.8680578687854
1907.356841541252
1919.9368868549136
1932.6081938097705
1945.3707624058152
1958.2245926430624
1971.1696845214901
1984.2060380411203
1997.3336532019312
2010.5525300039444
2023.8626684471456
2037.2640685315419
2050.756730257126
2064.3406536239127
2078.01583863188
2091.7822852810496
2105.6399935714
2134.645004045393
2164.331709122751
2194.700108803925
2225.7502030886244
2257.4819919770234
2289.8954754690058
2322.990653564746
2356.7675262640114
2391.2260935669183
2426.366355473525
2462.1883119835984
2498.691963097488
2535.877308814903
2573.7443491360173
2612.293084060715
2651.5235135891708
2691.4356377210934
2732.029456456774
2773.304969796096
2815.262177738943
2857.9010802855482
2901.2216774356784
2945.2239691895084
2989.9079555469216
3035.2736365080345
3093.4571986825904
3153.2560082768323
3214.670065290644
3277.6993697243743
3342.343921577907
3408.6037208508933
3476.4787675439147
3545.969061656506
3617.074603189132
3689.795392141561
3764.1314285133267
3840.082712305244
3917.6492435168475
3996.8310221480206
4077.628048199229
4160.040321670123
4244.067842560587
4329.71061087097
4416.968626601156
4505.841889751027
4596.330400320701
4688.434158309945
4782.153163719224
4877.487416548305
4974.43691679684
5231.515763907693
5502.403250704519
5787.099377186038
6085.604143352248
6397.91754920315
6724.039594737813
7063.9702799562365
7417.709604860283
7785.257569449954
8166.614173724316
8561.779417682439
8970.753301326185
9393.535824654624
9830.126987666823
10280.526790363714
10744.735232745297
11222.752314812504
11714.578036563471
12220.212397998199
12739.65539911855
13272.907039923593
13819.967320413329
14380.836240587756
14955.513800446875
15543.999999991618
15768.546811193228
15977.844721457921
16171.893730789423
16350.693839187734
16514.245046652853
16583.00000000093
16662.54735318385
16724.426811198704
16795.600758782588
16850.604721464217
16913.405263449065
16961.533730794676
17015.96086718142
17057.213839192875
17103.267569981515
17137.64504665695
17175.32537184842
17202.827353188768
17232.1342727812
17252.760758787394
17273.694272781722
17287.445263451897
17300.005371849053
17306.88086718414
17311.06756998319
