169.0
172.4438271648493
175.89428318124916
179.3513680491996
182.81508176870062
186.28542433975224
189.7623957623544
193.2459960365071
196.73622516221045
200.23308313946433
203.73656996826878
207.24668564862378
210.76343018052938
214.28680356398556
217.81680579899228
221.35343688554963
224.8966968236575
228.44658561331596
232.003103254525
235.5662497472846
239.13602509159477
242.71242928745554
246.29546233486687
249.88512423382878
253.48141498434126
257.08433458640434
260.6938830400179
264.31006034518214
267.93286650189685
271.56230151016223
275.19836536997815
278.8410580813446
282.4903796442617
286.1463300587293
289.8089093247475
293.47811744231626
297.1539544114356
300.8364202321055
304.52551490432603
308.2212384280971
311.92359080341873
315.63257203029093
319.3481821087137
323.070421038687
326.7992888202109
330.5347854532854
334.2769109379105
338.0256652740861
341.7810484618123
345.54306050108903
349.3117013919165
353.08697113429434
356.8688697282229
360.65739717370195
364.4525534707316
368.25433861931174
372.06275261944256
375.87779547112393
379.69946717435585
383.5277677291383
387.3626971354714
391.2042553933551
395.0524425027893
398.9072584637741
402.76870327630945
406.6367769403954
410.5114794560319
414.39281082321895
418.28077104195665
422.1753601122449
426.0765780340837
429.98442480747303
433.898900432413
437.8200049089035
441.74773823694466
445.68210041653634
449.6230914476786
453.57071133037147
457.5249600646149
461.4858376504088
465.4533440877534
469.42747937664853
473.40824351709426
477.39563650909054
481.38965835263735
485.39030904773483
489.39758859438285
493.41149699258136
497.43203424233053
501.4592003436303
505.4929952964805
509.5334191008814
513.5804717568328
517.6341532643348
521.6944636233875
525.7614028339906
529.8349708961443
533.9151678098486
538.0019935751034
542.0954481919089
546.1955316602649
550.3022439801715
554.4155851516286
558.5355551746364
562.6621540491947
566.7953817753037
570.9352383529631
575.0817237821731
579.2348380629337
583.3945811952449
587.5609531791066
591.733954014519
595.9135837014818
600.0998422399953
604.2927296300593
608.492245871674
612.6983909648391
616.9111649095548
621.1305677058211
625.3565993536381
629.5892598530056
633.8285492039236
638.0744674063922
642.3270144604114
646.5861903659811
650.8519951231015
655.1244287317724
659.4034911919939
663.689182503766
667.9815026670885
672.2804516819617
676.5860295483856
680.8982362663598
685.2170718358848
689.5425362569603
693.8746295295863
698.213351653763
702.5587026294902
706.910682456768
711.2692911355963
715.6345286659753
720.0063950479048
724.3848902813849
728.7700143664155
733.1617673029966
737.5601490911286
741.9651597308108
746.3767992220438
750.7950675648273
755.2199647591614
759.6514908050459
764.0896457024811
768.534429451467
772.9858420520034
777.4438835040903
781.9085538077279
786.3798529629158
790.8577809696545
795.3423378279438
799.8335235377835
804.331338099174
808.8357815121149
813.3468537766064
817.8645548926486
822.3888848602412
826.9198436793845
831.4574313500783
836.0016478723227
840.5524932461176
845.1099674714632
849.6740705483593
854.244802476806
858.8221632568032
863.406152888351
867.9967713714494
872.5940187060984
877.197894892298
881.8083999300482
886.4255338193487
891.0492965602
895.6796881526019
900.3167085965542
904.9603578920573
909.6106360391109
914.2675430377149
918.9310788878696
923.6012435895749
928.2780371428307
932.9614595476372
937.6515108039941
942.3481909119017
947.0514998713599
951.7614376823686
956.4780043449279
961.2011998590377
965.9310242246981
970.6674774419091
975.4105595106707
980.1602704309829
984.9166102028456
989.6795788262589
994.4491763012227
999.2254026277371
1004.0082578058021
1008.7977418354178
1013.593854716584
1018.3965964493007
1023.205967033568
1028.021966469386
1032.8445947567543
1037.6738518956734
1042.5097378861428
1047.352252728163
1052.2013964217338
1057.057168966855
1061.9195703635269
1066.7886006117494
1071.6642597115224
1076.546547662846
1081.43546446572
1086.331010120145
1091.2331846261204
1096.1419879836462
1101.0574201927225
1105.9794812533496
1110.9081711655272
1115.8434899292556
1120.7854375445343
1125.7340140113636
1130.6892193297435
1135.651053499674
1140.619516521155
1145.5946083941867
1150.5763291187689
1155.5646786949014
1160.559657122585
1165.5612644018188
1170.5695005326033
1175.5843655149383
1180.605859348824
1185.63398203426
1190.6687335712468
1195.7101139597844
1200.7581231998722
1205.8127612915107
1210.8740282346996
1215.9419240294394
1221.0164486757296
1226.0976021735703
1231.1853845229618
1236.2797957239038
1241.380835776396
1246.4885046804393
1251.6028024360328
1256.7237290431772
1261.851284501872
1266.9854688121172
1272.1262819739131
1277.2737239872597
1282.4277948521567
1287.5884945686043
1292.7558231366027
1297.9297805561514
1303.1103668272508
1308.2975819499009
1313.4914259241013
1318.6918987498525
1323.899000427154
1329.1127309560063
1334.333090336409
1339.5600785683625
1344.7936956518665
1350.033941586921
1355.280816373526
1360.5343200116818
1365.794452501388
1371.0612138426447
1376.3346040354522
1381.6146230798104
1386.9012709757187
1392.194547723178
1397.4944533221874
1402.8009877727477
1408.1141510748587
1413.43394322852
1418.760364233732
1424.0934140904944
1429.4330927988076
1434.7794003586714
1440.1323367700857
1445.4919020330503
1450.858096147566
1456.230919113632
1461.6103709312483
1466.9964516004156
1472.3891611211332
1477.7884994934013
1483.1944667172202
1488.6070627925897
1494.0262877195096
1499.45214149798
1504.8846241280014
1510.3237356095729
1515.7694759426954
1521.2218451273682
1526.6808431635914
1532.1464700513657
1537.61872579069
1543.0976103815653
1548.583123823991
1554.0752661179672
1559.5740372634941
1565.0794372605715
1570.5914661091997
1576.1101238093781
1581.6354103611072
1587.1673257643872
1592.7058700192174
1598.2510431255982
1603.8028450835297
1609.361275893012
1614.9263355540443
1620.4980240666273
1626.0763414307612
1631.6612876464455
1637.2528627136805
1642.851066632466
1648.4558994028018
1654.0673610246886
1659.6854514981255
1665.3101708231134
1670.9415189996516
1676.5794960277406
1682.2241019073801
1687.87533663857
1693.5332002213108
1699.197692655602
1704.868813941444
1710.5465640788361
1716.2309430677788
1721.9219509082725
1727.6195876003164
1733.323853143911
1739.0347475390563
1744.752270785752
1750.4764228839986
1756.2072038337951
1761.9446136351428
1767.6886522880409
1773.4393197924894
1779.1966161484888
1784.9605413560384
1790.731095415139
1796.5082783257897
1802.2920900879913
1808.0825307017433
1813.8796001670457
1819.683298483899
1825.4936256523029
1831.3105816722573
1837.1341665437621
1842.9643802668177
1848.8012228414239
1854.6446942675802
1860.4947945452877
1866.3515236745454
1872.2148816553536
1878.0848684877128
1883.9614841716223
1889.8447287070824
1895.734602094093
1901.6311043326543
1907.534235422766
1913.4439953644282
1919.3603841576414
1925.2834018024048
1931.213048298719
1937.1493236465835
1943.0922278459989
1949.0417608969647
1954.9979227994809
1960.960713553548
1966.9301331591655
1972.9061816163335
1978.8888589250523
1984.8781650853216
1990.8741000971415
1996.876663960512
2002.8858566754327
2008.9016782419044
2014.9241286599263
2020.953207929499
2026.9889160506223
2033.0312530232964
2039.0802188475207
2045.1358135232954
2051.198037050621
2057.266889429497
2063.342370659924
2069.4244807419013
2075.513219675429
2081.6085874605074
2087.7105840971362
2093.819209585316
2099.934463925046
2106.056347116327
2112.184859159158
2118.32000005354
2124.4617697994727
2130.6101683969555
2136.765195845989
2142.926852146573
2149.095137298708
2155.2700513023933
2161.4515941576287
2167.6397658644155
2173.8345664227522
2180.03599583264
2186.244054094078
2192.458741207067
2198.680057171606
2204.908001987696
2211.1425756553363
2217.3837781745274
2223.631609545269
2229.8860697675614
2236.147158841404
2242.4148767667975
2248.6892235437413
2254.9701991722354
2261.257803652281
2267.552036983876
2273.8528991670223
2280.160390201719
2286.4745100879663
2292.7952588257644
2299.1226364151125
2305.456642856012
2311.7972781484614
2318.1445422924617
2324.4984352880124
2330.8589571351135
2337.2261078337656
2343.599887383968
2349.980295785721
2356.3673330390247
2362.7609991438785
2369.1612941002836
2375.5682179082387
2381.981770567745
2388.4019520788015
2394.8287624414083
2401.262201655566
2407.702269721274
2414.1489666385332
2420.6022924073422
2427.062247027702
2433.528830499613
2440.0020428230737
2446.4818839980853
2452.9683540246474
2459.4614529027604
2465.9611806324237
2472.4675372136376
2478.9805226464023
2485.5001369307174
2492.026380066583
2498.559252053999
2505.098752892966
2511.644882583483
2518.197641125551
2524.7570285191696
2531.3230447643386
2537.895689861058
2544.4749638093285
2551.0608666091493
2557.6533982605206
2564.2525587634427
2570.858348117915
2577.4707663239383
2584.0898133815117
2590.7154892906365
2597.347794051311
2603.9867276635364
2610.6322901273124
2617.284481442639
2623.943301609516
2630.6087506279437
2637.280828497922
2643.9595352194506
2650.64487079253
2657.33683521716
2664.0354284933405
2670.740650621072
2677.452501600353
2684.1709814311853
2690.8960901135683
2697.627827647502
2704.3661940329857
2711.11118927002
2717.862813358603
2722.9888517850263
2728.108513369664
2733.221798112515
2738.328706013581
2743.429237072861
2748.5233912903554
2753.611168666064
2758.6925691999872
2763.7675928921244
2768.8362397424753
2773.898509751041
2778.9544029178205
2784.003919242814
2789.047058726022
2794.083821367444
2799.1142071670806
2804.138216124931
2809.1558482409973
2814.1671035152763
2819.1719819477694
2824.170483538477
2829.1626082873986
2834.1483561945347
2839.127727259885
2844.1007214834494
2849.0673388652276
2854.027579405221
2858.981443103429
2863.92892995985
2868.8700399744853
2873.8047731473353
2878.733129478399
2883.6551089676773
2888.57071161517
2893.479937420876
2898.382786384797
2903.279258506933
2908.169353787282
2913.0530722258454
2917.9304138226234
2922.801378577615
2927.665966490821
2932.5241775622417
2937.3760117918764
2942.221469179725
2947.060549725788
2951.893253430066
2956.7195802925576
2961.539530313263
2966.353103492183
2971.160299829317
2975.9611193246656
2980.755561978228
2985.5436277900044
2990.3253167599955
2995.100628888201
2999.8695641746212
3004.632122619255
3009.3883042221023
3014.138108983165
3018.881536902441
3023.6185879799314
3028.349262215636
3033.073559609555
3037.791480161688
3042.5030238720356
3047.208190740598
3051.906980767374
3056.599393952364
3061.2854302955684
3065.965089796987
3070.6383724566194
3075.305278274466
3079.965807250527
3084.6199593848023
3089.267734677293
3093.909133127997
3098.5441547369146
3103.172799504047
3107.7950674293934
3112.410958512954
3117.020472754729
3121.623610154718
3126.220370712921
3130.810754429339
3135.394761303972
3139.972391336818
3144.5436445278774
3149.108520877152
3153.6670203846406
3158.2191430503435
3162.7648888742606
3167.304257856392
3171.8372499967372
3176.3638652952973
3180.8841037520715
3185.3979653670604
3189.9054501402625
3194.406558071679
3198.9012891613093
3206.3136277922094
3213.777490262175
3221.292876571206
3228.8597867193057
3236.478220706471
3244.148178532707
3251.8696601980064
3259.6426657023712
3267.467195045805
3275.343248228304
3283.2708252498687
3291.249926110504
3299.280550810203
3307.362699348969
3315.4963717268038
3323.681567943706
3331.9182879996715
3340.206531894706
3348.546299628806
3356.937591201975
3365.3804066142075
3373.874745865509
3382.4206089558775
3391.0179958853096
3399.6669066538107
3408.3673412613825
3417.119299708016
3425.922781993717
3434.7777881184866
3443.68431808232
3452.64237188522
3461.6519495271914
3470.713051008226
3479.825676328328
3488.989825487497
3498.205498485733
3507.4726953230365
3516.791415999405
3526.161660514841
3535.583428869344
3545.0567210629124
3554.581537095548
3564.1578769672524
3573.7857406780204
3583.4651282278573
3593.1960396167633
3602.978474844733
3612.8124339117694
3622.697916817873
3632.6349235630423
3642.6234541472804
3652.663508570584
3662.7550868329545
3672.8981889343922
3683.092814874897
3693.3389646544674
3703.6366382731067
3713.9858357308094
3724.386557027581
3734.83880216342
3745.3425711383243
3755.8978639522957
3766.504680605334
3777.163021097438
3787.872885428613
3798.634273598851
3809.4471856081545
3820.311621456529
3831.2275811439667
3842.1950646704718
3853.2140720360458
3864.2846032406833
3875.406658284388
3886.5802371671616
3897.8053398890024
3909.0819664499104
3920.410116849882
3931.7897910889224
3943.22098916703
3954.703711084201
3966.2379568404413
3977.8237264357485
3989.461019870121
4001.149837143561
4012.8901782560715
4024.6820432076456
4036.525431998287
4048.4203446279935
4060.366781096767
4072.364741404608
4084.414225551516
4096.51523353749
4108.667765362532
4120.871821026638
4133.127400529815
4145.434503872057
4157.793131053366
4170.203282073739
4182.66495693318
4195.178155631695
4207.532107069228
4219.933408660678
4232.382060406044
4244.87806230533
4257.421414358534
4270.012116565653
4282.650168926688
4295.335571441647
4308.068324110518
4320.848426933306
4333.6758799100135
4346.550683040639
4359.47283632518
4372.44233976364
4385.459193356015
4398.523397102308
4411.634951002523
4424.7938550566505
4438.000109264694
4451.25371362666
4464.554668142542
4477.902972812339
4491.298627636055
4504.741632613688
4518.231987745239
4531.769693030708
4545.354748470092
4558.987154063394
4572.666909810618
4586.394015711754
4600.168471766809
4613.990277975781
4627.85943433867
4641.775940855479
4655.739797526205
4669.751004350845
4683.8095613294045
4697.915468461884
4712.068725748277
4726.269333188588
4740.517290782818
4754.812598530965
4769.155256433029
4783.54526448901
4797.982622698908
4812.467331062724
4826.999389580458
4841.578798252111
4856.205557077677
4870.879666057212
4891.320343839136
4912.0326548592275
4933.016599117487
4954.272176613929
4975.799387348539
4997.598231321361
5019.668708532321
5042.010818981449
5064.62456266876
5087.509939594238
5110.666949757884
5134.095593159742
5157.795869799738
5181.767779677917
5206.011322794264
5230.526499148778
5255.31330874149
5280.371751572355
5305.701827641402
5331.303536948602
5357.176879494
5383.321855277551
5409.738464299298
5436.426706559214
5463.386582057283
5490.618090793534
5518.121232767968
5545.896007980555
5573.942416431353
5602.26045812029
5630.85013304741
5659.7114412126975
5688.844382616167
5718.248957257791
5747.925165137625
5777.873006255613
5808.092480611769
5838.583588206093
5869.346329038599
5900.380703109258
5931.686710418144
5963.264350965153
5995.11362475036
6027.23453177372
6059.627072035262
6092.2912455350015
6125.2270522728795
6158.43449224894
6191.913565463183
6225.664271915666
6259.871055641663
6294.356705705301
6329.121222106522
6364.164604845355
6399.486853921742
6435.087969335771
6470.967951087412
6507.126799176651
6543.564513603473
6580.2810943679215
6617.276541469968
6654.550854909612
6692.104034686854
6729.936080801694
6768.046993254116
6806.436772044166
6845.105417171828
6884.052928637073
6923.27930643993
6962.784550580385
7002.568661058453
7042.631637874103
7082.97348102738
7123.594190518241
7164.493766346684
7205.672208512769
7247.129517016423
7288.8656918577035
7330.880733036582
7373.1746405530575
7415.747414407131
7458.599054598817
7501.729561128101
7545.138933994967
7588.827173199432
7632.794278741538
7677.040250621227
7721.565088838528
7766.368793393427
7811.451364285909
7856.812801516018
7902.453105083725
7948.372274989029
7994.570311231888
8041.047213812402
8087.8029827305145
8134.837617986239
8182.151119579532
8229.743487510452
8277.614721779712
8360.683985166368
8445.401493823389
8531.767247750424
8619.781246947823
8709.443491415237
8800.753981152899
8893.712716160691
8988.319696438732
9084.574921986903
9182.47839280509
9282.03010889364
9383.23007025232
9486.07827688125
9590.57472878031
9696.7194259495
9804.51236838894
9913.95355609851
10025.04298907821
10137.78066732816
10252.16659084824
10368.200759638567
10485.883173699025
10605.213833029615
10726.192737630336
10848.81988750142
10973.09528264252
11099.018923053867
11226.590808735345
11355.810939687071
11486.679315908928
11619.195937401033
11753.360804163152
11889.173916195636
12026.635273498134
12165.74487607088
12306.502723913756
12448.90881702688
12592.963155410136
12738.665739063523
12886.016567987157
13035.015642181039
13185.662961644935
13337.95852637908
13491.902336383471
13647.494391657994
13804.734692202648
13963.623238017433
14124.160029102466
14286.34506545763
14450.178347079665
14614.651504996466
14780.73336430185
14948.423924996168
15117.723187078955
15288.631150550325
15461.147815410397
15635.273181659402
15811.00724929676
15988.3500183227
16167.301488737692
16347.861660541035
16530.03053373308
16713.808108313824
16899.194384283386
17086.1893616413
17274.79304038803
17465.00542052358
17656.82650204748
17850.256284960196
18045.29476926138
18241.941954951617
18440.197842030087
18640.062430497375
18841.535720353597
19044.617711598636
19252.042951081647
19461.287241710816
19672.350583486725
19885.232976408675
20099.9344204769
20316.454915691866
20534.794462052756
20754.953059560037
20976.930708213826
21200.72740801389
21426.34315896011
21653.777961052605
21883.03181429184
22114.104718677117
22346.99667420867
22581.707680886844
22818.23773871106
23056.58684768167
23296.755007798783
23538.742219062056
23782.548481471604
24028.173795027542
24275.618159729987
24524.881575578474
24775.9640425737
25118.364625716116
25469.468803466298
25829.27657582471
26197.787942790426
26575.002904364374
26960.92146054562
27355.543611336034
27758.86935673328
28170.898696739227
28591.631631352007
29021.068160573952
29459.20828440273
29906.052002840675
30361.59931588499
30825.85022353893
31298.804725799244
31780.46282266779
32270.82451414503
32769.889800229575
33277.65868092282
33794.131156222895
34319.3072261326
34853.18689064868
35395.77014977392
35947.05700352043
37048.05760269612
38199.37796192989
39401.01808122173
40652.97796057165
41955.257599975914
43307.856999438256
44710.77615895495
46164.015078529716
47667.57375816256
49221.452197853476
50825.65039759874
52480.168357402086
54185.006077263504
55940.16355717927
57745.640797153115
59601.43779718131
61507.5545572713
63463.991077415645
65470.74735761434
67527.82339787483
69635.21919818968
71792.9347585626
74000.97007898986
76259.32515947893
