1.0
1.1144792078572276
1.2295427354563493
1.3451905827973651
1.461422749880275
1.578239236705079
1.6956400432717769
1.8136251695803691
1.9321946156308554
2.0513483814232356
2.1710864669575103
2.2914088722336787
2.412315597251742
2.5338066420116983
2.6558820065135493
2.7785416907572946
2.9017856947429337
3.025614018470467
3.1500266619398944
3.275023625151216
3.4006049081044316
3.526770510799541
3.6535204332365447
3.780854675415443
3.9087732373362347
4.037276118998921
4.166363320403501
4.296034841549975
4.426290682438344
4.557130843068606
4.688555323440762
4.820564123554814
4.953157243410758
5.086334683008597
5.220096442348329
5.354442521429957
5.489372920253478
5.624887638818893
5.760986677126202
5.897670035175406
6.034937712966503
6.1727897104994955
6.311226027774381
6.450246664791161
6.589851621549835
6.730040898050403
6.870814494292865
7.012172410277221
7.154114646003471
7.296641201471616
7.439752076681654
7.583447271633587
7.7277267863274135
7.872590620763134
8.018038774940749
8.164071248860258
8.310688042521662
8.457889155924958
8.60567458907015
8.754044341957236
8.902998414586214
9.05253680695709
9.202659519069856
9.353366550924518
9.504657902521075
9.656533573859523
9.808993564939868
9.962037875762107
10.115666506326239
10.269879456632266
10.424676726680186
10.58005831647
10.736024226001708
10.892574455275312
11.04970900429081
11.2074278730482
11.365731061547486
11.524618569788663
11.684090397771737
11.844146545496704
12.004787012963565
12.16601180017232
12.32782090712297
12.490214333815516
12.653192080249951
12.816754146426284
12.98090053234451
13.145631238004631
13.310946263406645
13.476845608550551
13.643329273436354
13.810397258064052
13.978049562433643
14.146286186545128
14.315107130398506
14.484512393993779
14.654501977330947
14.825075880410008
14.996234103230963
15.16797664579381
15.340303508098554
15.513214690145192
15.686710191933724
15.86079001346415
16.03545415473647
16.210702615750684
16.386535396506794
16.562952497004794
16.73995391724469
16.917539657226477
17.095709716950164
17.274464096415745
17.45380279562322
17.633725814572585
17.814233153263842
17.995324811697
18.177000789872046
18.35926108778899
18.54210570544783
18.725534642848558
18.909547899991185
19.094145476875703
19.27932737350212
19.465093589870428
19.65144412598063
19.838378981832722
20.025898157426713
20.214001652762597
20.402689467840375
20.59196160266005
20.781818057221614
20.972258831525075
21.163283925570433
21.35489333935768
21.547087072886825
21.73986512615786
21.93322749917079
22.127174191925615
22.321705204422337
22.516820536660948
22.712520188641456
22.908804160363857
23.10567245182815
23.30312506303434
23.501161993982425
23.699783244672403
23.898988815104275
24.098778705278043
24.2991529151937
24.500111444851257
24.701654294250705
24.90378146339205
25.106492952275286
25.309788760900414
25.51366888926744
25.718133337376358
25.92318210522717
26.12881519281988
26.33503260015448
26.541834327230976
26.749220374049358
26.95719074060964
27.165745426911815
27.37488443295588
27.584607758741846
27.7949154042697
28.00580736953945
28.217283654551096
28.429344259304635
28.641989183800064
28.855218428037396
29.069031992016612
29.283429875737728
29.498412079200737
29.71397860240564
29.930129445352435
30.146864608041128
30.364184090471714
30.58208789264419
30.800576014558565
31.01964845621483
31.239305217612994
31.45954629875305
31.680371699635
31.901781420258843
32.12377546062458
32.34635382073221
32.569516500581734
32.79326350017316
33.01759481950647
33.24251045858168
33.46801041739878
33.69409469595778
33.92076329425866
34.14801621230146
34.37585345008613
34.6042750076127
34.83328088488117
35.06287108189153
35.293045598643786
35.52380443513793
35.75514759137398
35.98707506735192
36.21958686307175
36.452682978533474
36.68636341373709
36.920628168682605
37.155477243370015
37.39091063779931
37.626928351970506
37.8635303858836
38.10071673953858
38.338487412935464
38.576842406074235
38.815781718954895
39.05530535157746
39.29541330394191
39.53610557604826
39.777382167896505
40.01924307948664
40.26168831081867
40.504717861892594
40.74833173270841
40.99252992326612
41.237312433565734
41.48267926360723
41.728630413390626
41.97516588291592
42.2222856721831
42.469989781192176
42.71827820994315
42.967150958436015
43.21660802667077
43.46664941464743
43.717275122365976
43.968485149826414
44.220279497028756
44.47265816397298
44.72562115065911
44.97916845708713
45.233300083257035
45.48801602916884
45.74331629482254
45.99920088021814
46.25566978535562
46.51272301023501
46.77036055485628
47.02858241921945
47.287388603324516
47.546779107171474
47.80675393076033
48.067313074091075
48.32845653716372
48.59018431997825
48.852496422534685
49.115392844833
49.37887358687322
49.64293864865533
49.90758803017934
50.17282173144524
50.43863975245303
50.70504209320272
50.9720287536943
51.239599733927776
51.507755033903145
51.776494653620404
52.045818593079574
52.31572685228062
52.58621943122357
52.85729632990841
53.12895754833514
53.40120308650377
53.67403294441429
53.947447122066706
54.22144561946102
54.49602843659723
54.771195573475325
55.04694703009532
55.3232828064572
55.60020290256098
55.877707318406664
56.15579605399422
56.434469109323686
56.713726484395046
56.993568179208296
57.27399419376345
57.555004528060486
57.83659918209942
58.11877815588025
58.40154144940297
58.68488906266758
58.96882099567409
59.2533372484225
59.5384378209128
59.82412271314499
60.110391925119075
60.39724545683505
60.68468330829293
60.9727054794927
61.26131197043436
61.55050278111791
61.84027791154337
62.13063736171071
62.42158113161996
62.71310922127108
63.00522163066411
63.297918359799034
63.59119940867585
63.88506477729456
64.17951446565516
64.47454847375766
64.77016680160204
65.06636944918833
65.36315641651652
65.66052770358658
65.95848331039856
66.25702323695242
66.55614748324817
66.85585604928585
67.15614893506539
67.45702614058683
67.75848766585018
68.06053351085542
68.36316367560255
68.66637816009158
68.97017696432249
69.27456008829532
69.57952753201002
69.88507929546662
70.19121537866512
70.4979357816055
70.80524050428778
71.11312954671197
71.42160290887804
71.730660590786
72.04030259243586
72.35052891382762
72.66133955496127
72.9727345158368
73.28471379645426
73.59727739681358
73.91042531691481
74.22415755675792
74.53847411634294
74.85337499566985
75.16886019473866
75.48492971354935
75.80158355210193
76.11882171039642
76.4366441884328
76.75505098621107
77.07404210373124
77.3936175409933
77.71377729799725
78.0345213747431
78.35584977123085
78.67776248746048
79.00025952343202
79.32334087914543
79.64700655460076
79.97125654979797
80.29609086473708
80.62150949941808
80.94751245384097
81.27409972800577
81.60127132191246
81.92902723556104
82.25736746895151
82.58629202208388
82.91580089495814
83.24589408757429
83.57657159993234
83.90783343203228
84.2396795838741
84.57211005545784
84.90512484678348
85.238723957851
85.57290738866041
85.9076751392117
86.2430272095049
86.57896359954
86.91548430931701
87.25258933883589
87.59027868809667
87.92855235709933
88.26741034584391
88.60685265433037
88.94687928255871
89.28749023052896
89.62868549824111
89.97046508569515
90.31282899289108
90.6557772198289
90.99930976650863
91.34342663293023
91.68812781909375
92.03341332499915
92.37928315064644
92.72573729603563
93.07277576116672
93.4203985460397
93.76860565065458
94.11739707501133
94.46677281910999
94.81673288295056
95.167277266533
95.51840596985735
95.87011899292358
96.22241633573172
96.57529799828174
96.92876398057365
97.28281428260748
97.63744890438318
97.99266784590078
98.34847110716028
98.70485868816166
99.06183058890497
99.41938680939013
99.7775273496172
100.13625220958617
100.49556138929704
100.85545488874979
101.21593270794443
101.57699484688098
101.93864130555943
102.30087208397975
102.66368718214197
103.02708660004609
103.3910703376921
103.75563839508001
104.12079077220983
104.48652746908152
104.8528484856951
105.21975382205059
105.58724347814797
105.95531745398725
106.3239757495684
106.69321836489146
107.06304529995643
107.43345655476327
107.80445212931201
108.17603202360266
108.54819623763518
108.92094477140961
109.29427762492593
109.66819479818415
110.04269629118426
110.41778210392626
110.79345223641016
111.16970668863596
111.54654546060362
111.9239685523132
112.30197596376468
112.68056769495804
113.0597437458933
113.43950411657046
113.81984880698951
114.20077781715045
114.58229114705328
114.96438879669802
115.34707076608464
115.73033705521317
116.11418766408357
116.49862259269588
116.88364184105009
117.2692454091462
117.65543329698417
118.04220550456407
118.42956203188584
118.81750287894951
119.20602804575508
119.59513753230254
119.9848313385919
120.37510946462315
120.76597191039627
121.15741867591133
121.54944976116826
121.94206516616708
122.33526489090781
122.72904893539041
123.12341729961493
123.51836998358134
123.91390698728961
124.31002831073981
124.70673395393189
125.10402391686588
125.50189819954176
125.90035680195953
126.29939972411918
126.69902696602074
127.09923852766417
127.50003440904952
127.90141461017676
128.3033791310459
128.70592797165693
129.10906113200986
129.51277861210465
129.91708041194136
130.32196653151996
130.72743697084044
131.13349172990277
131.5401796001192
131.94745217885367
132.35530946610623
132.76375146187692
133.17277816616564
133.58238957897248
133.99258570029744
134.40336653014043
134.81473206850154
135.2266823153807
135.63921727077798
136.05233693469336
136.46604130712677
136.8803303880783
137.29520417754793
137.71066267553564
138.12670588204142
138.5433337970653
138.96054642060724
139.3783437526673
139.7967257932454
140.21569254234163
140.63524399995595
141.05538016608833
141.47610104073883
141.8974066239074
142.31929691559404
142.74177191579878
143.16483162452158
143.58847604176248
144.0127051675215
144.43751900179856
144.86291754459373
145.28890079590698
145.71546875573833
146.14262142408776
146.57035880095526
146.99868088634088
147.42758768024456
147.85707918266633
148.28715539360618
148.71781631306413
149.14906194104015
149.58089227753428
150.0133073225465
150.44630707607678
150.87989153812515
151.3140607086916
151.74881458777617
152.18415317537878
152.62007647149952
153.0565844761383
153.49367718929523
153.9313546109702
154.36961674116327
154.80846357987443
155.24789512710367
155.68791138285098
156.12851234711638
156.5696980198999
157.01146840120148
157.45382349102115
157.89676328935892
158.34028779621474
158.78439701158868
159.2290909354807
159.6743695678908
160.120232908819
160.5666809582653
161.01371371622963
161.4613311827121
161.90953335771263
162.35832024123124
162.80769183326794
163.25764813382273
163.7081891428956
164.15931486048657
164.61102528659563
165.06332042122278
165.516200264368
165.9696648160313
166.42371407621272
166.87834804491217
167.33356672212975
167.7893701078654
168.24575820211916
168.702731004891
169.1602885161809
169.6184307359889
170.077157664315
170.53646930115917
170.99636564652144
171.4568467004018
171.91791246280022
172.37956293371673
172.84179811315136
173.30461800110402
173.7680225975748
174.23201190256367
174.69658591607174
175.0879950965716
175.4785285986286
175.86818642224284
176.25696856741433
176.64487503414296
177.0319058224287
177.41806093227177
177.8033403636719
178.18774411662923
178.57127219114392
178.95392458721562
179.33570130484458
179.71660234403066
180.0966277047741
180.47577738707463
180.85405139093228
181.23144971634724
181.6079723633194
181.98361933184862
182.3583906219352
182.73228623357886
183.10530616677966
183.4774504215378
183.84871899785304
184.21911189572546
184.5886291151552
184.957270656142
185.32503651868592
185.6919267027872
186.05794120844564
186.4230800356612
186.787343184434
187.15073065476395
187.51324244665113
187.8748785600954
188.23563899509696
188.59552375165572
188.95453282977167
189.31266622944463
189.66992395067496
190.02630599346253
190.38181235780723
190.73644304370902
191.0901980511681
191.44307738018438
191.79508103075784
192.14620900288844
192.49646129657629
192.84583791182132
193.1943388486236
193.54196410698285
193.8887136868995
194.2345875883733
194.57958581140429
194.9237083559924
195.26695522213777
195.60932640984038
195.95082191910012
196.291441749917
196.63118590229118
196.9700543762225
197.3080471717111
197.64516428875663
197.98140572735963
198.31677148751976
198.65126156923702
198.98487597251142
199.31761469734306
199.649477743732
199.9804651116781
200.31057680118124
200.63981281224164
200.9681731448593
201.2956577990342
201.6222667747661
201.94800007205532
202.27285769090173
202.59683963130533
202.919945893266
203.24217647678404
203.5635313818592
203.88401060849162
204.20361415668106
204.5223420264278
204.84019421773172
205.15717073059284
205.47327156501115
205.7884967209866
206.1028461985194
206.4163199976092
206.72891811825627
207.04064056046047
207.35148732422203
207.66145840954073
207.97055381641644
208.2787735448495
208.58611759483972
208.89258596638717
209.1981786594917
209.5028956741446
210.154426484552
210.8119665565996
211.47551589028672
212.1450744856147
212.8206423425827
213.50221946119086
214.18980584143856
214.8834014833269
215.58300638685546
216.28862055202399
217.00024397883226
217.7178766672812
218.4415186173701
219.1711698290992
219.90683030246828
220.64850003747756
221.39617903412704
222.14986729241673
222.90956481234593
223.6752715939158
224.44698763712609
225.22471294197612
226.00844750846636
226.79819133659635
227.59394442636676
228.3957067777776
229.20347839082842
230.017259265519
230.83704940184998
231.66284879982118
232.49465745943235
233.33247538068372
234.1763025635753
235.02613900810684
235.8819847142786
236.74383968209008
237.61170391154224
238.4855774026346
239.36546015536692
240.251352169739
241.1432534457515
242.0411639834042
242.9450837826971
243.85501284362977
244.77095116620285
245.69289875041613
246.62085559626962
247.55482170376263
248.49479707289652
249.44078170367015
250.74359701396588
252.06617928854303
253.40852852742046
254.7706447306009
256.15252789808346
257.5541780298654
258.97559512594944
260.4167791863365
261.8777302110211
263.35844820001057
264.8589331533012
266.3791850708931
267.9192039527843
269.47898979897855
271.0585426094749
272.6578623842697
274.2769491233694
275.9158028267693
277.57442349446865
279.2528111264719
280.95096572277544
282.6688872833802
284.4065758082861
286.16403129749506
287.9412537510034
289.7382431688138
291.5549995509273
293.3915228973383
295.24781320805414
297.1238704830703
299.01969472238943
300.93528592600705
302.8706440939277
304.82576922615044
306.80066132267166
308.7953203834977
310.80974640862314
312.84393939804977
314.8978993517794
316.97162626980935
319.0651201521405
321.1783809987728
323.31140880970815
325.46420358494197
327.6367653244797
329.82909402831956
332.04118969645697
334.2730523288992
336.52468192564174
338.7960784866873
341.2415821573031
343.712905346958
346.210048055631
348.73301028332025
351.28179203002946
353.8563932957604
356.45681408050586
359.08305438427124
361.7351142070547
364.41299354885814
367.1166924096797
369.8462107895193
372.6015486883789
375.3827061062566
378.1896830431524
381.0224794990645
383.8810954740002
386.76553096795215
389.6757859809222
392.6118605129104
395.5737545639204
398.5614681339466
401.575001222991
404.61435383105345
407.67952595813586
410.7705176042382
413.8873287693568
417.0299594534936
420.1984096566521
423.3926793788287
426.6127686200216
429.85867738023444
433.1304056594672
436.4279534577163
439.75132077498347
443.1005076112706
446.47551396657764
449.8763398409028
453.3029852342461
456.7554501466075
460.2337345779888
463.73783852838824
467.267761997804
470.82350498623964
474.40506749369706
478.0124495201708
481.6456510656626
485.30467213017255
488.98951271370424
492.70017281625223
496.91949148322965
501.18356453378146
505.49239196788403
509.8459737855319
514.2443099867214
518.6874005714599
523.1752455397473
527.7078448915745
532.2851986269452
536.9073067458703
541.5741692483352
546.2857861343473
551.0421574039101
555.8432830570127
560.6891630936661
565.5797975138594
570.5151863175997
575.4953295048908
580.5202270757218
585.5898790300998
590.704285368025
595.8634460894937
601.0673611945094
606.316030683076
611.6094545551823
616.9476328108321
622.3305654500364
627.7582524727804
633.2306938790716
638.7478896689099
644.3098398422917
649.916544399217
655.568003339693
661.2642166637161
667.0051843712827
672.7909064623927
678.6213829370463
684.4966137952542
690.416599037002
696.3813386622933
702.3908326711389
708.4450810635244
714.5440838394534
720.6878409989331
726.8763525419563
733.109618468523
739.3876387786404
745.7104134723013
752.0779425495093
758.4902260102608
772.1121970186359
786.0599001817172
800.333335499512
814.9325029719621
829.8574025990965
845.1080343809444
860.6843983174767
876.5864944086643
892.8143226545944
909.3678830551507
926.2471756104205
943.4522003203747
960.9829571850132
978.8394462043652
997.0216673783725
1015.5296207070933
1034.3633061904693
1053.5227238285588
1073.0078736213327
1092.818755568791
1112.9553696709336
1133.4177159277897
1154.205794339272
1175.3196049054968
1196.7591476263478
1220.7886599509511
1245.3180765419092
1270.3473973990476
1295.8766225223662
1321.905751911865
1348.434785567486
1375.463723489258
1402.9925656771811
1431.0213121313427
1459.5499628516554
1488.5785178381193
1518.1069770907634
1548.1353406095295
1578.663608394534
1609.6917804456607
1641.2198567629093
1673.2478373463964
1705.7757221959764
1738.8035113117949
1772.3312046937644
1806.3588023419143
1840.8863042562152
1875.9137104366382
1911.4410208832705
1947.468235596025
2011.2549976841547
2077.638559662504
2146.6189215311315
2218.1960832893383
2292.37004493759
2369.140806475887
2448.508367904229
2530.4727292223834
2615.0338904305827
2702.191851528827
2791.9466125171166
2884.2981733952183
2979.246534163365
3076.791694821324
3176.933655369561
3279.6724158076104
3385.007976135472
3492.940336353611
3603.469496461563
3716.5954564595595
3832.3182163473684
3950.6377761252224
4071.5541357931215
4195.067295351066
4321.177254798822
5696.659181050956
7170.6436892822385
8743.130779474974
10414.120451621711
12183.612705737352
14051.607541799545
16018.104959838092
18083.10495983064
20246.607541792095
22508.612705715
24869.12045159936
27328.13077944517
29885.643689252436
32541.659181021154
35296.177254751325
38149.19791044295
41100.721148096025
44150.746967710555
47299.27536928654
50546.30635282397
53891.83991832286
57335.8760657832
60878.41479521245
64519.456106595695
68258.9999999404
