175.0
176.25462978587964
177.5073089638448
178.7580375338955
180.00681549603175
181.25364285025353
182.49851959656084
183.74144573495371
184.9824212654321
186.22144618799604
187.4585205026455
188.69364420938052
189.92681730820107
191.15803979910714
192.38731168209875
193.61463295717593
194.84000362433864
196.06342368358685
197.28489313492065
198.50441197833993
199.7219802138448
200.93759784143518
202.15126486111112
203.36298127287256
204.57274707671957
205.7805622726521
206.98642686067018
208.19034084077379
209.39230421296296
210.59231697723766
211.79037913359787
212.98649068204364
214.18065162257494
215.37286195519178
216.56312167989415
217.7514307966821
218.93778930555553
220.12219720651453
221.30465449955906
222.48516118468913
223.66371726190474
224.8403227312059
226.01497759259257
227.18768184606478
228.35843549162257
229.52723852926584
230.6940909589947
231.85899278080907
233.02194399470898
234.18294460069444
235.34199459876544
236.49909398892197
237.65424277116404
238.80744094549163
239.95868851190477
241.10798547040346
242.2553318209877
243.40072756365745
244.54417269841275
245.68566722525355
246.82521114417995
247.96280445519187
249.0984471582893
250.23213925347227
251.3638807407408
252.49367162009486
253.62151189153445
254.7474015550596
255.87134061067027
256.9933290583665
258.11336689814823
259.23145413001555
260.34759075396835
261.46177677000674
262.5740121781306
263.68429697834006
264.79263117063505
265.89901475501557
267.00344773148163
268.1059301000332
269.20646186067034
270.305043013393
271.4016735582012
272.4963534950949
273.58908282407424
274.67986154513903
275.7686896582894
276.8555671635253
277.94049406084673
279.0234703502537
280.1044960317462
281.18357110532423
282.2606955709878
283.33586942873694
284.4090926785716
285.48036532049184
286.54968735449756
287.6170587805888
288.68247959876567
289.745949809028
290.8074694113759
291.8670384058093
292.9246567923283
293.98032457093274
295.0340417416228
296.08580830439837
297.1356242592595
298.18348960620614
299.2294043452383
300.27336847635604
301.31538199955935
302.35544491484814
303.3935572222225
304.42971892168237
305.4639300132278
306.49619049685873
307.52650037257524
308.55485964037723
309.5812683002648
310.6057263522379
311.6282337962966
312.64879063244075
313.66739686067046
314.68405248098577
315.69875749338655
316.7115118978729
317.7223156944448
318.73116888310216
319.73807146384513
320.7430234366736
321.7460248015876
322.7470755585872
323.74617570767225
324.7433252488429
325.7385241820991
326.73177250744084
327.723070224868
328.71241733438086
329.69981383597917
330.685259729663
331.66875501543245
332.65029969328737
333.62989376322787
334.6075372252539
335.5832300793654
336.5569723255625
337.52876396384517
338.49860499421334
339.46649541666704
340.4324352312063
341.39642443783106
342.35846303654137
343.3185510273372
344.27668841021864
345.23287518518555
346.18711135223805
347.1393969113761
348.0897318625996
349.0381162059087
349.98454994130327
350.9290330687835
351.8715655883492
352.8121475000004
353.7507788037372
354.6874594995595
355.62218958746735
356.5549690674608
357.4857979395397
358.4146762037042
359.34160385995415
360.2665809082897
361.18960734871075
362.1106831812174
363.0298084058095
363.94698302248713
364.86220703125036
365.77548043209913
366.6868032250334
367.5961754100532
368.50359698715863
369.40906795634953
370.3125883176259
371.2141580709879
372.11377721643544
373.0114457539685
373.9071636835871
374.8009310052912
375.6927477190809
376.58261382495607
377.47052932291683
378.3564942129631
379.2405084950949
380.1225721693123
381.0026852356152
381.88084769400365
382.75705954447756
383.6313207870371
384.50363142168214
385.37399144841277
386.24240086722887
387.1088596781305
387.9733678811177
388.8359254761905
389.6965324633487
390.55518884259254
391.4118946139219
392.26664977733685
393.1194543328372
393.9703082804232
394.81921162009473
395.66616435185176
396.51116647569427
397.3542179916225
398.19531889963605
399.0344691997353
399.87166889192
400.70691797619025
401.54021645254613
402.37156432098743
403.2009615815143
404.02840823412674
404.8539042788247
405.6774497156082
406.4990445444772
407.31868876543183
408.1363823784719
408.95212538359755
409.76591778080876
410.5777595701055
411.38765075148774
412.19559132495556
413.00158129050885
413.8056206481478
414.6077093978722
415.4078475396821
416.20603507357765
417.0022719995587
417.7965583176252
418.5888940277773
419.379279130015
420.16771362433815
420.9541975107469
421.7387307892412
422.52131345982093
423.3019455224862
424.08062697723716
424.8573578240736
425.63213806299547
426.404967694003
427.17584671709596
427.9447751322746
428.71175293953866
429.4767801388883
430.2398567303235
431.00098271384417
431.76015808945044
432.51738285714225
433.27265701691954
434.0259805687824
434.7773535127308
435.5267758487648
436.27424757688425
437.01976869708926
437.76333920937986
438.50495911375594
439.2446284102175
439.9823470987647
440.7181151793974
441.4519326521157
442.18379951691946
442.91371577380875
443.6416814227837
444.367696463844
445.09176089698997
445.81387472222144
446.53403793953845
447.252250548941
447.96851255042907
448.68282394400273
449.3951847296619
450.10559490740656
450.8140544772368
451.52056343915257
452.2251217931539
452.9277295392408
453.6283866774131
454.32709320767106
455.0238491300145
455.71865444444353
456.41150915095807
457.10241324955814
457.7913667402438
458.47836962301494
459.1634218978716
459.8465235648139
460.5276746238416
461.20687507495495
461.8841249181538
462.55942415343816
463.2327727808081
463.90417080026356
464.5736182118045
465.2411150154311
465.90666121114316
466.5702567989408
467.23190177882395
467.89159615079257
468.5493399148469
469.20513307098656
469.85897561921195
470.51086755952275
471.1608088919191
471.8087996164011
472.4548397329685
473.09892924162153
473.74106814236
474.38125643518407
475.0194941200937
475.6557811970888
476.2901176661695
476.9225035273357
477.5529387805875
478.18142342592483
478.80795746334763
479.43254089285597
480.0551737144499
480.67585592812935
481.2945875338944
481.91136853174487
482.52619892168093
483.1390787037025
483.75000787780965
484.35898644400237
484.96601440228056
485.5710917526443
486.1742184950936
486.7753946296284
487.37462015624874
487.97189507495466
488.56721938574617
489.16059308862316
489.75201618358574
490.3414886706338
490.9290105497674
491.5145818209865
492.0982024842912
492.67987253968147
493.25959198715725
493.8373608267185
494.41317905836536
494.9870466820977
495.55896369791566
496.1289301058191
496.6969459058081
497.2630110978826
497.8271256820427
498.38928965828836
498.9495030266195
499.50776578703613
500.0640779395383
500.61843948412616
501.1708504207994
501.72131074955826
502.2698204704026
502.81637958333255
503.360988088348
503.903645985449
504.4443532746355
504.98310995590754
505.5199160292652
506.0547714947083
506.58767635223694
507.1186306018511
507.64763424355095
508.1746872773362
508.699789703207
509.22294152116336
509.7441427312053
510.2633933333328
510.7806933275457
511.29604271384426
511.8094414922283
512.3208896626978
512.830387225253
513.3379341798936
513.8435305266198
514.3471762654316
514.848871396329
515.3486159193117
515.84640983438
516.342253141534
516.8361458407734
517.3280879320984
517.8180794155088
518.3061202910048
518.7922105585865
519.2763502182536
519.7585392700063
520.2387777138445
520.7170655497682
521.1934027777775
521.6677893978723
522.1402254100526
522.6107108143185
523.0792456106699
523.545829799107
524.0104633796294
524.4731463522374
524.9338787169311
525.3926604737101
525.8494916225748
526.3043721635249
526.7573020965607
527.2082814216819
527.6573101388888
528.1043882481811
528.5495157495589
528.9926926430225
529.4339189285713
529.8731946062059
530.3105196759259
530.7458941377314
531.1793179916225
531.6107912375992
532.0403138756612
532.467885905809
532.8935073280423
533.3171781423612
533.7388983487655
534.1586679472553
534.5764869378307
534.9923553204916
535.4062730952381
535.81824026207
536.2282568209877
536.6363227719908
537.0424381150794
537.4466028502536
537.8488169775133
538.2490804968586
538.6473934082893
539.0437557118056
539.4381674074075
539.8306284950949
540.2211389748679
540.6096988467264
540.9963081106704
541.3809667666999
541.763674814815
542.1444322550155
542.5232390873018
542.9000953116735
543.2750009281307
543.6479559366735
544.0189603373019
544.3880141300157
544.755117314815
545.1202698917
545.4834718606704
545.8447232217263
546.2040239748679
546.561374120095
546.9167736574076
547.2702225868059
547.6217209082895
547.9712686218588
548.3188657275135
548.6645122252538
549.0082081150796
549.3499533969909
549.6897480709879
550.0275921370703
550.3634855952384
550.6974284454919
551.029420687831
551.3594623222556
551.6875533487657
552.0136937673615
552.3378835780427
552.6601227808094
552.9804113756617
553.2987493625997
553.615136741623
553.9295735127318
554.2420596759263
554.5525952312063
554.8611801785718
555.1678145180229
555.4724982495594
555.7752313731816
556.0760138888893
556.3748457966825
556.6717270965612
556.9666577885256
557.2596378725754
557.5506673487107
557.8397462169316
558.1268744772381
558.41205212963
558.6952791741076
558.9765556106717
559.8443718362244
560.7149266203718
561.5882199631139
562.464251864451
563.3430223243827
564.2245313429091
565.1087789200302
565.9957650557461
566.8854897500566
567.777953002962
568.6731548144621
569.571095184557
570.4717741132465
571.3751916005308
572.2813476464098
573.1902422508836
574.1018754139521
575.0162471356153
575.9333574158733
576.853206254726
577.7757936521734
578.7011196082155
579.6291841228525
580.5599871960842
581.4935288279105
582.4298090183315
583.3688277673474
584.310585074958
585.2550809411633
586.2023153659634
587.1522883493581
588.1049998913477
589.0604499919318
590.0186386511109
590.9795658688846
591.943231645253
592.9096359802161
593.8787788737741
594.8506603259268
595.8252803366742
596.8026389060162
597.7827360339531
598.7655717204847
599.7511459656109
600.739458769332
601.7305101316479
602.7243000525584
603.7208285320637
604.7200955701637
605.7221011668584
606.7268453221478
607.734328036032
608.7445493085108
609.7575091395845
610.773207529253
611.7916444775161
612.8128199843741
613.8367340498266
614.863386673874
615.892777856516
616.9249075977528
617.9597758975844
618.9973827560107
620.0377281730316
621.0808121486473
622.1266346828578
623.175195775663
624.226495427063
625.2805336370577
626.337310405647
627.3968257328313
628.4590796186102
629.5240720629838
630.5918030659521
631.6622726275152
632.7354807476729
633.8114274264256
634.8901126637728
635.9715364597148
637.0556988142516
638.1425997273832
639.2322391991094
640.3246172294303
641.419733818346
642.5175889658565
643.6181826719617
644.7215149366616
645.8275857599563
646.9363951418454
648.0479430823295
649.1622295814084
650.279254639082
651.3990182553503
652.5215204302133
653.646761163671
654.7747404557235
655.9054583063709
657.0389147156129
658.1751096834496
659.3140432098808
660.9034599855995
662.5044815514125
664.1171079073188
665.7413390533188
667.3771749894122
669.0246157155993
670.6836612318798
672.3543115382545
674.0365666347225
675.7304265212838
677.4358911979389
679.1529606646877
680.8816349215299
682.6219139684658
684.3737978054955
686.137286432619
687.9123798498358
689.6990780571459
691.4973810545503
693.3072888420475
695.1288014196384
696.9619187873236
698.8066409451017
700.6629678929739
702.5308996309395
704.4104361589989
706.3015774771516
708.204323585398
710.1186744837378
712.0446301721718
713.9821906506986
715.9313559193192
717.8921259780341
719.8645008268418
721.8484804657437
723.8440648947385
725.8512541138275
727.8700481230098
729.9004469222859
731.9424505116554
733.996058891119
736.0612720606755
738.1380900203262
740.2265127700703
742.3265403099076
744.4381726398392
746.5614097598636
748.6962516699823
750.8426983701943
753.0007498605
755.1704061408991
757.3516672113924
759.5445330719785
761.7490037226589
763.9650791634326
766.1927593942996
768.4320444152604
770.682934226315
772.9454288274633
775.2195282187049
777.5052324000403
779.802541371469
782.1114551329915
784.4319736846078
786.7640970263178
789.1078251581207
791.4631580800178
793.8300957920083
796.208638294092
798.59878558627
801.0005376685413
803.4138945409063
805.8388562033647
808.2754226559173
810.7235938985627
813.1833699313024
815.654750754135
818.1377363670617
820.6323267700818
823.1385219631952
825.6563219464024
828.1857267197033
830.7267362830971
833.2793506365856
835.843569780167
838.419393713842
841.0068224376109
843.6058559514736
846.2164942554296
848.8387373494793
851.4725852336223
854.1180379078592
856.7750953721893
859.4437576266132
862.1240246711309
864.8158965057419
867.5193731304471
870.2344545452456
872.9611407501375
875.6994317451054
876.6529322978222
877.5824654578109
878.4880312250762
879.369629599616
880.2272605814287
881.060924170516
881.8706203668798
882.6563491705165
883.4181105814278
884.1559045996146
884.8697312250742
885.5595904578086
886.2254822978202
886.8674067451038
887.4853637996621
888.0793534614968
888.6493757306034
889.1954306069856
889.7175180906434
890.2156381815739
890.6897908797791
891.1399761852608
891.5661940980162
891.9684446180445
892.3467277453492
892.7010434799276
893.0313918217798
893.3377727709094
893.62018632731
893.8786324909861
894.0144032921726
894.1131112619387
894.2353049830026
894.3236226401632
894.4322392811109
894.5101666256633
894.6052061864902
894.6727432184389
894.7542056991479
894.8113524184873
894.8792378190774
894.9259942258104
894.9803025462843
895.01666864041
895.0573998807649
895.0811297896926
895.0833756622824
895.1105298225175
895.1261152914294
895.1396923715474
895.144887527852
896.1753240153148
897.2969859690375
898.4461156508614
899.6227130607867
900.8267781988125
902.0583110649422
903.3173116591706
904.6037799814994
905.9177160319314
907.2591198104628
908.6279913170947
910.0243305518297
911.4481375146652
912.899412205602
914.3781546246391
915.8843647717795
917.4180426470202
918.9791882503605
920.567801581803
922.1838826413468
923.8274314289911
925.4984479447376
927.1969321885827
928.9228841605309
930.6763038605804
932.4571912887332
934.2655464449836
936.1013693293371
937.9646599417902
939.8554182823445
941.7736443510003
943.7193381477573
945.6924996726157
947.6931289255754
949.7212259066364
951.7767906158006
953.8598230530624
955.9703232184256
958.108291111892
960.2737267334578
962.466630083125
964.6870011608935
966.9348399667633
969.2101465007345
971.5129207628052
973.8431627529808
976.2008724712559
978.5860499176306
980.9986950921084
984.4590532396287
987.9868887327139
991.582201571342
995.2449917555314
998.9752592852637
1002.7730041605464
1006.6382263813794
1010.5709259477662
1014.5711028597034
1018.6387571171872
1022.7738887202213
1026.976497668813
1031.2465839629476
1035.5841476026326
1039.9891885878715
1044.4617069186606
1049.001702595
1053.6091756168862
1058.2841259843262
1063.0265536973093
1067.8364587558572
1072.7138411599444
1077.6587009095856
1082.6710380047698
1087.7508524455188
1092.8981442318072
1098.1129133636496
1103.3951598410385
1108.7448836639887
1114.1620848324783
1119.6467633465218
1125.198919206112
1130.818552411256
1136.505662961954
1142.2602508581986
1148.0823160999898
1153.971858687335
1159.9288786202342
1165.95337589868
1172.0453505226724
1178.2048024922187
1184.431731807319
1190.7261384679623
1197.0880224741595
1203.5173838259034
1210.014222523212
1216.5785385660565
1223.210331954455
1229.9096026884
1236.6763507679025
1240.6759953434703
1244.6319572310458
1248.5442364308547
1252.4128329428859
1256.2377467671504
1260.0189779036446
1263.7565263523647
1267.4503921133073
1271.1005751864905
1274.7070755718996
1278.2698932695348
1281.789028279396
1285.2644806014869
1288.6962502358147
1292.0843371823648
1295.4287414411374
1298.7294630121469
1301.986501895386
1305.1998580908548
1308.3695315985424
1311.4955224184669
1314.5778305506174
1317.6164559950012
1320.611398751611
1323.5626588204432
1326.4702362015087
1329.3341308948075
1332.1543429003323
1334.9308722180795
1337.66371884806
1340.35288279027
1342.99836404471
1345.6001626113757
1348.1582784902712
1350.6727116813963
1353.1434621847511
1355.5705300003283
1357.9539151281424
1360.2936175681825
1362.5896373204523
1364.8419743849408
1367.05062876167
1369.215600450625
1371.3368894518098
1373.4144957652206
1375.4484193908575
1377.4386603287276
1379.3852185788273
1381.2880941411531
1383.147287015705
1385.648786713693
1388.1335052734103
1390.6014426948223
1393.0525989779198
1395.4869741227085
1397.9045681291864
1400.3053809973535
1402.689412727208
1405.0566633187555
1407.4071327719885
1409.7408210869144
1412.0577282635277
1414.3578543018302
1416.641199201822
1418.907762963503
1421.157545586877
1423.3905470719365
1425.606767418687
1427.806206627125
1429.9888646972558
1432.1547416290723
1434.3038374225816
1436.4361520777766
1438.5516855946644
1440.6504379732396
1445.3393693619582
1450.2120550082036
1455.2684949121904
1460.5086890738603
1465.9326374932425
1471.5403401703516
1477.3317971051583
1483.3070082976774
1489.4659737478796
1495.8086934558232
1502.3351674214791
1509.0453956448473
1515.9393781259132
1523.017114864706
1530.2786058611964
1537.7238511153992
1545.3528506273287
1553.165604396956
1561.1621124242956
1569.3423747093475
1577.7063912521116
1586.254162052588
1594.9856871107768
1603.9009664266632
1613.0000000002765
1648.9441721356707
1687.1229742454598
1727.536406329018
1770.1844683857635
1815.0671604159288
1862.184482419747
1911.5364343971014
1963.1230163477594
2016.9442282718373
2073.0000701696845
2131.2905420409516
2191.815643885522
2254.5753757037455
2319.5697374952724
2386.798729260452
2456.2623509990517
2527.9606027111877
2601.8934843967436
2678.060996055836
2756.463137688348
2837.0999092943966
2919.9713108739816
3005.07734242687
3092.4180039535277
3181.993295453256
3293.820506181568
3409.422138363123
3528.7981919997837
3651.948667090386
3778.8735636356287
3909.572881635744
4044.0466210904997
4182.29478199943
4324.317364362767
4470.114368180744
4619.685793453595
4773.031640181085
4930.15190836275
5091.046597998822
5255.715709089767
5424.159241635585
5596.377195635345
5772.369571089745
5952.136367998552
6135.6775863622315
6322.993226180784
6514.083287453279
6708.947770180181
6907.5866743617225
7109.999999998836
