411
493
141
141
6
2657
321
580
273
504
11
239
122
170
710
187
511
443
188
490
932
250
455
410
228
632
1309
556
464
392
743
250
1034
287
427
1064
517
151
250
6
228
10
633
590
319
718
192
281
134
774
479
7
19
812
168
4486
308
1203
11
79
789
2694
261
410
7
17
202
158
469
1293
282
8
403
207
329
12
19
133
150
21
2301
6
196
115
228
237
134
442
3
3672
1371
564
12
64
1478
233
148
2961
4
223
3865
242
1497
10
647
321
222
280
227
396
335
483
341
786
244
218
450
476
282
1198
101
505
228
131
333
1290
359
246
1579
104
777
12
1228
24
221
79
373
221
286
331
466
2225
26
19
559
340
125
1150
164
1295
330
854
233
100
726
673
435
804
270
402
12
575
163
293
13
622
262
455
288
3397
2276
325
171
646
148
14
416
402
149
288
1540
255
1324
6
159
636
815
4047
2750
139
430
218
341
445
412
356
389
10
616
379
14
312
752
19
6
143
296
1196
318
173
627
5
1182
268
297
537
270
415
450
455
366
516
98
315
5
1209
178
244
550
293
8
527
293
322
11
521
3976
1857
14
3316
1217
1378
2508
723
1528
394
8580
336
522
1311
795
152
2106
2503
354
23
225
2618
682
150
740
214
10
2460
1935
12
159
3386
262
252
983
13
815
522
177
922
586
18
517
9
7
7091
525
629
777
215
196
1848
269
346
1167
307
505
954
1786
1170
5
10484
313
1617
658
498
650
7
2412
296
25
518
500
129
15
1684
523
664
294
488
2820
11
1031
2608
892
882
190
125
95
161
2427
100
1943
174
2578
286
155
6
861
169
256
12
492
10
407
162
15
273
151
976
315
174
15
7
90
567
650
14
88
648
1044
501
109
182
607
363
6
456
370
251
192
245
240
699
795
162
738
172
227
238
210
694
76
1129
991
1255
176
7091
334
6
108
218
571
636
1866
1267
1124
7661
422
295
260
1257
128
419
1499
387
313
708
4
6
289
662
236
207
693
19
180
178
214
644
1391
361
104
205
391
781
8
14
21
9
901
249
282
252
1128
1380
87
500
501
12
503
318
5
13
23
286
412
870
260
12
15
14
304
887
21
177
164
144
3380
335
12
8359
13
222
565
505
385
1492
630
260
309
256
1054
8
228
34
246
185
1141
328
570
2355
223
8135
133
110
177
131
868
1081
527
369
945
27
1823
221
1078
1052
1163
589
5
1604
149
21
878
11
362
421
485
450
15
580
692
667
220
309
678
431
1875
1214
1043
414
806
811
512
532
1163
129
9
261
1161
424
989
520
467
13
8
512
216
11
314
426
755
4
593
44
321
512
8
402
882
363
454
935
1097
527
391
2126
391
324
4552
3430
4460
66
494
525
461
643
16
9172
12
16
9
432
121
7
165
83
311
326
163
166
141
292
501
21
8
501
415
7
7
428
1434
34
129
537
425
614
382
769
317
979
627
440
1443
2783
436
800
227
446
18
14
598
245
1907
256
353
317
420
21
1996
226
254
1666
247
8491
267
210
3099
11
10380
97
288
6
337
1254
149
230
270
392
119
315
163
203
7
188
278
1787
277
230
292
946
1149
6456
163
1195
492
212
1181
1138
1748
1143
570
6
131
125
627
282
616
297
313
9311
88
271
12
15
1694
3822
253
1068
2321
872
419
1342
4407
1601
1179
338
1718
1130
179
1239
1254
786
1350
7269
3463
12
