138.0
143.3315012251355
148.65244972708985
153.96284550586304
159.26268856145506
164.55197889386594
169.83071650309563
175.0989013891442
180.3565335520116
185.60361299169784
190.8401397082029
196.06611370152683
201.2815349716696
206.48640351863122
211.68071934241166
216.86448244301096
222.03769282042907
227.20035047466607
232.35245540572186
237.49400761359655
242.62500709829004
247.74545385980238
252.85534789813357
257.9546892132836
263.04347780525245
268.12171367404017
273.18939681964673
278.24652724207215
283.2931049413164
288.32912991737953
293.35460217026144
298.3695216999622
303.3738885064819
308.36770258982034
313.35096394997765
318.32367258695376
323.28582850074883
328.23743169136264
333.1784821587953
338.1089799030468
343.0289249241172
347.9383172220064
352.83715679671445
357.72544364824137
362.60317777658713
367.4703591817517
372.3269878637351
377.17306382253736
382.00858705815847
386.8335575705984
391.6479753598572
396.45184042593485
401.2451527688313
406.0279123885466
410.8001192850808
415.56177345843383
420.31287490860564
425.0534236355963
429.78341963940585
434.50286292003415
439.21175347748135
443.91009131174735
448.59787642283226
453.27510881073596
457.9417884754585
462.5979154169999
467.24348963536016
471.8785111305392
476.5029799025371
481.1168959513539
485.7202592769895
490.31306987944396
494.8953277587173
499.4670329148094
504.02818534772035
508.57878505745026
513.118832043999
517.6483263073663
522.1672678475527
526.6756566645579
531.1734927583819
535.6607761290248
540.1375067764866
544.6036847007672
549.0593099018665
553.5043823797847
557.9389021345219
562.3628691660778
566.7762834744526
571.1791450596462
575.5714539216586
579.9532100604899
584.3244134761401
588.6850641686091
593.0351621378969
597.3747073840036
601.7036999069292
606.0221397066734
610.3300267832367
614.6273611366187
618.9141427668195
623.1903716738392
627.456047857678
631.7111713183353
635.9557420558115
640.1897600701066
644.4132253612205
648.6261379291533
652.8284977739049
657.0203048954754
661.2015592938648
665.3722609690728
669.5324099210999
673.6820061499457
677.8210496556103
681.9495404380939
686.0674784973963
690.1748638335175
694.2716964464576
698.3579763362164
702.4337035027941
706.4988779461906
710.5534996664061
714.5975686634405
718.6310849372935
722.6540484879655
726.6664593154562
730.6683174197658
734.6596228008943
738.6403754588417
742.6105753936079
746.5702226051928
750.5193170935967
754.4578588588193
758.3858479008609
762.3032842197213
766.2101678154005
770.1064986878986
773.9922768372154
777.8675022633512
781.7321749663057
785.5862949460791
789.4298622026714
793.2628767360826
797.0853385463125
800.8972476333613
804.6986039972289
808.4894076379154
812.2696585554207
816.0393567497448
819.7985022208879
823.5470949688498
827.2851349936304
831.01262229523
834.7295568736483
838.4359387288855
842.1317678609416
845.8170442698165
849.4917679555103
853.1559389180229
856.8095571573543
860.4526226735046
864.0851354664737
867.7070955362616
871.3185028828685
874.9193575062941
878.5096594065386
882.0894085836019
885.6586050374841
889.2172487681851
892.7653397757049
896.3028780600437
899.8298636212012
903.3462964591777
906.8521765739729
910.3475039655868
913.8322786340198
917.3065005792715
920.7701698013423
924.2232863002316
927.6658500759399
931.097861128467
934.5193194578129
937.9302250639778
941.3305779469614
944.720378106764
948.0996255433853
951.4683202568255
954.8264622470845
958.1740515141623
961.5110880580589
964.8375718787745
968.1535029763089
971.4588813506623
974.7537070018342
978.0379799298252
981.3117001346351
984.5748676162635
987.827482374711
991.0695444099772
994.3010537220624
997.5220103109663
1000.7324141766892
1003.932265319231
1007.1215637385914
1010.3003094347707
1013.4685024077688
1016.626142657586
1019.7732301842217
1022.9097649876766
1026.03574706795
1029.1511764250424
1032.2560530589537
1035.3503769696838
1038.4341481572328
1041.5073666216003
1044.570032362787
1047.6221453807927
1050.6637056756167
1053.69471324726
1056.715168095722
1059.7250702210029
1062.7244196231024
1065.713216302021
1068.6914602577585
1071.6591514903146
1074.6162899996896
1077.5628757858835
1080.498908848896
1083.4243891887277
1086.3393168053783
1089.2436916988474
1092.1375138691355
1095.0207833162424
1097.8935000401682
1100.7556640409127
1103.6072753184762
1106.4483338728587
1109.2788397040597
1112.0987928120799
1114.9081931969185
1117.7070408585764
1120.4953357970526
1123.2730780123482
1126.0402675044625
1128.7969042733953
1131.5429883191473
1134.278519641718
1137.0034982411075
1139.7179241173158
1142.4217972703432
1145.1151177001893
1147.7978854068542
1150.470100390338
1153.1317626506407
1155.7828721877622
1158.4234290017023
1161.0534330924615
1163.6728844600398
1166.2817831044365
1168.8801290256522
1171.4679222236866
1174.04516269854
1176.6118504502122
1179.1679854787033
1181.7135677840133
1184.248597366142
1186.7730742250897
1189.2869983608557
1191.7903697734412
1194.2831884628451
1196.765454429068
1199.23716767211
1201.6983281919706
1204.14893598865
1206.5889910621484
1209.0184934124657
1211.4374430396015
1213.8458399435563
1216.2436841243302
1218.6309755819225
1221.007714316334
1223.3739003275641
1225.7295336156133
1228.0746141804811
1230.409142022168
1232.7331171406736
1235.046539535998
1237.3494092081412
1239.6417261571032
1241.9234903828842
1244.194701885484
1246.4553606649026
1248.7054667211403
1250.9450200541964
1253.1740206640716
1255.3924685507657
1257.6003637142785
1259.79770615461
1261.9844958717608
1264.1607328657303
1266.3264171365183
1268.4815486841255
1270.6261275085512
1272.7601536097961
1274.8836269878595
1276.9965476427421
1279.0989155744435
1281.1907307829636
1283.2719932683026
1285.3427030304601
1287.4028600694369
1289.4524643852324
1291.4915159778466
1293.52001484728
1295.537960993532
1297.545354416603
1299.5421951164924
1301.528483093201
1303.5042183467283
1305.4694008770748
1307.4240306842398
1309.3681077682236
1311.3016321290265
1313.2246037666478
1315.1370226810884
1317.0388888723478
1318.9302023404257
1320.8109630853228
1322.6811711070386
1324.5408264055732
1326.3899289809267
1328.2284788330992
1330.0564759620902
1331.8739203679002
1333.6808120505293
1335.4771510099768
1337.2629372462434
1339.0381707593288
1340.802851549233
1342.5569796159562
1344.300554959498
1346.033577579859
1347.7560474770385
1349.467964651037
1351.1693291018541
1352.8601408294903
1354.5403998339452
1356.210106115219
1357.8692596733117
1359.5178605082233
1361.1559086199536
1362.7834040085027
1364.400346673871
1366.0067366160574
1367.6025738350636
1369.187858330888
1370.7625901035312
1372.3267691529936
1373.8803954792747
1375.4234690823746
1376.9559899622932
1378.477958119031
1379.9893735525875
1381.4902362629628
1382.980546250157
1384.46030351417
1385.9295080550019
1387.3881598726523
1388.836258967122
1390.2738053384103
1391.7007989865174
1393.1172399114434
1394.5231281131882
1395.9184635917522
1397.3032463471345
1398.677476379336
1400.0411536883564
1401.3942782741954
1402.7368501368533
1404.0688692763301
1405.3903356926257
1406.70124938574
1408.0016103556736
1409.2914186024254
1410.570674125997
1411.8393769263866
1413.0975270035951
1414.3451243576224
1415.5821689884692
1416.8086608961344
1418.024600080618
1419.2299865419213
1420.424820280043
1421.6091012949832
1422.7828295867425
1423.9460051553212
1425.0986280007182
1426.2406981229342
1427.3722155219693
1428.4931801978228
1429.603592150495
1430.703451379986
1431.7927578862966
1432.8715116694257
1433.9397127293732
1434.9973610661402
1436.0444566797255
1437.0809995701297
1438.106989737353
1439.1224271813953
1440.127311902256
1441.1216438999356
1442.1054231744347
1443.0786497257518
1444.041323553888
1444.9934446588431
1445.9350130406172
1446.86602869921
1447.7864916346216
1448.696401846852
1449.5957593359014
1450.4845641017696
1451.3628161444562
1452.2305154639625
1453.0876620602871
1453.9342559334304
1454.7702970833932
1455.5957855101742
1456.4107212137742
1457.215104194193
1458.0089344514308
1458.7922119854875
1459.5649367963629
1460.3271088840575
1461.0787282485703
1461.8197948899021
1462.5503088080527
1463.270270003023
1463.9796784748112
1464.6785342234184
1465.3668372488448
1466.0445875510898
1466.7117851301534
1467.368429986036
1468.014522118738
1468.650061528258
1469.2750482145973
1469.8894821777556
1470.4933634177323
1471.0866919345278
1471.6694677281425
1472.2416907985762
1472.8033611458281
1473.3544787698995
1473.8950436707896
1474.4250558484982
1474.9445153030258
1475.4534220343721
1475.9517760425379
1476.4395773275219
1476.9168258893249
1477.3835217279468
1477.8396648433877
1478.285255235647
1478.720292904725
1479.1447778506229
1479.5587100733387
1479.9620895728733
1480.3549163492276
1480.7371904024
1481.1089117323913
1481.4700803392016
1481.820696222831
1482.1607593832787
1482.4902698205456
1482.8092275346314
1483.1176325255358
1483.415484793259
1483.7027843378012
1483.9795311591624
1484.2457252573422
1484.5013666323407
1484.7464552841586
1484.980991212795
1485.20497441825
1485.418404900524
1485.6212826596172
1485.8136076955288
1485.9953800082592
1486.1665995978092
1486.3272664641772
1486.4773806073642
1486.6169420273702
1486.7459507241954
1486.8644066978388
1486.9723099483012
1487.0696604755829
1487.156458279683
1487.232703360602
1487.2983957183396
1489.209485127063
1491.124810257022
1493.0443711082155
1494.9681676806435
1496.8961999743062
1498.828467989203
1500.7649717253348
1502.705711182701
1504.6506863613017
1506.5998972611367
1508.5533438822065
1510.5110262245107
1512.4729442880493
1514.4390980728226
1516.4094875788305
1518.3841128060726
1520.3629737545496
1522.3460704242607
1524.3334028152067
1526.324970927387
1528.320774760802
1530.3208143154513
1532.3250895913354
1534.333600588454
1536.3463473068068
1538.3633297463944
1540.3845479072163
1542.4100017892729
1544.4396913925639
1546.4736167170895
1548.5117777628498
1550.5541745298442
1552.6008070180735
1554.6516752275372
1556.7067791582353
1558.766118810168
1560.8296941833353
1562.8975052777373
1564.9695520933735
1567.0458346302444
1569.1263528883496
1571.2111068676895
1573.300096568264
1575.3933219900728
1577.4907831331163
1579.592479997394
1581.6984125829067
1583.8085808896537
1585.9229849176352
1588.0416246668512
1590.1645001373017
1592.291611328987
1594.4229582419066
1596.5585408760605
1598.6983592314493
1600.8424133080723
1602.9907031059302
1605.1432286250224
1607.299989865349
1609.4609868269104
1611.626219509706
1613.7956879137364
1615.9693920390014
1618.1473318855005
1620.3295074532343
1622.5159187422028
1624.7065657524058
1626.901448483843
1629.1005669365152
1631.3039211104215
1633.5115110055626
1635.7233366219382
1637.9393979595484
1640.1596950183928
1642.3842277984718
1644.6129962997854
1646.8460005223337
1649.0832404661164
1651.3247161311333
1653.570427517385
1655.8203746248714
1658.074557453592
1660.3329760035474
1662.595630274737
1664.8625202671615
1667.1336459808203
1669.4090074157134
1671.6886045718416
1673.9724374492039
1676.2605060478008
1678.5528103676322
1680.8493504086982
1683.1501261709986
1685.4551376545335
1687.7643848593032
1690.0778677853073
1692.3955864325458
1694.717540801019
1697.0437308907262
1699.3741567016687
1701.7647709216094
1704.1607288367986
1706.5620304472377
1708.968675752926
1711.380664753864
1713.7979974500518
1716.2206738414889
1718.6486939281758
1721.0820577101124
1723.5207651872986
1725.9648163597344
1728.4142112274199
1730.868949790355
1733.3290320485394
1735.794458001974
1738.2652276506578
1740.7413409945914
1743.2227980337748
1745.7095987682076
1748.20174319789
1750.699231322822
1753.2020631430037
1755.7102386584352
1758.223757869116
1760.7426207750466
1763.266827376227
1765.796377672657
1768.3312716643363
1770.8715093512653
1773.4170907334442
1775.9680158108727
1778.5242845835505
1781.0858970514782
1783.6528532146554
1786.2251530730823
1788.8027966267587
1791.3857838756849
1793.9741148198607
1796.5677894592864
1799.1668077939612
1801.7711698238859
1804.38087554906
1806.995924969484
1809.6163180851577
1812.2420548960804
1814.8731354022536
1817.509559603676
1820.151327500348
1822.7984390922697
1825.450894379441
1828.108693361862
1830.7718360395324
1833.4403224124526
1836.1141524806226
1838.793326244042
1841.4778437027112
1844.1677048566298
1846.8629097057978
1849.5634582502162
1852.2693504898837
1854.980586424801
1857.697166054968
1860.4190893803843
1863.1463564010503
1865.8789671169661
1868.6169215281316
1871.3602196345466
1874.108861436211
1876.8628469331256
1879.6221761252891
1882.386849012703
1885.1568655953658
1887.9322258732786
1890.712929846441
1893.4989775148533
1896.2903688785148
1899.087103937426
1901.889182691587
1904.6966051409977
1907.5093712856576
1910.3274811255676
1913.1509346607272
1915.979731891136
1918.8138728167946
1921.6533574377029
1924.4981857538608
1927.3483577652682
1930.2038734719258
1933.0647328738326
1935.930935970989
1938.802482763395
1941.679373251051
1944.5616074339562
1947.449185312111
1950.342106885516
1953.24037215417
1956.1439811180735
1959.0529337772273
1961.9672301316302
1964.886870181283
1967.1924201181046
1969.4910477342023
1971.7827530295476
1974.0675360041423
1976.3453966579846
1978.6163349910767
1980.8803510034163
1983.1374446950053
1985.387616065842
1987.630865115928
1989.867191845262
1992.0965962538453
1994.3190783416758
1996.5346381087566
1998.7432755550844
2000.9449906806622
2003.139783485487
2005.3276539695607
2007.5086021328843
2009.682627975455
2011.8497314972756
2014.0099126983432
2016.1631715786607
2018.3095081382262
2020.4489223770406
2022.581414295103
2024.7069838924144
2026.8256311689738
2028.937356124783
2031.0421587598394
2033.1400390741455
2035.2309970676988
2037.315032740502
2039.392146092553
2041.462337123853
2043.5256058344012
2045.5819522241982
2047.6313762932432
2049.673878041537
2051.70945746908
2053.738114575871
2055.7598493619107
2057.7746618271985
2059.782551971736
2061.783519795521
2063.7775652985556
2065.7646884808373
2067.744889342369
2069.7181678831485
2071.684524103177
2075.150936273989
2078.6695233113114
2082.2402852150026
2085.8632219850697
2089.538333621502
2093.2656201243117
2097.0450814934975
2100.876717729052
2104.7605288309805
2108.696514799285
2112.68467563396
2116.7250113350055
2120.817521902429
2124.962207336217
2129.159067636383
2133.408102802925
2137.7093128358356
2142.0626977351203
2146.468257500779
2150.9259921328103
2155.435901631212
2159.9979859959913
2164.6122452271393
2169.278679324656
2173.997288288554
2178.768072118821
2183.59103081546
2188.4661643784766
2193.393472807862
2198.3729561036234
2203.4046142657535
2208.4884472942576
2213.624455189134
2218.8126379503847
2224.0529955780075
2229.3455280720063
2234.690235432374
2240.0871176591154
2245.536174752233
2251.037406711719
2256.5908135375794
2262.196395229812
2267.854151788415
2273.564083213394
2279.326189504751
2285.1404706624744
2291.006926686572
2296.925557577044
2302.8963633338863
2308.9193439571027
2315.208955243819
2321.5591514281114
2327.96993251003
2334.4412984895826
2340.9732493667652
2347.5657851415817
2354.2189058140248
2360.9326113840943
2367.7069018518014
2374.5417772171386
2381.437237480106
2388.3932826407035
2395.4099126989313
2402.487127654782
2409.6249275082737
2416.823312259392
2424.082281908144
2431.4018364545263
2438.781975898528
2446.222700240174
2453.724009479447
2461.28590361635
2468.908382650883
2476.591446583043
2484.3350954128364
2492.1393291402637
2500.0041477653212
2507.9295512880053
2515.915539708327
2523.962113026264
2532.069271241846
2540.2370143550543
2548.465342365893
2556.7542552743653
2565.103753080457
2573.5138357841897
2581.9845033855527
2590.515755884542
2599.107593281169
2607.760015575419
2616.473022767299
2625.246614856813
2634.0807918439605
2642.9755537287347
2651.930900511139
2660.9468321911736
2670.0233487688383
2679.1604502441405
2688.3581366170656
2697.6164078876245
2708.751188322589
2720.0177663711947
2731.416142033755
2742.946315310277
2754.608286200768
2766.4020547052205
2778.327620823635
2790.3849845560035
2802.574145902341
2814.8951048626404
2827.347861436894
2839.932415625124
2852.6487674273085
2865.4969168434473
2878.476863873555
2891.588608517646
2904.8321507756773
2918.20749064767
2931.7146281336245
2945.353563233548
2959.1242959474184
2973.026826275265
2987.0611542170736
3001.2272797728365
3015.525202942561
3029.9549237262545
3044.5164421239097
3059.209758135519
3074.0348717610977
3088.991783000638
3104.0804918541326
3119.3009983216107
3134.653302403036
3150.137404098423
3165.7533034077715
3181.5010003310817
3197.3804948683464
3213.3917870195874
3229.5348767847827
3245.809764163947
3262.2164491570584
3278.754931764146
3295.425211985188
3312.227289820192
3329.1611652691645
3346.226838332099
3363.4243090089803
3380.753577299838
3398.214643204672
3415.807506723453
3447.0412215758115
3478.936500854732
3511.493344560149
3544.7117526921793
3578.591725250648
3613.133262235613
3648.336363647075
3684.2010294850916
3720.7272597494884
3757.91505444044
3795.7644135579467
3834.2753371018916
3873.4478250723914
3913.2818774693296
3953.7774942928227
3994.934675542754
4036.753421219182
4079.233731322165
4122.375605851645
4166.179044807679
4210.644048190152
4255.770615999121
4301.558748234587
4348.008444896492
4395.119705985009
4476.283711542841
4560.6778338367585
4648.302072867751
4739.15642863675
4833.240901142824
4930.555490385741
5031.100196366664
5134.875019084662
5241.879958540434
5352.115014733281
5465.580187663203
5582.275477331132
5702.200883736135
5825.35640687868
5951.7420467585325
6081.35780337546
6214.203676730394
6350.279666821938
6489.585773651488
6632.121997217881
6777.8883375222795
6926.884794563986
7079.111368342536
7234.568058858858
7393.254866111092
7563.805910294643
7738.251234307187
7916.590838148724
8098.824721819954
8284.952885319712
8474.975328648463
8668.892051806673
8866.703054793878
9068.408337610541
9274.007900255965
9483.501742730383
9696.889865033794
9914.172267166665
10135.348949128529
10360.419910919853
10589.385152539937
10822.244673989015
11058.998475267319
11299.646556374617
11544.188917311141
11792.625558077125
12044.95647867187
12301.181679095607
12561.301159348339
12825.314919425175
13452.807122122496
14111.853924870491
14802.455327654257
15524.611330484971
16278.32193336077
17063.58713627979
17880.40693923831
18728.7813422475
19608.710345292464
20520.19394838251
21463.232151519507
22437.824954699725
23443.972357923165
24481.674361187965
25550.930964501575
26651.74216785282
27784.10797125101
28948.028374694288
30143.5033781752
31370.53298170492
32629.117185277864
33919.25598889403
35240.94939254969
36594.19739625603
