1.0
2.284342298465974
3.56704924449723
4.848120838093769
6.12755707925559
7.4053579679826935
8.681523504275079
9.956053688132746
11.228948519555699
12.500207998543932
13.769832125097446
15.037820899216245
16.304174320900323
17.56889239014969
18.831975106964332
20.09342247134426
21.353234483289473
22.611411142799966
23.867952449875744
25.122858404516805
26.376129006723144
27.62776425649477
28.877764153831674
30.12612869873386
31.372857891201335
32.617951731234086
33.86141021883213
35.10323335399544
36.34342113672405
37.581973567017926
38.81889064487709
40.054172370301536
41.28781874329126
42.51982976384626
43.750205431966556
44.97894574765213
46.206050710902986
47.43152032171913
48.65535458010055
49.877553486047255
51.098117039559234
52.3170452406365
53.53433808927905
54.74999558548689
55.96401772926001
57.1764045205984
58.38715595950209
59.59627204597104
60.80375278000529
62.00959816160482
63.213808190769626
64.41638286749972
65.6173221917951
66.81662616365576
68.0142947830817
69.21032805007292
70.40472596462942
71.5974885267512
72.78861573643827
73.97810759369064
75.16596409850828
76.35218525089121
77.5367710508394
78.7197214983529
79.90103659343167
81.08071633607572
82.25876072628506
83.43516976405968
84.60994344939958
85.78308178230476
86.95458476277523
88.12445239081097
89.29268466641201
90.45928158957832
91.62424316030992
92.78756937860679
93.94926024446896
95.1093157578964
96.26773591888913
97.42452072744713
98.57967018357041
99.733184287259
100.88506303851285
102.03530643733198
103.1839144837164
104.33088717766611
105.47622451918109
106.61992650826136
107.76199314490691
108.90242442911773
110.04122036089385
111.17838094023524
112.31390616714192
113.44779604161388
114.58005056365113
115.71066973325365
116.83965355042146
117.96700201515455
119.09271512745293
120.21679288731659
121.33923529474554
122.46004234973974
123.57921405229926
124.69675040242403
125.8126514001141
126.92691704536945
128.0395473381901
129.15054227857598
130.2599018665272
131.36762610204366
132.47371498512544
133.57816851577246
134.68098669398478
135.78216951976242
136.8817169931053
137.97962911401345
139.07590588248692
140.17054729852563
141.26355336212967
142.35492407329897
143.44465943203357
144.53275943833341
145.61922409219858
146.704053393629
147.78724734262474
148.8688059391857
149.94872918331203
151.02701707500356
152.1036696142604
153.17868680108253
154.25206863546995
155.32381511742264
156.39392624694062
157.46240202402387
158.52924244867242
159.59444752088623
160.65801724066534
161.71995160800972
162.7802506229194
163.83891428539434
164.89594259543458
165.95133555304008
167.0050931582109
168.05721541094698
169.10770231124835
170.15655385911498
171.2037700545469
172.2493508975441
173.29329638810663
174.3356065262344
175.37628131192747
176.4153207451858
177.45272482600942
178.4884935543983
179.52262693035252
180.55512495387197
181.58598762495674
182.61521494360676
183.64280690982207
184.66876352360268
185.69308478494855
186.71577069385972
187.73682125033616
188.7562364543779
189.7740163059849
190.7901608051572
191.8046699518948
192.81754374619763
193.8287821880658
194.83838527749919
195.8463530144979
196.8526853990619
197.85738243119118
198.8604441108857
199.86187043814556
200.86166141297068
201.8598170353611
202.85633730531674
203.85122222283772
204.84447178792396
205.8360860005755
206.82606486079231
207.81440836857442
208.80111652392176
209.78618932683446
210.76962677731237
211.7514288753556
212.7315956209641
213.7101270141379
214.68702305487696
215.66228374318132
216.63590907905095
217.6078990624859
218.57825369348606
219.54697297205158
220.51405689818233
221.47950547187838
222.4433186931397
223.40549656196634
224.3660390783582
225.3249462423154
226.28221805383785
227.23785451292557
228.19185561957863
229.14422137379694
230.0949517755805
231.04404682492935
231.99150652184358
232.93733086632298
233.88151985836768
234.82407349797768
235.764991785153
236.70427471989356
237.6419223021994
238.57793453207051
239.51231140950696
240.44505293450865
241.3761591070756
242.30562992720786
243.2334653949054
244.15966551016825
245.08423027299636
246.00715968338972
246.9284537413484
247.8481124468724
248.7661357999616
249.6825238006161
250.5972764488359
251.510393744621
252.42187568797138
253.331722278887
254.23993351736794
255.1465094034142
256.05144993702567
256.95475511820246
257.85642494694446
258.7564594232519
259.6548585471245
260.5516223185624
261.44675073756554
262.34024380413405
263.2321015182678
264.12232387996687
265.0109108892311
265.89786254606076
266.78317885045567
267.66685980241584
268.5489054019412
269.42931564903205
270.308090543688
271.1852300859093
272.0607342756959
272.9346031130478
273.8068365979649
274.6774347304473
275.546397510495
276.41372493810803
277.2794170132863
278.1434737360299
279.0058951063387
279.86668112421285
280.72583178965226
281.5833471026569
282.43922706322684
283.29347167136217
284.1460809270627
284.99705483032847
285.84639338115954
286.694096579556
287.5401644255176
288.38459691904455
289.22739406013676
290.06855584879435
290.90808228501714
291.74597336880515
292.58222910015854
293.4168494790772
294.2498345055611
295.0811841796103
295.9108985012248
296.7389774704046
297.5654210871496
298.39022935145994
299.2134022633355
300.0349398227765
300.8548420297826
301.67310888435406
302.48974038649084
303.3047365361929
304.1180973334602
304.92982277829276
305.73991287069066
306.5483676106538
307.35518699818226
308.16037103327596
308.963919715935
309.7658330461593
310.56611102394885
311.3647536493037
312.16176092222383
312.95713284270926
313.75086941075995
314.5429706263759
315.3334364895572
316.1222670003038
316.9094621586156
317.6950219644927
318.47894641793505
319.2612355189428
320.0418892675157
320.82090766365394
321.5982907073575
322.37403839862634
323.14815073746036
323.92062772385975
324.6914693578244
325.46067563935435
326.22824656844955
326.9941821451101
327.7584823693358
328.5211472411269
329.28217676048325
330.0415709274049
330.79932974189177
331.555453203944
332.30994131356147
333.06279407074425
333.81401147549224
334.5635935278056
335.3115402276842
336.0578515751281
336.8025275701373
337.5455682127117
338.2869735028515
339.02674344055646
339.76487802582676
340.5013772586624
341.2362411390632
341.9694696670294
342.70106284256076
343.43102066565757
344.15934313631954
344.88603025454677
345.6110820203393
346.33449843369715
347.0562794946203
347.7764252031087
348.4949355591624
349.21181056278135
349.9270502139657
350.6406545127152
351.35262345903
352.06295705291006
352.77165529435547
353.47871818336614
354.1841457199421
354.8879379040833
355.5900947357899
356.2906162150616
356.9895023418987
357.6867531163011
358.38236853826874
359.07634860780166
359.76869332489986
360.4594026895633
361.14847670179216
361.8359153615862
362.5217186689455
363.20588662387013
363.88841922636004
364.5693164764152
365.2485783740357
365.9262049192214
366.6021961119725
367.2765519522888
367.9492724401704
368.6203575756173
369.28980735862945
369.9576217892069
370.6238008673496
371.2883445930576
371.9512529663309
372.6125259871695
373.2721636555733
373.93016597154246
374.5865329350769
375.2412645461766
375.89436080484154
376.5458217110718
377.19564726486743
377.84383746622825
378.49039231515434
379.13531181164575
379.7785959557025
380.42024474732443
381.06025818651165
381.6986362732641
382.335379007582
382.97048638946507
383.6039584189134
384.2357950959271
384.865996420506
385.4945623926502
386.1214930123598
386.7467882796346
387.37044819447465
387.99247275688003
388.6128619668506
389.2316158243865
389.8487343294877
390.46421748215414
391.07806528238604
391.6902777301831
392.30085482554534
392.909796568473
393.51710295896584
394.122773997024
394.72680968264746
395.32921001583617
395.9299749965903
396.52910462490956
397.1265989007942
397.72245782424403
398.31668139525914
398.90926961383957
399.50022247998527
400.08953999369623
400.67722215497264
401.2632689638142
401.847680420221
402.4304565241931
403.01159727573054
403.5911026748332
404.1689727215012
404.7452074157344
405.31980675753306
405.8927707468969
406.464099383826
407.03379266832036
407.60185060038
408.1682731800049
408.7330604071952
409.29621228195066
409.8577288042716
410.41760997415764
410.975855791609
411.53246625662564
412.08744136920757
412.64078112935476
413.1924855370672
413.74255459234496
414.29098829518813
414.83778664559645
415.38294964357
415.9264772891089
416.46836958221303
417.00862652288254
417.54724811111714
418.08423434691724
418.6195852302826
419.15330076121313
419.68538093970903
420.2158257657701
420.74463523939653
421.27180936058824
421.7973481293452
422.32125154566745
422.8435196095551
423.36415232100796
423.883149680026
424.40051168660943
424.916238340758
425.4303296424721
425.94278559175126
426.4536061885958
426.9627914330056
427.4703413249807
427.9762558645212
428.48053505162676
428.98317888629776
429.4841873685339
429.98356049833546
430.4812982757022
430.97740070063435
431.47186777313163
431.9646994931943
432.4558958608223
432.94545687601544
433.43338253877397
433.91967284909765
434.40432780698677
434.88734741244104
435.3687316654607
435.8484805660455
436.3265941141958
436.8030723099113
437.277915153192
437.7511226440381
438.22269478244937
438.69263156842595
439.1609330019678
439.7578049969628
440.35407913684577
440.94975542161586
441.544833851273
442.13931442581725
442.7331971452486
443.3264820095671
443.91916901877266
444.5112581728653
445.1027494718451
445.69364291571196
446.28393850446594
446.8736362381071
447.46273611663526
448.0512381400506
448.63914230835303
449.2264486215425
449.81315707961915
450.39926768258283
450.9847804304337
451.5696953231716
452.1540123607966
452.73773154330877
453.32085287070805
453.90337634299436
454.4853019601678
455.06662972222836
455.6473596291761
456.22749168101086
456.8070258777327
457.38596221934176
457.9643007058378
458.542041337221
459.11918411349126
459.6957290346487
460.2716761006932
460.8470253116248
461.42177666744345
461.9959301681493
462.5694858137422
463.14244360422225
463.7148035395894
464.2865656198436
464.857729844985
465.4282962150134
465.99826472992896
466.5676353897316
467.1364081944214
467.7045831439982
468.2721602384622
468.83913947781326
469.40552086205145
469.9713043911767
470.5364900651891
471.1010778840886
471.6650678478752
472.22845995654893
472.79125421010974
473.35345060855764
473.9150491518926
474.4760498401148
475.03645267322395
475.59625765122036
476.15546477410373
476.7140740418743
477.2720854545319
477.82949901207667
478.38631471450856
478.9425325618275
479.4981525540336
480.05317469112674
480.607598973107
481.16142539997435
481.71465397172886
482.2672846883705
482.8193175498991
483.3707525563149
483.92158970761784
484.4718290038079
485.02147044488487
485.57051403084915
486.11895976170047
486.6668076374389
487.21405765806446
487.76070982357703
488.3067641339768
488.85222058926365
489.3970791894376
489.94133993449856
490.4850028244468
491.02806785928203
491.5705350390044
492.11240436361385
492.6536758331104
493.1943494474941
493.73442520676497
494.27390311092284
494.81278315996775
495.3510653538999
495.8887496927191
496.87208640151175
497.8636618933108
498.8634761681169
499.8715292259308
500.88782106675217
501.91235169058154
502.9451210974182
503.98612928726243
505.03537626011416
506.0928620159734
507.15858655484044
508.232549876715
509.3147519815975
510.40519286948734
511.5038725403847
512.6107909942896
513.7259482312024
514.8493442511226
515.9809790540505
517.1208526399857
518.268965008929
519.4253161608792
520.5899060958373
521.7627348138033
522.9438023147766
524.1331085987576
525.330653665746
526.5364375157426
527.7504601487462
528.9727215647576
530.2032217637768
531.4419607458033
532.6889385108373
533.9441550588786
535.2076103899283
536.4793045039851
537.7592374010496
539.0474090811217
540.3438195442016
541.6484687902889
542.9613568193838
544.2824836314865
545.6118492265966
546.9494536047141
548.2952967658396
549.6493787099721
551.0116994371126
552.3822589472607
553.7610572404167
555.1480943165798
556.5433701757506
557.946884817929
559.3586382431154
560.778630451309
562.2068614425102
563.6433312167189
565.0880397739356
566.5409871141592
568.0021732373907
569.4715981436302
570.949261832877
572.4351643051314
573.9293055603935
575.4316855986633
576.9423044199405
578.4611620242251
579.9882584115178
581.5235935818177
583.0671675351252
584.61898027144
586.179031790763
587.7473220930933
589.3238511784311
590.9086190467767
592.5016256981303
594.1028711324909
595.7123553498593
597.3300783502355
598.9560401336189
600.5902407000101
602.2326800494086
603.8833581818149
605.5422750972286
607.2094307956502
608.8848252770795
610.5684585415163
612.2603305889604
613.9604414194123
615.6687910328722
617.3853794293391
619.1102066088138
620.843272571296
622.5845773167862
624.3341208452832
626.0919031567882
627.857924251301
629.6321841288213
631.4146827893492
633.2054202328845
635.0043964594279
636.7688024200622
638.5405994597722
640.3197875785506
642.1063667763981
643.9003370533139
645.7016984092986
647.5104508443526
649.3265943584752
651.1501289516666
652.9810546239266
654.8193713752553
656.665079205653
658.5181781151193
660.3786681036547
662.2465491712585
664.1218213179311
666.0044845436728
667.8945388484831
669.7919842323624
671.6968206953106
673.609048237327
675.5286668584129
677.4556765585669
679.3900773377898
681.3318691960819
683.2810521334425
685.2376261498721
687.2015912453701
689.1729474199374
691.1516946735735
693.137833006278
695.1313624180516
697.1322829088936
699.1405944788044
701.1562971277845
703.1793908558327
705.2098756629503
707.2477515491364
709.2930185143912
711.3456765587155
713.4057256821079
715.473165884569
717.5479971660993
719.6302195266978
721.7198329663656
723.816837485102
725.9212330829073
728.0330197597814
730.1521975157243
732.2787663507365
734.4408705759756
736.6114695787392
738.7905633590472
740.9781519169005
743.1742352522988
745.3788133652411
747.5918862557287
749.8134539237608
752.0435163693378
754.2820735924597
756.5291255931265
758.7846723713383
761.0487139270949
763.3212502603956
765.6022813712416
767.8918072596325
770.1898279255679
772.4963433690486
774.8113535900734
777.1348585886435
779.4668583647581
781.8073529184176
784.156342249622
786.5138263583713
788.8798052446646
791.2542789085037
793.6372473498873
796.0287105688158
798.4286685652887
800.8371213393066
803.2540688908693
805.679511219977
808.1134483266296
810.5558802108267
813.0068068725686
815.4662283118555
817.9341445286868
820.4105555230631
822.8954612949842
825.3888618444503
827.8907571714608
830.4011472760162
832.920032158117
835.4474118177623
837.983286254952
840.5276554696866
843.0805194619661
845.641878231791
848.2117317791599
850.7900801040741
853.5512744884809
856.3278009556752
859.1196595055926
861.9268501382312
864.749372853591
867.587227651673
870.4404145324761
873.3089334960023
876.1927845422497
879.0919676712201
882.00648288291
884.9363301773228
887.8815095544587
890.8420210143149
893.8178645568942
896.8090401821946
899.8155478902154
902.8373876809601
905.874559554426
908.9270635106132
911.9948995495233
915.0780676711547
918.1765678755073
921.290400162582
924.4195645323789
927.5640609848979
930.7238895201381
933.8990501381004
937.0895428387839
940.2953676221896
943.5165244883183
946.7530134371682
950.0048344687393
953.2719875830326
956.554472780047
959.8522900597845
963.1654394222433
966.4939208674232
969.8377343953271
973.1968800059494
976.5713576992966
979.9611674753642
983.3663093341538
986.7867832756665
990.2225892998986
993.6737274068537
997.1401975965309
1000.6219998689303
1004.1191342240509
1007.6316006618936
1011.4959124503475
1015.3887529202439
1019.3101220716035
1023.2600199044264
1027.238446418709
1031.245401614453
1035.280885491662
1039.3448980503326
1043.437439290461
1047.5585092120564
1051.7081078151114
1055.8862350996296
1060.0928910656075
1064.3280757130487
1068.5917890419532
1072.8840310523192
1077.204801744143
1081.5541011174319
1085.931929172184
1090.338285908394
1094.7731713260691
1099.2365854252075
1103.7285282058056
1108.2489996678614
1112.7979998113842
1117.3755286363703
1121.981586142816
1126.6161723307214
1131.2792872000919
1135.9709307509256
1140.691102983219
1145.439803896972
1150.2170334921902
1155.0227917688699
1159.8570787270091
1164.7198943666135
1169.6112386876794
1174.5311116902067
1179.4795133741936
1184.4564437396439
1189.4619027865592
1194.4958905149324
1199.5584069247652
1204.649452016065
1209.7690257888262
1214.9171282430489
1220.0937593787312
1225.2989191958786
1230.5326076944875
1235.7948248745543
1242.7356075727803
1249.769626279609
1256.89688099482
1264.1173717184429
1271.4310984504482
1278.8380611908578
1286.3382599396791
1293.9316946968975
1301.6183654624983
1309.3982722365108
1317.271415018913
1325.237793809727
1333.2974086089234
1341.4502594165315
1349.6963462325439
1358.0356690569315
1366.468227889738
1374.9940227309344
1383.613053580535
1392.3253204385255
1401.1308233049276
1410.0295621797268
1419.0215370629085
1428.106747954509
1437.2851948544921
1456.7437458221684
1477.079138033674
1498.291371489002
1520.3804461880354
1543.3463621307164
1567.1891193172196
1591.9087177474285
1617.5051574214594
1643.978438339138
1671.3285605005804
1699.5555239057285
1728.6593285546405
1758.6399744473165
1789.4974615837564
1821.2317899638438
1853.842959587695
1887.3309704553103
1921.6958225666313
1956.9375159217743
1993.056050520623
2030.0514263631194
2067.923643449438
2106.672701779462
2146.298601353308
2186.801342170802
2234.046789369546
2282.6202982077375
2332.521868685144
2383.7515008011833
2436.309194556554
2490.194949950557
2545.4087669835426
2601.9506456558593
2659.8205859666923
2719.018587916973
2779.54465150577
2841.3987767338986
2904.580963600776
2969.0912121065194
3034.9295222517103
3102.0958940354176
3170.5903274583397
3240.4128225201275
3311.5633792206645
3384.041997560649
3457.8486775392666
3532.9834191569826
3609.4462224136805
3687.2370873093605
3766.3560138440225
3935.162458450999
4112.093845961615
4297.15017637657
4490.3314496935345
4691.637665914372
4901.068825038616
5118.62492706487
5344.305971995927
5578.1119598285295
5820.0428905659355
6070.0987642053515
6328.279580748174
6594.585340194404
6869.0160425431095
7151.571687796153
7442.252275951207
7741.057807010133
8047.988280972
8363.043697837275
8686.22405760549
9017.529360276647
9356.959605852142
9704.514794329181
10060.194925710093
10423.999999994412
