3099
3752
952
108003
2117
1005
23680
2487
1833
2002
1528
1981
2258
4977
12993
5212
1384
755
1756
2833
3071
945
2999
815
8121
734
1640
1432
4602
23159
936
7883
3251
3861
1325
3782
4724
3185
1091
20107
1672
1704
1375
21466
1131
1051
1296
1627
4909
6359
1904
4645
1021
2542
1409
3413
1565
1425
1101
746
865
2170
1179
1322
1332
1231
1680
1663
1316
1537
958
5588
1746
1067
1245
2758
1908
1364
720
1951
621
1443
2686
4127
1688
1250
1550
2618
4146
1651
1405
1434
735
4450
14295
1367
1468
2793
4669
651
2618
2020
1689
3740
1334
1188
3787
1246
1242
1570
3029
925
2761
1364
1667
1094
1527
2551
1483
1011
1251
1300
1092
2488
712
3685
2858
1270
1639
1088
1539
1552
1920
1138
1920
1995
3806
1289
5365
3670
2308
4568
1851
1051
1203
650
9825
1225
909
6718
536
1438
604
1608
1130
1693
1131
901
1216
1182
1225
6968
1062
1202
952
1445
3549
2341
1185
1032
3744
735
3466
1023
4147
754
1524
4150
1873
9032
685
4003
2059
2045
1543
2807
935
754
1419
1481
1157
1121
2708
1305
1497
13663
3411
1028
1049
742
2840
1319
1293
1911
2396
3263
3676
3235
3862
1636
1230
1526
1120
4064
1629
1388
18870
1368
1516
1126
30989
1718
1120
1338
1487
1009
2564
1300
2949
608
1553
1954
2282
1435
1313
1485
4495
1465
22435
1839
23323
1979
16747
1769
1610
1340
12011
1488
1338
1369
1238
1049
943
10675
1527
1447
1868
1215
1592
3616
2013
1305
2844
761
1442
1869
3261
1087
745
1013
973
1014
2895
19418
3387
2336
5169
1058
1133
1255
1248
1596
2097
1262
2606
2741
934
1367
3072
1851
7843
1527
1296
1255
1698
1011
2202
1215
2596
1126
1208
2335
2416
1851
1742
1588
1347
1358
1393
1210
2809
1234
2270
1692
2185
1915
1780
971
32558
1135
1324
1828
722
4071
1429
1669
9852
2000
4109
1226
1237
1020
1422
1484
1224
1209
1192
30746
1794
1335
3371
1534
733
879
1280
3831
1189
1830
1029
2440
1216
733
9507
3498
947
75104
1341
13947
1898
1165
1529
2120
1456
879
1569
1175
1063
1126
4415
1368
2833
1735
1134
1158
1514
9609
1173
2056
1476
3032
1010
1638
1284
2491
1585
1165
1104
3623
24745
1548
781
614
8536
4607
471
4133
1705
681
1500
43804
514
523
17493
908
2625
1877
984
879
3966
30445
20864
2147
1081
3150
25492
1899
4567
5113
2175
1757
1471
2765
1779
1309
2168
22490
2363
2032
4523
2075
2235
2164
116975
6171
1336
32152
1423
2246
4011
5325
1124
5170
1016
1221
2299
3918
1854
1297
1975
1439
3245
1390
1802
1537
2372
1991
968
2825
2415
40741
1077
2255
1569
1450
1580
3330
3374
2532
2490
766
4071
1623
7565
1306
2952
1603
1388
31553
1218
3179
7467
2081
2444
4241
1886
3284
1067
2956
5624
3473
2316
794
1378
1731
1084
3000
5570
1404
1597
31918
2706
1433
2219
4987
5629
1591
4828
8166
1710
1910
1208
3051
1993
2834
1567
1172
1057
850
3224
16668
1538
5030
2015
1603
7060
2010
3116
1411
966
1488
932
2510
1428
1449
1024
1744
4176
2092
3340
1025
1595
1640
8251
1747
2018
6147
47288
1334
1258
6831
1211
10929
1455
898
10886
1631
679
2020
6227
1009
1708
965
840
2753
1614
64250
14570
1304
1853
1882
1716
9020
1181
4372
1373
5949
1946
1718
1419
1783
1405
2263
847
1344
844
2568
606
6855
2714
1956
1301
4439
2118
1042
3325
812
871
2022
2638
3360
23716
1140
1706
1361
11567
1584
1863
1706
2062
891
869
6210
1833
785
834
931
2032
1457
851
929
1186
965
1046
2109
781
1007
2607
1294
4517
9591
1008
1059
1791
3771
2966
1947
67055
20716
4441
2233
914
1723
363
1120
3171
903
1531
1898
1172
1248
1197
1388
1396
3321
1025
1252
776
1961
1888
1301
1325
742
1767
19942
2354
7659
1051
761
2838
846
2568
1246
1307
2543
819
4687
1233
1576
2385
44273
2125
2109
3061
1079
1649
1135
1107
44273
3922
1822
961
2204
2152
777
2194
1191
1584
4541
3918
5650
2313
2323
2297
1090
1117
3159
5352
34979
1866
1169
5575
51091
5951
23942
9573
12998
1811
1468
1050
59956
1330
1554
3259
3589
18185
4427
4078
10634
1407
3175
877
3039
980
22640
2041
1007
19858
1634
1016
2690
1332
917
2236
1553
1440
852
1449
2087
2248
8051
1587
631
1673
10542
46156
1345
1093
1631
6060
18768
1597
1126
1918
11762
2059
1886
1658
1926
1086
1426
810
896
1609
1900
1124
3258
1024
4592
2502
1012
2608
1151
2017
1272
1767
1727
3580
2563
2798
16101
1500
72376
908
29152
559
685
2225
1039
5180
537
466
1554
24452
19693
1828
3881
3028
8057
78966
1440
4525
2307
3736
2341
768
16769
5055
10791
3558
1408
1555
2549
7876
2128
15133
23419
8684
1831
11430
12529
879
3444
17684
1192
976
4627
3339
1234
927
10829
2483
909
2319
2432
1494
2877
2073
1778
1134
2117
2741
1784
1299
988
1465
1062
1132
1760
893
2060
1058
1281
3042
1940
1411
1128
7355
1846
22875
1247
9181
1731
3079
6097
5578
1633
1353
1929
1684
2666
1153
2393
1715
2499
1711
1452
1291
35459
765
1182
1679
3128
1159
2513
2080
9137
1228
1105
788
1921
32944
20191
1120
3521
1304
1832
1052
1999
3013
1571
1783
1514
955
11658
1655
1503
1552
7750
2156
2023
1165
39345
1930
1241
1987
1382
1662
7078
2006
2712
1650
1584
1770
1630
1499
1131
1532
1422
1542
1316
1068
1438
2143
1115
1670
1007
1098
2204
4403
1193
864
1790
1816
1377
1491
3111
3307
1082
1069
2268
1063
4938
13947
1295
1930
881
1180
1379
961
901
1008
827
1022
1251
3339
1455
2094
1416
1651
2077
684
717
2700
1508
1714
2087
1332
10088
1852
2454
1169
1181
1489
1340
4745
1650
1820
1882
36153
3760
726
1097
14321
1716
37479
712
953
33568
4009
2598
2582
908
1253
2751
1270
1196
3622
1258
6577
2062
1392
1058
11307
6792
52593
3058
2083
1026
11465
1464
2411
1212
2012
1659
1296
2464
1388
1014
972
1848
2069
7121
1714
1574
1463
2131
1153
1283
61894
1379
3107
3702
1282
1402
1463
1250
1517
2581
2083
1615
1933
3285
1315
1229
23308
1502
3106
1765
1766
1346
2399
9123
2303
1182
1480
22926
3476
1206
2361
3214
22690
946
21441
7391
20271
2444
2114
1813
1781
2220
5667
1249
1632
1609
5869
1337
4143
2504
15679
4065
33060
1471
2970
1194
2331
1265
1983
2438
2459
2194
5916
1874
1153
2740
1708
2210
1891
4636
1740
3298
10180
1677
1905
4532
2469
1271
831
40997
1781
2019
1401
96122
2413
2611
4617
4183
1747
1913
750
2821
1355
6637
1267
1788
1577
1570
2354
1132
1398
2524
4592
2560
6740
1362
1073
785
1322
1728
1301
1747
1494
1041
1555
2793
1335
4302
1398
1783
927
1018
762
1000
2383
835
61034
880
1346
3525
1722
5146
1236
19309
1425
1874
1434
5065
2064
3916
1308
1090
1728
1446
819
1211
1428
711
1694
1169
70693
1793
2552
1528
939
1595
3011
9999
2025
933
1266
1289
2386
3315
1813
1889
1711
1218
966
34914
1477
3229
1658
3359
1961
1109
1064
1305
1880
8374
3514
1607
3005
2462
3634
4138
17954
7052
1732
1871
887
1615
1825
2855
1004
16693
1032
3683
1307
77174
1858
919
3827
1180
31430
9275
1140
1441
9275
14724
1642
42416
798
2128
1549
3119
1257
14724
1147
1308
3314
1124
8634
3920
955
3580
1016
5815
1468
1431
1413
1442
4103
3323
1498
52971
1360
971
2824
1963
700
8108
1725
1198
11617
2227
5104
1920
8114
2065
1328
2837
2888
1152
1041
1185
1727
1047
2555
2543
1429
1666
34373
3832
2391
1527
2892
4092
1257
1039
3488
1018
1431
798
1688
1982
12480
1067
1008
1064
1949
2473
1122
1095
1787
990
1085
76856
1042
889
753
1171
2353
1197
2683
3782
1830
1222
1073
869
947
907
964
1019
1208
1358
33362
5008
7136
3846
1039
3229
1763
1165
4793
1289
2044
1365
1271
1194
1238
948
1239
1556
3552
1379
1245
1353
1155
1129
3655
1348
1711
1630
3650
1291
1084
1045
6086
49855
818
1428
49855
1595
884
3747
2004
1189
1207
1868
2808
2388
1623
5674
1407
1994
1756
5019
2795
1478
1702
1547
3140
1802
30567
1242
1388
1612
10156
2666
1229
4572
2192
1163
2189
1371
8402
1023
1047
859
862
1037
1316
1036
6904
2227
2682
12891
33060
1393
2551
2867
951
1192
1065
60568
1581
1384
37814
1268
38464
1173
38464
1224
31298
1765
874
1238
5194
1483
2149
903
761
4851
30363
1778
1672
10391
1224
1298
909
62025
774
990
1565
3729
1180
3596
1612
3841
15956
40922
3485
37736
1509
2045
2895
1376
1899
2422
12717
5251
1969
1541
1657
1270
987
3873
781
1056
1569
1191
3992
1840
1669
1817
2160
2386
1656
38382
16630
3713
2995
2823
2293
31422
2384
21570
848
2299
1689
2258
10157
4425
7876
4696
3330
2656
1162
3930
1267
3127
2558
3347
906
1596
1027
1404
1266
1020
1042
1760
1678
2206
1481
739
1717
2307
645
1957
1573
1242
1409
1234
1296
1224
1642
1422
2283
1492
1543
1453
1163
1181
1155
1104
2657
1099
1884
2785
1946
1754
857
2447
2092
1422
4414
2176
1334
1216
3374
2303
1256
1073
1404
2110
2117
1485
1930
892
860
2126
1299
1759
1026
1374
4175
3111
1200
1661
1970
1610
1432
1114
1796
3365
1518
1935
1148
1285
1240
1012
1236
996
1036
3362
2935
2382
2338
2256
4535
1633
4148
1550
5608
2489
2442
2380
2150
3188
1984
2478
2859
1910
2334
1818
7503
1974
2717
6259
2135
1417
3648
1922
875
1784
19807
1223
1944
2028
2381
1099
12945
2753
2014
1809
16537
1226
1609
1270
1077
959
819
1348
1890
1693
1332
1121
1631
1762
1498
2799
1409
2195
2602
1742
1851
1136
1076
2046
1049
2920
1393
1459
1258
2270
2849
3773
8220
1348
1131
1641
1453
918
1814
2181
1128
1620
1963
1633
8936
2420
1104
1587
2874
37805
797
1248
1651
957
1953
4774
1128
910
1385
1176
923
874
1315
1522
1248
1025
945
944
1114
1131
5836
1891
856
1697
1554
1611
1692
1115
1210
4376
879
1170
2400
790
3944
1606
799
4314
6238
2195
1208
1093
1027
1270
1137
828
1220
2768
1693
1390
1613
1442
1416
766
774
1082
1293
518
543
493
2207
1962
636
1465
1016
1000
2621
969
1139
34916
1480
594
1419
2365
1780
5231
2253
1447
895
1894
981
9964
1235
903
22738
960
1051
7246
36331
1016
1663
14737
6974
1005
2501
945
1490
30666
1344
1395
1329
1600
1047
775
3184
1209
13503
2490
6670
1782
7868
1040
29778
2123
20181
4176
3316
1418
882
3633
852
1721
758
689
738
4828
1311
2376
4108
1654
1398
1587
23219
749
968
5861
2053
1423
1769
1655
1477
809
1683
762
1839
741
2470
936
1551
1939
2151
3093
2000
8856
2568
1125
2197
1504
2323
3954
2886
1665
3963
1705
1617
2803
801
5850
1029
1440
814
985
3141
870
1632
13918
2660
1557
2315
5058
3273
1678
2244
931
1130
1464
842
758
1294
3455
2276
2546
2321
2835
2155
2062
1938
2130
2220
1514
3211
2565
2666
1213
1657
684
2198
1702
1194
1846
1466
64220
868
948
994
2653
1077
1511
1089
828
1775
1339
1796
2014
1500
991
4025
1052
1074
4354
691
1039
1501
3610
1051
6980
25574
23050
4712
1653
1633
1224
799
4210
1406
612
1319
4635
2416
9813
5166
1882
6073
1619
1168
896
667
825
1291
841
3222
4565
1949
1918
43887
1811
1133
2835
3475
1791
2140
1385
3875
1415
3023
3041
1247
783
1605
1373
2168
14247
1458
4259
898
3601
1982
1697
832
717
1968
1189
14519
1805
1542
1309
795
1042
892
2649
2488
2040
1045
2142
907
1390
2218
4865
1195
1928
1334
909
64892
2117
1997
30021
3021
30659
1235
1950
1092
1356
910
1016
2205
615
1821
1564
2955
1113
1672
3308
1121
1330
802
3232
2101
1619
1379
1944
2260
2010
3685
1341
5030
764
1248
12074
2868
5421
1382
773
4910
4026
894
1097
10087
1763
1633
2897
938
3723
1653
1023
14846
12045
1766
1289
2883
988
5198
11916
900
4001
1565
3148
896
2225
1773
1840
801
28074
4376
1369
1092
1795
3180
1256
2419
1665
4759
2236
3461
1805
1276
2835
1451
2474
1395
3086
43874
2082
1581
2547
1233
3731
2576
1149
2151
1829
794
43322
1732
1401
1355
1718
721
3979
1192
1460
2474
1225
1444
1289
2314
1919
1440
973
4159
1383
2758
1635
2802
1573
2545
877
1516
2164
1026
1299
1341
828
909
1846
24346
852
6319
20919
1355
936
2694
2846
3406
885
556
7212
1017
1445
1043
3904
2424
1207
2054
772
11318
2336
1437
1392
1516
2998
2650
2015
1965
1773
1304
5708
1076
3561
833
2521
841
2319
767
771
770
846
841
31021
1568
6572
1238
625
1113
1293
924
1545
2536
1315
5127
1455
807
633
4866
1356
2351
1120
1038
1555
1832
2888
2473
1185
1809
760
1360
1218
1412
3202
3374
1052
1620
1753
9856
1369
1321
1452
10227
4208
1157
708
1346
3366
938
3549
1786
2811
1010
2193
2663
1858
1098
2604
1963
2373
1060
735
999
1723
1839
581
1335
1856
1576
831
892
1919
5278
760
4104
2669
1430
945
2808
1600
637
1752
1752
822
1513
850
2834
607
4688
1433
930
1847
702
677
865
23922
6184
2460
2623
18993
947
2252
911
7362
1473
11405
6948
5739
750
1799
