362.99999999999994
367.1500644340569
371.301515231428
375.4543523921133
379.60857591611267
383.7641858034262
387.9211820540539
392.07956466799567
396.2393336452516
400.40048898582165
404.5630306897058
408.72695875690414
412.8922731874166
417.0589739812432
421.22706113838393
425.3965346588388
429.56739454260776
433.7396407896909
437.9132734000882
442.0882923737996
446.2646977108251
450.4424894111648
454.6216674748186
458.8022319017865
462.9841826920686
467.1675198456648
471.3522433625751
475.5383532427996
479.72584948633823
483.91473209319093
488.1050010633578
492.2966563968388
496.48969809363393
500.68412615374325
504.8799405771666
509.07714136390416
513.2757285139559
517.4757020273216
521.6770619040017
525.8798081439957
530.0839407473039
534.2894597139262
538.4963650438627
542.7046567371133
546.9143347936781
551.125399213557
555.33784999675
559.5516871432571
563.7669106530784
567.9835205262139
572.2015167626635
576.4208993624271
580.641668325505
584.8638236518968
589.0873653416029
593.3122933946231
597.5386078109575
601.7663085906061
605.9953957335686
610.2258692398455
614.4577291094363
618.6909753423413
622.9256079385605
627.1616268980938
631.3990322209412
635.6378239071028
639.8780019565785
644.1195663693682
648.3625171454722
652.6068542848903
656.8525777876225
661.099687653669
665.3481838830294
669.5980664757041
673.8493354316929
678.1019907509958
682.3560324336128
686.6114604795439
690.8682748887893
695.1264756613486
699.3860627972223
703.64703629641
707.9093961589118
712.1731423847277
716.4382749738579
720.704793926302
724.9726992420606
729.241990921133
733.5126689635197
737.7847333692205
742.0581841382353
746.3330212705644
750.6092447662077
754.8868546251649
759.1658508474363
763.4462334330219
767.7280023819217
772.0111576941355
776.2956993696635
780.5816274085055
784.8689418106619
789.1576425761323
793.4477297049168
797.7392031970154
802.0320630524282
806.3263092711551
810.6219418531962
814.9189607985513
819.2173661072206
823.5171577792041
827.8183358145018
832.1209002131134
836.4248509750392
840.7301881002793
845.0369115888334
849.3450214407017
853.6545176558841
857.9654002343806
862.2776691761912
866.5913244813161
870.906366149755
875.2227941815081
879.5406085765753
883.8598093349565
888.180396456652
892.5023699416618
896.8257297899854
901.1504760016232
905.4766085765752
909.8041275148414
914.1330328164217
918.463324481316
922.7950025095247
927.1280669010473
931.4625176558841
935.798354774035
940.1355782555001
944.4741881002794
948.8141843083727
953.15556687978
957.4983358145018
961.8424911125373
966.1880327738875
970.5349607985513
974.8832751865295
979.2329759378217
983.5840630524283
987.9365365303488
992.2903963715835
996.6456425761323
1001.0022751439951
1005.3602940751723
1009.7196993696637
1014.080491027469
1018.4426690485884
1022.806233433022
1027.1711841807696
1031.5375212918316
1035.9052447662077
1040.2743546038978
1044.644850804902
1049.0167333692204
1053.390002296853
1057.7646575877998
1062.1406992420607
1066.5181272596355
1070.8969416405246
1075.277142384728
1079.6587294922451
1084.041702963077
1088.4260627972224
1092.811808994682
1097.198941555456
1101.587460479544
1105.9773657669464
1110.3686574176625
1114.761335431693
1119.1553998090376
1123.5508505496962
1127.9476876536692
1132.345911120956
1136.7455209515572
1141.1465171454724
1145.5488997027016
1149.9526686232452
1154.357823907103
1158.7643655542747
1163.1722935647606
1167.5816079385606
1171.9923086756748
1176.4043957761032
1180.8178692398455
1185.2327290669023
1189.648975257273
1194.0666078109577
1198.4856267279567
1202.90603200827
1207.327823651897
1211.7510016588385
1216.175566029094
1220.6015167626636
1225.0288538595476
1229.4575773197453
1233.8876871432574
1238.3191833300837
1242.7520658802239
1247.1863347936785
1251.621990070447
1256.0590317105296
1260.4974597139264
1264.9372740806375
1269.3784748106627
1273.821061904002
1278.2650353606552
1282.7103951806228
1287.1571413639044
1291.6052739105003
1296.0547928204103
1300.5056980936342
1304.9579897301726
1309.4116677300249
1313.8667320931913
1318.323182819672
1322.7810199094665
1327.2402433625753
1331.7008531789984
1336.1628493587355
1340.6262319017867
1345.091000808152
1349.5571560778317
1354.0246977108254
1358.493625707133
1362.9639400667552
1367.4356407896912
1371.9087278759414
1376.3832013255058
1380.8590611383843
1385.3363073145767
1389.8149398540836
1394.2949587569044
1398.7763640230394
1403.2591556524887
1407.7433336452518
1412.2288980013293
1416.715848720721
1421.2041858034265
1425.6939092494463
1430.1850190587804
1434.6775152314283
1439.1713977673905
1443.666666666667
1448.1633219292573
1452.661363555162
1457.1607915443808
1461.661605896914
1466.1638066127607
1470.667393691922
1475.1723671343973
1479.6787269401866
1484.18647310929
1488.695605641708
1493.2061245374398
1497.7180297964856
1502.2313214188457
1506.74599940452
1511.2620637535083
1515.7795144658107
1520.2983515414276
1524.818574980358
1529.340184782603
1533.8631809481622
1538.3875634770354
1542.9133323692226
1547.440487624724
1551.9690292435396
1556.4989572256693
1561.0302715711132
1565.5629722798712
1570.097059351943
1574.6325327873294
1579.1693925860297
1583.7076387480445
1588.247271273373
1592.7882901620158
1597.3306954139728
1601.8744870292435
1606.4196650078288
1610.966229349728
1615.5141800549416
1620.0635171234692
1624.614240555311
1629.166350350467
1633.7198465089366
1638.274729030721
1642.8309979158191
1647.3886531642313
1651.9476947759579
1656.5081227509986
1661.0699370893535
1665.6331377910221
1670.1977248560054
1674.7636982843026
1679.3310580759137
1683.8998042308392
1688.469936749079
1693.0414556306325
1697.6143608755003
1702.1886524836825
1706.7643304551787
1711.3413947899887
1715.9198454881132
1720.4996825495518
1725.0809059743044
1729.6635157623712
1734.247511913752
1738.8328944284472
1743.4196633064564
1748.0078185477798
1752.5973601524172
1757.1882881203687
1761.7806024516344
1766.3743031462145
1770.9693902041083
1775.5658636253165
1780.163723409839
1784.762969557675
1789.3636020688257
1793.9656209432903
1798.5690261810691
1803.1738177821621
1807.779995746569
1812.3875600742904
1816.9965107653256
1821.606847819675
1826.218571237339
1830.8316810183167
1835.4461771626084
1840.0620596702145
1844.6793285411345
1849.2979837753687
1853.9180253729173
1858.5394533337799
1863.1622676579564
1867.7864683454472
1872.4120553962523
1877.0390288103713
1881.6673885878045
1886.2971347285518
1890.9282672326135
1895.560786099989
1900.1946913306788
1904.8299829246826
1909.4666608820005
1914.1047252026326
1918.7441758865791
1923.3850129338396
1928.027236344414
1932.6708461183027
1937.3158422555057
1941.9622247560224
1946.6099936198536
1951.2591488469989
1955.909690437458
1960.5616183912316
1965.2149327083193
1969.869633388721
1974.5257204324369
1979.1831938394669
1983.8420536098113
1988.5022997434694
1993.1639322404417
1997.8269511007284
2002.4913563243292
2007.1571479112438
2011.824325861473
2016.492890175016
2021.1628408518732
2025.8341778920446
2030.50690129553
2035.1810110623296
2039.8565071924434
2044.5333896858715
2049.2116585426133
2053.8913137626696
2058.57235534604
2063.2547832927244
2067.938597602723
2072.6237982760354
2077.310385312662
2081.998358712603
2086.687718475858
2091.378464602428
2096.0705970923113
2100.7641159455084
2105.4590211620202
2110.155312741846
2114.852990684986
2119.55205499144
2124.252505661208
2128.9543426942905
2133.657566090687
2138.3621758503973
2143.0681719734225
2147.775554459761
2152.484323309414
2157.1944785223814
2161.9060200986623
2166.6189480382577
2171.3332623411675
2176.048963007391
2180.766050036929
2185.484523429781
2190.204383185947
2194.925629305427
2199.648261788221
2204.37228063433
2209.097685843752
2213.824477416489
2218.55265535254
2223.282219651905
2228.013170314584
2232.745507340577
2237.479230729885
2242.214340482506
2246.950836598442
2251.6887190776915
2256.4279879202554
2261.1686431261337
2265.910684695326
2270.6541126278325
2275.3989269236527
2280.145127582787
2284.892714605236
2289.641687990999
2294.392047740076
2299.1437938524673
2303.8969263281724
2308.6514451671915
2313.4073503695254
2318.164641935173
2322.9233198641346
2327.6833841564107
2332.444834812001
2337.207671830905
2341.9718952131234
2346.737504958656
2351.504501067502
2356.272883539663
2361.042652375138
2365.813807573927
2370.58634913603
2375.360277061447
2380.135591350179
2384.912292002224
2389.690379017584
2394.469852396258
2399.250712138246
2404.032958243548
2408.816590712164
2413.6016095440946
2418.388014739339
2423.1758062978975
2427.9649842197705
2432.7555485049575
2437.5474991534584
2442.3408361652732
2447.135559540403
2451.931669278846
2456.7291653806037
2461.5280478456752
2466.328316674061
2471.129971865761
2475.9330134207753
2480.7374413391035
2485.5432556207456
2490.350456265702
2495.159043273973
2499.9690166455575
2504.780376380457
2509.5931224786696
2514.4072549401967
2519.2227737650383
2524.0396789531937
2528.857970504663
2533.677648419447
2538.4987126975448
2543.321163338957
2548.1450003436826
2552.970223711723
2557.7968334430775
2562.624829537746
2567.4542119957287
2572.2849808170254
2577.1171360016365
2581.9506775495615
2586.7856054608005
2591.6219197353535
2596.4596203732212
2601.298707374403
2606.139180738898
2610.981040466715
2617.147165519129
2623.325217803075
2629.515197318552
2635.7171040655608
2641.930938044101
2648.1566992541734
2654.3943876957774
2660.6440033689123
2666.905546273579
2673.1790164097774
2679.464413777507
2685.761738376769
2692.0709902075623
2698.392169269887
2704.725275563743
2711.070309089131
2717.4272698460504
2723.796157834501
2730.176973054484
2736.5697155059984
2742.974385189044
2749.3909821036214
2755.8195062497307
2762.2599576273706
2768.7123362365433
2775.176642077247
2781.652875149482
2788.141035453249
2794.6411229885475
2801.1531377553774
2807.6770797537392
2814.2129489836325
2820.7607454450576
2827.3204691380133
2833.892120062502
2840.4756982185218
2847.0712036060722
2853.678636225155
2860.29799607577
2866.9292831579155
2873.572497471593
2880.227639016802
2886.8947077935427
2893.573703801815
2900.264627041619
2906.9674775129542
2913.682255215821
2920.40896015022
2927.1475923161506
2933.898151713612
2940.660638342605
2947.43505220313
2954.221393295187
2961.019661618775
2967.8298571738947
2974.6519799605458
2981.4860299787288
2988.332007228443
2995.189911709689
3002.0597434224674
3008.941502366776
3015.8351885426173
3022.7408019499894
3029.658342588893
3036.5878104593285
3043.5292055612963
3050.4825278947947
3057.4477774598254
3064.4249542563866
3071.4140582844807
3078.4150895441053
3085.428048035262
3092.45293375795
3099.48974671217
3106.5384868979218
3113.5991543152045
3120.671748964019
3127.756270844365
3134.852719956243
3141.9610962996526
3149.081399874593
3156.2136306810658
3163.35778871907
3170.513873988605
3177.6818864896727
3184.8618262222717
3192.053693186402
3199.257487382064
3206.473208809258
3213.7008574679826
3220.9404333582393
3228.191936480028
3235.455366833348
3242.7307244181993
3250.018009234582
3257.3172212824975
3264.6283605619433
3271.9514270729214
3279.286420815431
3286.633341789444
3293.75452766589
3300.8829345891327
3308.018562559171
3315.1614115760067
3322.3114816396387
3329.468772750067
3336.6332849072915
3343.8050181113126
3350.9839723621303
3358.170147659744
3365.3635440041544
3372.5641613953608
3379.771999833364
3386.9870593181636
3394.2093398497595
3401.438841428152
3408.6755640533406
3415.9195077253257
3423.1706724441074
3430.4290582096855
3437.69466502206
3444.96749288123
3452.247541787198
3459.5348117399612
3466.829302739521
3474.1310147858776
3481.4399478790306
3488.7561020189796
3496.079477205725
3503.4100734392673
3510.747890719606
3518.092929046741
3525.445188420672
3532.8046688413997
3540.1713703089235
3547.5452928232444
3554.9264363843613
3562.3148009922747
3569.7103866469843
3577.1131933484903
3584.5232210967933
3591.940469891892
3599.3649397337877
3606.796630622479
3614.235542557967
3621.6816755402524
3629.1350295693333
3636.5956046452106
3644.0634007678846
3651.538417937354
3659.020656153621
3666.5101154166846
3674.0067957265437
3681.5106970831994
3689.021819486652
3696.5401629369007
3704.0657274339455
3711.5985129777873
3719.138519568425
3726.685747205859
3734.24019589009
3741.801865621118
3749.370756398941
3756.946868223561
3764.530201094977
3772.1207550131903
3779.7185299781995
3787.323525990005
3794.935743048607
3802.5551811540054
3810.1818403062002
3817.8157205051916
3825.456821750979
3833.105144043563
3840.7606873829436
3848.42345176912
3856.093437202094
3863.7706436818635
3871.4550712084297
3879.146719781793
3886.845589401951
3894.5516800689065
3902.2649917826584
3909.9855245432063
3917.7132783505513
3925.448253204692
3933.1904491056293
3940.9398660533634
3948.6965040478935
3956.46036308922
3964.231443177343
3972.0097443122627
3979.7952664939785
3987.588009722491
3995.3879739977992
4003.195159319904
4011.009565688806
4018.831193104504
4026.660041566998
4034.496111076369
4048.98008528442
4063.6027792254463
4078.3641928994402
4093.2643263064165
4108.30317944636
4123.480752319279
4138.797044925166
4154.252057264035
4169.845789335879
4185.578241140698
4201.449412678485
4217.4593039492465
4233.6079149529905
4249.895245689695
4266.3212961593745
4282.886066362036
4299.589556297673
4316.431765966277
4333.412695367857
4350.532344502411
4367.790713369941
4385.187801970445
4402.72361030391
4420.398138370365
4438.211386169794
4456.163353702184
4474.254040967557
4492.483447965911
4510.851574697226
4529.358421161516
4548.003987358788
4566.788273289021
4585.711278952243
4604.773004348426
4623.973449477591
4643.312614339731
4662.790498934846
4682.407103262922
4702.162427323987
4722.0564711180195
4742.08923464502
4762.2607179049955
4782.570920897953
4803.019843623886
4823.607486082787
4844.333848274662
4865.198930199513
4886.202731857338
4907.345253248139
4928.626494372073
4947.268030410802
4965.939328346503
4984.6403881791775
5003.371209908823
5022.131793535446
5040.922139059039
5059.742246479607
5078.592115797148
5097.471747011661
5116.3811401231505
5135.320295131608
5154.289212037042
5173.287890839449
5192.316331538828
5211.374534135182
5230.462498628509
5249.580225018809
5268.727713306081
5287.904963490328
5307.111975571548
5326.348749549739
5345.615285424907
5364.911583197044
5384.237642866156
5403.593464432241
5422.9790478953
5442.394393255334
5461.839500512338
5481.314369666317
5500.819000717266
5520.353393665191
5539.91754851009
5559.5114652519605
5579.135143890806
5598.788584426624
5618.471786859415
5638.184751189178
5657.927477415917
5677.699965539627
5697.502215560311
5717.334227477968
5737.1960012925965
5757.087537004202
5777.008834612778
5796.9598941183285
5816.94071552085
5836.951298820348
5856.991644016818
5877.06175111026
5897.161620100262
5941.174355845491
5986.153445834992
6032.098890068883
6079.010688547045
6126.888841269654
6175.733348236594
6225.544209447748
6276.321424903348
6328.064994603279
6380.774918547424
6434.451196736016
6489.09382916888
6544.702815846191
6601.278156767832
6658.8198519336875
6717.32790134399
6776.802304998564
6837.243062897527
6898.650175040879
6961.023641428386
7024.363462060399
7088.6696369366255
7153.942166057299
7220.181049422303
7287.386287031579
7355.557878885244
7424.695824983297
7494.800125325564
7565.8707799122785
7637.907788743149
7710.911151818524
7784.880869138229
7859.816940702207
7935.7193665106315
8012.588146563212
8090.423280860297
8169.224769401713
8248.992612187343
8329.726809217478
8411.42736049171
8494.094266010507
8577.727525773575
8662.327139780915
8747.893108032702
8834.425430528703
8921.92410726921
9010.389138253988
9099.82052348298
9190.21826295642
9281.582356674044
9359.980198654928
9438.798018175003
9518.035815234296
9597.69358983275
9677.771341970423
9758.269071647286
9839.186778863339
9920.524463618553
10002.282125912985
10084.459765746607
10167.05738311942
10250.07497803145
10333.512550482643
10417.370100473054
10501.647628002625
10586.345133071445
10671.462615679367
10757.000075826509
10842.957513512898
10929.334928738448
11016.132321503188
11103.349691807118
11190.987039650267
11279.044365032576
11367.521667954104
11456.418948414794
11545.736206414673
11635.4734419538
11725.630655032059
11816.207845649566
11907.205013806233
11998.622159502062
12090.459282737138
12182.716383511375
12275.393461824831
12368.490517677448
12462.007551069284
12555.94456200031
12650.301550470496
12745.07851647993
12840.275460028497
12935.892381116311
13031.929279743257
13128.386155909422
13225.263009614806
13322.559840859321
13420.276649643085
13518.413435966038
13616.970199828123
13715.946941229457
13852.460201257723
13990.848989456543
14131.113305825507
14273.253150364268
14417.268523073406
14563.15942395269
14710.925853002002
14860.567810221459
15012.085295611061
15165.47830917046
15320.746850900236
15477.890920799924
15636.910518869874
15797.80564510997
15960.576299520093
16125.222482100362
16291.744192850543
16460.141431770986
16630.414198861574
16802.562494122307
16976.58631755307
17152.485669153742
17330.26054892456
17509.910956865642
17691.43689297675
17851.00003762293
18010.60499354778
18170.251760747982
18329.94033922354
18489.67072897445
18649.442930000703
18809.256942302323
18969.112765879298
19129.01040073161
19288.949846859294
19448.9311042623
19608.954172940692
19769.019052894437
19929.125744123507
20089.27424662793
20249.464560407738
20409.6966854629
20569.970621793385
20730.286369399226
20890.64392828045
21051.043298436998
21211.4844798689
21371.967472576158
21532.492276558798
21693.058891816734
22159.301861288026
22649.096991483122
23162.44428241253
23699.34373407252
24259.7953464631
24843.7991195824
25451.35505343601
26082.463148023933
26737.12340334244
27415.33581938967
28117.100396171212
28842.41713368334
29591.286031929776
30363.707090904936
31159.68031061068
31979.205691050738
32822.28323222324
33688.91293412447
34579.094796758145
35492.828820122406
36430.11500422098
37390.953349050134
38375.34385460988
39383.28652090207
40414.781347926706
42366.690967060626
44411.14218009263
46548.13498702645
48777.66938789934
51099.74538267404
53514.3629713431
56021.52215395868
58621.22293047607
61313.465300902724
64098.24926523864
66975.57482349128
69945.44197566807
73007.85072173923
76162.80106174201
79410.2929956466
82750.32652346045
86182.90164520591
89708.0183608532
93325.67667041719
97035.87657389045
100838.61807128042
104733.9011625871
108721.72584780306
112802.09212693572
116974.99999997765
