3.9999999999999996
4.09090642357763
4.182176190429173
4.273809300554628
4.365805753953996
4.4581655506272755
4.550888690574467
4.643975173795571
4.737425000290587
4.831238170059516
4.925414683102356
5.019954539419109
5.114857739009773
5.21012428187435
5.3057541680128395
5.4017473974252415
5.498103970111554
5.59482388607178
5.691907145305918
5.789353747813968
5.887163693595931
5.9853369826518055
6.0838736149815915
6.182773590585292
6.282036909462903
6.3816635716144265
6.481653577039862
6.5820069257392095
6.68272361771247
6.783803652959643
6.885247031480727
6.987053753275723
7.089223818344632
7.191757226687453
7.294653978304186
7.397914073194832
7.501537511359389
7.605524292797859
7.709874417510241
7.814587885496535
7.919664696756742
8.02510485129086
8.13090834909889
8.237075190180834
8.343605374536688
8.450498902166457
8.557755773070136
8.665375987247728
8.77335954469923
8.881706445424648
8.990416689423975
9.099490276697216
9.208927207244368
9.318727481065434
9.428891098160411
9.5394180585293
9.650308362172101
9.761562009088815
9.87317899927944
9.98515933274398
10.097503009482429
10.21021002949479
10.323280392781065
10.436714099341252
10.550511149175351
10.664671542283362
10.779195278665286
10.894082358321121
11.009332781250869
11.12494654745453
11.2409236569321
11.357264109683586
11.473967905708982
11.59103504500829
11.708465527581511
11.826259353428643
11.94441652254969
12.062937034944646
12.181820890613515
12.3010680895563
12.420678631772992
12.540652517263597
12.660989746028115
12.781690318066547
12.90275423337889
13.024181491965143
13.14597209382531
13.26812603895939
13.390643327367382
13.513523959049285
13.636767934005102
13.76037525223483
13.88434591373847
14.008679918516023
14.133377266567487
14.258437957892864
14.383861992492152
14.509649370365354
14.635800091512468
14.762314155933492
14.889191563628431
15.016432314597282
15.144036408840043
15.272003846356718
15.400334627147304
15.529028751211802
15.658086218550213
15.787507029162537
15.917291183048771
16.04743868020892
16.17794952064298
16.30882370435095
16.440061231332834
16.57166210158863
16.70362631511834
16.83595387192196
16.968644771999493
17.10169901535094
17.235116601976294
17.368897531875565
17.503041805048746
17.637549421495837
17.772420381216843
17.907654684211764
18.04325233048059
18.179213320023337
18.31553765283999
18.452225328930556
18.589276348295037
18.726690710933426
18.86446841684573
19.002609466031945
19.141113858492073
19.279981594226115
19.419212673234068
19.55880709551593
19.69876486107171
19.839085969901397
19.979770422004997
20.12081821738251
20.262229356033934
20.404003837959273
20.546141663158522
20.688642831631686
20.83150734337876
20.974735198399745
21.118326396694645
21.262280938263455
21.40659882310618
21.55128005122281
21.69632462261336
21.84173253727782
21.987503795216192
22.133638396428474
22.28013634091467
22.42699762867478
22.574222259708797
22.721810234016733
22.86976155159858
23.018076212454332
23.166754216584003
23.315795563987585
23.465200254665074
23.61496828861648
23.7650996658418
23.915594386341027
24.06645245011417
24.217673857161223
24.36925860748219
24.52120670107707
24.673518137945862
24.826192918088566
24.97923104150518
25.13263250819571
25.286397318160148
25.4405254713985
25.595016967910766
25.74987180769694
25.905089990757027
26.06067151709103
26.21661638669894
26.37292459958077
26.529596155736506
26.686631055166153
26.844029297869714
27.00179088384719
27.159915813098575
27.318404085623875
27.477255701423083
27.636470660496208
27.79604896284324
27.95599060846419
28.11629559735905
28.27696392952782
28.437995604970503
28.5993906236871
28.761148985677607
28.92327069094203
29.08575573948036
29.248604131292606
29.41181586637876
29.575390944738828
29.73932936637281
29.903631131280704
30.06829623946251
30.233324690918227
30.398716485647856
30.5644716236514
30.73059010492885
30.89707192948022
31.0639170973055
31.23112560840469
31.39869746277779
31.56663266042481
31.734931201345734
31.903593085540574
32.07261831300932
32.24200688375199
32.41175879776856
32.58187405505905
32.752352655623454
32.923194599461766
33.094399886573996
33.26596851696013
33.43790049062018
33.61019580755414
33.782854467762014
33.9558764712438
34.1292618179995
34.30301050802911
34.47712254133263
34.65159791791007
34.82643663776141
35.00163870088667
35.177204107285846
35.35313285695893
35.52942494990592
35.70608038612683
35.88309916562165
36.060481288390385
36.23822675443303
36.416335563749584
36.59480771634006
36.77364321220443
36.95284205134273
37.13240423375493
37.31232975944105
37.492618628401075
37.67327084063502
37.854286396142875
38.03566529492464
38.21740753698032
38.39951312230991
38.58198205091341
38.764814322790826
38.94800993794215
39.1315688963674
39.315491198066546
39.49977684303961
39.68442583128659
39.86943816280748
40.054813837602275
40.240552855670984
40.42665521701361
40.61312092163015
40.7999499695206
40.987142360684956
41.17469809512323
41.36261717283542
41.55089959382151
41.73954535808153
41.92855446561545
42.117926916423286
42.30766271050503
42.49776184786069
42.68822432849026
42.879050152393745
43.07023931957114
43.261791830022446
43.453707683747666
43.6459868807468
43.83862942101984
44.0316353045668
44.22500453138767
44.41873710148245
44.612833014851134
44.80729227149374
45.00211487141026
45.197300814600695
45.39285010106504
45.58876273080329
45.78503870381545
45.98167802010153
46.178680679661525
46.37604668249543
46.573776028603234
46.771868717984965
46.9703247506406
47.16914412657016
47.36832684577362
47.567872908251
47.76778231400228
47.96805506302748
48.1686911553266
48.36969059089962
48.57105336974656
48.77277949186741
48.97486895726217
49.17732176593084
49.38013791787343
49.58331741308992
49.78686025158033
49.99076643334466
50.19503595838289
50.399668826695034
50.60466503828109
50.810024593141065
51.01574749127495
51.22183373268274
51.428283317364446
51.63509624532007
51.8422725165496
52.049812131053045
52.2577150888304
52.46598138988167
52.67461103420684
52.88360402180593
53.09296035267893
53.30268002682584
53.512763044246654
53.723209404941386
53.934019108910036
54.14519215615259
54.35672854666906
54.56862828045945
54.78089135752374
54.99351777786195
55.20650754147407
55.4198606483601
55.633577098520036
55.8476568919539
56.06210002866167
56.27690650864334
56.492076331898936
56.70760949842844
56.923506008231854
57.139765861309186
57.35638905766042
57.573375597285576
57.79072548018464
58.00843870635762
58.22651527580451
58.44495518852531
58.66375844452003
58.88292504378865
59.10245498633118
59.322348272147636
59.542604901238
59.76322487360227
59.98420818924046
60.20555484815256
60.42726485033857
60.64933819579849
60.87177488453233
61.094574916540076
61.31773829182173
61.541265010377316
61.765155072206795
61.989408477310185
62.21402522568749
62.43900531733872
62.66434875226385
62.89005553046289
63.11612565193585
63.34255911668272
63.5693559247035
63.7965160759982
64.0240395705668
64.25192640840932
64.48017658952574
64.70879011391608
64.93776698158034
65.1671071925185
65.3968107467306
65.62687764421658
65.85730788497648
66.0881014690103
66.31925839631802
66.55077866689966
66.7826622807552
67.01490923788468
67.24751953828806
67.48049318196534
67.71383016891654
67.94753049914165
68.18159417264067
68.41602118941361
68.65081154946047
68.88596525278123
69.1214822993759
69.35736268924448
69.59360642238698
69.83021349880339
70.06718391849371
70.30451768145795
70.5422147876961
70.78027523720814
71.01869902999412
71.25748616605401
71.4966366453878
71.7361504679955
71.97602763387712
72.21626814303266
72.4568719954621
72.69783919116546
72.93916973014272
73.18086361239389
73.422920837919
73.665341406718
73.90812531879091
74.15127257413775
74.39478317275848
74.63865711465314
74.88289439982171
75.12749502826418
75.37245899998058
75.61778631497086
75.86347697323508
76.10953097477321
76.35594831958525
76.6027290076712
76.84987303903107
77.09738041366484
77.34525113157252
77.59348519275412
77.84208259720964
78.09104334493905
78.3403674359424
78.59005487021963
78.8401056477708
79.09051976859587
79.34129723269486
79.59243804006775
79.84394219071456
80.09580968463527
80.34804052182992
80.60063470229846
80.85359222604092
81.10691309305729
81.36059730334756
81.61464485691175
81.86905575374986
82.12382999386188
82.3789675772478
82.63446850390764
82.89033277384141
83.14656038704908
83.40315134353065
83.66010564328614
83.91742328631554
84.17510427261885
84.43314860219608
84.69155627504723
84.95032729117227
85.20946165057124
85.46895935324412
85.72882039919091
85.9890447884116
86.24963252090622
86.51058359667475
86.77189801571718
87.03357577803352
87.2956168836238
87.55802133248795
87.82078912462605
88.08392026003804
88.34741473872396
88.61127256068377
88.87549372591751
89.14007823442516
89.40502608620672
89.67033728126219
89.93601181959158
90.20204970119487
90.46845092607207
90.73521549422318
91.00234340564822
91.26983466034716
91.53768925832003
91.8059071995668
92.07448848408748
92.34343311188206
92.61274108295056
92.88241239729298
93.15244705490932
93.42284505579954
93.69360639996371
93.96473108740176
94.23621911811375
94.50807049209965
94.78028520935945
95.09356418231171
95.4075308085971
95.72218508821548
96.03752702116692
96.35355660745138
96.67027384706886
96.98767874001938
97.3057712863029
97.62455148591944
97.94401933886903
98.26417484515164
98.58501800476726
98.90654881771593
99.2287672839976
99.55167340361231
99.87526717656003
100.19954860284079
100.52451768245457
100.85017441540137
101.1765188016812
101.50355084129406
101.83127053423992
102.15967788051884
102.48877288013077
102.81855553307571
103.1490258393537
103.48018379896469
103.81202941190871
104.14456267818578
104.47778359779586
104.81169217073895
105.14628839701507
105.48157227662423
105.8175438095664
106.15420299584162
106.49154983544985
106.82958432839109
107.16830647466537
107.50771627427267
107.847813727213
108.18859883348634
108.53007159309271
108.87223200603212
109.21508007230454
109.55861579190999
109.90283916484847
110.24775019111996
110.5933488707245
110.93963520366205
111.28660918993262
111.6342708295362
111.98262012247284
112.33165706874249
112.68138166834517
113.03179392128087
113.38289382754957
113.73468138715133
114.0871566000861
114.4403194663539
114.79416998595472
115.14870815888858
115.50393398515544
115.85984746475533
116.21644859768826
116.57373738395421
116.93171382355318
117.29037791648518
117.64972966275022
118.00976906234824
118.37049611527931
118.73191082154342
119.09401318114054
119.45680319407069
119.82028086033387
120.18444617993003
120.54929915285928
120.91483977912152
121.28106805871678
121.64798399164509
122.01558757790639
122.38387881750073
122.75285771042812
123.12252425668851
123.49287845628193
123.86392030920838
124.23564981546784
124.60806697506032
124.98117178798586
125.3549642542444
125.72944437383596
126.10461214676057
126.48046757301819
126.8570106526088
127.2342413855325
127.61215977178918
127.99076581137889
128.37005950430165
128.7500408505574
129.1307098501462
129.512066503068
129.94920453133807
130.38812117773494
130.82881644225722
131.2712903249049
131.71554282567809
132.16157394457667
132.60938368160066
133.05897203675005
133.5103390100249
133.9634846014252
134.418408810951
134.8751116386021
135.33359308437872
135.79385314828073
136.2558918303082
136.71970913046113
137.1853050487394
137.65267958514318
138.12183273967236
138.592764512327
139.06547490310703
139.53996391201258
140.01623153904342
140.49427778419982
140.97410264748157
141.45570612888878
141.9390882284215
142.4242489460795
142.91118828186302
143.399906235772
143.89040280780637
144.3826779979662
144.87673180625137
145.37256423266206
145.8701752771982
146.36956493985974
146.87073322064674
147.37368011955908
147.87840563659694
148.3849097717602
148.8931925250489
149.40325389646307
149.91509388600264
150.42871249366755
150.94410971945803
151.4612855633739
151.98024002541518
152.50097310558198
153.02348480387417
153.54777512029176
154.07384405483486
154.60169160750337
155.13131777829727
155.66272256721663
156.19590597426145
156.7308679994316
157.26760864272734
157.8061279041484
158.34642578369494
158.88850228136687
159.43235739716425
159.9779911310871
160.52540348313534
161.07459445330903
161.6255640416082
162.17831224803268
162.73283907258264
163.2891445152581
163.8472285760589
164.40709125498518
164.96873255203695
165.53215246721408
166.0973510005166
166.6643281519447
167.23308392149812
167.803618309177
168.3759313149813
168.950022938911
169.52589318096625
170.1035420411468
170.68296951945285
171.2641756158843
171.84716033044123
172.43192366312354
173.01846561393137
173.60678618286454
174.1968853699231
174.78876317510725
175.38241959841673
175.9778546398516
176.575068299412
177.1740605770978
177.77483147290906
178.3773809868457
178.98170911890776
179.58781586909532
180.1957012374083
180.80536522384665
181.41680782841053
182.03002905109975
183.2576645518061
184.49921006984732
185.75466560521954
187.02403115792413
188.3073067279588
189.60449231532493
190.91558792002343
192.24059354205247
193.5795091814125
194.9323348381049
196.29907051212695
197.6797162034809
199.07427191216675
200.4827376381836
201.90511338153146
203.34139914221123
204.7915949202211
206.25570071556285
207.73371652823653
209.22564235824075
210.73147820557642
212.251224070244
213.78487995224168
215.3324458515708
216.89392176823276
218.46930770222434
220.05860365354783
221.66180962220278
223.27892560818827
224.90995161150522
226.55488763215453
228.2137336701344
229.88648972544524
231.57315579808756
233.27373188806132
234.98821799536609
236.71661412000276
238.45892026197043
240.2151364212691
241.98526259789924
243.76929879186036
245.56724500315295
247.37910123177653
249.20486747773248
251.04454374101897
252.898130021636
254.76562631958586
256.6470326348658
258.5423489674772
260.451575317421
262.55373134494585
264.67681776863265
266.8208345884823
268.9857818044984
271.1716594166792
273.3784674250237
275.606205829532
277.8548746302067
280.1244738270452
282.4150034200484
284.7264634092144
287.05885379454594
289.41217457604307
291.78642575370304
294.1816073275286
296.5977192975188
299.03476166367363
301.49273442599315
303.9716375844755
306.4714711391234
308.992235089936
311.53392943691324
314.09655418005514
316.6801093193617
319.2845948548329
321.9100107864688
324.5563571142666
327.22363383822994
329.9118409583598
332.6209784746534
335.35104638711164
338.10204469573455
340.8739734005212
343.6668325014725
346.4806219985867
349.3153418918673
352.1709921813135
355.0475728669235
357.9450839486981
360.86352542663644
363.80289730073946
366.76319957100714
369.74443223743765
372.74659530003555
375.7696887587972
378.8137126137226
381.87866686481357
384.9645515120683
388.07136655548766
391.1991119950717
395.13230850449327
399.1172009266811
403.1537892616543
407.24207350940196
411.38205366993134
415.57372974323516
419.8171017293207
424.11216962818435
428.4589334398297
432.8573931642495
437.3075488014547
441.8094003514343
446.362947814192
450.96819118973144
455.6251304780453
460.3337656791409
465.0940967930146
469.9061238196664
474.76984675909625
479.68526561130784
484.6523803762975
489.6711910540653
494.7416976446111
499.8639001479387
505.0377985640407
510.2633928929281
515.5406831345863
520.8696692890298
526.2503513562478
531.6827293362439
537.1668032290254
542.7025730345777
548.2900387529116
553.9292003840274
559.6200579279175
565.3626113845894
571.156860754043
577.0028060362711
582.9004472312809
588.8497843390651
594.850817359631
600.9035462929751
607.0079711390972
613.1640918980011
619.3719085696794
625.6314211541394
631.9426296513775
638.3055340613937
644.7201343841953
651.1864306197676
657.5488104190372
663.9567836860697
670.4103504208215
676.9095106232926
683.454264293483
690.0446114313891
696.6805520370144
703.3620861103591
710.089213651423
716.8619346602063
723.6802491367052
730.5441570809198
737.4536584928574
744.4087533725142
751.4094417198867
758.4557235349821
765.5475988177932
772.6850675683236
779.8681297865696
787.096785472535
794.3710346262233
801.6908772476272
809.0563133367432
816.4673428935857
823.923965918144
831.4261824104215
838.9739923704183
846.5673957981307
854.2063926935662
861.8909830567172
869.6211668875876
877.3969441861736
885.218314952479
893.0852791865036
900.9978368882475
908.9559880577108
916.9597326948897
925.0090707997915
933.104002372409
941.2445274127458
949.4306459207983
957.6623578965737
965.9396633400611
974.2625622512714
982.6310546302011
991.0451404768464
999.5048197912147
1008.0100925732986
1016.5609588231018
1025.1574185406207
1046.0413272247242
1067.4509021410777
1089.3861432898557
1111.8470506709418
1134.8336242844816
1158.3458641303587
1182.3837702086603
1206.947342519241
1232.0365810622461
1257.6514858376468
1283.7920568453555
1310.458294085518
1337.6501975580468
1365.367767262971
1393.6110032001452
1422.3799053698021
1451.6744737718545
1481.494708406186
1511.8406092730002
1542.7121763721516
1574.109409703582
1606.0323092674953
1638.480875063804
1671.45510709245
1704.955005353273
1735.965882800825
1767.2705274772306
1798.8689393824752
1830.7611185165442
1862.9470648794813
1895.4267784712865
1928.2002592919162
1961.2675073414139
1994.628522619736
2028.2833051269408
2062.2318548629555
2096.4741718278383
2131.0102560215746
2165.8401074441354
2200.9637260955933
2236.381111975861
2272.092265084997
2308.097185422972
2344.3958729897713
2380.9883277854824
2417.874549809989
2455.0545390633633
2492.528295545577
2530.2958192566293
2568.357110196841
2611.882176380197
2656.0987027167575
2701.006689206348
2746.606135848968
2792.8970426446176
2839.879409593297
2887.553236695181
2935.9185239500366
2984.9752713578637
3034.723478918837
3085.16314663284
3136.2942744998727
3188.1168625199934
3240.630910693202
3293.8364190194407
3347.7333874986507
3402.321816131065
3457.6017049165093
3513.5730538549833
3570.2358629463706
3627.5901321909623
3685.635861588642
3744.3730511393514
3803.8017008430324
3863.921810703352
4089.8718792917207
4329.216369460337
4581.955281211063
4848.0886145439
5127.616369460709
5420.538545958698
5726.855144037865
6046.566163698211
6379.671604941599
6726.17146776896
7086.065752176568
7459.354458167218
7846.037585739978
8246.115134892054
8659.587105629034
9086.453497947194
9526.714311848395
9980.369547329843
10447.419204394333
10927.863283041865
11421.701783269644
11928.934705081396
12449.562048473395
12983.583813449368
