1.0
1.0366012074446278
1.0732119477040434
1.1098322207782467
1.1464620266672378
1.183101365371017
1.2197502368895838
1.2564086412229387
1.2930765783710811
1.3297540483340116
1.3664410511117298
1.403137586704236
1.4398436551115297
1.4765592563336114
1.5132843903704811
1.5500190572221384
1.5867632568885837
1.623516989369817
1.660280254665838
1.6970530527766468
1.7338353837022433
1.770627247442628
1.8074286439978002
1.8442395733677603
1.8810600355525082
1.9178900305520439
1.9547295583663677
1.9915786189954792
2.0284372124393784
2.0653053386980655
2.1021829977715405
2.1390701896598037
2.1759669143628537
2.2128731718806924
2.249788962213319
2.286714285360733
2.323649141322935
2.3605935300999246
2.397547451691702
2.434510906098268
2.471483893319621
2.5084664133557624
2.5454584662066915
2.5824600518724083
2.619471170352913
2.6564918216482054
2.693522005758286
2.730561722683154
2.76761097242281
2.8046697549772537
2.8417380703464854
2.8788159185305044
2.915903299529312
2.953000213342907
2.99010665997129
3.027222639414461
3.06434815167242
3.1014831967451664
3.1386277746327007
3.175781885335023
3.212945528852133
3.250118705184031
3.287301414330716
3.3244936562921903
3.3616954310684513
3.3989067386595004
3.436127579065338
3.4733579522859626
3.5105978583213755
3.5478472971715758
3.5851062688365642
3.6223747733163405
3.6596528106109045
3.6969403807202563
3.7342374836443963
3.7715441193833237
3.808860287937039
3.8461859893055426
3.883521223488833
3.920865990486912
3.958220290299779
3.9955841229274336
4.032957488369876
4.070340386627106
4.107732817699124
4.14513478158593
4.182546278287524
4.2199673078039055
4.257397870135074
4.294837965281032
4.332287593241777
4.36974675401731
4.407215447607631
4.44469367401274
4.482181433232635
4.51967872526732
4.557185550116792
4.594701907781052
4.6322277982601
4.669763221553936
4.707308177662559
4.74486266658597
4.782426688324168
4.820000242877157
4.857583330244931
4.895175950427493
4.932778103424845
4.970389789236982
5.008011007863908
5.045641759305623
5.083282043562124
5.120931860633413
5.158591210519491
5.1962600932203555
5.23393850873601
5.271626457066451
5.309323938211679
5.347030952171695
5.3847474989465
5.422473578536093
5.460209190940473
5.497954336159641
5.535709014193596
5.57347322504234
5.6112469687058715
5.649030245184191
5.686823054477298
5.724625396585193
5.762437271507876
5.800258679245346
5.838089619797604
5.875930093164651
5.913780099346486
5.951639638343107
5.989508710154517
6.027387314780714
6.0652754522217
6.1031731224774735
6.141080325548034
6.178997061433384
6.21692333013352
6.254859131648445
6.292804465978157
6.330759333122658
6.368723733081946
6.406697665856022
6.444681131444886
6.4826741298485375
6.520676661066977
6.558688725100205
6.59671032194822
6.634741451611022
6.672782114088613
6.710832309380992
6.748892037488159
6.786961298410113
6.825040092146855
6.863128418698385
6.901226278064703
6.939333670245809
6.977450595241702
7.015577053052384
7.053713043677853
7.09185856711811
7.130013623373155
7.168178212442987
7.206352334327608
7.244535989027017
7.2827291765412125
7.320931896870197
7.359144150013968
7.397365935972528
7.435597254745876
7.473838106334012
7.512088490736934
7.550348407954645
7.588617857987144
7.626896840834431
7.665185356496505
7.703483404973368
7.741790986265018
7.780108100371456
7.818434747292682
7.856770927028696
7.895116639579498
7.933471884945087
7.971836663125464
8.010210974120628
8.048594817930582
8.086988194555323
8.12539110399485
8.163803546249166
8.202225521318272
8.240657029202165
8.279098069900844
8.317548643414312
8.356008749742568
8.39447838888561
8.432957560843441
8.471446265616061
8.509944503203467
8.548452273605662
8.586969576822645
8.625496412854414
8.664032781700973
8.702578683362319
8.741134117838453
8.779699085129376
8.818273585235085
8.856857618155582
8.895451183890867
8.93405428244094
8.972666913805803
9.01128907798545
9.049920774979887
9.088562004789111
9.127212767413123
9.165873062851922
9.204542891105511
9.243222252173886
9.28191114605705
9.320609572755004
9.359317532267742
9.398035024595268
9.436762049737583
9.475498607694686
9.514244698466577
9.553000322053256
9.591765478454722
9.630540167670976
9.669324389702018
9.708118144547846
9.746921432208465
9.785734252683872
9.824556605974063
9.863388492079046
9.902229910998814
9.94108086273337
9.979941347282717
10.018811364646847
10.05769091482577
10.096579997819475
10.135478613627972
10.174386762251256
10.213304443689328
10.252231657942188
10.291168405009834
10.330114684892271
10.369070497589492
10.408035843101503
10.447010721428303
10.485995132569888
10.524989076526264
10.563992553297425
10.603005562883375
10.642028105284112
10.681060180499639
10.720101788529954
10.759152929375054
10.798213603034943
10.83728380950962
10.876363548799086
10.915452820903338
10.954551625822377
10.993659963556206
11.032777834104822
11.071905237468227
11.111042173646418
11.150188642639398
11.189344644447166
11.22851017906972
11.267685246507066
11.306869846759195
11.346063979826114
11.385267645707822
11.424480844404314
11.463703575915599
11.502935840241667
11.542177637382526
11.581428967338173
11.620689830108606
11.659960225693828
11.699240154093836
11.738529615308634
11.777828609338219
11.817137136182591
11.856455195841754
11.895782788315701
11.935119913604439
11.97446657170796
12.013822762626274
12.053188486359375
12.092563742907261
12.131948532269938
12.1713428544474
12.210746709439652
12.25016009724669
12.289583017868518
12.329015471305134
12.368457457556534
12.407908976622727
12.447370028503704
12.48684061319947
12.526320730710024
12.565810381035366
12.605309564175496
12.644818280130412
12.684336528900118
12.723864310484611
12.763401624883892
12.802948472097961
12.842504852126817
12.882070764970463
12.921646210628893
12.961231189102113
13.000825700390124
13.040429744492917
13.080043321410502
13.119666431142871
13.159299073690033
13.19894124905198
13.238592957228715
13.278254198220237
13.317924972026548
13.357605278647647
13.397295118083532
13.436994490334206
13.476703395399669
13.516421833279917
13.556149803974956
13.59588730748478
13.635634343809395
13.675390912948796
13.715157014902985
13.754932649671963
13.794717817255725
13.834512517654279
13.874316750867617
13.914130516895748
13.953953815738664
13.993786647396366
14.03362901186886
14.073480909156137
14.113342339258205
14.153213302175061
14.193093797906704
14.232983826453134
14.272883387814352
14.312792481990359
14.352711108981154
14.392639268786736
14.432576961407106
14.472524186842262
14.512480945092209
14.552447236156942
14.592423060036465
14.632408416730774
14.67240330623987
14.712407728563756
14.752421683702428
14.792445171655888
14.832478192424137
14.872520746007172
14.912572832404997
14.952634451617609
14.992705603645009
15.032786288487195
15.072876506144171
15.112976256615935
15.153085539902484
15.193204356003825
15.23333270491995
15.273470586650866
15.313618001196568
15.353774948557058
15.393941428732337
15.434117441722401
15.474302987527256
15.5144980661469
15.554702677581327
15.594916821830545
15.635140498894549
15.675373708773343
15.715616451466921
15.755868726975292
15.796130535298449
15.836401876436392
15.876682750389124
15.916973157156644
15.957273096738952
15.997582569136048
16.03790157434793
16.0782301123746
16.118568183216063
16.158915786872306
16.199272923343344
16.239639592629167
16.280015794729778
16.320401529645174
16.36079679737536
16.40120159792033
16.44161593128009
16.48203979745464
16.522473196443975
16.562916128248098
16.60336859286701
16.64383059030071
16.684302120549198
16.724783183612473
16.765273779490535
16.805773908183383
16.846283569691025
16.88680276401345
16.92733149115066
16.967869751102665
17.008417543869456
17.04897486945103
17.089541727847397
17.13011811905855
17.17070404308449
17.211299499925218
17.25190448958074
17.29251901205104
17.33314306733613
17.373776655436014
17.41441977635068
17.455072430080136
17.495734616624382
17.53640633598341
17.57708758815723
17.61777837314584
17.65847869094923
17.699188541567416
17.739907925000388
17.780636841248146
17.82137529031069
17.862123272188025
17.902880786880147
17.943647834387058
17.984424414708755
18.025210527845243
18.066006173796517
18.106811352562573
18.147626064143424
18.18845030853906
18.229284085749487
18.2701273957747
18.3109802386147
18.351842614269486
18.392714522739062
18.433595964023425
18.474486938122578
18.51538744503652
18.556297484765246
18.597217057308757
18.638146162667063
18.679084800840155
18.720032971828033
18.7609906756307
18.801957912248156
18.842934681680394
18.883920983927425
18.924916818989242
18.96592218686585
19.006937087557244
19.047961521063424
19.088995487384395
19.130038986520148
19.171092018470695
19.21215458323603
19.253226680816148
19.294308311211058
19.335399474420754
19.376500170445237
19.41761039928451
19.45873016093857
19.499859455407417
19.540998282691053
19.582146642789475
19.623304535702683
19.664471961430685
19.70564891997347
19.746835411331045
19.78803143550341
19.82923699249056
19.870452082292495
19.911676704909222
19.952910860340737
19.994154548587037
20.035407769648128
20.076670523524005
20.117942810214668
20.15922462972012
20.20051598204036
20.24181686717539
20.283127285125207
20.324447235889814
20.365776719469203
20.407115735863382
20.44846428507235
20.489822367096107
20.541848810050183
20.593969716720444
20.64618508710681
20.69849492120929
20.750899219027872
20.803397980562565
20.855991205813364
20.90867889478027
20.961461047463285
21.014337663862406
21.067308743977634
21.12037428780897
21.17353429535642
21.22678876661997
21.280137701599628
21.333581100295394
21.38711896270727
21.44075128883525
21.494478078679336
21.54829933223953
21.602215049515834
21.656225230508248
21.710329875216765
21.76452898364139
21.818822555782123
21.873210591638966
21.927693091211914
21.982270054500965
22.036941481506133
22.0917073722274
22.146567726664777
22.201522544818264
22.256571826687857
22.311715572273556
22.366953781575365
22.42228645459328
22.4777135913273
22.533235191777433
22.58885125594367
22.644561783826013
22.700366775424467
22.756266230739026
22.812260149769692
22.868348532516467
22.92453137897935
22.98080868915834
23.03718046305344
23.09364670066464
23.150207401991953
23.206862567035373
23.2636121957949
23.32045628827053
23.377394844462273
23.43442786437012
23.49155534799408
23.548777295334144
23.606093706390315
23.663504581162595
23.721009919650978
23.778609721855474
23.836303987776077
23.894092717412782
23.9519759107656
24.009953567834522
24.068025688619553
24.126192273120694
24.184453321337937
24.24280883327129
24.30125880892075
24.35980324828632
24.418442151367994
24.47717551816578
24.536003348679667
24.59492564290967
24.653942400855772
24.713053622517986
24.772259307896306
24.831559456990732
24.89095406980127
24.950443146327913
25.01002668657066
25.06970469052952
25.129477158204487
25.189344089595558
25.249305484702738
25.309361343526025
25.36951166606542
25.42975645232092
25.49009570229253
25.55052941598025
25.61105759338407
25.671680234504002
25.732397339340043
25.79320890789219
25.854114940160443
25.91511543614481
25.976210395845275
26.03739981926185
26.09868370639454
26.160062057243326
26.233367391460604
26.307001496713966
26.3809643730033
26.455256020328584
26.52987643868984
26.604825628087042
26.68010358852021
26.755710319989333
26.831645822494423
26.907910096035465
26.98450314061246
27.061424956225444
27.13867554287436
27.216254900559242
27.294163029280078
27.372399929036888
27.450965599829637
27.529860041658353
27.609083254523036
27.688635238423664
27.768515993360268
27.848725519332817
27.929263816341333
28.010130884385802
28.091326723466224
28.172851333582642
28.254704714734984
28.336886866923294
28.41939779014757
28.5022374844078
28.585405949703983
28.66890318603612
28.752729193404235
28.83688397180829
28.921367521248328
29.006179841724304
29.091320933236247
29.176790795784143
29.262589429368006
29.348716833987822
29.43517300964362
29.521957956335356
29.609071674063046
29.696514162826716
29.784285422626326
29.872385453461902
29.960814255333432
30.04957182824093
30.13865817218438
30.228073287163795
30.317817173179165
30.407889830230488
30.498291258317792
30.589021457441035
30.680080427600245
30.771468168795423
30.86318468102654
30.955229964293636
31.047604018596672
31.14030684393569
31.233338440310646
31.326698807721556
31.420387946168447
31.51440585565129
31.608752536170087
31.70342798772485
31.798432210315568
31.893765203942237
31.989426968604874
32.08541750430349
32.181736811038036
32.27838488880856
32.37536173761504
32.47266735745747
32.570301748335865
32.6682649102502
32.76655684320052
32.86517754718679
32.96412702220903
33.0634052682672
33.16301228536136
33.26294807349146
33.363212632657536
33.46380596285957
33.56472806409755
33.6659789363715
33.76755857968139
33.86946699402726
33.97170417940907
34.074270135826865
34.177164863280595
34.28038836177029
34.38394063129596
34.487821671857574
34.592031483455145
34.69657006608868
34.80143741975819
34.90663354446363
35.012158440205056
35.118012106982434
35.2536593474658
35.390218820425076
35.527690525859356
35.666074463768524
35.80537063415278
35.94557903701201
36.086699672346214
36.22873254015536
36.37167764043954
36.515534973198726
36.660304538432825
36.805986336141984
36.95258036632612
37.100086628985196
37.248505124119305
37.397835851728416
37.548078811812445
37.69923400437153
37.851301429405595
38.004281086914574
38.15817297689861
38.31297709935765
38.46869345429167
38.62532204170063
38.78286286158462
38.94131591394358
39.100681198777494
39.26095871608646
39.42214846587035
39.58425044812924
39.74726466286316
39.91119111007205
40.07602978975589
40.24178070191479
40.408443846548636
40.57601922365751
40.7445068332413
40.913906675300126
41.08421874983395
41.255443056842694
41.427579596326495
41.6006283682853
41.77458937271899
41.94946260962777
42.1252480790115
42.3019457808702
42.47955571520393
42.658077882012634
42.83751228129631
43.017858913054965
43.19162239033659
43.36600416334977
43.541004232094764
43.716622596571455
43.89285925677996
44.06971421272016
44.2471874643922
44.425279011795936
44.603988854931515
44.78331699379882
44.96326342839785
45.143828158728695
45.325011184791265
45.506812506585646
45.689232124111726
45.872270037369645
46.05592624635926
46.240200751080664
46.42509355153385
46.61060464771876
46.79673403963545
46.9834817272839
47.170847710664134
47.35883198977615
47.54743456461986
47.73665543519539
47.92649460150264
48.116952063541675
48.308027821312464
48.49972187481504
48.692034224049365
48.88496486901545
49.078513809713286
49.27268104614291
49.46746657830428
49.66287040619744
49.8588925298223
50.055532949178996
50.25279166426739
50.45066867508763
50.64916398163953
50.84827758392328
51.04800948193875
51.248359675686004
51.449328165165014
51.65091495037578
51.8531200313183
52.05594340799266
52.25938508039869
52.46344504853653
52.808645127735645
53.15997416209348
53.517432151607636
53.88101909627858
54.2507349961063
54.626579851090355
55.00855366123119
55.396656426528125
55.79088814698207
56.19124882259234
56.59773845335917
57.01035703928255
57.42910458036249
57.85398107659876
58.28498652799203
58.722120934541636
59.16538429624734
59.614776613109825
60.070297885129094
60.53194811230469
60.99972729463707
61.473635432125775
61.953672524771264
62.43983857257308
62.932133575531225
63.430557533646606
63.935110446918316
64.4457923153459
64.96260313893072
65.48554291767186
66.01461165156934
66.54980934062314
67.09113598483418
67.63859158420155
68.19217613872524
68.75188964840572
69.31773211324253
69.88970353323612
70.46780390838603
71.05203323869273
71.64239152415621
72.23887876477556
72.84149496055215
73.45024011148462
74.06511421757386
74.68611727881944
75.3132492952218
75.94651026678048
76.5859001934964
77.2314190753682
78.88790889217489
80.58993323200048
82.33749209481175
84.13058548061599
85.9692133894132
87.85337582120337
89.78307277598651
91.75830425375898
93.77907025452441
95.84537077828281
97.9572058250269
100.11457539477124
102.3174794875049
104.56591810323152
106.85989124194384
109.19939890365276
111.58444108835829
114.0150177960495
116.49112902673005
119.0127747804072
121.57995505708095
124.1926698567404
126.85091917938917
129.55470302503454
132.30402139366925
135.09887428530055
137.93926169991755
140.82518363752752
143.75664009813408
146.73363108172634
149.7561565883152
152.82421661789704
155.9378111704682
159.09694024602868
162.30160384458577
165.55180196612855
168.84753461067157
172.18880177820392
175.57560346872197
179.00793968224025
182.48581041874422
186.0092156782448
189.57815546073834
193.19262976621758
196.85263859469342
200.55818194615495
204.30925982061672
208.10587221806782
211.94801913850824
215.83570058194164
220.80416495153622
225.8587618206875
230.9994911894246
236.2263530577402
241.53934742565616
246.93847429314337
252.4237336602382
257.995125526897
263.6526498931562
269.3963067589866
275.2260961244174
281.1420179894194
287.1440723540218
293.2322592181954
299.4065785819548
305.6670304453146
312.0136148082456
318.446331670777
324.9651810328796
331.57016289457533
338.26127725585684
345.03852411672415
351.90190347717
358.85141533721617
365.8870596968336
372.31050042197967
378.76635548243394
385.25462487830737
391.7753086096018
398.32840667631353
404.91391907844445
411.53184581599453
418.18218688896195
424.86494229735035
431.5801120411543
438.3276961203792
445.10769453502144
451.9201072850792
458.7649343705598
465.6421757914595
472.5518315477748
479.493901639511
486.4683860666646
493.47528482923735
500.5145979272311
507.58632536064033
514.6904671294651
521.8270232337145
528.9959936733794
536.1973784484635
558.0160607256694
580.9890714288922
605.1164105571806
630.3980781107675
656.8340740895364
684.4243984936038
713.1690513229696
743.0680325772846
774.1213422571309
806.3289803619264
839.6909468921367
874.2072418472962
909.8778652279871
946.7028170338599
984.6820972647984
1023.8157059210353
1064.1036430024542
1105.5459085091716
1148.142502441071
1191.8934247981524
1236.7986755805323
1282.8582547879778
1330.0721624209546
1378.4403984788805
1427.962962962105
1854.5128325521946
2311.1303364690393
2797.8154747057706
3314.5682472735643
3861.3886541631073
4438.276695376262
5045.232370913029
5682.255680771545
6349.34662495926
7046.505203468725
7773.731416301802
8531.02526345849
9318.386744942516
10135.815860744566
10983.312610873953
11860.876995326951
12768.509014107287
13706.208667209372
14673.975954631343
15671.810876380652
16699.713432455435
17757.68362285383
18845.721447575837
19963.82690661773
21111.999999988824
