142
99
264
137
722
83
121
398
176
247
199
191
275
115
73
118
536
222
222
198
166
194
210
112
136
96
84
611
80
587
89
156
112
67
1361
65
158
257
399
91
74
474
179
154
276
4434
285
263
111
295
204
143
123
191
137
117
202
163
183
126
241
222
218
1038
717
162
170
420
375
1572
295
283
167
498
178
383
138
166
193
1786
147
1322
941
188
138
207
211
156
230
196
150
166
161
207
368
199
157
680
258
242
5152
1134
662
72
911
304
2129
206
113
358
163
165
824
173
197
303
911
5705
233
1180
215
208
203
179
183
171
305
315
953
305
379
148
222
810
612
228
254
228
192
331
306
283
477
56
84
120
108
237
37
75
258
250
437
563
892
718
676
312
1549
313
677
304
318
228
1033
579
199
267
337
302
297
953
1559
198
411
774
168
1135
2561
311
511
174
122
172
601
2772
257
275
107
164
359
361
2398
212
203
213
195
181
465
206
179
89
262
273
124
1243
457
842
143
373
459
552
131
110
631
231
2262
130
104
653
116
205
140
310
364
150
1323
2957
207
367
496
182
206
1371
342
225
298
2568
7201
604
257
298
5334
111
98
178
256
214
416
144
161
152
601
152
123
153
99
181
233
233
134
129
120
196
3278
365
291
320
486
665
911
233
65
57
517
108
84
107
283
233
300
82
257
645
5117
337
261
228
372
260
815
157
135
220
105
422
344
58
69
589
206
453
2329
69
402
755
492
174
512
876
432
270
1140
555
138
406
451
60
424
77
376
213
234
472
408
334
185
238
552
234
84
849
80
577
73
816
241
198
21404
275
604
1404
283
226
252
129
1202
308
139
1816
495
205
248
1358
398
306
100
261
332
470
887
262
225
1251
120
286
135
256
317
93
71
359
288
254
607
296
191
135
246
384
255
2281
236
221
231
241
1675
139
144
241
117
130
201
290
376
225
229
555
292
337
88
196
87
292
336
75
87
293
420
187
230
123
111
912
1268
399
87
63
88
444
417
422
313
51
251
74
94
254
191
433
1148
340
197
307
274
163
293
245
367
153
326
35
79
2081
415
284
465
584
248
603
985
212
1895
127
406
86
111
122
34
61
535
91
186
71
158
106
152
918
1541
118
504
926
226
1055
949
539
419
169
137
305
41
414
282
233
213
316
143
188
203
101
133
188
175
141
152
1283
301
287
528
99
101
145
134
352
86
178
123
125
474
140
124
120
179
219
145
189
139
196
841
231
245
249
222
201
226
214
646
299
206
326
157
151
177
210
172
606
793
112
108
885
178
1037
251
398
278
603
275
368
413
268
691
281
703
206
239
411
294
203
76
279
101
384
23
190
481
228
310
306
1014
571
2908
314
379
302
149
836
303
175
198
125
1943
270
737
136
207
294
7005
584
243
369
231
234
202
229
222
204
218
220
234
196
292
211
223
402
121
821
304
128
196
169
7033
1700
939
1403
192
176
134
608
767
116
147
193
146
842
183
169
134
158
415
2122
795
433
255
839
962
194
156
331
166
1686
257
404
690
1039
340
1072
1108
1105
420
213
276
605
428
1732
467
168
370
834
337
152
1471
337
420
45
339
1559
624
319
414
744
2524
330
395
156
386
405
476
145
2673
371
997
347
1028
353
179
2789
1500
5973
242
405
79
108
4542
116
159
236
1516
104
147
143
315
135
41
4264
99
404
125
92
362
109
378
59
1623
104
191
209
69
2374
822
4357
462
388
5886
347
381
2757
192
1460
3631
502
182
177
384
307
333
1593
201
234
880
64
24
1063
71
58
55
136
37
200
2795
177
432
1161
198
275
778
309
269
15256
122
630
6110
772
451
3206
3983
700
561
338
3309
749
706
636
1305
317
314
721
1345
807
2125
152
2496
5741
765
165
1128
179
234
475
232
214
127
148
864
872
426
976
171
154
94
444
92
134
327
1099
900
942
1532
3624
1638
148
1657
217
213
856
60
194
159
314
103
87
200
258
198
758
161
518
282
143
511
916
228
1090
319
115
1872
353
486
182
472
231
2174
592
260
1142
182
294
247
