23.0
23.721724268987273
24.442457571510356
25.162199907569246
25.880951277163945
26.598711680294453
27.31548111696077
28.031259587162893
28.746047090900824
29.459843628174568
30.172649198984114
30.88446380332947
31.595287441210637
32.30512011262761
33.013961817580395
33.72181255606898
34.428672328093384
35.13454113365359
35.839418972749606
36.54330584538143
37.246201751549066
37.948106691252505
38.64902066449176
39.34894367126682
40.04787571157768
40.74581678542436
41.442766892806844
42.138726033725135
42.83369420817924
43.52767141616914
44.22065765769486
44.91265293275639
45.60365724135372
46.293670583486865
46.98269295915581
47.670724368360574
48.35776481110115
49.04381428737752
49.7288727971897
50.41294034053769
51.096016917421494
51.77810252784111
52.45919717179652
53.13930084928775
53.81841356031478
54.496535304877625
55.173666082976276
55.84980589461074
56.52495473978101
57.19911261848708
57.87227953072897
58.544455476506656
59.21564045582016
59.88583446866947
60.555037515054586
61.22324959497551
61.89047070843225
62.55670085542479
63.221940035953146
63.8861882500173
64.54944549761727
65.21171177875304
65.87298709342463
66.53327144163202
67.19256482337522
67.85086723865425
68.50817868746906
69.16449916981968
69.81982868570611
70.47416723512836
71.12751481808641
71.77987143458026
72.43123708460993
73.08161176817542
73.73099548527671
74.3793882359138
75.0267900200867
75.67320083779539
76.3186206890399
76.96304957382023
77.60648749213637
78.2489344439883
78.89039042937605
79.5308554482996
80.17032950075897
80.80881258675413
81.4463047062851
82.08280585935191
82.71831604595451
83.35283526609291
83.98636351976712
84.61890080697714
85.25044712772296
85.88100248200462
86.51056686982206
87.13914029117531
87.76672274606437
88.39331423448925
89.01891475644993
89.64352431194642
90.26714290097871
90.88977052354683
91.51140717965073
92.13205286929045
92.75170759246599
93.37037134917732
93.98804413942449
94.60472596320743
95.2204168205262
95.83511671138078
96.44882563577114
97.06154359369734
97.67327058515934
98.28400661015714
98.89375166869077
99.50250576076019
100.1102688863654
100.71704104550645
101.32282223818329
101.92761246439595
102.53141172414442
103.13422001742869
103.73603734424877
104.33686370460467
104.93669909849636
105.53554352592387
106.13339698688718
106.7302594813863
107.32613100942125
107.92101157099198
108.51490116609853
109.10779979474088
109.69970745691904
110.29062415263303
110.8805498818828
111.46948464466838
112.0574284409898
112.64438127084699
113.23034313424
113.81531403116884
114.39929396163346
114.98228292563391
115.56428092317016
116.1452879542422
116.72530401885008
117.30432911699376
117.88236324867323
118.45940641388853
119.03545861263963
119.61051984492654
120.18459011074926
120.75766941010777
121.32975774300212
121.90085510943227
122.47096150939822
123.04007694289999
123.60820140993756
124.17533491051095
124.74147744462014
125.30662901226515
125.87078961344595
126.43395924816258
126.996137916415
127.55732561820324
128.11752235352725
128.67672812238715
129.23494292478279
129.79216676071425
130.34839963018152
130.9036415331846
131.4578924697235
132.0111524397982
132.5634214434087
133.11469948055503
133.66498655123718
134.2142826554551
134.7625877932088
135.30990196449838
135.85622516932375
136.4015574076849
136.9458986795819
137.48924898501468
138.03160832398325
138.57297669648767
139.11335410252786
139.65274054210388
140.1911360152157
140.72854052186335
141.2649540620468
141.80037663576604
142.3348082430211
142.868248883812
143.40069855813863
143.93215726600113
144.46262500739942
144.99210178233352
145.52058759080342
146.04808243280914
146.57458630835066
147.100099217428
147.62462116004113
148.1481521361901
148.67069214587485
149.19224118909543
149.7127992658518
150.23236637614397
150.75094251997197
151.2685276973358
151.78512190823537
152.3007251526708
152.81533743064202
153.32895874214907
153.84158908719192
154.35322846577054
154.86387687788502
155.37353432353527
155.88220080272134
156.38987631544325
156.89656086170092
157.40225444149445
157.90695705482372
158.41066870168885
158.9133893820898
159.4151190960265
159.91585784349905
160.41560562450744
160.91436243905156
161.41212828713154
161.90890316874732
162.4046870838989
162.8994800325863
163.39328201480947
163.8860930305685
164.3779130798633
164.86874216269393
165.3585802790604
165.84742742896262
166.33528361240067
166.82214882937456
167.3080230798842
167.7929063639297
168.27679868151094
168.75970003262805
169.24161041728095
169.72252983546966
170.2024582871942
170.6813957724545
171.15934229125062
171.63629784358258
172.1122624294503
172.5872360488539
173.06121870179328
173.53421038826843
174.00621110827942
174.4772208618262
174.9472396489088
175.41626746952724
175.88430432368142
176.35135021137148
176.8174051325973
177.28246908735895
177.7465420756564
178.20962409748964
178.67171515285872
179.13281524176358
179.5929243642043
180.05204252018078
180.51016970969306
180.96730593274117
181.4234511893251
181.87860547944481
182.33276880310035
182.78594116029169
183.23812255101885
183.68931297528184
184.13951243308057
184.58872092441516
185.03693844928551
185.48416500769173
185.93040059963374
186.37564522511155
186.81989888412517
187.2631615766746
187.70543330275981
188.14671406238085
188.58700385553772
189.02630268223038
189.46461054245884
189.9019274362231
190.33825336352322
190.77358832435908
191.2079323187308
191.6412853466383
192.07364740808163
192.50501850306074
192.9353986315757
193.36478779362642
193.793185989213
194.22059321833532
194.64700948099352
195.07243477718748
195.49686910691725
195.92031247018286
196.34276486698425
196.76422629732144
197.18469676119446
197.60417625860327
198.0226647895479
198.4401623540283
198.85666895204454
199.27218458359658
199.68670924868445
200.1002429473081
200.51278567946758
200.92433744516285
201.33489824439394
201.74446807716083
202.15304694346355
202.56063484330207
202.96723177667639
203.3728377435865
203.77745274403244
204.1810767780142
204.58370984553176
204.98535194658513
205.38600308117427
205.78566324929926
206.18433245096006
206.58201068615665
206.97869795488904
207.37439425715726
207.7690995929613
208.16281396230113
208.55553736517675
208.94726980158822
209.33801127153546
209.72776177501854
210.11652131203738
210.50428988259208
210.89106748668257
211.27685412430887
211.66164979547096
212.0454545001689
212.4282682384026
212.81009101017216
213.1909228154775
213.57076365431863
213.9496135266956
214.32747243260837
214.70434037205695
215.08021734504132
215.4551033515615
215.82899839161752
216.20190246520932
216.5738155723369
216.9447377130004
217.31466888719956
217.68360909493458
218.05155833620546
218.41851661101214
218.78448391935459
219.1494602612329
219.51344563664696
219.87644004559687
220.2384434880825
220.59945596410404
220.95947747366137
221.3185080167545
221.67654759338342
222.03359620354817
222.38965384724872
222.7447205244851
223.09879623525728
223.4518809795652
223.80397475740898
224.15507756878858
224.505189413704
224.85431029215522
225.20244020414225
225.54957914966508
225.8957271287237
226.24088414131808
226.58505018744836
226.9282252671144
227.2704093803163
227.61160252705398
227.95180470732748
228.29101592113676
228.62923616848187
228.96646544936274
229.30270376377945
229.63795111173198
229.97220749322034
230.3054729082445
230.63774735680443
230.9690308389002
231.2993233545318
231.62862490369918
231.9569354864023
232.28425510264128
232.61058375241612
232.93592143572673
233.26026815257313
233.5836239029554
233.90598868687343
234.2273625043273
234.5477453553169
234.86713723984235
235.18553815790364
235.50294810950072
235.8193670946336
236.1347951133023
236.44923216550683
236.76267825124714
237.07513337052325
237.38659752333513
237.6970707096829
238.00655292956642
238.3150441829858
238.62254446994098
238.92905379043196
239.23457214445872
239.53909953202134
239.84263595311967
240.14518140775388
240.4467358959239
240.74729941762973
241.04687197287137
241.3454535616488
241.64304418396205
241.93964383981114
242.23525252919592
242.5298702521166
242.8234970085731
243.1161327985654
243.40777762209348
243.69843147915742
243.9880943697571
244.27676629389265
244.564447251564
244.85113724277107
245.136836267514
245.4215443257928
245.70526141760735
245.98798754295774
246.26972270184393
246.55046689426592
246.83022012022371
247.1089823797173
247.3867536727467
247.66353399931194
247.93932335941298
248.21412175304982
248.48792918022247
248.76074564093093
249.0325711351752
249.30340566295524
249.57324922427114
249.8421018191228
250.10996344751032
250.37683410943362
250.64271380489274
250.90760253388768
251.17150029641843
251.43440709248497
251.69632292208726
251.95724778522543
252.2171816818994
252.47612461210917
252.73407657585477
252.99103757313617
253.24700760395336
253.5019866683064
253.75597476619515
254.00897189761977
254.26097806258022
254.5119932610765
254.76201749310852
255.0110507586764
255.25909305778006
255.50614439041954
255.75220475659478
255.99727415630588
256.2413525895528
256.48444005633553
256.726536556654
256.9676420905083
257.20775665789847
257.4468802588244
257.68501289328617
257.9221545612837
258.15830526281707
258.39346499788627
258.6276337664913
258.8608115686321
259.0929984043087
259.3241942735211
259.55439917626927
259.78361311255327
260.0118360823731
260.2390680857288
260.81380915331454
261.39033614711207
261.96864906712034
262.5487479133392
263.1306326857688
263.714303384409
264.2997600092599
264.88700256032143
265.4760310375937
266.0668454410767
266.65944577077016
267.25383202667444
267.8500042087894
268.44796231711507
269.0477063516513
269.6492363123982
270.2525521993558
270.85765401252416
271.46454175190314
272.0732154174928
272.6836750092931
273.2959205273041
273.90995197152574
274.5257693419581
275.1433726386011
275.7627618614547
276.38393701051905
277.0068980857941
277.6316450872798
278.2581780149762
278.88649686888317
279.5166016490009
280.14849235532927
280.7821689878683
281.41763154661805
282.0548800315784
282.6939144427495
283.33473478013127
283.97734104372364
284.6217332335268
285.2679113495405
285.915875391765
286.56562536020004
287.2171612548458
287.8704830757023
288.52559082276935
289.1824844960472
289.84116409553565
290.50162962123477
291.1638810731446
291.8279184512651
292.4937417555962
293.161350986138
293.8307461428906
294.5019272258537
295.1748942350276
295.849647170412
296.5261860320072
297.20451081981315
297.88462153382966
298.56651817405685
299.25020074049473
299.9356692331433
300.62292365200256
301.31196399707244
302.00279026835295
302.69540246584415
303.3898005895461
304.08598463945873
304.783954615582
305.4837105179158
306.18525234646046
306.8885801012157
307.59369378218173
308.3005933893583
309.0092789227456
309.71975038234353
310.4320077681522
311.1460510801715
311.8618803184015
312.57949548284205
313.29889657349344
314.0200835903554
314.7430565334281
315.4678154027115
316.1943601982054
316.9226909199101
317.6528075678255
318.3847101419516
319.1183986422882
319.8538730688355
320.59113342159355
321.3301797005623
322.0710119057418
322.8136300371318
323.55803409473253
324.30422407854394
325.052199988566
325.8019618247988
326.5535095872422
327.4056748282858
328.26158305598506
329.1212342703384
329.9846284713457
330.851765659007
331.72264583332253
332.5972689942921
333.47563514191563
334.3577442761932
335.243596397125
336.1331915047107
337.02652959895056
337.9236106798445
338.8244347473923
339.72900180159434
340.63731184245046
341.5493648699605
342.46516088412477
343.38469988494296
344.3079818724152
345.23500684654164
346.1657748073221
347.10028575475656
348.03853968884505
348.9805366095876
349.92627651698433
350.8757594110351
351.82898529173985
352.78595415909854
353.7466660131114
354.7111208537784
355.6793186810994
356.65125949507456
357.62694329570354
358.6063700829868
359.58953985692403
360.57645261751543
361.5671083647609
362.5615070986602
363.55964881921363
364.5615335264213
365.56716122028286
366.5765319007986
367.5896455679682
368.6065022217921
369.6271018622699
370.6514444894019
371.67953010318786
372.71135870362787
373.74693029072193
374.7862448644702
375.82930242487237
376.8761029719286
377.9266465056389
378.9809330260033
380.03896253302185
381.10073502669434
382.1662505070209
383.2355089740015
384.30851042763607
385.3852548679249
386.4657422948677
387.54997270846457
388.6379461087155
389.72966249562046
390.8251218691795
391.9243242293927
393.02726957625987
394.133957909781
395.24438922995637
396.3585635367857
397.4764808302691
398.5981411104067
399.7235443771981
400.8526906306437
401.9855798707433
403.12221209749714
404.2625873109049
405.4067055109666
406.5545666976825
407.70617087105256
408.86151803107657
410.02060817775464
411.18344131108665
412.35001743107296
413.5203365377132
414.6943986310075
415.8722037109559
417.0537517775582
418.2390428308148
419.42807687072525
420.62085389728986
421.81737391050854
423.01763691038116
424.22164289690795
425.4293918700889
426.64088382992384
427.8561187764128
429.07509670955574
430.29781762935283
431.6609842660014
433.0306008740574
434.40666745352337
435.78918400440034
437.178150526687
438.57356702038464
439.97543348549266
441.3837499220108
442.7985163299395
444.2197327092781
445.64739906002774
447.0815153821875
448.52208167575736
449.96909794073804
451.4225641771286
452.88248038493
454.3488465641419
455.82166271476353
457.3009288367962
458.7866449302387
460.27881099509204
461.7774270313557
463.2824930390293
464.7940090181139
466.3119749686084
467.8363908905137
469.3672567838287
470.9045726485549
472.44833848469125
473.9985542922375
475.55522007119475
477.1183358215619
478.6879015433399
480.2639172365282
481.8463829011264
483.4352985371356
485.0306641445545
486.63247972338445
488.2407452736247
489.8554607952749
491.47662628833586
493.10424175280696
494.7383071886886
496.37882259598086
498.025787974683
499.67920332479594
501.339068646319
503.00538393925285
504.67814920359683
506.35736443935093
508.8726447315985
511.42690892019345
514.0201570051049
516.6523889863311
519.3236048638792
522.0338046377383
524.7829883079194
527.571155874417
530.3983073372292
533.264442696358
536.1695619518032
539.1136651035686
542.096752151645
545.1188230960433
548.1798779367546
551.2799166737877
554.4189393071301
557.5969458367963
560.8139362627808
564.0699105850745
567.3648688036901
570.6988109186204
574.0717369298709
577.4836468374306
580.9345406413158
584.4244183415121
587.9532799380268
591.5211254308615
595.1279548200091
598.7737681054768
602.4585652872556
606.1823463653564
609.9451113397718
613.7468602105037
617.587592977552
621.4673096409206
625.386010200602
629.3436946566017
633.3403630089215
637.3760152575542
641.4506514025034
645.5642714437708
649.7168753813567
653.9084632152553
658.1390349454741
662.4085905720058
666.7171300948594
671.064653514024
675.4511608295106
679.8766520413155
683.7627287747418
687.6651071152046
691.5837870627784
695.5187686174622
699.4700517792571
703.4376365481612
707.4215229241754
711.4217109073006
715.438200497536
719.4709916948814
723.5200844993369
727.5854789109035
731.6671749295801
735.7651725553669
739.8794717882638
744.0100726282717
748.1569750753897
752.320179129616
756.4996847909551
760.6954920594035
764.9076009349628
769.1360114176314
773.3807235074119
777.6417372043015
781.9190525083022
786.2126694194121
790.522587937633
794.8488080629631
799.1913297954043
803.5501531349564
807.9252780816187
812.316704635391
816.7244327962726
821.148462564267
825.5887939393697
830.0454269215825
834.5183615109072
839.0075977073402
843.5131355108833
848.0349749215393
852.5731159393035
857.1275585641797
861.6983027961651
866.2853486352606
870.888696081468
875.5083451347837
880.1442957952104
884.7965480627481
889.4651019373941
894.1499574191521
899.0623603299573
903.9993489977951
908.9609234226264
913.9470836044493
918.9578295432639
923.9931612390701
929.053078691868
934.1375819016575
939.2466708684406
944.3803455922134
949.5386060729797
954.7214523107359
959.9288843054856
965.1609020572268
970.4175055659598
975.6986948316826
981.0044698543988
986.3348306341068
991.6897771708082
997.0693094644994
1002.4734275151823
1007.9021313228586
1013.3554208875266
1018.8332962091863
1024.3357572878376
1029.8628041234806
1035.4144367161152
1040.9906550657415
1046.5914591723595
1052.2168490359709
1057.8668246565721
1063.5413860341669
1069.2405331687532
1074.9642660603295
1080.712584708901
1086.4854891144623
1092.2829792770135
1098.1050551965582
1103.9517168730963
1109.8229643066243
1115.718797497144
1121.639216444657
1127.5842211491617
1133.5538116106563
1139.5479878291462
1145.566749804626
1151.6100975370973
1157.6780310265603
1163.7705502730169
1169.8876552764632
1182.2315153536038
1194.843183513818
1207.7226597571862
1220.8699440836644
1234.2850364932674
1247.9679369860241
1261.918645561891
1276.1371622209554
1290.6234869630862
1305.3776197883853
1320.3995606967947
1335.6893096883578
1351.246866763031
1367.0722319208726
1383.1654051618389
1399.5263864859153
1416.15517589316
1433.051773383515
1450.216178957009
1467.648392613657
1485.3484143534442
1503.316244176327
1521.5518820823781
1540.0553280715249
1558.826582143869
1576.8847469048342
1595.135266103025
1613.5781397386454
1632.2133678116516
1651.040950322029
1670.0608872698213
1689.2731786549848
1708.6778244775633
1728.274824737542
1748.0641794349067
1768.0458885696717
1788.2199521418079
1808.586370151359
1829.1451425983105
1849.8962694826187
1870.8397508043563
1891.9755865634506
1913.3037767599744
1934.8243213939131
1956.537220465194
1978.4424739739043
2000.5400819199713
2022.8300443034677
2045.3123611243645
2067.987032382618
2113.847645147587
2161.66934981721
2211.4521463909186
2263.196034869179
2316.9010152511764
2372.567087537842
2430.194251728826
2489.782507824013
2551.3318558235187
2614.8422957273433
2680.3138275353704
2747.7464512478327
2817.1401668644976
2888.494974385132
2961.8108738104347
3037.0878651398234
3114.325948373764
3193.5251235117903
3274.6853905540192
3357.8067495008
3442.8892003516667
3529.9327431069687
3618.937377766357
3709.903104329831
3802.8299227979733
4202.243243893608
4627.042688496411
5077.228256592527
5552.799948193133
6053.7577632870525
6580.1017018817365
7131.8317639790475
7708.947949569672
8311.450258664787
8939.338691253215
9592.613247346133
10271.273926932365
10975.320730021223
11704.753656607121
12459.572706693783
13239.777880275622
14045.36917736195
14876.346597941592
15732.710142023861
16614.459809601307
17521.595600683242
18454.11751525849
19412.025553336367
20395.31971490942
21403.9999999851
