43
347
10
121
45
27
45
44
196
27
46
133
68
29
81
137
104
119
61
129
32
87
17
27
38
54
115
23
184
27
45
28
37
984
34
76
124
154
38
240
76
81
148
4244
131
132
43
221
112
69
59
112
54
22
103
73
69
46
64
57
148
536
411
80
77
101
69
1314
88
118
26
396
81
180
53
82
27
380
495
71
55
75
68
108
65
83
75
107
181
107
23
207
57
47
1542
923
120
34
640
206
145
73
30
188
23
41
463
57
57
115
890
62
130
84
80
63
29
69
64
106
173
341
67
262
56
62
650
331
57
105
60
57
50
53
181
16
10
90
60
61
215
235
275
1
161
1094
204
206
171
244
210
214
311
71
231
56
223
51
45
55
87
1029
164
57
44
47
266
277
945
81
82
78
77
80
195
77
62
37
99
228
81
1195
407
239
99
329
410
505
52
70
100
85
72
1
71
163
101
246
202
107
191
2414
117
147
125
199
175
102
97
5805
68
48
3421
30
82
162
124
163
57
72
68
384
69
72
52
46
69
83
100
74
75
76
152
593
307
232
222
417
284
249
184
27
28
197
29
34
38
222
164
240
33
211
261
1235
183
111
181
308
203
668
57
100
173
53
157
280
27
30
212
162
34
2267
37
328
254
40
69
422
179
368
220
577
465
41
321
386
30
168
30
322
171
32
433
329
136
147
200
360
157
40
270
39
184
197
174
152
8333
220
247
1274
124
173
134
1017
85
558
282
137
1255
198
154
49
137
85
123
386
113
1065
35
39
80
42
39
251
150
157
80
1731
114
36
1
45
109
157
153
142
212
1
188
31
26
230
267
220
172
87
45
260
38
28
30
351
360
31
30
40
1
1
159
61
1082
59
54
66
287
47
45
128
18
346
42
119
39
40
19
21
446
289
69
186
970
147
164
44
35
49
160
115
56
61
113
58
49
1089
54
48
126
54
51
107
80
118
52
117
60
56
238
98
58
56
70
69
109
71
83
75
140
71
70
91
72
95
72
87
486
150
96
159
70
70
89
123
70
362
534
26
41
696
117
193
59
138
68
363
61
160
181
66
475
67
233
107
94
131
166
126
31
144
45
65
178
33
221
104
185
83
74
81
76
1053
84
27
105
204
836
282
77
320
121
79
80
84
81
77
82
78
97
79
87
83
92
172
163
78
1
1473
281
179
102
80
39
231
594
45
54
44
49
571
85
79
36
53
126
409
295
125
51
397
320
79
70
81
11
1036
110
348
967
648
651
965
366
109
559
381
1688
58
327
770
284
46
304
286
346
288
280
280
72
567
273
368
658
110
274
335
48
348
335
53
2611
308
914
115
970
278
46
258
792
5208
163
530
1
644
295
23
141
21
1357
63
71
147
2400
216
2087
251
2663
479
3436
214
52
68
61
130
1096
83
108
144
33
1014
39
34
32
97
377
377
115
213
55
61
165
85
125
682
39
51
13429
27
572
1718
706
159
3119
202
604
263
184
2800
640
664
585
772
129
116
220
565
305
67
1381
206
402
37
473
36
94
93
31
7
61
63
1
329
80
29
29
330
28
26
614
104
276
106
108
276
2626
1311
63
1094
80
80
323
24
90
26
167
37
37
63
198
110
321
103
206
52
96
148
279
94
371
108
41
331
95
416
89
221
128
1791
171
28
1008
23
147
104
