800
1877
1479
713
7932
2063
3233
4188
857
2024
10031
1563
1782
1533
2513
4145
5434
1020
637
2006
1336
2199
1259
904
1473
1182
7510
1008
622
1483
807
1428
1285
64488
1681
631
2867
3859
1444
1287
1008
3863
1209
4465
1960
2591
999
3306
3001
897
1863
660
1142
1286
3424
5451
1638
3215
2205
467
586
1154
3858
2026
1780
4048
6954
686
990
512
601
3367
1279
993
678
837
1364
1323
1793
1190
1863
529
1505
3903
1378
2540
2266
2863
566
3178
2062
1697
4051
1439
4720
1541
855
726
1479
2348
1031
5074
1680
981
4117
4880
5045
1150
5429
29583
1285
2844
478
1914
1204
4235
1774
683
876
1356
14363
646
1109
1427
847
5581
696
2459
8423
3180
988
445
5289
29731
1167
2584
2348
682
2248
2729
1175
1994
1154
3031
5527
1934
2238
2041
1016
305
6464
1764
1136
1972
4123
1342
1509
1722
676
1727
1710
1789
1097
2421
1959
3276
2190
5494
683
888
1228
974
1121
3807
999
826
1064
3583
1930
1518
3583
944
2091
1286
1527
829
10139
1493
12519
4506
485
3449
1167
6650
1925
3246
5703
4067
1654
1748
2273
4635
3552
1327
1726
786
1888
1656
1297
687
1060
3121
1541
737
1457
3887
1804
7051
2120
2102
1704
4335
1231
898
765
641
1106
2824
1262
1442
1284
1087
1857
2162
1158
1343
1368
993
2503
1476
1162
2006
904
821
1086
3812
6113
2327
2880
940
1686
856
1450
5976
2405
1314
2440
1969
1130
1691
15932
1400
2129
822
1348
2244
2330
586
8358
1437
1115
3558
1031
1202
945
1577
865
7386
697
1367
1562
4181
5152
1309
1997
1941
618
2044
861
3403
1226
1576
4076
652
594
6555
2188
39801
1875
1320
511
1194
2244
489
2848
992
1147
1403
787
1310
635
1262
580
6667
2554
965
1097
1248
3152
1119
1794
539
2388
2095
1590
6652
464
1362
1921
1033
1312
3184
952
29109
1959
1531
4230
1188
664
5363
1369
787
1352
1273
1443
890
425
1629
3137
848
4710
14451
7628
13051
1934
1373
3005
1676
261
2580
974
900
512
1141
548
18861
1586
1683
2770
930
533
3936
704
570
1212
2149
5953
1755
911
665
2431
1891
31681
1427
4809
998
1139
3357
2091
1580
4173
1493
4628
3444
1567
1005
700
478
1712
1504
1688
1283
4543
3756
898
428
981
1888
2337
1332
6026
4562
2054
886
3019
1664
5025
269
3439
1003
1301
2295
2640
1189
1715
1073
5424
9034
584
1210
30590
693
1128
982
695
4258
948
1972
930
1011
2103
749
2002
5385
696
3798
966
1462
872
1563
2313
11525
361
2302
928
689
1294
717
13238
10149
1312
835
2914
987
903
5635
23877
1011
556
1497
3741
1173
3166
40735
649
4944
3619
4510
817
1478
1802
739
2920
1237
3839
725
2950
4980
2168
1154
6478
792
5796
2114
1166
981
1616
2040
1914
1028
4956
1658
1328
1693
1590
3219
2653
862
519
1376
2492
3879
3122
2745
1617
1552
2532
619
5242
701
1678
376
1538
313
4379
3964
1710
1015
6609
1095
652
18052
889
1477
1372
739
2544
1510
1266
756
803
766
2077
2043
1420
1059
7388
1153
597
1718
2090
770
2671
855
1135
1040
735
932
881
883
2097
1279
2085
1135
2100
858
1851
1631
1631
5569
850
989
779
4022
959
3436
1270
2157
3211
2127
808
1244
2658
1640
687
2867
8916
1306
6138
7897
2809
1302
3648
1713
2227
867
1694
3319
834
1235
388
1596
5504
1725
1038
1394
66004
1608
1930
1822
1490
1209
789
16817
767
709
849
984
4591
2623
994
20770
4773
1384
9105
1591
1996
1850
1398
5269
3207
3151
692
1005
3355
9090
726
1286
1567
1155
68167
4066
1559
2531
1963
3019
1067
1268
28382
3673
1371
3741
718
711
927
611
785
3372
1558
2351
1894
812
2196
1185
691
6070
3415
1406
3510
4038
1639
2960
6640
1204
3627
934
631
3350
1311
3366
3264
7758
1299
2520
1784
1631
897
3183
1455
623
1184
4620
1155
542
820
2065
2079
598
674
1413
604
19275
1701
579
1120
4779
4073
540
3293
3383
4488
10862
1028
22736
2668
2397
2407
3947
1859
8438
830
1048
2928
741
3863
24921
332
1283
4681
387
978
476
805
3263
2345
1047
2139
2647
1780
1883
13751
3963
903
653
4267
1822
2038
1439
6756
1141
2030
566
776
834
1075
1043
1832
673
1063
1735
2906
5270
3144
1201
784
588
5846
2800
649
563
701
877
9173
1939
2046
1300
8015
607
3164
628
1394
1106
1081
4402
1915
346
4877
6965
5661
1694
1371
973
3573
4503
1754
1430
8760
5972
1231
8587
6193
3552
681
3816
1552
1510
625
5129
792
9180
941
4182
3221
381
5552
1103
3526
4335
4268
1345
1944
5176
1068
2842
233
5516
1708
1720
3861
1807
831
475
3357
884
283
745
1099
3746
697
669
2855
1248
2390
4204
1505
1131
1779
4165
695
794
8189
1893
2099
2474
1322
2876
1880
647
1254
1159
5079
548
1068
1490
1906
4103
8296
3621
2029
1105
1087
1057
2289
1625
4134
1574
1757
1058
1099
4780
5780
2639
1396
1676
10394
1134
1337
394
1061
2157
5259
2422
1115
1033
3261
1021
1863
1069
4289
1301
1283
1328
5216
2049
2214
7210
977
597
3712
12990
1006
1645
1739
528
632
5977
3572
1045
525
4784
1202
2823
1709
991
1444
931
1327
3701
2200
2129
801
484
852
2224
1301
872
3025
15154
886
1780
798
1300
2414
427
1107
2236
1687
1116
3170
449
1853
1598
4853
2008
848
1606
1123
3533
13123
410
4447
2299
984
1133
1465
1474
977
4351
2631
579
2885
953
632
2918
2144
490
926
959
772
1939
491
1088
1140
2386
3949
1651
1012
1285
3108
1819
1546
1594
4150
833
1857
686
4785
1851
3115
5905
1553
4474
1248
2725
961
4092
3846
4308
752
536
8138
5377
681
2996
964
1480
2447
1128
1011
1003
16677
490
1760
937
5394
4438
895
2220
721
1193
977
2638
1373
1150
590
503
2022
1253
914
1103
8002
1704
2408
1463
2054
1416
1932
1839
1818
2585
1239
2255
2026
1374
1985
3161
1357
2180
590
877
2236
1336
4321
1347
5745
1247
1826
1148
5672
3086
1095
469
2109
673
1969
1180
5308
294
2457
552
981
614
731
501
1630
489
2615
717
2401
1324
1089
2229
521
3420
2741
1028
490
687
1939
902
7546
23495
9781
1047
2857
1390
1151
3809
1416
1379
4578
4382
1817
2320
1999
1097
1250
13825
2363
6922
5107
985
545
777
775
996
10992
1261
3362
6248
914
2065
661
2243
936
8155
3872
967
1131
1095
2030
1081
1682
840
600
23016
1700
728
1459
1661
870
924
2793
3910
3131
1557
2082
2035
980
1364
1073
1223
415
2633
471
2724
920
6621
8703
983
1983
2031
1814
1448
5309
3627
1629
21855
1039
636
2901
1527
2241
956
1980
961
349
2080
2932
1501
4131
792
2638
1387
955
1478
2203
715
1697
2963
1952
1942
3537
1685
1630
731
1328
1121
1971
2820
1380
632
1909
1074
235
2144
3699
3334
744
807
2068
5174
454
22579
1073
1674
640
1796
1113
570
1461
1179
4315
2740
1770
19479
2801
4886
2489
12228
1775
1012
2373
1012
2912
1862
6829
1358
2215
2440
1024
873
895
644
891
2155
3781
1142
2788
1367
1075
3690
1119
945
1473
996
2019
1318
2370
1426
1923
569
746
1744
1779
1450
1958
954
817
1124
41425
1775
1312
1508
23997
7500
2008
1219
16294
2614
873
1868
21160
26572
3337
1043
794
1263
1612
3993
1095
1506
889
1287
1571
1714
1067
658
595
754
1492
1023
2138
5129
1131
944
2360
1524
1519
859
962
1934
2979
2764
489
1356
1513
1468
1424
2066
610
944
953
594
703
2456
461
618
1047
563
556
522
2081
601
740
761
518
3128
324
2108
671
1367
4006
3814
735
3301
550
1626
755
1855
4639
830
2039
2372
2316
941
318
3307
1974
633
630
1783
648
1972
1185
830
1391
952
2503
1804
1789
2450
716
1989
1379
635
2356
3211
2034
356
561
1007
1608
1054
2132
1111
1945
9505
1560
1381
1231
1976
494
2087
6446
1417
245
697
9996
1948
413
15296
2730
20736
1093
1095
740
1753
1625
874
944
1507
1161
529
1141
1884
916
1538
3820
1364
3654
8714
1560
608
3348
1098
4335
1047
5711
1472
777
1102
2104
1475
702
5845
12005
647
4708
627
2314
1081
1691
445
1370
3641
1204
5684
553
622
712
2261
1490
1001
718
629
5566
904
704
2757
1027
4481
2844
900
1519
854
4814
2123
4638
715
26708
1715
2501
5465
1798
930
762
1614
1502
2526
609
1204
636
687
919
2540
825
1505
1207
3490
623
581
217
1871
597
673
1315
760
1040
21373
3212
603
1144
1057
1294
4048
1713
1765
1552
1091
2887
1058
1750
3584
755
2236
5224
1359
2711
1174
967
1249
856
644
2199
871
1953
3701
908
2026
835
4130
879
3762
2242
751
741
2564
3274
16154
1519
1281
3274
2330
1200
2704
765
2196
549
1815
2623
785
1291
977
744
1031
1552
1458
2482
6151
3317
1219
1356
1792
2075
670
858
4993
1251
403
2005
3372
1149
2127
1749
990
865
5195
922
1383
1491
1240
1761
10313
1711
1808
1692
2606
2792
2335
1812
2699
977
936
769
1851
1033
2963
2786
1855
2133
772
2035
1064
2375
1812
1203
2771
3338
404
25045
845
935
5044
576
936
563
640
1729
2066
831
4089
3899
3610
2768
4806
933
372
604
2415
4716
815
709
910
2315
2087
1131
947
1020
753
1184
7064
1941
398
1759
1367
3760
1130
1316
677
6207
694
4920
1531
2070
760
3448
1114
1882
2646
2979
7950
2327
6879
1128
2168
1341
2425
1429
1989
4167
1466
1814
1749
1013
7387
1683
16542
2623
928
410
1363
1477
572
1098
1192
1407
1209
490
452
656
1396
1334
1499
6627
1989
606
9814
613
4001
2849
758
3031
1796
2056
2459
7680
2315
684
2877
3027
2852
4096
1990
1327
1658
1624
2073
5383
2592
933
2707
1796
1773
1118
1990
1808
1783
755
1334
1602
1213
1115
1262
1175
1581
2903
2320
1229
1118
11653
1329
7786
1746
9602
14414
1145
1712
1560
1795
3070
5018
649
6725
1900
1436
657
968
1083
439
1752
1537
1472
1333
3192
2143
5439
1705
754
2500
1152
816
1264
1852
2044
1276
932
1160
799
1289
598
15870
751
1688
3607
1439
1146
1064
7590
3181
1626
1993
809
5703
2144
1100
4719
1177
721
1995
2201
579
1037
796
1591
1017
8662
647
3482
2035
1323
2218
618
411
2079
4575
1713
1535
2696
1095
1641
7185
1466
1777
722
627
1611
6319
1244
7693
3722
2105
4790
2916
1388
1547
776
21534
4263
2420
3246
2397
1749
1767
5912
1432
516
8664
1921
5912
6151
1300
45909
3702
4609
9434
3606
3358
2007
16545
2410
1036
5996
809
3321
4034
1793
1527
2108
2011
642
6517
540
1336
7186
1025
1193
2187
930
2619
5037
888
21447
5970
1335
2006
995
3576
1327
824
3890
2903
994
865
3237
1175
5136
1206
2118
1513
11134
3783
1184
6136
1315
2054
3217
606
968
1117
635
2835
1484
626
3061
1565
3795
1016
2716
3911
3450
3901
959
745
2110
1761
1345
1515
1367
512
1028
1221
2820
2095
446
488
2012
2052
1545
3211
4483
2046
2919
1464
1101
6938
1184
1241
2135
2984
1907
2835
3225
3330
3162
1913
2237
2703
1047
1249
5228
2918
1516
4710
606
2143
868
1328
1542
2461
2438
2902
6278
259
1351
1311
557
3255
1316
969
3634
746
2233
2974
1290
852
1481
843
3867
967
1583
629
570
1880
1406
792
2441
5550
10705
1059
2970
1853
2285
4123
3256
2118
1818
1539
2022
2756
384
971
782
959
1292
3823
2203
7959
777
1145
7404
875
585
3951
743
2035
9347
543
968
889
1570
41479
1099
1337
809
5976
5395
6121
3391
1422
1196
5201
1146
7387
987
2953
1235
788
3427
4771
10988
1336
1386
235
1725
361
1527
5565
2893
3001
1376
954
1135
3851
1322
1584
1240
1872
1231
4227
715
1736
724
1178
3610
1019
613
912
1779
1072
800
699
1080
398
544
664
953
3637
789
1720
747
422
638
3258
925
682
2278
518
3956
936
927
4202
2614
1594
3795
3599
1035
943
668
747
782
1078
1361
890
578
721
3129
329
2023
5793
908
650
645
1248
1580
508
765
771
1485
1670
4833
26796
1063
20266
6439
1487
518
5956
534
521
777
3097
635
3116
1426
839
457
506
670
1813
3261
2088
583
1693
1542
9868
14225
4638
1460
1291
1312
1332
2525
3409
1050
1385
1287
4810
1696
669
704
1624
658
9511
681
7806
626
5639
1279
1173
2195
2005
4073
324
671
9401
9402
1460
621
1177
2021
1233
1554
1956
1569
9157
483
606
1468
451
1945
1178
1002
1636
1865
7418
2290
1511
4565
478
523
1442
793
1153
1823
1421
1397
1739
1384
499
16159
1740
1759
550
1459
2066
28739
1070
3490
2999
1718
1619
2209
3620
1419
12131
2205
12094
1769
1037
1552
2203
1446
1662
2441
2407
5173
1714
795
462
1026
1083
407
406
508
4159
1909
370
2166
2448
680
728
2122
1733
5460
8461
441
952
2082
1528
1002
2047
1585
1934
23610
1408
2466
29572
1928
3880
1278
1516
1250
591
1329
1178
1570
1283
1805
545
2633
1575
2502
1525
1600
1794
10040
992
1065
2183
528
612
1618
1543
33655
1640
3372
1771
1529
1549
1217
596
1429
2437
1894
2114
1096
2396
1910
4562
3527
3569
825
369
1401
364
1577
1273
483
1258
657
4528
4071
1265
1599
1770
1123
619
1836
838
1675
5679
1857
362
3977
5900
450
1032
1327
313
1873
5466
585
19387
1812
3288
815
674
543
2807
1872
1416
3085
555
5008
2339
559
2227
330
3590
3714
3925
1611
2741
1583
2105
1281
18264
802
1744
6785
766
2733
1887
669
691
1266
1066
1325
1104
678
3918
870
329
2026
699
2828
1299
1569
1234
485
3767
465
1243
597
3327
1516
1009
1948
1161
1241
12413
2251
1464
5948
977
988
1899
1006
950
813
1686
717
1626
959
1804
820
1871
1299
4292
874
1120
571
3170
649
1084
1275
946
787
1053
796
554
3338
22557
1471
1494
6964
4768
2206
2984
800
2010
656
9064
827
681
558
4071
1276
629
1269
2604
1781
761
6582
2044
6660
396
2426
2245
614
3512
1740
1089
1077
642
569
2143
2294
3415
446
419
697
558
475
510
511
7922
2071
709
3961
2906
652
5317
331
638
2768
1515
1963
1437
2283
420
2779
476
2223
902
618
2566
544
458
693
1970
3571
2198
999
745
5206
889
1102
1745
1064
957
5361
932
1438
1238
3484
2682
1188
1226
12745
1152
502
2352
203
1009
581
726
595
1272
1658
333
3668
703
2357
5283
330
716
2196
1496
1161
762
3310
146
660
732
3418
9179
1192
1487
625
1544
714
6467
1091
747
1448
664
691
6729
443
1556
3379
4366
1146
378
11640
2734
2704
406
664
665
551
5450
625
783
1607
517
704
609
433
2359
947
748
567
845
1315
541
2139
471
1659
22449
7477
2150
1052
2571
592
1862
1133
996
290
2834
2735
786
555
591
1983
1170
779
501
2173
2727
662
749
467
886
4611
1391
3686
2783
772
481
309
868
302
1406
1103
294
2151
2450
356
295
650
3480
2124
7585
437
1317
2237
622
1079
1217
443
853
2666
1040
3205
520
1334
1201
835
675
1420
592
1326
4456
1694
1276
1817
2158
751
1596
3174
2336
1958
1277
15434
1428
1777
1583
1600
1075
1576
560
1367
15626
1238
12862
1176
1215
2052
987
1417
1164
1142
1840
699
878
678
880
836
1042
1011
1429
2618
1132
646
1279
722
812
699
984
1342
2014
907
971
719
2187
1658
720
4915
2170
1326
2335
24928
1811
2413
3913
3724
868
1958
590
895
735
569
586
388
806
1244
1277
5010
4160
576
4066
1544
4055
912
488
1856
1506
1063
1572
2795
2249
11368
606
4372
4163
622
2641
1083
2562
115056
936
1660
892
965
1303
4851
1165
783
3738
906
3947
679
1526
1934
4679
1593
1578
22250
3033
363
354
498
519
532
1936
2759
688
5419
907
686
1248
6665
996
1175
740
918
5875
16755
726
1948
2688
19427
5575
4244
542
3763
6094
1054
1817
654
846
5118
1650
3850
900
314
5139
8354
772
1207
1570
6947
4673
1470
7971
13694
1432
1397
618
3080
1413
868
1435
820
775
1472
1517
1446
454
1475
4584
1550
977
881
560
4743
828
1246
1454
1011
1541
1696
619
810
1505
6299
4461
1366
648
11647
507
3306
8664
826
4244
1511
3523
3822
1504
13354
841
19255
830
1830
1280
1110
2959
1751
675
2354
928
5605
6608
3824
1850
1548
1376
8422
1433
3564
4114
3106
2361
2562
1971
1868
808
976
2331
2796
3317
3866
1508
5876
613
459
11756
627
1977
8338
1351
2389
2284
2530
1813
2655
510
1938
2953
2105
1612
2286
4644
1656
658
977
16699
1550
1358
1868
3322
2757
2638
7032
668
607
1112
803
682
2965
5508
2111
1341
4112
1576
3739
2853
1317
935
1286
2027
4422
4264
1197
1014
3478
1631
3984
514
681
1497
650
647
3508
5063
1045
1253
21572
2054
776
1905
1289
4246
3423
4340
887
1907
1519
1965
7463
2199
2170
1010
14671
925
3762
6030
1689
614
887
1013
7282
2337
948
1326
1277
6130
2193
576
1755
1416
2456
1022
4230
5586
1877
740
1266
1489
1324
2357
1730
6698
14218
1306
1577
987
1330
1482
1243
1695
2563
661
444
1793
1111
1162
4474
4626
3583
1467
8178
961
708
394
704
767
2639
19050
1131
2141
26441
1271
9993
4502
2417
1001
1860
6020
595
640
833
4308
1619
1982
342
1977
1068
5465
840
2262
2058
1056
1966
2338
3062
4602
1265
3284
1349
654
1116
1001
2205
1822
1218
2082
848
743
1311
727
864
2083
456
929
1707
2665
3372
1173
515
566
7814
919
499
867
686
1970
971
883
44139
297
9448
1606
1697
2257
685
15269
820
6140
3193
1033
973
6118
2954
635
1696
304
7944
3825
1115
2149
1883
6594
1261
950
880
685
972
2564
845
350
629
498
1258
1728
611
594
2118
1158
1144
1016
826
2911
4393
600
598
2062
1141
3654
1702
1328
2096
1075
544
541
760
1297
3612
958
927
3878
4065
1677
6412
1869
3390
2421
464
4939
743
2716
2849
632
3844
2572
486
820
425
706
7193
1502
3984
1022
6988
4139
1447
1232
2088
3838
1240
1174
1673
841
1082
2344
3338
1030
876
3908
692
1005
6653
767
3734
1783
4510
1065
552
1220
3397
326
1357
4902
3289
10466
7133
3308
1721
4856
2463
913
979
740
1017
1852
798
621
1990
11740
1108
762
434
2303
1346
310
373
4964
1346
761
5847
1375
1656
3011
1228
1098
286
2067
2147
546
1583
1685
1102
2746
767
1337
1324
1281
2449
7798
650
5120
7872
7229
647
1889
1733
6906
5295
666
1774
1700
1814
1853
5385
644
973
9419
1332
2842
2457
3710
2576
3479
814
7078
2404
8525
700
1143
943
9097
768
1704
728
709
4199
724
7106
4087
746
579
1630
1260
1526
3359
640
2911
552
349
154
268
6155
2773
2272
3255
1700
2307
108539
2304
2368
2638
2221
1868
1793
2899
653
549
812
393
1833
863
1661
1039
1966
418
478
4566
1163
615
12102
771
649
875
2735
14134
3443
13056
1496
1005
524
867
3009
3832
4553
1038
3342
4612
1388
1263
500
2240
733
973
705
2030
9321
2333
3646
1138
5395
1248
2044
2190
1045
9143
9142
5725
3319
328
771
620
1131
830
680
2031
1294
5795
758
7880
3947
2786
2179
852
1482
2732
11992
535
21630
4579
777
581
1930
1882
1323
21324
1963
2056
558
1552
988
943
1777
1982
553
1233
1456
577
1061
755
824
617
4451
1790
7850
505
6244
3300
6796
1711
1356
1606
1158
1253
1022
6869
1209
1136
1307
1321
571
1180
1182
865
981
712
2266
1310
889
684
3189
2459
524
2899
684
2483
1912
1287
1809
1720
3189
1872
2846
668
857
2476
4008
482
2182
6416
1009
2619
1911
2327
2323
1179
857
806
6922
1711
4600
889
7215
721
1305
1547
437
1371
1274
1524
881
1992
6446
4612
1639
2322
6537
3432
10905
2884
15254
907
7295
19911
3553
12539
858
1169
21852
1572
7733
824
4432
697
3538
484
108
1654
1470
779
537
6185
613
1137
3730
1039
1732
2106
322
1794
1544
1123
1492
4313
5275
694
2240
5995
874
629
269
1868
595
3102
1372
1500
65645
3023
7965
4181
11697
2184
1826
5880
663
2521
1480
5098
1274
1404
1258
1267
1231
1943
1939
3744
1926
1515
1305
1304
12150
2235
600
2184
809
4430
1958
1939
625
13557
4492
14394
14873
401
1293
5204
13481
1415
891
857
801
1315
980
10129
6890
10287
2553
3010
5227
786
629
1071
5029
1112
27135
3128
2950
3723
868
1429
1593
569
1517
498
7197
6125
2106
525
722
697
572
1990
720
2335
1184
16808
5113
2028
3714
7738
1932
1706
791
6489
4326
656
1123
1069
4147
1097
264
5170
1706
475
2016
493
3642
5081
2525
9297
2368
750
563
2045
481
608
9449
945
215
3640
2105
2385
922
1094
583
775
1803
1360
1939
6748
1420
1103
2825
5826
4182
701
1392
1984
13879
6959
1890
22468
917
842
8065
4810
1001
557
1446
4543
1960
680
2554
3476
5113
33686
977
1009
810
1757
483
1346
2361
1039
3047
7514
1324
1869
6712
1487
1851
9719
8705
4500
2208
716
4423
1787
754
1889
1090
476
1767
560
5481
2812
1048
1252
4627
940
5909
5243
1603
2380
2317
777
1250
653
2279
8878
6660
806
623
1714
1887
1242
722
1542
749
937
1055
4606
6574
10390
5438
25549
4229
4703
56520
703
1379
7096
3275
3521
14064
3712
1584
488
5489
4283
5911
1060
748
673
1886
2294
602
913
561
300
684
4067
846
1337
3262
2445
4792
3726
5193
1827
6443
1823
3587
3131
2350
956
1947
2939
1199
1927
6172
1055
1009
11368
494
2346
8940
8738
4817
794
1828
3629
5858
1078
2317
3850
1973
5146
22125
1836
11178
5515
1120
3019
430
994
602
3448
5171
2160
8420
1156
396
441
797
6863
3143
1898
1305
1734
2433
351
2357
5041
2633
531
690
9987
1766
2140
997
937
1318
1096
672
2432
1453
3254
1315
497
2267
5018
2703
1394
2348
4484
360
962
3474
664
1930
2096
2901
802
2701
2146
683
5081
20238
914
5899
4515
818
3823
2903
2882
803
808
1400
934
603
454
397
4354
6791
768
2703
25396
1227
6591
10265
1993
314
1470
624
3198
6767
1530
286
3267
5796
7353
2442
3131
1886
1774
1272
3538
1230
1735
1146
1121
3246
979
1820
863
4884
820
8864
2662
1306
1634
368
317
734
504
3455
5242
3511
2027
1182
671
1078
2434
2353
2891
3854
3966
265
1362
1653
1135
663
19886
375
5442
345
734
1074
529
1562
7865
456
938
3216
1759
745
725
853
772
3430
3456
1519
1260
10432
938
937
1299
2462
15189
2909
842
1177
3009
1105
3305
3011
2236
5389
5470
4811
1441
29025
2104
4559
1264
699
6130
7756
3044
6582
1294
3627
9714
10959
8208
3392
2546
2838
861
3660
2602
1555
486
5781
1230
4148
3587
3516
498
3867
3919
847
919
3200
690
1386
2580
3193
1282
17382
492
367
570
1985
731
2135
1209
4363
2288
1731
1626
2386
1117
193
1102
2927
2191
1170
1007
13144
11778
6851
2810
2236
43274
3639
5706
860
879
5061
410
841
4805
4422
11988
18978
5126
1643
1413
671
2523
2115
2182
3643
1883
5937
4930
1768
1341
4903
716
916
2922
5939
804
731
1865
773
389
980
1297
1096
8201
4243
6353
3553
860
1265
14319
1667
4518
6414
4606
2730
516
891
1998
2014
540
3106
4002
1467
4779
15206
1078
5566
1650
3699
952
1025
1156
888
1629
5829
1553
3480
2652
2382
3915
506
908
4483
557
758
816
1457
1991
1675
1532
22744
1673
1901
545
4095
2549
2855
1582
25423
1923
2574
1588
3185
1331
3706
985
6069
780
4423
6411
4343
693
5717
10676
1902
4368
1192
554
2318
2383
4498
1585
760
4767
40801
2682
2099
2421
1140
1277
1565
782
4378
1189
3899
1472
1952
1128
6894
2914
6937
1604
727
453
1491
4863
1556
3489
1213
17055
429
368
1058
1657
1737
7068
1353
6118
5109
1565
1156
721
1077
3072
2265
1267
1892
2726
2339
1410
2375
668
1841
563
4007
1403
1281
1220
806
2604
1139
1744
4884
762
3779
1213
1305
5998
1481
1102
918
1889
1984
624
501
2437
2158
1698
5067
2179
4999
1742
1609
3496
4207
1723
845
1617
1578
5635
3029
4505
1643
3636
1761
1000
2100
3137
4280
1828
1859
645
2885
997
616
845
3659
4279
1817
789
406
3736
923
3576
1374
1251
1329
3448
3579
2643
3759
3423
2058
5074
2787
1836
3348
1492
7514
616
7352
869
2229
6689
4655
1503
1691
2052
1689
521
1175
4505
3656
4543
1312
6641
685
1097
960
1602
6179
1576
2152
5956
5076
4770
4370
1323
1528
5735
6413
4188
1051
4883
4165
559
12186
1349
659
19055
22406
2350
591
5020
777
623
1765
4232
3594
62352
3415
4374
1305
457
1954
6953
4491
2595
2269
1555
6052
1311
2261
2003
1250
1565
1839
2323
1931
7819
1175
6765
2106
1846
16790
3519
1390
1715
4629
4600
5158
3764
1795
5760
3946
1444
822
3817
5202
928
2024
32272
22160
3567
1655
3930
2014
3560
707
1870
2922
1061
2326
13969
4189
1564
1182
1303
8461
5695
1212
1191
926
1876
1566
2540
686
3144
1303
771
1380
1026
1000
2129
2784
1588
825
5067
4411
3806
946
2586
714
2822
17296
9952
1388
2907
1189
5519
564
4041
1675
1076
768
5322
624
3714
2308
3652
1394
9981
460
2132
737
1128
1952
15507
5686
1117
1813
13336
3386
1800
1745
1646
1662
1948
419
1495
4615
812
3818
827
5169
4193
1132
1006
2983
2092
2738
2423
25900
9363
2131
3475
1267
837
1886
3345
2763
3841
5316
246
3949
811
4604
781
1088
2210
1270
3500
664
1031
1102
3120
739
3581
2303
1608
724
727
1399
4456
2182
636
1048
4662
1450
3485
998
2428
806
4619
3173
990
654
1386
13666
5101
2007
831
10648
1885
454
484
3153
4051
7285
2567
3552
1335
1122
8169
1354
2505
3256
4492
4574
1197
994
9234
1261
2060
48483
1424
906
1419
2861
3161
146
463
1172
6086
4489
1505
1908
495
2827
1901
1907
934
656
493
2422
616
2167
1965
2556
6187
4902
1139
503
3051
1156
1872
1612
968
451
1780
664
1499
1443
1154
17421
1755
662
975
1302
2053
2227
2156
903
1863
1380
4530
645
1127
1654
5264
874
582
1114
2462
3183
605
9284
1356
964
1350
660
1269
963
2792
1151
1363
3316
1271
2055
2300
1936
5475
5121
1557
1940
1271
2339
812
2407
3570
2881
45258
1944
1588
2162
1935
1509
1944
1638
1180
1335
1762
470
4740
1318
1349
2893
1235
1342
653
483
727
2305
921
1667
819
2726
926
965
551
1890
3447
836
1500
575
1114
6261
534
1201
646
793
1032
1681
682
471
1009
1571
823
1240
7650
1800
4005
1278
17147
1352
1636
3918
1416
946
1368
1799
6295
5553
1003
1741
7423
2160
2937
3018
1734
3811
5015
1136
925
1127
637
975
3404
719
734
1760
1362
1925
1576
4333
1789
2597
1182
2042
445
765
1132
1212
974
1051
660
1024
1455
1342
1772
2721
1273
7043
1422
1790
3383
3315
5646
5761
5424
694
841
1107
1204
672
19589
621
3328
3405
633
3466
3761
1059
732
5403
670
952
3533
4498
1658
4112
2631
593
2125
421
886
722
3846
4395
241
446
1850
1237
3483
3109
1311
1357
779
1560
974
3567
990
4506
4927
2836
3005
375
2992
1192
1149
807
1902
3056
1183
3553
1197
2235
3876
2298
1040
2530
594
2461
3797
2434
1291
5066
4050
3424
3849
1013
1042
2409
445
2461
445
1016
1748
1282
1574
1341
617
626
862
2103
1801
1668
1308
442
1130
2302
1250
1981
5894
1052
3936
1729
1057
1009
808
869
4306
52340
1145
2012
726
3449
1351
3943
707
1510
1244
11490
1080
2810
1359
5155
2788
3345
2841
1359
468
515
1934
412
3762
749
804
517
1317
770
1194
1125
1284
2741
2307
1894
1110
1182
1603
1503
21266
870
1520
565
16552
502
1657
650
2626
932
3276
817
1908
445
2036
2177
4697
3018
2431
1969
5583
1466
1551
737
2133
794
1382
4485
1268
7079
1694
2023
1327
4639
3380
1986
766
1079
4534
1073
647
679
777
549
3014
650
1459
2097
1155
2164
307
8611
1401
6535
1320
1037
1448
1411
1361
1698
620
1008
1443
758
597
8534
809
3615
2832
1962
1723
1942
1179
753
370
2095
1492
1818
3115
2280
1233
600
6082
656
2813
740
45715
1789
845
884
2380
1834
1700
718
1306
2357
327
189
1078
840
1018
409
10094
