63.99999999999999
66.28748096968134
68.575713030638
70.86469618286998
73.15443042637727
75.44491576115988
77.7361521872178
80.02813970455102
82.32087831315957
84.61436801304345
86.90860880420261
89.20360068663709
91.4993436603469
93.795837725332
96.09308288159244
98.39107912912817
100.68982646793924
102.9893248980256
105.28957441938729
107.59057503202428
109.89232673593659
112.19482953112421
114.49808341758714
116.8020883953254
119.10684446433896
121.41235162462785
123.71860987619203
126.02561921903154
128.33337965314638
130.6418911785365
132.95115379520195
135.2611675031427
137.5719323023588
139.88344819285018
142.19571517461688
144.5087332476589
146.82250241197622
149.13702266756889
151.45229401443683
153.7683164525801
156.0850899819987
158.40261460269258
160.7208903146618
163.03991711790633
165.35969501242616
167.68022399822132
170.0015040752918
172.3235352436376
174.64631750325867
176.96985085415508
179.2941352963268
181.61917082977385
183.9449574544962
186.27149517049386
188.59878397776683
190.92682387631513
193.25561486613876
195.58515694723766
197.9154501196119
200.24649438326145
202.5782897381863
204.91083618438648
207.24413372186197
209.5781823506128
211.91298207063892
214.24853288194035
216.58483478451708
218.92188777836915
221.2596918634965
223.5982470398992
225.9375533075772
228.2776106665305
230.61841911675916
232.95997865826308
235.30228929104234
237.6453510150969
239.9891638304268
242.33372773703198
244.67904273491249
247.02510882406833
249.37192600449944
251.71949427620592
254.0678136391877
256.41688409344476
258.76670563897716
261.1172782757849
263.4686020038679
265.8206768232262
268.1735027338599
270.52707973576884
272.8814078289531
275.23648701341267
277.5923172891476
279.94889865615784
282.3062311144434
284.6643146640042
287.0231493048404
289.38273503695183
291.7430718603386
294.1041597750007
296.46599878093815
298.82858887815087
301.1919300666389
303.5560223464023
305.92086571744096
308.2864601797549
310.6528057333442
313.0199023782088
315.38775011434876
317.756348941764
320.1256988604545
322.49579987042046
324.8666519716616
327.2382551641781
329.6106094479699
331.983714823037
334.35757128937945
336.7321788469972
339.10753749589026
341.4836472360587
343.86050806750234
346.2381199902214
348.61648300421564
350.9955971094853
353.3754623060302
355.75607859385053
358.1374459729461
360.51956444331694
362.9024340049632
365.2860546578847
367.67042640208155
370.05554923755363
372.4414231643011
374.82804818232387
377.21542429162196
379.6035514921954
381.9924297840441
384.3820591671681
386.7724396415674
389.1635712072421
391.55545386419203
393.94808761241734
396.3414724519179
398.73560838269384
401.1304954047451
403.5261335180716
405.9225227226735
408.3196630185506
410.7175544057031
413.1161968841309
415.51559045383397
417.9157351148124
420.3166308670661
422.7182777105952
425.12067564539956
427.52382467147925
429.9277247888342
432.3323759974645
434.7377782973701
437.14393168855105
439.5508361710073
441.95849174473886
444.3668984097458
446.776056166028
449.18596501358553
451.5966249524184
454.00803598252656
456.4201981039101
458.8331113165688
461.24677562050294
463.66119101571235
466.07635750219714
468.49227507995715
470.9089437489925
473.32636350930323
475.7445343608892
478.1634563037505
480.5831293378871
483.0035534632991
485.42472867998634
487.84665498794885
490.26933238718675
492.6927608777
495.11694045948843
497.5418711325523
499.96755289689145
502.39398575250584
504.82116969939557
507.24910473756063
509.6777908670011
512.1072280877167
514.5374163997077
516.9683558029741
519.4000462975157
521.8324878833326
524.2656805604249
526.6996243287925
529.1343191884355
531.5697651393536
534.0059621815471
536.442910315016
538.8806095397601
541.3190598557796
543.7582612630744
546.1982137616445
548.6389173514899
551.0803720326106
553.5225778050067
555.9655346686781
558.4092426236247
560.8537016698466
563.298911807344
565.7448730361166
568.1915853561645
570.6390487674877
573.0872632700863
575.5362288639601
577.9859455491093
580.4364133255337
582.8876321932336
585.3396021522087
587.7923232024591
590.2457953439849
592.700018576786
595.1549929008623
597.6107183162139
600.067194822841
602.5244224207432
604.9824011099209
607.4411308903739
609.9006117621021
612.3608437251057
614.8218267793845
617.2835609249388
619.7460461617683
622.2092824898732
624.6732699092533
627.1380084199087
629.6034980218395
632.0697387150456
634.5367304995269
637.0044733752836
639.4729673423158
641.942212400623
644.4122085502057
646.8829557910636
649.3544541231969
651.8267035466055
654.2997040612894
656.7734556672485
659.2479583644832
661.723212152993
664.1992170327782
666.6759730038386
669.1534800661743
671.6317382197855
674.1107474646718
676.5905078008337
679.0710192282708
681.552281746983
684.0342953569707
686.5170600582337
689.000575850772
691.4848427345855
693.9698607096744
696.4556297760388
698.9421499336784
701.4294211825932
703.9174435227834
706.4062169542489
708.8957414769897
711.3860170910058
713.8770437962972
716.368821592864
718.861350480706
721.3546304598234
723.8486615302161
726.3434436918841
728.8389769448273
731.3352612890461
733.83229672454
736.3300832513092
738.8286208693538
741.3279095786737
743.827949379269
746.3287402711394
748.8302822542852
751.3325753287064
753.8356194944029
756.3394147513746
758.8439610996218
761.3492585391441
763.8553070699418
766.3621066920148
768.8696574053632
771.3779592099869
773.8870121058858
776.3968160930601
778.9073711715097
781.4186773412346
783.9307346022348
786.4435429545105
788.9571023980612
791.4714129328873
793.9864745589889
796.5022872763657
799.0188510850177
801.5361659849451
804.0542319761479
806.573049058626
809.0926172323793
811.612936497408
814.134006853712
816.6558283012912
819.1784008401459
821.7017244702757
824.2257991916811
826.7506250043616
829.2762019083175
831.8025299035487
834.3296089900551
836.857439167837
839.3860204368941
841.9153527972267
844.4454362488343
846.9762707917174
849.5078564258757
852.0401931513095
854.5732809680185
857.1071198760028
859.6417098752623
862.1770509657974
864.7131431476076
867.2499864206933
869.7875807850542
872.3259262406904
874.8650227876018
877.4048704257887
879.9454691552509
882.4868189759883
885.028919888001
887.5717718912891
890.1153749858526
892.6597291716912
895.2048344488053
897.7506908171946
900.2972982768594
902.8446568277993
905.3927664700146
907.9416272035052
910.491239028271
913.0416019443123
915.5927159516289
918.1445810502207
920.6971972400879
923.2505645212304
925.8046828936482
928.3595523573413
930.9151729123097
933.4715445585534
936.0286672960725
938.5865411248669
941.1451660449366
943.7045420562815
946.2646691589018
948.8255473527975
951.3871766379683
953.9495570144146
956.5126884821362
959.0765710411331
961.6412046914053
964.2065894329528
966.7727252657755
969.3396121898737
971.9072502052471
974.475639311896
977.04477950982
979.6146707990194
982.1853131794941
984.7567066512441
987.3288512142694
989.9017468685701
992.4753936141461
995.0497914509974
997.6249403791239
1000.2008403985258
1002.7774915092031
1005.3548937111556
1007.9330470043833
1010.5119513888865
1013.0916068646651
1015.6720134317188
1018.2531710900479
1020.8350798396523
1023.417739680532
1026.001150612687
1028.5853126361174
1031.170225750823
1033.755889956804
1036.3423052540602
1038.9294716425918
1041.5173891223988
1044.106057693481
1046.6954773558386
1049.2856481094716
1051.8765699543796
1054.468242890563
1057.060666918022
1059.653842036756
1062.2477682467654
1064.8424455480501
1067.4378739406102
1070.0340534244458
1072.6309839995563
1075.2286656659423
1077.8270984236037
1080.4262822725402
1083.0262172127523
1085.6269032442394
1088.2283403670021
1090.83052858104
1093.4334678863531
1096.0371582829416
1098.6415997708054
1101.2467923499446
1103.852736020359
1106.459430782049
1109.066876635014
1111.6750735792543
1114.2840216147702
1116.893720741561
1119.5041709596273
1122.115372268969
1124.7273246695859
1127.3400281614784
1129.953482744646
1132.5676884190889
1135.182645184807
1137.7983530418005
1140.4148119900694
1143.0320220296135
1145.649983160433
1148.2686953825278
1150.8881586958978
1153.5083731005434
1156.129338596464
1158.7510551836601
1161.3735228621313
1163.9967416318782
1166.6207114929
1169.2454324451974
1171.8709044887698
1174.4971276236179
1177.1241018497412
1179.7518271671397
1182.3803035758137
1185.0095310757627
1187.6395096669874
1190.270239349487
1192.9017201232623
1195.5339519883128
1198.1669349446383
1200.8006689922395
1203.4351541311157
1206.0703903612675
1208.7063776826944
1211.343116095397
1213.9806055993745
1216.6188461946274
1219.2578378811556
1221.8975806589592
1224.5380745280381
1227.1793194883921
1229.821315540022
1232.4640626829269
1235.1075609171069
1237.7518102425624
1240.396810659293
1243.0425621672991
1245.6890647665805
1248.3363184571372
1250.9843232389692
1253.6330791120765
1256.2825860764594
1258.9328441321172
1261.5838532790506
1264.235613517259
1266.888124846743
1269.5413872675022
1272.1954007795368
1274.8501653828466
1277.5056810774317
1280.1619478632924
1282.818965740428
1285.476734708839
1288.1352547685256
1290.7945259194873
1293.4545481617245
1296.1153214952367
1298.7768459200245
1301.4391214360974
1306.165108200837
1310.9082839863934
1315.6686487927657
1320.4462026199549
1325.2409454679598
1330.0528773367814
1334.8819982264192
1339.728308136874
1344.5918070681446
1349.4724950202315
1354.3703719931345
1359.2854379868543
1364.2176930013907
1369.1671370367435
1374.1337700929118
1379.1175921698969
1384.1186032676985
1389.1368033863164
1394.1721925257507
1399.2247706860014
1404.2945378670684
1409.381494068952
1414.4856392916513
1419.6069735351675
1424.7454967995002
1429.901209084649
1435.0741103906137
1440.2642007173954
1445.4714800649936
1450.6959484334075
1455.937605822638
1461.1964522326853
1466.4724876635487
1471.7657121152283
1477.0761255877242
1482.4037280810367
1487.7485195951654
1493.1105001301107
1498.4896696858718
1503.8860282624496
1509.299575859844
1514.7303124780547
1520.1782381170815
1525.643352776925
1531.1256564575847
1536.6251491590606
1542.1418308813527
1547.6757016244615
1553.2267613883869
1558.795010173128
1564.3804479786859
1569.98307480506
1575.6028906522506
1581.239895520258
1586.8940894090806
1592.5654723187208
1598.2540442491763
1603.959805200449
1609.6827551725378
1615.4228941654424
1621.180222179164
1626.954739213702
1632.746445269056
1638.5553403452268
1644.3814244422133
1650.224697560017
1656.0851596986358
1661.9628108580723
1667.857651038325
1673.7696802393934
1679.698898461278
1685.6453057039794
1691.6089019674973
1697.5896872518315
1703.5876615569819
1709.6028248829489
1715.635177229732
1721.684718597332
1727.7514489857472
1733.83536839498
1739.9364768250289
1746.0547742758936
1752.190260747575
1758.3429362400725
1764.5128007533867
1770.6998542875176
1776.9040968424638
1783.125528418227
1789.3641490148066
1795.6199586322027
1801.8929572704146
1808.1831449294432
1814.4905216092884
1820.8150873099498
1827.1568420314275
1833.5157857737217
1839.8919185368318
1846.285240320759
1852.6957511255014
1859.1234509510723
1866.2695152704046
1873.446653273385
1880.6548649600118
1887.8941503302858
1895.1645093842071
1902.4659421217748
1909.7984485429906
1917.1620286478528
1924.5566824363632
1931.9824099085208
1939.439211064324
1946.9270859037752
1954.4460344268746
1961.9960566336204
1969.5771525240134
1977.1893220980537
1984.8325653557404
1992.5068822970752
2000.2122729220564
2007.9487372306858
2015.7162752229615
2023.5148868988845
2031.3445722584547
2039.2053313016722
2047.097164028538
2055.02007043905
2062.9740505332084
2070.959104311014
2078.975231772468
2087.022432917569
2095.1007077463164
2103.210056258712
2111.350478454755
2119.5219743344433
2127.7245438977798
2135.9581871447635
2144.2229040753955
2152.518694689674
2160.8455589875975
2169.2034969691704
2177.5925086343905
2186.012593983257
2194.4637530157715
2202.9459857319325
2211.4592921317408
2220.0036722151963
2228.579125982299
2237.185653433049
2245.8232545674473
2254.491929385491
2263.191677887182
2271.922500072521
2280.6843959415073
2289.477365494139
2298.30140873042
2307.1565256503472
2316.0427162539218
2324.9599805411435
2333.9083185120126
2342.887730166529
2351.8982155046915
2360.9397745265023
2370.0124072319595
2379.116113621065
2388.2508936938166
2397.4167474502165
2406.613674890262
2415.841676013956
2425.100750821296
2434.390899312285
2443.7121214869203
2453.064417345203
2462.447786887131
2471.862230112708
2481.3077470219323
2490.784337614804
2500.292001891322
2509.830739851487
2519.4005514952996
2529.0014368227585
2538.6333958338655
2548.2964285286207
2557.9905349070223
2567.7157149690693
2577.4719687147654
2587.2592961441087
2597.0776972570993
2606.9271720537354
2616.8077205340205
2626.719342697951
2636.662038545531
2646.635808076756
2656.640651291629
2666.6765681901506
2676.7435587723185
2686.8416230381317
2696.970760987593
2707.130972620703
2717.3222579374597
2727.544616937881
2738.2044434942018
2748.903391137579
2759.6414598680167
2770.4186496855145
2781.234960590069
2792.090392581682
2802.9849456603533
2813.918619826085
2824.891415078875
2835.903331418722
2846.954368845625
2858.0445273595888
2869.1738069606126
2880.342207648693
2891.549729423834
2902.7963722860313
2914.082136235289
2925.4070212716033
2936.771027394976
2948.1741546054072
2959.6164029028987
2971.097772287445
2982.618262759055
2994.17787431772
3005.7766069634454
3017.4144606962273
3029.0914355160694
3040.807531422968
3052.5627484169254
3064.357086497943
3076.190545666017
3088.0631259211514
3099.9748272633424
3111.9256496925955
3123.9155932089034
3135.9446578122715
3148.0128435026945
3160.1201502801796
3172.266578144723
3184.452127096325
3196.6767971349836
3208.9405882607043
3221.24350047348
3233.5855337733155
3245.9666881602116
3258.3869636341606
3270.8463601951717
3283.344877843241
3295.882516578369
3308.4592764008066
3319.974578190413
3331.485841101603
3342.993065134375
3354.4962502887283
3365.9953965646655
3377.4905039621844
3388.981572481287
3400.4686021219713
3411.9515928842393
3423.430544768089
3434.9054577735187
3446.376331900532
3457.8431671491307
3469.3059635193094
3480.7647210110717
3492.219439624416
3503.6701193593435
3515.116760215851
3526.5593621939424
3537.9979252936173
3549.432449514874
3560.8629348577124
3572.2893813221344
3583.71178890814
3595.130157615724
3606.544487444895
3617.954778395646
3629.3610304679805
3640.763243661897
3652.161417977397
3663.5555534144787
3674.9456499731405
3686.3317076533876
3697.7137264552166
3709.091706378629
3720.4656474236235
3731.8355495901997
3743.2014128783594
3754.563237288099
3765.9210228194243
3777.2747694723294
3788.62447724682
3799.970146142892
3811.3117761605463
3822.649367299782
3833.9829195606
3845.312432943001
3856.637907446986
3867.9593430725527
3879.2767398191463
3892.54530930932
3905.8865148866244
3919.30035655107
3932.786834302635
3946.34594814133
3959.977698067156
3973.6820840801156
3987.459106180195
4001.3087643674153
4015.231058641759
4029.225989003229
4043.2935554518335
4057.4337579875646
4071.6465966104297
4085.932071320418
4100.290182117544
4114.720929001789
4129.224311973176
4143.800331031678
4158.4489861773145
4173.170277410089
4187.964204729982
4202.830768137013
4217.769967631168
4232.781803212456
4247.866274880867
4263.0233826364165
4278.253126479089
4293.555506408891
4308.930522425824
4324.378174529884
4339.898462721081
4355.491386999398
4371.156947364852
4386.89514381743
4402.705976357145
4418.58944498398
4434.545549697945
4450.5742904990475
4466.67566738727
4482.849680362633
4499.096329425116
4515.4156145747365
4531.807535811477
4548.272093135351
4564.809286546359
4581.41911604449
4598.101581629755
4614.856683302143
4631.684421062077
4654.853769380308
4678.341595921753
4702.147900686512
4726.272683674528
4750.7159448858
4775.477684320373
4800.557901978158
4825.956597859258
4851.673771963615
4877.709424291257
4904.063554842156
4930.736163616311
4957.727250613738
4985.036815834435
5012.664859278419
5040.611380945658
5068.876380836155
5097.459858949922
5126.361815286989
5155.582249847299
5185.12116263088
5214.978553637717
5245.1544228678395
5275.648770321233
5306.461595997898
5337.592899897834
5369.042682020998
5400.810942367476
5432.897680937211
5465.302897730202
5498.026592746493
5531.068765985998
5564.429417448831
5598.108547134907
5632.106155044268
5666.4222411768715
5701.056805532746
5736.009848111891
5771.281368914308
5806.871367940024
5842.779845188939
5879.006800661184
5915.5522343566845
5952.416146275456
5989.598536417485
6027.099404782755
6064.918751371355
6103.056576183182
6141.5128792183095
6180.2876604769845
6229.579358807881
6279.589474140666
6330.318006474932
6381.764955811028
6433.9303221486625
6486.814105488127
6540.416305829131
6594.736923171848
6649.775957516278
6705.533408862306
6762.009277210105
6819.203562559502
6877.11626491067
6935.747384263435
6995.096920617914
7055.1648739740485
7115.951244331896
7177.456031691283
7239.6792360525
7302.620857415255
7366.280895779841
7430.659351145965
7495.756223513919
7561.571512883354
7628.10521925427
7739.293804970803
7854.580535562709
7973.965411028359
8097.448431368452
8225.02959658322
8356.708906671265
8492.486361634685
8632.361961472081
8776.335706183687
8924.407595769735
9076.577630229527
9232.845809564227
9393.21213377337
9557.676602856489
9726.239216814283
9898.899975646054
10075.65887935157
10256.515927932458
10441.47112138709
10630.524459716165
10823.675942919683
11020.925570996944
11222.273343949113
11427.719261775492
11637.263324479572
11953.960701880977
12282.683544913307
12623.4318535747
12976.20562786702
13341.004867789336
13717.829573341645
14106.679744523019
14507.555381335318
14920.456483778544
15345.383051851764
15782.33508555498
16231.312584889121
16692.315549853258
17165.343980446458
17650.397876670584
18147.477238523774
18656.58206600789
19177.712359122932
19710.86811786797
20256.049342243
20813.256032248028
21382.48818788305
21963.745809148997
22557.02889604494
23162.337448582053
25171.41345284134
27299.57199857384
29546.81308579445
31913.13671449572
34398.5428846851
37003.03159635514
39726.60284951329
42569.256644152105
45530.99298027158
48611.81185789406
51811.71327698231
55130.69723755866
58568.76373961568
62125.912783153355
65802.14436817914
69597.45849469304
73511.85516268015
77545.33437217027
81697.8961231336
85969.54041557759
90360.26724950224
94870.076624915
99498.96854181588
104246.94300018996
