974
1011
4944
1142
1496
4022
5153
1071
1163
2566
1783
1794
729
9459
2211
1988
2302
1733
2036
3328
8708
1946
2437
2050
4878
3961
1768
2284
1620
2223
1921
2689
2085
2296
644
801
705
1956
829
1565
2245
2490
734
2877
2858
1120
5509
8988
600
2115
2245
593
1934
656
2079
2326
969
1110
3821
2733
845
673
955
898
1118
1285
573
744
1450
1426
1128
1663
697
2975
1730
449
522
2332
577
673
1865
1698
1591
1354
1112
1122
1662
1148
961
1702
1676
1358
693
2104
1456
634
1982
1471
1267
1534
1592
1661
1517
941
1920
4556
7012
3243
3126
2069
2446
3073
2349
2818
2828
1633
1831
2248
5017
1681
1677
2125
2051
1564
1544
3311
3233
1968
1142
1126
2389
577
2373
589
557
617
584
731
541
610
563
611
614
607
566
604
603
318
1770
1490
2050
2359
2070
2258
2168
2325
3266
2032
2098
1840
1717
20555
2129
1515
935
2367
2460
15951
1099
1934
3401
2429
1579
1392
2298
1102
1571
978
1322
2416
48121
1937
1968
777
1719
434
260
1473
640
1178
741
1245
10470
1147
907
813
1652
4647
7022
1094
1701
728
780
647
343
2436
1326
627
2709
2229
412
327
554
718
534
13217
523
1523
6984
712
2126
1972
1081
797
985
1298
1001
1878
669
828
1578
1161
4064
3319
37192
2568
1203
2923
1222
1466
645
892
757
3522
1082
1243
377
909
879
777
6221
2333
851
883
625
1526
1552
8637
1378
1888
9098
754
682
1980
567
732
684
4977
15044
1634
2750
697
25222
2555
2157
889
931
1299
2360
1937
1828
793
934
2909
29805
2594
883
2811
414
758
938
1853
1734
13359
438
835
786
780
3353
2037
1160
685
1626
768
1096
1881
307
315
2317
2710
2576
1682
1102
1066
987
698
795
203
1844
1632
2015
930
16695
940
1338
2169
993
740
745
6909
4100
1308
13371
1220
3494
1262
2395
3036
2900
4239
1261
2910
2249
999
8148
3309
2174
1468
1937
2808
944
715
9425
