1.0000000000000002
5.315292321042498
9.624978267167819
13.929057838375964
18.22753103466693
22.520397856040724
26.807658302497337
31.08931237403678
35.36536007065904
39.63580139236412
43.90063633915204
48.159864911022765
52.413487107976316
56.6615029300127
60.9039123771319
65.14071544933392
69.37191214661877
73.59750246898645
77.81748641643695
82.03186398897027
86.24063518658642
90.44380000928538
94.64135845706717
98.83331052993177
103.01965622787921
107.20039555090948
111.37552849902255
115.54505507221846
119.70897527049719
123.86728909385874
128.01999654230312
132.16709761583033
136.30859231444035
140.4444806381332
144.57476258690886
148.69943816076736
152.8185073597087
156.9319701837328
161.03982663283978
165.14207670702956
169.23872040630218
173.3297577306576
177.41518868009587
181.49501325461694
185.56923145422087
189.6378432789076
193.7008487286772
197.75824780352957
201.8100405034648
205.85622682848285
209.8968067785837
213.93178035376738
217.9611475540339
221.98490837938323
226.0030628298154
230.0156109053304
234.02255260592818
238.0238879316088
242.01961688237225
246.00973945821852
249.9942556591476
253.97316548515954
257.9464689362543
261.91416601243185
265.87625671369227
269.83274104003544
273.78361899146154
277.7288905679704
281.66855576956203
285.6026145962366
289.5310670479939
293.45391312483406
297.37115282675705
301.2827861537628
305.18881310585147
309.0892336830229
312.98404788527716
316.8732557126143
320.7568571650342
324.63485224253697
328.5072409451225
332.3740232727909
336.2351992255421
340.09076880337614
343.940732006293
347.78508883429265
351.6238392873752
355.4569833655405
359.28452106878865
363.10645239711965
366.9227773505334
370.7334959290301
374.53860813260945
378.33811396127174
382.1320134150169
385.92030649384475
389.7029931977555
393.48007352674904
397.2515474808255
401.01741505998467
404.77767626422667
408.5323310935516
412.2813795479592
416.02482162744974
419.7626573320231
423.49488666167923
427.2215096164182
430.94252619623995
434.6579364011446
438.3677402311321
442.0719376862023
445.7705287663554
449.4635134715913
453.15089180191006
456.83266375731165
460.508829337796
464.1793885433632
467.8443413740132
471.50368782974607
475.15742791056175
478.8055616164603
482.4480889474416
486.0850099035057
489.7163244846528
493.3420326908825
496.9621345221951
500.5766299785905
504.1855190600688
507.7888017666299
511.38647809827376
514.9785480550006
518.5650116368101
522.1458688437025
525.7211196756776
529.2907641327357
532.8548022148765
536.4132339221002
539.9660592544068
543.5132782117961
547.0548907942682
550.5908970018232
554.121296834461
557.6460902921815
561.165277374985
564.6788580828713
568.1868324158403
571.6892003738922
575.185961957027
578.6771171652446
582.1626659985449
585.6426084569281
589.1169445403941
592.585674248943
596.0487975825746
599.5063145412892
602.9582251250864
606.4045293339666
609.8452271679296
613.2803186269754
616.7098037111039
620.1336824203154
623.5519547546096
626.9646207139867
630.3716802984466
633.7731335079894
637.1689803426149
640.5592208023232
643.9438548871145
647.3228825969885
650.6963039319453
654.064118891985
657.4263274771075
660.7829296873128
664.1339255226009
667.4793149829719
670.8190980684257
674.1532747789622
677.4818451145818
680.804809075284
684.1221666610691
687.433917871937
690.7400627078875
694.0406011689211
697.3355332550373
700.6248589662365
703.9085783025184
707.1866912638832
710.4591978503308
713.7260980618612
716.9873918984745
720.2430793601704
723.4931604469494
726.7376351588111
729.9765034957557
733.209765457783
736.4374210448932
739.6594702570862
742.8759130943621
746.0867495567207
749.2919796441622
752.4916033566866
755.6856206942937
758.8740316569837
762.0568362447564
765.234034457612
768.4056262955504
771.5716117585716
774.7319908466758
777.8867635598626
781.0359298981324
784.1794898614849
787.3174434499203
790.4497906634384
793.5765315020395
796.6976659657232
799.8131940544899
802.9231157683394
806.0274311072717
809.126140071287
812.2192426603848
815.3067388745657
818.3886287138291
821.4649121781756
824.5355892676048
827.6006599821169
830.6601243217118
833.7139822863896
836.7622338761502
839.8048790909935
842.8419179309197
845.8733503959287
848.8991764860206
851.9193962011951
854.9340095414527
857.9430165067929
860.9464170972161
863.944211312722
866.9363991533108
869.9229806189824
872.9039557097369
875.8793244255742
878.8490867664943
881.813242732497
884.7717923235828
887.7247355397514
890.6720723810027
893.6138028473368
896.5499269387539
899.4804446552538
902.4053559968365
905.324660963502
908.2383595552501
911.1464517720813
914.0489376139953
916.9458170809921
919.8370901730716
922.7227568902341
925.6028172324793
928.4772711998075
931.3461187922185
934.209360009712
937.0669948522886
939.919023319948
942.7654454126903
945.6062611305151
948.441470473423
951.2710734414137
954.0950700344872
956.9134602526434
959.7262440958825
962.5334215642046
965.3349926576094
968.1309573760971
970.9213157196673
973.7060676883206
976.4852132820567
979.2587525008757
982.0266853447772
984.7890118137618
987.5457319078292
990.2968456269795
993.0423529712125
995.7822539405282
998.5165485349269
1001.2452367544084
1003.9683185989728
1006.6857940686198
1009.3976631633498
1012.1039258831627
1014.8045822280583
1017.4996321980366
1020.1890757930978
1022.8729130132419
1025.551143858469
1028.2237683287788
1030.890786424171
1033.5521981446464
1036.2080034902046
1038.8582024608459
1041.5027950565695
1044.1417812773761
1046.7751611232657
1049.402934594238
1052.0251016902932
1054.641662411431
1057.2526167576518
1059.8579647289555
1062.457706325342
1065.0518415468111
1067.6403703933634
1070.2232928649983
1072.800608961716
1075.3723186835166
1077.9384220303998
1080.498919002366
1083.053809599415
1085.603093821547
1088.1467716687614
1090.684843141059
1093.2173082384393
1095.7441669609025
1098.2654193084484
1100.7810652810772
1103.2911048787887
1105.7955381015834
1108.2943649494605
1110.7875854224205
1113.2751995204635
1115.7572072435892
1118.2336085917977
1120.704403565089
1123.1695921634632
1125.6291743869203
1128.0831502354602
1130.5315197090829
1132.9742828077883
1135.4114395315767
1137.842989880448
1140.268933854402
1142.6892714534383
1145.1040026775581
1147.5131275267606
1149.9166460010458
1152.3145581004137
1154.7068638248647
1157.0935631743985
1159.4746561490151
1161.8501427487145
1164.2200229734965
1166.5842968233615
1168.9429642983096
1171.2960253983401
1173.6434801234534
1175.9853284736498
1178.321570448929
1180.6522060492912
1182.977235274736
1185.2966581252635
1187.610474600874
1189.9186847015674
1192.2212884273436
1194.5182857782024
1196.8096767541444
1199.095461355169
1201.3756395812766
1203.6502114324667
1205.91917690874
1208.1825360100956
1210.4402887365345
1212.692435088056
1214.9389750646606
1217.1799086663477
1219.4152358931178
1221.6449567449706
1223.8690712219063
1226.087579323925
1228.300481051026
1230.5077764032105
1232.7094653804772
1234.905547982827
1237.0960242102597
1239.2808940627754
1241.4601575403735
1243.6338146430546
1245.8018653708184
1247.9643097236653
1250.1211477015947
1252.2723793046073
1254.4180045327023
1256.5580233858805
1258.6924358641413
1260.821241967485
1262.9444416959113
1265.062035049421
1267.174022028013
1269.280402631688
1271.381176860446
1273.4763447142864
1275.56590619321
1277.6498612972161
1279.7282100263053
1281.8009523804772
1283.868088359732
1285.9296179640694
1287.98554119349
1290.0358580479929
1292.080568527579
1294.1196726322478
1296.1531703619996
1298.181061716834
1300.2033466967514
1302.2200253017515
1304.2310975318346
1306.2365633870004
1308.236422867249
1310.2306759725805
1312.2193227029948
1314.2023630584918
1316.1797970390717
1318.1516246447345
1320.11784587548
1322.0784607313085
1324.0334692122194
1325.9828713182137
1327.9266670492902
1329.8648564054502
1331.7974393866925
1333.7244159930178
1335.645786224426
1337.5615500809172
1339.4717075624908
1341.3762586691473
1343.2752034008868
1345.1685417577091
1347.0562737396144
1348.9383993466022
1350.8149185786729
1352.6858314358265
1354.551137918063
1356.410838025382
1358.2649317577839
1360.1134191152687
1361.9563000978364
1363.793574705487
1365.6252429382203
1367.4513047960363
1369.2717602789353
1371.0866093869172
1372.8958521199818
1374.699488478129
1376.4975184613595
1378.2899420696724
1380.0767593030682
1381.8579701615472
1383.6335746451086
1385.403572753753
1387.1679644874803
1388.9267498462905
1390.6799288301831
1392.4275014391587
1394.1694676732172
1395.9058275323587
1397.6365810165826
1399.3617281258896
1401.0812688602794
1402.795203219752
1404.5035312043074
1406.2062528139456
1407.9033680486666
1409.5948769084707
1411.280779393357
1412.9610755033268
1414.6357652383792
1416.3048485985144
1417.9683255837326
1419.6261961940331
1421.278460429417
1422.9251182898836
1424.5661697754326
1426.2016148860648
1427.8314536217797
1429.4556859825775
1431.074311968458
1432.6873315794214
1434.2947448154678
1435.896551676597
1437.4927521628083
1439.0833462741034
1440.668334010481
1442.2477153719415
1443.821490358484
1445.3896589701103
1446.952221206819
1448.5091770686108
1450.0605265554855
1451.6062696674426
1453.1464064044826
1454.6809367666056
1456.2098607538117
1457.7331783660998
1459.2508896034687
1460.6968913332921
1462.1367599700095
1463.5704955136216
1464.9980979641286
1466.4195673215295
1467.8349035858255
1469.244106757016
1470.647176835101
1472.04411382008
1473.4349177119539
1474.8195885107225
1476.1981262163852
1477.5705308289425
1478.9368023483948
1480.2969407747416
1481.6509461079822
1482.998818348118
1484.3405574951482
1485.6761635490725
1487.0056365098917
1488.3289763776058
1489.6461831522142
1490.9572568337167
1492.262197422114
1493.5610049174059
1494.8536793195917
1496.140220628673
1497.4206288446485
1498.6949039675187
1499.9630459972827
1501.2250549339417
1502.4809307774954
1503.730673527943
1504.974283185286
1506.211759749523
1507.4431032206544
1508.6683135986805
1509.8873908836013
1511.1003350754168
1512.307146174126
1513.5078241797305
1514.7023690922294
1515.8907809116224
1517.0730596379103
1518.2492052710927
1519.4192178111698
1520.583097258141
1521.7408436120072
1522.8924568727678
1524.0379370404225
1525.177284114972
1526.3104980964163
1527.437578984755
1528.5585267799877
1529.6733414821156
1530.782023091138
1531.884571607054
1532.9809870298654
1534.0712693595715
1535.1554185961718
1536.2334347396663
1537.305317790056
1538.37106774734
1539.4306846115178
1540.484168382591
1541.5315190605584
1542.5727366454203
1543.6078211371769
1544.6367725358282
1545.6595908413738
1546.6762760538136
1547.6868281731481
1548.6912471993774
1549.6895331325009
1550.681685972519
1551.667705719432
1552.6475923732394
1553.6213459339408
1554.5889664015372
1555.5504537760282
1556.505808057413
1557.4550292456931
1558.3981173408679
1559.3350723429369
1560.2658942519001
1561.190583067758
1562.1091387905108
1563.0215614201575
1563.927850956699
1564.8280074001357
1565.7220307504663
1566.6099210076911
1567.491678171811
1568.3673022428252
1569.2367932207337
1570.100151105537
1570.9573758972351
1571.808467595827
1572.653426201314
1573.4922517137175
1575.2851053572208
1577.0908390011678
1578.9094526455592
1580.7409462903938
1582.5853199356716
1584.442573581393
1586.3127072275583
1588.1957208741674
1590.09161452122
1592.0003881687153
1593.922041816655
1595.8565754650385
1597.803989113865
1599.7642827631353
1601.7374564128495
1603.7235100630069
1605.7224437136083
1607.7342573646529
1609.758951016141
1611.7965246680733
1613.8469783204487
1615.9103119732677
1617.9865256265307
1620.0756192802369
1622.1775929343867
1624.29244658898
1626.420180244017
1628.560793899498
1630.7142875554218
1632.8806612117896
1635.0599148686015
1637.252048525856
1639.457062183555
1641.6749558416968
1643.9057295002826
1646.149383159312
1648.4059168187855
1650.6753304787012
1652.9576241390619
1655.2527977998652
1657.560851461113
1659.881785122804
1662.2155987849378
1664.5622924475165
1666.9218661105383
1669.2943197740033
1671.6796534379123
1674.0778671022645
1676.4889607670607
1678.9129344323005
1681.3497880979835
1683.7995217641105
1686.2621354306812
1688.737629097695
1691.2260027651523
1693.7272564330538
1696.2413901013983
1698.768403770187
1701.3082974394183
1703.8610711090942
1706.4267247792136
1709.0052584497762
1711.5966721207824
1714.2009657922326
1716.8181394641256
1719.448193136463
1722.0911268092436
1724.7469404824678
1727.415634156136
1730.097207830247
1732.791661504802
1735.498995179801
1738.2192088552429
1740.9523025311291
1743.6982762074585
1746.457129884231
1749.2288635614482
1752.013477239108
1754.8109709172122
1757.6213445957592
1760.4445982747502
1763.2807319541848
1766.1297456340635
1768.9916393143844
1771.8664129951499
1774.7540666763593
1777.6546003580115
1780.5680140401073
1783.4943077226471
1786.4334814056301
1789.3855350890576
1792.3504687729273
1795.328282457242
1798.3189761419999
1801.3225498272004
1804.339003512846
1807.3683371989341
1810.4105508854655
1813.4656445724418
1816.533618259844
1821.9578926386184
1827.4414513879528
1832.984294507849
1838.5864219982996
1844.2478338593155
1849.9685300908914
1855.748510693029
1861.5877756657264
1867.4863250089857
1873.4441587228048
1879.4612768071838
1885.5376792621246
1891.6733660876253
1897.8683372836858
1904.1225928503081
1910.4361327874885
1916.8089570952343
1923.2410657735381
1929.732458822402
1936.2831362418237
1942.8930980318091
1949.5623441923562
1956.2908747234633
1963.0786896251284
1969.9257888973589
1976.8321725401474
1983.797840553494
1990.8227929374043
1997.9070296918744
2005.0505508169063
2012.2533563124944
2019.5154461786497
2026.836820415363
2034.2174790226363
2041.6574220004677
2049.1566493488626
2056.7151610678193
2064.332957157336
2072.0100376174087
2079.7464024480487
2087.542051649247
2095.396985221001
2103.311203163321
2111.2847054762024
2119.3174921596437
2127.4095632136414
2135.5609186382026
2143.7715584333273
2152.0414825990083
2160.3706911353365
2165.553634182539
2170.6701537626723
2175.720249875725
2180.7039225217122
2185.6211717006336
2190.471997412482
2195.2563996572535
2199.9743784349594
2204.625933745596
2209.2110655891593
2213.729773965646
2218.182058875067
2222.5679203174186
2226.887358292697
2231.1403728009063
2235.326963842046
2239.4471314161165
2243.5008755231065
2247.488196163031
2251.4090933358857
2255.2635670416676
2259.0516172803837
2262.7732440520267
2266.4284473566004
2270.017227194101
2273.539583564525
2276.9955164678795
2280.3850259041683
2283.7081118733877
2286.964774375534
2290.155013410611
2293.278828978615
2296.336221079546
2299.3271897134036
2302.2517348801957
2305.1098565799184
2307.9015548125717
2310.626829578152
2313.285680876659
2315.878108708097
2318.404113072458
2320.8636939697535
2323.2568513999795
2325.583585363136
2327.8438958592196
2330.037782888234
2332.1652464501713
2334.2262865450357
2336.220903172838
2338.1490963336546
2344.9952617908493
2351.970470281485
2359.0747218055767
2366.3080163631384
2373.670353954156
2381.1617345786435
2388.7821582365796
2396.5316249279713
2404.410134652833
2412.417687411158
2420.554283202924
2428.8199220281676
2437.2146038868523
2445.7383287790144
2454.391096704632
2463.1729076636984
2472.0837616562276
2481.1236586822342
2490.292598741682
2499.5905818345855
2509.017607960959
2518.5736771207958
2528.258789314081
2538.0729445408288
2548.0161428010324
2558.0883840946917
2568.289668421836
2578.619995782421
2589.079366176462
2599.6677796039658
2610.38523606494
2621.2317355593623
2632.2072780872477
2643.3118636485815
2654.545492243393
2665.90816387166
2677.399878533375
2689.0206362285535
2700.7704369572093
2712.649280719299
2724.6571675148516
2736.7940973438745
2749.0600702063603
2761.4550861022944
2773.9791450316916
2786.6322469945444
2799.4143919908674
2812.325580020646
2825.3658110838805
2838.5350851805633
2846.2415713256487
2853.8578130149835
2861.383810248175
2868.819563025252
2876.1650713461786
2883.420335210969
2890.585354619616
2897.660129572134
2904.644660068516
2911.5389461087616
2918.3429876928712
2925.0567848208375
2931.680337492675
2938.213645708376
2944.6567094679413
2951.0095287713702
2957.272103618663
2963.4444340098125
2969.526519944833
2975.5183614237176
2981.419958446466
2987.231311013078
2992.952419123554
2998.583282777894
3004.1239019761124
3009.57427671818
3014.9344070041116
3020.204292833907
3025.383934207566
3030.4733311250893
3035.4724835864763
3040.3813915917344
3045.200055140849
3049.9284742338205
3054.56664887067
3059.1145790513765
3063.5722647759467
3067.939706044388
3072.2169028566786
3076.4038552128477
3080.5005631128734
3084.507026556763
3088.4232455445235
3092.249220076141
3095.984950151622
3099.630435770967
3103.1856769341975
3106.6506736412703
3110.025425892214
3113.3099336870073
3121.280538186991
3129.3482057270594
3137.512936307503
3145.7747299283
3154.1335865894944
3162.5895062910568
3171.142489032987
3179.7925348153003
3188.539643637989
3197.3838155010453
3206.3250504044845
3215.3633483482918
3224.498709332467
3233.731133357025
3243.0606204219657
3252.48717052726
3262.010783672951
3271.6314598590106
3281.349199085431
3291.164001352241
3301.075866659412
3311.084795006973
3321.190786394909
3331.393840823199
3341.6939582918785
3355.2432462240104
3369.13206699703
3383.3604206120363
3397.9283070691454
3412.83572636827
3428.082678509527
3443.669163492741
3459.5951813180873
3475.86073198542
3492.4658154948847
3509.410431846365
3526.6945810399484
3544.318263075518
3562.28147795322
3580.5842256729084
3599.2265062346996
3618.2083196385065
3637.5296658844454
3657.1905449724
3677.190956902399
3697.5309016744723
3718.210379288561
3739.2293897447526
3760.58793304296
3782.28600918327
3801.9914571973495
3821.8570410577086
3841.882760762688
3862.0686163123028
3882.4146077065234
3902.9207349453936
3923.58699802887
3944.413396956981
3965.399931729713
3986.5466023470653
4007.853408809053
4029.3203511156753
4050.947429266904
4072.7346432627673
4094.6819931032514
4116.789478788356
4139.05710031811
4161.4848576924705
4184.072750911451
4206.820779975067
4229.7289448833035
4252.79724563616
4276.025682233638
4299.41425467575
4322.962962962498
4694.661530837417
5093.288674855605
5518.844395004213
5971.328691288829
6450.741563703865
6957.083012251183
7490.35303693451
8050.551637748256
8637.678814696148
9251.734567780048
9892.718896992505
10560.631802342832
11255.473283821717
11977.24334143661
12725.941975181922
13501.569185065106
14304.124971082434
15133.60933322832
15990.022271506488
16873.363785918802
17783.633876468986
18720.832543147728
19684.959785962477
20676.015604907647
21693.99999998696
