1.0
1.0825958204852935
1.1651846689761045
1.2477665454724336
1.3303414499742803
1.4129093824816445
1.4954703429945266
1.5780243315129265
1.660571348036844
1.7431113925662793
1.8256444651012325
1.9081705656417032
1.990689694187692
2.0732018507391983
2.1557070352962224
2.238205247858764
2.3206964884268237
2.403180757000401
2.485658053579496
2.5681283781641087
2.6505917307542393
2.7330481113498877
2.8154975199510535
2.897939956557737
2.9803754211699385
3.0628039137876577
3.1452254344108943
3.227639983039649
3.3100475596739214
3.392448164313712
3.4748417969590197
3.557228457609845
3.6396081462661884
3.7219808629280497
3.8043466075954284
3.886705380268325
3.969057180946739
4.051402009630671
4.133739866320122
4.2160707510150885
4.298394663715573
4.380711604421577
4.463021573133098
4.545324569850136
4.627620594572692
4.709909647300766
4.792191728034357
4.874466836773465
4.956734973518092
5.038996138268236
5.121250331023899
5.203497551785079
5.285737800551776
5.3679710773239915
5.4501973821017256
5.532416714884976
5.6146290756737445
5.696834464468031
5.779032881267835
5.861224326073157
5.943408798883996
6.025586299700353
6.107756828522229
6.189920385349621
6.272076970182532
6.35422658302096
6.436369223864906
6.518504892714369
6.600633589569351
6.68275531442985
6.764870067295867
6.846977848167402
6.929078657044455
7.011172493927024
7.0932593588151125
7.175339251708718
7.257412172607841
7.3394781215124825
7.421537098422641
7.503589103338317
7.585634136259512
7.667672197186224
7.749703286118454
7.831727403056202
7.913744547999467
7.995754720948249
8.077757921902549
8.15975415086237
8.241743407827705
8.323725692798558
8.40570100577493
8.48766934675682
8.569630715744227
8.651585112737152
8.733532537735595
8.815472990739554
8.897406471749033
8.979332980764028
9.061252517784542
9.143165082810574
9.225070675842122
9.306969296879188
9.388860945921774
9.470745622969876
9.552623328023495
9.634494061082634
9.71635782214729
9.79821461121746
9.880064428293153
9.961907273374361
10.043743146461088
10.125572047553332
10.207393976651094
10.289208933754372
10.371016918863171
10.452817931977485
10.534611973097318
10.61639904222267
10.698179139353536
10.779952264489923
10.861718417631828
10.943477598779248
11.025229807932186
11.106975045090644
11.18871331025462
11.270444603424112
11.352168924599123
11.433886273779649
11.515596650965694
11.597300056157259
11.67899648935434
11.760685950556939
11.842368439765055
11.92404395697869
12.005712502197841
12.087374075422511
12.1690286766527
12.250676305888403
12.332316963129628
12.413950648376368
12.495577361628627
12.577197102886403
12.658809872149696
12.740415669418507
12.822014494692839
12.903606347972685
12.98519122925805
13.066769138548933
13.148340075845333
13.22990404114725
13.311461034454688
13.39301105576764
13.47455410508611
13.5560901824101
13.637619287739607
13.719141421074632
13.800656582415174
13.882164771761234
13.96366598911281
14.045160234469908
14.12664750783252
14.20812780920065
14.2896011385743
14.371067495953467
14.45252688133815
14.533979294728352
14.615424736124071
14.69686320552531
14.778294702932065
14.859719228344337
14.941136781762127
15.022547363185437
15.103950972614262
15.185347610048606
15.266737275488468
15.348119968933846
15.429495690384742
15.510864439841159
15.592226217303091
15.67358102277054
15.75492885624351
15.836269717721994
15.917603607205997
15.998930524695519
16.080250470190556
16.161563443691115
16.242869445197186
16.32416847470878
16.405460532225888
16.486745617748518
16.56802373127666
16.649294872810326
16.73055904234951
16.811816239894206
16.893066465444424
16.974309719000154
17.055546000561407
17.13677531012818
17.217997647700464
17.29921301327827
17.380421406861593
17.46162282845043
17.54281727804479
17.624004755644666
17.705185261250058
17.78635879486097
17.8675253564774
17.948684946099345
18.02983756372681
18.110983209359794
18.192121882998293
18.273253584642312
18.354378314291846
18.435496071946897
18.51660685760747
18.59771067127356
18.678807512945166
18.75989738262229
18.840980280304933
18.92205620599309
19.003125159686768
19.084187141385964
19.165242151090677
19.246290188800906
19.327331254516658
19.408365348237922
19.489392469964706
19.57041261969701
19.651425797434825
19.732432003178165
19.81343123692702
19.894423498681387
19.975408788441282
20.05638710620669
20.13735845197761
20.218322825754058
20.29928022753602
20.380230657323498
20.461174115116496
20.54211060091501
20.62304011471904
20.703962656528592
20.784878226343658
20.865786824164243
20.946688449990347
21.027583103821968
21.108470785659105
21.18935149550176
21.270225233349937
21.351091999203625
21.431951793062836
21.512804614927564
21.593650464797808
21.67448934267357
21.755321248554853
21.83614618244165
21.916964144333967
21.9977751342318
22.07857915213515
22.159376198044022
22.240166271958408
22.32094937387831
22.401725503803736
22.482494661734677
22.56325684767113
22.644012061613108
22.7247603035606
22.80550157351361
22.88623587147214
22.966963197436186
23.04768355140575
23.128396933380834
23.209103343361434
23.28980278134755
23.370495247339186
23.451180741336337
23.53185926333901
23.612530813347195
23.693195391360902
23.773852997380125
23.854503631404867
23.93514729343513
24.015783983470904
24.096413701512198
24.17703644755901
24.25765222161134
24.33826102366919
24.418862853732556
24.499457711801437
24.58004559787584
24.66062651195576
24.741200454041195
24.82176742413215
24.902327422228623
24.98288044833061
25.06342650243812
25.143965584551147
25.224497694669687
25.30502283279375
25.38554099892333
25.466052193058424
25.54655641519904
25.62705366534517
25.707543943496816
25.788027249653986
25.868503583816672
25.948972945984874
26.029435336158596
26.109890754337833
26.190339200522587
26.27078067471286
26.351215176908653
26.43164270710996
26.51206326531679
26.592476851529135
26.672883465746995
26.753283107970375
26.833675778199275
26.914061476433687
26.994440202673623
27.074811956919074
27.15517673917004
27.23553454942653
27.315885387688535
27.396229253956054
27.476566148229093
27.55689607050765
27.637219020791726
27.71753499908132
27.797844005376433
27.87814603967706
27.958441101983205
28.03872919229487
28.119010310612047
28.19928445693475
28.27955163126297
28.3598118335967
28.440065063935954
28.520311322280726
28.60055060863101
28.68078292298682
28.761008265348142
28.841226635714982
28.92143803408734
29.00164246046522
29.08183991484861
29.16203039723753
29.242213907631957
29.322390446031903
29.40256001243737
29.482722606848352
29.562878229264854
29.64302687968687
29.723168558114406
29.803303264547463
29.883430998986036
29.96355176143012
30.04366555187973
30.12377237033486
30.203872216795496
30.28396509126166
30.36405099373334
30.444129924210532
30.524201882693248
30.60426686918148
30.684324883675227
30.764375926174495
30.844419996679278
30.92445709518958
31.0044872217054
31.08451037622674
31.164526558753593
31.244535769285967
31.32453800782386
31.404533274367267
31.484521568916193
31.56450289147064
31.6444772420306
31.72444462059608
31.80440502716708
31.88435846174359
31.964304924325624
32.04424441491318
32.12417693350624
32.20410248010483
32.28402105470894
32.36393265731856
32.4438372879337
32.523734946554356
32.60362563318053
32.68350934781222
32.76338609044943
32.84325586109216
32.9231186597404
33.002974486394166
33.08282334105345
33.16266522371825
33.242500134388564
33.3223280730644
33.40214903974575
33.481963034432624
33.56177005712501
33.641570107822915
33.72136318652633
33.80114929323528
33.88092842794973
33.96070059066972
34.040465781395206
34.12022400012622
34.19997524686274
34.2797195216048
34.35945682435236
34.439187155105444
34.51891051386404
34.59862690062816
34.67833631539779
34.75803875817295
34.83773422895362
34.91742272773981
34.99710425453152
35.076778809328744
35.156446392131485
35.23610700293975
35.31576064175352
35.39540730857282
35.475047003397634
35.55467972622797
35.63430547706381
35.71392425590518
35.79353606275206
35.873140897604465
35.95273876046239
36.032329651325824
36.11191357019477
36.19149051706925
36.27106049194924
36.35062349483475
36.43017952572578
36.50972858462232
36.589270671524375
36.66880578643196
36.74833392934506
36.827855100263676
36.907369299187806
36.986876526117456
37.06637678105262
37.14587006399331
37.22535637493951
37.30483571389124
37.38430808084848
37.46377347581123
37.5432318987795
37.622683349753295
37.70212782873261
37.78156533571743
37.86099587070778
37.940419433703646
38.01983602470502
38.09924564371192
38.17864829072434
38.258043965742274
38.33743266876573
38.416814399794696
38.496189158829175
38.57555694586918
38.65491776091471
38.73427160396575
38.81361847502231
38.89295837408439
38.97229130115198
39.051617256225086
39.130936239303715
39.21024825038786
39.28955328947753
39.36885135657271
39.448142451673405
39.527426574779625
39.606703725891364
39.685973905008616
39.76523711213139
39.84449334725968
39.92374261039348
40.002984901532805
40.08222022067765
40.16144856782801
40.24066994298389
40.31988434614529
40.399091777312194
40.47829223648463
40.55748572366257
40.63667223884604
40.715851782035024
40.79502435322953
40.874189952429546
40.95334857963508
41.03250023484614
41.11164491806271
41.190782629284804
41.26991336851241
41.34903713574553
41.42815393098417
41.542864210504646
41.65785118700507
41.77311486048533
41.88865523094542
42.00447229838534
42.12056606280509
42.23693652420468
42.353583682584095
42.47050753794334
42.58770809028242
42.70518533960133
42.82293928590007
42.94096992917865
43.059277269437054
43.1778613066753
43.29672204089336
43.41585947209127
43.53527360026901
43.65496442542657
43.77493194756397
43.895176166681196
44.01569708277826
44.136494695855156
44.25756900591188
44.37892001294844
44.50054771696483
44.62245211796105
44.744633215937114
44.867091010893
44.989825502828715
45.11283669174426
45.23612457763964
45.35968916051486
45.483530440369904
45.607648417204786
45.73204309101949
45.856714461814036
45.98166252958841
46.10688729434261
46.23238875607665
46.35816691479052
46.484221770484226
46.61055332315776
46.73716157281112
46.864046519444315
46.991208163057344
47.11864650365021
47.24636154122291
47.37435327577543
47.50262170730778
47.631166835819975
47.75998866131199
47.88908718378384
48.018462403235525
48.148114319667044
48.278042933078396
48.40824824346957
48.53873025084059
48.66948895519144
48.80052435652211
48.93183645483262
49.063425250122954
49.19529074239313
49.32743293164313
49.459851817872966
49.59254740108263
49.72551968127213
49.85876865844146
49.99229433259063
50.126096703719625
50.26017577182845
50.394531536917114
50.5291639989856
50.66407315803393
50.79925901406209
50.93472156707006
51.070460817057885
51.20647676402554
51.34276940797302
51.47933874890033
51.61618478680748
51.75330752169446
51.89070695356127
52.02838308240791
52.16633590823439
52.3045654310407
52.44307165082683
52.5818545675928
52.7209141813386
52.860250492064246
52.9998634997697
53.139753204455005
53.27991960612013
53.4203627047651
53.56108250038989
53.702078992994515
53.84335218257897
53.98490206914326
54.126728652687376
54.26883193321133
54.42488791143181
54.58149139852796
54.73864239449931
54.89634089934589
55.05458691306768
55.21338043566469
55.37272146713693
55.532610007484394
55.69304605670706
55.85402961480497
56.015560681778084
56.17763925762644
56.34026534234998
56.503438935948765
56.66716003842278
56.83142864977199
56.99624476999645
57.161608399096096
57.327519537070984
57.4939781839211
57.66098433964642
57.828538004246965
57.99663917772274
58.16528786007372
58.33448405129994
58.50422775140136
58.67451896037801
58.84535767822989
59.01674390495697
59.18867764055929
59.361158885036815
59.53418763838957
59.70776390061755
59.88188767172073
60.056558951699145
60.231777740552786
60.40754403828163
60.58385784488573
60.760719160365014
60.93812798471953
61.11608431794927
61.29458816005423
61.473639511034406
61.653238370889824
61.83338473962043
62.014078617226275
62.19532000370734
62.37710889906363
62.55944530329512
62.742329216401856
62.92576063838381
63.10973956924096
63.29426600897334
63.47933995758095
63.66496141506377
63.85113038142184
64.0378468566551
64.22511084076358
64.4129223337473
64.60128133560622
64.79018784634037
64.97964186594976
65.16964339443435
65.36019243179416
65.55128897802919
65.74293303313944
65.93512459712491
66.12786366998562
66.32115025172153
66.51498434233267
66.70936594181902
66.9042950501806
67.09977166741739
67.29579579352944
67.49236742851666
67.68948657237911
67.8871532251168
68.08536738672971
68.28412905721781
68.48343823658118
68.68329492481972
68.88369912193352
69.08465082792253
69.28615004278673
69.48819676652622
69.69079099914086
69.89393274063075
70.09762199099588
70.30185875023618
70.50664301835175
70.71197479534248
70.9178540812085
71.12428087594972
71.33125517956617
71.5387769920578
71.74684631342468
71.95546314366678
72.16462748278408
72.37433933077659
72.58459868764437
72.86892329511352
73.15525120832353
73.44358242727458
73.73391695196676
74.02625478240003
74.32059591857421
74.6169403604896
74.91528810814611
75.21563916154366
75.5179935206823
75.82235118556201
76.1287121561827
76.43707643254459
76.74744401464756
77.05981490249155
77.37418909607663
77.69056659540286
78.0089474004701
78.32933151127838
78.65171892782791
78.97610965011836
79.30250367815006
79.63090101192267
79.96130165143643
80.29370559669121
80.62811284768713
80.9645234044242
81.30293726690229
81.64335443512141
81.98577490908167
82.33019868878284
82.67662577422527
83.02505616540884
83.37548986233332
83.72792686499906
84.08236717340571
84.4388107875535
84.79725770744233
85.15770793307229
85.52016146444339
85.88461830155552
86.25107844440879
86.61954189300286
86.9900086473383
87.36247870741465
87.73695207323226
88.1134287447909
88.49190872209067
88.87239200513125
89.25487859391308
89.70366782135943
90.1569818970147
90.61482082087923
91.07718459295188
91.54407321323333
92.01548668172336
92.49142499842196
92.9718881633296
93.45687617644558
93.94638903777013
94.4404267473044
94.93898930504633
95.4420767109973
95.94968896515661
96.46182606752495
96.97848801810164
97.49967481688736
98.02538646388189
98.55562295908476
99.09038430249643
99.62967049411645
100.17348153394573
100.72181742198313
101.27467815822956
101.83206374268434
102.3939741753486
102.96040945622099
103.53136958530217
104.1068545625917
104.68686438808982
105.27139906179718
105.86045858371267
106.45404295383719
107.05215217217074
107.65478623871263
108.2619451534631
108.87362891642238
109.48983752759
110.11057098696665
110.73582929455165
111.3656124503459
111.99992045434851
112.63875330655969
113.28211100697968
113.92999355560823
114.5824009524456
115.2393331974913
115.90079029074627
116.56677223220981
117.23727902188193
117.99815855260749
118.7669295155647
119.54359191076355
120.3281457382036
121.12059099788394
121.92092768980683
122.72915581397092
123.54527537037575
124.36928635902268
125.20118877991126
126.0409826330415
126.88866791841201
127.74424463602463
128.6077127858789
129.47907236797437
130.35832338231057
131.24546582888888
132.14049970770884
133.04342501877045
133.95424176207234
134.87294993761634
135.79954954540153
136.73404058542837
137.67642305769596
138.62669696220564
139.58486229895698
140.55091906794996
141.52486726918323
142.5067069026586
143.49643796837518
144.49406046633248
145.49957439653235
146.51297975897342
147.53427655365567
148.56346478057912
149.60054443974468
150.64551553115143
151.69837805479938
152.75913201068806
153.8277773988193
154.90431421919175
155.98874247180538
157.0810621566602
158.1812732737567
159.28937582309482
160.4053698046746
161.52925521849465
162.66103206455682
163.80070034286064
164.94826005340565
166.47715565670387
168.0285875730615
169.60255580246485
171.19906034491396
172.81810120040973
174.45967836895215
176.12379185054124
177.81044164517698
179.51962775285756
181.2513501735848
183.0056089073587
184.78240395417924
186.58173531404645
188.4036029869585
190.2480069729172
192.11494727192257
194.0044238839746
195.91643680907328
197.8509860472168
199.80807159840697
201.7876934626438
203.7898516399273
205.81454613025744
207.86177693363243
209.93154405005407
212.0238474795242
214.13868722203915
216.27606327759895
218.43597564620723
220.61842432786034
222.8234093225601
225.05093063030654
227.3009882510978
229.57358218493755
231.86871243182213
234.18637899175337
236.52658186473127
238.88932105075583
241.27459654982704
243.68240836194127
246.1127564871058
248.56564092531517
251.04106167656937
253.53901874087387
256.0595121182214
258.60254180861557
261.1681078120564
263.7562101285439
266.36684875807805
269.00002370065704
272.2084080367822
275.4610021400513
278.7578060105079
282.0988196481485
285.4840430529657
288.9134762249705
292.38711916415923
295.90497187052097
299.4670343440739
303.07330658480714
306.723788592717
310.4184803678145
314.15738191009586
317.9404932195539
321.7678142961995
325.6393451400254
329.5550857510316
333.5150361292217
337.51919627459574
341.5675661871537
345.6601458668847
349.7969353138069
353.9779345279094
358.2031435091849
362.4725622576552
368.9286411757348
375.593733738162
382.4678399449185
389.55095979591715
396.8430932912597
404.34424043087347
412.0544012148166
419.9735756430455
428.10176371554553
436.43896543237497
444.98518079349014
453.7404097989056
462.7046524486068
471.8779087426228
481.2601786809246
490.8514622635121
500.6517594904144
510.6610703615879
520.8793948770908
531.3067330368649
541.9430848409538
552.7884502893576
563.842829382018
575.1062221190077
586.5786285002832
627.5530903872568
670.989876830019
716.8889878299087
765.250423386693
816.0741834996734
869.3602681693155
925.108677396318
983.3194111792836
1043.992469518911
1107.1278524154332
1172.7255598688498
1240.7855918786954
1311.30794844497
1384.2926295686048
1459.7396352484357
1537.6489654846955
1618.0206202783156
1700.8545996281318
1786.1509035346098
1873.9095319977496
1964.1304850180168
2056.81376259448
2151.959364727605
2249.5672914178576
2349.637542664539
4396.47821290791
6595.343368843198
8946.233010455966
11449.147137731314
14104.085750669241
16911.04884928465
19870.036433562636
22981.0485034734
26244.08505909145
29659.146100386977
33226.231627345085
36945.34163996577
40816.47613826394
44839.63512223959
49014.81859186292
53342.026547178626
57821.25898811221
62452.51591475308
67235.79732707143
72171.10322505236
77258.43360869586
82497.78847801685
87889.16783300042
93432.57167366147
99127.9999999851
