1.0
1.6466353792087065
2.292601021692912
2.937896927452616
3.5825230964878183
4.226479528798519
4.869766224384719
5.512383183246418
6.1543304053836145
6.79560789079631
7.436215639484503
8.076153651448196
8.715421926687387
9.354020465202078
9.991949266992265
10.629208332057951
11.265797660399137
11.901717252015821
12.536967106908007
13.171547225075688
13.805457606518866
14.438698251237545
15.071269159231722
15.703170330501399
16.33440176504657
16.964963462867246
17.594855423963416
18.224077648335086
18.852630135982256
19.480512886904922
20.10772590110309
20.734269178576756
21.360142719325918
21.985346523350582
22.60988059065074
23.233744921226403
23.856939515077563
24.479464372204223
25.10131949260638
25.722504876284034
26.34302052323719
26.96286643346584
27.582042606969992
28.200549043749646
28.818385743804797
29.435552707135443
30.05204993374159
30.667877423623235
31.283035176780377
31.89752319321302
32.51134147292116
33.124490015904804
33.73696882216394
34.348777891698575
34.959917224508715
35.570386820594344
36.180186679955476
36.789316802592104
37.397777188504236
38.00556783769186
38.612688750154994
39.21913992589362
39.824921364907745
40.43003306719737
41.03447503276249
41.638247261603105
42.24134975371922
42.843782509110845
43.44554552777796
44.04663880972057
44.64706235493869
45.2468161634323
45.84590023520141
46.444314570246014
47.04205916856613
47.639134030161735
48.23553915503283
48.83127454317944
49.426340194601536
50.02073610929914
50.61446228727224
51.20751872852084
51.79990543304494
52.39162240084453
52.98266963191963
53.57304712627022
54.16275488389631
54.751792904797895
55.34016118897499
55.92785973642758
56.51488854715566
57.101247621159246
57.686936958438324
58.271956558992905
58.85630642282298
59.43998654992856
60.022996940309646
60.60533759396622
61.187008510898295
61.76800969110586
62.348341134588935
62.92800284134751
63.50699481138157
64.08531704469114
64.6629695412762
65.23995230113677
65.81626532427285
66.3919086106844
66.96688216037145
67.54118597333402
68.11482004957207
68.68778438908564
69.26007899187468
69.83170385793923
70.4026589872793
70.97294437989484
71.54256003578588
72.11150595495243
72.67978213739448
73.24738858311203
73.81432529210508
74.3805922643736
74.94618949991765
75.5111169987372
76.07537476083223
76.63896278620278
77.2018810748488
77.76412962677034
78.32570844196738
78.88661752043991
79.44685686218793
80.00642646721145
80.56532633551049
81.12355646708502
81.68111686193505
82.23800752006056
82.79422844146158
83.3497796261381
83.90466107409013
84.45887278531765
85.01241475982066
85.56528699759917
86.11748949865319
86.66902226298271
87.2198852905877
87.77007858146821
88.31960213562422
88.86845595305573
89.41664003376275
89.96415437774523
90.51099898500324
91.05717385553675
91.60267898934575
92.14751438643025
92.69168004679024
93.23517597042573
93.77800215733673
94.32015860752323
94.8616453209852
95.40246229772269
95.94260953773569
96.48208704102419
97.02089480758816
97.55903283742764
98.09650113054263
98.63329968693311
99.16942850659909
99.70488758954058
100.23967693575754
100.77379654525002
101.307246418018
101.84002655406148
102.37213695338043
102.90357761597491
103.43434854184488
103.96444973099035
104.49388118341132
105.02264289910778
105.55073487807974
106.0781571203272
106.60490962585017
107.13099239464863
107.65640542672259
108.18114872207204
108.705222280697
109.22862610259745
109.7513601877734
110.27342453622485
110.7948191479518
111.31554402295426
111.8355991612322
112.35498456278563
112.87370022761458
113.39174615571903
113.90912234709897
114.42582880175442
114.94186551968534
115.45723250089178
115.97192974537373
116.48595725313115
116.99931502416409
117.51200305847252
118.02402135605647
118.53536991691588
119.0460487410508
119.55605782846123
120.06539717914715
120.57406679310857
121.08206667034551
121.58939681085792
122.09605721464585
122.60204788170925
123.10736881204816
123.6120200056626
124.11600146255249
124.61931318271792
125.12195516615883
125.62392741287522
126.12522992286715
126.62586269613455
127.12582573267747
127.62511903249586
128.12374259558976
128.62169642195917
129.11898051160406
129.61559486452447
130.11153948072035
130.60681436019175
131.10141950293865
131.59535490896104
132.08862057825894
132.58121651083232
133.0731427066812
133.5643991658056
134.05498588820547
134.54490287388086
135.03415012283176
135.52272763505812
136.01063541056
136.4978734493374
136.98444175139025
137.47034031671865
137.9555691453225
138.44012823720192
138.92401759235676
139.40723721078712
139.889787092493
140.37166723747436
140.85287764573124
141.3334183172636
141.81328925207146
142.29249045015484
142.77102191151369
143.24888363614807
143.7260756240579
144.20259787524324
144.67845038970412
145.15363316744046
145.6281462084523
146.1019895127397
146.5751630803025
147.04766691114088
147.5195010052547
147.99066536264405
148.4611599833089
148.93098486724924
149.4001400144651
149.86862542495643
150.33644109872327
150.80358703576562
151.27006323608344
151.73586969967678
152.2010064265456
152.66547341668993
153.12927067010978
153.5923981868051
154.05485596677593
154.51664401002225
154.97776231654407
155.43821088634138
155.8979897194142
156.3570988157625
156.8155381753863
157.27330779828563
157.7304076844604
158.18683783391072
158.6425982466365
159.09768892263781
159.5521098619146
160.0058610644669
160.4589425302947
160.911354259398
161.3630962517768
161.81416850743108
162.26457102636084
162.71430380856614
163.16336685404696
163.61176016280322
164.059483734835
164.50653757014229
164.95292166872508
165.39863603058336
165.84368065571712
166.28805554412642
166.73176069581118
167.17479611077147
167.61716178900724
168.0588577305185
168.49988393530526
168.94024040336754
169.3799271347053
169.81894412931857
170.25729138720735
170.6949689083716
171.13197669281135
171.56831474052663
172.0039830515174
172.43898162578364
172.8733104633254
173.30696956414266
173.7399589282354
174.17227855560367
174.6039284462474
175.03490860016666
175.4652190173614
175.89485969783166
176.32383064157742
176.75213184859865
177.1797633188954
177.60672505246765
178.03301704931536
178.4586393094386
178.88359183283737
179.30787461951158
179.73148766946133
180.15443098268656
180.57670455918728
180.9983083989635
181.41924250201527
181.83950686834248
182.2591014979452
182.67802639082345
183.09628154697717
183.51386696640637
183.9307826491111
184.34702859509133
184.76260480434703
185.17751127687825
185.591748012685
186.00531501176718
186.4182122741249
186.83043979975812
187.24199758866683
187.65288564085103
188.06310395631075
188.47265253504597
188.88153137705666
189.28974048234286
189.69727985090458
190.10414948274178
190.51034937785448
190.91587953624267
191.32073995790634
191.72493064284555
192.12845159106027
192.53130280255047
192.93348427731613
193.33499601535732
193.73583801667402
194.1360102812662
194.5355128091339
194.93434560027708
195.33250865469574
195.73000197238994
196.12682555335962
196.5229793976048
196.9184635051255
197.31327787592167
197.70742250999334
198.1008974073405
198.4937025679632
198.88583799186137
199.27730367903501
199.6680996294842
200.05822584320887
200.44768232020903
200.83646906048472
201.22458606403586
201.61203333086252
201.99881086096468
202.38491865434236
202.7703567109955
203.15512503092415
203.53922361412833
203.922652460608
204.3054115703631
204.6875009433938
205.06892057969995
205.4496704792816
205.82975064213875
206.20916106827136
206.5879017576795
206.96597271036316
207.34337392632233
207.72010540555698
208.0961671480671
208.4715591538527
208.84628142291385
209.2203339552505
209.59371675086263
209.96642980975028
210.33847313191342
210.70984671735204
211.08055056606614
211.45058467805578
211.8199490533209
212.18864369186153
212.55666859367767
212.9240237587693
213.29070918713637
213.65672487877902
214.02207083369711
214.38674705189075
214.75075353335987
215.11409027810453
215.47675728612458
215.8387545574202
216.2000820919913
216.56073988983792
216.92072795096004
217.28004627535768
217.63869486303076
217.99667371397933
218.35398282820344
218.71062220570303
219.06659184647816
219.42189175052877
219.77652191785486
220.1304823484564
220.4837730423335
220.83639399948612
221.18834521991423
221.5396267036178
221.8902384505969
222.2401804608515
222.58945273438155
222.93805527118715
223.28598807126824
223.63325113462483
223.9798444612569
224.32576805116452
224.67102190434753
225.0156060208061
225.3595204005402
225.7027650435498
226.04533994983484
226.38724511939546
226.72848055223153
227.06904624834306
227.40894220773012
227.7481684303927
228.08672491633075
228.42461166554432
228.7618286780334
229.09837595379793
229.43425349283797
229.76946129515355
230.1039993607446
230.4378676896112
230.77106628175324
231.10359513717083
231.43545425586382
231.76664363783237
232.09716328307644
232.427013191596
232.75619336339105
233.0847037984616
233.41254449680758
233.73971545842915
234.0662166833262
234.39204817149874
234.71720992294678
235.04170193767033
235.36552421566938
235.68867675694383
236.0111595614939
236.33297262931944
236.65411596042048
236.974589554797
237.29439341244904
237.61352753337653
237.93199191757955
238.2497865650581
238.5669114758121
238.88336664984163
239.19915208714667
239.5142677877272
239.82871375158317
240.1424899787147
240.4555964691217
240.7680332228042
241.14762554785784
241.5270885768897
241.90642230989906
242.28562674688587
242.6647018878501
243.04364773279184
243.42246428171103
243.80115153460767
244.1797094914818
244.55813815233336
244.9364375171624
245.3146075859689
245.69264835875285
246.07055983551427
246.44834201625315
246.82599490096948
247.2035184896633
247.58091278233456
247.9581777789833
248.3353134796095
248.71231988421314
249.08919699279429
249.46594480535285
249.8425633218889
250.2190525424024
250.59541246689335
250.97164309536177
251.34774442780767
251.72371646423102
252.09955920463184
252.47527264901012
252.85085679736585
253.22631164969906
253.6016372060097
253.97683346629782
254.35190043056343
254.72683809880647
255.10164647102695
255.47632554722495
255.8508753274004
256.2252958115533
256.59958699968365
256.97374889179144
257.3477814878768
257.72168478793947
258.0954587919797
258.46910349999735
258.8426189119925
259.216005027965
259.58926184791517
259.9623893718426
260.3353875997476
260.70825653163007
261.08099616748996
261.4536065073274
261.8260875511422
262.19843929893443
262.57066175070423
262.94275490645146
263.3147187661761
263.6865533298783
264.0582585975578
264.4298345692149
264.8012812448494
265.17259862446144
265.5437867080509
265.9148454956178
266.28577498716214
266.656575182684
267.0272460821833
267.39778768566003
267.76819999311425
268.13848300454595
268.5086367199551
268.8786611393417
269.24855626270573
269.6183220900473
269.98795862136626
270.3574658566627
270.72684379593665
271.09609243918806
271.46521178641683
271.83420183762314
272.20306259280693
272.57179405196814
272.94039621510683
273.308869082223
273.6772126533166
274.04542692838766
274.41351190743626
274.78146759046217
275.1492939774656
275.5169910684466
275.88455886340495
276.25199736234083
276.61930656525413
276.9864864721449
277.3535370830131
277.7204583978588
278.08725041668197
278.44732426881603
278.80713835223935
279.1666926669537
279.5259872129589
279.8850219902551
280.2437969988423
280.6023122387204
280.96056770988946
281.3185634123496
281.67629934610056
282.0337755111425
282.3909919074755
282.74794853509934
283.1046453940142
283.46108248422007
283.81725980571684
284.1731773585046
284.5288351425833
284.88423315795296
285.23937140461356
285.5942498825652
285.94886859180775
286.3032275323412
286.65732670416577
287.01116610728116
287.36474574168756
287.718065607385
288.0711257043733
288.4239260326525
288.7764665922228
289.12874738308403
289.4807684052362
289.83252965867933
290.1840311434134
290.53527285943846
290.8862548067545
291.2369769853615
291.58743939525937
291.9376420364483
292.2875849089282
292.637268012699
292.9866913477608
293.33585491411355
293.68475871175724
294.03340274069194
294.38178700091754
294.72991149243416
295.0777762152417
295.42538116934026
295.7727263547297
296.1198117714102
296.4666374193816
296.81320329864394
297.1595094091973
297.5055557510416
297.8513423241768
298.19686912860305
298.5421361643202
298.88714343132835
299.23189092962747
299.57637865921754
299.9206066200985
300.26457481227055
300.60828323573344
300.95173189048734
301.29492077653225
301.63784989386807
301.98051924249484
302.3229288224127
302.66507863362136
303.006968676121
303.34859894991166
303.6899694549933
304.03108019136585
304.3719311590294
304.71252235798386
305.0528537882293
305.3929254497657
305.73273734259305
306.0722894667114
306.41158182212075
306.750614408821
307.08938722681216
307.4279002760944
307.7661535566675
308.10414706853163
308.4418808116867
308.7793547861327
309.1165689918697
309.4535234288977
309.79021809721655
310.12665299682646
310.46282812772733
310.7987434899191
311.13439908340183
311.4697949081756
311.80493096424027
312.13980725159587
312.47442377024254
312.8087805201801
313.3505140581465
313.8960994423952
314.4455366729196
314.99882574972025
315.5559666727968
316.11695944214944
316.681804057778
317.25050051968265
317.8230488278632
318.39944898231977
318.97970098305234
319.5638048300608
320.1517605233454
320.743568062906
321.33922744874246
321.93873868085507
322.54210175924356
323.14931668390807
323.76038345484835
324.3753020720651
324.9940725355576
325.61669484532604
326.2431690013706
326.8734950036909
327.50767285228756
328.1457025471598
328.78758408830845
329.4333174757329
330.08290270943326
330.73633978940984
331.3936287156621
332.0547694881907
332.71976210699495
333.38860657207533
334.06130288343206
334.73785104106423
335.41825104497275
336.10250289515693
336.79060659161746
337.4825621343539
338.1783695233662
338.87802875865464
339.58153984021897
340.2889027680592
341.00011754217553
341.715184162568
342.4341026292366
343.1568729421806
343.88349510140097
344.61396910689723
345.2550843565635
345.89639613477283
346.5379044415285
347.1796092768304
347.8215106406784
348.4636085330727
349.10590295401323
349.74839390349996
350.3910813815329
351.03396538811216
351.67704592323753
352.32032298690916
352.963796579127
353.6074666998911
354.2513333492014
354.8953965270579
355.5396562334607
356.1841124684096
356.8287652319048
357.47361452394625
358.1186603445339
358.7639026936677
359.4093415713478
360.05497697757414
360.70080891234664
361.3468373756654
361.9930623675304
362.63948388794154
363.28610193689894
363.9329165144026
364.5799276204525
365.22713525504855
365.87453941819086
366.5221401098794
367.1699373301141
367.8179310788951
368.46612135622235
369.1145081620957
369.76309149651536
370.41187135948127
371.0608477509933
371.71002067105167
372.35939011965615
373.00895609680697
373.6587186025039
374.3086776367471
374.95883319953657
375.6091852908722
376.25973391075405
376.91047905918214
377.8951001067817
378.8930031484306
379.90418818414037
380.92865521391013
381.9664042377408
383.01743525563234
384.08174826758386
385.15934327359537
386.2502202736687
387.35437926780105
388.4718202559943
389.6025432382485
390.7465482145635
391.90383518493854
393.07440414937446
394.25825510787035
395.45538806042714
396.6658030070439
397.88949994772156
399.1264788824592
400.3767398112577
401.64028273411714
402.91710765103653
404.2072145620168
405.510603467058
406.82727436615914
408.1572272593203
409.5004621465432
410.8569790278252
412.2267779031681
413.6098587725719
415.00622163603657
416.4158664935612
417.83879334514677
419.2750021907923
420.7244930304987
422.187265864266
423.6633206920933
425.15265751398056
426.6552763299278
428.17117713993684
429.7003599440068
431.2428247421367
432.7985715343266
434.36760032057737
435.94991110088904
437.5455038752607
439.15437864369324
440.77653540618576
442.41197416273917
444.6677038987855
446.9605199028538
449.2904221749195
451.65741071498996
454.06148552305785
456.502646599125
458.9808939431932
461.4962275552625
464.04864743532744
466.63815358339707
469.2647459994623
471.92842468353047
474.6291896356033
477.36704085566817
480.1419783437377
482.9540020998029
485.80311212387096
488.6893084159383
491.61259097600305
494.5729598040707
497.57041490013944
500.6049562642038
503.67658389627104
506.7852977963357
509.9310979644033
513.1139844004701
516.3339571045344
519.5910160766016
522.8851613166662
526.2163928247337
529.5847106008005
532.9901146448628
536.4326049569299
539.9121815369945
543.4288443850601
546.9825935011268
550.5734288851909
554.2013505372561
557.8663584573223
561.5684526453861
565.3076331014527
569.0838998255149
572.8972528175818
576.7476920776462
580.6352176057098
584.5598294017746
588.5215274658385
592.5203117979036
596.5561823979679
600.6291392660314
606.7009172127509
612.8867122041629
619.1865242404747
625.6003533216572
632.1281994477322
638.7700626186852
645.5259428345016
652.3958400952179
659.3797544008194
666.4776857512988
673.6896341466563
681.0155995868845
688.4555820720125
696.0095816020184
703.6775981769024
711.459631796657
719.3556824613042
727.3657501708367
735.4898349252544
743.7279367245428
752.0800555687019
760.5461914577609
769.1263443916978
777.82051437052
786.6287013942201
796.2419352338184
806.0223422548006
815.9699224568758
826.0846758400876
836.3666024044651
846.8157021499355
857.431975076528
868.2154211843008
879.1660404731665
890.2838329431543
901.5687985943223
913.0209374265833
924.6402494399663
936.4267346345296
948.3803930101858
960.5012245669641
972.7892293049226
985.2444072239596
997.8667583241477
1010.6562826054869
1023.6129800679337
1036.7368507115025
1050.027894536237
1063.486111542079
1077.111501729043
1112.1623621702893
1149.0156494140392
1187.6713634597836
1228.1295043078717
1270.3900719579542
1314.4530664101476
1360.3184876646847
1407.9863357212162
1457.4566105800914
1508.7293122408446
1561.8044407041743
1616.6819959692657
1673.3619780365843
1731.844386906363
1792.1292225779034
1854.2164850519039
1918.1061743278988
1983.7982904062374
2051.2928332865704
2120.589802968898
2191.689199453802
2264.591022740584
2339.2952728297096
2415.8019497208297
2494.11105341441
4549.835134834051
6759.331839352846
9122.601166903973
11639.643117457628
14310.457691073418
17135.04488773644
20113.40470738709
23245.537150099874
26531.442215830088
29971.119904577732
33564.57021637261
37311.79315121472
41212.78870905936
45267.55688996613
49476.097693905234
53838.41112083197
58354.49717083573
63024.35584387183
67847.98713989556
72825.39105898142
77956.56760111451
83241.51676623523
88680.23855443299
94272.73296564817
100018.99999988079
