202.99999999999997
209.57834393473084
216.1457798814002
222.70230784000805
229.2479278105544
235.7826397930392
242.3064437874625
248.81933979382433
255.32132781212462
261.8124078423634
268.2925798845407
274.76184393865645
281.2202000047107
287.6676480827034
294.1041881726347
300.5298202745044
306.9445443883126
313.3483605140593
319.74126865174446
326.12326880136817
332.4943609629304
338.854545136431
345.2038213218701
351.5421895192478
357.8696497285639
364.18620194981855
370.4918461830116
376.7865824281432
383.07041068521335
389.3433309542219
395.605343235169
401.85644752805456
408.0966438328786
414.3259321496412
420.54431247834214
426.75178481898166
432.9483491715597
439.1340055360762
445.3087539125312
451.47259430092464
457.6255267012566
463.767551113527
469.89866753773595
476.0188759738835
482.12817642196944
488.2265688819938
494.31405335395675
500.3906298378581
506.4562983336981
512.5110588414765
518.5549113611934
524.5878558928488
530.6098924364427
536.621020991975
542.6212415594458
548.6105541388552
554.588958730203
560.5564553334893
566.5130439487142
572.4587245758775
578.3934972149792
584.3173618660195
590.2303185289983
596.1323672039156
602.0235078907713
607.9037405895656
613.7730653002983
619.6314820229695
625.4789907575793
631.3155915041274
637.1412842626141
642.9560690330393
648.759945815403
654.5529146097051
660.3349754159458
666.1061282341249
671.8663730642425
677.6157099062987
683.3541387602932
689.0816596262263
694.7982725040979
700.503977393908
706.1987742956566
711.8826632093437
717.5556441349692
723.2177170725332
728.8688820220357
734.5091389834768
740.1384879568562
745.7569289421743
751.3644619394308
756.9610869486256
762.5468039697591
768.1216130028312
773.6855140478416
779.2385071047905
784.780592173678
790.3117692545039
795.8320383472682
801.3413994519711
806.8398525686125
812.3273976971924
817.8040348377108
823.2697639901677
828.7245851545629
834.1684983308967
839.601503519169
845.0236007193799
850.4347899315292
855.835071155617
861.2244443916433
866.602909639608
871.9704668995113
877.327116171353
882.6728574551332
888.007690750852
893.3316160585092
898.6446333781048
903.946742709639
909.2379440531117
914.518237408523
919.7876227758726
925.0461001551608
930.2936695463875
935.5303309495525
940.7560843646561
945.9709297916983
951.174867230679
956.367896681598
961.5500181444556
966.7212316192517
971.8815371059861
977.0309346046593
982.1694241152708
987.2970056378208
992.4136791723093
997.5194447187364
1002.6143022771018
1007.6982518474058
1012.7712934296483
1017.8334270238292
1022.8846526299487
1027.9249702480067
1032.9543798780032
1037.972881519938
1042.9804751738113
1047.9771608396234
1052.9629385173737
1057.9378082070627
1062.90176990869
1067.8548236222557
1072.79696934776
1077.728207085203
1082.6485368345843
1087.5579585959042
1092.4564723691626
1097.3440781543593
1102.2207759514947
1107.0865657605684
1111.9414475815809
1116.7854214145314
1121.6184872594206
1126.4406451162483
1131.2518949850146
1136.0522368657194
1140.8416707583626
1145.6201966629444
1150.3878145794645
1155.1445245079233
1159.8903264483204
1164.625220400656
1169.3492063649303
1174.062284341143
1178.764454329294
1183.4557163293834
1188.1360703414116
1192.8055163653783
1197.4640544012834
1202.1116844491269
1206.748406508909
1211.3742205806295
1215.9891266642887
1220.593124759886
1225.186214867422
1229.7683969868965
1234.3396711183093
1238.9000372616608
1243.4494954169506
1247.988045584179
1252.515687763346
1257.0324219544514
1261.538248157495
1266.0331663724776
1270.5171765993982
1274.9902788382576
1279.4524730890555
1283.9037593517917
1288.3441376264664
1292.77360791308
1297.1921702116315
1301.5998245221217
1305.9965708445507
1310.382409178918
1314.7573395252234
1319.121361883468
1323.4744762536507
1327.8166826357717
1332.1479810298315
1336.4683714358296
1340.7778538537664
1345.0764282836415
1349.364094725455
1353.6408531792072
1357.906703644898
1362.1616461225271
1366.4056806120948
1370.638807113601
1374.8610256270454
1379.0723361524285
1383.27273868975
1387.4622332390102
1391.6408198002089
1395.8084983733459
1399.9652689584213
1404.1111315554353
1408.2460861643879
1412.3701327852789
1416.4832714181084
1420.5855020628765
1424.6768247195828
1428.7572393882278
1432.8267460688112
1436.8853447613333
1440.9330354657936
1444.9698181821927
1448.99569291053
1453.010659650806
1457.0147184030202
1461.007869167173
1464.9901119432648
1468.9614467312945
1472.9218735312627
1476.8713923431696
1480.810003167015
1484.7377060027989
1488.6545008505213
1492.560387710182
1496.4553665817812
1500.3394374653192
1504.2126003607955
1508.07485526821
1511.9262021875634
1515.7666411188552
1519.5961720620853
1523.4147950172542
1527.2225099843613
1531.0193169634072
1534.8052159543913
1538.580206957314
1542.3442899721754
1546.0974649989748
1549.839732037713
1553.5710910883897
1557.2915421510047
1561.0010852255584
1564.6997203120507
1568.3874474104812
1572.0642665208502
1575.730177643158
1579.385180777404
1583.0292759235886
1586.6624630817118
1590.2847422517732
1593.8961134337733
1597.4965766277119
1601.0861318335888
1604.6647790514044
1608.2325182811583
1611.789349522851
1615.3352727764818
1618.8702880420515
1622.3943953195592
1625.9075946090056
1629.4098859103908
1632.901269223714
1636.3817445489758
1639.8513118861765
1643.3099712353153
1646.7577225963928
1650.1945659694088
1653.6205013543631
1657.0355287512557
1660.4396481600872
1663.832859580857
1667.2151630135654
1670.5865584582125
1673.9470459147976
1677.2966253833215
1680.6352968637837
1683.9630603561845
1687.279915860524
1690.5858633768016
1693.8809029050178
1697.1650344451728
1700.4382579972657
1703.7005735612975
1706.951981137268
1710.1924807251767
1713.4220723250237
1716.6407559368095
1719.8485315605335
1723.0453991961963
1726.2313588437976
1729.4064105033367
1732.5705541748152
1735.7237898582318
1738.8661175535872
1741.9975372608806
1745.1180489801127
1748.2276527112836
1751.3263484543922
1754.4141362094401
1757.4910159764263
1760.5569877553503
1763.6120515462135
1766.6562073490154
1769.6894551637552
1772.7117949904336
1775.7232268290509
1778.7237506796062
1781.7133665421002
1784.6920744165327
1787.6598743029035
1790.616766201213
1793.5627501114614
1796.4978260336475
1799.4219939677723
1802.335253913836
1805.2376058718376
1808.1290498417782
1811.0095858236573
1813.8792138174742
1816.7379338232304
1819.5857458409248
1822.4226498705573
1825.2486459121287
1828.0637339656387
1830.867914031087
1833.6611861084739
1836.4435501977991
1839.2150062990627
1841.9755544122652
1844.725194537406
1847.4639266744848
1850.1917508235028
1852.9086669844592
1855.6146751573538
1858.309775342187
1860.9939675389587
1863.6672517476688
1866.3296279683177
1868.981096200905
1871.6216564454303
1874.2513087018947
1876.8700529702974
1879.4778892506388
1882.0748175429185
1884.6608378471367
1887.2359501632932
1889.8001544913886
1892.3534508314224
1894.8958391833944
1897.427319547305
1899.9478919231544
1902.457556310942
1904.956312710668
1907.4441611223326
1909.921101545936
1912.3871339814775
1914.8422584289574
1917.286474888376
1919.7197833597334
1922.1421838430288
1924.5536763382627
1926.9542608454353
1929.3439373645465
1931.722705895596
1934.0905664385837
1936.4475189935101
1938.7935635603756
1941.1287001391788
1943.4529287299208
1945.766249332601
1948.0686619472203
1950.3601665737776
1952.6407632122737
1954.9104518627078
1957.169232525081
1959.4171051993922
1961.654069885642
1963.8801265838301
1966.0952752939575
1968.2995160160226
1970.4928487500265
1972.6752734959687
1974.8467902538498
1977.0073990236692
1979.1570998054267
1981.295892599123
1983.4237774047579
1985.540754222331
1987.6468230518426
1989.7419838932929
1991.8262367466818
1993.8995816120091
1995.9620184892747
1998.0135473784787
2000.0541682796218
2002.0838811927028
2004.1026861177224
2006.1105830546803
2008.1075720035774
2010.0936529644123
2012.068825937186
2014.0330909218978
2015.986447918549
2017.9288969271379
2019.8604379476653
2021.7810709801315
2023.6907960245362
2025.5896130808792
2027.4775221491604
2029.354523229381
2031.2206163215392
2033.0758014256362
2034.9200785416715
2036.753447669646
2038.5759088095583
2040.3874619614091
2042.1881071251985
2043.9778443009268
2045.756673488593
2047.5245946881978
2049.281607899741
2051.0277131232233
2052.7629103586432
2054.4871996060024
2056.2005808653
2057.9030541365355
2059.59461941971
2061.2752767148227
2062.945026021874
2064.603867340864
2066.2518006717924
2067.8888260146587
2069.514943369464
2071.130152736208
2072.7344541148905
2074.327847505511
2075.91033290807
2077.481910322568
2079.0425797490043
2080.5923411873787
2082.131194637692
2083.659140099944
2085.176177574134
2086.6823070602627
2088.1775285583294
2089.661842068336
2091.1352475902795
2092.597745124162
2094.049334669983
2095.490016227743
2096.919789797441
2098.3386553790774
2099.746612972652
2101.143662578166
2102.5298041956185
2103.9050378250085
2105.2693634663374
2106.6227811196054
2107.9652907848113
2109.2968924619554
2110.6175861510387
2111.9273718520603
2113.22624956502
2114.5142192899184
2115.7912810267553
2117.057434775531
2118.312680536245
2119.557018308897
2120.790448093488
2122.0129698900178
2123.2245836984853
2124.4252895188915
2125.615087351237
2126.7939771955203
2127.961959051742
2129.119032919902
2130.265198800001
2131.4004566920366
2133.5379004137553
2135.6725086081115
2137.8042812751055
2139.9332184147374
2142.059320027007
2144.182586111913
2146.303016669458
2148.42061169964
2150.53537120246
2152.6472951779174
2154.7563836260124
2156.8626365467453
2158.9660539401157
2161.0666358061235
2163.164382144769
2165.2592929560524
2167.3513682399735
2169.440607996532
2171.5270122257284
2173.6105809275623
2175.6913141020336
2177.7692117491424
2179.8442738688896
2181.9165004612737
2183.9858915262957
2186.0524470639557
2188.1161670742526
2190.1770515571875
2192.2351005127603
2194.2903139409705
2196.342691841818
2198.3922342153037
2200.4389410614267
2202.4828123801876
2204.523848171586
2206.562048435622
2208.5974131722955
2210.6299423816067
2212.659636063556
2214.6864942181423
2216.7105168453663
2218.731703945228
2220.7500555177276
2222.765571562865
2224.7782520806395
2226.788097071052
2228.795106534102
2230.7992804697897
2232.8006188781146
2234.799121759078
2236.7947891126782
2238.787620938917
2240.7776172377926
2242.7647780093057
2244.7491032534567
2246.7305929702457
2248.709247159672
2250.6850658217363
2252.6580489564376
2254.628196563777
2256.595508643754
2258.5599851963684
2260.5216262216204
2262.4804317195103
2264.436401690038
2266.3895361332034
2268.3398350490056
2270.287298437446
2272.2319262985243
2274.17371863224
2276.112675438593
2278.048796717584
2279.9820824692124
2281.9125326934786
2283.8401473903823
2285.764926559924
2287.6868702021034
2289.6059783169194
2291.5222509043742
2293.4356879644665
2295.346289497196
2297.2540555025635
2299.158985980568
2301.0610809312107
2302.960340354491
2304.8567642504086
2306.750352618964
2308.6411054601567
2310.529022773988
2312.4141045604565
2314.296350819562
2316.175761551306
2318.052336755687
2319.9260764327064
2321.796980582363
2323.6650492046565
2325.5302822995886
2327.392679867158
2329.2522419073653
2331.108968420231
2334.040067468968
2336.989661843081
2339.957751542569
2342.9443365674324
2345.949416917671
2348.972992593285
2352.015063594275
2355.0756299206396
2358.1546915723798
2361.252248549495
2364.368300851986
2367.502848479852
2370.6558914330935
2373.827429711711
2377.0174633157035
2380.2259922450708
2383.453016499814
2386.6985360799326
2389.962550985426
2393.245061216295
2396.5460667725392
2399.8655676541593
2403.2035638611546
2406.560055393525
2409.935042251272
2413.328524434393
2416.7405019428898
2420.170974776762
2423.6199429360086
2427.087406420632
2430.5733652306294
2434.077819366003
2437.600768826752
2441.1422136128754
2444.7021537243754
2448.2805891612497
2451.8775199235
2455.4929460111257
2459.1268674241264
2462.779284162503
2466.450196226254
2470.139603615381
2473.847506329884
2477.573904369761
2481.3187977350144
2485.082186425643
2488.864070441646
2492.6644497830257
2496.4833244497795
2500.32069444191
2504.1765597594153
2508.050920402295
2511.9437763705514
2515.855127664182
2519.784974283189
2523.7333162275713
2527.700153497328
2531.685486092461
2535.6893140129687
2539.711637258852
2543.752455830111
2547.811769726745
2551.8895789487547
2555.9858834961387
2560.1006833688994
2564.2339785670356
2568.385769090545
2572.556054939432
2576.744836113693
2580.9521126133304
2585.1778844383434
2589.4221515887302
2593.6849140644936
2597.9661718656316
2602.2659249921453
2606.5841734440346
2610.9209172212986
2615.276156323939
2619.6498907519544
2624.0421205053444
2628.452845584111
2632.8820659882513
2637.329781717768
2641.7959927726606
2646.280699152927
2650.7839008585697
2655.3055978895873
2659.8457902459813
2664.40447792775
2668.9816609348936
2673.5773392674137
2678.1915129253075
2682.824181908579
2687.475346217224
2692.1450058512446
2696.833160810641
2701.539811095412
2706.2649567055596
2711.008597641082
2715.770733901929
2723.022374163269
2730.3414406148368
2737.727933256636
2745.1818520886627
2752.7031971109136
2760.291968323396
2767.948165726106
2775.6717893190435
2783.462839102205
2791.3213150756055
2799.2472172392263
2807.240545593075
2815.3013001371583
2823.429480871462
2831.6250877959937
2839.8881209107603
2848.2185802157546
2856.616465710973
2865.0817773964227
2873.6145152720965
2882.214679337998
2890.882269594131
2899.6172860404913
2908.419728677083
2917.289597503899
2926.226892520943
2935.231613728218
2944.303761125717
2953.4433347134436
2962.6503344914054
2971.9247604595876
2981.2666126180047
2990.6758909666496
3000.1525955055185
3009.696726234615
3019.308283153943
3028.9872662634953
3038.7336755632787
3048.5475110532934
3058.4287727335322
3068.3774606039988
3078.3935746646966
3088.4771149156186
3098.6280813567682
3108.846473988153
3119.1322928097616
3129.485537821598
3139.906209023662
3150.394306415954
3160.949829998295
3169.548301718214
3178.1348083321736
3186.709349840172
3195.2719262422106
3203.8225375382826
3212.361183728399
3220.887864812552
3229.4025807907437
3237.9053316629725
3246.3961174292435
3254.8749380895515
3263.3417936439
3271.7966840922836
3280.2396094347096
3288.6705696711742
3297.0895648016776
3305.496594826216
3313.891659744797
3322.2747595574165
3330.6458942640747
3339.00506386477
3347.3522683595056
3355.68750774828
3364.010782031095
3372.322091207945
3380.6214352788356
3388.908814243765
3397.184228102735
3405.4476768557415
3413.699160502787
3421.938679043873
3430.166232478996
3438.3818208081593
3446.585444031358
3454.7771021485987
3462.9567951598783
3471.1245230651966
3479.280285864552
3487.4240835579476
3495.555916145382
3503.6757836268553
3511.7836860023654
3519.879623271918
3527.963595435507
3536.0356024931352
3544.095644444802
3552.1437212905075
3560.1798330302518
3568.2039796640365
3576.2161611918364
3585.789340550562
3595.412239624382
3605.0848584132927
3614.8071969172997
3624.5792551363957
3634.401033070584
3644.2725307198652
3654.1937480842407
3664.1646851637033
3674.185341958264
3684.2557184679135
3694.3758146926593
3704.5456306324922
3714.765166287423
3725.0344216574413
3735.3533967425537
3745.722091542757
3756.1405060580582
3766.6086402884466
3777.1264942339294
3787.694067894503
3798.3113612701673
3808.9783743609296
3819.695107166779
3830.4615596877265
3841.277731923761
3852.14362387489
3863.05923554111
3874.024566922424
3885.039618018829
3896.1043888303284
3907.2188793569185
3918.383089598603
3929.5970195553746
3940.860669227244
3952.1740386142046
3963.537127716256
3974.9499365334013
3986.4124650656413
3997.9247133129684
4009.48668127539
4021.0983689529057
4032.7597763455124
4044.4709034532098
4056.2317502760015
4068.042316813884
4079.902603066861
4091.8126090349288
4103.772334718091
4115.781780116595
4130.834895368149
4146.055140144126
4161.442514444527
4176.99701826938
4192.718651618634
4208.607414492355
4224.663306890492
4240.886328813067
4257.276480260065
4273.833761231508
4290.558171727396
4307.449711747693
4324.508381292435
4341.734180361607
4359.127108955225
4376.687167073251
4394.414354715736
4412.308671882638
4430.370118573977
4448.598694789762
4466.994400529955
4485.557235794608
4504.287200583676
4523.184294897183
4542.248518735119
4561.479872097501
4580.878354984299
4600.443967395549
4620.176709331223
4640.076580791327
4660.143581775876
4680.377712284833
4700.77897231825
4721.347361876091
4742.082880958362
4762.985529565063
4784.05530769621
4805.292215351787
4826.696252531794
4848.267419236232
4870.0057154651
4891.911141218414
4913.983696496143
4936.223381298332
4958.630195624937
4981.204139475973
5003.945212851453
5026.8534157513495
5049.928748175691
5073.171210124485
5095.541246319168
5118.0376451646225
5140.660406660834
5163.409530807825
5186.285017605565
5209.286867054092
5232.415079153361
5255.6696539034165
5279.050591304222
5302.557891355791
5326.191554058139
5349.951579411245
5373.8379674151365
5397.850718069771
5421.989831375184
5446.255307331354
5470.647145938296
5495.165347195994
5519.809911104472
5544.5808376637
5569.478126873706
5594.50177873447
5619.651793246012
5644.928170408304
5670.330910223536
5754.389362323331
5843.076434738003
5936.392127467552
6034.336440512445
6136.909373872913
6244.110927547561
6355.941101537785
6472.399895842886
6593.487310462631
6719.203345397953
6849.548000648152
6984.5212762134615
7124.1231720936485
7268.3536882891785
7417.212824799586
7570.700581624871
7728.816958765965
7891.561956221703
8058.935573992087
8230.937812078046
8407.568670478882
8588.828149194364
8774.71624822542
8965.232967571588
9160.37830722984
9383.177643880248
9612.376783667132
9847.97572658956
10089.974472648464
10338.373021844309
10593.171374175698
10854.36952964263
11121.967488246504
11395.965249985922
11676.362814862281
11963.160182873718
12256.357354022563
12555.954328307416
12861.951105727348
13174.347686284687
13493.144069977105
13818.340256806463
14149.936246772297
14487.932039873675
14832.327636111062
15183.123035484925
15540.318237994332
15903.91324364068
16273.908052423503
16650.302664335817
17448.69971657917
18285.466005586088
19160.601531356573
20074.106293890625
21025.98029318452
22016.22352925688
23044.836002089083
24111.817711688578
25217.168658055365
26360.88884118572
27542.978261083364
28763.436917737126
30022.26481116563
31319.461941357702
32655.02830832079
34028.96391204372
35441.26875253394
36891.942829784006
38380.98614380881
39908.398694597185
41474.180482149124
43078.331506468356
44720.851767551154
46401.74126539752
