555
709
2777
515
845
491
1681
2410
515
509
3037
1779
1374
1040
472
1770
1072
996
1316
1431
1793
2745
7305
1174
1692
1776
2975
3685
2901
1059
1526
1391
1358
1426
1630
869
1233
402
612
501
950
411
793
1495
2281
488
1543
1778
609
1153
671
408
477
715
414
1157
422
659
797
657
888
2023
1110
464
467
556
400
681
399
522
1096
460
76
428
467
1783
428
120
108
467
111
135
413
413
69
407
71
58
685
62
67
408
454
441
413
1591
1224
429
1128
1243
546
954
522
181
587
496
554
1146
1542
3423
2495
2166
1026
1450
1486
1330
1165
1224
671
887
1316
1184
520
511
621
1049
438
552
2342
2161
1050
756
753
1362
414
1478
447
400
472
445
527
388
467
426
469
454
463
431
452
463
145
885
866
946
1412
1173
1242
1249
1397
2219
695
947
812
689
843
1527
831
522
1442
589
854
453
568
1105
2527
1379
546
463
1401
431
755
1091
59
956
1718
8549
807
890
478
500
1
86
1275
454
518
521
7889
352
290
490
437
660
113
1332
464
504
434
92
1190
984
444
1794
1411
137
197
449
436
391
87
359
1182
6088
462
1312
1688
619
572
806
937
445
554
430
402
674
442
1304
1002
21694
752
785
1199
536
412
445
512
507
1474
435
1095
69
275
699
828
565
843
1099
220
237
396
1066
165
3667
561
1491
1230
282
508
1771
418
412
453
2325
14465
1399
1953
439
1084
509
543
400
399
599
938
453
1532
411
467
790
1450
1376
446
2167
204
401
128
1468
959
130
2103
126
427
444
486
2120
1058
859
394
930
111
796
870
113
127
1807
1919
1076
1419
865
807
419
504
329
47
49
479
1158
884
624
2277
260
555
846
747
557
461
40
446
466
1851
949
832
627
1479
815
919
195
877
2455
1620
336
867
2386
928
438
181
1750
508
422
3425
