1.0
2.1797531876255096
3.357571167279728
4.533453938962655
5.70740150267429
6.879413858414634
8.049491006183686
9.217632945981446
10.383839677807917
11.548111201663092
12.71044751754698
13.870848625459576
15.029314525400878
16.18584521737089
17.34044070136961
18.49310097739704
19.643826045453178
20.79261590553802
21.939470557651575
23.08439000179384
24.22737423796481
25.368423266164488
26.50753708639288
27.644715698649975
28.77995910293578
29.913267299250297
31.044640287593516
32.174078067965446
33.30158064036608
34.427148004795434
35.55078016125349
36.67247710974026
37.79223885025573
38.910065382799914
40.025956707372806
41.13991282397441
42.251933732604726
43.36201943326375
44.47016992595147
45.57638521066791
46.680665287413056
47.783010156186904
48.883419816989466
49.981894269820735
51.078433514680725
52.17303755156941
53.265706380486805
54.35644000143291
55.445238414407726
56.53210161941124
57.617029616443475
58.70002240550441
59.781079986594065
60.86020235971242
61.937389524859476
63.01264148203526
64.08595823123973
65.15733977247292
66.22678610573482
67.29429723102542
68.35987314834475
69.42351385769275
70.4852193590695
71.54498965247494
72.60282473790909
73.65872461537195
74.7126892848635
75.76471874638378
76.81481299993277
77.86297204551046
78.90919588311687
79.95348451275197
80.99583793441579
82.03625614810831
83.07473915382954
84.11128695157949
85.14589954135815
86.1785769231655
87.20931909700157
88.23812606286633
89.26499782075983
90.28993437068202
91.31293571263292
92.33400184661254
93.35313277262085
94.37032849065787
95.38558900072361
96.39891430281806
97.41030439694121
98.41975928309307
99.42727896127364
100.43286343148293
101.4365126937209
102.4382267479876
103.43800559428301
104.43584923260711
105.43175766295994
106.42573088534148
107.4177688997517
108.40787170619066
109.3960393046583
110.38227169515467
111.36656887767975
112.34893085223352
113.329357618816
114.30784917742722
115.28440552806711
116.25902667073574
117.23171260543305
118.20246333215908
119.17127885091381
120.13815916169727
121.10310426450943
122.06611415935028
123.02718884621987
123.98632832511815
124.94353259604513
125.89880165900082
126.85213551398525
127.80353416099835
128.75299760004017
129.70052583111072
130.64611885420996
131.5897766693379
132.53149927649457
133.47128667567995
134.409138866894
135.3450558501368
136.27903762540828
137.21108419270843
138.14119555203735
139.06937170339495
139.99561264678127
140.91991838219627
141.84228890964002
142.76272422911245
143.6812243406136
144.59778924414346
145.51241893970203
146.42511342728932
147.33587270690526
148.24469677854998
149.15158564222338
150.0565392979255
150.9595577456563
151.8606409854158
152.75978901720407
153.65700184102099
154.55227945686664
155.445621864741
156.33702906464407
157.22650105657584
158.11403784053633
158.99963941652553
159.88330578454344
160.76503694459004
161.64483289666535
162.52269364076938
163.39861917690212
164.27260950506354
165.1446646252537
166.0147845374726
166.88296924172013
167.74921873799642
168.6135330263014
169.47591210663512
170.33635597899752
171.19486464338863
172.05143809980845
172.90607634825696
173.7587793887342
174.60954722124018
175.45837984577483
176.30527726233817
177.15023947093025
177.99326647155104
178.8343582642005
179.6735148488787
180.51073622558562
181.34602239432124
182.17937335508554
183.0107891078786
183.84026965270033
184.6678149895508
185.49342511842994
186.31710003933782
187.1388397522744
187.95864425723965
188.77651355423365
189.59244764325638
190.40644652430777
191.21851019738787
192.02863866249672
192.83683191963425
193.6430899688005
194.44741280999543
195.2498004432191
196.0502528684715
196.84877008575253
197.64535209506232
198.43999889640082
199.23271048976804
200.02348687516394
200.81232805258855
201.5992340220419
202.38420478352396
203.16724033703468
203.94834068257413
204.7275058201423
205.50473574973915
206.28003047136474
207.05338998501904
207.82481429070205
208.59430338841372
209.36185727815416
210.1274759599233
210.8911594337211
211.65290769954765
212.41272075740287
213.17059860728688
213.9265412491995
214.68054868314093
215.432620909111
216.18275792710975
216.9309597371373
217.67722633919348
218.42155773327838
219.16395391939204
219.90441489753434
220.64294066770537
221.37953122990515
222.1141865841336
222.8469067303908
223.57769166867666
224.30654139899121
225.03345592133456
225.75843523570654
226.4814793421072
227.20258824053667
227.9217619309948
228.6390004134816
229.35430368799717
230.0676717545414
230.7791046131144
231.48860226371607
232.19616470634642
232.90179194100554
233.60548396769332
234.3072407864098
235.00706239715504
235.70494879992896
236.40089999473156
237.09491598156293
237.78699676042297
238.47714233131174
239.16535269422923
239.85162784917543
240.53596779615032
241.21837253515395
241.89884206618626
242.5773763892473
243.25397550433703
243.9286394114555
244.60136811060264
245.2721616017785
245.94101988498306
246.6079429602163
247.27293082747826
247.93598348676898
248.59710093808837
249.25628318143652
249.9135302168133
250.56884204421885
251.2222186636531
251.87366007511605
252.52316627860768
253.17073727412804
253.81637306167713
254.4600736412549
255.10183901286138
255.7416691764966
256.3795641321605
257.0155238798531
257.64954841957444
258.2816377513244
258.9117918751032
259.5400107909106
260.16629449874677
260.7906429986116
261.4130562905052
262.0335343744275
262.65207725037845
263.2686849183582
263.88335737836655
264.4960946304037
265.1068966744695
265.71576351056405
266.3226951386873
266.92769155883923
267.5307527710199
268.13187877522927
268.73106957146734
269.3283251597341
269.92364554002955
270.51703071235374
271.1084806767067
271.6979954330883
272.2855749814986
272.87121932193764
273.4549284544054
274.03670237890185
274.616541095427
275.19444460398086
275.77041290456344
276.3444459971747
276.91654388181473
277.48670655848343
278.0549340271808
278.62122628790695
279.18558334066176
279.7480051854453
280.30849182225757
280.86704325109844
281.4236594719681
281.97834048486646
282.53108628979356
283.08189688674935
283.6307722757339
284.17771245674703
284.72271742978893
285.26578719485957
285.8069217519589
286.34612110108696
286.88338524224366
287.41871417542916
287.9521079006433
288.48356641788615
289.01308972715776
289.540677828458
290.06633072178704
290.59004840714465
291.11183088453106
291.6316781539462
292.14959021539005
292.6655670688626
293.17960871436384
293.6917151518938
294.2018863814525
294.7101224030398
295.21642321665587
295.7207888223007
296.22321921997417
296.7237144096764
297.22227439140727
297.71889916516693
298.2135887309553
298.7063430887723
299.19716223861803
299.6860461804925
300.1729949143956
300.6580084403275
301.14108675828805
301.6222298682774
302.1014377702953
302.57871046434207
303.0540479504175
303.5274502285216
303.9989172986544
304.46844916081596
304.9360458150062
305.40170726122517
305.86543349947283
306.3272245297492
306.7870803520543
307.2450009663881
307.70098637275055
308.15503657114175
308.60715156156164
309.05733134401027
309.5055759184876
309.95188528499364
310.3962594435284
310.83869839409186
311.27920213668403
311.7177706713049
312.1544039979545
312.5891021166328
313.0218650273398
313.45269273007546
313.8815852248399
314.30854251163305
314.7335645904549
315.1566514613054
315.57780312418464
315.9970195790926
316.41430082602926
316.82964686499463
317.2430576959887
317.6545333190115
318.06407373406296
318.4716789411432
318.8773489402521
319.28108373138974
319.6828833145561
320.08274768975116
320.48067685697487
320.8766708162273
321.2707295675085
321.6628531108184
322.05304144615695
322.44129457352426
322.82761249292025
323.21199520434493
323.5944427077984
323.97495500328057
324.3535320907913
324.73017397033084
325.10488064189906
325.4776521054961
325.8484883611217
326.2173894087761
326.58435524845925
326.949385880171
327.31248130391145
327.6736415196807
328.03286652747863
328.39015632730525
328.74551091916055
329.09893030304465
329.45041447895744
329.79996344689886
330.1475772068691
330.4932557588679
330.83699910289545
331.1788072389518
331.5186801670368
331.8566178871505
332.19262039929293
332.52668770346406
332.85881979966393
333.1890166878925
333.51727836814973
333.84360484043566
334.1679961047503
334.49045216109363
334.8109730094657
335.1295586498665
335.44620908229604
335.76092430675425
336.07370432324115
336.3845491317568
336.6934587323011
337.0004331248742
337.30547230947593
337.6085762861064
337.9097450547656
338.2089786154535
338.50627696817
338.8016401129154
339.09506804968936
339.386560778492
339.67611829932355
339.96374061218364
340.2494277170725
340.53317961399
340.81499630293627
341.0948777839112
341.3728240569149
341.6488351219473
341.9229109790084
342.1950516280982
342.4652570692167
342.73352730236394
342.99986232753986
343.2642621447445
343.52672675397787
343.7872561552399
344.0458503485306
344.30250933385014
344.5572331111983
344.81002168057506
345.0608750419807
345.30979319541495
345.55677614087796
345.80182387836965
346.04493640789013
346.28611372943925
346.5253558430171
346.76266274862365
346.9980344462589
347.23147093592286
347.4629722176156
347.692538291337
347.920169157087
348.14586481486583
348.36962526467335
348.59145050650955
348.8113405403745
349.0292953662681
349.2453149841905
349.4593993941428
350.16403216043045
350.870653890574
351.5792645845733
352.28986424242856
353.0024528641396
353.7170304497066
354.4335969991294
355.15215251240807
355.87269698954253
356.595230430533
357.3197528353792
358.04626420408124
358.77476453663917
359.50525383305296
360.23773209332273
360.97219931744826
361.70865550542965
362.4471006572669
363.18753477296
363.92995785250906
364.6743698959139
365.4207709031746
366.1691608742912
366.91953980926365
367.6719077080919
368.42626457077614
369.1826103973162
369.94094518771203
370.7012689419638
371.46358166007144
372.2278833420349
372.99417398785425
373.76245359752943
374.5327221710605
375.30497970844743
376.0792262096902
376.8554616747889
377.63368610374346
378.41389949655377
379.19610185322006
379.98029317374215
380.7664734581201
381.55464270635395
382.34480091844364
383.13694809438925
383.9310842341906
384.72720933784785
385.52532340536106
386.32542643673014
387.12751843195497
387.93159939103566
388.73766931397233
389.54572820076476
390.35577605141305
391.1678128659173
391.98183864427733
392.7978533864932
393.61585709256497
394.4358497624926
395.2578313962762
396.0818019939154
396.90776155541073
397.7357100807618
398.56564756996875
399.39757402303155
400.2314894399502
401.06739382072476
401.90528716535516
402.7451694738415
403.58704074618356
404.43090098238156
405.27675018243536
406.1245883463451
406.9744154741107
407.8262315657321
408.6800366212094
409.5358306405426
410.3936136237316
411.25338557077646
412.11514648167724
412.97889635643384
413.84463519504635
414.7123629975147
415.58207976383886
416.4537854940189
417.32748018805484
418.2031638459466
419.0808364676943
419.9604980532978
420.84214860275716
421.7257881160724
422.61141659324346
423.4990340342705
424.3886404391534
425.28023580789204
426.17382014048655
427.06939343693705
427.9669556972433
428.8665069214054
429.7680471094234
430.7407191370995
431.7167492944924
432.69613758159846
433.6788839984181
434.66498854495114
435.6544512211974
436.6472720271573
437.64345096283046
438.64298802821713
439.6458832233171
440.65213654813056
441.6617480026572
442.67471758689726
443.691045300851
444.7107311445179
445.7337751178984
446.7601772209921
447.7899374537993
448.8230558163199
449.85953230855387
450.8993669305013
451.9425596821618
452.9891105635361
454.0390195746236
455.0922867154246
456.148911985939
457.2088953861668
458.2722369161079
459.33893657576255
460.4089943651304
461.4824102842116
462.55918433300644
463.6393165115145
464.7228068197361
465.809655257671
466.8998618253195
467.99342652268115
469.09034934975637
470.1906303065448
471.29426939304676
472.40126660926194
473.51162195519066
474.62533543083293
475.7424070361884
476.8628367712573
477.98662463603966
479.1137706305353
480.24427475474454
481.37813700866695
482.5153573923029
483.6559359056521
484.7998725487149
485.94716732149095
487.09782022398053
488.2518312561833
489.40920041809966
490.5699277097294
491.7340131310724
492.90145668212904
494.0722583628989
495.24641817338204
496.42393611357875
497.6048121834889
498.78904638311235
499.97663871244913
501.16758917149957
502.3618977602632
503.5595644787403
504.7605893269308
505.96497230483453
507.1727134124518
508.3838126497824
509.5982700168265
510.81608551358397
512.0372591400549
513.2617908962392
514.4896807821368
515.7209287977479
516.9555349430724
518.1934992181101
519.4348216228613
520.679502157326
521.927540821504
523.1789376153955
524.4336925390003
525.6918055923186
526.9532767753502
528.2181060880954
529.4862935305538
530.7578391027254
532.0327428046107
533.3110046362093
534.5926245975214
535.8776026885467
537.1659389092856
538.4576332597378
539.7526857399035
541.0510963497825
542.3528650893747
543.6579919586807
544.9759905672231
546.2975356937845
547.6226273383667
548.9512655009696
550.2834501815931
551.6191813802377
552.958459096903
554.3012833315888
555.6476540842956
556.997571355023
558.3510351437711
559.7080454505402
561.0686022753299
562.4327056181404
563.8003554789715
565.1715518578235
566.5462947546963
567.9245841695898
569.306420102504
570.6918025534391
572.0807315223947
573.4732070093712
574.8692290143686
576.2687975373865
577.6719125784253
579.0785741374848
580.488782214565
581.902536809666
583.319837922788
584.7406855539305
586.1650797030937
587.5930203702777
589.0245075554824
590.459541258708
591.8981214799544
593.3402482192215
594.7859214765092
596.2351412518178
597.687907545147
599.1442203564972
600.6040796858681
602.0674855332596
603.534437898672
605.0049367821049
606.4789821835589
607.9565741030335
609.4377125405289
610.9223974960449
612.4106289695818
613.9024069611393
615.5803822048388
617.2690667404604
618.9684605679913
620.6785636874292
622.399376098776
624.1308978020311
625.8731287971946
627.6260690842669
629.3897186632471
631.1640775341357
632.9491456969322
634.7449231516375
636.5514098982526
638.3686059367747
640.1965112672046
642.0351258895439
643.8844498037915
645.744483009948
647.6152255080119
649.4966772979842
651.3888383798653
653.2917087536543
655.2052884193531
657.1295773769593
659.0645756264739
661.0102831678964
662.9667000012287
664.9338261264684
666.9116615436164
668.9002062526724
670.8994602536377
672.9094235465118
674.9300961312929
676.9614780079833
679.0035691765815
681.0563696370887
683.1198793895041
685.194098433828
687.2790267700602
689.3746643982008
691.4810113182489
693.5980675302071
695.7258330340728
697.8643078298464
700.0134919175289
702.1733852971197
704.3439879686202
706.5252999320269
708.7173211873433
710.9200517345676
713.1418277825042
715.374640032484
717.6184884845197
719.8733731386137
722.1392939947636
724.4162510529713
726.704244313235
729.0032737755569
731.3133394399347
733.6344413063703
735.9665793748622
738.309753645412
740.6639641180177
743.0292107926816
745.4054936694015
747.7928127481791
750.1911680290127
752.6005595119045
755.0209871968523
757.4524510838583
759.8949511729202
762.3484874640399
764.8130599572146
767.2886686524485
769.7753135497383
772.2729946490863
774.7817119504898
777.3014654539516
779.8322551594692
782.3740810670452
784.926943176677
787.4908414883666
790.0657760021127
792.6517467179165
795.2487536357762
797.8567967556928
800.4758760776676
803.1059916016984
805.747143327787
808.3993312559319
811.0625553861346
813.7368157183932
816.4221122527101
819.118444989083
821.8258139275135
824.5442190680005
827.2736604105453
830.014137955146
832.7656517018049
835.5282016505193
839.7449366281253
844.0293018795128
848.3812974045941
852.8009232033801
857.2881792758672
861.843065622048
866.4655822419372
871.1557291355275
875.9135063028189
880.738913743804
885.6319514584975
890.5926194468884
895.6209177089731
900.7168462447662
905.8804050542603
911.1115941374519
916.4104134943482
921.7768631249419
927.2109430292294
932.7126532072289
938.2819936589258
943.9189643843165
949.6235653834192
955.3957966562157
961.2356582027096
967.1431500229119
973.1182721168116
979.1610244844123
985.2714071257105
991.4494200407134
997.6950632294174
1004.0083366918152
1010.3892404279177
1016.8377744377249
1023.3539387212259
1029.9377332784316
1036.5891581093383
1043.3082132139389
1050.0948985922478
1056.9492142442577
1063.8711601699579
1070.8607363693736
1077.9179428424832
1085.0427795892938
1092.2352466097982
1099.495343904011
1106.8230714719248
1114.218429313536
1121.6814174288484
1129.2120358178654
1135.0981608952725
1140.984774144691
1146.871875566414
1152.7594651604422
1158.647542926774
1164.53610886541
1170.4251629763503
1176.3147052595968
1182.2047357151469
1188.0952543430003
1193.98626114316
1199.877756115623
1205.7697392603914
1211.662210577464
1217.5551700668402
1223.4486177285216
1229.3425535625074
1235.2369775687976
1241.131889747393
1247.0272900982918
1252.923178621496
1258.8195553170035
1264.7164201848173
1270.6137732249344
1276.511614437356
1291.7752848393866
1307.7598542614141
1324.465322703123
1341.8916901646298
1360.038956646109
1378.9071221472113
1398.4961866681115
1418.8061502089258
1439.8370127694798
1461.5887743497733
1484.0614349498646
1507.2549945699284
1531.1694532096735
1555.8048108691582
1581.1610675485572
1607.2382232476375
1634.0362779665738
1661.555231705308
1689.795084463898
1718.7558362422278
1748.4374870402971
1778.8400368583389
1809.963485696062
1841.807833553583
1874.373080431018
1929.1846874174662
1986.3729981251527
2045.9380125512835
2107.879730696557
2172.198152561439
2238.8932781447656
2307.9651074474677
2379.4136404695455
2453.2388772103004
2529.440817670198
2608.0194618497044
2688.974809747422
2772.306861365214
2858.01561670145
2946.1010757568292
3036.5632385318168
3129.4021050254814
3224.617675238289
3322.209949170472
3422.1789268215653
3524.524608192034
3629.24699328118
3736.346082089469
3845.8218746171333
3957.674370863475
6277.630928710103
8769.635525524616
11433.68816125393
14269.788835942745
17277.937549561262
20458.134302139282
23810.379093661904
27334.671924114227
31031.012793511152
34899.40170183778
38939.83864912391
43152.323635324836
47536.85666051507
52093.437724620104
56822.06682765484
61722.74396966398
66795.46915057302
72040.24237044156
77457.0636292547
83045.93292701244
88806.85026372969
94739.81563936174
100844.82905393839
107121.89050744474
113570.9999999404
