-0.0182391057863045
-0.018202877613416435
-0.01769885002247662
-0.01759016550381265
-0.01658211032193302
-0.016400969457493586
-0.01488888668467414
-0.01463528947445858
-0.012619179110699763
-0.012293125554708073
-0.00977298760000922
-0.009374477698241845
-0.006350312152603621
-0.005879345905059896
-0.0023511527684818567
-0.0018077301751622254
0.002224490552355407
0.0028403694914502786
0.00737661780990817
0.00806495309477917
0.013105229004176544
0.013866020634823784
0.01941032413516086
0.020243572111583896
0.026291903202860567
0.02719760752505973
0.033749966207275994
0.034728126875251064
0.041784513148407254
0.042835130162157675
0.0503955440262539
0.05151861738578045
0.05958305884081616
0.06077858854611895
0.06934705759209425
0.07061504364317295
0.07968754028008784
0.08102798267694267
0.09060450690479716
0.09201740564742811
0.1020979574662223
0.1035833125546286
0.11416789196436283
0.11572570339854482
0.12681431039921898
0.1284445781791772
0.14003721277079106
0.1417399368965251
0.15383659907907854
0.15561177955058847
0.16821246932408163
0.17006010614136802
0.18316482350580066
0.1850849166688624
0.19869366162423507
0.20068621113307294
0.2147989836793851
0.2168639895339992
0.23148078967125107
0.23361825187164076
0.24873907959983244
0.25094899814599847
0.2665738534651295
0.26885622835707146
0.2849851112671423
0.2873399425048597
0.3039728530058706
0.3064001405893637
0.32353707868131465
0.32603682261058387
0.3436777882934743
0.3462499885685193
0.36439498184234953
0.3670396384631709
0.3856886593279406
0.38840577229453777
0.4075588207502472
0.4103483900626199
0.4300054661092694
0.43286749176741823
0.4530285954050073
0.45596307740893227
0.4766282086374609
0.4796351469871616
0.50080430580663
0.5038837005021071
0.5255568869125149
0.5287087379537674
0.5508859519551152
0.5541102593421439
0.5767915009344315
0.5800882646672361
0.6032735338504632
0.6066427539290435
0.6303320507032106
0.6337737271275667
0.6579670514926738
0.6614811842628061
0.6861785362188524
0.6897651253347603
0.7149665048817468
0.7186255503434307
0.7443309574813568
0.7480624592888168
0.7742718940176825
0.7780758521709186
0.8047893144907238
0.8086657289897357
0.8358832189004807
0.8398320897452689
0.8675536072469532
0.8715749344375165
0.8998004795301414
0.9038942630664812
0.9326238357500454
0.9367900756321612
0.9660236759066648
0.970262372134556
1.0
1.004311152573667
1.0389364169494941
1.0741381652620365
1.1099163975112942
1.1462711136972672
1.1832023138199563
1.2207099978793607
1.2587941658754804
1.2974548178083172
1.3366919536778683
1.3765055734841356
1.4168956772271164
1.457862264906816
1.4994053365232292
1.5415248920763585
1.584220931566204
1.6274934549927647
1.6713424623560416
1.7157679536560329
1.7607699288927412
1.806348388066164
1.8525033311763028
1.899234758223158
1.9465426692067282
1.9944270641270148
2.0428879429840148
2.091925305777732
2.141539152508164
2.1917294831753136
2.2424962977791774
2.2938395963197564
2.3457593787970517
2.398255645211063
2.4513283955617897
2.5049776298492317
2.55920334807339
2.614005550234263
2.669384236331852
2.7253394063661567
2.781871060337176
2.838979198244912
2.8966638200893637
2.9549249258705315
3.0137625155884136
3.073176589243012
3.1331671468343263
3.193734188362356
3.254877713827102
3.316597723228562
3.3788942165667395
3.441767193841631
3.505216655053239
3.569242600201563
3.6338450292866007
3.699023942308356
3.764779339266826
3.831111220162012
3.8980195849939143
3.965504433762531
4.033565766467864
4.102203583109912
4.171417883688678
4.241208668204156
4.311575936656353
4.382519689045264
4.454039925370891
4.526136645633232
4.598809849832289
4.672059537968064
4.745885710040553
4.820288366049758
4.895267505995678
4.970823129878314
5.046955237697666
5.123663829453734
5.200948905146516
5.278810464776014
5.35724850834223
5.43626303584516
5.515854047284806
5.596021542661167
5.676765521974242
5.758085985224035
5.839982932410542
5.922456363533766
6.005506278593705
6.08913267759036
6.173335560523731
6.258114927393819
6.34347077820062
6.429403112944137
6.5159119316243705
6.602997234241318
6.690659020794984
6.778897291285364
6.867712045712458
6.957103284076268
7.047071006376797
7.1376152126140395
7.228735902787996
7.320433076898672
7.4127067349460605
7.505556876930165
7.598983502850986
7.692986612708523
7.787566206502775
7.882722284233742
7.978454845901426
8.074763891505825
8.171649421046936
8.269111434524767
8.367149931939316
8.465764913290574
8.564956378578554
8.664724327803246
8.765068760964656
8.865989678062776
8.967487079097616
9.069560964069174
9.17221133297744
9.275438185822427
9.379241522604131
9.48362134332255
9.58857764797768
9.694110436569533
9.800219709098094
9.906905465563378
10.014167705965368
10.122006430304083
10.230421638579509
10.339413330791649
10.448981506940509
10.559126167026085
10.669847311048375
10.781144939007376
10.893019050903101
11.005469646735538
11.118496726504688
11.232100290210555
11.346280337853141
11.461036869432439
11.576369884948454
11.692279384401182
11.808765367790633
11.92582783511679
12.043466786379668
12.16168222157926
12.280474140715569
12.399842543788594
12.519787430798333
12.64030880174479
12.76140665662796
12.883080995447846
13.005331818204446
13.128159124897769
13.251562915527797
13.37554319009455
13.500099948598015
13.625233191038191
13.750942917415088
13.877229127728699
14.004091821979028
14.13153100016607
14.25954666228983
14.388138808350302
14.517307438347496
14.647052552281396
14.77737415015202
14.908272231959357
15.03974679770341
15.171797847384177
15.304425381001662
15.43762939855586
15.57140990004677
15.705766885474405
15.840700354838749
15.976210308139812
16.11229674537759
16.248959666552086
16.38619907166329
16.52401496071122
16.662407333695857
16.801376190617212
16.940921531475283
17.081043356270072
17.221741665001574
17.363016457669787
17.504867734274722
17.64729549481637
17.79029973929474
17.933880467709816
18.078037680061612
18.222771376350124
18.368081556575355
18.513968220737297
18.660431368835958
18.80747100087133
18.955087116843423
19.103279716752226
19.25204880059775
19.401394368379982
19.55131642009893
19.701814955754607
19.852889975346987
20.004541478876085
20.1567694663419
20.309573937744435
20.462954893083676
20.61691233235964
20.771446255572318
20.926556662721715
21.08224355380782
21.238506928830645
21.39534678779018
21.55276313068644
21.71075595751941
21.869325268289096
22.028471062995504
22.188193341638623
22.348492104218458
22.509367350735005
22.67081908118827
22.832847295578247
22.995451993904947
23.158633176168358
23.322390842368485
23.48672499250533
23.651635626578887
23.81712274458916
23.983186346536147
24.149826432419857
24.317043002240275
24.484836055997413
24.65320559369126
24.82215161532184
24.991674120889122
25.16177311039312
25.332448583833838
25.503700541211266
25.67552898252541
25.847933907776277
26.02091531696385
26.19447321008814
26.368607587149157
26.543318448146877
26.71860579308132
26.894469621952474
27.07090993476035
27.247926731504933
27.42552001218624
27.603689776804256
27.782436025358994
27.96175875785044
28.14165797427861
28.32213367464348
28.50318585894508
28.684814527183395
28.86701967935842
29.04980131547017
29.233159435518623
29.4170940395038
29.601605127425685
29.7866926992843
29.972356755079616
30.158597294811656
30.345414318480408
30.53280782608588
30.720777817628058
30.90932429310696
31.098447252522575
31.2881466958749
31.47842262316395
31.669275034389713
31.86070392955219
32.05270930865139
32.2452911716873
32.438449518659915
32.63218434956926
32.82649566441532
33.02138346319809
33.216847745917576
33.41288851257378
33.609505763166695
33.806699497696336
34.00446971616269
34.202816418565746
34.40173960490553
34.601239275182024
34.80131542939524
35.001968067545164
35.20319718963181
35.40500279565517
35.60738488561525
35.81034345951203
36.01387851734554
36.21799005911576
36.42267808482271
36.627942594466354
36.83378358804672
37.04020106556381
37.2471950270176
37.45476547240813
37.662912401735355
37.8716358149993
38.08093571219996
38.29081209333734
38.501264958411426
38.71229430742224
38.92390014036977
39.13608245725401
39.34884125807496
39.56217654283264
39.77608831152702
39.990576564158125
40.205641300725944
40.42128252123048
40.63750022567173
40.85429441404969
41.071665086364376
41.289612242615775
41.50813588280389
41.72723600692871
41.94691261499026
42.16716570698851
42.3879952829235
42.60940134279519
42.83138388660359
43.05394291434871
43.27707842603054
43.5007904216491
43.72507890120437
43.94994386469636
44.17538531212505
44.40140324349047
44.62799765879261
44.85516855803146
45.08291594120701
45.31123980831929
45.540140159368285
45.76961699435399
45.99967031327641
46.23030011613557
46.46150640293142
46.693289173663985
46.92564842833327
47.15858416693929
47.392096389482006
47.62618509596143
47.86085028637758
48.096091960730455
48.33191011902004
48.568304761246324
48.80527588740934
49.04282349750908
49.28094759154552
49.51964816951867
49.75892523142855
49.998778777275135
50.239208807058446
50.48021532077847
50.721798318435205
50.96395780002865
51.206693765558825
51.45000621502571
51.69389514842931
51.93836056576962
52.18340246704667
52.42902085226042
52.67521572141088
52.92198707449805
53.16933491152194
53.417259232482564
53.66576003737988
53.91483732621391
54.16449109898467
54.41472135569216
54.66552809633634
54.916911320917244
55.168871029434854
55.42140722188921
55.67451989828025
55.92820905860802
56.31302041891132
56.69944846806072
57.08749320605557
57.47715463289583
57.86843274858143
58.261327553112466
58.65583904648889
59.05196722871071
59.44971209977791
59.84907365969056
60.25005190844854
60.652646846051965
61.05685847250078
61.46268678779498
61.87013179193457
62.2791934849196
62.68987186674997
63.10216693742578
63.51607869694698
63.931607145313535
64.34875228252554
64.7675141085829
65.18789262348571
65.60988782723388
66.03349971982746
66.4587283012664
66.88557357155082
67.31403553068054
67.74411417865574
68.17580951547632
68.60912154114226
69.04405025565364
69.48059565901039
69.91875775121252
70.35853653226008
70.79993200215304
71.24294416089134
71.68757300847511
72.13381854490424
72.58168077017879
73.03115968429873
73.48225528726405
73.9349675790748
74.38929655973092
74.84524222923244
75.30280458757935
75.7619836347717
76.22277937080938
76.6851917956925
77.14922090942102
77.61486671199492
78.08212920341421
78.55100838367895
79.02150425278901
79.49361681074453
79.96734605754546
80.44269199319172
80.91965461768342
81.39823393102051
81.878429933203
82.36024262423086
82.84367200410418
83.3287180728228
83.81538083038689
84.30366027679634
84.79355641205126
85.28506923615151
85.77819874909719
86.27294495088827
86.7693078415247
87.26728742100653
87.76688368933378
88.26809664650648
88.77092629252448
89.27537262738795
89.78143565109681
90.28911536365104
90.79841176505067
91.3093248552957
91.82185463438614
92.336001102322
92.85176425910325
93.3691441047298
93.88814063920188
94.40875386251926
94.93098377468206
95.4548303756903
95.98029366554391
96.50737364424293
97.03607031178734
97.56638366817711
98.09831371341235
98.63186044749293
99.16702387041892
99.70380398219032
100.24220078280712
100.78221427226933
101.3238444505769
101.86709131772992
102.41195487372823
102.92008258041875
103.42906751975329
103.93890969173216
104.44960909635535
104.96116573362289
105.47357960353477
105.98685070609093
106.50097904129152
107.01596460913638
107.53180740962563
108.04850744275913
108.56606470853706
109.08447920695926
109.60375093802583
110.12387990173673
110.64486609809197
111.16670952709151
111.6894101887354
112.21296808302367
112.73738320995625
113.26265556953314
113.78878516175442
114.31577198662
114.8436160441299
115.37231733428416
115.90187585708279
116.43229161252569
116.96356460061295
117.49569482134456
118.0286822747205
118.56252696074077
119.09722887940538
119.63278803071432
120.16920441466763
120.70647803126525
121.2446088805072
121.78359696239346
122.32344227692411
122.86414482409907
123.40570460391837
123.94812161638202
124.49139586148999
125.0355273392423
125.58051604963893
126.12636199267993
126.67306516836524
127.22062557669489
127.76904321766887
128.31831809128724
128.86845019754986
129.41943953645685
129.9712861080082
130.5239899122039
131.07755094904388
131.6319692185282
132.1872447206569
132.7433774554299
133.30036742284727
133.85821462290895
134.41691905561498
134.97648072096536
135.53689961896004
136.09817574959908
136.66030911288246
137.22329970881015
137.7871475373822
138.35185259859853
138.91741489245928
139.48383441896434
140.0511111781137
140.6192451699074
141.1882363943455
141.7580848514279
142.3287905411546
142.90035346352568
143.4727736185411
144.0460510062008
144.62018562650488
145.19517747945332
145.77102656504604
146.34773288328313
146.92529643416455
147.50371721769034
148.0829952338604
148.66313048267483
149.2441229641336
149.8259726782367
150.40867962498413
150.9922438043759
151.57666521641198
152.16194386109248
152.74807973841726
153.33507284838635
153.9229231909998
154.5116307662576
155.10119557415973
155.69161761470616
156.282896887897
156.87503339373214
157.46802713221157
158.15040434088166
158.8353917769997
159.52298944056497
160.21319733157748
160.90601545003733
161.60144379594442
162.29948236929863
163.00013117010008
163.70339019834887
164.4092594540449
165.11773893718816
165.82882864777866
166.5425285858165
167.25883875130148
167.9777591442338
168.69928976461324
169.42343061243992
170.15018168771394
170.8795429904352
171.61151452060358
172.34609627821942
173.08328826328238
173.8230904757927
174.56550291575013
175.3105255831548
176.05815847800682
176.80840160030607
177.56125495005244
178.31671852724617
179.07479233188712
179.83547636397543
180.59877062351075
181.36467511049352
182.13318982492342
182.90431476680067
183.67804993612503
184.45439533289675
185.2333509571157
186.0149168087819
186.7990928878952
187.58587919445597
188.37527572846386
189.167282489919
189.96189947882135
190.75912669517106
191.558964138968
192.3614118102122
193.1664697089036
193.97413783504226
194.78441618862814
195.66449046649723
196.54980970501856
197.44037390419635
198.3361830640299
199.23723718452038
200.14353626566708
201.05508030746978
201.97186930992916
202.89390327304454
203.8211821968166
204.75370608124513
205.69147492632942
206.63448873207062
207.58274749846782
208.53625122552126
209.49499991323137
210.45899356159794
211.42823217062005
212.4027157402993
213.38244427063478
214.36741776162626
215.3576362132742
216.3530996255788
217.35380799853897
218.35976133215627
219.37095962642934
220.3874028813591
221.4090910969453
222.4360242731873
223.46820241008618
224.5056255076413
225.54829356585242
226.59620658472022
227.64936456424448
228.7077675044245
229.77141540526145
230.8403082667544
231.91444608890356
232.9938288717094
234.07845661517172
235.1683293192898
236.26344698406456
237.36380960949532
238.469417195583
239.58026974232666
240.69636724972656
241.81770971778315
242.94429714649596
244.07612953586477
245.21320688589026
246.46502973018187
247.7263916736979
248.99729271644264
250.27773285841567
251.56771209961926
252.86723044005112
254.1762878797117
255.49488441860194
256.82302005672045
258.16069479406906
259.50790863064685
260.86466156645247
262.2309536014877
263.6067847357526
264.9921549692458
266.3870643019686
267.7915127339197
269.2055002651009
270.62902689551083
272.0620926251495
273.5046974540178
274.9568413821153
276.4185244094406
277.889746535996
279.370507761781
280.8608080867939
282.3606475110364
283.8700260345072
285.3889436572081
286.91740037913814
288.4553962002965
290.0029311206845
291.56000514030166
293.12661825914665
294.7027704772222
296.28846179452603
297.8836922110595
299.4884617268217
301.10277034181263
302.7266180560332
304.3600048694834
306.002930782161
307.65539579406914
309.3173999052051
310.98894311557115
312.6700254251664
314.3606468339899
316.06080734204306
317.7705069493254
319.4897456558356
321.72702271701564
323.9937800246771
326.2900175788436
328.61573537951153
330.9709334266736
333.3556117203407
335.76977026050554
338.21340904717545
340.6865280803395
343.1891273600104
345.72120688617724
348.2827666588473
350.873806678017
353.4943269436899
356.14432745586237
358.8238082145308
361.5327692197061
364.27121047137734
367.0391319695518
369.83653371422406
372.66341570539953
375.5197779430746
378.40562042725105
381.3209431579253
384.26574613510456
387.24002935878343
390.24379282896007
393.27703654563993
396.33976050881756
399.4319647184984
402.55364917467705
405.7048138773589
408.8854588265385
412.0955840222232
415.335189464402
418.60427515308766
421.9028410882729
425.23088726995593
428.5884136981422
431.9754203728262
435.39190729401344
438.83787446169845
442.3133218758867
445.8182495365727
449.35265744376375
452.91654559745075
456.509913997641
460.1327626443326
463.785091537522
467.46690067721465
472.37860444340185
477.3668635299109
482.43167793664907
487.5730476636163
492.79097271081264
498.08545307824534
503.4564887658962
508.9040797737871
514.4282261019034
520.0289277502379
525.7061847188197
531.4599970076233
537.290364616656
543.1972875459178
549.1807657954123
555.2407993651395
561.3773882550922
567.5905324652667
573.8802319956812
580.2464868463212
586.6892970171975
593.2086625082884
599.8045833196193
606.4770594511829
613.2260909029646
623.7813378741848
634.700037104165
645.9821885927522
657.6277923399466
669.6368483458064
682.0093566103315
694.7453171334928
707.8447299152613
721.3075949556951
735.1339122547652
749.3236818124715
763.876903628814
778.7935777037346
794.0737040373497
809.717282629601
825.7243134804885
842.0947965900414
858.8287319581723
875.9261195849977
893.3869594704302
911.2112516144407
929.3989960171748
947.950192678516
966.8648415985226
986.1429427771363
1026.8533665207215
1069.5479248540942
1114.2266177773708
1160.889445290435
1209.5364073935198
1260.167504086392
1312.7827353691682
1367.382101241732
1423.9656017043162
1482.533236756688
1543.0850063990802
1605.6209106313763
1670.1409494533436
1736.6451228653314
1805.133430867223
1875.6058734589024
1948.0624506404856
2022.5031624120893
2098.9280087734805
2177.336989724776
2257.730105265975
2340.107355396962
2424.4687401178526
2510.8142594286473
2599.143913329346
4748.840138524771
7058.934531971812
9529.427093550563
12160.31782336533
14951.606721326709
17903.2937874943
21015.379021838307
24287.862424388528
27720.74399510026
31314.023734018207
35067.70164112747
38981.77771638334
43056.251959860325
47291.124371513724
51686.39495135844
56242.06369936466
60958.130615592
65834.59569996595
70871.45895256102
76068.7203733027
81426.37996228039
86944.4377194047
92622.89364473522
98461.74773822725
104460.9999999404
