3
14
1
2
57
2
4
3061
2
5
6
8
44332
29
327
7
5
3
2
3
1
635
2
1
2288
1
1
1
3
9
149
5
10
1
1
7
15
16
17
37
13
125
2
13
28
1
28
3
387
132
504
11
6211
9
5
52
20
9
4
237
4
8
2
56
17
2
198
5
2
33
1
576
9
8
13
37
3
39
34
1
2
255
10
18
3
22
33
29
164
5
5
3
16
3
15
15
324
12
3
7
173
2
155
174
15
2
3
8
4
2
2
8
3300
88
717
23
6
686
20
9
10
77
13
45
16
1
17
16
215
21
2
35
4
45
19
13
2
4
2
94
2
110
2
2
1
95
56
104
35
13
2
9
2040
1534
3
295
3
49
9
23
36
1
13
1
248
2
3
4
1
7
6
282
2
23
10
2
12
1
11
1065
1567
470
253
24
119
15
7
41
177
43
364
1
5
6
4
3
936
1
31
1
2
13
351
63
2
4
2
1631
258
5
7
5
303
1
6
1
1
12
2198
35
23
3
6
3
3
26
139
590
319
642
30
47
20
311
2
2
72
2
7
1
5
4
84
2
3
2
2
14
1
2
3
3
6
47
664
106
20
23
532
5678
64
2
7
11
9
50
299
4
83
12
140
22
75
5
626
3
5
20
390
6
1
79
556
2
4
163
11
2
550
1
5
8
4
25
1
25
5
5
5453
24
178
19
10
2
7
182
1943
4
359
1
458
244
85
7
3
1
4
1039
1657
17
616
11
3
173
37
285
2
227
56
97
1
22
64
8
2
61
2
1
23
71
47
36
3
672
4
39
2
11
6
14
79
1
1
307
5
302
2
7
35
6
34
834
531
208
1
2
5
1458
2
177
3
1
154
474
8
5
4
6
4
3
1480
6
2
10
4
4
1
2
36
407
2
2043
1
6
1
1
6
5
1
3
102
223
1
477
58
4
4
509
1
24
2
35
5
82
217
3
50
1
256
86
74
265
1106
6
2
104
4
1
511
1
3
4
1
3
4
9
6
1
3
4
21
40
23
8
87
9
43
6
4
1
12
46
813
3
1958
18
75
480
2
2
18
46
29
288
14
3308
7
2
2657
7
7
4356
4
7
5
15
132
16
1
7
198
4
11
79
1
1216
1
13
81
15
98
8
1662
7
25
3
8
3
95
1
8
3
2
56
3
6
19
14
72
9
34
2
5
13
11
1
404
2
4
1
44
2215
260
3
27
9
1
4
16
697
14
145
26
9
12
1
21
2
3
4
171
2
10
1
14
21
2
18
1
2609
42
19
133
12
83
4
4
4
23
497
147
3
2
6
1
8
74
1
13
3
2
1
34
13
7
1
2
10
46
1
2
1
1
514
6
1
110
4
3
1
40
5
18
2
1
1
50
36
1
1
1
123
6
2
1384
3
2
3
2
47
292
658
33
6
3
13
13
14
37
16
3
85
162
1
906
3
9
906
17
6
1
5
390
6
1
627
626
91
4
25
1237
400
219
4
253
291
1
2
7
204
154
2
1
1
1
6
257
2
160
1
209
7
27
2
52
37
3
103
22
29
8
285
13
8
29
1
17
3
33
50
9
2
29
257
605
962
1
2
10
8
11
2
553
1
63
414
5680
2095
6619
111
22
7
3560
26
90
10
8
6
107
6
11
4
128
25
2
4
2
1670
3
102
1239
6
352
2
2
653
31
3
8
9
57
2
4
2
10
5
2
10
2
857
8
8
278
121
396
7
106
2
23
2
37
50
1683
30
2
3
7
292
1
2
35
3
15
313
1
1
4
18
213
3
35
2
1
179
2
3
8
162
13
7
4
6
71
17
93
4
13
2
253
32
9
1
69
661
7
83
2
5
6
34
1
1
241
3
5
293
16
2712
28
5
14
4
3
17
5
2
6
9
2
31
9
395
5
462
1
852
23
2
146
1
6
3
2
1096
254
4
46
101
26
5
7
22
3
5
6
268
8
1
2
16
8
3
13
220
20
138
5
42
3
5
53
3
53
3
1
5
50
2236
3
50
5
5
76
1
22
5
7
12
3
13
3
2
2
2
1083
2
14
9722
159
4
51
6
266
58
1
54
2
9
13
2
12
4833
4
23
254
3
2040
16
1
8
4
70
13
14
9
1
3
5
8
7
9
31
9
3
258
574
1
6
10
1
1
2
15
7
1
6
15
5
2
72
64
1
429
4
8
6
3
2
2
9
1039
6
1
434
7
1
204
1
281
2
21
757
257
3
131
3
2
29
2
1
12
183
9
1
3
1
32
18
35
227
1
76
2
4
244
5
4
4
4
26
55
1
6
82
1
151
1093
1
2
20
2
667
3
2
310
71
39
1
2
6
3
3
4
2
86
2
1143
2911
1
2
595
3
2
1
4
185
1
8
2
14
4
3
71
3
95
156
12
12
13
5
299
1195
7
3
2
2
2
13
18
4
2
6
3
4
1
6
2
815
509
131
2
9
42
5
14
4
22
69
1894
150
17
7
7
6
2
49
56
6
3
6
1
4
29
1
117
7
7
48
1834
8
30
15
6
6
2
7
2
2
1
2
687
1
5
10
16
8
8
10
7
2
1
9
6
1
3
2
3
54
126
4
1
30
156
6
6
3
16
4
14
33
3
559
814
18
118
8
37
4
25
41
37
3
22
20
7
6
3
28
3
1
3
2
3
4
2
3
17
3
2
3
152
2
4
183
14
44
1
26
6858
88
3
20
6
8
145
2
4
43
4
11
11
5
1
21
3
3
7
4
4
13
6
1133
773
417
410
15
274
47
4
4
5
20
82
1
49
1
16
4
1
1
5
5
5
1
229
129
5
41
546
2
1
67
733
2
6
21
1
32
2
4
5
2
1
423
2
3
63
4
235
348
833
1
12
17
5
8
5
764
1
2025
4
76
7
5
9
175
2
1
1
976
390
8
738
317
273
2
7
516
4
5
6
1606
178
1161
10408
48
1642
18
3
9
1
387
10
75
95
3
49
6
1
22
4
256
147
1
11
461
6
203
17
7
443
13
9
2
243
6
21
483
18
2117
276
113
185
383
5
2
6
14
6
25
14
13
32
10
12
1169
726
2
5
74
738
20
510
10
164
3
54
3
16
471
1
1
5
7
680
1
7
165
3
732
1
1
7
1356
1568
896
598
1
221
21
3
1
159
354
110
4
624
1819
1715
6293
3
2
2
361
277
18
15
5
1
1
414
194
17
312
80
564
1
90
12
853
1020
738
2
37
405
3
5
2
15
1
30
1
3
142
8
8
7
31
15
242
281
3
21
9
3
1
8
70
8
12
4
1
3
1829
1092
3
1
1
4
5
1
10
187
19
18
146
1
135
5
278
4
2
4
284
2
549
57
3
538
166
1
2
2
12
3
5858
2
112
134
3
14
456
1380
1
2
30
813
5
48
591
81
2
309
220
291
1
1
73
532
8
494
484
8
516
3
1
6
28
3
188
9
32
4
81
130
5
221
1362
8
2
230
1
18
5
6
4
6
4
303
9
9
722
5
32
778
6
1396
224
119
76
747
10
456
2
832
17
561
620
647
120
129
154
37
133
14
117
795
2
10
1
25
2
42
208
578
158
1695
5
405
125
336
3
52
9
2572
295
26
2
12
7
5
2
1081
3
10
13
3
896
152
2127
62
9
1
254
1
25
111
63
12
4
686
29
125
3
2
8
4
2
20
16
3
2
2
1
1
2
103
148
1054
1231
4
1100
400
228
2
752
352
26
3
2
4
4
2
277
230
7
331
4
853
110
172
828
8
5
5
253
4
2
19
2
44
6
1
511
1315
31
2
75
6
225
1
16
206
2
15
2
746
101
28
19
24
56
7
11
2
4
520
19
253
3
3
4
2
1506
1089
3
16300
6
7
67
192
960
5
19
5
919
7
22
2
1
1
268
15
1
423
471
82
154
82
1
22
124
2
46
24
4
10
10
3
1
1588
43
473
241
15
635
14
958
3
479
2
7
26
1
3
18
26
3
434
26
7
11
8
35
132
17
27
5
3
4
9
421
677
3
72
4
1
7
6
826
14
28
800
17
1000
8
82
84
3
7
21
7
11
13
334
10
4
33
5
1
1
8
13
95
5
26
10
8
7
16
5
8
1
263
11
9
4
2
5
1
2
61
4
1
7
2
7
9
1
1
1
95
19
1
16
254
157
7
53
15
691
79
260
1
5
2
1161
526
10
2
2
348
51
4
4
8
15
5
10
4
181
1
1310
501
14
4
31
5
13
31
1
4
3
26
4
12
2001
