108.00000000000001
112.85928430914528
117.7120305881302
122.55823883695481
127.39790905561907
132.231041244123
137.05763540246662
141.87769153064988
146.6912096286728
151.4981896965354
156.2986317342377
161.0925357417796
165.8799017191612
170.66072966638248
175.43501958344342
180.20277147034403
184.9639853270843
189.71866115366424
194.46679895008384
199.20839871634308
203.94346045244203
208.67198415838064
213.3939698341589
218.10941747977685
222.81832709523445
227.52069868053172
232.2165322356687
236.9058277606453
241.58858525546157
246.26480472011752
250.93448615461313
255.59762955894837
260.2542349331233
264.90430227713796
269.5478315909922
274.1848228746862
278.81527612821975
283.4391913515931
288.056568544806
292.6674077078586
297.2717088407509
301.86947194348284
306.46069701605444
311.04538405846574
315.6235330707167
320.1951440528073
324.76021700473757
329.3187519265075
333.87074881811714
338.4162076795664
342.9551285108554
347.487511311984
352.01335608295227
356.5326628237602
361.0454315344078
365.55166221489503
370.0513548652219
374.5445094853886
379.0311260753948
383.51120463524074
387.9847451649263
392.4517476644516
396.9122121338165
401.36613857302115
405.81352698206535
410.2543773609493
414.68868970967293
419.11646402823624
423.5377003166391
427.9523985748817
432.36055880296396
436.76218100088596
441.1572651686475
445.54581130624877
449.92781941368975
454.3032894909703
458.6722215380906
463.0346155550505
467.39047154185016
471.7397894984894
476.08256942496837
480.4188113212869
484.7485151874452
489.07168102344315
493.3883088292808
497.698398604958
502.001950350475
506.29896406583157
510.5894397510279
514.8733774060638
519.1507770309395
523.4216386256547
527.6859621902097
531.9437477246042
536.1949952288385
540.4397047029125
544.6778761468261
548.9095095605794
553.1346049441723
557.353162297605
561.5651816208772
565.7706629139892
569.9696061769407
574.162011409732
578.347878612363
582.5272077848336
586.6999989271438
590.866252039294
595.0259671212834
599.1791441731127
603.3257831947817
607.4658841862903
611.5994471476387
615.7264720788266
619.8469589798542
623.9609078507215
628.0683186914284
632.169191501975
636.2635262823613
640.3513230325873
644.4325817526529
648.5073024425582
652.5754851023031
656.6371297318879
660.6922363313121
664.740804900576
668.7828354396796
672.8183279486229
676.847282427406
680.8696988760286
684.8855772944908
688.8949176827928
692.8977200409344
696.8939843689158
700.8837106667366
704.8668989343972
708.8435491718976
712.8136613792376
716.7772355564172
720.7342717034365
724.6847698202954
728.6287299069942
732.5661519635324
736.4970359899103
740.421381986128
744.3391899521853
748.2504598880823
752.1551917938189
756.0533856693952
759.9450415148112
763.8301593300669
767.7087391151621
771.5807808700971
775.4462845948717
779.305250289486
783.15767795394
787.0035675882336
790.8429191923669
794.6757327663399
798.5020083101526
802.3217458238049
806.1349453072968
809.9416067606285
813.7417301837997
817.5353155768107
821.3223629396614
825.1028722723518
828.8768435748817
832.6442768472514
836.4051720894606
840.1595293015097
843.9073484833983
847.6486296351266
851.3833727566946
855.1115778481022
858.8332449093496
862.5483739404365
866.2569649413631
869.9590179121295
873.6545328527354
877.3435097631811
881.0259486434664
884.7018494935915
888.3712123135562
892.0340371033604
895.6903238630043
899.340072592488
902.9832832918114
906.6199559609744
910.250090599977
913.8736872088193
917.4907457875014
921.101266336023
924.7052488543843
928.3026933425854
931.8935998006259
935.4779682285064
939.0557986262263
942.6270909937859
946.1918453311853
949.7500616384242
953.3017399155029
956.8468801624213
960.3854823791792
963.9175465657769
967.4430727222142
970.9620608484912
974.474510944608
977.9804230105644
981.4797970463605
984.9726330519964
988.4589310274716
991.9386909727867
995.4119128879414
998.878596772936
1002.33874262777
1005.7923504524438
1009.239420246957
1012.6799520113101
1016.1139457455031
1019.5414014495354
1022.9623191234075
1026.3766987671193
1029.7845403806707
1033.1858439640616
1036.5806095172925
1039.968837040363
1043.350526533273
1046.7256779960228
1050.094291428612
1053.4563668310411
1056.81190420331
1060.1609035454185
1063.5033648573665
1066.8392881391542
1070.1686733907816
1073.4915206122487
1076.8078298035555
1080.117600964702
1083.420834095688
1086.7175291965136
1090.007686267179
1093.2913053076843
1096.568386318029
1099.8389292982133
1103.1029342482375
1106.3604011681011
1109.6113300578047
1112.8557209173478
1116.0935737467305
1119.324888545953
1122.5496653150149
1125.7679040539165
1128.9796047626583
1132.1847674412393
1135.38339208966
1138.5754787079204
1141.7610272960203
1144.9400378539601
1148.1125103817396
1151.2784448793586
1154.4378413468173
1157.5906997841157
1160.7370201912538
1163.8768025682318
1167.010046915049
1170.1367532317063
1173.256921518203
1176.3705517745393
1179.4776440007154
1182.5781981967314
1185.6722143625866
1188.7596924982818
1191.8406326038164
1194.9150346791907
1197.9828987244048
1201.0442247394587
1204.0990127243522
1207.147262679085
1210.188974603658
1213.2241484980702
1216.2527843623225
1219.2748821964142
1222.2904420003456
1225.2994637741167
1228.3019475177275
1231.2978932311778
1234.2873009144682
1237.2701705675977
1240.2465021905673
1243.2162957833762
1246.179551346025
1249.1362688785134
1252.0864483808416
1255.0300898530095
1257.9671932950168
1260.897758706864
1263.8217860885504
1266.739275440077
1269.6502267614433
1272.554640052649
1275.4525153136942
1278.3438525445792
1281.228651745304
1284.1069129158686
1286.9786360562728
1289.8438211665164
1292.7024682466
1295.554577296523
1298.4001483162856
1301.2391813058882
1304.0716762653303
1306.897633194612
1309.7170520937334
1312.5299329626944
1315.3362758014953
1318.1360806101357
1320.9293473886157
1323.7160761369355
1326.496266855095
1329.269919543094
1332.0370342009328
1334.7976108286114
1337.5516494261294
1340.299149993487
1343.0401125306844
1345.7745370377218
1348.5024235145984
1351.223771961315
1353.938582377871
1356.6468547642667
1359.348589120502
1362.0437854465772
1364.732443742492
1367.4145640082465
1370.0901462438405
1372.7591904492742
1375.4216966245476
1378.077664769661
1380.7270948846135
1383.369986969406
1386.0063410240382
1388.6361570485099
1391.2594350428215
1393.8761750069725
1396.486376940963
1399.0900408447935
1401.6871667184637
1404.2777545619733
1406.8618043753231
1409.4393161585122
1412.010289911541
1414.574725634409
1417.1326233271172
1419.6839829896649
1422.2288046220526
1424.7670882242796
1427.2988337963463
1429.8240413382528
1432.3427108499989
1434.8548423315847
1437.3604357830102
1439.8594912042752
1442.3520085953799
1444.8379879563242
1447.3174292871086
1449.7903325877323
1452.2566978581958
1454.7165250984988
1457.1698143086414
1459.616565488624
1462.056778638446
1464.4904537581078
1466.9175908476093
1469.3381899069504
1471.752250936131
1474.1597739351516
1476.560758904012
1478.9552058427116
1481.343114751251
1483.72448562963
1486.0993184778488
1488.467613295907
1490.8293700838055
1493.1845888415432
1495.5332695691206
1497.8754122665375
1500.2110169337943
1502.5400835708908
1504.862612177827
1507.178602754603
1509.488055301218
1511.7909698176734
1514.087346303968
1516.3771847601026
1518.6604851860766
1520.9372475818905
1523.207471947544
1525.4711582830369
1527.7283065883698
1529.9789168635423
1532.2229891085544
1534.460523323406
1536.6915195080974
1538.9159776626284
1541.1338977869991
1543.34527988121
1545.55012394526
1547.7484299791497
1549.940197982879
1552.1254279564482
1554.3041198998571
1556.4762738131053
1558.6418896961932
1560.800967549121
1562.9535073718882
1565.0995091644954
1567.238972926942
1569.3718986592285
1571.4982863613545
1573.61813603332
1575.7314476751255
1577.8382212867705
1579.9384568682551
1582.0321544195795
1584.1193139407433
1586.199935431747
1588.2740188925904
1590.3415643232738
1592.4025717237964
1594.4570410941587
1596.5049724343608
1598.5463657444025
1600.5812210242839
1602.6095382740045
1604.6313174935653
1606.6465586829656
1608.6552618422056
1610.6574269712858
1612.6530540702051
1614.642143138964
1616.6246941775628
1618.600707186001
1620.570182164279
1622.5331191123967
1624.489518030354
1626.4393789181509
1628.3827017757876
1630.3194866032645
1632.2497334005802
1634.173442167736
1636.0906129047312
1638.0012456115664
1639.905340288241
1641.8028969347554
1643.6939155511095
1645.5783961373031
1647.4563386933369
1649.3277432192099
1651.1926097149226
1653.0509381804748
1654.9027286158666
1656.7479810210984
1658.58669539617
1660.418871741081
1662.2445100558316
1664.0636103404217
1665.8761725948525
1667.682196819122
1669.4816830132313
1671.2746311771803
1673.061041310969
1674.8409134145973
1676.6142474880653
1678.381043531373
1680.1413015445205
1681.8950215275074
1683.6422034803345
1685.382847403001
1687.1169532955068
1688.8445211578526
1690.565550990038
1692.2800427920629
1693.9879965639275
1695.689412305632
1697.384290017176
1699.0726296985604
1700.7544313497835
1702.4296949708466
1704.0984205617492
1705.7606081224917
1707.4162576530737
1709.0653691534953
1710.7079426237567
1712.3439780638578
1713.9734754737983
1715.596434853579
1717.2128562031992
1718.822739522659
1720.4260848119584
1722.0228920710972
1725.078495672181
1728.1392372141963
1731.2051166971441
1734.276134121024
1737.352289485836
1740.4335827915802
1743.5200140382565
1746.611583225865
1749.7082903544053
1752.810135423878
1755.9171184342827
1759.0292393856198
1762.146498277889
1765.26889511109
1768.3964298852234
1771.529102600289
1774.6669132562865
1777.8098618532163
1780.9579483910782
1784.1111728698722
1787.2695352895985
1790.433035650257
1793.6016739518473
1796.7754501943698
1799.9543643778243
1803.1384165022114
1806.3276065675302
1809.5219345737812
1812.7214005209644
1815.92600440908
1819.1357462381275
1822.3506260081072
1825.570643719019
1828.7957993708628
1832.0260929636388
1835.2615244973472
1838.5020939719875
1841.74780138756
1844.9986467440644
1848.254630041501
1851.51575127987
1854.782010459171
1858.0534075794042
1861.3299426405695
1864.611615642667
1867.8984265856964
1871.1903754696582
1874.487462294552
1877.789687060378
1881.097049767136
1884.409550414826
1887.7271890034485
1891.0499655330032
1894.3778800034895
1897.7109324149083
1901.0491227672592
1904.3924510605423
1907.7409172947573
1911.0945214699045
1914.4532635859841
1917.8171436429957
1921.1861616409394
1924.560317579815
1927.9396114596234
1931.3240432803634
1934.7136130420356
1938.10832074464
1941.5081663881765
1944.913149972645
1948.3232714980456
1951.7385309643787
1955.1589283716437
1958.584463719841
1962.0151370089702
1965.4509482390317
1968.8918974100254
1972.337984521951
1975.7892095748089
1979.245572568599
1982.707073503321
1986.1737123789753
1989.6454891955618
1993.1224039530803
1996.6044566515309
2000.0916472909137
2003.5839758712286
2007.0814423924758
2010.5840468546548
2014.0917892577663
2017.6046696018097
2021.1226878867853
2024.645844112693
2028.174138279533
2031.7075703873052
2035.2461404360092
2038.7898484256455
2042.338694356214
2045.8926782277144
2049.4518000401467
2053.016059793512
2057.3844652512207
2061.7738305857847
2066.1841557971907
2070.6154408854377
2075.067685850526
2079.540890692455
2084.035055411227
2088.55018000684
2093.086264479294
2097.6433088285908
2102.2213130547284
2106.820277157707
2111.4402011375278
2116.08108499419
2120.742928727694
2125.42573233804
2130.129495825226
2134.8542191892543
2139.5999024301245
2144.3665455478367
2149.15414854239
2153.9627114137834
2158.7922341620197
2163.642716787098
2168.5141592890177
2173.406561667778
2178.31992392338
2183.2542460558243
2188.20952806511
2193.1857699512366
2198.1829717142055
2203.201133354016
2208.240254870667
2213.3003362641593
2218.3813775344943
2223.4833786816707
2228.6063397056896
2233.750260606548
2238.9151413842483
2244.1009820387917
2249.3077825701757
2254.5355429784013
2259.7842632634674
2265.053943425376
2270.344583464127
2275.6561833797186
2280.9887431721518
2286.3422628414264
2291.7167423875426
2297.112181810501
2302.5285811103004
2307.965940286941
2313.424259340424
2318.903538270748
2324.403777077914
2329.924975761921
2335.46713432277
2341.030252760461
2346.6143310749912
2352.219369266365
2357.8453673345803
2363.492325279637
2369.1602431015353
2374.8491208002733
2380.5589583758547
2386.2897558282775
2392.041513157542
2397.8142303636478
2403.6079074465943
2409.422544406383
2415.2581412430145
2421.1146979564855
2426.9922145468
2432.890691013954
2438.8101273579505
2444.7505235787894
2450.711879676469
2456.69419565099
2462.6974715023534
2468.7217072305566
2474.766902835602
2480.83305831749
2486.920173676219
2493.02824891179
2499.1572840242006
2505.3072790134547
2511.4782338795503
2517.6701486224874
2523.883023242265
2530.1168577388844
2536.371652112346
2542.6474063626492
2548.944120489794
2555.2617944937792
2561.600428374606
2567.9600221322753
2574.340575766786
2580.7420892781383
2587.164562666332
2593.6079959313674
2603.1420803920228
2612.7579106961275
2622.455486843777
2632.2348088349754
2642.0958766697186
2652.038690348014
2662.063249869858
2672.1695552352503
2682.3576064441877
2692.6274034966773
2702.978946392712
2713.4122351322985
2723.92726971543
2734.5240501421067
2745.2025764123355
2755.962848526109
2766.804866483435
2777.728630284302
2788.7341399287216
2799.8213954166895
2810.990396748206
2822.2411439232674
2833.573636941881
2844.987875804043
2856.4838605097502
2868.061591059006
2879.72106745181
2891.462289688163
2903.285257768064
2915.189971691514
2927.176431458509
2939.2446370690486
2951.3945885231406
2963.626285820781
2975.9397289619665
2988.334917946704
3000.8118527749903
3013.370533446825
3026.0109599622047
3038.733132321133
3051.5370505236097
3064.422714569635
3077.390124459209
3090.4392801923314
3103.5701817689915
3116.7828291892074
3130.0772224529755
3143.453361560285
3156.9112465111502
3170.4508773055604
3181.1360212050786
3191.7877645662957
3202.4061073891644
3212.9910496736848
3223.5425914198568
3234.0607326276804
3244.545473297152
3254.9968134282753
3265.4147530210466
3275.7992920754696
3286.150430591544
3296.468168569263
3306.752506008641
3317.003442909663
3327.220979272337
3337.405115096666
3347.5558503826433
3357.6731851302684
3367.757119339545
3377.80765301047
3387.82478614305
3397.808518737278
3407.758850793154
3417.675782310682
3427.559313289865
3437.409443730696
3447.2261736331784
3457.009502997309
3466.7594318230877
3476.475960110518
3486.1590878596035
3495.8088150703334
3505.425141742715
3515.008067876748
3524.557593472433
3534.0737185297694
3543.5564430487575
3553.00576702939
3562.421690471674
3571.80421337561
3581.153335741197
3590.4690575684363
3599.7513788573197
3609.0002996078583
3618.2158198200486
3627.397939493887
3636.546658629377
3645.6619772265185
3654.7438952853045
3663.7924128057493
3677.489059853964
3691.3358957782402
3705.332920578512
3719.4801342547944
3733.7775368071016
3748.2251282354046
3762.822908539718
3777.570877720049
3792.469035776383
3807.517382708742
3822.7159185170894
3838.064643201462
3853.5635567618374
3869.212659198216
3885.0119505106195
3900.961430699026
3917.061099763436
3933.3109577038704
3949.711004520308
3966.261240212756
3982.9616647812145
3999.8122782256833
4016.8130805461624
4033.964071742652
4051.2652518151444
4068.7166207636546
4086.318178588175
4104.069925288699
4121.97186086524
4140.0239853177845
4158.226298646347
4176.578800850912
4195.081491931494
4213.73437188808
4232.537440720684
4251.490698429283
4270.5941450139
4289.847780474549
4309.251604811179
4328.8056180238345
4348.509820112486
4368.364211077162
4388.368790917833
4408.52355963453
4428.828517227223
4449.283663695933
4469.888999040646
4490.64452326137
4511.550236358118
4532.606138330862
4558.548425398316
4584.826634526966
4611.440765716674
4638.390818967469
4665.676794279294
4693.298691652206
4721.2565110861615
4749.550252581204
4778.179916137262
4807.145501754407
4836.447009432639
4866.0844391719
4896.057790972249
4926.367064833641
4957.012260756106
4987.993378739629
5019.3104187842255
5050.963380889865
5082.952265056592
5115.2770712843485
5147.937799573163
5180.934449923094
5214.267022334025
5247.935516806057
5281.939933339134
5316.280271933298
5350.956532588505
5385.968715304771
5421.316820082109
5457.000846920506
5493.020795819961
5529.376666780488
5566.068459802074
5603.096174884704
5640.459812028421
5678.159371233167
5716.194852499029
5754.566255825892
5793.273581213871
5832.316828662879
5871.695998172974
5911.411089744099
5951.462103376311
5991.849039069581
6032.57189682388
6073.630676639295
6115.02537851574
6156.756002453272
6198.822548451833
6241.225016511511
6320.03324261785
6400.591894156067
6482.900971127092
6566.960473531159
6652.770401368267
6740.330754638417
6829.641533341608
6920.702737477724
7013.514367046882
7108.076422048849
7204.38890248409
7302.45180835214
7402.265139653115
7503.82889638748
7607.1430785546545
7712.2076861546375
7819.022719187778
7927.588177653961
8037.904061552952
8149.970370885334
8263.787105650408
8379.354265848408
8496.671851479565
8615.739862543764
8736.558299040771
8890.630956501001
9048.877408281667
9211.297654382419
9377.891694803024
9548.65952954418
9723.601158604724
9902.716581985122
10086.005799685838
10273.468811706407
10465.105618046597
10660.916218707105
10860.9006136877
11065.058802987915
11273.390786608215
11485.896564548835
11702.576136808842
11923.429503389634
12148.456664290046
12377.657619510079
12611.03236905043
12848.580912910635
13090.30325109046
13336.199383590836
13586.269310410833
13840.513031550683
14216.603621401824
14605.919780522585
15008.461508918554
15424.228806586005
15853.221673527732
16295.440109740943
16750.884115227498
17219.55368998833
17701.448834022507
18196.569547327235
18704.91582990531
19226.48768175859
19761.285102884285
20309.3080932796
20870.556652951054
21445.030781895854
22032.730480112135
22633.65574760083
23247.806584364735
23875.18299040012
24515.784965709783
25169.612510289997
25836.665624144487
26516.944307273254
27210.44855964929
29294.33879174292
31497.39000930637
33819.60221233219
36260.97540079057
38821.509574733675
41501.204734139144
44300.06087899208
47218.078009299934
50255.256125085056
53411.595226325095
56687.09531300515
60081.75638516992
63595.578442789614
67228.56148584187
70980.7055143863
74852.01052838564
78842.476527825
82952.10351273417
87180.89148311317
91528.84043893963
95995.95038022846
100582.22130697966
105287.65321920067
110112.2461168617
