1555
4157
508
3323
3022
2647
921
246
1102
3551
1895
476
2862
1636
2077
1088
4538
17051
465
2171
755
305
3447
256
1401
4463
3017
4101
3601
3963
1740
2369
468
2818
1424
2741
3723
3151
742
3487
595
1071
1436
4210
3651
2711
2478
3085
1273
2580
641
539
1325
5082
1747
3693
3683
2498
3026
3248
5394
2487
3435
4427
4894
5522
3649
2230
3033
951
2893
714
654
869
4722
4946
3593
927
3485
7293
3237
437
2445
426
929
2634
1112
2383
1710
3238
909
5836
3353
6971
2439
5175
3396
3931
4556
957
1018
950
928
607
4038
4416
1600
475
992
877
921
484
195
893
683
164
185
844
174
675
2525
3735
3937
6574
6438
229
1336
461
1353
1950
239
1715
2749
1503
281
1249
1314
732
1022
1095
1236
446
422
1363
704
881
3153
1391
2998
3631
1658
199
1242
964
623
4374
494
419
697
456
4783
737
4347
3633
3773
221
2769
924
6544
2416
177
2362
2998
1130
2519
3078
3566
3937
533
4397
173
472
1408
1744
1365
1069
287
1238
2579
3337
887
2928
883
3474
1038
5796
681
4275
744
484
197
665
217
4631
4732
3145
161
3875
3157
188
186
6193
4290
654
3065
1690
2780
3167
1104
1260
874
1417
1082
3401
781
1893
1116
1746
3147
2810
675
493
2193
4523
891
1006
1834
462
2076
437
879
884
2536
158
892
928
422
915
1758
3053
233
192
203
1488
690
410
1688
1679
3712
3616
1445
4057
203
422
911
2091
1244
1586
906
1353
2111
844
870
690
704
2094
932
1517
1162
5767
2637
3604
7501
2049
4853
3723
873
6296
1433
187
3594
3463
654
3211
3109
367
959
683
642
689
3161
218
904
677
3267
5303
4914
889
469
1057
672
166
2177
265
1102
3283
1958
588
2895
763
263
218
805
877
3120
893
447
401
198
213
2638
1565
5312
1576
9982
3120
474
1114
190
402
483
457
411
889
2229
1490
4521
428
573
1974
3206
2588
890
165
582
2081
1419
991
3475
6637
7708
3006
3360
3602
2308
3677
3482
3987
1883
5289
1720
1080
360
3963
2407
2257
2074
4770
5216
3950
3309
6417
4309
3371
2838
3951
954
861
1175
1848
3330
5028
4491
3016
3833
4040
860
710
882
198
212
167
4514
1188
794
2462
465
4376
454
1850
4057
6397
8037
3669
3098
3481
2822
3452
966
908
674
420
1601
2986
1920
1379
1648
559
2631
967
982
432
620
1495
1235
530
1316
4943
6598
3057
4048
4035
680
2688
1172
671
705
809
2554
559
648
868
308
460
732
829
1863
2111
2069
2153
2519
1646
4747
2195
455
1257
1110
1773
531
4172
5636
5029
5096
7812
3378
3663
2839
3494
2525
680
424
444
846
216
276
190
213
565
434
932
2329
4946
1816
5087
