6837
3965
1271
1148
727
4224
718
2639
1336
526
3686
3947
3392
2821
6475
3865
10659
405
2483
7242
2776
6669
4241
1462
1910
4787
1333
675
983
3230
8542
1600
3282
5467
6723
2567
3520
4608
3759
3226
786
4549
3573
1697
5809
3001
1334
2703
3296
3237
1188
9541
2890
4269
4910
5833
10064
617
32363
6017
3182
1501
5385
5195
2634
9140
4861
10792
534
3896
5405
8230
1203
727
4161
1746
11125
1935
5542
8158
4864
5564
3722
5449
9333
1025
3308
799
4673
3447
4598
4446
752
4313
1096
2729
6672
2522
4910
5455
2600
4676
7727
10335
2751
7563
2126
4431
2721
1015
2678
4060
4015
4292
1842
4225
5174
1384
2079
2329
2535
3717
4858
2121
3309
4324
3035
4447
13906
675
2723
10710
7098
9068
901
5307
5550
939
358
5749
1069
5754
4824
6126
5211
9333
446
1733
3582
942
654
2580
1726
7935
11134
2588
4350
3213
3483
15850
4147
5892
3899
3097
466
2035
438
489
1292
2358
5106
4217
4713
565
2663
1473
5606
2295
4313
669
5599
2352
2760
2628
1300
2086
1361
1527
560
339
6575
6931
4457
1082
2497
3589
3621
3265
8712
1390
1609
20735
3190
418
4834
2209
3451
3408
1373
5283
5684
672
2820
6025
5338
410
1780
1023
8460
1128
10036
2462
708
3134
4713
2412
2830
8593
2544
10145
27371
3084
349
3717
3179
1094
2425
3843
793
5188
2410
3334
4383
2662
5515
2479
3389
2393
4768
5893
4669
2045
1048
6102
496
2853
3122
1428
605
5231
1739
7303
826
4572
2810
1497
723
2556
1094
6252
695
737
5053
4977
2897
911
2961
1334
6846
2339
5902
239
800
16272
2942
3814
593
1816
3582
3853
1186
3513
6527
10485
3645
24781
6580
1245
635
5604
2458
659
2869
1873
4457
672
936
1946
1408
11717
7380
3179
35995
426
5645
468
402
8042
7195
3759
3649
448
1079
1479
37568
983
2061
5279
2643
2834
7059
1583
4158
1701
611
7698
3315
5548
4617
881
6913
3509
2594
8502
4326
236
582
4363
2657
4555
5709
2910
5027
793
3868
395
690
5263
1578
4432
90631
1619
1449
2717
5770
4466
2875
335
2202
3390
2726
3318
1786
9854
7848
3040
3915
1269
6648
3923
7282
6136
4658
2599
1633
1432
3055
7926
432
7401
832
7529
2417
4828
594
6521
2749
4189
1436
3213
4545
4594
5842
2806
5185
3514
2303
3424
1491
2732
702
1449
1682
2833
684
2807
3306
1085
4418
3037
2519
2930
474
2759
73140
21612
402
5536
4888
3129
2990
3569
6163
2195
1774
4546
459
11632
2803
2673
4167
4214
2210
744
12095
23711
2274
689
4609
607
5687
10046
3473
2949
453
3537
660
8393
2818
2165
2749
371
2953
3695
5189
1015
401
2381
9356
253
4756
5089
7001
2717
617
3087
2836
945
7556
7612
7403
5462
2722
3666
3610
49831
4944
4951
4690
3182
5477
1171
2158
2544
8590
2954
11421
2900
2674
4288
4116
2568
5774
5651
6338
3702
262
3752
4431
2455
3173
2874
4882
701
913
3657
1086
2095
2911
4441
2503
3955
4474
4483
11971
2902
2511
537
3968
827
3244
4556
546
6126
2561
2210
2697
1393
13976
3292
7014
4197
4149
4390
2914
2549
2553
6092
6729
2828
6870
632
13869
348
313
5271
3365
2092
11559
5554
4004
4157
799
586
3196
2571
2887
8234
12931
2393
4089
2484
1153
1937
3227
4974
2705
5156
28687
1446
5943
2744
5287
3720
3092
4892
2670
6329
542
2833
7096
5053
679
1457
2911
3512
4360
3757
3962
21586
4249
7473
3548
3054
1399
9001
4196
3946
1581
537
379
7834
15648
2177
2504
1602
7617
4630
1669
3190
9246
6023
876
2522
3631
7498
2571
8126
10818
4433
2817
483
3501
3840
274
4333
2159
2659
849
4419
9798
1052
5119
2672
3824
1245
6720
2526
2622
1027
1344
570
855
1732
3779
30311
5253
9041
464
1220
5419
7796
315
2461
3316
2747
1689
4511
372
489
1505
230
12567
995
12599
534
2754
822
500
4010
874
1811
3097
2540
475
5134
2760
10898
4264
542
5404
8586
2954
3278
4848
4749
4177
952
604
3269
3575
2368
2612
6777
3525
4740
13008
4531
7306
4765
2254
5616
4760
1844
2653
709
1037
3884
1652
654
4263
2011
2762
1383
3209
3228
549
4469
15691
1799
4988
15151
4424
2419
1796
4310
768
5161
4067
4070
2662
3605
5695
4475
2642
5869
2722
3153
3801
3478
7904
2287
733
4418
3682
2468
413
1121
508
635
3789
2094
2711
2159
3689
1047
3889
1420
8730
3747
2230
1396
37240
610
416
3278
408
1245
1722
10667
2489
3839
1857
485
1078
5282
589
507
5999
451
652
5463
2742
3025
543
923
1355
3953
1074
8863
3558
362
522
292
6472
4755
2663
3591
781
2771
2759
845
8410
1320
1665
8000
576
2461
3044
585
6995
14732
1156
6695
3874
3016
981
2446
4130
962
782
3951
3486
11508
11165
412
1445
2145
1794
1885
2595
3256
460
2255
2883
2601
473
2855
558
10120
567
3183
4757
4759
5163
2323
437
7412
5948
1525
517
4206
4606
8790
6374
3443
13519
5510
1338
9419
450
10989
1185
438
906
4375
2945
4775
5325
484
1382
9682
4530
3938
670
1066
8643
2742
2986
895
3559
9110
10550
5750
1074
3981
1533
734
1820
4168
5032
3185
1293
2934
3439
2833
2445
5325
4169
2501
697
1356
2466
3373
4286
3960
789
4410
716
1715
7022
4258
2586
4873
511
10266
710
2859
760
451
3425
4924
3949
30037
2511
835
2955
2172
345
3050
4109
3313
3903
5956
3856
5785
4503
4339
3643
1774
4782
9775
3126
1266
1638
8233
2736
7168
514
4607
437
3928
4069
2439
8711
4106
2649
2641
697
3064
16047
784
5246
5147
2635
3476
40325
4773
5451
2575
913
2669
5368
10161
3755
842
2703
593
2535
725
3394
2449
11950
4658
380
3688
1114
2571
11183
1509
2645
4902
3207
2551
3215
738
5199
509
11330
6231
2632
4605
1319
5628
1190
1093
853
3379
2992
2568
3674
5994
1381
1351
779
2873
2085
1685
5135
15391
2995
4579
1843
2362
1299
7106
3050
2926
1455
4568
4756
657
3526
1604
1023
12505
1623
4238
5425
2840
564
3116
771
3758
2221
629
6386
6412
2115
936
765
321
6383
4447
6024
2814
961
605
5052
3243
5046
662
2634
2413
2686
743
748
5412
7812
613
536
4903
754
2241
4540
4442
686
674
5684
5138
4607
3143
2715
1135
6708
1422
4789
2867
5212
4522
697
1727
1931
595
2797
13450
1907
3688
4862
3842
8402
2094
1092
9966
997
2833
3305
690
1314
3445
7389
3916
4527
2513
7036
4432
4459
4831
3001
3379
67972
2893
1357
10330
1828
2674
1586
3405
1511
4715
12010
4411
765
8426
3553
3269
3275
9194
2793
921
985
1235
19948
2790
28861
3825
3121
2367
2583
3080
1295
5747
1666
2152
4382
593
2634
6356
2325
3367
762
4425
4766
1493
9810
2683
2865
4509
3609
5663
952
1336
4609
1050
4288
7652
669
3720
5477
3170
2925
5559
2917
3357
1424
2059
3417
2757
4576
2309
1838
4122
4257
2843
876
1821
2617
4557
2246
8718
2316
629
3714
3615
9263
1314
1283
7000
5616
5445
1105
891
948
586
826
3817
7802
3457
4911
1323
3571
1744
10315
5711
1090
1527
901
1542
4984
695
6390
4994
22027
4481
2860
4276
2703
1166
5287
2701
5902
4421
7011
4696
6446
3628
444
1197
581
3576
3464
1245
5603
3929
5968
4662
2485
1262
708
3769
4520
2105
769
2515
2984
3743
2653
5904
5732
6703
5346
1488
1730
513
4602
400
3215
6301
6008
4438
4424
2826
760
4360
4897
1254
378
1093
2492
2891
13398
4418
13851
2244
308
5474
2984
1472
4734
9372
884
3192
3660
2708
3136
2785
8094
3912
623
1278
403
4143
3221
5404
3091
2718
3597
677
6451
1412
2755
3439
693
1045
7764
697
4090
2730
4616
2659
7206
5820
1587
2428
2452
10794
3476
1774
3797
1988
2691
5849
3775
2711
2397
2771
841
6008
3202
3237
2562
754
942
3104
4011
696
7103
885
2448
439
379
13027
2625
2757
8240
3877
2586
973
547
5952
5959
1271
4133
1502
1179
4738
11582
370
2785
676
2419
1593
319
847
3927
3056
545
4775
2886
3861
7391
405
2477
735
804
759
34956
1193
354
3683
2858
420
762
543
6071
702
3534
774
811
7979
23281
763
5012
6811
2559
427
1389
6848
1035
5253
1101
2550
974
1002
3831
435
2902
12167
440
458
12472
4659
13624
4128
3810
1246
3404
1398
1725
2729
342
2511
3544
2956
625
2845
581
968
1560
776
10601
1958
762
4275
4777
5492
4377
5204
3168
6835
2729
2913
4029
5368
1547
3398
5306
1557
776
3384
5182
3863
3033
7365
24883
2984
3065
3109
4394
3049
2448
2484
2634
2907
3174
1184
3077
2463
2921
4894
4307
19888
1076
4055
2467
2833
3043
1685
4005
1544
3123
3987
4043
7994
48933
8683
3150
2492
3094
5766
2370
2417
3193
4787
1936
3021
5480
1427
3643
1935
3738
2672
3349
2763
1330
2845
3168
2851
4273
496
320
3237
2399
2544
3225
3995
4730
5117
2427
1610
5352
2438
730
2660
858
7841
3771
4059
1428
720
2866
1104
4202
1394
4718
1331
8957
2935
2641
3081
5167
703
6411
515
1806
5131
2040
718
422
5962
3120
5179
1576
8692
374
4178
1599
3442
2201
2676
3124
4536
6454
2351
3675
8746
5083
2787
2478
3737
2076
3269
3897
2929
1609
2491
756
3068
3260
707
3046
921
5012
8721
1166
1766
319
2881
4464
580
2253
3117
1744
4059
926
3207
7823
1849
962
1648
1392
4578
3656
941
894
1403
605
2644
2845
4000
378
552
362
355
2591
349
351
349
2975
2002
721
4561
2814
2596
1680
416
3212
5262
2360
1000
4039
3598
4373
3793
3799
610
3840
2751
6623
4041
2931
924
1268
6103
1061
925
1048
3438
521
1085
687
4293
3263
5141
703
2720
846
732
1209
4467
607
1685
4808
717
3064
2323
1572
20053
930
2446
1388
410
845
7238
3245
3032
6946
885
755
8231
1012
1857
4081
3766
3460
1936
3626
1663
769
1596
9225
1865
3812
1927
785
534
2831
1847
3437
1474
1060
1145
663
8287
2303
919
2762
799
2718
1617
705
3957
3955
3458
1272
3275
888
1015
2156
561
3879
4219
3568
1053
869
582
3166
3009
2696
2622
756
338
939
1819
416
1106
4114
475
4642
755
667
1725
1494
2641
364
2704
3621
3570
375
4033
3854
2617
7827
3559
378
1587
2048
3453
1564
1485
3336
2031
3548
1439
2966
647
1859
3198
4660
1520
3544
4690
11385
4998
2871
2452
4965
506
2622
3708
1281
1370
758
3122
5215
3645
4263
3386
7588
1096
360
986
856
2519
2846
7022
1854
4097
794
635
608
793
1170
903
556
690
670
690
653
916
539
565
586
600
522
822
798
739
533
1599
930
897
719
571
743
760
614
813
781
1828
3517
2258
7934
7028
820
925
656
1530
819
5257
896
1199
1295
1498
3683
2678
3691
5831
4543
4430
4530
3619
2391
4143
4412
2806
6057
539
6713
3135
4059
6497
3879
692
814
528
7858
1252
4583
1201
1063
8333
857
3955
3319
6219
2182
5192
5569
1990
1733
3282
1767
4867
4507
3405
3089
2377
3170
898
2915
981
1194
2568
5924
1687
5266
772
325
1360
3406
553
1348
1458
2397
9855
1764
724
2980
6416
8806
2558
3140
10845
886
2766
4678
4206
3383
1680
3279
2186
10200
3727
4522
2748
2676
3349
4142
946
510
3700
4156
4700
1155
4117
3850
3946
501
1090
5810
703
6818
4724
643
2396
7468
5788
2829
1815
3454
3747
353
912
671
1818
1497
1598
12652
5549
48292
848
1776
4922
4827
4768
3593
311
323
2802
426
4824
10237
4590
48271
2583
1724
4074
1630
512
1270
457
6110
1960
3437
9155
4283
679
9396
5927
1763
2808
1572
5360
3444
3776
4693
2735
1199
2452
2682
3676
2571
7278
2960
2863
1551
3530
535
3723
4895
1209
802
3846
5174
3964
3678
3863
2782
2341
1612
4398
2719
5746
2673
1243
2650
5386
7334
3908
3962
906
6235
880
1734
5191
862
5358
2734
2607
11191
7199
4722
5435
3061
9819
529
7282
2727
3563
2897
546
2672
3359
1670
3339
3436
4795
2883
3064
5902
5311
1773
4974
5163
4302
4424
7449
3133
3007
1606
2491
539
1625
2203
3467
763
1346
2522
1489
1533
1511
2611
1540
2873
580
1209
17812
944
1185
543
2350
8824
5069
1098
5308
4356
5746
829
471
1867
3460
1189
5957
1166
3305
2748
1201
3029
477
2479
2672
5941
1285
666
1376
247
1389
5419
3043
310
4506
3859
363
2372
2226
1298
3593
2668
3448
2835
1991
818
3266
4004
1017
1271
2529
3435
2181
2790
3052
498
1499
2400
715
3501
5375
3760
2349
11021
979
1240
1603
3907
746
4036
2451
1389
929
4103
1009
5429
1150
2775
2773
1110
17050
1014
769
2524
1481
3107
2906
2901
2785
2787
3076
1999
2954
3020
1295
2896
703
4012
910
3606
1665
2019
2661
5300
1525
3076
7562
1644
547
2102
1480
2868
3296
3205
3013
2635
1677
3389
1288
1311
1329
2824
3148
784
2510
1989
2885
490
3155
2875
488
3116
2629
1796
2837
6173
1736
6865
2874
821
3560
2450
4296
2239
321
31689
261
3141
574
3610
2562
3692
4628
2920
3967
2896
3626
817
3122
1159
4821
3032
2604
2343
1731
2837
2009
19314
4972
3193
2407
6787
888
2728
33640
4666
1015
328
7143
1048
3784
4217
625
3206
5792
5503
4181
26970
3668
2600
2724
3393
1936
2698
4655
564
7151
7169
2810
4406
17258
24609
483
1503
7325
2923
448
13016
6793
8883
3747
24513
5117
2274
1115
7929
4041
3627
10876
1499
1150
1217
1040
3545
1237
5441
2402
2718
2176
5680
5133
8152
511
9317
2771
3044
4150
11698
2606
2865
6535
3024
3366
2696
4606
1562
2974
574
10137
3253
4535
1182
3055
16552
3085
2956
3244
795
2677
1090
311
7408
1640
2759
2956
1833
3745
6516
11577
8028
531
351
3338
21815
6746
2741
4632
3073
2882
3421
2208
6945
438
1929
295
4687
10123
6590
6702
468
405
4636
2835
444
338
8052
1940
3772
2562
5798
7433
2784
2784
4061
3191
1561
3013
2431
2748
1552
1906
3208
304
2855
1667
2259
2165
386
2374
1839
6315
3669
658
5132
1420
2436
2903
5817
6073
2853
6407
5643
10436
3794
4537
2876
5774
22624
723
2946
4229
8525
3726
7577
3926
656
1088
2115
2644
2573
5566
2154
2775
5547
2731
2516
612
1236
801
4977
3627
2798
7098
2464
3256
2279
1528
2624
2208
1419
3907
4543
3241
5943
1291
2754
20642
649
9737
2581
3252
3173
5888
4142
5777
9962
5112
6405
539
3239
3486
7167
2945
4102
392
436
1184
392
6993
1240
6702
12817
6159
1766
2447
2277
1658
1869
3395
2988
14150
2243
1689
1035
3118
8795
3969
3996
8359
4712
22101
3376
3388
2544
1032
307
4983
2120
73308
2581
2386
3089
2681
1778
487
2677
5022
2726
2981
4522
4173
1331
5932
3678
3381
539
4506
2500
12160
3603
7230
31126
3582
3038
1110
3573
5151
874
1513
6169
6074
1498
776
7422
6636
918
926
5770
3985
3706
2804
24546
925
3192
4498
2868
4726
4381
3015
1315
3248
2987
755
2774
2554
2882
2337
3211
2826
2650
2780
5493
2521
1550
1993
1553
4828
3323
1004
2705
3940
5458
418
995
5823
3787
3498
1214
4026
13714
1784
3330
1715
5666
932
9964
962
13201
8664
9261
557
4254
2048
3394
1550
4193
3461
2894
2113
4625
2833
6262
1673
1605
447
2839
3487
1226
1264
1486
4915
1748
5772
2953
2604
2467
5217
2360
2074
5911
12218
2022
2588
2855
1010
551
3679
744
1546
536
2548
4646
880
3409
10286
360
4122
4927
2866
11987
1328
5300
1492
1596
9388
2814
429
495
3206
3537
4488
10904
4478
11951
3277
8238
3612
4113
3214
1676
411
2813
4132
3953
3551
2843
5649
3264
75289
4086
5632
2967
5544
2200
809
2557
3981
2903
1395
1841
493
402
6798
3021
3768
4415
21488
1734
2108
5923
7653
384
2508
406
747
7052
3943
1258
2733
1408
2922
862
702
870
1507
1766
1535
3736
6557
2645
5998
3022
2772
2993
2100
1743
1941
4725
5075
3059
3362
657
20875
433
8870
878
6608
7888
6087
2710
44925
639
721
1781
236
471
401
6459
428
5329
2910
2849
4166
4287
2734
706
187
1212
2851
4271
1402
2213
233
3740
2920
10803
2926
1569
8089
10665
5636
5245
8043
1970
4966
1469
4526
2040
4761
3723
7631
4840
6185
2519
5320
4193
3068
3649
4186
3605
4836
4450
1314
1941
1577
930
981
7449
2064
956
1360
6283
1819
1359
1161
1659
5362
1086
5188
7642
939
3791
4058
1516
2600
1542
1458
3901
871
5940
3102
2926
4063
3039
2467
4179
1677
931
1228
6459
5163
3803
3065
6801
4664
1129
1549
958
849
1866
4686
6060
540
578
371
5580
473
1382
364
5383
971
2715
2776
2794
2423
789
4297
5229
983
17419
12597
3897
361
1232
376
1032
3639
2940
2690
10286
2661
1109
399
4101
2705
4307
631
2545
7857
2645
3197
2895
3359
11686
423
2406
310
2529
4025
623
2561
2344
6796
3559
7586
3811
3571
3966
3526
3610
2534
5671
385
518
4981
2348
395
4625
3540
4224
1967
1328
1946
2697
848
2849
658
2551
1275
2543
2540
1084
4837
2422
392
3828
4118
4156
528
755
1681
759
2020
965
517
778
2669
2375
928
1023
576
5763
721
2418
2944
1138
9260
4098
8593
7285
4398
5005
12315
3097
2562
6626
266
3548
2968
1302
4031
3536
5274
3778
1054
749
6561
510
5333
422
1065
405
2896
896
646
7572
748
4526
695
3715
2648
3299
262
3848
525
642
4818
3110
6373
2795
2736
2829
469
428
2808
3383
3689
1827
3010
3844
1985
672
5026
2763
2948
417
4405
1051
472
2749
317
2647
505
338
3401
815
7083
7845
6823
377
456
2629
6558
3206
3485
4951
4117
2606
4344
2881
2580
1833
7997
2845
2450
2463
2609
481
2522
2710
2534
2935
1778
1751
3467
2748
2698
423
2659
4587
2889
668
3824
3048
321
420
2520
1922
772
2248
12354
1525
3499
4338
6273
4118
1492
5927
2480
2029
2474
6130
5273
7261
1793
5364
585
4594
427
380
476
469
939
2838
4608
349
520
430
3397
3146
2567
2718
2474
951
7641
8860
804
2658
7318
1622
591
747
2690
518
2395
2577
3463
533
453
5296
3453
326
8990
1622
593
15578
3664
4119
4092
3046
787
3151
1275
690
1963
1114
2786
4515
4846
13237
1825
11096
6479
4678
5696
665
3595
3998
1317
12782
6994
1139
1742
1320
1209
9653
780
4718
1622
1456
710
877
698
37893
6039
3177
1666
1117
9703
2182
4855
821
1258
3245
2111
1702
1010
1531
598
3865
2357
1624
7802
2941
4358
1144
1333
3630
3829
1925
1543
3722
9590
2133
5109
1211
3371
1089
3757
1866
831
2941
3463
2973
1960
2689
3252
2116
3350
1646
3576
3023
409
353
2732
2059
388
1062
262
346
3675
2581
358
314
2740
320
335
2832
2790
407
1215
3699
4218
352
3098
3016
3899
3859
2762
2854
5365
4093
20310
3613
846
3359
606
899
3523
5096
3429
3171
1247
509
3199
351
2886
273
3776
1732
2820
4548
3671
2982
658
2738
2091
2709
1067
3052
3230
1821
1094
3821
977
441
3546
3909
3257
1804
403
2913
4202
6349
3177
1809
2848
3073
2552
9654
1808
5234
2936
2658
3883
1129
3762
2870
2995
2709
3310
787
687
554
3751
3265
3518
422
554
3151
3611
355
3824
3013
4673
453
2250
2923
3385
350
5098
364
1491
21650
1513
378
3084
1694
458
2625
3734
3321
8819
5253
1036
5844
2839
4016
6304
3368
535
1492
361
2588
573
1055
665
480
2746
8755
1364
3581
2798
2647
7751
3723
2722
646
3478
1521
4121
5042
834
4491
2565
2771
1578
4210
3558
732
8997
2353
2636
3559
3187
3884
2921
4196
1461
4842
1883
3857
2618
4655
347
2987
812
8161
4317
2887
3688
381
2616
4498
3782
3994
2862
2820
850
4428
2841
3592
8333
4635
720
2016
2394
2820
1168
100293
2838
778
3042
3313
2744
396
590
487
1200
3354
1262
635
5871
891
5087
4492
3958
3459
3421
1758
4855
4622
6123
3257
2707
2586
3698
2619
6523
1412
3359
6702
2720
7575
2736
1001
4757
3059
3195
923
753
1036
2569
1244
7501
5914
471
4439
5139
2334
3883
854
3822
774
4224
2789
5653
1471
4433
3338
894
717
594
1106
6959
8726
4800
261
3021
281
3936
35862
5614
1395
425
13993
337
421
994
538
352
6516
23343
6175
4527
5774
948
1642
4635
2620
4828
15877
5237
444
4811
6157
6477
5219
3806
7029
5655
9204
4322
1885
2787
2910
3378
499
4471
3140
3165
1459
6171
11939
5428
7813
3662
5003
4407
554
5741
4597
2478
4868
3593
2604
5121
1588
2932
9487
5473
6927
5108
1944
3765
1585
4831
4985
7145
1668
6624
3893
6258
7145
4858
2439
3834
3719
3004
2310
1238
6373
9103
2770
818
2604
5209
5613
1644
3500
2663
5542
1188
3151
5114
2640
2777
16831
3033
6171
18943
809
638
2975
919
580
4875
7742
5842
599
4502
5963
1391
1098
3625
3100
10973
5101
5154
1003
3353
6224
7915
7682
13440
4712
5358
5335
4669
3963
9548
5861
6653
2844
5603
4082
3034
3671
483
4459
7133
3352
4866
684
6956
5817
6388
747
348
5761
4485
3841
5869
1002
895
904
1425
3284
4724
4456
4116
3752
5416
4688
16301
3580
2580
3373
2573
9422
5721
3414
10511
2420
3835
4211
5571
5327
2610
956
3399
5035
9833
2294
2652
5220
6888
916
2929
1048
1042
934
3527
400
2725
853
2716
583
2460
1545
4701
3864
477
3829
515
3443
10192
298
4269
527
1287
2426
8692
2255
3455
1970
5003
4608
3836
6842
393
1388
484
5492
5705
4554
2080
821
2336
983
327
856
419
3935
4712
1105
896
4221
3977
1902
3701
1419
4447
7243
9767
5708
15501
6041
5234
5770
3189
3607
9657
6423
4507
1422
2400
3837
22554
5067
4216
3702
740
6358
4360
3898
3563
5898
13695
3826
1113
2941
8356
11361
4185
1228
4997
979
5243
619
686
3609
3447
599
2087
611
806
641
565
725
3236
23949
4727
2661
7470
4194
2954
4562
3093
3002
3480
4830
1063
6573
870
4731
2712
2853
2837
16330
3762
2870
6484
3757
2854
2544
707
4688
1011
2822
951
761
6704
7384
7272
5843
9085
4252
5292
5288
5348
5912
2873
653
5422
2865
1552
6882
5546
32783
4879
4418
9313
2087
9719
11686
3304
3737
5581
5057
5006
5094
4175
678
5150
4114
1877
5512
3367
5020
5408
11016
13805
640
369
5031
4614
4312
5157
4899
8305
6623
2696
3580
458
2430
7022
594
4460
4162
2673
2705
5845
3655
1678
8046
3493
5293
9128
4996
988
4571
4222
7440
4727
1115
3946
5282
3443
5017
9245
4348
3687
1404
1243
4397
3762
4477
1015
3090
3449
727
4225
4879
5803
890
2585
3837
514
5554
2909
4458
9554
4092
750
5514
742
7624
5703
687
424
498
4890
6068
6872
3940
3236
4464
11582
3092
3904
3814
3882
3115
711
5028
4648
2726
3088
3046
4522
7785
7226
2643
2801
8247
417
2936
5471
3352
2593
16078
5820
3347
3866
4758
1190
4123
7896
1234
518
2824
1423
1135
443
833
501
7448
4054
4990
6392
3003
2457
5968
1202
5870
4360
446
1843
469
415
455
4411
3024
4739
3026
6214
4631
643
7011
4850
5557
3180
2986
4412
2533
1205
11152
3634
633
1110
3440
4928
5622
2584
391
1187
2914
11901
6673
395
4588
6595
2535
7648
4195
4135
6766
6998
3289
4291
4964
2891
4119
4922
14384
3710
7713
4362
4071
10438
22580
4984
3358
3113
5132
4084
3736
5194
3647
7049
2605
4355
2727
2707
7676
1751
432
449
330
1444
6875
6880
3530
2653
4080
2701
9314
4258
9042
3616
3030
5693
3679
2980
5116
669
914
2917
6239
4703
3407
6788
14517
851
2611
1385
3022
5398
7538
4678
4577
6777
2824
6533
3576
2782
2610
4361
2688
3251
2799
2853
16563
3698
5723
650
2619
5415
12387
3026
592
8040
2817
7014
3186
3350
1583
3804
3232
6462
3663
5754
6167
1099
5992
8124
13121
6078
4700
6127
2931
2399
722
4298
2465
3180
2288
6490
4429
4603
2964
2607
6122
3359
4405
685
3658
5732
2016
4591
3234
3786
3690
4142
3827
3582
5262
6159
3296
2167
4754
4903
4840
6863
3464
3335
5307
4870
4759
1064
4403
2913
3518
6058
5706
596
1075
3489
1705
2522
3366
7466
3445
1837
1439
8831
3300
5572
6390
6907
3925
3675
3652
1374
2518
535
4167
5241
3938
5077
7309
3182
6904
6765
4348
2821
15819
3644
3348
5468
8358
7426
5381
3002
1514
3802
5255
975
3024
5857
975
24523
4810
821
3251
998
4219
7340
1168
1078
3168
3164
2824
4670
19519
3122
3102
10827
8689
529
2925
811
3116
5070
7274
2871
22797
4804
1337
3930
4493
1561
1542
638
1052
2212
3633
5646
13806
5813
2767
8205
5484
446
491
371
11580
2613
2925
7016
893
10282
2693
2730
4011
6202
2727
4305
27110
3477
4199
1240
2766
3690
6441
947
3913
6550
3737
7246
3107
1559
4885
5045
3861
6670
6888
23323
3857
5387
8333
1258
4893
5271
32573
4775
8972
6443
2104
2792
2640
1235
6514
3332
9552
4547
5687
3257
3357
6079
5577
1282
11243
4243
2769
5886
2292
1223
4197
3745
7000
1652
6648
967
5849
4728
2587
4258
689
4001
3804
6570
1682
747
6045
1524
470
4276
3349
5429
8657
2915
6531
3153
3669
4370
6339
6301
2786
1938
3770
3380
1041
13409
1699
4646
3499
61202
1592
2113
8357
6086
4452
5478
4301
2987
6772
1338
678
1592
6850
3556
2057
3836
5913
4498
3742
4505
3847
2405
6781
4853
440
301
2837
2644
3199
5100
1606
7238
4573
23912
6093
1515
6228
3541
1394
11841
6019
1520
6656
5766
3124
5642
3338
765
989
4927
4923
445
4187
3604
3522
6999
2222
4758
7813
3178
7300
6853
3255
8177
5953
1751
904
3192
5086
635
1933
6759
455
1878
2877
2887
980
4227
3859
34620
6219
459
3481
406
6711
959
4061
5591
1492
5928
18893
557
4604
5585
666
3667
2357
8047
4001
3479
5941
1220
9138
3844
5468
3737
5814
1727
919
1764
7267
4109
2150
1912
3838
6957
38655
5301
4500
5023
8852
1929
11969
5392
7230
1774
3869
4334
3480
3307
6564
1443
1337
4511
7634
3589
22234
700
959
2710
9449
6231
1180
2437
974
2966
9269
4606
8373
7135
2231
2361
4297
3874
3983
1667
3112
4803
4349
3006
11470
1159
2244
2861
5555
972
2864
7751
5212
3390
1702
10480
3734
2210
5930
555
3711
12737
4510
4426
14873
615
1166
3878
3618
1443
3149
6359
6940
4465
3271
1531
1003
3175
490
910
1075
2936
1104
4060
2679
3365
1184
5731
3510
3819
5397
2902
5313
1838
7158
6277
2302
650
2775
1429
2846
2494
3813
3060
2860
5341
1273
6393
4686
3290
8680
2615
2634
385
1311
4057
3173
8500
7281
7648
5456
691
2334
600
4006
2590
4327
5422
2779
1127
2925
902
1576
5221
5587
4158
4527
5250
3187
2722
2581
2788
8018
6585
6943
13031
3427
2539
3397
1830
4746
5351
963
3253
3936
4722
6809
5622
11165
4695
5678
1178
48035
632
3056
5231
3017
1564
1619
4316
3209
1276
3247
3867
6231
7496
2750
5948
7071
4688
5388
2745
5588
1143
1680
6563
7816
3710
4818
735
547
7049
3981
4208
3497
3463
5329
5283
6598
521
1360
3529
7044
4747
4721
1838
4160
1498
1408
5151
3598
6558
601
5165
474
2176
3337
2358
6115
3280
3645
6246
7675
4063
4512
1626
1150
1104
4127
2362
4349
8238
4420
2072
3300
7810
10864
5602
1965
2556
2506
2504
498
3723
2120
1583
2112
1217
702
694
1396
3470
5264
5805
562
730
4359
8045
4379
2898
2308
6097
2106
345
10911
3177
2939
6133
8495
3390
5616
1932
9593
2374
531
1195
5857
491
3041
3797
1493
2516
3539
2891
3162
314
9537
3174
4334
6324
2303
4913
952
3114
349
2419
9136
10642
2102
4121
6848
2174
4439
5792
3656
2661
2436
704
2471
3443
1227
551
484
2885
3249
16193
3415
473
3895
3837
2844
1579
2640
3592
2999
3466
1448
826
3401
3690
4120
2433
4500
2346
6518
2180
4830
2615
3563
3617
2318
262
3484
6342
5590
17639
757
4521
4928
3994
3605
257
4740
4064
8533
5049
1653
3698
1911
6195
3844
3356
5608
1451
5143
3623
3873
564
2775
3151
3125
1347
4029
6597
4664
620
2437
9744
2913
4564
5517
3620
3850
6238
4103
2382
2469
619
6399
3891
6957
5801
2689
1390
1297
16426
3279
688
5038
4009
6195
3246
2969
3281
2524
953
6201
4183
3576
3914
4257
1410
3192
2276
3988
5305
1220
1334
4567
4876
626
4077
3890
666
2029
4951
2651
4150
4044
2971
6577
1098
11354
3253
682
3527
10421
4696
1585
2320
4518
3870
5207
6398
15577
1599
418
6569
2819
6265
1366
1563
2778
3600
5038
3802
928
4918
5263
5228
7450
