2.0000000000000004
2.132494512508259
2.264898306040547
2.3972113805968656
2.5294337361772143
2.6615653727815927
2.7936062904100014
2.92555648906244
3.057415968738909
3.1891847294394076
3.3208627711639362
3.4524500939124954
3.583946697685084
3.715352582481703
3.8466677483023517
3.9778921951470307
4.109025923015739
4.240068931908478
4.371021221825249
4.501882792766048
4.632653644730878
4.763333777719737
4.893923191732626
5.024421886769546
5.154829862830495
5.285147119915475
5.415373658024485
5.545509477157525
5.675554577314595
5.805508958495695
5.935372620700825
6.065145563929985
6.194827788183176
6.324419293460396
6.453920079761646
6.583330147086926
6.712649495436237
6.8418781248095755
6.9710160352069455
7.100063226628347
7.229019699073776
7.357885452543236
7.486660487036726
7.615344802554247
7.743938399095796
7.872441276661377
8.000853435250988
8.129174874864628
8.257405595502298
8.385545597163999
8.51359487984973
8.641553443559491
8.769421288293282
8.897198414051102
9.024884820832954
9.152480508638835
9.279985477468745
9.407399727322687
9.534723258200657
9.661956070102658
9.789098163028688
9.91614953697875
10.04311019195284
10.169980127950963
10.296759344973115
10.423447843019295
10.550045622089508
10.676552682183749
10.802969023302019
10.929294645444322
11.055529548610656
11.181673732801018
11.30772719801541
11.433689944253834
11.559561971516287
11.68534327980277
11.811033869113283
11.936633739447826
12.062142890806399
12.187561323189003
12.312889036595635
12.438126031026298
12.563272306480991
12.688327862959714
12.813292700462469
12.938166818989252
13.062950218540065
13.187642899114909
13.312244860713783
13.436756103336688
13.56117662698362
13.685506431654584
13.809745517349578
13.9338938840686
14.057951531811657
14.18191846057874
14.305794670369853
14.429580161184997
14.553274933024172
14.676878985887377
14.80039231977461
14.923814934685874
15.047146830621168
15.170388007580492
15.293538465563849
15.416598204571232
15.539567224602646
15.662445525658091
15.785233107737564
15.90792997084107
16.030536114968605
16.15305154012017
16.275476246295767
16.39781023349539
16.520053501719048
16.64220605096673
16.764267881238446
16.886238992534192
17.008119384853966
17.12990905819777
17.251608012565608
17.373216247957473
17.49473376437337
17.61616056181329
17.737496640277246
17.858741999765233
17.97989664027725
18.100960561813295
18.22193376437337
18.342816247957476
18.46360801256561
18.58430905819778
18.704919384853973
18.8254389925342
18.945867881238453
19.06620605096674
19.186453501719058
19.306610233495405
19.426676246295777
19.546651540120184
19.666536114968615
19.786329970841084
19.906033107737574
20.025645525658103
20.145167224602655
20.26459820457124
20.383938465563855
20.5031880075805
20.622346830621176
20.74141493468588
20.86039231977462
20.97927898588738
21.098074933024176
21.216780161185
21.33539467036986
21.45391846057874
21.57235153181166
21.6906938840686
21.808945517349578
21.927106431654583
22.04517662698362
22.163156103336686
22.28104486071378
22.398842899114907
22.51655021854006
22.63416681898925
22.751692700462463
22.86912786295971
22.986472306480987
23.103726031026294
23.22088903659563
23.337961323188996
23.45494289080639
23.57183373944782
23.68863386911327
23.80534327980276
23.92196197151628
24.038489944253822
24.1549271980154
24.271273732801006
24.387529548610644
24.50369464544431
24.61976902330201
24.735752682183733
24.851645622089492
24.967447843019276
25.083159344973097
25.19878012795094
25.31431019195282
25.42974953697873
25.545098163028666
25.660356070102633
25.77552325820063
25.89059972732266
26.005585477468713
26.120480508638803
26.235284820832916
26.34999841405107
26.464621288293245
26.579153443559452
26.693594879849687
26.807945597163958
26.922205595502255
27.036374874864585
27.150453435250945
27.26444127666133
27.37833839909575
27.492144802554197
27.605860487036676
27.719485452543182
27.833019699073724
27.94646322662829
28.05981603520689
28.173078124809514
28.286249495436177
28.399330147086864
28.512320079761583
28.625219293460333
28.73802778818311
28.85074556392992
28.96337262070076
29.075908958495628
29.188354577314527
29.300709477157458
29.412973658024413
29.525147119915406
29.637229862830424
29.749221886769472
29.861123191732553
29.97293377771966
30.0846536447308
30.19628279276597
30.307821221825172
30.419268931908398
30.530625923015663
30.641892195146948
30.75306774830227
30.86415258248162
30.975146697685
31.08605009391241
31.19686277116385
31.30758472943932
31.41821596873882
31.528756489062353
31.639206290409906
31.749565372781497
31.85983373617712
31.970011380596773
32.080098306040455
32.19009451250816
32.299999999999905
32.40981476851567
32.51953881805548
32.629172148619304
32.738714760207166
32.84816665281906
32.95752782645498
33.06679828111493
33.17597801679891
33.28506703350692
33.39406533123896
33.50297290999504
33.611789769775136
33.720515910579266
33.82915133240743
33.93769603525962
34.04615001913584
34.15451328403609
34.26278582996037
34.37096765690869
34.479058764881025
34.5870591538774
34.6949688238978
34.80278777494223
34.9105160070107
35.01815352010319
35.12570031421971
35.23315638936026
35.340521745524846
35.447796382713456
35.554980300926104
35.66207350016277
35.76907598042347
35.87598774170821
35.98280878401697
36.089539107349765
36.19617871170658
36.30272759708744
36.409185763492324
36.51555321092123
36.62182993937417
36.728015948851144
36.834111239352154
36.94011581087719
37.046029663426246
37.151852796999336
37.257585211596464
37.363226907217616
37.4687778838628
37.574238141532014
37.67960768022526
37.78488649994253
37.89007460068384
37.995171982449165
38.10017864523853
38.205094589051924
38.30991981388935
38.414654319750795
38.519298106636285
38.6238511745458
38.72831352347934
38.83268515343691
38.93696606441852
39.04115625642415
39.14525572945382
39.24926448350752
39.353182518585236
39.45700983468699
39.560746431812774
39.664392309962594
39.76794746913643
39.87141190933431
39.97478563055621
40.07806863280215
40.18126091607211
40.284362480366106
40.38737332568414
40.490293452026194
40.593122859392274
40.695861547782386
40.798509517196536
40.90106676763471
41.003533299096915
41.105909111583145
41.20819420509341
41.31038857962771
41.412492235186036
41.514505171768384
41.61642738937477
41.71825888800519
41.81999966765964
41.92164972833812
42.023209070040615
42.12467769276715
42.22605559651772
42.327342781292316
42.42853924709094
42.52964499391359
42.630660021760285
42.731584330631
42.83241792052574
42.93316079144452
43.033812943387325
43.13437437635417
43.234845090345026
43.33522508535992
43.43551436139885
43.53571291846181
43.635820756548796
43.73583787565981
43.83576427579486
43.935599956953936
44.035344919137046
44.13499916234418
44.234562686575345
44.33403549183054
44.433417578109776
44.53270894541302
44.63190959374031
44.73101952309163
44.83003873346698
44.92896722486636
45.02780499728976
45.1265520507372
45.225208385208674
45.32377400070417
45.42224889722369
45.52063307476725
45.61892653333484
45.71712927292646
45.8152412935421
45.91326259518178
46.01119317784549
46.10903304153323
46.206782186245
46.304440611980795
46.40200831874062
46.499485306524484
46.59687157533237
46.694167125164284
46.791371956020235
46.88848606790022
46.985509460804224
47.08244213473226
47.17928408968433
47.27603532566043
47.37269584266056
47.46926564068471
47.565744719732905
47.66213307980512
47.75843072090137
47.854637643021654
47.95075384616596
48.046779330334296
48.14271409552667
48.23855814174307
48.33431146898349
48.429974077247955
48.52554596653645
48.621027136848966
48.71641758818551
48.811717320546094
48.906926333930706
49.00204462833934
49.097072203772015
49.19200906022871
49.28685519770944
49.3816106162142
49.476275315742996
49.570849296295805
49.66533255787266
49.759725100473545
49.854026924098456
49.94823802874739
50.04235841442036
50.13638808111736
50.230327028838396
50.324175257583455
50.41793276735254
50.51159955814566
50.605175629962815
50.698660982804
50.7920556166692
50.88535953155845
50.978572727471715
51.071695204409025
51.164726962370345
51.25766800135571
51.3505183213651
51.44327792239852
51.535946804455975
51.62852496753745
51.72101241164297
51.813409136772506
51.905715142926084
51.99793043010368
52.090054998305305
52.18208884753098
52.274031977780666
52.365884389054386
52.45764608135214
52.54931705467392
52.640897309019735
52.732386844389566
52.82378566078344
52.915093758201344
53.006311136643276
53.09743779610925
53.18847373659923
53.279418958113254
53.370273460651305
53.46103724421339
53.5517103087995
53.642292654409644
53.73278428104382
53.82318518870202
53.91349537738425
54.003714847090514
54.09384359782081
54.18388162957513
54.27382894235349
54.36368553615586
54.453451410982275
54.543126566832726
54.6327110037072
54.72220472160569
54.81160772052823
54.90092000047479
54.99014156144539
55.07927240344001
55.168312526458664
55.25726193050134
55.34612061556806
55.434888581658804
55.523565828773584
55.61215235691239
55.700648166075204
55.78905325626207
55.877367627472964
55.965591279707894
56.05372421296685
56.141766427249834
56.22971792255685
56.3175786988879
56.40534875624296
56.49302809462206
56.5806167140252
56.668114614452364
56.75552179590356
56.84283825837879
56.930064001878044
57.09183103759592
57.25410203171813
57.41687698424443
57.58015589517478
57.7439387645092
57.90822559224771
58.07301637839027
58.23831112293692
58.404109825887616
58.57041248724239
58.73721910700124
58.90452968516416
59.07234422173112
59.24066271670217
59.409485170077296
59.57881158185647
59.74864195203973
59.918976280627064
60.08981456761846
60.261156813013905
60.43300301681344
60.60535317901705
60.7782072996247
60.951565378636445
61.12542741605225
61.29979341187213
61.474663366096074
61.65003727872409
61.82591514975616
62.002296979192316
62.17918276703254
62.35657251327682
62.534466217925186
62.71286388097761
62.891765502434104
63.07117108229466
63.2510806205593
63.431494117228006
63.61241157230076
63.79383298577761
63.97575835765852
64.15818768794351
64.34112097663254
64.52455822372565
64.70849942922285
64.8929445931241
65.07789371542941
65.2633467961388
65.44930383525227
65.63576483276981
65.82272978869142
66.0101987030171
66.19817157574684
66.38664840688065
66.57562919641853
66.76511394436051
66.95510265070652
67.14559531545662
67.33659193861078
67.528092520169
67.72009706013131
67.91260555849766
68.1056180152681
68.2991344304426
68.49315480402117
68.68767913600382
68.88270742639054
69.07823967518131
69.27427588237614
69.47081604797508
69.66786017197805
69.86540825438512
70.06346029519625
70.26201629441144
70.4610762520307
70.66064016805402
70.86070804248142
71.06127987531289
71.26235566654843
71.46393541618804
71.66601912423171
71.86860679067945
72.07169841553126
72.27529399878713
72.47939354044709
72.68399704051112
72.88910449897921
73.09471591585137
73.3008312911276
73.50745062480789
73.71457391689225
73.9222011673807
74.1303323762732
74.33896754356977
74.54810666927041
74.75774975337512
74.9678967958839
75.17854779679675
75.38970275611366
75.60136167383465
75.84573825475618
76.09125668922607
76.33791697724453
76.58571911881145
76.83466311392698
77.08474896259108
77.33597666480372
77.58834622056486
77.84185762987457
78.09651089273285
78.35230600913971
78.609242979095
78.86732180259895
79.12654247965145
79.38690501025243
79.648409394402
79.91105563210013
80.17484372334681
80.43977366814195
80.70584546648575
80.9730591183781
81.24141462381897
81.51091198280832
81.78155119534631
82.05333226143284
82.32625518106795
82.60031995425149
82.87552658098366
83.1518750612644
83.42936539509367
83.70799758247145
83.98777162339783
84.26868751787276
84.55074526589621
84.83394486746818
85.11828632258877
85.40376963125786
85.69039479347555
85.97816180924173
86.26707067855651
86.5571214014198
86.84831397783168
87.14064840779204
87.43412469130104
87.72874282835852
88.0245028189646
88.32140466311918
88.6194483608223
88.91863391207403
89.21896131687433
89.52043057522309
89.82304168712042
90.12679465256636
90.43168947156082
90.73772614410376
91.04490467019534
91.35322504983546
91.66268728302413
91.97329136976126
92.28503731004704
92.59792510388135
92.91195475126423
93.22712625219555
93.54343960667552
93.86089481470404
94.17949187628108
94.49923079140663
94.82011156008082
95.14213418230352
95.46529865807474
95.78960498739451
96.11505317026291
96.44164320667977
96.76937509664526
97.09824884015921
97.42826443722174
97.75942188783284
98.09172119199252
98.42516234970066
98.75974536095742
99.09547022576271
99.43233694411657
99.77034551601895
100.10949594146985
100.44978822046937
100.79122235301742
101.13379833911398
101.47751617875912
101.82237587195283
102.168377418695
102.5155208189858
102.86380607282513
103.21323318021308
103.56380214114944
103.91551295563443
104.26836562366799
104.62236014525007
104.97749652038067
105.33377474905984
105.69119483128713
106.11881296584602
106.54894040343447
106.98157714405238
107.41672318769952
107.85437853437622
108.29454318408227
108.73721713681766
109.1824003925824
109.63009295137658
110.08029481320034
110.53300597805332
110.98822644593565
111.44595621684743
111.90619529078867
112.36894366775925
112.83420134775918
113.30196833078855
113.77224461684739
114.24503020593556
114.7203250980532
115.19812929320017
115.67844279137637
116.16126559258214
116.64659769681737
117.13443910408193
117.62478981437584
118.11764982769921
118.61301914405192
119.11089776343408
119.61128568584559
120.11418291128655
120.61958943975685
121.1275052712565
121.63793040578571
122.15086484334427
122.66630858393205
123.1842616275494
123.7047239741961
124.22769562387225
124.75317657657774
125.28116683231258
125.81166639107687
126.3446752528705
126.88019341769359
127.41822088554613
127.95875765642802
128.50180373033936
129.04735910727993
129.59542378724996
130.1459977702525
130.95085750037606
131.76810011957105
132.59772562783883
133.4397340251794
134.29412531159187
135.16089948707668
136.04005655163337
136.93159650526286
137.8355193479647
138.7518250797384
139.68051370058447
140.62158521050333
141.57503960949407
142.5408768975576
143.51909707469304
144.50970014090035
145.51268609618091
146.52805494053337
147.55580667395816
148.5959412964553
149.64845880802432
150.71335920866613
151.7906424983803
152.8803086771668
153.98235774502473
155.096789701955
156.22360454795853
157.36280228303394
158.51438290718215
159.6783464204018
160.85469282269423
162.04342211405947
163.2445342944966
164.45802936400605
165.6839073225874
166.92216817024155
168.17281190696804
169.4358385327664
170.71124804763713
171.99904045158064
173.29921574459604
174.61177392668424
175.93671499784432
177.2740389580763
178.6237458073815
179.98583554575862
181.36030817320807
182.74716368973031
184.14640209532354
185.55802339000456
187.05348335385133
188.56412839422228
190.08995851112195
191.63097370454943
193.18717397450382
194.75855932098693
196.34512974399604
197.94688524353296
199.5638258195977
201.19595147218934
202.8432622013097
204.50575800695606
206.18343888912932
207.87630484783313
209.5843558830611
211.3075919948169
213.04601318310233
214.79961944791285
216.5684107892539
218.35238720711914
220.1515487015131
221.96589527243486
223.79542691988354
225.64014364386003
227.50004544436342
229.37513232139463
231.26540427495456
233.17086130503958
235.09150341165423
237.02733059479488
238.97834285446243
240.9445401906596
242.92592260338188
244.92249009263287
246.93424265841168
248.9611803007174
251.00330301955182
253.06061081491134
255.13310368679868
257.22078163521564
259.3236446601577
261.4416927616294
263.57492593962706
265.72334419415074
267.88694752520587
270.0657359327852
272.2597094168923
274.46886797752904
276.69321161469
278.9327403283654
280.84526777491715
282.75956122569596
284.6756206807015
286.5934461399338
288.51303760339306
290.4343950710793
292.35751854299224
294.28240801913194
296.2090634994986
298.137484984092
300.06767247291236
301.9996259659596
303.93334546323365
305.86883096473446
307.8060824704621
309.7450999804166
311.6858834945981
313.6284330130063
315.57274853564127
317.5188300625032
319.46667759359207
321.4162911289077
323.36767066845005
325.32081621221937
327.27572776021543
329.23240531243846
331.1908488688882
333.15105842956496
335.1130339944684
337.07677556359886
339.04228313695603
341.00955671453994
342.97859629635104
344.94940188238866
346.92197347265324
348.8963110671448
350.87241466586283
352.8502842688081
354.82991987598007
356.8113214873788
358.7944891030045
360.7794227228569
362.7661223469363
364.75458797524243
366.7448196077755
368.73681724453536
370.73058088552193
372.7261105307357
374.72340618017597
376.72246783394803
379.7117462660608
382.74155347786655
385.811889469358
388.92275424053514
392.074147791398
395.26607012194654
398.4985212321808
401.771501122108
405.0850097917173
408.4390472410123
411.833613469993
415.26870847866303
418.74433226701876
422.26048483506383
425.81716618279097
429.4143763102038
433.052115217306
436.7303829040975
440.4491793705711
444.20850461673035
448.00835864257897
451.8487414481133
455.72965303333694
459.6510933982463
463.613062542805
473.5019677935925
483.88420238764957
494.7597663249762
506.12865960551426
517.990882229351
530.3464341964864
543.1953155068622
556.5375261605077
570.3730661573645
584.7019354975491
599.5241341810033
614.839662207698
630.6485195776622
646.9507062908087
663.7462223473121
681.035067747056
698.8172424900986
717.0927465763816
735.861580005876
755.1237427786691
774.8792348947609
795.1280563540931
815.870207156695
837.1056873025082
858.834496792173
897.6174375957344
938.1676155864261
980.4850307643646
1024.56968312955
1070.421572681982
1118.040699421661
1167.4270633483538
1218.5806644622935
1271.5015027635964
1326.1895782520296
1382.6448909273604
1440.8674407900544
1500.857227840228
1562.6142520772992
1626.1385135017335
1691.4300121134147
1758.4887479122262
1827.3147208981682
1897.9079310714733
1970.2683784317924
2044.3960629791254
2120.290984713938
2197.9531436359975
2277.3825397451874
2358.5791730470955
2859.6262240335345
3394.6007568612695
3963.5027715303004
4566.332268040627
5203.089246386662
5873.773706579581
6578.385648611933
7316.925072487444
8089.391978202388
8895.786365756765
9736.108235150576
10610.357586389408
11518.534419469535
12460.63873439096
13436.670531149954
14446.629809752107
15490.516570197418
16568.330812482163
17680.072536610067
18825.74174257368
20005.33843038231
21218.86260003224
22466.314251523465
23747.693384855986
