42.0
52.06393788474813
62.10490176298481
72.12289163471006
82.11790749992387
92.08994935862626
102.03901721081718
111.96511105649668
121.86823089566474
131.74837672832135
141.60554855446654
151.43974637410028
161.25097018722258
171.03921999383343
180.80449579393283
190.54679758752084
200.26612537459738
209.9624791551625
219.63585892921617
229.28626469675842
238.91369645778926
248.51815421230862
258.09963796031656
267.65814770181305
277.1936834367981
286.70624516527175
296.1958328872339
305.66244660268467
315.106086311624
324.52675201405185
333.9244437099683
343.29916139937325
352.6509050822668
361.9796747586489
371.28547042851955
380.5682920918788
389.8281397487266
399.06501339906293
408.2789130428879
417.46983868020135
426.6377903110034
435.78276793529403
444.90477155307315
454.0038011643409
463.07985676909726
472.1329383673421
481.1630459590755
490.17017954429747
499.154339123008
508.1155246952071
517.0537362608948
525.968973820071
534.8612373727358
543.7305269188892
552.576842458531
561.4001839916615
570.2005515182806
578.9779450383882
587.7323645519843
596.463810059069
605.1722815596423
613.8577790537042
622.5203025412545
631.1598520222935
639.776427496821
648.370028964837
656.9406564263417
665.4883098813349
674.0129893298166
682.5146947717869
690.9934262072458
699.4491836361932
707.881967058629
716.2917764745536
724.6786118839666
733.0424732868682
741.3833606832585
749.7012740731373
757.9962134565046
766.2681788333606
774.5171702037051
782.7431875675381
790.9462309248597
799.1263002756697
807.2833956199685
815.4175169577558
823.5286642890316
831.616837613796
839.682036932049
847.7242622437905
855.7435135490206
863.7397908477392
871.7130941399464
879.6634234256422
887.5907787048264
895.4951599774994
903.3765672436608
911.2350005033109
919.0704597564494
926.8829450030765
934.6724562431923
942.4389934767966
950.1825567038893
957.9031459244708
965.6007611385406
973.2754023460993
980.9270695471463
988.555762741682
996.1614819297062
1003.7442271112191
1011.3039982862202
1018.84079545471
1026.3546186166886
1033.8454677721556
1041.3133429211111
1048.7582440635551
1056.180171199488
1063.579124328909
1070.955103451819
1078.3081085682174
1085.6381396781044
1092.9451967814798
1100.2292798783442
1107.4903889686966
1114.7285240525378
1121.9436851298676
1129.1358722006858
1136.3050852649928
1143.4513243227882
1150.5745893740723
1157.6748804188446
1164.752197457106
1171.8065404888555
1178.837909514094
1185.8463045328208
1192.8317255450359
1199.79417255074
1206.7336455499324
1213.6501445426136
1220.543669528783
1227.4142205084413
1234.261797481588
1241.0864004482235
1247.8880294083474
1254.6666843619598
1261.4223653090608
1268.1550722496502
1274.8648051837285
1281.551564111295
1288.2153490323503
1294.856159946894
1301.4739968549266
1308.0688597564474
1314.640748651457
1321.189663539955
1327.7156044219419
1334.218571297417
1340.6985641663805
1347.155583028833
1353.5896278847736
1360.000698734203
1366.388795577121
1372.7539184135278
1379.0960672434228
1385.4152420668065
1391.7114428836787
1397.9846696940397
1404.2349224978889
1410.4622012952268
1416.6665060860532
1422.8478368703682
1429.006193648172
1435.1415764194642
1441.2539851842448
1447.3434199425142
1453.409880694272
1459.4533674395184
1465.4738801782535
1471.471418910477
1477.445983636189
1483.3975743553897
1489.326191068079
1495.2318337742568
1501.114502473923
1506.9741971670783
1512.8109178537215
1518.6246645338538
1524.415437207474
1530.1832358745835
1535.9280605351812
1541.6499111892676
1547.3487878368423
1553.0246904779056
1558.6776191124577
1564.3075737404981
1569.9145543620275
1575.498560977045
1581.0595935855513
1586.597652187546
1592.1127367830295
1597.6048473720011
1603.0739839544617
1608.5201465304108
1613.9433350998484
1619.3435496627744
1624.7207902191894
1630.0750567690925
1635.4063493124843
1640.714667849365
1646.000012379734
1651.262382903591
1656.5017794209375
1661.7182019317722
1666.911650436095
1672.082124933907
1677.2296254252074
1682.3541519099965
1687.4557043882737
1692.5342828600396
1697.5898873252945
1702.6225177840379
1707.6321742362693
1712.6188566819897
1717.5825651211985
1722.5232995538956
1727.4410599800817
1732.3358463997563
1737.2076588129194
1742.056497219571
1746.8823616197112
1751.6852520133402
1756.4651684004575
1761.2221107810633
1765.9560791551576
1770.6670735227408
1775.3550938838125
1780.0201402383723
1784.6622125864212
1789.2813109279587
1793.8774352629841
1798.4505855914986
1803.0007619135017
1807.5279642289934
1812.032192537973
1816.513446840442
1820.9717271363993
1825.407033425845
1829.819365708779
1834.2087239852021
1838.5751082551137
1842.9185185185133
1847.2389547754021
1851.5364170257794
1855.8109052696452
1860.062419506999
1864.290959737842
1868.4965259621736
1872.6791181799936
1876.838736391302
1880.9753805960995
1885.0890507943845
1889.179746986159
1893.247469171422
1897.2922173501734
1901.3139915224128
1905.3127916881415
1909.2886178473586
1913.2414700000638
1917.171348146258
1921.0782522859408
1924.9621824191122
1928.8231385457718
1932.6611206659204
1936.4761287795573
1940.268162886683
1944.037222987297
1947.7833090813997
1951.5064211689908
1955.2065592500703
1958.8837233246386
1962.5379133926956
1966.169129454241
1969.7773715092749
1973.3626395577976
1976.9249335998088
1980.4642536353088
1983.9805996642967
1987.4739716867734
1990.944369702739
1994.3917937121928
1997.8162437151352
2001.2177197115666
2004.5962217014862
2007.951749684894
2011.284303661791
2014.5938836321766
2017.8804895960504
2021.1441215534123
2024.3847795042636
2027.6024634486034
2030.797173386431
2033.9689093177478
2037.1176712425533
2040.2434591608471
2043.3462730726292
2046.4261129779004
2049.48297887666
2052.516870768908
2055.5277886546446
2058.5157325338696
2061.4807024065835
2064.4226982727855
2067.3417201324764
2070.2377679856563
2073.1108418323242
2075.9609416724807
2078.7880675061256
2081.5922193332594
2084.373397153882
2087.131600967992
2089.8668307755916
2092.57908657668
2095.2683683712557
2097.934676159321
2100.578009940875
2103.1983697159176
2105.7957554844475
2108.3701672464667
2110.921605001975
2113.4500687509717
2115.955558493456
2118.4380742294297
2120.897615958892
2123.3341836818427
2125.747777398282
2128.1383971082096
2130.5060428116262
2132.850714508531
2135.1724121989246
2137.4711358828063
2139.7468855601774
2141.999661231036
2144.229462895384
2146.4362905532207
2148.620144204545
2150.7810238493585
2152.9189294876605
2155.033861119451
2157.12581874473
2159.1948023634977
2161.2408119757542
2163.2638475814992
2165.2639091807323
2167.2409967734543
2169.195110359665
2171.1262499393633
2173.0344155125513
2174.9196070792277
2176.7818246393927
2178.621068193045
2180.437337740187
2182.2306332808175
2184.000954814937
2185.748302342544
2187.4726758636402
2189.174075378225
2190.852500886298
2192.5079523878603
2194.14042988291
2195.7499333714495
2197.3364628534764
2198.9000183289927
2200.4405997979975
2201.958207260491
2203.4528407164717
2204.9245001659424
2206.3731856089016
2207.7988970453484
2207.9616300721536
2209.2016344752847
2209.3617214366136
2210.5813978987094
2210.7388387945616
2211.270705403308
2211.9381873156226
2212.0929821459977
2213.272002726024
2213.4241514909236
2214.582844129914
2214.594513028374
2214.732346829337
2215.8707115272928
2216.017568161239
2217.1356049181604
2217.27981548663
2217.9330529473436
2218.377524302516
2218.5190888055095
2219.5964696803608
2219.7353881178774
2220.7924410516935
2220.928713423734
2221.286325160217
2221.965438416515
2222.099064723079
2223.1154617748252
2223.246442015913
2224.242511126624
2224.370845302235
2224.6543296669943
2225.346586471912
2225.4722745820454
2226.427687810687
2226.550729855345
2227.4858151429517
2227.6062111221327
2228.037066467676
2228.5209684687043
2228.638718382409
2229.5331477879463
2229.648251636174
2230.522353100676
2230.634810883428
2231.4345355622618
2231.488584406895
2231.59839612417
2232.4318417066024
2232.539007358401
2233.3521249997984
2233.45664458612
2234.249434286482
2234.351307807328
2234.8467369507507
2235.123769566655
2235.2229970220237
2235.9751308403165
2236.0717122302085
2236.8035181074665
2236.8974534318827
2237.608931368105
2237.700220627045
2238.273670633144
2238.3913706222324
2238.4800138156957
2239.1508358698484
2239.236832997835
2239.8873271109524
2239.970678173462
2240.6008443455453
2240.6815493425784
2241.291387573626
2241.369446505183
2241.7153366094412
2241.958956795196
2242.034369661277
2242.603552010255
2242.6763188108594
2243.2251732188024
2243.29529395393
2243.8238204208383
2243.8912950904887
2244.3994936163617
2244.4643222205364
2244.9521928053746
2245.0143753440725
2245.1717348796424
2245.4819179878755
2245.541454461097
2245.988669163866
2246.0455595716103
2246.472446333344
2246.5266906756133
2246.9332494963114
2246.9848477731034
2247.3710786527668
2247.4200308640825
2247.785933802711
2247.83223994855
2248.1778149461443
2248.2214750265057
2248.5467220830647
2248.5877360979503
2248.6428654437477
2248.8926552134744
2248.931023162884
2249.215614337373
2249.2513362213067
2249.5155994547604
2249.5486752732168
2249.7926105656356
2249.8230403186158
2250.04664767
2250.0744313575033
2250.2777107678526
2250.302848389879
2250.485799859194
2250.5082914157433
2250.670914944023
2250.6907604350968
2250.8330560223417
2250.8502554479387
2250.9722230941484
2250.9867764542696
2251.088416159444
2251.1003234540885
2251.181635218228
2251.190896447396
2251.251880270501
2251.2584954341914
2251.299151316262
2251.303120414476
2251.323448355511
2251.3247713882492
2252.1287283017573
2255.6293234536706
2259.1446508994877
2262.6747106392086
2266.219502672834
2269.7790270003634
2273.3532836217964
2276.9422725371332
2280.5459937463747
2284.1644472495195
2287.797633046569
2291.4455511375213
2295.1082015223783
2298.7855842011395
2302.477699173804
2306.184546440373
2309.9061260008457
2313.6424378552224
2317.3934820035033
2321.1592584456876
2324.939767181776
2328.735008211769
2332.5449815356656
2336.3696871534657
2340.2091250651706
2344.063295270779
2347.932197770291
2351.8158325637078
2355.7141996510277
2359.6272990322527
2363.55513070738
2367.4976946764127
2371.454990939349
2375.427019496189
2379.413780346933
2383.4152734915815
2387.4314989301333
2391.462456662589
2395.508146688949
2399.5685690092128
2403.643723623381
2407.733610531453
2411.8382297334288
2415.9575812293087
2420.091665019092
2424.2404811027795
2428.4040294803713
2432.5823101518667
2436.7753231172665
2440.9830683765704
2445.2055459297776
2449.442755776889
2453.6946979179047
2457.9613723528237
2462.242779081647
2466.5389181043743
2470.8497894210054
2475.1753930315413
2479.5157289359804
2483.8707971343233
2488.240597626571
2492.625130412722
2497.0243954927764
2501.4383928667357
2505.8671225345984
2510.3105844963657
2514.7687787520367
2519.2417053016115
2523.72936414509
2528.231755282473
2532.7488787137595
2537.2807344389507
2541.8273224580453
2546.3886427710436
2550.964695377947
2555.5554802787533
2560.1609974734633
2564.781246962078
2569.4162287445965
2574.065942821019
2578.7303891913452
2583.4095678555755
2588.10347881371
2592.8121220657486
2597.5354976116905
2602.273605451537
2607.026445585287
2611.7940180129513
2616.486005153273
2621.190936120544
2625.9088109147633
2630.6396295359314
2635.3833919840486
2640.1400982591144
2644.909748361129
2649.6923422900927
2654.4878800460046
2659.2963616288657
2664.1177870386755
2668.952156275434
2673.7994693391415
2678.659726229798
2683.5329269474028
2688.419071491957
2693.318159863459
2698.2301920619107
2703.155168087311
2708.0930879396597
2713.0439516189576
2718.0077591252043
2722.984510458399
2727.9742056185432
2732.9768446056364
2737.9924274196774
2743.0209540606684
2748.062424528607
2753.1168388234955
2758.1841969453326
2763.2644988941183
2768.3577446698528
2773.463934272536
2778.5830677021677
2783.715144958748
2788.8601660422773
2794.018130952756
2799.1890396901836
2804.3728922545597
2809.5696886458845
2814.779428864158
2820.0021129093802
2825.237740781551
2830.4863124806716
2835.74782800674
2841.022287359757
2846.3096905397233
2851.6100375466385
2856.9233283805024
2862.249563041315
2867.588741529077
2872.940863843787
2878.305929985446
2883.6839399540536
2889.0748937496105
2894.478791372115
2899.89563282157
2905.325418097973
2910.768147201324
2916.223820131625
2921.6924368888745
2927.173997473073
2932.6685018842195
2938.1759501223155
2943.69634218736
2949.229678079353
2954.775957798295
2960.3351813441864
2965.9073487170253
2971.492459916814
2977.0905149435516
2982.701513797237
2988.325456477872
2993.962342985456
2999.6121733199884
3005.2749474814696
3010.9506654699
3016.639327285279
3022.3409329276055
3028.0554823968823
3033.782975693108
3039.523412816281
3045.276793766404
3051.043118543476
3056.822387147496
3062.614599578465
3068.419755836383
3074.23785592125
3080.068899833065
3085.9128875718293
3091.7698191375425
3097.639694530204
3103.522513749815
3109.4182767963744
3115.326983669882
3121.248634370339
3127.1832288977453
3133.1307672520998
3139.091249433403
3145.064675441732
3152.623398672211
3160.2262014404387
3167.8730837464136
3175.5640455901303
3183.2990869715977
3191.0782078908105
3198.901408347767
3206.768688342472
3214.6800478749265
3222.6354869451243
3230.6350055530675
3238.678603698758
3246.766281382197
3254.898038603382
3263.07387536231
3271.2937916589854
3279.5577874934097
3287.8658628655758
3296.2180177754926
3304.6142522231567
3313.054566208566
3321.538959731719
3330.067432792619
3338.63998539127
3347.2566175276643
3355.9173292018004
3364.6221204136873
3373.370991163325
3382.1639414507044
3391.0009712758274
3399.8820806386993
3408.807269539322
3417.7765379776847
3426.7898859537963
3435.847313467655
3444.948820519263
3454.0944071086105
3463.284073235707
3472.517818900551
3481.795644103142
3491.1175488434783
3500.483533121562
3509.8935969373906
3519.347740290963
3528.845963182288
3538.3882656113565
3547.974647578172
3557.6051090827295
3567.2796501250377
3576.998270704844
3587.883608614982
3598.8570510743375
3609.918598082895
3621.06824964067
3632.306005747654
3643.631866403848
3655.045831609259
3666.5479013638724
3678.1380756677027
3689.8163545207353
3701.582737922985
3713.4372258744406
3725.3798183751132
3737.4105154249955
3749.529317024091
3761.736223172389
3774.0312338699005
3786.414349116625
3798.8855689125558
3811.4448932577034
3824.0923221520643
3836.8278555956313
3849.651493588408
3862.5632361303906
3875.56308322159
3888.651034862003
3901.827091051622
3915.0912517904544
3928.4435170785
3941.883886915748
3955.4123613022057
3969.028940237884
3982.733623722772
3996.526411756862
4010.407304340173
4024.37630147269
4038.4334031544204
4052.5786093853494
4066.8119201655027
4081.1333354948656
4095.542855373431
4110.040479801217
4124.6262087782125
4139.300042304418
4154.061980379818
4168.912023004446
4183.850170178284
4198.876421901332
4213.990778173586
4229.19323899482
4248.456545216148
4267.963749745555
4287.7148525830125
4307.70985372852
4327.948753182063
4348.4315509437
4369.158247013402
4390.128841391153
4411.34333407697
4432.801725070851
4454.504014372767
4476.450201982778
4498.640287900824
4521.074272126949
4543.752154661081
4566.6739355033205
4589.839614653625
4613.249192111965
4636.902667878385
4660.800041952854
4684.941314335389
4709.326485025973
4733.9555540246365
4758.828521331321
4783.945386946085
4809.306150868928
4834.910813099821
4860.759373638764
4886.851832485787
4913.1881896408595
4939.768445103997
4966.592598875184
4993.660650954436
5020.972601341724
5048.528450037076
5076.328197040522
5104.371842352019
5132.65938597155
5161.190827899176
5189.966168134852
5218.985406678577
5248.248543530368
5277.755578690194
5307.506512158099
5337.501343934069
5367.740074018104
5398.2227024101885
5428.949229110338
5459.919654118552
5491.133977435471
5523.117862444546
5555.366260012059
5587.879170138025
5620.656592822415
5653.698528065273
5687.004975866526
5720.575936226262
5754.411409144421
5788.511394621033
5822.875892656084
5857.504903249588
5892.398426401531
5927.556462111883
5962.979010380703
5998.666071207961
6034.617644593673
6070.833730537808
6107.314329040411
6144.05944010141
6181.06906372089
6218.343199898794
6255.881848635152
6293.685009929963
6331.752683783212
6370.084870194885
6408.681569164983
6447.542780693548
6486.668504780566
6526.058741426008
6565.713490629903
6605.632752392252
6645.816526712995
6686.264813592221
6726.977613029871
6767.954925025973
6809.196749580529
6850.703086693524
6892.473936364942
6934.509298594785
6976.809173383095
7019.373560729859
7062.202460635046
7105.295873098687
7148.65379812078
7192.276235701283
7236.16318584024
7280.314648537649
7324.730623793497
7369.411111607784
7414.356111981673
7476.147416315856
7538.853499538032
7602.474361648085
7667.010002646071
7732.460422532109
7798.8256213061395
7866.1055989681045
7934.300355518062
8003.4098909560125
8073.434205281897
8144.373298495775
8216.22717059747
8288.995821587334
8362.679251465073
8437.277460230864
8512.79044788453
8589.218214426248
8666.5607598559
8744.818084173545
8823.990187379124
8904.07706947258
8985.078730454086
9066.995170323644
9149.826389081136
9233.572386726271
9339.024243034888
9446.990192060126
9557.470233802684
9670.46436826163
9785.97259543743
9903.994915330317
10024.531327939825
10147.581833266187
10273.146431309404
10401.225122069474
10531.817905546399
10664.924781739945
10800.545750650344
10938.680812277598
11079.329966621706
11222.493213682901
11368.170553460717
11516.361985955387
11667.067511166912
11820.287129095523
11976.020839740057
12134.268643102143
12295.03053918085
12458.306527976412
12624.096609489061
12857.46849140292
13098.359674316365
13346.770158230327
13602.69994314434
13866.14902905887
14137.117415973451
14415.605103888549
14701.612092803698
14995.138382719364
15296.18397363415
15604.748865549918
15920.833058466204
16244.43655238254
16575.559347298928
16914.201443215832
17260.362840132788
17614.04353805026
17975.243536966853
18343.962836884428
18720.201437802054
19103.959339720197
19495.236542638857
19894.033046557568
20300.34885147633
20714.183957464993
22924.237808190286
25279.403224878013
27779.68020748347
30425.068755991757
33215.56887040287
36151.18055071682
39231.903796963394
42457.7386091277
45828.684987179935
49344.7429311648
53005.912441022694
56812.19351682812
60763.586158536375
64860.09036616236
69101.70613970608
73488.43347912282
78020.27238447219
82697.2228557542
87519.28489293903
92486.4584960416
97598.74366500229
102856.14039992541
108258.64870075136
113806.26856749505
