17.999999999999996
18.8371390094066
19.673176102400387
20.508111278981364
21.34194453914953
22.174675882904882
23.006305310247424
23.83683282117715
24.666258415694067
25.494582093798172
26.321803855489463
27.14792370076794
27.972941629633606
28.796857642086458
29.6196717381265
30.441383917753733
31.261994180968145
32.08150252776975
32.89990895815854
33.71721347213452
34.533416069697694
35.34851675084805
36.16251551558559
36.97541236391032
37.78720729582224
38.59790031132135
39.40749141040764
40.21598059308111
41.02336785934179
41.829653209189644
42.63483664262469
43.438918159646924
44.24189776025634
45.04377544445295
45.84455121223675
46.64422506360773
47.442796998565896
48.24026701711126
49.036635119243805
49.83190130496354
50.626065574270456
51.41912792716457
52.21108836364587
53.00194688371435
53.79170348737003
54.58035817461288
55.36791094544293
56.15436179986017
56.93971073786459
57.72395775945621
58.507102864635
59.289146053400984
60.07008732575417
60.84992668169453
61.62866412122207
62.40629964433681
63.182833251038744
63.958264941327855
64.73259471520416
65.50582257266764
66.27794851371831
67.04897253835618
67.81889464658124
68.58771483839347
69.3554331137929
70.12204947277952
70.88756391535331
71.65197644151431
72.41528705126248
73.17749574459785
73.93860252152041
74.69860738203015
75.45751032612706
76.21531135381119
76.97201046508249
77.72760765994099
78.48210293838666
79.23549630041953
79.98778774603959
80.73897727524684
81.48906488804126
82.23805058442288
82.9859343643917
83.73271622794768
84.47839617509085
85.22297420582123
85.9664503201388
86.70882451804356
87.45009679953549
88.19026716461462
88.92933561328094
89.66730214553442
90.40416676137512
91.13992946080299
91.87459024381806
92.60814911042031
93.34060606060976
94.07196109438638
94.80221421175021
95.5313654127012
96.2594146972394
96.98636206536477
97.71220751707733
98.4369510523771
99.16059267126404
99.88313237373816
100.6045701597995
101.32490602944799
102.04413998268369
102.76227201950655
103.47930213991663
104.19523034391388
104.91005663149832
105.62378100266996
106.33640345742879
107.0479239957748
107.75834261770798
108.46765932322836
109.17587411233593
109.88298698503068
110.58899794131263
111.29390698118176
111.99771410463809
112.7004193116816
113.4020226023123
114.10252397653018
114.80192343433524
115.5002209757275
116.19741660070694
116.89351030927358
117.58850210142741
118.28239197716842
118.97517993649662
119.66686597941201
120.35745010591458
121.04693231600433
121.73531260968127
122.42259098694541
123.10876744779674
123.79384199223526
124.47781462026094
125.16068533187384
125.84245412707392
126.52312100586119
127.20268596823561
127.88114901419726
128.55851014374608
129.23476935688208
129.90992665360528
130.58398203391567
131.25693549781326
131.92878704529804
132.59953667636998
133.2691843910291
133.93773018927544
134.60517407110896
135.27151603652968
135.93675608553755
136.6008942181326
137.2639304343149
137.92586473408434
138.58669711744096
139.2464275843848
139.9050561349158
140.562582769034
141.2190074867394
141.87433028803198
142.52855117291176
143.18167014137873
143.83368719343287
144.48460232907416
145.13441554830268
145.7831268511184
146.4307362375213
147.07724370751137
147.72264926108863
148.36695289825312
149.01015461900477
149.65225442334358
150.2932523112696
150.9331482827828
151.5719423378832
152.20963447657078
152.84622469884553
153.4817130047075
154.11609939415663
154.749383867193
155.3815664238165
156.0126470640272
156.6426257878251
157.2715025952102
157.89927748618246
158.5259504607419
159.15152151888856
159.7759906606224
160.39935788594343
161.02162319485166
161.64278658734705
162.26284806342963
162.8818076230994
163.49966526635637
164.11642099320048
164.73207480363183
165.34662669765035
165.96007667525606
166.57242473644897
167.18367088122903
167.79381510959632
168.40285742155078
169.01079781709245
169.6176362962213
170.2233728589373
170.82800750524052
171.4315402351309
172.03397104860852
172.6352999456733
173.23552692632526
173.8346519905644
174.43267513839075
175.02959636980424
175.62541568480498
176.22013308339288
176.81374856556795
177.40626213133024
177.99767378067972
178.58798351361636
179.1771913301402
179.76529723025124
180.35230121394946
180.93820328123485
181.52300343210743
182.10670166656723
182.6892979846142
183.27079238624836
183.85118487146968
184.43047544027823
185.00866409267394
185.5857508286568
186.1617356482269
186.7366185513842
187.31039953812868
187.88307860846032
188.45465576237916
189.02513099988522
189.59450432097842
190.16277572565883
190.72994521392644
191.29601278578122
191.86097844122318
192.42484218025234
192.9876040028687
193.54926390907224
194.10982189886295
194.66927797224085
195.22763212920594
195.7848843697582
196.34103469389768
196.89608310162436
197.4500295929382
198.00287416783922
198.55461682632745
199.10525756840286
199.65479639406547
200.20323330331524
200.7505682961522
201.2968013725764
201.84193253258775
202.38596177618626
202.928889103372
203.4707145141449
204.01143800850502
204.5510595864523
205.08957924798676
205.6269969931084
206.16331282181727
206.6985267341133
207.23263872999652
207.76564880946694
208.29755697252455
208.82836321916932
209.3580675494013
209.88666996322047
210.41417046062682
210.94056904162036
211.4658657062011
211.99006045436903
212.51315328612412
213.0351442014664
213.5560332003959
214.07582028291256
214.59450544901637
215.11208869870742
215.62857003198565
216.14394944885106
216.65822694930367
217.17140253334347
217.68347620097046
218.19444795218462
218.70431778698597
219.2130857053745
219.72075170735025
220.22731579291317
220.73277796206327
221.23713821480055
221.74039655112506
222.24255297103673
222.74360747453557
223.24356006162162
223.74241073229484
224.24015948655529
224.7368063244029
225.23235124583766
225.72679425085965
226.22013533946884
226.7123745116652
227.20351176744873
227.6935471068195
228.18248052977734
228.67031203632246
229.15704162645474
229.64266930017425
230.1271950574809
230.61061889837475
231.0929408228558
231.57416083092406
232.05427892257947
232.53329509782208
233.01120935665188
233.48802169906887
233.96373212507305
234.43834063466443
234.91184722784297
235.3842519046087
235.85555466496163
236.32575550890175
236.79485443642903
237.2628514475435
237.7297465422452
238.19553972053407
238.66023098241007
239.12382032787332
239.58630775692376
240.04769326956136
240.50797686578613
240.96715854559815
241.42523830899734
241.88221615598368
242.33809208655725
242.79286610071796
243.2465381984659
243.69910837980103
244.15057664472334
244.60094299323282
245.05020742532952
245.49836994101338
245.9454305402844
246.39138922314265
246.8362459895881
247.2800008396207
247.7226537732405
248.1642047904475
248.6046538912417
249.04400107562304
249.4822463435916
249.91938969514734
250.3554311302903
250.79037064902042
251.2242082513377
251.6569439372422
252.08857770673382
252.5191095598127
252.94853949647876
253.376867516732
253.80409362057244
254.23021780800008
254.65524007901485
255.07916043361686
255.50197887180605
255.92369539358242
256.34430999894596
256.7638226878967
257.18223346043465
257.5995423165598
258.0157492562721
258.4308542795716
258.8448573864583
259.25775857693213
259.6695578509932
260.08025520864146
260.48985064987687
260.8983441746995
261.30573578310936
261.7120254751063
262.1172132506905
262.5212991098619
262.92428305262047
263.3261650789662
263.72694518889915
264.12662338241927
264.52519965952655
264.92267402022105
265.3190464645028
265.7143169923716
266.1084856038277
266.5015522988709
266.8935170775013
267.284379939719
267.6741408855238
268.0627999149158
268.45035702789494
268.8368122244613
269.2221655046149
269.60641686835567
269.9895663156836
270.37161384659873
270.75255946110104
271.1324031591906
271.5111449408672
271.8887848061311
272.2653227549822
272.64075878742045
273.01509290344586
273.3883251030585
273.76045538625834
274.13148375304536
274.50141020341954
274.87023473738094
275.2379573549295
275.60457805606524
275.9700968407882
276.3345137090983
276.69782866099564
277.06004169648014
277.42115281555186
277.7811620182107
278.1400693044568
278.4978746742901
278.8545781277105
279.2101796647181
279.56467928531293
279.9180769894949
280.27037277726413
280.6215666486205
280.97165860356404
281.3206486420948
281.6685367642127
282.01532296991786
282.3610072592102
282.70558963208975
283.0490700885564
283.3914486286103
283.7327252522514
284.0728999594796
284.4119727502951
284.7499436246977
285.08681258268757
285.4225796242646
285.75724474942876
286.09080795818016
286.42326925051873
286.75462862644446
287.08488608595746
287.4140416290576
287.7420952557449
288.0690469660194
288.39489675988114
288.71964463733
289.04329059836607
289.36583464298934
289.6872767711998
290.00761698299743
290.32685527838225
290.64499165735424
290.96202611991345
291.2779586660599
291.59278929579347
291.90651800911417
292.2191448060221
292.53066968651723
292.84109265059953
293.15041369826906
293.45863282952575
293.7657500443697
294.07176534280075
294.37667872481904
294.6804901904245
294.98319973961713
295.2848073723969
295.585313088764
295.8847168887182
296.1830187722596
296.4802187393882
296.7763167901039
297.07131292440687
297.365207142297
297.6579994437743
297.94968982883887
298.2402782974906
298.5297648497295
298.8181494855555
299.1054322049698
299.82359343016617
300.54409481402695
301.26693635655215
301.99211805774183
302.71963991759594
303.44950193611453
304.1817041132975
304.916246449145
305.65312894365684
306.3923515968332
307.13391440867395
307.8778173791792
308.62406050834886
309.37264379618296
310.1235672426816
310.87683084784453
311.632434611672
312.3903785341639
313.15066261532024
313.91328685514105
314.67825125362634
315.445555810776
316.21520052659014
316.9871854010687
317.76151043421174
318.5381756260192
319.3171809764911
320.0985264856275
320.8822121534283
321.66823797989355
322.4566039650232
323.2473101088174
324.040356411276
324.835742872399
325.63346949218646
326.43353627063834
327.23594320775476
328.04069030353554
328.84777755798086
329.65720497109055
330.46897254286466
331.28308027330326
332.09952816240633
332.9183162101738
333.73944441660575
334.5629127817021
335.38872130546304
336.21686998788823
337.04735882897796
337.8801878287321
338.7153569871507
339.5528663042338
340.39271577998124
341.2349054143932
342.0794352074696
342.9263051592105
343.7755152696157
344.62706553868543
345.4809559664196
346.33718655281825
347.1957572978813
348.0566682016088
348.9199192640007
349.7855104850571
350.6534418647781
351.5237134031633
352.396325100213
353.27127695592714
354.14856897030586
355.02820114334895
355.91017347505647
356.7944859654284
357.6811386144648
358.5701314221657
359.46146438853094
360.3551375135607
361.25115079725487
362.1495042396136
363.0501978406366
363.95323160032416
364.8586055186761
365.76631959569255
366.6763738313734
367.5887682257187
368.50350277872843
369.42057749040265
370.33999236074135
371.26174738974447
372.18584257741196
373.11227792374393
374.0410534287404
374.97216909240126
375.90562491472656
376.84142089571634
377.7795570353706
378.72003333368923
379.6628497906723
380.6080064063198
381.55550318063183
382.5053401136125
383.46287373650995
384.4228535879977
385.3852796680757
386.3501519767441
387.3174705140028
388.2872352798518
389.2594462742912
390.2341034973208
391.2112069489408
392.19075662915105
393.1727525379517
394.1571946753426
395.1440830413239
396.1334176358954
397.1251984590573
398.11942551080944
399.11609879115196
400.1152183000848
401.1167840376079
402.12079600372135
403.12725419842513
404.1361586217193
405.1475092736036
406.1613061540784
407.1775492631435
408.19623860079884
409.21737416704457
410.24095596188045
411.2669839853068
412.2954582373235
413.3263787179305
414.3597454271277
415.39555836491525
416.4338175312932
417.47452292626144
418.51767454981996
419.5632724019688
420.611316482708
421.6618067920375
422.71474332995723
423.77012609646744
424.8279550915679
425.8882303152587
426.95095176753966
428.0161194484111
429.08373335787286
430.15379349592496
431.2262998625673
432.3012524577999
433.37865128162287
434.45849633403617
435.5407876150399
436.6255251246338
437.71270886281803
438.8023388295926
439.8944150249576
440.9889374489127
442.0859061014582
443.1853209825942
444.28718209232034
445.3914894306367
446.49824299754357
447.60744279304066
448.7190888171281
449.83318106980585
450.9497195510739
452.06870426093235
453.190135199381
454.31401236642
455.44033576204936
456.5691053862691
457.700321239079
458.8339833204794
459.97009163046994
461.1086461690508
462.2496469362222
463.39309393198357
464.53898715633557
465.6873266092777
466.83811229081016
467.99134420093304
469.1470223396461
470.30514670694964
471.4657173028434
472.62873412732756
473.794197180402
474.9621064620667
476.13246197232166
477.30526371116713
478.48051167860285
479.6582058746289
480.83834629924513
482.0209329524518
483.2059658342488
484.39344494463614
485.58337028361376
486.7757418511816
487.9705596473398
489.1678236720884
490.36753392542164
491.473624309069
492.5802586223308
493.68743686520713
494.7951590376978
495.90342513980295
497.01223517152255
498.12158913285657
499.231487023805
500.3419288443679
501.4529145945453
502.5644442743371
503.67651788374326
504.78913542276393
505.90229689139903
507.01600228964867
508.1302516175126
509.245044874991
510.3603820620838
511.4762631787912
512.5926882251129
513.7096572010491
514.8271701065996
515.9452269417648
517.0638277065443
518.1829724009383
519.3026610249466
520.4228935785695
521.5436700618068
522.6649904746585
523.7868548171245
524.9092630892053
526.0322152909002
527.1557114222097
528.2797514831336
529.4043354736721
530.5294633938247
531.655135243592
532.7813510229737
533.9081107319698
535.0354143705804
536.1632619388054
537.2916534366448
538.4205888640987
539.550068221167
540.6800915078497
541.810658724147
542.9417698700586
544.0734249455846
545.2056239507252
546.3383668854765
547.5952037733734
548.8574296898475
550.125044634897
551.3980486085229
552.6764416107253
553.9602236415044
555.2493947008593
556.5439547887906
557.843903905298
559.1492420503826
560.4599692240427
561.776085426279
563.097590657092
564.4244849164813
565.7567682044466
567.0944405209887
568.4375018661067
569.7859522398014
571.1397916420722
572.4990200729189
573.8636375323424
575.2336440203426
576.6090395369183
577.9898240820708
579.3759976557992
580.7675602581044
582.1645118889858
583.5668525484432
584.9745822364769
586.3877009530875
587.8062086982738
589.2301054720367
590.6593912743758
592.0940661052914
593.5341299647832
594.9795828528511
596.4304247694954
597.8866557147167
599.3482756885135
600.8152846908865
602.2876827218363
603.7654697813625
605.2486458694648
606.7372109861433
608.231165131398
609.7305083052297
611.235240507637
612.7453617386207
614.2608719981808
615.781771286303
617.46037881868
619.1503486822089
620.8516808768895
622.5643754027215
624.2884322597038
626.0238514478383
627.7706329671246
629.5287768175617
631.2982829991502
633.0791515118904
634.8713823557819
636.6749755308247
638.4899310370183
640.3162488743651
642.1539290428623
644.0029715425107
645.8633763733101
647.7351435352616
649.6182730283645
651.5127648526186
653.4186190080236
655.3358354945804
657.2644143122889
659.2043554611482
661.1556589411593
663.1183247523213
665.0923528946355
667.077743368101
669.0744961727173
671.082611308485
673.1020887754048
675.1329285734755
677.175130702698
679.2286951630708
681.2936219545959
683.3699110772727
685.4575625311004
687.5565763160794
689.6669524322101
691.7886908794922
693.9217916579255
696.0662547675097
698.2220802082461
700.3892679801338
702.5678180831728
704.7577305173627
706.9590052827048
709.1716423791981
711.3956418068428
713.6310035656843
716.2576730486053
718.9106046820125
721.5897984658986
724.2952544002746
727.0269724851278
729.7849527204689
732.5691951062927
735.3796996426008
738.2164663293934
741.0794951666685
743.968786154428
746.8843392926683
749.8261545813966
752.7942320206057
755.7885716102992
758.8091733504771
761.8560372411393
764.9291632822842
768.0285514739116
771.1542018160253
774.3061143086197
777.4842889517022
780.6887257452636
783.919424689313
787.1763857838414
790.4596090288578
793.769094424355
797.1048419703384
800.4668516668044
803.8551235137529
807.2696575111877
810.7104536591032
814.177511957505
817.6708324063875
821.1904150057562
824.7362597556075
828.3083666559451
831.9067357067615
835.5313669080679
839.182260259855
842.8594157621228
846.5628334148805
850.2925132181153
854.0484551718382
857.8306592760418
861.6391255307335
865.4738539359023
869.3348444915628
873.222097197704
877.1356120544078
882.7021216668727
888.3586868653219
894.1053076497483
899.941984020159
905.8687159765832
911.8855035189699
917.9923466473483
924.1892453617183
930.47619966208
936.8532095484188
943.3202750207565
949.8773960790859
956.5245727233923
963.2618049536832
970.0890927699584
977.0064361722398
984.013835160491
991.1112897347339
998.2987998949684
1005.5763656411946
1012.9439869733978
1020.4016638915928
1027.949396395772
1035.5871844859503
1043.315028162382
1054.4974086764269
1066.0286510266887
1077.9087552130804
1090.137721235631
1102.7155490942823
1115.6422387890925
1128.9177903199743
1142.5422036870732
1156.515478890302
1170.8376159296604
1185.5086148051487
1200.5284755167959
1215.8971980645147
1231.6147824484506
1247.6812286684872
1264.0965367246827
1280.860706617008
1297.9737383454049
1315.435631910048
1333.2463873107918
1351.4060045476654
1369.9144836206688
1388.7718245298602
1407.978027275094
1427.5330918552354
1457.8896163910977
1489.3990487720002
1522.0613889982342
1555.8766370696248
1590.844792986405
1626.9658567481674
1664.2398283552611
1702.6667078075698
1742.2464951052098
1782.9791902479483
1824.8647932359017
1867.903304069303
1912.0947227476863
1957.439049271401
2003.9362836403307
2051.5864258545917
2100.3894759138348
2150.3454338185256
2201.454299568315
2253.716073163552
2307.1307546037715
2361.698343889322
2417.4188410200877
2474.2922459960682
2532.3185587972403
4451.523813769221
6514.960902258754
8722.629824310541
11074.530579954386
13570.663169115782
16211.027591839433
18995.62384815514
21924.4519380033
24997.51186142862
28214.803618386388
31576.327208906412
35082.082633018494
38732.06989064813
42526.288981854916
46464.73990663886
50547.42266495526
54774.33725683391
59145.48368228972
63660.86194127798
68320.4720338285
73124.31395995617
78072.3877196312
83164.69331288338
88401.23073966801
