165
136
961
324
356
82
132
212
18
289
156
150
2069
1
203
368
1
1
186
150
1
101
608
726
177
156
176
168
96
111
300
58
196
116
84
177
117
190
111
156
2
167
537
3
112
1588
1
492
101
1
169
221
762
217
2394
112
254
425
148
14982
90
541
227
512
357
75
679
775
187
147
2014
65
388
33
207
86
49
326
22
162
494
192
334
1
264
299
209
5
92
1
196
125
97
274
4
121
391
135
68
330
66
124
263
840
222
761
176
1
496
285
165
562
112
4
106
299
106
112
5
180
122
161
339
1447
4
191
206
76
229
142
140
60
155
454
413
74
43
318
55
84
158
101
126
66
23
229
163
6
156
414
1
102
190
156
479
507
6
136
110
1357
126
118
76
1129
140
220
38
1
72
3369
1037
182
189
128
613
349
210
198
147
1120
166
164
172
1
31
293
135
217
146
176
248
145
217
183
231
139
588
592
1056
240
69
6
35
4
232
490
3
200
145
5
55
187
156
93
1219
5
352
23
288
5
178
1
177
291
2412
687
316
84
240
83
210
136
320
237
382
166
77
14
140
265
4
134
7
129
200
179
36
148
130
1
216
43
363
156
590
164
156
663
141
202
110
306
176
194
1
54
2754
681
1
115
103
458
122
10
4
115
95
130
15
7
458
285
149
188
146
7
1
951
646
711
4
156
73
3
113
161
4
96
102
145
147
216
51
70
59
41
141
2622
127
380
104
8
222
215
9
5
69
2783
203
14
1372
410
183
9
66
114
25
1
575
70
5
158
63
96
1
360
144
81
109
6
91
6
256
17
4
14
44
463
5
5
34
63
469
1730
14
72
312
1
75
169
159
91
103
360
149
154
203
257
71
62
96
157
124
1
159
112
29
175
107
84
135
306
1
372
349
154
97
107
24
530
187
19
5300
1220
177
407
325
155
112
77
2932
5300
1322
169
309
234
70
162
195
118
1
6
116
117
101
14
74
23
1202
9
383
578
158
305
3378
451
403
3
53
186
30
56
4
15
81
7
435
49
470
172
210
126
271
10
4045
4
390
301
139
34
94
136
568
1
1
2
76
31
122
284
94
77
3
223
344
191
120
150
249
181
124
158
5
150
56
134
4
23
436
68
6
313
4
23
369
64
7
5
50
74
145
162
4
104
99
135
143
153
88
145
12
20
73
223
21
214
227
117
168
98
3004
14
122
50
230
159
100
15
51
63
7
19
19
360
230
132
5
22
266
1143
16
119
150
44
126
84
14
69
66
66
1
124
113
268
166
19
4
95
60
11
49
7
40
377
155
100
165
137
93
4
81
25
7
79
5
85
206
127
177
667
14
93
658
239
446
81
14
6
14
8
10
150
5
56
62
79
68
8
13
968
179
76
292
10
84
212
35
132
88
112
190
283
94
734
91
12050
70
2176
217
4
174
8
63
345
122
218
109
4
23
149
21
330
357
107
3
383
269
163
125
47
6
47
350
190
180
190
80
258
332
171
3
128
94
3
425
263
19
15
480
57
3
79
9
16
123
108
428
197
162
187
81
52
137
262
200
117
173
102
20
15601
11
206
127
17
121
269
3
1
19
5
170
227
149
5
125
170
4
133
14
123
448
67
417
538
191
262
13
4
62
91
9
67
94
5
257
274
98
5
223
127
122
36
180
22
272
217
157
104
97
55
443
866
58
22
184
118
280
351
93
133
663
13
112
277
150
200
240
222
201
194
707
252
327
5
5
55
141
190
86
309
15
11
263
1
234
285
113
13
204
3
266
22
79
4
223
12
1
2004
364
5
3
4
241
189
132
71
185
99
92
201
51
188
2
241
427
110
8
333
187
1282
15
7
391
182
4
373
526
6
308
89
6
422
28
2
78
627
101
470
642
119
301
17
8
78
278
76
271
43
119
5
323
92
52
88
125
196
189
55
158
4
119
86
47
311
5
98
1
238
8
175
10
192
131
98
5
10
325
278
471
7
7
139
264
179
179
27
474
104
11
269
390
23
4
249
8
17
5
59
3
113
519
6
109
32
7
230
1
11
701
37
34
249
237
125
186
69
254
69
402
262
2
4
89
182
182
54
1251
177
12
1
285
5
374
131
160
878
9
173
48
88
3
3
35
25
3
5
173
324
242
6
162
248
163
78
358
3
5
64
4
4
36
503
96
2013
127
19
264
669
65
91
213
97
218
55
21
28
6
297
528
86
6
127
65
28
68
63
311
43
10
2
44
2
52
219
141
3
187
267
20
98
175
345
12
219
130
339
216
1
152
187
159
4
160
101
32
9
348
6
8
701
172
347
291
366
164
6
7
110
310
320
32
1
351
303
345
51
92
176
1
315
1
8
410
181
187
168
6
175
428
415
1
399
1
6
181
181
4
429
7
466
285
248
1
148
249
466
27
98
179
285
377
11
404
10
48
25
570
9
289
226
462
35
128
98
168
17
414
1521
167
190
98
219
123
144
1593
274
552
124
150
9
4
555
301
618
234
2
618
8
53
5
187
78
3
137
217
15
140
169
181
167
104
112
159
188
748
99
182
2624
211
1479
6
230
18
140
119
173
112
112
2511
40
10
274
117
81
144
201
117
171
5
1909
6
5
264
81
590
309
139
101
248
14
66
3
364
315
10
374
108
5
368
250
434
251
201
153
5
1
84
483
13
7
200
162
230
6
230
192
186
199
8
122
5
276
5
3
225
26
78
207
797
314
336
409
5
285
130
141
330
130
100
5
185
122
201
184
273
4
126
6
200
150
3
19
5
4
132
38
108
4
1
14
3
16
233
4
83
72
323
233
284
242
173
4
166
327
820
253
115
212
138
225
184
137
216
218
156
29
196
206
156
194
9
101
229
248
8
134
170
307
221
3
3
188
119
166
5
18
80
231
283
113
271
110
171
431
108
119
120
3
101
797
97
101
37
72
162
146
8
65
91
229
64
3
156
186
143
236
148
80
4
233
87
232
92
295
84
38
188
3
3
148
8
4
28
4
3
7
4
111
4
57
417
124
30
171
2112
1978
226
1
155
212
1819
99
161
63
455
335
55
29
2
952
304
57
5
160
1
75
238
148
109
21
3
5
6
363
99
9
1081
156
181
292
119
23
528
1490
203
2199
16
110
1276
19
2199
75
5
85
142
4
6
132
124
256
122
5
133
33
2229
48
41
29
68
4
57
132
498
47
3
50
171
192
26
2
58
140
295
110
18
18
2
47
3
125
164
138
131
26
151
25
478
6
4
284
59
70
2
6
139
3
3
104
109
799
3
8
8851
101
201
5
2
111
105
9
107
449
243
39
451
135
6
6143
1076
343
5
1
143
187
249
12
3
9
319
143
333
25
162
107
83
9
137
8
99
359
298
132
28
384
10
140
1
4
76
310
16
4
426
130
100
170
46
8
4
33
614
7
4
97
168
170
3
191
1889
35
170
4
171
179
4
85
1025
143
170
167
5
149
269
282
5
177
81
7
324
66
168
367
237
3
155
225
5
147
4
3
904
7
367
159
4
95
6
10
4
77
1
286
1934
6
74
255
40
3
111
3
158
373
25
6
373
402
64
956
160
1885
213
199
124
148
59
149
11
7
4
161
1759
119
6
3
212
18
4
579
3
17
4
5
287
477
322
138
177
10
125
288
3
273
102
120
5
1838
6
111
136
9
161
4
6
1
203
1
191
142
6
295
322
4
9
6
259
137
52
11
150
195
63
10
61
420
573
7
43
690
8
176
73
3
7
459
164
300
395
19
5
231
706
187
842
6
500
35
2
291
7
482
3
4
439
343
1560
1039
6
182
161
738
70
8
5
16
9
41
3
7
2416
771
281
213
141
4
270
271
78
5
251
115
1215
85
228
274
511
428
401
524
6
16
2
762
370
252
143
87
143
4
10
115
1609
67
167
2196
2
15
104
59
3
86
6
12
77
172
11
341
11
192
152
95
442
13
233
287
6
249
269
26
3
173
165
312
186
300
183
123
344
34
144
288
6
1
190
13
189
306
1181
2
365
494
494
274
59
223
498
243
219
462
218
112
121
276
323
285
395
158
263
147
182
354
1
420
13625
134
191
272
99
153
1392
280
187
720
699
257
302
6
285
184
207
113
147
369
16
9120
725
62
6
531
163
197
1485
293
189
4
2509
231
667
1333
172
211
5154
167
368
614
2057
233
287
2316
222
201
129
68
166
537
287
236
250
286
593
106
122
197
147
210
48
366
346
217
162
159
116
179
247
4
163
150
3
132
2261
164
360
132
360
217
1
126
5
319
3
145
140
2574
317
164
169
21
301
117
161
19
167
242
242
304
191
769
666
1263
236
200
121
129
231
112
327
116
151
227
8
151
548
249
229
118
548
69
249
351
648
414
216
316
81
269
310
111
442
618
1275
306
53
280
112
213
290
51
275
122
5
209
2
67402
619
164
2700
510
249
653
184
1257
439
155
653
255
190
178
11
215
218
440
186
86
704
195
557
572
171
524
588
517
442
278
542
121
202
232
13
505
176
236
145
98
242
154
49
420
220
144
235
141
135
124
148
148
273
137
268
296
193
161
469
202
202
155
170
171
200
84
264
156
174
93
214
175
91
299
95
64
300
296
196
296
2
3
225
2
75
162
75
135
2
1055
5
2
210
489
406
198
57
266
157
50
155
78
163
163
100
3
58
3
178
14
127
19
58
66
103
127
15
29
99
103
422
2
16
353
78
123
64
123
78
49
112
8
320
71
31
4
104
114
109
203
69
123
764
64
69
114
63
83
110
89
62
97
83
73
12
285
114
120
7
1
78
115
3
68
142
266
138
59
98
98
205
5
117
126
313
8
189
230
210
143
56
103
103
101
130
19
31
97
31
97
11
114
147
11
114
55
126
111
173
356
90
90
181
262
403
68
1
189
11
114
299
62
3
101
188
159
45
302
98
704
6
2
101
707
142
139
913
272
68
178
112
117
162
188
530
69
125
213
1
177
57
14
226
201
92
164
13993
139
155
332
203
95
228
145
282
273
133
244
11
174
272
204
319
119
192
190
679
139
1030
785
257
204
257
189
266
194
180
1
230
198
214
325
123
331
199
266
136
283
453
183
183
191
490
97
898
153
148
172
321
366
8
624
148
127
459
170
98
213
199
172
479
170
499
162
202
146
514
130
183
191
158
220
12
3
279
161
279
171
189
350
1516
221
405
219
607
205
397
147
181
184
189
34
240
156
206
2
159
3
444
333
125
187
428
189
621
116
426
1
1
150
158
97
1
103
135
1085
287
98
251
248
203
277
56
295
196
200
64
58
595
1
66
527
56
262
46
132
221
1
201
426
192
376
335
206
426
245
237
163
357
59
102
126
207
56
149
5491
114
42
422
460
1
13
151
44
24
103
91
7
46
7
118
281
42
5
10
7
10
14
125
11
19
228
11
209
182
208
5491
828
144
141
174
561
149
5491
426
319
213
247
509
169
989
603
114
147
151
174
150
163
537
186
11
115
271
171
69
125
216
163
16
305
142
196
116
152
129
614
168
149
2677
22
107
364
18
246
16
199
197
6146
91
17
6146
167
507
187
403
205
91
108
231
26
18
65
100
4
365
191
104
173
19
12
152
163
131
75
101
345
1019
202
4
64
173
35
325
146
171
173
134
770
94
1421
102
167
23
74
197
222
324
193
178
176
153
208
261
238
217
49
175
201
232
46
333
179
179
182
487
102
14
304
542
305
492
111
105
256
558
112
524
393
368
40
282
369
484
298
186
146
145
212
187
549
139
285
168
45
167
5382
437
270
514
211
605
704
526
208
409
392
115
184
140
2
69
82
297
475
1257
80
110
6
112
613
159
194
201
194
195
126
212
106
187
161
171
90
171
124
128
125
260
145
125
96
106
233
121
122
282
33
119
74
153
14384
212
173
112
225
152
155
392
334
244
9
9
233
103
76
49
270
401
154
149
256
2
1
257
16986
274
125
227
37
37
134
230
26
561
35
150
823
97
147
7625
18
8
208
1071
23
23
235
1
119
3
304
151
184
279
112
130
279
138
502
15
112
680
455
167
143
154
100
111
124
136
100
269
155
193
228
1
13
236
338
186
666
95
89
51
101
158
333
175
94
94
104
223
52
333
159
444
129
333
822
400
5352
18
71
54
197
176
145
145
8
250
21
21
39
364
446
133
117
154
3
126
158
253
25
102
511
170
82
145
252
789
215
102
162
421
159
252
159
306
85
17
767
54
488
129
141
185
492
776
171
118
182
69
154
5
175
706
142
14
124
3
81
3
31
195
160
152
280
175
3
338
492
661
28
140
198
53
24
304
192
261
253
84
88
211
15
66
688
192
209
20
1
200
84
136
484
179
17
100
42
211
3
182
193
576
11222
248
196
181
124
189
201
18
212
532
297
345
417
76
395
239
3
218
209
430
31
341
2
182
188
162
136
283
1
322
155
120
127
169
54
125
182
320
135
178
626
21
246
395
1
241
149
10
170
93
209
137
34
259
224
204
191
93
128
225
35
118
168
198
220
274
79
21
29
10
178
347
138
2657
209
119
9
227
43
98
648
23
636
13
208
62
507
200
100
7
41
29
25
290
7
595
49
400
11
171
131
91
509
486
162
677
286
15
668
6
227
662
5
682
12
804
276
102
359
92
89
249
350
116
511
169
7
512
165
153
339
14
405
61
77
70
522
458
18
120
125
115
107
251
286
258
119
16
34
142
253
20
252
7
155
733
174
200
205
1
8
164
27
1134
520
2
272
23
69
254
292
176
312
34
228
81
225
115
206
105
263
7
35
188
185
249
13
117
58
27
9
22
5311
249
5311
227
252
40
9
118
334
291
197
224
9
59
93
93
153
35
290
35
11
323
198
153
198
270
31
915
168
9
200
286
350
5
168
9
209
153
214
254
26
19
240
19
28
201
139
9
1
318
280
11
181
294
158
23
136
8
300
298
218
965
104
190
373
199
239
7
218
10355
192
110
3
160
104
106
168
189
40
110
106
152
214
1
798
208
127
71
154
32
131
1217
132
164
233
1135
154
113
3
3
129
109
296
467
206
179
124
427
235
161
545
1
18
248
358
168
155
219
193
82
293
185
471
259
607
44
43
381
4
192
39
122
1
1
148
1
11
664
664
301
195
117
1521
109
130
148
94
176
172
18
2730
128
290
107
10
1
263
562
96
435
933
151
1
918
918
193
188
1
508
215
156
148
9017
1237
960
73
126
290
4
1573
149
209
115
1041
155
131
8
139
168
176
773
271
4
191
19
75
2
836
117
17
181
159
152
162
538
116
59
190
174
242
113
23
121
173
115
115
176
19
78
8
8
357
411
89
505
7
1
124
349
235
1
137
200
1098
145
264
196
6
220
109
136
154
9
173
204
2819
30
120
309
1886
147
3
9
449
1008
106
315
153
36
106
291
15
129
29
184
224
101
338
93
34
225
7
3
7
369
3
302
691
3
55
9
58
34
7
1
61
120
7
99
255
