1896
2238
1842
929
2532
1281
2493
932
1228
1898
2778
2495
2025
2394
1555
2199
1433
1379
3017
3446
1882
8281
2411
2153
8332
3302
8691
22867
5700
3159
635
6503
2474
1058
14477
1770
12486
1907
1431
1957
4474
2175
2335
4601
1298
1228
1601
3966
5690
17989
49726
963
892
4036
1797
1271
1403
1737
1222
1773
752
1311
1338
1440
2216
1803
2538
1396
1320
1555
1378
2152
945
4458
2607
527
405
2723
5882
1431
1213
1181
590
1329
1435
1487
1538
455
1149
957
29322
4513
18588
7998
3650
2407
7083
3476
10149
580
716
274
259
10154
5589
3759
3293
1809
3115
3112
2060
2983
3312
2171
17749
9103
3584
2956
2588
3783
4496
1665
1977
5736
1335
3573
2064
1557
8864
2464
2126
1725
1130
1296
10329
2642
3522
2758
3503
538
3072
3551
2428
9025
2182
4191
2275
2594
4624
3807
5212
724
1370
5857
431
569
534
19354
6599
2873
4644
1483
8304
4267
1954
4176
2425
1759
4267
2466
5593
1515
2437
1523
1630
1602
2061
2087
1975
2648
1084
1285
999
2058
2225
4652
1316
1327
1156
4300
3973
1162
1734
1897
3168
1202
2097
2018
1633
2233
1008
1690
1326
1323
706
1335
1459
1436
1613
1830
1140
1011
1343
1680
1706
1459
1404
1422
10844
1940
1660
3739
2146
1319
7317
1405
1715
2253
4675
1374
570
520
1437
3820
1004
697
1164
4543
3202
9660
16285
4437
10559
12435
1583
4674
1566
2011
1900
1104
6402
5052
1539
1179
5570
3631
8418
3319
3655
2058
2129
1604
1236
1741
21541
1201
2301
2032
1783
1672
7942
5012
1947
1337
2934
1971
2736
1531
1275
3602
2652
1084
402
1308
2003
1251
1091
359
1166
1656
3028
540
2099
375
342
449
2624
2127
1605
2694
1472
1556
1356
1705
1929
2096
3114
3004
2400
1325
1598
1202
1195
258
1463
2344
1824
1896
1618
2395
2663
3047
1551
3172
1705
3848
3848
3688
1666
1663
2339
2913
2751
2767
2150
3125
2942
7606
3038
4813
10646
2668
2356
2617
1880
10671
2834
11688
9220
20195
12007
5123
4062
4704
4892
3946
4611
6766
2572
3422
1156
5064
7684
14311
3527
3376
3830
1922
14670
5695
3692
14504
3935
12921
2675
2953
2963
3626
2806
1136
8278
2221
3664
4388
5926
46103
3630
2164
1998
1916
1664
2288
6476
2302
893
1221
1037
3080
622
2899
3991
3508
2709
3018
2622
3834
2854
2181
2681
4193
2805
2507
3705
4749
2422
3585
3817
2632
8980
3660
4852
1355
751
3283
3676
1374
1715
9663
1274
930
1438
20360
4035
1652
3168
1968
882
3329
379
950
454
4104
1651
3063
3227
2022
2972
1611
11877
5260
4407
1852
4946
2317
2005
2548
1789
2465
2254
5245
1493
1145
2278
1283
1029
1233
5373
1399
4495
1872
1129
3952
94312
3094
2367
3704
1728
3854
1559
2654
2602
8662
3625
9353
4110
2424
3928
1823
5677
1639
2922
2305
2317
4437
3588
1546
2141
5229
1867
1516
2957
1960
745
2244
2247
2545
2420
3376
2271
2482
1362
1122
1889
1062
3390
3389
2433
2996
3954
2332
909
3142
2634
2084
2264
2502
7575
1904
1963
1955
3448
2396
2806
3036
1511
2150
2315
22311
2181
1570
1836
2047
1811
1417
1354
2508
1208
5270
1287
1280
1334
2292
1875
1733
1796
1711
2094
2723
2818
1728
2404
2463
1713
2117
1384
1907
1339
1406
1607
1747
2159
1946
2710
4528
2061
1083
3351
1153
3026
1987
2211
2356
2068
2540
3806
1285
2471
26880
2197
26582
1696
2310
4313
2273
1845
4176
2296
2245
1706
1007
2814
2214
21796
2186
9400
1542
1899
2500
1643
1699
1039
1251
3501
2009
1256
5890
1795
21783
1494
18852
1613
4452
1393
2031
1989
2056
3661
3787
1337
3131
1727
890
3079
5788
3761
1580
3923
2077
2499
9138
1515
6812
1641
1441
3897
720
2119
2257
949
1773
1101
3027
6394
1287
1055
1161
3452
10832
2172
4137
2231
1988
1213
1837
3044
4364
1838
2805
2684
1032
1218
1039
1369
1328
1434
2251
1797
14478
2957
8693
2144
4101
7185
3196
1381
1707
796
1267
1680
5870
4367
2135
2400
12958
3098
1647
826
12085
3163
