11
270
37
2715
201
5595
127
1977
139
35
138
6
205
5
39
230
1839
119
159
1928
12
68
13
67
41
55
5143
79
1596
1630
10
300
929
46
22
4
30
49
1785
20
1858
2271
69
353
6
143
184
45
656
107
110
991
991
159
1450
793
7133
30
37
6
25
223
100
373
68
4
1778
100
22
2630
10
163
322
3
6
107
3
196
322
235
138
5
7
134
5
2159
112
1040
6
7
8
6
13
9
42
1355
182
13
10
14
31
3040
233
125
188
408
197
14
164
142
49
1654
220
60
6
449
449
6
1541
59
3
2604
2622
8
58
4
164
2066
469
3
3595
3089
136
129
7
226
3382
1823
3
85
4735
2801
482
1721
115
116
4
10
177
547
9
1573
233
7
1874
15
2341
80
273
8
14
8
12
10
15
11
398
2104
128
7
8163
1601
1195
126
2454
15
1825
1826
71
222
23
243
171
6
115
8
145
185
460
86
2374
223
225
304
2390
3285
2024
1601
110
144
252
229
192
6
125
1309
2004
1309
1727
78
114
42
6
2035
1833
15
1807
2740
1614
1747
1468
184
79
3169
2594
2359
7
119
6
208
838
130
