451.99999999999994
463.7461172389265
475.466831603974
487.1621430951426
498.8320517124322
510.47655745584285
522.0956603253745
533.6893603210272
545.2576574428008
556.8005516906956
568.3180430647113
579.810131564848
591.2768171911058
602.7180999434846
614.1339798219844
625.5244568266053
636.8895309573472
648.2292022142101
659.5434705971941
670.8323361062991
682.0957987415251
693.3338585028721
704.5465153903401
715.7337694039292
726.8956205436392
738.0320688094703
749.1431142014225
760.2287567194955
771.2889963636898
782.323833134005
793.3332670304412
804.3172980529984
815.2759262016766
826.2091514764759
837.116973877396
847.9993934044373
858.8564100575998
869.6880238368831
880.4942347422875
891.2750427738129
902.0304479314593
912.7604502152267
923.4650496251152
934.1442461611247
944.7980398232551
955.4264306115067
966.0294185258792
976.6070035663729
987.1591857329875
997.6859650257229
1008.1873414445797
1018.6633149895574
1029.1138856606563
1039.5390534578758
1049.9388183812166
1060.3131804306784
1070.6621396062612
1080.985695907965
1091.2838493357897
1101.5565998897357
1111.8039475698026
1122.0258923759907
1132.2224343082996
1142.3935733667297
1152.5393095512807
1162.6596428619528
1172.754573298746
1182.8241008616599
1192.8682255506951
1202.8869473658513
1212.8802663071283
1222.8481823745267
1232.7906955680457
1242.7078058876862
1252.5995133334472
1262.4658179053297
1272.306719603333
1282.1222184274573
1291.9123143777026
1301.677007454069
1311.4162976565565
1321.130184985165
1330.8186694398944
1340.4817510207447
1350.1194297277164
1359.731705560809
1369.3185785200224
1378.880048605357
1388.4161158168126
1397.926780154389
1407.412041618087
1416.8719002079054
1426.306355923845
1435.715408765906
1445.0990587340875
1454.4573058283902
1463.7901500488142
1473.097591395359
1482.3796298680247
1491.6362654668117
1500.8674981917195
1510.0733280427482
1519.2537550198983
1528.408779123169
1537.538400352561
1546.6426187080742
1555.7214341897081
1564.774846797463
1573.8028565313393
1582.8054633913362
1591.7826673774543
1600.7344684896934
1609.6608667280536
1618.5618620925347
1627.4374545831367
1636.28764419986
1645.1124309427043
1653.9118148116695
1662.6857958067558
1671.4343739279632
1680.1575491752915
1688.8553215487407
1697.5276910483112
1706.1746576740024
1714.7962214258148
1723.3923823037485
1731.9631403078029
1740.5084954379781
1749.028447694275
1757.5229970766923
1765.992143585231
1774.4358872198904
1782.854227980671
1791.2471658675727
1799.6147008805954
1807.956833019739
1816.2735622850037
1824.5648886763895
1832.8308121938962
1841.0713328375239
1849.2864506072729
1857.4761655031425
1865.6404775251335
1873.7793866732454
1881.892892947478
1889.9809963478322
1898.043696874307
1906.080994526903
1914.09288930562
1922.079381210458
1930.0404702414169
1937.976156398497
1945.886439681698
1953.77132009102
1961.6307976264632
1969.4648722880272
1977.2735440757124
1985.0568129895187
1992.8146790294459
2000.547142195494
2008.2542024876634
2015.9358599059535
2023.5921144503648
2031.2229661208971
2038.8284149175504
2046.4084608403248
2053.9631038892203
2061.4923440642365
2068.996181365374
2076.4746157926324
2083.927647346012
2091.3552760255125
2098.757501831134
2106.1343247628765
2113.48574482074
2120.8117620047246
2128.1123763148303
2135.387587751057
2142.637396313404
2149.861802001873
2157.060804816463
2164.2344047571733
2171.382601824005
2178.5053960169585
2185.6027873360317
2192.674775781227
2199.7213613525428
2206.742544049979
2213.7383238735374
2220.7087008232165
2227.653674899016
2234.573246100937
2241.4674144289793
2248.336179883142
2255.179542463426
2261.9975021698315
2268.790059002357
2275.557212961004
2282.2989640457727
2289.015312256661
2295.7062575936716
2302.371800056803
2309.011939646055
2315.6266763614285
2322.216010202923
2328.7799411705378
2335.318469264274
2341.8315944841315
2348.3193168301095
2354.7816363022093
2361.2185529004296
2367.6300666247707
2374.0161774752332
2380.376885451817
2386.7121905545214
2393.022092783347
2399.3065921382936
2405.5656886193606
2411.7993822265494
2418.007672959859
2424.1905608192897
2430.348045804841
2436.480127916514
2442.5868071543077
2448.6680835182224
2454.7239570082584
2460.7544276244153
2466.7594953666926
2472.7391602350917
2478.6934222296113
2484.6222813502523
2490.5257375970136
2496.4037909698964
2502.2564414689004
2508.083689094025
2513.885533845271
2519.6619757226376
2525.4130147261258
2531.1386508557343
2536.8388841114643
2542.513714493315
2548.1631420012873
2553.7871666353803
2559.3857883955943
2564.959007281929
2570.5068232943854
2576.0292364329625
2581.5262466976606
2586.9978540884795
2592.4440586054197
2597.864860248481
2603.260259017663
2608.6302549129664
2613.9748479343907
2619.294038081936
2624.5878253556025
2629.8562097553895
2635.099191281298
2640.316769933327
2645.5089457114777
2650.6757186157492
2655.8170886461417
2660.933055802655
2666.0236200852896
2671.088781494045
2676.1285400289216
2681.142895689919
2686.131848477038
2691.0953983902778
2696.0335454296383
2700.94628959512
2705.833630886723
2710.6955693044465
2715.5321048482915
2720.343237518257
2725.1289673143438
2729.889294236552
2734.6242182848805
2739.3337394593304
2744.0178577599013
2748.676573186593
2753.309885739406
2757.91779541834
2762.500302223395
2767.0574061545713
2771.5891072118684
2776.095405395286
2780.5763007048254
2785.031793140485
2789.4618827022664
2793.8665693901685
2798.245853204192
2802.599734144336
2806.9282122106015
2811.2312874029876
2815.5089597214946
2819.761229166123
2823.9880957368723
2828.1895594337425
2832.365620256734
2836.5162782058464
2840.64153328108
2844.7413854824345
2848.8158348099096
2852.864881263506
2856.8885248432234
2860.886765549062
2864.8596033810218
2868.8070383391023
2872.7290704233037
2876.625699633627
2880.49692597007
2884.342749432635
2888.1631700213206
2891.9581877361275
2895.727802577055
2899.4720145441042
2903.1908236372738
2906.8842298565646
2910.5522332019764
2914.1948336735095
2917.812031271163
2921.4038259949384
2924.970217844834
2928.511206820851
2932.026792922989
2935.516976151249
2938.9817565056283
2942.4211339861295
2945.8351085927516
2949.2236803254946
2952.586849184359
2955.924615169344
2959.2369782804503
2962.5239385176774
2965.785495881026
2969.021650370495
2972.2324019860853
2975.4177507277964
2978.5776965956293
2981.712239589582
2984.821379709657
2987.9051169558525
2990.963451328169
2993.996382826606
2997.0039114511646
2999.986037201844
3002.942760078645
3005.874080081566
3008.7799972106086
3011.660511465772
3014.5156228470564
3017.3453313544624
3020.1496369879887
3022.9285397476365
3025.682039633405
3028.410136645296
3031.1128307833064
3033.7901220474387
3036.4420104376914
3039.068495954065
3041.6695785965603
3044.2452583651757
3046.795535259913
3049.320409280771
3051.81988042775
3054.29394870085
3056.7426141000706
3059.165876625413
3061.5637362768757
3063.93619305446
3066.283246958165
3068.6048979879915
3070.9011461439386
3073.1719914260066
3075.4174338341954
3077.637473368506
3079.832110028937
3082.0013438154892
3084.1451747281626
3086.2636027669573
3088.356627931872
3090.424250222909
3092.466469640066
3094.4832861833447
3096.4746998527444
3098.4407106482645
3100.381318569906
3102.2965236176688
3104.186325791552
3106.050725091557
3107.8897215176826
3109.703315069929
3111.4915057482967
3113.2542935527854
3114.991678483395
3116.703660540126
3118.3902397229776
3120.05141603195
3121.687189467044
3123.297560028259
3124.8825277155947
3126.4420925290515
3127.9762544686296
3129.485013534328
3130.968369726148
3132.4263230440893
3133.8588734881514
3135.2660210583344
3136.6477657546384
3138.004107577063
3139.3350465256094
3140.6405826002765
3141.9207158010645
3143.175446127974
3144.404773581004
3145.608698160155
3146.7872198654272
3147.9403386968206
3149.068054654335
3150.1703677379705
3151.247277947726
3152.2987852836036
3153.3248897456024
3154.3255913337216
3155.300890047962
3156.050103060914
3156.2507858883237
3156.9800198875964
3157.175278854806
3157.8845338404003
3158.0743689474093
3158.7636449193246
3158.948056166134
3159.195450181993
3159.617353124371
3159.7963405109795
3160.445658455538
3160.6192219819463
3161.2485609128257
3161.416700579034
3162.0260604962345
3162.1887763022423
3162.3480690652423
3162.7781572057643
3162.935449151572
3163.5048510414153
3163.656719127023
3164.206142003188
3164.352586228594
3164.8820300910807
3165.0230504562874
3165.5079597106414
3165.5325153050944
3165.668111810101
3166.1575976452295
3166.2877702900355
3166.7572771114856
3166.8820258960914
3167.3315537038625
3167.450878628268
3167.8804274223608
3167.9943284865662
3168.40389826698
3168.512375470985
3168.675122118191
3168.90196623772
3169.0050195815247
3169.3746313345814
3169.4722608181855
3169.8218935575633
3169.9140991809672
3170.243752906667
3170.3305346698703
3170.640209381891
3170.7215672848947
3171.0112629832365
3171.0871970260396
3171.3569137107024
3171.4274238933053
3171.6771615642897
3171.7422478866924
3171.8495562878907
3171.9720065439983
3172.0316690062004
3172.241448649828
3172.29568725183
3172.4854878817773
3172.53430262358
3172.7041242398486
3172.747515121451
3172.8973577240413
3172.935324745443
3173.0651883343544
3173.097731495556
3173.207616070789
3173.2347353717905
3173.324640933345
3173.3463363741457
3173.4162629220214
3173.4325345026223
3173.482482036819
3173.4933297572197
3173.5232982777375
3173.5287221379376
3173.538711644777
3175.0312622197407
3178.2202399137414
3181.4164893698917
3184.620010588192
3187.8308035686428
3191.048868311244
3194.2742048159953
3197.5068130828963
3200.746693111948
3203.9938449031497
3207.2482684565016
3210.509963772004
3213.7789308496563
3217.0551696894586
3220.3386802914115
3223.6294626555145
3226.9275167817677
3230.2328426701706
3233.545440320724
3236.865309733428
3240.192450908282
3243.5268638452862
3246.8685485444403
3250.217505005745
3253.573733229199
3256.937233214804
3260.3080049625596
3263.686048472465
3267.07136374452
3270.463950778726
3273.8638095750816
3277.270940133588
3280.685342454244
3284.10701653705
3287.535962382007
3290.9721799891136
3294.415669358371
3297.8664304897775
3301.324463383335
3304.789768039043
3308.262344456901
3311.742192636909
3315.2293125790666
3318.723704283375
3322.225367749834
3325.7343029784424
3329.2505099692016
3332.7739887221105
3336.30473923717
3339.842761514379
3343.388055553739
3346.940621355249
3350.5004589189093
3354.0675682447195
3357.64194933268
3361.2236021827907
3364.812526795052
3368.4087231694625
3372.012191306024
3375.6229312047353
3379.240942865597
3382.8662262886087
3386.4987814737706
3390.138608421083
3393.7857071305457
3397.4400776021585
3401.1017198359214
3404.770633831834
3408.446819589897
3412.130277110111
3415.8210063924744
3419.519007436988
3423.224280243652
3426.9368248124665
3430.6566411434305
3434.383729236545
3438.1180890918104
3441.8597207092253
3445.6086240887903
3449.364799230506
3453.128246134371
3456.8989648003867
3460.6769552285527
3464.462217418869
3468.2547513713353
3472.0545570859517
3475.8616345627183
3479.675983801635
3483.4976048027024
3487.32649756592
3491.1626620912875
3495.006098378805
3498.8568064284727
3502.714786240291
3506.5800378142594
3509.7155297083546
3512.843698682621
3515.9645447370176
3519.0780678715455
3522.1842680862037
3525.283145380993
3528.3746997559133
3531.458931210964
3534.5358397461455
3537.6054253614575
3540.6676880569007
3543.722627832475
3546.7702446881794
3549.810538624015
3552.8435096399808
3555.8691577360773
3558.8874829123047
3561.898485168663
3564.9021645051516
3567.898520921771
3570.887554418521
3573.8692649954023
3576.8436526524138
3579.8107173895573
3582.7704592068303
3585.7228781042345
3588.667974081769
3591.6057471394342
3594.5361972772307
3597.4593244951575
3600.375128793215
3603.283610171404
3606.1847686297224
3609.078604168172
3611.965116786754
3614.844306485465
3617.716173264307
3620.58071712328
3623.437938062383
3626.2878360816176
3629.1304111809823
3631.965663360478
3634.7935926201044
3637.6141989598614
3640.4274823797496
3643.233442879769
3646.0320804599182
3648.8233951201983
3651.607386860609
3654.3840556811506
3657.1534015818233
3659.915424562626
3662.67012462356
3665.417501764624
3668.1575559858193
3670.890287287145
3673.6156956686027
3676.33378113019
3679.0445436719083
3681.747983293757
3684.444099995737
3687.132893777847
3689.8143646400877
3692.48851258246
3695.1553376049624
3697.8148397075956
3700.4670188903597
3703.111875153255
3705.7494084962805
3708.3796189194372
3711.002506422724
3713.6180710061412
3716.22631266969
3718.827231413369
3721.420827237179
3724.0071001411197
3726.586050125191
3729.1576771893924
3731.721981333726
3734.27896255819
3736.828620862784
3739.3709562475087
3741.905968712365
3744.4336582573515
3746.9540248824683
3749.4670685877163
3751.972789373095
3754.471187238604
3756.9622621842445
3759.446014210016
3761.922443315918
3764.39154950195
3766.853332768113
3769.3077931144066
3771.754930540831
3774.1947450473863
3776.6272366340727
3779.052405300889
3781.4702510478364
3783.8807738749147
3791.9440242415803
3800.1120318956127
3808.3847968368937
3816.762319065416
3825.244598581201
3833.831635384231
3842.523429474517
3851.319980852055
3860.2212895168377
3869.227355468869
3878.3381787081526
3887.5537592346955
3896.874097048487
3906.299192149523
3915.829044537819
3925.4636542133485
3935.203021176145
3945.0471454261897
3954.996026963483
3965.049665788032
3975.208061899826
3985.471215298876
3995.8391259851705
4006.3117939587137
4016.88921921952
4027.5714017675673
4038.3583416028705
4049.250038725426
4060.2464931352188
4071.3477048322784
4082.5536738165792
4093.8644000881395
4105.279883646952
4116.800124493006
4128.425122626311
4140.154878046869
4151.989390754683
4163.928660749749
4175.9726880320595
4188.121472601626
4200.37501445843
4212.733313602497
4225.1963700338165
4237.764183752381
4250.436754758204
4263.214083051269
4276.096168631593
4289.083011499162
4302.17461165398
4315.370969096057
4327.7746020550985
4340.247796937467
4352.790553743525
4365.402872473285
4378.084753126735
4390.836195703887
4403.657200204732
4416.547766629275
4429.507894977509
4442.5375852494435
4455.636837445072
4468.805651564395
4482.044027607411
4495.351965574129
4508.729465464541
4522.176527278651
4535.69315101645
4549.2793366779515
4562.935084263147
4576.660393772036
4590.455265204622
4604.3196985609065
4618.253693840885
4632.257251044557
4646.330370171931
4660.473051222994
4674.685294197756
4688.967099096211
4703.318465918368
4717.739394664215
4732.229885333763
4746.789937927002
4761.419552443942
4776.118728884572
4790.887467248904
4805.725767536926
4820.633629748649
4835.611053884062
4850.658039943177
4865.774587925982
4880.960697832481
4896.216369662681
4911.5416034165755
4926.936399094171
4942.400756695457
4957.93467622044
4973.538157669118
4989.211201041493
5004.953806337562
5020.7659735573325
5040.538533011728
5060.533235970783
5080.750082434344
5101.189072402427
5121.85020587506
5142.733482852171
5163.838903333846
5185.166467320014
5206.716174810717
5228.488025805942
5250.482020305688
5272.6981583099405
5295.136439818743
5317.796864832038
5340.679433349884
5363.784145372236
5387.111000899109
5410.659999930504
5434.431142466434
5458.424428506871
5482.639858051829
5507.077431101308
5531.7371476553235
5556.619007713845
5581.723011276903
5607.049158344482
5632.597448916567
5658.367882993189
5684.360460574317
5710.57518165998
5737.012046250165
5763.671054344886
5790.552205944085
5817.655501047848
5844.980939656118
5872.52852176888
5900.298247386221
5928.290116508055
5956.504129134424
5984.940285265286
6013.5985849006975
6042.4790280406305
6071.581614685056
6100.906344834031
6130.453218487528
6160.222235645517
6190.2133963080705
6220.426700475116
6250.8621481466835
6281.519739322786
6325.164569421817
6369.532135002664
6414.622436065401
6460.435472609766
6506.971244635817
6554.229752143612
6602.210995133151
6650.914973604435
6700.341687557404
6750.491136992059
6801.363321908459
6852.95824230666
6905.27589818649
6958.316289548064
7012.0794163913815
7066.565278716444
7121.773876523192
7177.7052098116255
7234.3592785817455
7291.736082833668
7349.835622567334
7408.657897782687
7468.202908479783
7528.470654658566
7589.4611363190925
7651.174353461305
7713.610306085262
7776.768994190963
7840.65041777835
7905.254576847539
7970.581471398298
8036.631101430859
8103.403466945165
8170.898567941214
8239.11640441895
8308.056976378371
8377.720283819537
8448.106326742389
8519.215105147101
8591.046619033441
8663.600868401467
8736.877853251179
8810.877573582693
8885.600029395951
8961.045220690896
9037.213147467584
9114.103809725959
9191.717207466078
9270.053340687882
9349.112209391431
9522.053025581175
9699.36987968674
9881.06277170498
10067.13170163706
10257.576669482049
10452.397675240412
10651.594718912616
10855.16780049773
11063.11691999645
11275.442077408312
11492.143272733316
11713.220505972393
11938.673777124146
12168.50308618974
12402.708433168242
12641.289818060584
12884.247240865836
13131.58070158423
13383.290200216928
13639.375736762071
13899.837311221054
14164.674923593178
14433.88857387891
14707.478262077551
14985.443988189567
15342.632135132328
15709.953734053299
16087.408784957603
16474.99728784617
16872.719242716208
17280.574649573304
17698.563508410938
18126.6858192347
18564.941582039
19013.330796829425
19471.85346360132
19940.50958235655
20419.299153097905
20908.22217582073
21407.27865052875
21916.46857721731
22435.791955892928
22965.248786549084
23504.839069189504
24054.56280381512
24614.419990422204
25184.410629014485
25764.534719588235
26354.792262148112
26955.183256688528
28781.22791413963
30710.90757828206
32744.222249098122
34881.17192658037
37121.7566107437
39465.97630157322
41913.83099908382
44465.3207032606
47120.44541410357
49879.20513162017
52741.599855810404
55707.62958667427
58777.29432422668
61950.594068437815
65227.528819315135
68608.09857685864
72092.30334108323
75680.14311198145
79371.61788954586
83166.7276737839
87065.47246469557
91067.85226227343
95173.86706653237
99383.5168774575
103696.80169505626
114371.99849364161
125632.23622021079
137477.51487448812
149907.8344566524
162923.19496652484
176523.59640422463
190709.03876963258
205479.5220629871
220835.04628393054
236775.61143282056
253301.21750941873
270411.86451384425
288107.5524459779
306388.28130599856
325254.05109372735
344704.8618093431
364740.7134526074
385361.60602375865
406567.53952261806
428358.5139493644
450734.52930375934
473695.5855861008
497241.68279609084
521372.8209339678
546088.999999553
