1.0
2.668105243504797
4.332539544237701
5.993302902198711
7.650395317387829
9.303816789805055
10.953567319450386
12.599646906323825
14.24205555042537
15.880793251755023
17.51586001031278
19.147255826098647
20.77498069911262
22.399034629354702
24.01941761682489
25.63612966152318
27.24917076344958
28.85854092260409
30.4642401389867
32.066268412597424
33.66462574343625
35.25931213150318
36.85032757679822
38.43767207932136
40.02134563907262
41.60134825605198
43.177679930259444
44.75034066169502
46.319330450358706
47.884649296250494
49.446297199370385
51.004274159718385
52.558580177294495
54.109215252098714
55.656179384131036
57.19947257339147
58.73909481988
60.275046123596645
61.8073264845414
63.335935902714255
64.86087437811523
66.3821419107443
67.89973850060147
69.41366414768675
70.92391885200014
72.43050261354165
73.93341543231125
75.43265730830896
76.9282282415348
78.42012823198871
79.90835727967074
81.39291538458089
82.87380254671913
84.35101876608549
85.82456404267995
87.29443837650253
88.7606417675532
90.22317421583199
91.68203572133886
93.13722628407386
94.58874590403697
96.03659458122819
97.4807723156475
98.92127910729494
100.35811495617047
101.79127986227412
103.22077382560587
104.64659684616574
106.0687489239537
107.48723005896979
108.90204025121396
110.31317950068626
111.72064780738665
113.12444517131514
114.52457159247176
115.92102707085648
117.3138116064693
118.70292519931024
120.08836784937927
121.47013955667641
122.84824032120167
124.22267014295502
125.59342902193649
126.96051695814607
128.32393395158374
129.68368000224953
131.03975511014343
132.3921592752654
133.7408924976155
135.08595477719376
136.42734611400004
137.76506650803447
139.09911595929702
140.42949446778766
141.75620203350638
143.07923865645327
144.39860433662824
145.7142990740313
147.02632286866248
148.33467572052174
149.63935762960912
150.94036859592464
152.23770861946824
153.53137770023994
154.82137583823976
156.1077030334677
157.3903592859237
158.66934459560787
159.9446589625201
161.21630238666046
162.4842748680289
163.74857640662546
165.00920700245015
166.26616665550293
167.5194553657838
168.7690731332928
170.0150199580299
171.2572958399951
172.49590077918845
173.73083477560985
174.96209782925936
176.18968994013701
177.41361110824275
178.6338613335766
179.85044061613854
181.0633489559286
182.27258635294677
183.47815280719303
184.6800483186674
185.87827288736986
187.07282651330044
188.2637091964591
189.45092093684593
190.6344617344608
191.81433158930383
192.99053050137493
194.16305847067417
195.33191549720146
196.49710158095692
197.65861672194046
198.8164609201521
199.97063417559184
201.12113648825974
202.26796785815569
203.41112828527977
204.55061776963194
205.68643631121225
206.81858391002064
207.94706056605716
209.0718662793218
210.19300104981448
211.3104648775353
212.42425776248425
213.5343797046613
214.64083070406645
215.74361076069965
216.84271987456106
217.93815804565054
219.0299252739681
220.11802155951375
221.20244690228756
222.28320130228946
223.3602847595195
224.43369727397754
225.50343884566377
226.56950947457813
227.63190916072057
228.69063790409106
229.7456957046897
230.7970825625165
231.84479847757135
232.88884344985428
233.92921747936535
234.96592056610456
235.99895271007185
237.02831391126728
238.0540041696907
239.07602348534235
240.09437185822208
241.1090492883299
242.12005577566578
243.12739132022983
244.131055922022
245.13104958104225
246.12737229729058
247.12002407076704
248.10900490147162
249.09431478940434
250.07595373456508
251.05392173695395
252.02821879657097
252.9988449134161
253.96580008748927
254.92908431879061
255.88869760732004
256.8446399530776
257.7969113560632
258.7455118162769
259.6904413337188
260.6316999083888
261.56928754028684
262.503204229413
263.4334499757673
264.3600247793497
265.2829286401602
266.2021615581988
267.1177235334655
268.02961456596034
268.9378346556833
269.84238380263423
270.74326200681344
271.64046926822067
272.53400558685604
273.42387096271943
274.310065395811
275.1925888861307
276.0714414336785
276.9466230384544
277.81813370045836
278.68597341969047
279.5501421961507
280.41064002983904
281.2674669207554
282.12062286889994
282.97010787427257
283.81592193687334
284.6580650567022
285.4965372337591
286.33133846804424
287.1624687595574
287.9899281082986
288.81371651426804
289.63383397746554
290.4502804978912
291.2630560755448
292.07216071042666
292.8775944025366
293.6793571518746
294.47744895844073
295.271869822235
296.0626197432573
296.8496987215078
297.6331067569863
298.412843849693
299.18890999962775
299.9613052067907
300.7300294711817
301.49508279280076
302.25646517164796
303.01417660772324
303.7682171010267
304.51858665155817
305.2652852593178
306.00831292430564
306.74766964652144
307.48335542596544
308.2153702626375
308.9437141565377
309.66838710766604
310.3893891160224
311.10672018160693
311.8203803044195
312.53036948446027
313.236687721729
313.939335016226
314.6383113679511
315.3336167769042
316.02525124308545
316.7132147664948
317.3975073471323
318.0781289849979
318.7550796800915
319.42835943241334
320.0979682419632
320.76390610874125
321.42617303274733
322.08476901398154
322.7396940524439
323.39094814813427
324.03853130105284
324.6824435111995
325.3226847785742
325.95925510317716
326.592154485008
327.22138292406714
327.84694042035426
328.46882697386957
329.08704258461296
329.70158725258443
330.3124609777841
330.91966376021173
331.5231955998676
332.1230564967515
332.7192464508636
333.3117654622037
333.9006135307719
334.48579065656827
335.0672968395927
335.6451320798453
336.2192963773259
336.78978973203476
337.3566121439717
337.91976361313664
338.4792441395298
339.0350537231509
339.58719236400026
340.1356600620777
340.6804568173832
341.22158262991684
341.75903749967864
342.2928214266684
342.8229344108864
343.3493764523324
343.8721475510066
344.39124770690887
344.9066769200392
345.4184351903977
345.9265225179844
346.4309389027991
346.93168434484187
347.42875884411274
347.9221624006118
348.41189501433894
348.89795668529416
349.3803474134776
349.85906719888885
350.3341160415285
350.8054939413962
351.27320089849195
351.7372369128158
352.19760198436774
352.6542961131479
353.1073192991561
353.55667154239245
354.0023528428567
354.4443632005493
354.88270261546995
355.31737108761865
355.74836861699555
356.1756952036004
356.59935084743347
357.0193355484946
357.43564930678394
357.8482921223013
358.25726399504674
358.6625649250203
359.06419491222204
359.46215395665183
359.85644205830965
360.24705921719567
360.6340054333098
361.01728070665206
361.39688503722243
361.7728184250208
362.1450808700473
362.51367237230204
362.87859293178485
363.2398425484957
363.5974212224346
363.95132895360166
364.3015657419969
364.64813158762024
364.99102649047165
365.33025045055103
365.6658034678587
365.9976855423945
366.3258966741583
366.6504368631503
366.9713061093702
367.2885044128184
367.6020317734946
367.91188819139904
368.2180736665314
368.520588198892
368.8194317884807
369.1146044352975
369.40610613934246
369.6939369006153
369.9780967191165
370.2585855948457
370.53540352780306
370.80855051798846
371.07802656540196
371.3438316700436
371.6059658319134
371.8644290510113
372.11922132733724
372.37034266089125
372.6177930516734
372.86157249968375
373.1016810049221
373.3381185673887
373.57088518708315
373.79998086400593
374.0254055981568
374.2471593895357
374.46524223814265
374.6796541439778
374.89039510704106
375.09746512733244
375.30086420485196
375.5005923395994
375.6966495315751
375.8890357807789
376.0777510872108
376.26279545087084
376.44416887175885
376.62187134987505
376.7959028852194
376.9662634777918
377.1025109587391
377.1329531275924
377.26620615840676
377.2959718346209
377.42623041530464
377.45531959887774
377.5393510297061
377.5825837294307
377.61099642036254
377.735266100785
377.76300229907554
377.88427752936724
377.9113372350165
377.9773345500399
378.0296180151777
378.0560012281857
378.17128755821614
378.19699427858296
378.30928615848273
378.3343163862084
378.41646151974055
378.4436138159775
378.46796755106186
378.57427053070035
378.5979477731434
378.70125630265125
378.7242570524531
378.8245711318303
378.84689538899096
378.85673193880797
378.9442150182374
378.9658627827569
379.0601879618727
379.08115923375095
379.17248996273605
379.192784741973
379.28112102082747
379.2981458072422
379.3007393074232
379.386081136147
379.4050229301016
379.4873703086948
379.505635610008
379.5849885384706
379.60257734714264
379.6789358254744
379.69584814150517
379.7407031250433
379.76921216970646
379.785447993096
379.8558175711665
379.8713769019149
379.93875202985475
379.9536348679619
380.0180155457711
380.03222189123704
380.0936081189155
380.1071379717401
380.16552974928805
380.17838310947144
380.18440389221115
380.2337804368886
380.2459573044309
380.2983601817175
380.30986055661845
380.3592689837743
380.37009286603393
380.41650684305927
380.4266542326777
380.4700737595723
380.4795446565496
380.5199697333134
380.52876413764955
380.5661947642828
380.57431267597764
380.6087488524802
380.61619027153364
380.62924810874586
380.64763199790565
380.65439692431795
380.6828442005592
380.68893263433034
380.7143854604409
380.7197974015709
380.7422557775508
380.7469912260394
380.76645515188875
380.77051410773606
380.7869835834547
380.7903660466609
380.8038410722488
380.8065470428138
380.81702761827114
380.81905709619485
380.8265432215215
380.827896206804
380.8323878819999
380.83306437464114
380.83456159970643
381.0752357746474
381.5223668899157
381.9706414545509
382.4200594685529
382.87062093192174
383.32232584465737
383.7751742067598
384.2291660182291
384.6843012790652
385.1405799892681
385.59800214883785
386.0565677577744
386.51627681607783
386.97712932374804
387.43912528078505
387.9022646871889
388.36654754295955
388.83197384809705
389.2985436026014
389.7662568064725
390.2351134597105
390.7051135623152
391.17625711428684
391.64854411562527
392.12197456633055
392.5965484664026
393.0722658158415
393.5491266146472
394.0271308628197
394.5062785603591
394.9865697072653
395.4680043035383
395.95058234917803
396.43430384418474
396.9191687885582
397.4051771822985
397.89232902540556
398.3806243178795
398.8700630597203
399.3606452509278
399.85237089150223
400.34523998144346
400.8392525207515
401.33440850942634
401.830707947468
402.3281508348765
402.82673717165187
403.32646695779397
403.8273401933029
404.3293568781787
404.8325170124213
405.33682059603075
405.842267629007
406.34885811135007
406.85659204306
407.3654694241367
407.87549025458026
408.3866545343906
408.8989622635678
409.41241344211176
409.92700807002257
410.4427461473002
410.9596276739447
411.477652649956
411.9968210753341
412.51713295007903
413.03858827419083
413.56118704766936
414.08492927051475
414.609814942727
415.135844064306
415.6630166352519
416.19133265556457
416.7207921252441
417.2513950442904
417.78314141270357
418.31603123048353
418.85006449763034
419.38524121414395
419.9215613800244
420.45902499527165
420.99763205988575
421.5373825738666
422.0782765372143
422.62031394992886
423.16349481201024
423.7078191234584
424.25328688427345
424.7998980944553
425.3476527540039
425.8965508629194
426.44659242120065
427.0343104253114
427.6238953044615
428.2153470586509
428.80866568787957
429.4038511921476
430.00090357145496
430.59982282580165
431.2006089551877
431.80326195961305
432.4077818390777
433.0141685935817
433.62242222312506
434.2325427277077
434.8445301073297
435.458384361991
436.0741054916917
436.6916934964317
437.311148376211
437.9324701310297
438.55565876088764
439.18071426578496
439.8076366457216
440.43642590069754
441.0670820307128
441.69960503576743
442.33399491586135
442.9702516709946
443.6083753011672
444.2483658063791
444.8902231866304
445.533947441921
446.17953857225086
446.8269965776201
447.4763214580287
448.12751321347656
448.78057184396386
449.43549734949045
450.09228973005634
450.7509489856615
451.41147511630606
452.07386812198996
452.73812800271315
453.40425475847564
454.0722483892775
454.7421088951187
455.4138362759992
456.08743053191904
456.7628916628782
457.4402196688767
458.11941454991455
458.8004763059917
459.48340493710816
460.1682004432641
460.8548628244592
461.54339208069365
462.23378821196746
462.9260512182806
463.62018109963304
464.31617785602486
465.014041487456
465.7137719939264
466.41536937543617
467.11883363198524
467.8241647635737
468.53136277020144
469.2404276518685
469.95135940857494
470.6641580403207
471.37882354710575
472.09535592893025
472.813755185794
473.534021317697
474.2561543246394
474.98015420662114
475.7060209636422
476.43375459570257
477.16335510280226
477.8948224849413
478.62815674211964
479.36335787433734
480.10042588159433
480.8393607638907
481.5801625212264
482.3228311536014
483.0673666610157
483.81376904346934
484.5620383009624
485.31217443349476
486.06417744106636
486.8180473236774
487.5737840813277
488.3313877140173
489.09085822174626
489.8521956045145
490.61539986232214
491.3804709951691
492.1474090030554
492.916213885981
493.6868856439459
494.4594242769502
495.43591787291894
496.4182800882554
497.40651092294684
498.40061037699365
499.4005784503945
500.406415143151
501.4181204552624
502.43569438672876
503.4591369375494
504.4884481077256
505.5236278972566
506.5646763061425
507.6115933343833
508.6643789819793
509.7230332489298
510.7875561352355
511.8579476408963
512.9342077659119
514.0163365102821
515.1043338740074
516.198199857088
517.2979344595228
518.4035376813133
519.5150095224583
520.6323499829587
521.7555590628133
522.8846367620233
524.0195830805885
525.1603980185077
526.3070815757828
527.4596337524124
528.6180545483969
529.7823439637364
530.9525019984312
532.1285286524806
533.3104239258846
534.4981878186438
535.6918203307584
536.8913214622269
538.0966912130514
539.3079295832306
540.5250365727645
541.7480121816532
542.976856409897
544.211569257496
545.4521507244492
546.6986008107581
547.9509195164214
549.2091068414397
550.4731627858132
551.856684041983
553.2505286897308
554.6546967290847
556.0691881600446
557.4940029826112
558.9291411967843
560.3746028025635
561.8303877999492
563.2964961889415
564.77292796954
566.259683141745
567.7567617055565
569.2641636609742
570.7818890079984
572.3099377466292
573.8483098768661
575.3970053987096
576.9560243121596
578.5253666172157
580.1050323138784
581.6950214021476
583.295333882023
584.9059697535049
586.5269290165929
588.158211671288
589.7998177175891
591.4517471554964
593.1139999850102
594.7865762061306
596.4694758188575
598.1626988231906
599.8662452191302
601.5801150066759
603.3043081858286
605.038824756587
606.7836647189524
608.5388280729239
610.304314818502
612.0801249556862
613.8662584844774
615.6627154048742
617.4694957168781
619.2865994204881
621.1140265157046
622.9517770025273
624.7998508809565
626.6582481509922
628.5269688126341
630.4060128658821
632.2953803107366
634.5601103339504
636.8494790110635
639.1634863420131
641.5021323267974
643.8654169654146
646.2533402578683
648.6659022041549
651.1031028042771
653.5649420582331
656.0514199660247
658.562536527651
661.098291743112
663.6586856124059
666.2437181355363
668.8533893124995
671.4876991432975
674.1466476279311
676.8302347663994
679.5384605587024
682.2713250048382
685.0288281048106
687.8109698586177
690.6177502662558
693.4491693277323
696.3052270430435
699.1859234121894
702.0912584351663
705.0212321119816
707.9758444426298
710.9550954271144
713.9589850654284
716.9875133575824
720.0406803035694
723.1184859033892
726.2209301570456
729.3480130645366
732.4997346258642
735.676094841021
738.8770937100162
742.1027312328442
745.3530074095088
748.6279222400062
751.9274757243402
755.251667862507
758.6004986545086
761.9739681003448
765.3720762000157
768.7948229535214
772.2422083608617
775.7142324220367
779.1034732620892
782.5131401333683
785.9432330359323
789.393751969782
792.8646969349156
796.3560679313332
799.8678649590365
803.4000880180247
806.9527371082986
810.5258122298565
814.1193133827
817.7332405668267
821.36759378224
825.0223730289399
828.6975783069229
832.3932096161916
836.1092669567442
839.8457503285808
843.6026597317041
847.3799951661113
851.1777566318042
854.995944128782
858.8345576570455
862.6935972165929
866.5730628074252
870.4729544295433
874.3932720829462
878.334015767633
882.2951854836056
886.276781230863
890.2788030094043
894.3012508192314
898.3441246603434
902.4074245327411
906.4911504364245
910.5953023713919
914.7198803376423
918.8648843351793
923.0303143640012
927.216170424108
931.4224525155005
935.6491606381769
939.8962947921373
944.1638549773834
948.4518411939152
952.7602534417347
957.0890917208362
961.4383560312217
965.8080463728911
970.1981627458481
977.16624618481
984.2550513819297
991.4645783371816
998.7948270505658
1006.2457975220968
1013.8174897517601
1021.5099037395557
1029.3230394854982
1037.2568969895729
1045.311476251787
1053.486777272141
1061.7828000506197
1070.1995445872526
1078.7370108820178
1087.395198934908
1096.1741087459523
1105.073740315136
1114.0940936424377
1123.2351687278933
1132.4969655714885
1141.8794841732015
1151.3827245330685
1161.0066866510606
1170.7513705271995
1180.616776161478
1194.0589596931532
1207.8877154556394
1222.1030434486165
1236.704943671939
1251.693416125694
1267.068460809911
1282.8300777245022
1298.9782668695261
1315.5130282450118
1332.4343618508428
1349.7422676871356
1367.4367457538901
1385.51779605099
1403.9854185785516
1422.8396133365459
1442.0803803249146
1461.707719543716
1481.721630992979
1502.1221146726166
1522.9091705826868
1544.0827987232187
1565.6429990941251
1587.589771695435
1609.9231165272067
1632.643033589382
1675.6289505497552
1720.530626483378
1767.3480613911524
1816.0812552730786
1866.7302081289236
1919.2949199586874
1973.7753907627193
2030.1716205407865
2088.4836092927726
2148.7113570189103
2210.8548637188505
2274.9141293931752
2340.8891540413024
2408.779937663581
2478.586480260128
2550.308781830361
2623.9468423747458
2699.5006618930493
2776.9702403857373
2856.3555778521113
2937.6566742927535
3020.8735297073144
3106.006144096027
3193.0545174586587
3282.018649795442
4424.822273701429
5650.458866789937
6958.928429052234
8350.23096048832
9824.366461105645
11381.334930889308
13021.136369854212
14743.770777985454
16549.238155297935
18437.538501784205
20408.671817436814
22462.638102270663
24599.4373562783
26819.069579459727
29121.534771814942
31506.832933343947
33974.96406404674
36525.92816392332
39159.725232981145
41876.35527121276
44675.818278610706
47558.114255189896
50523.24320093542
53571.20511586219
56701.99999996275
