365
136
389
288
95
175
265
102
418
396
147
626
395
81
286
570
404
273
368
197
217
349
604
307
399
318
160
410
588
129
393
472
95
310
501
585
297
331
281
340
715
757
339
763
740
265
482
521
505
3236
262
82
639
471
1370
301
818
315
339
311
184
957
120
245
420
452
375
829
288
672
397
408
571
318
589
435
812
343
282
1172
16195
278
292
345
763
36
802
373
513
565
287
342
311
396
352
313
279
279
539
270
300
443
300
332
275
266
1280
311
651
463
510
297
2415
311
312
297
275
481
1280
349
735
6401
581
287
50
395
330
482
276
759
327
767
132
737
563
515
333
816
286
2152
285
368
450
1563
416
280
466
447
1881
268
307
641
262
298
341
406
283
282
278
506
310
568
263
319
284
830
411
804
175
375
286
300
458
940
297
286
443
361
337
860
287
660
257
359
444
319
268
92
77
494
473
223
259
352
259
348
434
413
332
427
1410
283
453
97
317
338
338
401
267
613
317
625
266
1161
664
1144
300
330
351
470
225
233
1365
335
1779
313
853
463
620
401
603
152
941
482
283
802
382
116
335
406
991
284
273
424
991
278
606
311
60
739
365
470
327
2153
337
324
2078
337
431
325
331
431
427
315
625
1273
85
317
582
287
194
346
346
610
412
319
444
444
2104
319
332
836
425
1670
291
855
328
291
518
371
349
548
1901
346
303
420
359
1520
260
397
307
313
326
75
267
1519
4891
497
507
803
543
435
642
499
334
392
356
628
471
478
279
1085
310
361
280
328
361
313
446
276
586
312
334
971
281
297
971
860
363
321
357
161
298
597
360
365
365
1668
113
281
282
319
288
732
423
440
408
522
488
226
330
326
279
127
621
364
282
170
461
571
158
1084
2536
251
154
583
385
370
370
54
102
1342
354
154
385
638
644
267
382
721
366
405
923
333
1693
405
485
1693
728
318
120
386
3106
470
401
1624
424
274
347
760
402
274
288
307
27
335
420
115
110
275
155
377
2112
8517
317
335
339
413
446
633
213
393
311
313
457
502
344
876
115
322
352
301
1078
423
390
352
352
1054
520
278
486
370
275
278
378
378
353
296
1429
253
330
1533
29
252
898
348
1012
628
3126
368
685
465
789
609
274
270
163
1350
408
537
539
278
1521
546
359
290
112
687
478
106
511
327
511
367
277
314
299
161
58
511
276
248
298
406
783
94
311
50
522
502
416
290
480
410
325
62
126
889
374
320
727
273
250
480
250
1908
325
1
104
360
294
325
1
250
250
262
262
271
231
265
271
379
548
517
399
785
785
310
91
386
697
801
48
285
281
341
414
569
364
281
323
339
288
281
281
358
3171
288
324
323
403
978
456
403
333
362
609
1397
266
408
769
347
275
273
278
278
275
275
266
297
1063
470
278
260
621
621
295
266
260
378
329
307
333
367
329
306
367
274
333
287
287
1145
993
108
621
1408
299
397
1
972
203
284
293
293
284
310
274
1049
381
274
313
281
294
281
336
397
294
847
316
445
456
316
317
124
301
419
54
398
279
279
288
288
524
691
1237
470
158
436
625
307
459
598
1012
307
339
289
885
111
266
372
372
251
251
2147
272
1750
309
309
805
272
284
261
630
443
309
438
438
2294
273
266
266
344
273
254
338
254
314
365
349
482
288
288
277
706
285
283
706
285
449
936
364
147
268
337
300
513
277
1583
409
513
293
268
293
270
535
661
318
535
270
1022
573
270
287
393
500
287
928
615
287
319
376
314
1989
521
264
360
321
273
281
273
283
10593
344
616
524
477
831
388
506
277
277
601
396
310
284
506
284
1416
601
400
280
305
1652
273
524
278
506
506
65
305
463
273
2048
259
554
345
558
279
259
273
764
1764
273
99
330
329
294
297
1666
275
294
439
742
289
551
543
543
268
353
268
480
629
629
308
719
753
265
418
537
280
399
399
311
273
265
444
444
369
66
298
303
298
328
303
300
5364
236
66
352
700
288
445
269
271
271
684
339
315
262
315
193
460
1997
298
659
298
384
472
656
910
476
455
199
299
115
2068
897
1010
682
296
398
707
398
684
707
359
897
1010
220
831
535
831
901
505
449
292
505
288
348
70
423
890
347
488
176
543
504
403
403
473
42
882
1199
436
598
429
120
374
544
273
273
355
544
515
884
352
316
132
648
283
304
648
286
326
339
281
304
304
557
412
286
584
326
748
330
339
338
275
655
330
338
414
368
294
404
404
68
433
522
4547
612
420
113
249
336
54
755
177
201
311
366
524
307
393
1486
278
278
285
270
769
278
34
169
633
306
245
331
311
590
1162
90
640
531
271
465
278
245
331
360
1054
90
259
259
292
1805
238
292
2889
304
391
500
1188
275
315
323
318
344
90
600
87
307
360
301
303
303
283
296
360
1
284
330
426
284
327
706
342
320
279
706
298
297
163
335
335
514
786
262
364
338
346
350
2407
364
542
551
491
320
301
326
491
280
346
380
380
594
317
127
280
318
1310
286
287
698
505
278
313
687
333
333
319
1683
312
720
351
344
1704
344
313
389
239
36
1225
1
385
308
277
468
448
596
277
309
288
427
427
309
316
570
278
333
632
774
283
288
368
400
346
961
333
377
374
334
305
258
283
400
565
309
309
605
60
319
295
346
452
382
380
311
311
315
268
321
336
268
325
787
342
342
282
344
318
297
292
325
535
358
419
326
283
137
350
560
598
321
278
278
322
102
521
278
249
453
308
280
266
363
361
291
468
688
281
698
304
393
324
330
99
90
298
490
302
265
302
275
283
298
290
373
339
284
300
342
590
378
642
275
90
298
279
283
215
432
304
367
327
565
300
290
2362
295
295
266
340
266
319
298
445
306
306
280
1707
432
266
266
336
91
317
432
325
325
722
64
345
617
338
366
282
1674
350
873
1457
323
290
905
691
555
388
353
388
1566
370
28
290
264
201
528
308
1325
388
1046
136
361
307
328
328
430
507
335
388
848
305
317
368
323
232
288
306
332
39
277
495
950
56
330
513
508
406
950
294
350
290
508
418
334
334
467
333
645
2137
564
378
357
378
516
1499
325
507
507
306
977
376
373
341
361
346
345
345
271
110
370
336
854
677
339
339
400
400
393
426
340
484
295
393
337
270
393
609
364
1775
270
352
328
338
277
511
385
557
511
614
298
338
1112
346
324
373
367
100
1112
351
1631
487
1076
371
341
341
493
362
285
761
353
270
562
107
562
287
761
378
393
65
334
329
400
270
286
449
722
308
341
378
832
325
336
349
717
717
898
336
325
832
321
927
490
361
396
1237
594
460
460
5
347
351
366
351
474
401
105
190
679
304
294
408
1058
632
324
1058
819
287
321
679
358
312
255
1400
756
321
329
322
5157
240
333
329
321
1413
319
280
412
289
445
789
456
324
345
299
1472
363
323
363
297
299
362
348
311
362
387
430
430
348
198
367
345
367
336
527
319
441
277
451
198
920
382
314
1530
367
299
297
78
256
252
326
419
299
308
297
352
252
332
290
375
346
310
482
663
278
278
339
1287
423
290
281
727
341
281
346
332
540
298
299
477
664
664
283
1072
328
380
329
386
719
334
267
298
329
302
275
291
393
331
298
334
274
274
333
284
273
334
98
330
577
98
330
333
365
375
375
284
329
301
312
347
154
308
301
294
340
340
308
301
295
347
394
292
292
333
294
325
394
333
625
272
248
248
382
295
349
349
377
528
377
248
683
383
1359
272
292
382
299
307
314
335
299
383
307
490
272
342
290
403
403
528
290
141
1267
272
290
811
359
292
309
105
350
343
342
392
784
350
317
506
278
343
350
309
709
728
349
350
342
265
377
311
311
4337
311
265
264
722
311
426
373
264
341
323
316
293
108
316
319
1009
311
313
313
327
327
379
379
169
271
152
325
264
271
114
3946
445
806
294
432
274
260
445
266
1046
702
276
127
300
260
681
276
499
360
300
360
328
290
267
82
330
267
344
344
258
276
258
288
284
276
1964
288
284
2100
44
294
3689
318
303
303
261
3689
294
254
267
260
260
296
1409
423
287
327
287
718
296
342
334
335
327
342
271
287
380
294
289
969
289
718
100
334
608
271
287
76
278
278
321
316
286
286
277
321
281
316
436
288
356
277
260
260
336
326
187
304
585
354
356
277
533
74
281
336
326
288
297
354
389
297
283
342
274
329
299
283
408
282
282
274
299
465
298
1067
285
285
335
298
298
336
376
335
283
1041
345
299
726
347
499
299
295
295
344
299
345
284
299
548
1894
397
336
284
357
97
580
294
294
520
384
279
326
274
274
335
1
398
281
357
275
733
357
413
273
279
697
733
341
516
272
272
325
774
326
334
357
328
328
341
297
345
281
544
297
325
412
733
336
833
261
365
510
336
261
365
875
280
307
280
287
307
318
265
293
293
318
347
689
265
255
134
310
255
295
428
346
346
372
286
286
264
319
663
319
289
254
332
290
289
632
321
512
303
425
303
289
364
601
281
1215
364
289
292
333
281
556
260
260
291
363
296
1506
297
458
339
418
292
282
311
684
282
290
302
302
294
363
300
291
355
339
296
355
300
276
89
282
282
300
320
276
728
360
354
354
308
299
313
290
321
277
282
277
293
293
1739
299
321
108
339
345
318
318
290
322
337
300
315
282
308
765
348
278
282
276
276
293
264
264
293
360
330
281
320
421
281
674
326
184
320
349
352
515
369
582
369
352
307
352
466
274
349
295
295
280
926
433
431
433
343
326
505
280
562
307
321
331
351
283
96
286
1255
100
94
327
325
854
499
418
347
617
617
383
334
54
299
284
290
284
291
283
291
299
569
334
283
347
273
299
372
671
419
323
337
337
323
90
287
251
485
393
326
288
401
276
686
285
156
255
277
290
480
485
343
287
287
275
243
326
326
321
560
528
326
326
276
282
1063
263
631
295
265
306
284
355
306
274
56
257
417
283
319
319
319
536
378
364
687
523
335
99
277
316
368
288
271
292
426
283
287
269
460
388
388
389
868
338
338
287
378
299
363
389
288
325
303
281
237
662
316
277
378
378
281
365
323
635
6063
267
316
474
301
278
354
284
636
310
541
261
288
420
646
411
310
891
14473
736
327
327
388
415
286
149
8
394
322
278
354
284
348
1168
546
476
295
642
441
348
284
288
4359
285
292
292
322
158
284
998
488
463
375
295
695
410
447
419
990
553
716
398
417
312
283
339
616
769
508
422
422
375
278
278
312
574
321
262
285
381
307
389
47
848
283
339
801
377
321
260
19688
289
262
260
271
307
312
470
312
396
321
411
573
310
347
361
567
303
262
419
285
285
69
606
385
363
386
604
454
307
281
419
694
278
311
257
262
320
437
529
74
478
581
410
369
369
489
385
337
337
278
311
8958
305
376
270
277
1451
307
359
1058
304
350
1319
305
673
277
410
280
282
345
259
296
321
452
94
291
321
313
253
296
691
1058
316
315
309
320
323
259
309
320
482
320
276
357
289
308
289
356
548
454
277
278
281
330
290
596
458
289
330
315
312
306
288
720
300
716
390
319
355
451
287
296
1678
267
289
333
340
285
390
267
533
322
368
285
254
254
74
98
288
280
330
330
534
77
676
276
288
262
259
280
271
392
289
269
218
340
280
370
283
441
441
307
373
723
373
392
370
355
355
325
269
327
325
309
383
392
323
2033
327
1116
306
492
422
295
295
291
340
327
282
286
286
291
392
275
349
303
361
512
443
337
588
413
279
459
279
315
267
291
297
331
267
347
304
292
331
267
2466
347
317
317
259
291
292
269
269
337
284
589
264
633
715
522
390
743
275
280
326
326
319
266
291
275
785
310
289
266
333
275
296
371
289
1300
325
310
255
345
371
279
423
255
290
313
272
645
290
322
296
315
300
279
332
283
284
286
537
320
272
280
102
315
322
291
1785
272
316
257
302
315
101
101
284
302
340
272
296
334
276
334
292
292
283
505
262
298
339
267
312
283
492
296
278
275
326
284
305
318
294
246
307
1522
96
272
273
365
596
337
337
259
537
277
318
279
279
316
316
373
305
283
347
293
272
1101
307
254
254
344
294
282
276
266
279
276
369
278
270
616
245
283
272
284
252
408
289
266
280
302
320
280
282
337
266
278
283
268
277
320
496
269
359
254
277
753
278
279
337
367
259
287
278
321
269
673
781
297
301
327
284
316
378
321
273
377
302
302
94
568
260
247
316
263
290
616
852
277
279
296
339
364
364
280
339
289
1446
261
278
290
346
282
879
291
336
336
266
256
356
282
345
259
293
293
322
292
301
272
299
349
206
276
336
336
295
281
326
256
440
1744
343
349
312
361
307
593
278
292
278
266
245
277
497
278
310
257
266
342
78
419
280
271
276
332
283
282
276
269
2336
279
464
293
429
252
280
256
205
294
269
249
293
267
157
281
287
537
326
326
267
386
289
261
313
313
292
273
248
407
386
278
343
271
571
295
255
297
276
774
333
160
415
288
1144
271
266
441
259
112
259
301
460
266
276
628
542
270
248
364
278
317
333
321
770
263
323
362
321
320
270
346
355
319
193
75
331
334
271
337
693
387
283
330
346
340
320
328
571
328
328
367
280
604
331
385
1673
399
577
230
567
339
430
368
1045
339
280
448
209
471
71
282
285
280
308
515
368
374
93
502
502
86
317
330
336
43
510
315
433
362
330
330
401
762
401
417
1278
370
351
296
419
348
562
339
386
378
369
332
397
361
314
421
354
430
326
352
578
261
365
333
426
657
344
313
400
310
630
299
343
542
261
752
308
357
319
705
315
1677
323
787
343
341
341
875
355
386
329
6
670
91
686
332
395
315
394
580
92
377
537
493
418
412
98
397
91
314
353
163
443
358
372
275
868
401
315
299
429
312
484
414
1047
345
507
304
401
465
355
447
401
326
388
344
395
1
598
279
384
273
428
331
313
332
321
440
520
400
342
376
490
319
330
437
318
637
357
308
314
389
425
385
358
720
365
440
342
342
504
600
90
497
490
316
386
366
441
349
326
281
321
810
330
276
338
504
375
375
396
351
402
392
418
420
306
440
263
339
318
423
436
416
358
329
494
271
350
335
697
623
333
444
688
458
323
320
456
323
320
335
457
646
323
344
335
453
503
757
318
422
474
420
415
331
836
407
329
862
702
345
383
376
359
836
327
73
383
497
288
320
320
327
352
591
439
334
510
419
368
398
329
401
473
92
312
360
832
478
282
621
302
336
1008
453
344
289
322
319
345
338
509
85
420
278
468
347
387
111
405
675
521
384
556
452
338
446
483
323
405
509
378
97
269
370
411
347
780
433
363
367
422
318
290
803
482
355
805
405
442
327
472
411
318
416
344
470
387
362
337
418
418
176
350
304
547
466
364
400
563
364
321
497
322
626
384
328
442
464
444
397
603
328
658
280
364
364
778
432
511
840
876
446
396
370
285
554
39
466
380
65
346
410
686
503
328
362
426
319
426
405
346
477
274
330
387
355
355
382
302
611
393
285
190
1681
321
298
4002
353
370
780
343
624
424
593
694
349
465
359
264
597
469
527
577
350
539
1313
563
1153
327
316
394
406
381
412
304
662
556
601
347
388
451
437
418
248
732
367
263
389
160
397
354
447
437
275
358
473
368
448
367
320
336
500
374
336
365
94
358
336
263
499
337
848
331
275
359
626
381
317
479
832
110
307
256
377
424
323
402
397
317
408
625
574
415
626
442
392
325
290
1797
545
407
403
865
365
445
766
353
466
460
278
407
388
323
395
398
711
768
808
414
364
332
412
350
661
459
498
328
345
92
4
626
303
354
345
385
435
370
352
372
914
755
802
572
3000
384
514
778
315
387
636
541
370
304
2909
208
496
449
189
423
260
347
468
390
744
155
926
95
329
478
366
341
523
353
1183
109
445
282
431
377
317
391
506
400
469
454
582
345
621
675
2196
506
700
266
582
897
523
543
355
459
388
446
528
282
751
567
897
317
409
169
265
360
87
326
427
435
492
92
333
360
487
557
278
361
390
920
505
333
400
290
483
449
512
144
392
352
282
412
555
257
429
394
331
331
627
337
389
314
441
288
435
364
450
581
454
361
376
529
580
290
89
359
289
315
1528
391
305
300
348
267
348
275
349
137
91
649
129
478
269
616
302
556
524
612
893
439
275
347
347
560
1091
404
814
1599
502
105
463
254
304
1045
521
545
765
460
95
273
1792
361
1928
291
280
283
311
2146
272
602
418
578
238
542
278
425
332
332
98
462
103
274
506
270
680
807
267
360
365
426
509
267
484
275
753
274
103
831
335
335
296
338
386
445
283
683
6184
366
366
341
341
288
330
537
387
381
297
333
668
293
503
413
375
272
276
1048
1534
270
325
321
321
730
348
276
324
2316
269
160
281
349
273
274
367
323
499
275
279
644
462
332
1661
447
641
273
104
417
344
2160
87
294
344
521
1728
487
415
337
852
470
1620
77
529
330
330
377
268
652
537
292
91
3649
357
118
1672
289
293
730
881
453
276
97
300
378
378
92
335
375
272
58
297
1223
1307
611
407
360
1215
1490
539
438
782
294
954
606
376
997
376
327
606
394
1550
327
257
1168
342
858
265
81
594
290
273
341
614
274
433
464
507
507
747
379
637
329
891
329
89
283
630
302
310
448
269
530
1427
275
271
282
295
282
278
600
968
625
411
286
305
364
327
270
364
263
327
332
332
96
277
340
461
289
754
89
289
340
89
279
344
2280
285
287
796
340
367
106
372
419
372
340
367
303
1097
165
771
292
95
354
284
1718
269
766
267
341
361
517
322
322
340
340
346
256
328
328
350
1130
281
350
272
663
430
666
319
527
973
280
93
524
534
275
295
277
294
485
95
397
604
515
342
281
345
280
299
293
319
357
710
357
905
336
293
308
356
569
430
463
530
463
323
297
310
375
780
385
300
446
280
1099
74
649
354
264
102
397
663
324
349
468
312
478
499
265
307
263
717
282
424
276
288
298
316
329
329
505
344
344
625
386
404
863
87
333
643
286
339
305
333
339
337
339
514
269
4903
339
214
266
649
331
331
514
1355
615
700
342
342
676
87
356
293
485
81
354
354
1082
282
850
518
394
479
403
317
608
403
608
91
303
287
305
568
380
434
353
353
272
282
331
5864
279
271
344
447
447
902
648
344
594
789
769
425
746
536
642
626
425
318
388
326
500
332
282
386
829
326
379
379
50
332
571
385
313
546
868
393
268
261
336
411
353
353
811
420
355
2318
2820
296
280
534
354
354
618
398
633
460
324
135
377
2123
517
291
266
294
464
355
270
355
397
109
2658
11236
447
343
274
589
44
369
343
282
330
292
262
298
263
1590
98
541
113
532
365
384
543
89
1927
384
354
88
279
275
354
298
495
282
339
340
340
369
339
1017
345
766
887
397
342
2
342
270
288
387
647
270
715
317
1182
318
533
517
457
318
73
354
329
457
89
269
329
354
9392
351
1109
343
432
373
88
233
343
392
351
284
375
543
293
681
91
89
357
87
388
277
340
281
751
550
550
398
88
334
90
313
398
87
1818
285
358
334
832
384
384
484
526
913
390
2931
31
864
739
295
1799
291
333
333
545
260
274
274
527
781
283
286
339
416
1846
298
803
1937
399
7060
332
278
361
361
259
262
343
271
343
674
495
529
295
267
132
329
329
257
572
86
379
502
524
689
276
749
413
485
367
290
666
570
555
624
335
345
283
631
458
276
621
682
958
535
734
345
1042
396
666
433
587
278
300
274
616
286
289
359
359
272
328
1153
448
87
259
337
415
282
1116
419
417
686
1784
544
435
330
538
449
330
283
3
779
3
227
323
415
276
271
636
793
340
340
1504
273
340
259
293
775
481
592
336
297
539
620
346
158
539
727
1373
93
357
713
383
342
304
286
341
38
93
264
341
994
338
1294
421
372
1357
428
1383
365
118
377
274
562
348
312
223
282
1572
524
463
236
442
361
1
361
569
607
570
457
764
346
435
337
344
462
266
273
645
96
343
703
825
496
371
88
96
595
357
290
279
840
283
387
271
274
482
336
357
364
122
802
335
346
364
376
339
335
346
362
468
427
89
3037
282
311
94
431
187
598
382
409
89
295
415
295
311
95
436
3386
680
102
332
640
478
299
404
404
289
579
286
348
295
846
350
90
332
364
1025
294
3784
271
270
364
37
463
463
803
333
296
803
259
87
709
571
483
389
1646
89
981
527
371
387
299
371
1043
559
338
387
338
275
93
773
91
615
4
296
344
375
342
342
2517
91
669
489
327
42
505
344
600
669
580
544
338
338
732
325
580
564
1868
538
265
429
353
289
89
468
270
579
559
571
92
2567
422
401
349
1
298
684
297
226
366
366
94
343
402
402
309
325
294
290
343
288
284
109
306
352
1668
391
342
4282
477
780
318
282
291
439
282
377
362
652
288
93
474
279
397
367
367
259
96
375
375
279
296
345
716
560
423
286
330
269
540
281
91
283
566
229
698
566
783
97
288
391
380
363
286
420
326
303
316
292
550
1774
736
393
530
851
456
638
571
522
631
454
386
456
340
451
451
531
407
1037
272
267
364
357
586
448
357
1176
580
312
283
96
297
229
361
278
271
163
288
367
296
571
424
277
330
572
848
335
89
1861
542
261
542
458
376
298
815
258
584
562
306
338
2072
474
573
270
89
268
551
297
417
291
604
89
604
277
292
464
2418
852
321
276
337
82
499
306
363
3666
466
406
352
155
406
280
364
364
281
299
289
278
431
510
376
267
351
552
317
294
802
301
555
559
88
90
445
272
287
300
595
256
283
294
379
379
541
285
324
274
541
1489
381
341
750
283
381
341
289
97
297
373
282
94
305
313
400
261
339
466
339
517
345
345
327
327
398
398
339
339
307
404
1369
288
532
544
550
507
534
374
464
645
267
95
590
156
398
306
398
313
537
289
687
584
371
33
297
3260
583
555
3260
378
342
424
428
342
535
930
293
775
105
584
584
329
675
602
392
644
89
670
387
661
295
345
347
397
345
545
364
537
95
321
119
297
1224
330
568
281
273
354
688
415
452
352
273
343
1845
700
343
343
351
313
345
697
270
337
521
524
524
7881
358
358
568
288
494
289
354
646
1493
514
507
666
1052
507
418
923
1839
528
180
431
356
368
676
268
540
518
334
334
279
571
445
779
360
858
328
328
272
703
347
347
337
341
851
341
491
960
432
432
539
705
501
501
706
695
296
367
551
383
344
364
292
307
400
400
369
350
389
575
350
352
368
389
368
272
359
439
352
1872
555
504
352
558
583
504
115
633
27
357
751
703
751
581
277
536
302
290
542
1252
354
341
341
292
354
506
696
83
379
552
569
676
330
330
556
659
362
362
4837
452
350
287
350
1
293
100
701
973
353
264
353
378
346
973
643
270
673
279
274
371
164
657
371
456
333
182
432
290
1058
339
531
1081
518
346
510
106
292
565
281
355
270
476
152
348
360
418
364
373
509
335
699
439
1343
427
346
385
431
337
429
346
337
354
693
335
335
400
326
326
367
755
563
273
274
363
338
338
517
441
265
280
450
336
336
335
1741
436
1281
353
353
266
348
579
277
348
365
539
365
370
646
395
272
1785
385
8305
544
862
322
581
410
762
457
423
883
332
332
272
2157
3330
281
411
549
569
384
486
347
486
652
347
347
282
566
575
489
709
489
270
220
358
270
274
634
271
634
360
415
271
426
434
434
402
363
363
499
360
295
330
677
147
498
336
344
344
671
300
693
353
689
419
296
791
550
351
450
269
279
1015
368
14
523
266
945
800
546
502
604
414
1510
750
885
461
495
5061
354
354
575
496
496
754
575
774
405
407
544
1753
277
419
469
484
268
39
269
530
530
332
347
490
474
460
334
377
304
293
334
523
772
310
713
390
772
390
567
413
390
370
269
370
274
573
586
375
284
547
344
125
519
350
1475
575
623
680
2039
624
455
41
7683
518
481
293
475
645
2303
235
445
689
42
399
342
287
831
553
342
193
338
575
523
253
301
347
681
773
371
342
661
291
2912
330
513
438
721
298
379
340
425
340
276
527
385
611
652
151
397
902
361
423
516
385
430
359
451
348
348
506
431
201
292
437
544
356
356
343
480
293
300
290
330
354
651
330
490
1052
928
1058
1058
298
587
319
699
547
348
296
529
341
288
749
325
316
285
565
532
560
151
579
526
76
708
465
307
522
295
362
285
584
1530
554
2672
299
311
840
366
266
558
466
369
418
631
383
329
357
300
321
177
1140
403
911
40
421
565
668
351
98
1067
1249
512
298
917
772
296
587
269
576
1661
264
607
382
792
597
562
679
367
255
391
284
557
316
499
676
275
653
558
422
363
161
385
433
268
303
358
432
522
334
288
417
345
701
370
304
299
652
451
615
358
527
455
577
2264
154
438
359
890
828
576
1758
304
572
177
413
338
369
565
298
731
291
512
2405
936
346
694
955
293
287
268
342
434
268
420
312
295
291
565
548
118
616
654
550
716
883
285
95
293
518
245
383
293
456
367
430
592
464
605
416
277
440
560
328
692
457
188
2655
379
261
332
278
344
480
867
160
279
408
110
281
277
659
284
1449
764
343
376
117
449
287
478
644
309
1940
294
530
573
418
336
299
571
293
319
600
383
294
272
332
2350
439
486
761
278
379
546
542
1198
317
568
460
287
292
320
390
384
746
457
381
294
37
391
400
362
284
598
887
548
330
714
515
301
393
290
587
408
286
3504
294
427
332
290
542
560
327
346
276
55
882
383
1496
872
269
275
789
398
564
473
292
435
2227
378
461
824
433
395
842
71
552
379
703
284
331
430
447
1183
593
1554
405
38
712
274
283
370
391
270
471
461
275
358
311
402
432
402
355
756
1195
1785
499
336
576
842
1785
1543
364
448
709
210
647
645
2978
666
282
1
289
492
297
270
546
634
286
1357
427
283
395
377
573
274
620
863
628
273
837
336
506
272
454
730
361
326
632
559
348
467
414
698
684
718
367
72
350
783
601
612
700
244
165
940
3736
709
607
331
301
311
178
428
289
276
284
294
470
298
284
562
283
210
572
394
1606
548
1693
779
680
727
408
522
294
580
344
437
302
286
1629
372
369
393
265
520
1060
364
309
202
268
288
306
155
296
552
183
388
452
256
344
267
405
1172
891
455
275
413
71
405
163
598
1
539
605
830
296
379
405
271
433
642
537
270
348
389
272
354
1369
760
596
406
122
101
281
273
385
277
2452
869
401
81
62
362
533
567
473
391
367
114
536
1172
345
666
627
929
93
747
368
765
822
488
559
154
308
388
368
372
594
322
551
330
552
343
291
284
252
1441
599
390
283
476
699
509
555
599
4
555
518
35
908
337
378
523
731
323
465
334
474
372
421
407
124
502
1649
820
1267
3346
2063
575
540
304
2084
1798
409
412
793
282
299
371
328
646
317
422
1300
541
709
455
135
327
422
494
442
305
795
398
280
358
295
297
578
857
296
273
1150
1672
892
581
270
428
586
296
280
1036
883
304
1262
293
357
163
71
269
576
396
287
1176
1641
294
105
475
335
501
260
509
539
295
656
278
276
715
278
361
2941
281
1302
640
519
590
447
2514
371
382
359
291
965
482
1136
437
919
578
352
439
34
994
686
271
97
404
1041
412
225
677
922
573
310
451
259
409
326
690
1060
467
36
5329
414
792
318
36
428
291
226
784
926
412
321
1
488
471
586
586
589
570
203
2017
414
305
434
269
341
568
438
346
712
409
237
64
654
267
606
447
349
113
350
93
297
345
641
741
279
670
261
292
584
630
1799
810
762
573
728
324
572
343
1476
592
282
282
366
495
1171
368
2277
555
38
485
683
532
36
854
591
659
438
35
595
292
307
454
806
449
904
459
117
135
569
441
54
287
431
337
311
318
396
461
105
327
431
358
365
570
41
676
270
286
407
423
440
301
412
530
745
420
165
1016
1708
559
85
268
410
540
56702
290
361
56702
379
317
396
298
747
830
259
529
271
339
2595
284
358
298
727
1296
35
442
559
1382
903
1055
293
373
540
276
340
589
167
22
280
388
331
441
617
445
125
30
536
301
289
1653
326
862
390
624
523
421
314
272
857
417
826
113
576
341
287
478
929
549
336
495
275
333
558
579
404
380
202
480
421
563
370
331
2314
1095
321
370
340
593
365
349
430
1110
265
294
510
84
503
287
587
270
123
286
286
343
293
554
302
150
354
38
819
145
298
43
355
331
297
38
347
39
336
834
339
522
345
2171
301
496
300
558
329
2123
508
1281
306
2125
319
15
2675
384
2
1422
301
296
524
290
318
268
980
384
310
272
305
325
446
297
394
330
298
958
668
387
295
1563
465
504
177
635
866
2301
637
575
335
287
239
1
551
391
349
616
433
306
404
348
783
523
412
769
123
200
463
576
641
400
386
136
239
649
471
120
1440
1047
837
380
537
93
432
129
525
248
340
17
463
303
419
374
479
469
461
732
362
435
179
664
260
746
358
431
355
726
126
1509
342
284
272
2
502
322
447
798
932
589
368
686
147
348
502
447
414
280
5023
621
295
451
327
338
296
273
527
2023
352
555
293
17
379
290
567
93
567
442
826
695
246
293
277
308
333
152
661
555
566
601
179
352
138
775
1788
291
1624
7680
291
603
636
503
135
305
599
317
351
823
350
541
577
423
2
586
261
560
317
369
745
596
314
911
321
424
213
413
8148
451
518
595
489
286
392
392
596
459
339
410
1464
531
440
375
1727
315
319
1691
384
458
334
276
290
560
472
468
3761
581
269
597
417
476
372
620
548
975
581
149
472
305
548
2074
2074
308
285
285
300
744
300
302
276
707
431
302
585
276
314
431
252
252
322
384
254
264
297
74
424
254
276
276
278
264
278
695
610
428
288
273
610
415
39
337
282
289
282
275
308
1358
345
369
379
287
275
923
273
273
655
92
370
287
302
315
655
287
304
254
262
278
1922
305
278
364
254
65
272
287
262
275
305
1234
285
277
285
7
62
304
272
277
263
263
319
280
280
341
283
283
319
259
341
274
321
259
381
589
312
312
274
483
290
290
360
2275
955
441
304
191
292
107
955
155
279
292
335
291
304
316
312
279
291
276
425
256
289
289
316
326
256
296
298
276
374
296
549
72
700
2258
334
814
334
382
577
243
247
243
324
310
280
290
290
270
271
276
271
298
298
254
505
321
275
641
310
2019
280
270
276
310
321
364
282
275
547
268
1200
287
616
964
268
310
336
1120
280
287
302
282
301
280
401
285
247
298
297
326
28
310
288
296
301
367
289
285
247
236
434
297
270
395
296
277
81
327
1478
270
344
293
293
330
296
305
344
295
280
326
305
290
1289
295
280
318
287
290
532
554
363
284
297
515
543
399
324
1453
550
318
280
322
280
292
304
299
272
304
354
372
258
258
54
1134
307
832
307
283
130
627
274
279
281
1060
297
276
297
311
1104
311
696
572
275
352
276
283
280
280
1774
273
437
279
573
502
311
299
1754
270
275
276
352
291
276
270
365
639
292
259
212
281
270
370
299
292
311
375
292
471
273
74
311
292
281
336
270
259
261
275
381
255
261
292
115
408
618
275
318
111
292
2182
316
287
301
567
289
280
316
328
361
367
392
303
297
1158
328
280
1820
7
275
308
297
331
352
2833
692
485
331
420
613
276
276
373
273
914
273
455
394
306
306
1430
285
287
303
287
289
732
218
285
1639
262
292
294
292
3057
278
278
273
379
262
281
69
329
315
1279
281
290
604
321
294
304
233
424
571
267
403
300
304
435
277
282
263
296
300
290
339
327
277
436
282
321
140
267
339
296
254
316
1398
1507
254
378
420
423
236
275
363
287
287
273
276
319
275
272
270
270
272
186
252
579
274
1449
252
254
775
673
1314
1035
296
316
403
258
585
463
274
811
416
316
357
305
474
296
289
803
463
325
618
305
254
348
254
336
283
63
283
314
1708
30992
296
86
314
37
302
663
252
325
325
252
266
298
458
258
2642
420
258
258
251
437
394
1095
313
275
275
285
285
638
305
580
803
1573
305
305
274
419
346
274
266
279
16
279
28
331
497
265
468
124
289
263
301
550
263
419
477
288
352
288
646
313
313
282
286
287
291
279
295
314
349
349
284
332
332
272
440
387
1197
393
296
316
312
289
411
444
260
344
260
308
337
337
371
263
283
295
1303
273
279
279
315
287
278
552
485
292
292
258
271
278
271
258
403
1318
277
2255
2188
419
281
272
277
322
303
399
424
267
267
291
371
562
279
301
564
799
300
301
299
96
4334
304
307
548
498
305
304
302
274
283
283
313
313
59
251
537
290
260
539
341
295
277
333
320
375
277
193
320
162
367
369
386
389
662
275
284
284
328
314
326
274
402
152
151
296
280
296
483
540
265
282
829
332
332
427
289
880
284
284
39
266
294
307
411
317
337
315
343
290
290
313
279
371
305
404
383
282
603
184
256
479
330
412
324
324
269
271
298
279
358
275
294
316
275
446
257
338
356
287
402
499
372
294
1180
291
291
347
293
249
99
365
595
249
367
310
248
323
270
253
287
509
460
359
312
871
345
429
286
286
296
297
283
290
305
370
370
362
352
715
362
90
281
281
282
606
279
279
386
343
374
399
1173
573
544
326
148
373
572
272
2328
348
312
528
312
312
270
270
322
384
384
298
298
762
848
293
280
365
700
280
830
280
266
280
683
890
507
274
342
443
279
267
296
305
258
279
296
485
367
1629
286
319
269
271
286
269
258
291
270
283
283
628
264
264
541
269
269
309
458
309
283
301
278
268
283
268
295
158
308
316
309
335
335
679
336
256
321
321
390
261
813
488
288
288
390
358
572
358
344
744
284
369
346
266
369
312
972
266
301
257
289
289
289
642
289
346
111
289
333
333
353
347
294
353
357
357
304
304
355
294
502
380
423
380
288
270
50
155
289
314
310
363
292
308
164
329
758
376
1142
270
301
298
295
91
459
312
285
277
508
287
287
283
279
292
357
298
298
628
277
301
317
312
425
279
377
388
1976
298
351
359
359
287
287
386
580
321
272
310
287
287
272
288
282
282
286
286
310
357
476
312
194
324
433
167
640
324
283
283
257
288
329
257
330
337
283
283
288
294
329
327
278
294
339
291
337
330
294
289
343
280
304
294
674
292
345
574
197
574
659
341
442
489
304
406
326
312
406
313
406
299
292
298
659
757
35
258
298
321
321
327
304
304
373
373
294
327
294
280
375
292
288
342
292
276
276
313
313
288
288
287
413
351
287
331
365
539
305
331
351
135
539
280
342
365
342
297
305
1455
307
317
455
303
311
307
303
320
320
1437
317
423
581
581
423
311
405
290
506
1939
668
513
506
405
513
277
290
396
396
445
445
342
451
299
512
512
1982
426
284
1133
342
313
310
277
458
583
284
431
659
431
310
352
277
458
299
431
583
659
352
308
291
291
316
328
333
328
311
947
305
371
346
307
422
422
307
601
311
324
260
324
456
4
456
340
305
282
371
601
413
268
282
268
476
476
280
334
354
470
306
530
357
314
314
457
359
292
530
354
422
422
470
395
318
334
296
410
272
728
395
318
272
364
313
457
441
285
410
1043
364
378
441
495
327
327
20
270
283
283
303
378
72
317
77
453
406
2751
276
462
316
364
491
1221
405
289
289
316
270
2706
278
296
296
252
362
362
2664
303
657
657
364
276
317
462
479
479
278
712
252
279
491
846
257
1428
418
418
352
880
317
352
322
392
289
396
332
280
392
374
332
509
280
396
471
299
299
322
289
279
236
1245
51
332
451
283
344
280
478
282
351
283
292
204
481
344
276
409
481
380
1526
451
380
319
500
331
331
282
351
279
279
264
318
204
392
340
340
264
323
276
409
319
500
336
127
54
316
570
298
708
514
787
456
1595
479
4265
336
3
524
1911
281
371
315
285
388
685
388
283
799
635
686
405
2556
46
272
293
355
361
89
266
308
101
245
381
267
507
322
598
265
21084
263
282
584
270
646
326
284
273
318
392
861
4113
201
282
280
396
752
347
279
5
355
439
265
481
253
308
364
313
529
815
1875
531
607
261
532
561
877
358
1027
421
1765
138
649
257
480
356
303
491
83
2169
64
647
280
277
464
580
357
382
2289
1588
325
926
291
908
317
419
595
486
624
263
34
344
1283
352
303
410
777
1
285
239
189
1284
633
854
285
281
283
278
297
390
258
755
250
59
287
446
293
565
809
799
261
282
309
910
1
396
533
277
332
287
353
347
261
273
306
231
586
482
280
280
436
357
11880
178
279
302
450
302
1031
277
264
302
303
264
598
292
292
281
475
365
328
414
475
353
295
381
292
29
278
141
550
417
525
1324
396
585
330
304
472
418
467
304
321
2817
273
285
178
485
312
417
47
375
1
661
450
761
783
619
272
434
817
1919
510
287
292
267
587
115
455
320
596
350
331
752
1807
618
551
343
333
357
336
294
491
256
340
439
502
2396
1115
292
325
265
1355
926
1940
1881
360
399
187
301
524
272
503
580
340
293
552
306
1641
272
965
1223
306
1859
524
273
1859
589
385
306
362
597
702
300
544
321
742
336
396
3186
304
288
226
294
103
2943
709
754
377
310
594
262
1135
317
312
477
347
1374
819
1830
1298
403
284
523
341
470
572
295
53
119
261
295
20
1135
273
549
1191
376
282
198
949
337
499
428
326
283
346
329
1093
1012
290
275
4281
80
734
415
524
283
1034
1788
156
1112
271
311
426
425
419
275
135
1089
284
335
711
333
294
1119
337
546
287
285
435
322
340
504
257
366
333
299
357
483
1028
399
321
581
320
430
506
75
143
382
287
484
105
281
272
154
510
947
324
2985
287
321
498
281
286
3131
4
323
320
416
895
418
125
125
302
65
342
420
577
585
1163
327
282
288
574
276
338
303
288
311
681
321
876
199
277
