7
7
19
7
464
8
10
20
17
11
75
27
11
19
8
20
35
14
299
8
4
326
442
103
105
21
4
12
12
7
4
30
18
482
21
37
8
11
12
8
8
8
28
14
11
13
7
14
9
24
5
114
7
6
8
25
19
7
8
17
45
43
6
8
99
9
15
56
9
5
56
46
111
6
9
4
26
11
9
9
8
40
151
5
17
6
45
923
5
10
11
10
45
161
11
103
6
127
6
6
5
11
13
7
8
55
12
22
152
9
8
12
14
174
12
8
11
8
5
8
15
5
21
8
16
38
7
13
12
7
16
8
9
6
17
8
15
12
10
8
10
5
10
12
397
8
7
13
21
10
22
9
11
14
7
6
9
119
14
111
13
12
9
19
4
203
17
9
59
63
7
4
7
14
16
14
6
5
23
8
6
5
7
12
6
6
146
13
24
8
7
11
10
14
6
61
11
35
23
11
16
70
35
13
9
41
10
4
19
40
19
19
34
17
4
9
117
7
5
7
6
19
60
46
9
11
4
290
13
20
6
47
33
6
14
9
7
52
36
64
18
21
55
53
10
24
14
17
7
22
5
149
8
9
8
10
10
149
7
10
24
115
17
24
42
7
15
13
8
11
25
101
4
95
12
132
10
11
10
6
29
8
3
9
29
6
48
71
9
20
11
30
20
7
68
55
92
7
4
189
13
99
6
18
13
8
8
12
8
48
21
9
8
12
200
17
14
8
5
20
14
32
70
6
10
45
8
21
41
12
18
12
12
14
31
9
6
21
11
22
8
7
10
12
32
6
11
9
4
114
13
7
31
6
68
10
20
6
15
8
21
12
106
26
20
12
26
7
91
8
48
16
18
8
6
20
18
41
25
26
24
14
28
13
42
9
12
12
32
12
22
12
13
13
7
11
10
33
133
7
11
15
11
7
67
9
2
21
22
21
17
7
33
8
11
5
10
8
10
18
14
13
27
57
21
14
12
10
8
6
9
8
13
6
16
20
12
7
13
15
16
24
54
8
58
141
13
10
8
67
12
16
9
25
11
112
13
60
40
6
7
14
15
18
4
12
16
10
11
9
6
28
7
7
8
55
19
32
9
11
7
20
8
10
10
13
34
76
8
15
116
11
10
5
14
14
10
86
26
14
9
7
7
10
8
9
8
16
10
5
17
7
66
20
7
6
25
12
7
33
19
7
6
10
6
14
7
53
9
6
13
65
16
10
9
6
24
11
10
10
12
10
10
4
60
73
8
31
9
16
20
10
19
7
12
6
293
21
8
11
11
7
7
9
11
9
54
12
9
29
33
12
26
6
6
256
5
6
22
38
35
179
49
25
10
12
13
37
4
8
12
12
18
10
7
9
14
14
13
9
24
12910
4
14
22
28
52
8
14
30
10
9
12
74
26
24
223
5
6
5
77
23
5
12
11
6
15
12
7
13
100
9
8
36
10
5
110
7
29
14
16
55
17
14
90
5
6
9
396
10
8
28
11
7
23
23
9
8
33
80
10
4
5
10
7
24
15
71
6
34
11
382
12
11
144
10
13
16
12
15
3
15
25
10
12
22
5
11
6
10
11
1720
30
8
5
10
13
7
39
75
5
98
13
11
15
5
14
16
10
65
8
23
5
36
8
8
22
10
38
7
13
8
7
11
14
9
22
13
1029
11
90
15
6
10
11
13
15
9
15
8
8
15
13
7
11
11
12
10
6
14
16
11
4
262
9
6
14
5
8
5
435
8
32
11
91
28
12
241
8
10
14
6
15
5
55
7
5
32
13
1046
12
8
15
5
9
8
11
77
8
96
16
7
8
9
16
12
16
7
17
10
50
7
10
4
41
23
9
226
7
13
101
58
12
9
37
190
7
86
13
9
9
19
125
18
11
6
11
15
7
8
6
9
4
8
77
10
44
10
12
15
60
28
8
18
147
20
28
7
6
12
6
8
33
68
650
15
14
13
47
10
95
10
6
8
12
10
22
47
6
15
13
14
6
23
17
66
12
5
98
6
12
20
33
963
14
8
27
36
14
24
22
12
9
25
9
16
45
5
20
5
14
11
47
11
13
6
6
10
13
20
32
14
22
8
9
9
94
10
10
19
11
8
31
7
6
32
5
16
16
39
22
12
11
9
6
6
55
8
9
18
8
26
7
12
12
10
19
22
20
17
21
56
36
6
11
34
176
9
5
5
10
53
16
255
44
20
42
35
34
12
302
10
104
9
14
10
17
86
8
59
11
11
16
9
13
59
7
16
26
25
13
9
10
13
6
46
19
10
14
7
12
145
54
11
10
6
308
16
26
8
8
216
43
7
10
7
10
12
8
49
59
29
11
29
11
12
500
14
7
5
10
12
27
7
8
13
10
19
17
4
17
11
10
1697
10
14
14
9
87
39
34
6
8
10
10
15
45
15
4
45
90
12
13
6
12
19
28
6
5
105
41
6
8
21
20
14
11
11
12
7
7
9
9
6
9
44
218
34
7
7
11
60
9
11
5
16
30
17
7
14
12
9
8
39
11
8
8
7
8
8
33
6
11
9
11
6
60
10
5
44
6
12
10
84
15
4
8
16
7
12
9
5
29
23
7
7
558
19
108
7
7
1717
6
28
5
114
12
15
19
304
15
8
7
63
16
8
33
98
10
16
65
5
13
8
11
6
13
10
8
44
9
11
12
31
8
12
73
5
46
33
8
5350
5
16
9
44
153
11
26
17
3
26
14
31
27
10
13
11
8
8
43
9
10
10
10
10
14
22
13
7
4
32
12
35
60
9
8
8
30
6
6
13
21
14
32
7
102
7
10
10
9
21
12
6
20
11
9
6
17
13
150
50
8
16
29
11
9
47
9
10359
13
9
14
6
8
5
10
24
12
8
9
8
15
12
11
17
25
8
13
12
11
31
12
5
12
13
9
34
11
34
20
84
94
8
5
60
10
12
11
17
6
13
7
18
15
5
11
26
116
9
7
46
6
4
11
68
14
10
49
106
22
12
8
12
15
23
10
14
21
14
11
5
4
78
6
11
5
22
7
12
11
12
5
6
14
16
31
37
14
6
8
18
22
119
6
6
11
43
41
17
6
187
10
12
10
7
215
6
30
7
29
131
15
13
14
19
114
17
77
11
5
10
10
30
9
41
5318
4
21
35
15
156
6
8
10
12
8
33
6
17
33
16
253
7
20
113
27
8
9
5
40
6
19
10
9
6
7
12
17
7
14
7
9
16
11
60
24
11
16
57
8
16
7
16
13
4
110
21
14
9
8
29
16
68
8
17
57
50
14
14
35
11
43
25
11
20
24
9
91
25
20
334
10202
214
6
13
13
24
10
17
7
10
6
24
4
15
11
8
48
8
5
84
14
5
35
23
9
13
8
44
6
10
35
38
8
15
32
10
82
16
49
21
12
14
116
29
11
6
9
2966
34
334
12
14
16
9
25
25
47
777
6
12
8
10
9
8
56
14
4
15
20
8
12
31
11
7
13
9
26
16
8
8
4
34
10
5
23
8
16
9
15
8
12
6
9
5
7
120
13
41
43
10
10
12
11
281
13
28
9
8
14
4
19
19
19
5
15
7
8
12
6
19
15
6
8
40
7
10
12
9
14
10
6
19
9
47
7
11
10
20
4
15
19
11
20
28
9
8
38
30
9
12
78
83
24
6
14
7
3
35
7
22
1067
19
33
15
44
19
5
8
9
12
13
33
33
301
22
11
12
9
12
12
33
7
31
11
13
18
34
11
6
25
8
6
7
23
10
10
17
5
35
16
17
323
11
61
8
74
35
27
30
12
10
6
7
95
12
8
5
15
10
53
102
14
7
10
11
12
15
11
4
3
41
6
8
270
16
26
10
9
76
5
103
47
12
73
21
10
14
5
8
20
11
6
27
7
11
6
14
14
10
6
69
9
23
7
6
8
7
7
53
21
3
7
14
21
10
63
20
4
15
47
11
5
14
14
14
6
13
18
13
14
13
9
74
39
21
12
48
15
8
7
36
8
5
5
9
14
16
17
63
4
6
80
7
11
22
5
10
31
12
16
7
13
12
7
10
8
7
8
43
23
316
17
55
77
8
18
6
11
5
9
37
13
26
10
12
12
12
18
14
17
30
25
12
9
7
16
14
11
12
5
6
10
10
5
9
21
10
16
19
15
16
7
10
4
8
6
13
23
36
14
11
10
5
12
6
5
60
132
10
12
7
14
6
34
9
77
10
9
8
20
10
43
21
7
38
5
13
25
10
31
10
32
13
6
18
11
26
13
8
10
24
19
6
18
74
12
8
7
14
17
19
6
119
10
16
13
10
6
10
10
52
41
13
12
730
31
5
9
12
10
12
9
5
57
41
9
9
11
8
12
453
35
7
12
6
7
8
46
15
64
14
160
10
12
15
4
6
7
8
9
12
10
9
4
8
9
20
23
13
17
13
8
5
12
93
16
15
13
33
5
92
16
16
21
8
21
14
12
15
4
42
51
16
24
1484
20
16
9
13
8
31
17
65
8
8
29
7
5
10
8
45
36
19
9
12
9
38
37
9
9
14
7
11
15
4
14
10
11
57
15
11
9
3
12
6
11
49
92
14
40
9
45
27
13
8
20
7
5
5
16
6
12
23
16
7
27
9
123
8
7
66
8
5
8
13
14
11
10
5
14
17
11
6
13
14
8
55
4
31
9
11
31
6
13
11
45
9
42
13
81465
12
15
30
7
201
18
13
6
28
7
41
12
42
5
41
33
29
35
11
8
9
4
10
10
38
269
12
16
45
7
14
37
256
12
12
7
8
13
5
8
19
173
53
10
7
10
7
9
10
11
24
10
20
13
21
9
7
12
17
14
9
9
11
6
14
8
15
64
154
133
8
17
7
8
5
12
8
13
10
60
360
7
8
7
9
41
10
6
11
51
35
7
9
20
255
4
10
13
11
9
11
9
9
26
10
54
240
12
7
10
12
38
18
33
8
8
10
43
67
11
11
5
10
9
4203
957
95
7
6
13
36
16
10
51
20
11
43
19
14
7
24
21
26
8
16
9
43
30
2544
30
14
5
18
35
8
13
7
11
8
13
10
7
86
14
5
11
46
9
38
25
287
6
27
52
19
7
20
13
32
10
13
6
34
16
11
6
74
10
7
24
11
110
6
29
10
9
17
10
21
26
23
38
7
12
17
10
17
31
37
49
7
7
56
1091
72
28
15
13
9
6
9
15
3
52
14
20
10
58
10
10
14
48
6
5
54
20
15
13
14
19
45
70
8
14
42
6
5
10
5
31
9
18
9
92
9
46
90
223
6
18
12
8
15
66
12
197
26
8
11
12
16
13
9
6
4
18
64
10
8
25
19
13
143
14
9
14
15
15
5
10
17
15
13
7
7
16
6
9
6
19
12
52
6
15
6
15
183
13
5
14
12
6
148
23
5
12
21
10
251
5
5
35
23
35
61
11
14
8
13
10
11
18
32
11
48
17
5
12
14
14
13
11
13
5
29
14
4
10
25
19
11
9
6
19
474
88
5
8
4
15
28
13
30
17
105
14
12
36
16
16
196
16
7
134
19
10
8
32
15
118
42
16
25
7
7
8
31
14
10
36
6
16
22
16
6
4
8
19
9
11
11
5
74
45
15
8
12
9
8
32
5
38
10
8
15
9
46
4
18
2149
7
12
48
11
19
8
9
9
7
8
12
5
8
6
10
18
10
6
6
5
14
12
16
72
14
59
21
19
27
9
6
514
17
12
14
5
52
11
10
12
517
9
12
24
7
20
32
4
8
12
14
123
14
8
33
9
15
33
112
8
21
10
5
32
13
15
238
20
29
27
11
10
27
26
7
358
32
10
56
9
57
12
10
8
46
7
72
27
11
10
27
9
7
154
7
15
5
10
22
6
7
15
9
4
12
13
9
167
22
18
14
10
32
10
15
6
20
6
6
62
4
10
8
14
8
14
8
17
17
12
16
11
5
9
13
10
9
13
13
7
6
13
7
7
18
12
12
7
13
15
7
36
23
10
19
11
14
5
9
34
8
98
11
12
13
10
13
29
8
102
12
79
8
15
7
13
50
6
8
63
11
81
4
23
15
10
24
34
10
9
9
12
6
14
197
22
14
13
20
25
6
9
11
7
17
11
36
9
9
58
6
8
7
6
6
15
6
34
10
647
7
15
7
5
15
8
5
4
9
6
14
6
12
51
9
39
16
20
14
5
70
42
9
8
39
7
6
9
9
9
31
5
13
10
65
15
11
16
10
30
15
40
73
6
44
10
7
6
19
50
4
15
8
16
69
22
49
19
16
7
6
10
69
9
25
14
6
19
15
63
17
41
6
7
27
9
67
11
13
174
12
26
7
27
10
45
12
15
6
52
11
21
5
26
8
9
63
33
13
13
12
9
16
13
13
5
12
8
36
5
37
16
25
62
7
75
47
11
10
55
9
11
174
32
7
24
17
139
18
12
7
9
20
12
6
149
8
66
93
9
27
20
12
7
13
10
11
9
8
7
35
63
77
8
12
43
16
10
23
10
21
20
11
9
17
72
5
5
15
14
10
40
13
1502
19
11
8
14
23
7
12
32
4
71
21
14
10
16
11
19
43
10
8
6
22
1076
8
13
16
11
19
11
4
45
19
4
38
10
13
31
17
14
46
42
11
7
10
8
7
5
50
8
12
19
162
11
14
40
106
26
39
50
23
11
6
5
16
42
12
6
22
5
22
32
136
9
7
58
15
10
6
11
15
13
17
12
12
14
4
37
81
9
11
10
52
26
6
15
23
24
8
18
30
22
41
8
50
9
15
9
6
18
10
16
15
48
9
15
7
15
12
3
24
27
212
28
16
24
70
29
16
159
5
25
14
12
15
8
6
7
6
13
8
23
70
39
10
6
11
27
15
16
757
7
7
9
10
8
108
13
6
54
110
22
25
9
15
17
71
6
13
13
12
7
35
11
78
7
40
6
61
10
110
38
10
44
12
32
47
75
10
6
17
10
10
41
7
10
36
7
10
39
50
72
29
9
13
7
11
4
7
10
5
6
6
98
20
8
77
12
6
12
11
37
7
13
18
15
7
4
12
5
5
14
19
12
36
8
6
15
22
6
9
12
7
18
87
72
22
9
9
5
8
6
17
9
10
14
42
8
12
99
8
56
10
12
6
19
13
6
8
8
10
44
10
21
4
13
11
10
16
12
128
15
75
8
8
5
48
10
7
8
5
23
24
11
19
13
61
79
10
23
53
20
90
19
8
12
18
8
146
13
82
5
17
18
11
15
21
7
8
8
33
11
10
5
39
217
17
9
9
7
11
10
15
6
18
5
70
7
11
21
15
47
62
13
23
85
16
13
5
18
12
5
12
10
7
14
14
6
10
20
73
13
9
33
4
11
16
6
13
79
23
15
107
9
16
8
12
20
8
6
72
7
23
18
4
61
25
21
14
31
31
21
5
20
35
18
22
10
6
247
1030
8
102
4
7
11
30
10
6
13
6
58
10
12
11
23
9
27
152
33
14
7
21
10
7
12
10
10
50
21
39
59
16
58
6
10
24
56
11
5
18
7
12
11
12
17
27
29
8
17
46
258
6
41
38
7
12
19
69
8
5
11
6
17
15
9
13
47
8
15
49
28
60
1237
13
7
20
13
14
49
8
131
7
6
6
6
4
11
17
11
58
7
19
7
15
25
7
15
29
12
1043
16
15
6
9
12
16
13
93
11
6
314
11
12
22
12
7
18
5
29
10
41
10
4186
18
40
14
24
78
9
20
14
5
41
6
13
4
9
7
10
240
70
11
11
29
6
6
54
5
122
9
68
10
8
18
8
12
8
71
9
43
30
16
14
5
56
28
8
16
8
7
27
9
10
47
15
6
61
4
39
11
10
25
61
8
67
134
31
20
14
3
18
40
323
7
20
13
64
69
16
12
9
6
12
208
24
32
222
119
8
11
9
34
10
8
11
6
22
67
56
8
42
6
7
21
19
13
3
14
11
14
22
9
10
9
4
13
1732
10
6
29
17
12
15
62
15
4
19
27
30
12
26
18
7
11
8
14
9
15
18
16
7
11
12
38
16
12
14
11
296
6
20
10
17
15
9
7
9
8
6
11
6
16
8
6
40
5
20
11
51
13
8
13
6
12
33
9
6
11
7
53
49
23
9
7
74
13
321
15
42
11
7
9
5
7
13
8
5
23
52
32
13
25
279
15
12
54
13
6
12
4
16
31
17
5
12
105
172
20
7
628
7
6
16
58
49
14
8
17
32
4
18
73
17
9
8
9
10
12
7
12
43
16
137
8
23
129
53
11
9
18
4
12
8
12
19
136
11
7
128
28
14
18
209
8
10
10
59
7
8
7
13
16
3
5
5
89
283
12
9
12
9
20
138
8
9
10
20
10
10
135
21
11
12
21
225
8
7
20
12
9
6
5
196
256
11
16
15
10
11
18
11
12
13
8
8
5
10
5
8
12
6
46
11
9
230
8
9
36
2753
42
8
59
77
10
199
126
8
21
12
9
8
18
9
10
10
4
9
39
8
7
9
8
578
49
12
9
35
6
8
18
14
27
34
4
8
9
22
15
6
8
84
7
14
32
11
5
21
79
24
18
37
8
6
17
9
9
10
6
27
9
12
40
25
1122
11
34
6
49
12
24
10
102
10
11
7
13
10
54
33
63
12
6
12
5
13
8
13
6
6
9
7
21
6
23
35
10
8
8
31
34
227
92
4050
10
11
42
26
10
12
10
3
16
5
50
17
10
12
13
16
10
13
7
5
9
9
1045
13
32
4
15
21
58
6
18
12
22
6
8
18
7
10
8
5
10
15
7
57
6
19
10
12
10
46
56
11
37
5
271
556
3
20
15
5
5
9
12
20
20
34
12
152
37
23
20
7
14
5
154
5
5
36
7
9
13
5
12
12
7
42
37
82
33
5
6
58
4
4
9
9
12
5
8
10
9
13
20
15
15
5
24
35
8
9
26
12
10
12
9
28
16
22
8
11
10
8
10
15
17
4
12
11
9
8
30
10
12
9
7
7
7
6
5
8
8
6
6
12
4
19
10
7
14
5
5
14
10
19
9
64
29
8
6
8
13
33
86
7
6
9
10
11
23
10
6
9
13
20
8
26
17
13
8
10
5
9
27
6
13
5
12
69
40
9
6
14
9
29
6
8
22
7
8
66
42
23
9
8
8
12
17
7
10
28
8
10
15
7
231
14
8
6
17
6
5
11
10
121
8
9
72
8
39
12
31
50
24
6
18
16
10
47
8
9
14
21
41
29
9
6
12
6
52
114
15
7
23
16
20
18
9
11
11
13
9
47
10
17
8
47
98
7
15
25
60
45
6
5
34
9
9
6
36
12
6
7
10
9
10
35
11
39
26
22
17
9
9
30
53
23
3
6
13
136
12
31
42
49
8
20
7
6
3
60
14
3
5
9
14
14
8
50
16
14
21
10
11
11
9
121
21
10
35
25
397
5
7
11
6
9
16
21
7
23
7
10
13
8
3
26
11
10
10
9
8
10
6
7
24
6
17
17
17
19
10
9
9
7
23
5
8
9
10
12
9
19
49
11
14
19
54
10
41
6
7
26
10
10
25
28
10
16
6
6
55
19
4
14
12
8
9
174
10
9
7
12
11
10
52
43
7
10
14
56
11
5
30
6
20
11
11
8
32
16
21
5
16
8
9
7
23
4
10
110
19
118
7
16
15
9
16
11
31
43
27
11
10
8
25
22
24
20
456
12
20
12
188
13
10
10
5
9
28
10
9
8
36
126
14
76
57
12
9
19
50
27
38
3
88
18
8
45
30
27
7
68
8
9
5
13
28
6
16
8
6
40
25
13
7
7
75
7
17
6
18
24
9
11
36
6
10
79
139
14
11
14
4
121
7
10
43
14
18
11
10
34
14
10
7
7
11
18
7
16
7
121
15
17
8
29
9
14
7
18
25
19
4
18
30
23
8
5
16
34
15
34
10
35
20
9
221
8
30
5
13
15
5
16
6
4
10
28
14
24
46
5
9
28
149
10
11
32
7
72
36
16
16
17
7
13
4
13
5
7
11
54
9
13
7
130
26
7
14
7
45
6
12
10
6
10
41
105
53
7
10
6
10
7
107
1605
16
269
42
12
59
7
13
48
51
36
12
10
61
17
7
10
19
24
9
22
32
12
7
10
18
3
12
15
1018
12
17
11
14
15
27
13
5
33
29
14
6
10
41
13
24
6
12
10
8
10
16
11
7
33
26
217
173
10
37
14
25
17
16
11
124
7
10
23
10
5
10
7
9
19
5
10
10
14
24
9
12
11
51
5
11
9
11
9
17
87
12
7
10
303
16
12
13
37
49
5
15
9
12
5
26
6
3
36
10
22
13
9
7
8
8
19
74
6
74
38
10
8
20
18
27
14
43
15
110
17
14
9
7
32
13
35
28
8
18
21
48
6
9
13
14
8
10
4
4
29
13
36
23
15
11
49
7
10
14
54
45
8
75
32
16
12
9
21
53
20
101
16
17
28
13
7
5
15
15
36
49
9
10
11
10
17
6
10
4
14
10
9
14
11
28
9
112
280
7
5
10
66
41
9
7
203
5
15
9
36
12
14
13
5
40
19
23
10
14
9
7
5
8
19
5
35
8
4
16
6
8
39
8
15
5
30
7
43
7
9
7
10
11
19
7
86
44
58
191
7
87
10
4
11
52
88
10
8
8
14
69
12
13
9
16
13
15
331
11
10
22
8
5
11
8
9
14
12
16
23
4
17
7
7
12
11
26
19
10
7
7
14
12
7
42
7
6
18
10
43
9
11
7
21
23
12
9
18
8
16
11
30
20
11
7
46
9
7
9
10
102
61
44
9
10
10
50
11
69
118
8
6
7
10
37
9
4
12
9
4032
6
30
11
18
6
12
85
14
13
21
27
4
19
9
35
44
17
88
10
23
6
36
9
20
22
5
17
7
9
16
8
9
7
30
8
6
65
10
9
7
6
14
39
14
53
30
5
7
24
10
9
75
5
11
11
10
7
11
22
13
14
5
8
19
12
139
7
8
26
11
8
348
11
9
7
68
8
11
13
79
6
29
27
6
34
8
8
26
47
29
13
24
11
18
5
39
13
23
10
73
8
9
13
10
9
8
7
12
65
10
6
4
10
8
8
7
17
5
14
28
15
8
14
429
15
14
17
6
10
10
15
8
18
7
7
10
12
621
13
13
20
12
31
16
17
28
15
9
8
8
9
43
81
18
32
9
9
41
11
36
14
4
10
32
8
33
9
22
10
8
14
54
201
9
16
5
6
9
12
96
11
14
26
7
9
13
13
34
19
23
15
25
24
12
14
25
8
5
16
203
21
8
9
8
12
17
36
15
13
12
110
14
9
21
41
28
14
11
21
9
11
13
12
6
13
24
61
10
10
5
11
8
10
23
10
13
7
5
7
7
9
11
8
77
14
12
16
18
6
108
17
8
15
36
10
52
8
7
12
76
109
12
13
5
13
11
8
7
46
18
18
9
17
13
9
11
10
27
20
4
31
6
37
9
30
135
24
10
14
9
12
7
201
46
11
1360
17
5
31
18
6
8
6
25
14
52
12
8
12
238
74
19
12
62
6
15
18
78
29
51
13
12
17
11
8
12
27
8
11
14
14
5
9
17
9
11
14
171
12
20
7
4
6
10
6
7
6
14
51
10
14
10
11
636
67
12
27
6
11
15
20
6
37
244
11
12
10
9
35
16
10
55
11
43
20
425
12
15
8
11
11
69
4
5
39
11
11
7
15
9
42
9
8
12
5
358
6
6
13
10
9
24
13
38
201
43
9
21
7
11
12
123
360
13
71
18
10
7
47
4
9
119
3
11
12
3
8
16
15
7
17
7
68
262
21
17
70
12
37
7
21
17
10
11
14
70
10
9
10
21
5
17
7
152
12
13
72
4058
4
5
17
7
16
21
6
20
10
6
34
7
42
10
112
73
18
8
7
11
28
13
13
24
44
8
5
7
9
10
31
191
24
9
25
9
11
49
37
31
10
22
178
38
5
1355
20
25
8
17
155
14
4
10
8
21
12
5
50
9
10
465
8
42
5
7
12
55
6
5
5
14
7
12
125
9
6
4
16
11
4
16
11
6
10
17
4
14
9
297
5
5
16
22
22
10
14
6
72
11
17
8
19
7
28
8
11
26
12
24
7
12
20
10
11
11
7
31
10
9
22
38
5
10
8
11
11
16
22
19
7
25
10
12
12
9
10
14
11
11
8
12
11
13
5
528
8
11
13
71
9
51
14
22
8
14
11
29
6
6
5
6
8
31
12
11
14
5
14
12
5
10
221
17
8
10
9
9
69
20
87
28
11
10
28
31
11
5
21
11
9
10
8
11
10
56
11
7
10
11
23
9
9
17
21
18
12
19
8
7
18
9
7
5
6
27
15
15
15
11
30
19
10
15
10
8
50
9
10
10
44
7
31
47
25
5
48
13
20
19
29
9
10
52
5
11
7
14
9
14
12
8
65
5
10
4
8
13
10
10
86
7
6
6
6
8
6
12
13
13
23
17
4
19
15
14
6
7
7
42
119
14
24
42
5
13
7
20
123
240
9
8
21
6
14
9
15
10
7
14
7
4
5
11
11
10
15
32
34
9
10
37
11
11
9
22
15
17
50
10
9
12
13
9
7
23
13
10
9
20
6
15
18
13
9
9
9
34
29
18
28
11
6
11
7
20
9
8
44
61
6
43
9
18
7
27
55
22
11
8
32
10
9
28
239
35
14
10
35
8
11
11
15
16
11
8
270
846
8
14
6
12
15
12
5
12
21
21
10
31
8
10
35
9
65
21
5
23
17
13
14
15
26
20
18
14
7
16
14
5
7
10
11
11
12
16
7
5
138
6
16
16
7
12
9
12
5
24
12
9
15
5
36
8
11
51
9
15
9
11
6
9
10
13
15
9
6
10
8
73
333
14
11
10
11
51
8
9
17
16
16
15
15
15
25
11
8
31
15
99
207
5
15
22
7
56
15
45
13
21
20
12
15
6
6
27
129
18
62
7
44
7
279
15
9
10
19
15
9
12
9
19
112
88
12
12
140
10
11
16
888
24
6
9
14
11
31
11
8
56
24
25
14
11
31
8
7
9
8
17
15
44
9
12
6
11
7
14
9
41
54
11
34
10
15
17
21
17
482
61
90
6
8
186
15
10
149
34
14
10
454
11
10
15
8
18
4
47
19
15
18
86
27
13
52
114
11
15
10
5
18
11
43
10
6
14
13
19
4
11
9
12
19
11
12
14
7
12
13
16
9
11
17
18
26
48
5
8
185
28
10
10
87
20
19
13
6
11
24
15
12
25
19
11
11
7
12
8
16
18
12
6
8
12
4
11
34
20
11
5
56
11
36
6
17
14
16
11
8
8
8
47
10
14
8
8
65
549
9
1033
21
63
13
17
270
4
15
8
12
13
14
119
5
10
31
5
6
62
8
7
20
5
6
7
18
15
7
30
13
10
7
20
11
15
12
11
13
57
20
7
6
38
5
18
13
17
13
13
10
11
17
49
36
175
16
9
11
10
15
5
13
6
14
9
7
13
48
81
9
7
12
27
26
9
8
7
15
19
8
10
7
13
14
11
4
7
8
24
16
42
13
14
24
11
30
12
9
17
13
18
12
6
28
11
18
10
9
10
6
12
9
4
16
6
9
14
8
6
15
8
17
109
14
6
30
10
22
7
6
25
7
23
81
18
8
25
12
13
9
12
63
34
38
13
11
10
8
11
9
8
1850
22
84
20
17
23
6
68
31
30
63
15
8
57
9
37
6
17
11
47
14
20
9
48
11
16
11
16
10
13
13
9
5
14
66
10
29
6
53
12
10
7
7
14
14
6
14
100
53
19
16
18
211
18
69
7
13
170
7
7
10
10
7
14
53
8
9
6
5
36
11
6
16
13
42
14
13
38
21
16
56
42
45
8
217
27
4
40
71
14
5
48
9
7
41
4
18
12
6
64
7
5
14
6
6
7
16
16
218
11
10
22
9
11
7
7
17
16
17
18
227
10
22
45
11
9
12
29
18
71
32
9
5
23
7
10
102
17
6
32
12
34
12
11
7
11
11
4
11
29
71
149
15
13
14
11
10
13
22
187
20
60
9
10
8
8
47
5
13
28
11
35
4
16
11
8
11
8
55
30
13
330
10
16
57
54
11
14
56
36
11
11
10
10
21
11
5
9
6
3
22
11
6
12
8
10
8
117
8
6
11
12
68
64
14
40
12
45
21
7
14
8
12
12
49
19
17
8
12
313
12
9
14
12
16
7
18
17
34
28
9
24
20
8
9
15
63
13
6
50
7
7
21
253
86
9
6
7
31
16
15
49
46
13
6
22
7
107
5
18
4
11
9
11
24
14
12
51
12
19
6
53
5
43
11
14
5
26
15
14
24
44
10
17
13
37
53
16
28
9
8
13
14
175
179
35
9
10
18
10
4
13
16
19
11
11
9
8
7
7
8
9
11
9
5
12
151
6
11
6
11
6
12
5
20
8
13
17
11
7
15
10
15
18
10
6
12
8
16
20
16
9
62
13
15
6
8
12
32
17
7
16
31
10
7
28
9
20
8
11
12
68
12
11
24
12
5
20
22
54
9
15
18
8
28
9
38
16
11
12
7
13
31
37
5
52
9
26
9
25
8
13
5
10
11
9
8
55
14
45
7
13
11
84
14
4
6
5
16
33
7
15
26
19
26
39
9
11
18
19
27
27
13
9
11
19
6
61
62
55
45
11
12
7
16
12
149
68
32
14
14
17
79
7
14
8
45
17
7
8
118
22
30
64
19
8
9
20
11
15
9
41
7
31
26
10
11
12
42
13
21
9
16
781
5
7
17
36
10
57
12
27
13
15
7
14
10
10
5
7
9
14
9
17
7
7
11
7
16
12
58
12
11
6
220
43
10
11
17
12
6
7
5
8
15
12
9
13
6
7
19
33
8
12
12
10
21
21
41
5
12
42
50
18
23
11
12
8
8
19
14
5
12
50
6
21
7
19
16
13
21
12
13
10
67
7
10
15
7
8
22
21
74
26
9
20
12
13
10
8
5
17
80
11
15
93
13
6
14
8
16
9
68
13
79
16
11
7
325
202
10
66
21
50
7
6
6
8
11
9
39
23
9
16
2
12
54
17
12
11
14
13
50
5
20
10
9
23
6
12
30
145
7
35
27
8
15
40
13
6
6
9
7
5
221
20
16
7
16
12
21
13
9
6
15
43
13
7
10
11
8
31
9
11
7
25
10
11
10
12
9
77
26
4
12
7
13
6
12
9
12
7
29
13
7
143
17
47
13
10
14
13
12
11
148
12
16
7
17
19
49
58
9
39
5
11
6
34
8
17
14
6
23
28
14
45
13
27
1937
16
91
17
11
8
14
32
33
20
22
50
34
10
40
22
8
13
1052
20
7
47
51
50
24
68
12
30
7
10
7
25
42
12
72
18
34
14
4
12
10
7
48
39
5
38
5
7
6
50
19
15
7
8
85
16
7
5
15
8
10
29
12
126
20
14
10
12
7
5
30
9
7
6
23
17
6
41
5
44
39
4
17
11
40
5
7
319
35
9
7
11
30
24
6
25
11
7
8
17
31
5
10
34
14
11
38
13
14
4
13
16
9
44
11
32
24
17
7
8
79
6
6
66
18
10
39
16
60
41
43
8
8
42
5
6
8
37
56
60
39
13
85
68
12
25
13
28
26
103
104
30
14
235
30
7
5
91
17
13
78
8
7
7
6
6
56
17
15
11
17
8
18
24
10
4
11
78
21
20
4
6
5
24
20
11
72
9
5
10
35
3
16
6
17
139
11
58
6
4
28
13
19
25
9
18
9
5
16
13
26
20
3
8
7
7
9
17
74
238
18
3
6
395
17
56
355
7
9
12
7
18
20
17
13
4
6
48
5
33
14
22
64
35
15
14
12
10
390
3
15
12
8
18
6
10
224
48
9
127
19
5
9
9
10
875
8
8
7
37
8
36
8
26
44
175
9
41
7
14
13
10
180
10
14
15
6
10
9
13
11
6
22
49
16
11
6
41
7
24
21
10
40
100
8
21
253
6
59
176
9
21
49
24
13
8
10
15804
109
21
13
34
25
13
13
7
12
25
8
5
8
12
7
102
7
16
7
9
14
21
10
47
4
8
5
17
100
14
12
15
3
313
170
9
33
7
31
7
33
7
5
65
9
171
15
12
11
6
125
62
16
47
81
14
13
65
50
14
18
14
29
9
78
83
8
24
14
9
30
16
12
13
8
21
9
37
8
82
26
15
41
18
341
19
78
30
12
9
17
17
13
7
35
15
14
16
15
8
5
23
66
7
11
7
13
37
108
6
35
21
11
19
60
37
14
9
19
6
11
26
1171
9
14
7
125
63
13
5
7
20
11
10
11
17
25
37
79
3
9
30
6
11
17
11
6
10
15
11
8
7
11
35
10
16
29
21
5
20
8
54
9
11
8
8
7
11
17
10
639
22
10
6
7
194
23
15
10
10
6
188
7
64
5
28
11
8
31
6
27
8
53
10
25
10
26
9
12
12
24
22
7
14
66
40
12
5
32
6
44
48
6
8
6
14
20
37
100
6
7
21
10
81
14
9
6
10
25
10
8
16
26
10
9
12
6
4
18
58
72
9
11
121
9
56
12
18
114
7
28
13
63
19
43
40
16
10
11
6
6
22
10
62
4
92
36
107
65
23
12
15
28
132
50
82
13
43
59
13
9
27
76
10
12
10
64
16
21
12
29
9
21
13
8
13
15
45
12
9
7
14
764
10
25
9
71
12
10
4
49
132
16
43
9
66
22
8
73
34
15
43
55
7
11
3
75
9
8
193
12
4
8
6
20
100
10
9
8
13
10
29
21
43
9
18
7
28
15
6
30
18
8
15
9
29
7
119
9
27
16
16
37
49
13
14
8
56
32
192
15
4
6
7
14
15
42
8
13
9
24
8
10
8
28
71
9
8
16
11
6
16
10
10
7
52
9
6
12
4
15
14
10
10
5
7
157
9
16
25
48
16
9
7
776
7
85
5
7
7
11
7
18
6
4
83
33
16
36
15
18
27
6
15
100
10
7
15
10
176
12
41
26
16
14
13
23
14
8
270
15
8
7
11
68
776
10
8
776
9
100
42
14
42
11
10
26
6
8
8
39
321
12
7
14
10
6
10
12
82
46
19
8
7
7
21
5
11
19
5
6
7
67
37
9
13
125
19
18
13
12
29
11
474
12
8
121
11
13
16
14
24
9
9
9
9
664
24
299
27
7
8
70
7
121
6
99
25
52
42
86
8
147
110
468
11
60
40
16
34
92
73
9
69
8
5
10
21
5
18
48
73
35
31
29
14
15
7
28
18
10
149
18
13
14
10
171
9
9
8
44
6
248
45
9
6
16
31
7
7
29
7
49
9
9
8
9
7
29
12
85
6
8
11
9
7
11
12
22
15
19
13
12
4
15
9
7
8
21
10
23
17
45
22
40
11
131
9
26
8
10
7
26
14
7
12
18
20
21
31
8
27
111
24
14
28
8
41
7
100
18
53
124
8
21
17
7
16
11
365
9
9
7
12
28
10
13
24
28
5
109
18
21
13
34
19
112
11
10
16
9
316
20
20
9
17
16
16
23
15
11
8
7
10
7
48
31
235
29
8
11
12
16
7
7
25
42
49
133
20
9
146
50
17
11
4
15
139
11
14
53
14
41
8
12
7
15
9
10
273
42
13
19
28
13
6
16
32
49
14
19
32
63
12
43
13
265
12
7
18
12
10
4
7
16
143
74
13
19
11
43
42
15
10
8
7
29
8
10
6
10
43
17
90
19
13
6
7
7
10
13
8
94
49
5
15
11
7
23
13
7
9
8
32
84
117
19
7
17
11
49
138
6
12
28
7
18
15
30
15
80
12
9
11
15
14
11
7
6
10
12
32
79
5
32
11
6
34
7
17
7
26
42
62
15
11
13
9
7
10
16
9
5
22
48
5
14
329
28
22
58
6
7
14
18
21
157
13
12
9
59
11
50
53
9
20
36
31
20
18
199
6
77
9
15
17
48
68
9
264
6
15
7
15
9
7
6
5
10
22
9
6
12
11
44
10
38
31
17
15
93
10
13
8
19
73
11
18
50
13
70
49
6
10
13
261
26
10
8
12
8
6
191
15
11
8
35
9
9
14
20
33
5
16
9
5
6
8
16
18
10
15
816
9
13
53
212
8
8
7
12
9
34
13
8
14
16
68
109
756
8
16
16
8
42
11
7
38
8
14
15
4164
79
39
20
21
36
16
11
6
11
12
20
16
11
256
11
9
115
7
13
6
11
8
43
9
19
9
5
6
6
5
68
16
27
76
26
16
36
54
27
560
9
9
77
12
16
9
37
4
9
48
8
34
21
12
13
11
7
49
56
61
61
47
10
7
8
8
13
145
44
8
27
9
50
132
11
12
9
10
21
296
13
5
5
235
11
35
8
30
5
158
8
42
10
17
14
21
5
69
6
45
35
9
23
11
13
7
18
4
39
7
12
7
13
15
13
10
9
146
7
22
12
6
14
9
9
9
15
63
11
12
25
22
75
15
41
5
15
311
9
5
14
80
25
43
9
9
3
9
16
9
56
22
49
18
12
12
43
21
220
147
4
138
15
119
81
50
9
12
4
18
67
76
20
75
64
10
4
10
12
23
18
31
5
55
8
23
18
7
12
227
21
11
18
38
335
12
10
11
125
86
11
12
28
32
7
55
17
15
11
17
51
18
8
11
45
10
10
74
17
8
30
7
11
103
19
12
49
6
11
13
11
10
18
35
6
13
12
11
158
40
15
8
5
15
7
7
9
52
22
8
7
19
103
10
8
9
22
5
17
13
146
17
9
10
19
17
182
44
6
16
23
22
14
7
8
30
79
13
11
11
13
17
7
57
22
44
18
11
13
6
121
7
46
27
12
8
10
6
9
21
32
18
45
32
24
22
38
7
8
6
8
7
24
11
6
106
43
13
26
19
19
23
102
8
20
12
8
11
17
20
13
12
6
17
7
9
767
46
6
29
28
10
240
10
12
11
6
33
20
243
6
12
7
135
12
8
19
31
19
7
12
104
7
5
16
7
5
5
13
8
17
12
6
9
11
26
40
50
169
35
10
279
6
14
5
11
16
13
9
40
10
6
20
40
81
14
15
10
54
8
5
23
40
33
11
7
8
6
12
6
8
13
30
18
11
12
26
15
63
16
97
14
6
5
46
74
16
13
1029
22
11
47
13
16
25
21
18
39
24
14
15
26
63
19
8
12
6
113
10
15
11
31
6
7
8
14
258
9
8
30
3
14
27
8
64
9
11
20
15
8
10
8
21
5
9
7
400
22
7
10
41
10
13
9
10
8
9
4
25
34
12
5
16
36
6
10
15
61
6
5
5
8
15
49
9
15
8
10
4
11
10
5
28
4
2
2
30
21
11
10
47
12
5
13
9
290
8
16
6
63
10
7
11
6
22
35
11
18
5
18
17
165
4
17
45
41
11
60
13
7
16
11
6
29
90
5
186
13
7
18
5
32
23
33
9
38
81
8
33
70
10
18
9
7
16
11
9
55
10
95
11
27
50
12
66
6
287
17
62
33
11
10
7
65
37
21
15
9
9
117
22
18
10
8
10
676
11
14
11
13
10
13
9
19
11
13
42
13
8
9
70
8
8
10
18
235
6
22
8
11
10
16
12
7
66
9
13
9
22
15
12
12
76
15
5
9
53
48
57
7
223
4
32
9
11
19
82
23
11
44
8
15
34
9
9
8
8
98
5
7
7
8
15
6
8
9
30
7
44
19
68
4
242
14
12
7
91
5
78
15
13
25
5
7
15
82
8
6
68
106
5
25
24
7
71
8
9
7
7
29
6
13
30
7
11
11
11
6
46
10
9
8
10
20
57
15
8
81
13
4
7
13
56
11
61
14
24
6
89
30
6
11
11
11
22
86
2407
7
25
26
8
90
8
5
36
12
11
12
16
34
29
7
13
9
32
31
68
6
41
13
8
25
27
11
18
9
41
51
15
8
7
37
33
16
11
79
21
8
6
94
14
11
7
5
34
16
454
52
9
8
14
4
31
120
240
12
11
8
4
16
8
69
12
1081
12
73
17
7
160
32
34
9
34
9
9
65
9
12
14
79
31
9
13
29
16
16
13
5
6
27
19
13
23
14
13
9
5
38
5
12
12
16
11
34
11
57
9
9
9
17
14
77
15
23
6
117
8
15
81
26
7
12
32
10
80
18
49
49
42
12
17
12
157
7
12
7
73
10
127
8
7
6
42
10
8
16
91
7
10
9
16
21
7
9
24
5
10
11
12
20
42
29
7
15
54
14
9
12
37
7
6
6
146
11
7
10
7
7
8
15
54
10
64
4
13
13
4
80
11
12
8
34
8
8
9
14
14
7
11
8
24
11
73
13
20
31
45
16
17
6
18
10
15
9
2172
11
14
10
36
8
5
15
6
8
18
70
48
10
11
17
15
19
12
16
180
110
8
24
10
10
7
14
11
11
14
36
3553
37
4
10
8
7
175
482
10
12
10
12
15
10
7
7
31
18
10
9
7
61
33
12
6
6
7
35
5
8
14
11
10
5
7
9
9
102
38
7
7
14
42
167
821
202
11
47
11
11
9
132
5
821
14
13
20
20
13
66
10
8
21
12
9
46
13
7
62
10
10
10
11
2
18
16
25
5
8
11
10
8
13
9
8
17
65
15
6
5
8
23
15
147
12
77
11
121
7
6
6
10
8
12
16
28
67
23
15
14
41
13
40
19
12
11
29
22
24
122
23
14
7
13
9
6
7
27
15
57
12
13
20
31
19
10
25
5
54
20
15
10
10
13
11
6
5
130
7
153
12
10
7
22
11
23
7
16
10
182
8
75
11
6
5
21
29
7
8
13
11
8
8
19
148
12
10
30
14
26
9
9
31
18
5
16
41
11
41
96
8
5
9
11
78
14
9
15
5
8
44
46
15
576
14
49
9
9
42
46
26
7
33
20
22
12
7
23
55
19
13
17
7
42
6
13
8
7
16
9
33
10
9
17
8
8
20
19
56
67
70
46
109
9
7
7
12
13
7
5
9
6
5
71
171
9
14
8
5
19
53
69
111
9
12
4
7
13
22
48
11
22
8
11
92
29
7
14
10
22
16
15
7
12
21707
7
19
10
22
46
11
65
21
30
11
11
61
15
140
8
13
7
8
11
29
10
18
47
40
22
15
21
18
9
14
55
20
7
12
12
8
22
20
10
46
11
10
7
44
11
16
10
14
31
5
6
10
21
11
10
9
71
10
5
11
81
20
6
5
70
13
8
8
67
106
42
259
7
14
4
13
63
11
9
6
11
49
41
10
7
8
17
14
29
17
9
44
11
28
45
26
19
20
51
114
9
6
7
9
14
44
18
10
10
23
23
5
16
318
19
18
4
9
3
17
8
30
6
18
12
39
20
5
8
15
6
16
32
19
9
29
5
5
18
6
11
10
9
9
8
7
25
12
24
10
7
8
8
69
14
12
6
10
253
32
24
3
10
10
17
9
4
10
15
19
6
5
13
15
22
9
30
20
12
47
19
9
9
11
11
16
12
10
14
16
10
23
6
11
9
23
19
21
81
10
25
74
8
18
16
19
7
18
18
13
244
16
9
19
12
34
11
6
13
14
8
19
15
39
15
10
9
6
244
27
15
13
6
6
11
58
7
12
22
35
22
18
7
16
11
54
9
89
23
14
12
34
12
33
43
16
16
66
10
24
29
2800
9
42
9
7
9
4
28
5
8
7
1342
6
815
57
15
4
15
42
4
10
15
11
7
7
8
131
12
4
14
7
24
8
119
26
35
35
127
7
15
46
8
6
202
7
14
19
106
5
16
12
65
61
8
11
27
9
13
17
13
11
7
30
33
9
26
9
15
6
6
7
17
6
9
16
64
9
18
10
59
1211
12
10
12
13
11
14
17
15
22
390
28
21
106
6
345
9
7
13
21
5
13
13
8
109
13
8
5
5
14
70
29
11
12
33
282
29
10
13
22
18
18
10
5
10
5
6
5
15
7
7
11
9
38
5
18
15
12
5
8
37
6
126
27
8
9
43
5
11
8
23
30
24
9
15
13
14
41
4
151
14
6
40
16
130
107
8
12
11
11
8
25
8
34
14
102
13
29
7
31
14
19
9
10
75
41
75
7
77
10
20
25
85
5
52
6
31
61
23
21
16
7
10
59
7
7
15
7
6
345
7
45
16
14
40
68
6
37
14
19
10
40
20
15
46
6
10
70
10
8
6
9
8
5
4
40
118
15
14
8
16
6
13
4050
30
5
7
8
30
7
10
6
32
10
9
10
26
12
45
33
19
34
6
9
11
18
12
260
9
27
162
10
6
23
5
21
31
22
11
13
12
68
212
4
11
7
157
7
67
10
9
20
10
9
9
38
22
8
4
53
11
13
6
7
9
17
14
8
21
46
15
16
94
856
20
8
9
58
7
20
8
30
13
70
56
6
37
6
15
12
12
9
37
7
7
15
17
9
10
11
12
6
12
8
34
7
5
7
14
65
4
38
13
15
43
7
732
12
150
314
5
36
31
10
7
30
9
481
10
8
16
14
8
15
12
10
58
4
49
20
19
16
7
7
11
10
9
14
8
21
19
15
109
4
53
6
13
12
49
11
13
12
11
4
11
7
11
55
5
33
10
9
12
41
8
11
13
16
9
15
6
15
30
5
23
82
17
9
12
11
341
157
24
10
13
23
178
5
14
23
13
12
13
28
25
11
8
13
34
33
60
481
19
17
15
6
9
8
12
13
5
21
158
39
7
12
41
25
14
17
8
17
9
15
28
45
89
9
14
5
12
12
4
20
13
5
65
50
15
16
9
13
17
3
15
7
25
46
8
13
6
20
37
8
9
14
14
12
26
27
20
24
17
38
12
10
16
7
61
113
9
12
10
17
19
7
13
12
11
13
10
10
156
6
24
6
36
52
10
7
13
43
18
30
34
20
6
12
19
174
6
7
11
11
8
9
179
14
12
11
36
13
37
41
32
8
135
14
14
10
42
11
35
10
10
133
14
21
17
9
40
16
28
12
8
9
31
11
7
11
10
73
18
52
283
5
66
13
6
10
6
12
11
12
10
3
36
7
13
30
14
15
12
8
14
5
10
5
9
9
7
4
18
9
14
16
9
10
15
53
45
14
5
25
255
7
11
10
73
6
8
5
5
13
10
7
191
11
6
10
16
10
4
7
5
36
15
10
49
4
27
14
251
7
16
8
17
8
9
17
18
12
8
9
13
19
37
10
10
13
6
8
13
63
20
21
21
7
28
19
10
5
8
10
21
42
12
14
10
11
7
34
8
4
22
23
15
7
10
11
9
10
121
88
26
110
13
14
8
9
12
9
6
8
15
24
7
25
14
66
287
25
86
9
30
8
48
14
25
8
16417
27
4
95
11
8
29
17
16
8
6
9
16
7
8
17
41
11
18
13
10
23
7
205
12
6
14
6
107
20
38
14
75
10
858
23
7
13
10
50
11
8
6
32
9
10
6
26
10
5
66
6
26
85
9
119
36
15
4
7
10
62
213
28
16
100
18
22
1032
83
29
17
8
8
19
72
249
16
13
22
13
16
10
9
24
110
5
58
12
21
8
177
9
11
75
12
54
28
13
15
6
10
38
10
13
12
6
6
10
7
7
12
13
7
11
21
30
56
15
12
40
53
47
9
11
19
7
9
5
9
16
16
254
4
14
8
12
16
43
24
51
6
26
8
32
9
9
63
6
30
7
88
133
8
8
20
5
12
14
9
25
26
29
10
16
12
17
33
7
14
6
14
5
6
11
6
37
57
32
10
11
3
178
11
6
22
48
7
12
5
23
15
11
6
6
28
12
8
13
3
23
36
14
11
121
23
29
7
12
17
7
7
4
13
8
5
30
51
7
7
9
10
54
53
8
9
11
4
38
11
18
219
11
17
8
34
18
14
14
18
111
114
6
32
6
16
21
15
129
29
14
17
46
34
10
39
12
12
353
14
14
44
12
32
8
13
54
65
296
51
13
10
11
7
14
7
11
10
9
17
5
67
4
5
11
8
9
47
9
14
4
14
9
10
5
61
17
25
18
12
16
7
12
7
5
7
11
13
24
195
7
14
17
44
11
54
9
29
13
9
12
4
50
8
69
10
18
21
11
19
128
10
26
8
8
10
7
17
8
11
7
15
12
103
55
8
7
8
21
8
84
45
20
1024
18
81
11
23
13
15
14
29
7
14
52
13
7
21
52
61
15
17
7
15
10
38
39
7
12
15
9
5
7
7
10
8
9
39
6
13
53
6
6
13
19
6
48
27
16
6
10
19
16
26
8
10
8
13
12
7
34
14
24
14
13
7
37
26
8
13
33
21
48
6
6
36
28
20
16
11
8
15
26
20
12
11
5
59
11
11
14
21
14
24
36
29
8
11
7
6
10
17
14
15
58
18
7
28
8
10
83
11
9
9
12
9
8
6
12
175
11
9
5181
15
6
28
8
16
5
20
11
8
10
6
4
6
19
15
13
9
29
6
7
16
11
19
14
7
15
23
55
9
13
48
8
13
86
114
10
14
8
9
8
5
11
6
12
10
62
8
43
13
4
8
10
11
9
11
32
40
6
13
8
2
6
15
12
24
9
805
72
7
10
14
15
10
14
7
14
26
5
6
3
11
