2.0
2.1201112126642814
2.2404273817287104
2.360948507193288
2.481674589058013
2.6026056273228866
2.7237416219879083
2.8450825730530775
2.9666284805183953
3.0883793443838607
3.210335164649474
3.332495941315236
3.4548616743811458
3.577432363847204
3.7002080097134096
3.823188611979764
3.946374170646266
4.069764685712917
4.193360157179715
4.317160585046661
4.441165969313756
4.565376309980999
4.689791607048389
4.814411860515928
4.939237070383615
5.06426723665145
5.189502359319432
5.314942438387563
5.440587473855842
5.5664374657242695
5.692492413992845
5.818752318661568
5.945217179730439
6.071886997199458
6.198761771068626
6.325841501337941
6.4531261880074045
6.580615831077017
6.708310430546777
6.836209986416684
6.96431449868674
7.092623967356944
7.221138392427295
7.349857773897796
7.478782111768444
7.60791140603924
7.737245656710184
7.866784863781276
7.9965290272525165
8.126478147123905
8.256632223395442
8.386991256067127
8.517555245138958
8.64832419061094
8.779298092483067
8.910476950755346
9.04186076542777
9.173449536500343
9.305243263973063
9.437241947845932
9.569445588118949
9.701854184792115
9.834467737865427
9.96728624733889
10.100309713212498
10.233538135486254
10.36697151416016
10.50060984923421
10.634453140708413
10.768501388582761
10.902754592857256
11.037212753531902
11.171875870606696
11.306743944081635
11.441816973956726
11.577094960231962
11.712577902907348
11.848265801982881
11.984158657458561
12.120256469334391
12.25655923761037
12.393066962286493
12.529779643362769
12.66669728083919
12.80381987471576
12.941147424992478
13.078679931669342
13.216417394746356
13.354359814223518
13.492507190100827
13.630859522378287
13.769416811055892
13.908179056133648
14.04714625761155
14.186318415489598
14.325695529767797
14.465277600446143
14.605064627524639
14.745056611003282
14.885253550882071
15.02565544716101
15.166262299840097
15.307074108919332
15.448090874398716
15.589312596278244
15.730739274557925
15.872370909237752
16.014207500317724
16.15624904779785
16.29849555167812
16.440947011958542
16.58360342863911
16.72646480171982
16.869531131200688
17.012802417081698
17.156278659362858
17.299959858044165
17.443846013125622
17.587937124607222
17.732233192488977
17.876734216770878
18.021440197452925
18.16635113453512
18.311467028017464
18.456787877899956
18.602313684182597
18.74804444686539
18.893980165948328
19.040120841431413
19.18646647331465
19.33301706159803
19.47977260628156
19.62673310736524
19.773898564849066
19.92126897873304
20.068844349017162
20.216624675701436
20.364609958785856
20.51280019827042
20.661195394155136
20.80979554644
20.95860065512501
21.107610720210168
21.25682574169548
21.406245719580934
21.555870653866535
21.705700544552286
21.855735391638188
22.005975195124236
22.15641995501043
22.307069671296777
22.45792434398327
22.608983973069908
22.760248558556693
22.911718100443633
23.063392598730715
23.215272053417948
23.367356464505328
23.519645831992857
23.672140155880534
23.824839436168357
23.97774367285633
24.13085286594445
24.28416701543272
24.437686121321136
24.591410183609703
24.745339202298414
24.899473177387275
25.053812108876286
25.20835599676544
25.363104841054746
25.518058641744197
25.673217398833803
25.82858111232355
25.984149782213446
26.139923408503492
26.295901991193688
26.45208553028403
26.60847402577452
26.76506747766516
26.921865885955942
27.078869250646875
27.236077571737958
27.393490849229188
27.55110908312057
27.708932273412092
27.86696042010377
28.02519352319559
28.18363158268756
28.342274598579678
28.501122570871946
28.66017549956436
28.81943338465692
28.978896226149633
29.138564024042495
29.2984367783355
29.45851448902865
29.61879715612196
29.77928477961541
29.939977359509008
30.100874895802754
30.26197738849665
30.423284837590693
30.584797243084886
30.74651460497922
30.90843692327371
31.070564197968345
31.232896429063132
31.395433616558066
31.558175760453143
31.72112286074837
31.884274917443744
32.04763193053927
32.21119390003494
32.37496082593076
32.53893270822673
32.703109546922846
32.86749134201911
33.03207809351552
33.196869801412085
33.36186646570879
33.52706808640565
33.69247466350265
33.85808619699981
34.02390268689711
34.18992413319456
34.356150535892155
34.5225818949899
34.689218210487795
34.85605948238583
35.02310571068402
35.19035689538236
35.35781303648085
35.52547413397948
35.69334018787826
35.86141119817719
36.029687164876265
36.198168087975496
36.36685396747487
36.535744803374385
36.70484059567406
36.87414134437388
37.04364704947385
37.21335771097396
37.383273328874225
37.55339390317463
37.72371943387519
37.894249920975895
38.06498536447675
38.23592576437775
38.40707112067889
38.5784214333802
38.749976702481646
38.92173692798324
39.09370210988498
39.265872248186874
39.438247342888914
39.610827393991094
39.78361240149343
39.956602365395916
40.129797285698544
40.303197162401325
40.47680199550425
40.65061178500733
40.82462653091055
40.998846233213925
41.17327089191745
41.34790050702111
41.52273507852493
41.697774606428894
41.873019090733
42.048468531437265
42.22412292854167
42.399982282046224
42.57604659195093
42.752315858255784
42.92879008096079
43.10546926006593
43.28235339557123
43.45944248747667
43.63673653578226
43.814235540488
43.9919395015939
44.169848419099935
44.34796229300612
44.52628112331245
44.70480491001893
44.88353365312556
45.06246735263233
45.241606008539264
45.420949620846336
45.60049818955356
45.78025171466093
45.96021019616845
46.140373634076106
46.32074202838392
46.50131537909188
46.6820936862
46.86307694970826
47.04426516961666
47.22565834592521
47.40725647863391
47.589059567742765
47.77106761325176
47.953280615160914
48.13569857347021
48.31832148817965
48.501149359289236
48.68418218679897
48.86741997070886
49.050862711018894
49.23451040772908
49.41836306083941
49.602420670349886
49.786683236260515
49.971150758571284
50.15582323728221
50.34070067239328
50.525783063904505
50.71107041181587
50.89656271612739
51.08225997683905
51.26816219395086
51.454269367462814
51.640581497374924
51.827098583687174
52.01382062639959
52.200747625512136
52.38787958102484
52.575216492937685
52.762758361250675
52.95050518596382
53.13845696707711
53.32661370459056
53.51497539850415
53.70354204881788
53.892313655531765
54.0812902186458
54.270471738159976
54.4598582140743
54.64944964638879
54.839246035103415
55.02924738021818
55.2194536817331
55.40986493964817
55.600481153963386
55.79130232467875
55.982328451794274
56.17355953530993
56.36499557522574
56.556636571541695
56.748482524257795
56.94053343337405
57.13278929889045
57.325250120807
57.51791589912371
57.71078663384055
57.903862324957544
58.097142972474686
58.290628576391974
58.48431913670941
58.67821465342699
58.872315126544734
59.06662055606262
59.261130941980646
59.45584628429882
59.650766583017145
59.84589183813562
60.041222049654245
60.23675721757302
60.43249734189194
60.628442422611
60.82459245973021
61.020947453249576
61.21750740316909
61.41427230948875
61.61124217220856
61.808416991328514
62.00579676684862
62.20338149876886
62.40117118708926
62.59916583180981
62.797365432930505
62.99576999045135
63.19437950437235
63.39319397469348
63.59221340141477
63.79143778453621
63.990867124057786
64.19050141997951
64.39034067230139
64.59038488102343
64.79063404614561
64.99108816766793
65.1917472455904
65.39261127991301
65.59368027063579
65.7949542177587
65.99643312128177
66.19811698120499
66.40000579752835
66.60209957025185
66.8043982993755
67.00690198489932
67.20961062682326
67.41252422514737
67.61564277987162
67.81896629099602
68.02249475852057
68.22622818244525
68.4301665627701
68.63430989949508
68.83865819262023
69.0432114421455
69.24796964807095
69.45293281039652
69.65810092912226
69.86347400424813
70.06905203577415
70.27483502370032
70.48082296802666
70.68701586875312
70.89341372587974
71.10001653940651
71.30682430933342
71.51383703566049
71.72105471838769
71.92847735751505
72.13610495304256
72.34393750497021
72.55197501329802
72.76021747802596
72.96866489915406
73.17731727668232
73.38617461061071
73.59523690093926
73.80450414766794
74.01397635079678
74.22365351032576
74.4335356262549
74.64362269858418
74.85391472731362
75.0644117124432
75.27511365397292
75.4860205519028
75.69713240623283
75.90844921696299
76.11997098409331
76.33169770762377
76.5436293875544
76.75576602388517
76.96810761661608
77.18065416574714
77.39340567127834
77.6063621332097
77.81952355154121
78.03288992627286
78.24646125740466
78.4602375449366
78.6742187888687
78.88840498920095
79.10279614593334
79.31739225906588
79.53219332859857
79.7471993545314
79.9624103368644
80.17782627559752
80.39344717073081
80.60927302226423
80.82530383019781
81.04153959453154
81.25798031526541
81.47462599239944
81.6914766259336
81.90853221586792
82.12579276220238
82.34325826493699
82.56092872407176
82.77880413960668
82.99688451154174
83.21516983987694
83.43366012461229
83.6523553657478
83.87125556328344
84.09036071721924
84.30967082755518
84.52918589429129
84.74890591742752
84.96883089696391
85.18896083290045
85.40929572523714
85.62983557397396
85.85058037911097
86.0715301406481
86.29268485858537
86.5140445329228
86.73560916366037
86.95737875079809
87.17935329433595
87.40153279427398
87.62391725061245
87.94693917711857
88.27096631909868
88.5959986765528
88.9220362494809
89.24907903788299
89.5771270417591
89.90618026110918
90.2362386959333
90.56730234623137
90.89937121200346
91.23244529324953
91.56652458996959
91.90160910216365
92.23769882983171
92.57479377297376
92.91289393158982
93.25199930567985
93.5921098952439
93.93322570028192
94.27534672079396
94.61847295677997
94.96260440824
95.30774107517401
95.65388295758203
96.00103005546401
96.34918236882002
96.69833989765004
97.04850264195402
97.399670601732
97.75184377698397
98.10502216770995
98.4592057739099
98.81439459558389
99.17058863273185
99.5277878853538
99.88599235344974
100.24520203701971
100.6054169360636
100.96663705058158
101.32886238057353
101.69209292603942
102.05632868697936
102.42156966339326
102.78781585528118
103.15506726264309
103.523323885479
103.89258572378887
104.26285277757279
104.63412504683065
105.00640253156254
105.37968523176839
105.75397314744829
106.12926627860219
106.50556462523004
106.8828681873319
107.26117696490773
107.6404909579576
108.02081016648143
108.40213459047926
108.78446422995108
109.16779908489696
109.55213915531674
109.93748444121059
110.32383494257836
110.7111906594202
111.099551591736
111.4889177395258
111.87928910278961
112.27066568152738
112.66304747573919
113.05643448542494
113.45082671058474
113.84622415121848
114.24262680732626
114.64003467890801
115.03844776596378
115.4378660684935
115.83828958649727
116.239718319975
116.64215226892675
117.04559143335248
117.4500358132522
117.85548540862594
118.26194021947364
118.66940024579536
119.07786548759105
119.48733594486076
119.89781161760446
120.30929250582216
120.72177860951383
121.13526992867952
121.54976646331917
121.96526821343288
122.38177517902056
122.7992873600822
123.21780475661785
123.6373273686275
124.05785519611116
124.47938823906878
124.9019264975002
125.39007588168033
125.8805098062902
126.3732282713301
126.86823127679986
127.36551882269964
127.86509090902933
128.36694753578882
128.87108870297834
129.3775144105977
129.8862246586471
130.39721944712625
130.91049877603552
131.42606264537454
131.94391105514364
132.4640440053425
132.9864614959714
133.5111635270302
134.03815009851894
134.56742121043754
135.09897686278612
135.63281705556466
136.1689417887731
136.70735106241136
137.2480448764797
137.79102323097783
138.33628612590599
138.88383356126394
139.43366553705198
139.98578205326976
140.54018310991762
141.09686870699528
141.65583884450297
142.2170935224405
142.78063274080807
143.34645649960538
143.91456479883277
144.48495763849002
145.05763501857723
145.6325969390943
146.2098434000414
146.78937440141829
147.37118994322526
147.95529002546203
148.54167464812883
149.13034381122543
149.72129751475205
150.31453575870847
150.91005854309498
151.50786586791122
152.10795773315755
152.71033413883367
153.31499508493988
153.92194057147583
154.53117059844186
155.1426851658377
155.75648427366355
156.3725679219192
156.99093611060493
157.61158883972047
158.23452610926603
158.85974791924139
159.48725426964688
160.11704516048206
160.74912059174733
161.3834805634425
162.02012507556748
162.65905412812253
163.30026772110733
163.9437658545222
164.5895485283669
165.23761574264165
165.88796749734615
166.54060379248074
167.19552462804506
167.85273000403947
168.51221992046374
169.17399437731797
169.83805337460205
170.5043969123161
171.17302499046002
171.84393760903401
172.51713476803786
173.19261646747168
173.87038270733524
174.55043348762888
175.23276880835238
175.91738866950584
176.60429307108916
177.29348201310245
177.9849554955456
178.67871351841882
179.37475608172178
180.07308318545483
180.77369482961763
181.4765910142105
182.18177173923323
182.88923700468592
183.59898681056848
184.3110211568811
185.02534004363042
187.44043471713485
189.8914474210942
192.3783781555121
194.90122692038494
197.45999371571452
200.05467854149902
202.68528139774207
205.35180228444005
208.05424120159478
210.79259814920442
213.56687312727263
216.37706613579394
219.22317717477563
222.10520624421224
225.02315334410196
227.97701847445205
230.96680163525525
233.992502826517
237.0541220482355
240.15165930040712
243.2851145830391
246.4544878961242
249.6597792396642
252.9009886136664
256.1781160181199
259.49116145303014
262.84012491840076
266.2250064142245
269.6458059405031
273.10252349724215
276.5951590844343
280.1237127020813
283.68818435018693
287.2885740287511
290.9248817377684
294.59710747724057
298.30525124717315
302.04931304756064
305.82929287840307
309.6451907397004
313.49700663145995
317.3847405536708
321.30839250633653
325.2679624894645
329.2634505030437
333.2948565470797
337.36218062157604
341.4654227265255
345.6045828619317
349.7796610278092
352.7414148622129
355.690096830529
358.6257069327539
361.5482451688895
364.4577115389384
367.3541060428952
370.2374286807644
373.1076794525434
375.96485835823296
378.808965397835
381.640000571344
384.45796387876544
387.26285532009933
390.0546748953411
392.83342260449444
395.5990984475593
398.35170242453387
401.0912345354209
403.8176947802167
406.53108315892314
409.231399671542
411.9186443180688
414.5928170985071
417.25391801285696
419.9019470611165
422.5369042432867
425.15878955937023
427.76760300936166
430.36334459326554
432.9460143110782
435.5156121628006
438.07213814843726
440.6155922679818
443.145974521437
445.6632849088046
448.167523430081
450.6586900852708
453.13678487436846
455.60180779737675
458.0537588542975
460.49263804512793
462.9184453698681
465.3311808285207
467.730844421083
470.11743614755505
472.49095600793953
474.85140400223463
477.19878013044035
479.5330843925558
481.8543167885364
486.4292043216483
491.07991124369437
495.80643755467827
500.60878325459635
505.48694834345224
510.44093282124595
515.4707366879775
520.5763599436468
525.7578025882576
531.015064621799
536.3481460442781
541.7570468556878
547.2417670560426
552.8023066453352
558.438665623562
564.1508439907266
569.938841746829
575.8026588918692
581.74229542584
587.7577513487522
593.8490266606022
600.0161213613901
606.2590354511158
612.5777689297793
618.9723217973769
625.4426940539051
631.9888856993748
638.6108967337859
645.3087271571312
652.0823769694143
658.9318461706353
665.857134760794
672.8582427398833
679.935170107914
687.0879168648826
694.3164830107853
701.6208685456295
709.0010734694115
716.457097782124
723.988941483778
731.5966045743626
739.2800870538886
747.039388922356
754.8745101797576
762.7854508260934
770.7722108613707
778.8347902855821
786.9731890987241
795.1874073008112
803.4774448919343
814.9135590913356
826.5458949235617
838.3744523886417
850.3992314865754
862.6202322173194
875.0374545809027
887.6508985773398
900.4605642066017
913.4664514686883
926.6685603636142
940.0668908914085
953.661443052013
967.4522168454423
981.43921227174
995.6224293308478
1010.0018680228095
1024.5775283475814
1039.3494103052362
1054.3175138957013
1069.481839118991
1084.8423859751492
1100.3991544641322
1116.1521445859253
1132.1013563405722
1148.2467897280876
1164.5884447483986
1181.126321401549
1197.8604196875676
1214.7907396063965
1231.9172811580647
1249.2400443425577
1266.7590291599336
1284.474235610105
1302.3856636931014
1320.4933134089806
1338.79718475767
1357.2972777391842
1375.9935923535377
1394.8861286007595
1413.9748864807916
1433.259865993663
1452.7410671394027
1472.4184899179381
1492.2921343293274
1512.3620003735705
1532.6280880506238
1553.0903973605018
1573.7489283032337
1594.6036808788194
1615.6546550871572
1642.1895633009553
1669.128054417175
1696.4701284357288
1724.2157853566168
1752.3650251798972
1780.9178479054826
1809.8742535334604
1839.2342420637142
1868.9978134963603
1899.1649678313697
1929.7357050687133
1960.7100252084201
1992.0879282504902
2023.8694141948945
2056.054483041662
2088.6431347907346
2121.6353694421705
2155.0311869959987
2188.830587452161
2223.0335708106577
2257.6401370715175
2292.6502862347115
2328.0640183002397
2363.8813332681602
2400.102231138706
2424.9549504089227
2449.305732465815
2473.1545773095277
2496.5014849400322
2519.3464553572994
2541.6894885613
2563.53058455218
2584.869743329764
2605.7069648941106
2626.042249245249
2645.8755963832373
2665.207006307901
2684.0364790193853
2702.3640145176614
2720.189612802671
2737.5132738745015
2754.3349977331236
2770.6547843784792
2786.4726338105975
2801.7885460295947
2816.6025210352673
2830.9145588277606
2844.7246594069875
2858.0328227730643
2870.839048926253
2943.901485612849
3021.1356887591537
3102.541658364935
3188.119394430425
3277.868896955624
3371.7901659402996
3469.883201384684
3572.1480032887775
3678.584571652347
3789.192906475626
3903.973007758381
4022.924875500845
4146.048509703018
4273.3439103649
4404.811077486258
4540.450011067092
4680.260711107869
4824.243177608121
4972.39741056785
5124.723409987288
5281.221175866434
5441.89070820529
5606.732007003622
5775.745072261663
5948.929903987795
6762.509106397629
7629.2002755999565
8549.003411587328
9521.918514356017
10547.94558390975
11627.084620259702
12759.335623383522
13944.69859329611
15183.173529997468
16474.76043348387
17819.459303747863
19217.270140808076
20668.19294464588
22172.227715272456
23729.374452691525
25339.63315688446
27003.003827866167
28719.48646563664
30489.08107019216
32311.787641528994
34187.60617965832
36116.53668456897
38098.57915626466
40133.7335947454
