41
87
2350
56
56
143
144
48
3200
19
150
259
20
13
154
1075
66
56
6
214
5
129
92
44
65
181
449
13
99
227
61
87
902
386
9710
1087
66
72
265
11
57
46
101
257
101
316
108
865
74
73
32
119
125
165
2975
264
70
59
299
670
11
133
52
77
21
287
30
95
6
150
51
401
1803
2325
165
34
65
95
188
90
162
510
102
3
74
79
67
3
43
5
86
43
139
616
4
174
435
61
2060
96
142
20
648
3
196
3
202
1339
908
149
504
1858
906
1339
25
553
553
164
235
178
178
669
110
79
81
231
4
10714
243
113
110
137
106
11
96
172
172
98
38
5
110
384
326
455
43
104
46
473
144
106
5
52
139
250
126
25
500
9
51
493
4
5
96
1
2
64
313
64
59
166
233
2
121
109
59
41
16
306
218
215
94
6
22
59
71
13
91
51
1
23
1054
48
364
8
240
79
68
65
17
432
51
138
424
111
53
49
63
3
16
106
162
162
192
31
13887
1
170
170
94
7412
52
113
7
102
1
245
150
40
21
9
61
199
115
110
299
4
49
3
19
87
87
97
3021
118
17
5
58
98
17
116
3
132
3
31
540
3235
236
41
251
131
5130
166
45
114
257
45
9
5130
110
94
10
369
842
4
31
576
157
1161
116
21
6
160
126
67
60
25
1148
241
664
76
9
741
27
43
202
100
97
9
29
46
134
389
332
55
67
56
23
173
48
4
64
150
67
13
4
198
207
53
237
4
80
16
53
944
496
13
6
410
552
2
997
228
44
427
69
6
17
576
422
405
63
8
391
13
453
6
118
7
621
33
1148
12
117
247
220
227
220
34
234
832
15
116
53
37
314
672
42
68
343
101
229
995
27
71
995
229
97
31
3136
912
55
10
233
12
484
1
64
90
137
25
627
374
226
15
70
70
19
83
10
496
204
11
4
170
16
2530
208
68
155
3
7
53
200
100
111
15
1801
30
64
40
112
142
61
51
168
311
65
120
115
240
4
37
65
145
41
334
111
41
14
7
21
4
93
158
45
34
5
77
19
165
129
461
3441
380
46
158
1
35
72
366
2
12
3912
39
35
261
99
2
283
37
3820
73
84
61
72
22
91
269
150
139
23
247
32
21
282
5
8
175
119
37
98
112
5
41
628
27
21
89
38
110
104
3
709
709
34
28
98
430
19
99
5
263
3
34
5222
13
16
30
30
39
27
108
164
20
9293
4
107
528
90
64
26
3
118
52
1
33
53
101
206
1261
74
2
19
583
1
18
6
1207
4
368
547
65
87
15
3
50
159
125
6
35
148
173
2
201
111
39
1102
166
2001
1213
175
79
46
68
2402
109
561
106
14
4
1109
87
2
56
840
255
47
51
442
6
179
4
419
10
15
63
2
265
3
1
109
2
228
113
21
73
79
12
276
100
245
76
24
246
55
256
64
90
92
139
32
136
1532
2158
187
15
119
38
3
174
49
117
58
166
59
44
18
101
98
306
8
116
89
5
122
1
461
4
122
5075
12
571
394
120
11
47
2
6
5075
1227
16
48
133
120
157
571
47
128
52
43
3
17
43
39
10
74
4
77
152
115
546
286
341
9
1363
57
137
38
149
39
128
149
86
88
103
194
9
34
80
38
174
387
172
26
52
2
174
12
76
103
8
370
31
97
164
112
174
773
5
5
4533
106
7
5
1
6
174
25
103
122
22
31
5
42
2
139
206
36
51
420
88
6
7
1258
102
69
364
1132
111
108
7
8
373
24
286
364
137
8
146
254
286
209
1275
94
1890
202
191
89
191
26
55
1890
73
26
46
20
3
145
144
13
3
657
41
147
11
8
2
8
6
215
307
111
201
376
21
44
100
236
50
7
17
15
15
376
15
189
189
113
86
26
124
4096
551
317
306
19
551
204
366
138
38
38
420
7
28
112
431
411
57
17
141
22
485
35
1532
124
295
170
869
23
178
121
4829
271
184
184
124
485
51
2
37
170
233
16
374
1104
225
18
10
858
37
16
232
2
8
10
97
281
221
6843
374
247
26
233
12
119
221
1
506
6843
65
34
77
9
106
255
117
117
277
263
26
10
2
6
103
2
212
212
147
54
1024
211
68
19
59
173
66
54
59
44
2
41
69
69
811
432
1599
2
3
41
67
167
41
60
41
167
54
126
318
10
60
71
431
1140
101
118
124
76
7
58
30
6
41
69
1365
427
50
86
570
1365
69
2
212
866
399
29
1171
132
641
14
201
333
268
340
1615
115
663
628
35
57
79
3
379
230
25
365
13
162
34
4
252
468
57
126
69
49
306
9
8
223
106
272
2
139
10
11
94
965
105
77
134
201
7
534
16
527
316
46
7
144
371
4
4
145
17
632
41
204
19
9
13
18
228
4
148
52
5
100
4
118
145
91
105
25
813
237
7
237
118
130
366
5
96
97
52
97
34
90
2
16
48
130
112
22
90
18
10
77
1145
111
3
56
28
477
79
75
498
1
70
280
103
16
64
11
7
184
287
169
124
32
348
287
729
13
166
101
195
209
14
19
83
1
1
191
1360
95
8
4
5
20
531
6
556
12
5
7
2052
556
24
2021
64
258
20
255
447
81
30
81
872
4
1563
36
980
13
69
2
82
499
100
22
123
6
1250
2133
247
1
1586
25
301
6
1305
70
70
215
101
62
79
41
212
382
367
61
9
7
261
72
38
396
534
1153
39
165
4
3
234
105
15
64
186
5
201
78
7
242
38
221
137
103
18
128
69
24
262
933
8
13
33
172
283
746
552
99
217
73
4
55
57
116
186
9
6
9
434
14
505
87
18
4
33
4
1112
199
38
212
62
27
291
99
121
99
2896
230
34
4
192
154
237
37
135
2
13
7
89
165
12203
52
1472
98
521
21
17
12203
26
23
302
77
324
147
55
21
3
41
458
365
5
458
38
36
410
160
115
211
14
15
12
209
30
216
128
12
1082
87
1082
60
965
79
68
102
25
144
105
38
145
418
103
236
5
194
8
101
101
134
27
63
27
136
78
646
67
10
604
130
29
17
30
5
365
343
523
130
89
491
1903
6
65
80
49
147
244
163
18
11
47
179
9
180
510
8
10
10
131
45
141
131
336
58
4
171
5
4
25
1412
54
393
473
471
138
240
258
155
162
4
254
2
254
61
92
7
243
25
321
7
1037
70
205
212
212
20
21
288
6
20
52
52
99
220
254
427
1062
15
22
1
6
317
284
4
43
126
182
63
25
22
1086
52
112
23
68
66
18
261
68
39
367
207
66
215
16
158
25
94
158
347
3
347
75
12
101
448
448
534
4
96
174
200
51
154
33
256
239
30
32
916
4
101
3
40
33
7
82
61
39
28
55
807
297
21
47
70
9
4
64
275
120
36
52
39
18
4
44
205
112
6
6
202
210
245
57
3
4
313
270
91
11
509
496
972
13
496
302
526
87
52
169
472
261
6
5
10
145
26
158
7
85
135
481
339
184
542
192
158
118
5
142
200
64
6
42
288
57
111
232
132
8
8
145
129
113
148
14
2
209
215
167
35
31
56
198
139
20
122
69
153
7
62
293
107
175
99
90
4
5
45
6
1041
351
245
4
4
16
12
21
81
3
201
223
64
582
10
250
159
335
255
242
1809
568
10
77
369
27
8
5
771
79
568
376
578
485
7
330
20
24
223
33
2
44
2011
102
4
7
152
50
859
26
8
210
22
114
465
545
6
5
2
114
12
667
17
178
164
273
25
45
136
146
1
1
21
13
94
17
136
132
10
1627
102
109
14
82
2
118
128
16
216
15
115
46
157
166
110
6
22
254
1265
98
285
164
10322
408
98
553
1
50
323
270
8
25
141
15
17
53
243
56
52
10
52
128
184
196
206
34
78
5
167
5
323
153
323
5062
53
39
437
147
60
351
240
185
73
21
122
61
169
14
228
1643
58
56
23
863
167
9
80
151
16
11
380
487
67
35
255
85
14
248
108
30
258
40
178
548
147
26
1033
94
141
4
183
548
166
72
74
183
129
7
11
152
96
761
7
272
2
71
262
328
152
136
3
35
183
53
396
107
94
370
219
117
4
219
101
101
22
39
50
573
140
297
275
22
1352
1
2
9
630
7
69
68
530
287
297
148
10
7
2
85
3
1
4
11
78
904
12
108
6
6
2259
39
11
62
895
141
48
146
5
299
88
71
196
719
158
11
62
4
44
296
156
4
37
46
18
10
426
7
9
284
46
171
172
10
332
123
102
1129
2
39
58
103
45
102
18
158
542
1363
1438
39
53
55
440
588
189
38
38
24
180
97
35
35
340
131
304
131
11
12
2
157
80
14
107
734
434
734
5
11
152
270
74
3126
12
39
4
139
100
254
7
273
31
2415
1
4
345
98
16
79
61
6
536
388
160
1710
1461
234
115
143
68
31
372
1113
120
158
10
8
44
149
59
29
44
3
56
5
310
97
62
94
97
254
62
110
107
314
9
1261
112
254
535
254
14
4
1947
32
1947
47
145
78
78
1
294
59
170
294
335
60
71
47
103
150
22
38
3
155
111
38
40
24
233
158
379
12
62
88
46
51
181
101
284
579
29
1
250
120
103
422
2
180
360
85
12
50
1
376
268
58
66
68
465
205
6
102
7
24
4
163
2
4
545
465
225
190
100
30
34
1391
268
211
86
33
697
446
8
79
1312
9
269
72
155
144
269
48
70
20
116
46
182
550
75
216
14
30
488
12
382
121
31
492
50
212
64
4
3178
88
58
59
6
77
180
98
202
29
485
304
2
373
9
71
10
150
6
150
269
11
26
399
5
74
10
14
1000
18
18
657
77
16
81
47
81
14
101
16
211
46
24
30
14
66
535
11
135
27
94
94
104
22
104
19
39
69
270
18
75
15
172
19
81
35
675
5
75
83
139
62
115
14
703
43
703
683
1
166
6
119
223
79
5
1120
4
156
446
264
264
156
256
569
178
205
205
529
396
10
784
8
65
65
66
90
162
329
68
64
35
88
238
63
11
84
28
50
361
12
279
178
18
725
21
267
82
35
39
46
16
515
31
515
259
72
17
36
4
88
2
52
136
37
270
6
6
1
55
8
141
589
96
20
49
37
76
21
126
589
29
5
264
31
56
5078
154
147
264
308
164
8
90
62
1163
131
8
260
185
289
109
267
40
147
114
605
127
64
79
1071
241
313
474
87
816
126
412
66
135
21
303
146
237
403
169
17
816
821
176
608
48
329
17
528
470
489
84
183
1410
25
43
105
336
57
6
2
384
60
26
152
121
508
49
39
48
404
52
186
72
53
5
234
40
780
439
204
121
65
4
152
586
88
1654
137
24
284
5
37
4
539
8
134
191
1553
8
183
136
134
181
4
5
6
133
4
5
76
1354
10
10
209
17
107
6
741
93
150
8
1343
149
3
63
149
51
147
4
98
2999
46
351
103
27
42
46
2
90
261
162
105
1
97
2
8
33
985
4
105
97
70
108
76
63
36
166
4
24
122
353
156
86
428
165
63
6
43
51
66
163
28
64
65
13
260
3
106
171
28
6
160
61
17
2
1412
2
1
101
30
66
190
66
513
434
717
14
349
17
7
42
44
18
899
18
78
13
129
18
73
17
140
167
5
1553
106
131
4
8
76
2
78
149
446
358
32
218
50
199
144
121
1363
76
74
1
201
13
110
9
51
244
41
12
293
123
128
15
31
409
122
527
259
5
381
557
309
365
218
474
82
13
93
15
20
33
18
18
256
14
120
157
134
141
120
217
98
224
433
872
169
47
59
169
141
231
160
15
272
8
138
54
10
47
24
157
238
18
209
124
1
21
47
139
21
2
2299
102
150
76
23
648
29
10
242
407
214
14
20
138
155
70
45
150
3
27
19
28
8
266
208
69
171
2
4
11
157
5
118
56
231
9
267
232
17
68
93
409
170
226
850
6
182
129
6
999
108
476
35
30
1
32
92
207
16
132
278
48
462
83
48
9
62
145
104
3
20
169
165
135
233
133
6
72
16825
143
138
182
182
43
159
12871
182
138
101
161
474
228
73
431
111
171
39
163
12
20
12
97
12
7
185
20
43
312
5
17
34
64
1
49
312
374
37
194
343
1
8
143
311
9
25
65
27
77
207
77
29
52
117
118
29
637
1
686
118
312
102
362
91
96
118
144
5967
210
75
38
16
17
868
57
58
197
3
49
172
5
1
16
27
134
2
762
51
264
1744
220
230
2
45
19
159
141
115
1102
85
37
11
60
272
25
509
509
161
103
3
23
105
107
1073
31
16
57
52
164
21
137
276
3
95
130
23
34
14
81
133
10
24
9
284
92
2
92
107
473
526
61
52
168
22
135
51
3927
8
12
19
228
106
5
263
112
230
7
7
94
118
7
9
1110
9
181
152
39
149
64
136
57
300
2
1859
17
124
228
112
96
27
1420
8
26
84
105
97
212
158
660
445
195
16
8
156
22
188
415
1366
4
94
2536
89
52
175
437
245
66
3
47
23
357
39
449
13
241
11
196
202
229
222
92
660
178
26
9
875
30
18
262
90
887
69
230
20
158
37
49
274
296
30
30
328
315
328
24
134
509
107
3
172
469
9
126
5
223
432
223
432
5
432
373
80
373
41
152
89
53
32
7
274
133
171
332
1
183
248
34
2
8
27
79
176
175
217
83
83
64
59
4
67
9
17
3203
359
19
32
635
18
27
295
122
44
142
186
870
361
78
190
51
2257
3
49
64
6
5
5
7
78
246
80
193
2
14
3
291
417
43
3713
21
12
54
101
3
4
4
282
925
10
97
8
235
2178
280
1
13
128
277
37
141
70
837
195
407
632
269
208
135
138
40
81
149
408
76
15
408
192
369
104
375
42
101
156
38
2541
538
114
171
193
212
1816
18
244
231
92
17
7
140
56
365
222
84
11
365
71
26
360
146
286
113
23
48
589
10
45
48
50
69
4
195
343
436
18
69
83
3
88
209
157
185
69
98
8
13
98
47
98
11
46
433
696
3
696
20
43
1103
12
645
127
20
248
59
65
175
26
22
45
129
298
388
25
88
133
26
6
64
64
576
152
152
213
5
658
142
83
283
76
5
386
180
33
51
336
63
1574
93
17
382
169
64
2423
22
101
156
6
75
53
115
140
106
7
417
322
27
143
136
33
124
204
43
5
202
165
109
29
792
81
8
218
13
90
59
13
251
154
326
161
134
83
326
8
110
124
218
115
115
5
324
10
96
115
8
318
590
9
262
158
1646
381
71
114
114
315
165
2297
21
155
801
466
80
179
260
1117
6
16
159
4
174
92
8
184
119
48
5
216
127
55
80
86
534
139
268
11
71
75
59
111
200
188
48
158
83
96
10
362
1134
211
592
1
82
2879
371
41
2349
1
182
87
319
170
37
318
37
120
145
1366
145
77
33
56
40
43
43
254
42
115
48
178
47
540
50
8
52
296
79
332
182
4
51
1950
65
5
36
3
151
372
289
96
18
62
265
2387
21
147
42
476
403
98
36
476
48
1
3
4
93
3
171
360
5
151
39
6
16
9
6
18
49
426
5
4
304
15
80
81
174
160
4
63
6
105
272
139
123
2305
131
4
24
35
3
253
20
3601
20
32
170
121
243
49
190
32
117
31
551
286
16
262
62
136
36
120
6
77
399
397
434
64
17
358
4
122
189
300
386
3643
17
8
58
34
495
154
16
440
12
212
8
638
155
4
2
113
6
150
210
6
98
372
647
49
217
35
663
19
122
11
6
53
166
1750
22
271
54
19
82
5
3
9453
76
9453
62
160
170
34
306
3
172
78
167
10
6804
4104
318
126
316
47
97
332
271
17
38
386
13
16
174
137
14
149
149
40
1220
47
99
66
159
103
103
5
109
335
4170
61
47
40
171
447
88
155
3
40
6
2
10
12
3
4
109
232
8
26
15
242
144
17
7
148
133
15
5
6
77
5
462
6
220
42
57
66
281
461
152
8
162
334
461
133
29
110
133
187
8
63
63
10
98
32
2158
94
324
165
127
3558
11
100
5
8
194
13
13
11
19
80
22
15
75
45
13
47
14
14
36
94
30
14
90
588
25
167
219
14
18
12
46
159
93
46
45
18
45
17
186
71
7
11
24
271
45
19
31
22
121
46
26
285
116
46
565
52
210
353
94
274
32
317
348
77
4
425
16
228
66
408
120
26
97
15
44
41
550
17
61
105
6
664
392
5
1997
17
392
369
95
37
1
159
25
122
188
124
43
249
7
230
177
717
39
2
33
52
48
1565
1196
71
688
3
16
18
28
15
20
132
116
20
18
132
112
244
289
33
65
71
73
129
364
527
99
2542
271
1513
78
1513
33
127
681
77
1129
75
111
9
13
54
22
4
178
15
941
109
178
210
13
6
123
11
1509
41
45
1509
140
164
11
346
665
7
5172
42
35
16
7
351
168
77
143
77
250
254
1105
171
88
206
41
179
5
50
86
7
115
81
11
133
90
133
133
269
12
202
86
4815
401
329
100
7
37
11
133
54
2340
143
207
86
92
129
170
1196
398
21
995
73
640
91
343
58
87
125
168
347
490
4
8
120
349
130
50
210
258
25
5
5
72
203
12
130
107
4
144
18
180
104
295
1
97
249
341
295
229
2
648
26
3
120
311
62
1215
1215
158
145
10
9
144
99
8
150
4
5
258
60
135
508
192
347
192
68
106
125
104
5
122
193
340
202
96
388
244
104
12
177
169
72
15
114
70
6
449
3
110
102
218
5
37
224
808
12
7
268
60
6
29
221
1121
266
3
309
185
232
4
8
26
41
4869
30
133
149
346
68
200
316
46
79
288
303
30
330
76
418
14
3
179
232
797
15
1064
994
186
169
99
4
93
262
86
4
81
3
200
190
44
286
24
46
66
133
5
226
508
9
560
77
505
259
157
4
139
395
486
292
943
5
292
229
98
98
319
242
51
122
56
383
9
380
380
276
7
145
167
14
35
52
213
12
40
146
314
8
339
461
3
189
412
187
375
2
2141
673
35
56
142
69
226
109
216
197
216
199
58
209
1113
14
149
896
127
1
421
238
89
106
130
66
38
110
259
125
38
736
352
86
3
21
148
45
6
38
290
3451
278
5
63
105
5
3
174
439
6
5
174
403
57
218
75
9
60
75
261
60
155
487
25
133
134
273
273
496
307
902
7
213
817
817
213
94
54
11
6
11
77
460
232
299
98
55
98
38
78
96
315
97
1
28
42
72
242
186
412
6
63
93
144
60
158
42
10
252
22
186
162
404
6
65
311
311
275
556
114
114
89
190
155
136
48
89
10
17
131
277
8
124
625
167
53
306
37
207
452
32
289
516
118
2547
357
191
154
294
70
119
37
13
137
965
28
298
455
296
5
221
221
243
12
30
243
193
11
5
162
130
213
132
169
116
511
177
150
186
4
14
200
260
123
123
15
7
144
104
195
194
52
3310
2502
5
5
2
6
36
244
48
250
36
10
181
34
304
456
337
242
85
4
245
16
19904
254
45
119
1873
45
12
681
10098
52
13
42
236
18
631
15
20
5
5
116
67
23
104
104
1070
104
16
5
426
4
182
4
80
7
300
79
145
11
99
616
108
6
133
28
6
39
8
126
44
126
122
246
465
237
312
226
22
205
226
2822
293
1122
2449
57
27
27
181
4
17
384
189
18
357
469
1192
57
5
38
9
7
130
409
8
1166
1
117
117
63
7
9
134
2
243
153
87
4
16
416
136
735
86
116
4089
75
153
29
52
138
203
1317
180
188
193
15
8
137
30
182
101
191
243
17
4
563
5
160
44
55
6
230
326
6
17
144
186
773
146
638
15
72
9
22
168
6
169
294
162
191
15
445
869
9
111
220
59
412
30
108
187
202
37
99
243
233
170
108
46
259
74
16
2
1
401
245
112
264
26
19
29
138
6
129
351
15
643
241
6
89
605
69
221
44
6
150
10
6306
326
13
141
6
205
6
245
74
78
15
63
1413
10
9
1277
161
8
193
181
42
128
5
35
238
112
178
517
1589
370
5
1
219
248
2995
524
36
5
11
29
32
71
8
1
194
24
39
221
1156
131
95
252
146
563
91
3318
277
21
8
422
422
8
98
178
32
17
526
467
97
1009
329
34
538
242
13
966
6
9
3
19
111
91
34
181
306
56
166
14
65
27
146
161
1
13
233
43
221
290
199
1462
1
363
71
36
18
841
7
841
228
28
3177
346
34
450
7
301
1525
453
226
505
19
257
2
23
228
3
421
157
29
892
23
108
141
108
231
1334
286
1054
32
152
150
13
610
298
7
593
39
8
519
297
369
172
369
53
301
301
5
259
88
4
101
146
3
255
97
283
112
78
59
283
793
150
93
25
25
50
52
361
12
51
101
346
33
447
129
416
113
414
84
94
128
1
295
80
116
458
113
169
21
18
80
55
70
44
82
3157
471
26
323
18
3
481
82
172
387
2
212
38
14
219
185
29
129
117
40
41
371
241
241
14
360
234
1926
73
8
198
86
227
116
4
107
1
337
35
121
34
1302
26
101
1
4
871
25
60
216
991
139
779
84
336
248
779
560
902
1853
63
141
116
54
8
1681
269
252
104
104
5679
93
288
71
594
54
13
1
27
51
18
2
3
6
170
199
3
14
149
80
24
1
207
34
216
1
432
48
288
146
196
125
2
702
12
1
149
12
1225
483
1736
391
47
24
44
399
46
163
20
249
11
249
9
1798
10
39
873
19
37
5
31
55
93
443
55
303
466
23
244
83
8
599
108
923
57
5
243
248
199
292
7
70
128
403
4443
896
30
46
28
25
82
35
20
319
35
69
514
98
4
20
49
1492
34
42
34
94
1788
21
228
16
12
5065
37
8
331
179
261
124
868
326
326
138
61
151
17
14
13
2631
115
120
48
1
121
3
9
121
144
141
352
40
210
53
46
460
279
9
7
191
13641
134
28
440
165
973
7
120
163
163
497
442
442
88
452
452
52
180
196
130
39
2473
550
9
302
228
388
35
18
263
83
127
176
89
119
55
17
21
10
400
5
405
1215
3
291
550
11
124
123
112
6
397
10
466
3
27
113
37
118
52
194
226
208
113
5297
77
79
143
5297
58
2
200
327
180
183
1409
580
18
164
160
120
169
8
97
33
40
84
84
7
125
36
436
35
162
33
181
14
8
219
6
25
31
98
460
1
35
131
239
424
205
1449
494
74
205
141
161
43
596
40
37
278
36
278
32
9
118
307
911
1350
124
9
9705
5
239
69
209
209
51
47
328
6
26
799
11
275
328
352
186
815
5
2197
31
276
67
23
213
177
71
130
275
1
22
118
17
271
219
5875
118
51
176
107
46
43
328
5
162
67
108
53
3
58
60
85
9
105
34
63
54
351
29
6
156
57
54
14
26
9
73
62
88
35
135
64
316
198
438
80
840
7
1401
1169
3
10
6
391
60
19
120
64
5
123
48
58
29
82
31
261
17
45
128
1571
245
4
1274
15
397
9
306
227
52
42
115
124
5041
285
72
146
42
6
190
31
213
11
30
321
10
110
408
174
128
11
13
201
22
490
69
46
24
579
40
4
135
59
224
481
481
303
336
149
58
224
18
3
67
109
6
303
100
1
16
87
87
133
33
232
3
58
116
846
11
178
270
145
144
1887
3
46
51
367
13
73
440
972
27
82
257
107
54
4
13
12
661
933
60
112
5143
217
112
117
277
6
155
6
5161
5161
5143
4
5212
28
111
5
392
52
281
262
23
75
4
56
47
90
162
3
281
26
12
325
384
113
96
4
89
12
190
89
170
3487
4
812
645
110
256
7
269
56
33
150
322
546
19
63
436
134
20
286
64
253
710
27
134
7
37
37
201
387
33
35
37
98
230
883
195
162
10
6
14
146
42
26
137
35
242
137
7
312
386
68
343
68
7
61
131
51
200
196
18
155
51
166
92
29
151
17
368
602
271
109
117
412
453
295
6
122
270
3
137
119
10
72
422
3459
3459
395
419
3002
7864
3
151
64
172
194
276
66
186
444
28
285
38
54
7
125
266
6
87
4
107
333
260
87
27
161
18
107
5
34
8
260
73
4
316
191
35
478
147
139
243
1119
86
1945
849
255
1
116
504
36
251
16
214
4
33
250
45
45
9
178
626
11
102
297
303
280
33
10
89
297
58
170
248
26
1000
25
1
332
93
101
91
118
178
75
11
432
332
508
5
79
293
6
26
75
156
4639
508
15
4639
42
118
305
50
22
15
534
830
8
42
141
9
779
58
39
17
62
295
9
418
27
197
24
3329
20
233
20
394
25394
84
15
233
23
27
350
10
10
1062
66
353
919
101
50
140
38
66
23
149
129
72
172
110
27
110
9
189
3
155
147
18
313
32
20
5
5
2353
240
18
51
54
1006
95
284
8
213
35
284
317
285
2
59
213
327
282
1229
43
45
323
2
23
785
41
269
303
2013
373
179
121
158
260
9
151
45
248
246
121
192
30
73
46
146
209
16
22
42
1891
222
227
8
3
38
225
3
217
3
94
225
3
144
261
94
34
42
374
55
13
8
3975
112
829
3975
1153
2
672
43
78
38
217
1153
186
5
2
72
249
218
161
101
425
22
218
45
123
125
5
327
36
4
6
114
197
17
6
179
2872
264
34
44
431
556
23
47
244
1
184
663
31
22
37
336
825
112
285
22
4
342
4
72
201
52
5731
20
125
5731
112
36
97
104
514
52
51
13
326
1012
9
326
585
138
56
17
385
8
86
367
1290
13
238
132
62
309
12
1332
32
489
5329
291
729
25
260
93
111
93
35
77
42
109
239
42
15481
108
165
165
44
27
185
611
7
81
402
31
79
49
16
350
75
7
57
18
138
291
302
23
11
21
61
775
19
40
161
44
291
28
199
28
40
98
32
5
19
988
73
19
78
40
76
45
192
11
251
76
292
36
598
268
84
77
149
1814
381
60
32
74
24
1396
181
65
407
43
47
75
95
72
77
177
5
13
276
115
364
389
978
83
214
30
54
396
344
6
68
409
409
4
94
275
163
159
22
54
44
119
64
525
124
121
465
122
45
147
214
212
476
280
167
53
11
1
101
537
85
6
3
189
127
89
65
3
8
238
20
16
277
186
6
85
28
47
326
958
104
106
14
108
80
1105
69
139
88
106
3
41
31
347
10
36
336
38
226
233
144
133
39
169
5
64
53
78
21
148
74
493
148
56
326
41
2206
7
344
74
205
74
333
61
914
244
5
9
446
107
83
354
262
262
211
93
75
171
504
56
38341
82
48
59
283
116
58
71
141
517
907
120
203
33
186
34
56
134
56
251
331
12
546
44
311
187
42
387
186
591
678
68
158
20
364
2
350
66
129
77
36
1
19
159
5
38
10
80
52
27
158
582
60
334
21
362
90
333
402
291
46
20
158
13
119
77
169
791
169
39
187
283
4
69
399
222
205
481
5
369
23
357
29
68
303
12
103
240
1418
41
22
8
21
9
105
11
40
431
59
2
385
229
14
15
288
162
95
9
427
39
149
122
151
9936
16
16
14
532
4
319
307
668
53
43
398
85
106
119
216
321
134
6
290
42
581
323
1091
108
6
86
1
4
228
91
6
78
17
52
466
223
517
691
45
25
63
4
238
95
37
183
3
234
18
234
563
4835
212
212
7
563
5
12
212
178
52
50
108
136
550
79
85
33
63
3
230
616
361
72
450
17
72
439
1
263
299
109
323
1240
53
211
8
80
129
11
191
108
90
26
36
10
137
347
592
12
12
592
18
25
172
26
350
4
215
131
47
21
71
215
196
151
152
20
218
353
353
196
229
7
5
23
8
27
28
247
157
170
113
118
483
182
5
14
53
96
536
201
625
31
24
150
26
468
873
25
47
97
51
3
359
873
405
462
68
353
124
27
70
5
49
75
232
102
1
7
128
42
9
955
174
467
157
13
4
418
14
58
4
349
294
190
165
41
81
55
22
94
73
1
115
3
135
52
160
207
10
587
351
63
34
587
170
23
279
129
1075
242
20
101
4
170
114
165
52
75
148
3
282
211
159
262
17
5
23
318
6
29
633
16
21
606
42
60
12
10
3555
160
3555
466
621
24
121
5
44
44
213
228
318
1
11
544
44
46
729
10
76
84
299
21
17
17
179
786
46
322
53
23
25
864
860
15
698
30
22
15
84
303
98
36
124
82
115
30
105
21
180
35
678
58
713
98
228
56
15
1
23
195
156
117
117
722
904
222
50
50
68
22
12
108
68
4
4
7
5
60
4
11
371
19
148
167
2
175
179
19
71
114
429
489
51
150
218
54
253
837
266
58
53
374
56
55
155
125
56
529
19
1592
5
311
129
380
30
483
117
342
486
119
60
144
20
40
14
14
188
107
233
107
20
21
28
59
140
9
67
67
23
85
23
2
16
58
243
226
276
96
69
21
1057
186
12
38
47
42
42
9
158
76
26
161
203
8
68
224
344
96
101
42
63
67
507
127
23209
12
62
3
72
731
10
251
110
17
537
250
275
319
25
937
170
114
2074
3
31
17
11
333
311
5503
100
109
31
5
4
464
197
34
3
343
209
194
35
35
21
587
46
7
41
213
2011
7
6
112
330
143
59
459
430
166
538
244
19
9
417
344
47
39
8132
22
384
108
43
69
48
497
215
5
11
110
33
196
75
180
109
120
203
115
75
340
728
597
269
119
314
482
228
67
28
9
116
151
29
276
67
101
150
58
718
141
1407
156
141
39
23
1573
22
32
64
4
75
45
25
64
27
110
34
165
268
121
22
7
251
150
248
172
61
42
20
158
297
71
86
32
469
18
65
45
37
18
220
36
19
205
194
66
875
593
589
84
298
70
121
347
8
19
915
52
107
3
61
29
46
306
104
825
6
12
16
338
211
249
557
92
267
142
55
9
178
78
109
735
20
236
96
76
88
71
54
392
689
19
24
104
54
125
54
300
1064
26
286
368
74
123
271
593
40
190
323
211
1
62
222
49
24
1
40
593
17
9987
33
265
262
152
547
222
143
19
13
207
5
104
48
337
5
10
102
99
540
185
69
180
80
73
149
133
162
7
52
126
3555
59
36
6
99
182
3
128
395
204
101
67
116
73
395
79
223
61
145
177
95
45
57
39
197
49
91
36
264
75
38
209
42
782
48
85
3
109
105
102
147
131
10
100
12
12
51
340
8
201
429
32
32
409
93
4
641
80
269
1040
87
208
127
75
13
7
206
71
89
61
65
305
3
116
142
405
4
38
138
42
6
343
137
4
46
212
304
21
260
253
89
4
4
6
37
24
83
26
6215
166
19
904
1328
2015
319
166
16
136
136
301
83
87
1
213
5106
27
199
37
120
42
30
5106
22
38
318
81
23
43
81
480
292
223
65
480
15
7
292
44
157
106
106
149
13
36
46
32
38
5
39
35
2
3
180
30
15
7
46
97
111
6
36
90
57
101
37
40
27
27
393
10
47
49
999
163
53
193
187
1126
27
281
8
393
2230
23
53
100
470
41
108
2246
735
101
514
33
24
52
127
5
20
136
74
166
13
141
69
200
100
277
46
71
13
270
10
95
65
143
1199
1162
47
347
40
84
68
11
445
43
389
13
143
219
1623
182
949
389
14
260
8
184
478
31
10
160
105
132
495
14
102
7
41
14
125
1236
291
205
10
35
109
173
251
1
6
44
960
43
480
113
165
6
3
223
251
1
101
141
978
252
265
37
34
41
142
33
36
1083
55
3
252
3
265
972
189
59
171
3
181
181
131
201
932
108
108
99
71
103
6
67
4
6
1
524
102
8
59
255
682
8
287
73
156
237
18
106
516
4
253
239
186
599
95
239
141
55
496
55
4
144
49
13
92
18
301
243
260
54
3
11
105
2511
42
184
154
315
63
63
243
281
3
149
1065
29
144
3
876
202
24
137
131
39
236
67
47
72
4
1693
26
253
183
64
97
195
9
1211
61
1337
8
435
34
34
7
27
245
45
207
25
308
131
187
1232
53
110
8
37
104
104
77
307
859
40
224
131
46
185
570
147
23
14
169
246
387
52
74
50
180
77
6
19
63
980
48
311
619
121
316
48
116
367
107
132
121
181
1
591
107
9
19
197
8
253
89
157
157
44
40
60
40
118
6
62
66
63
74
88
170
432
6
30
1
1
10
11
4
68
552
386
5
262
16
224
95
164
15
35
143
34
6
460
10
18
1
100
5621
68
58
463
114
135
64
20362
285
172
72
39
172
195
64
30
7
773
263
20
2274
859
1075
6
23
389
744
2908
7
33
9
2239
314
102
51
206
2908
39
111
9
118
184
802
435
103
96
127
127
7
181
283
69
322
115
136
1141
127
507
91
44
180
233
262
167
86
74
47
7
167
87
215
355
155
177
221
20
40
22
463
290
38
131
476
6
119
5
3
143
55
40
369
49
168
24
125
125
104
117
1581
95
537
82
13
1
136
7
178
96
96
340
203
32
281
47
338
32
118
174
14
121
637
57
9
47
5
63
186
28
18
66
26
224
3
52
5
988
6
559
72
63
26
337
153
559
63
3205
343
3
502
37
441
46
12
57
214
145
122
145
30
44
220
177
2
27
16
1
93
42
6
243
21
17
39
216
310
27
182
217
134
182
2
119
88
56
117
62
90
192
108
287
56
81
1
215
108
101
199
120
58
80
267
935
291
6
216
3
120
452
149
93
90
134
75
425
4
148
214
561
10
136
310
406
133
666
813
281
4
94
74
575
629
59
284
26
284
134
21
59
114
525
306
1579
54
13
367
7
695
353
11
2543
49
584
305
555
1112
54
138
655
1
22
17
68
36
138
54
5
449
7
24
124
85
50
4
172
131
63
682
9
1
532
124
445
50
45
225
303
112
682
169
40
9
331
32
5961
1191
112
3
238
3
224
483
179
169
254
4
18
479
7
251
16
63
1170
468
111
3
4
93
4
345
51
242
16
308
165
124
18
44
42
17
111
385
129
4401
148
1
60
18
289
607
54
672
33
10
548
28
187
130
167
422
219
114
70
218
167
6
728
151
165
2
300
52
211
388
54
52
381
8
241
1060
154
90
9
232
239
143
121
626
90
86
250
117
7
112
626
825
342
18
57
61
243
1497
825
1576
389
379
104
68
48
1
27
97
2248
204
1506
49
113
1201
150
18
2347
109
60
2296
150
60
325
366
5
40
325
7
160
7
63
456
10
23
61
5
575
135
135
3
45
154
118
158
137
137
121
102
58
156
11
142
102
147
127
45
569
202
115
332
332
482
84
146
77
306
273
23
76
162
376
884
415
49
216
220
97
119
24
41
97
2
2688
2
151
62
2688
20
23
23
225
145
25
47
27
452
10
96
73
44
86
1608
142
1
89
9
96
96
295
96
178
109
1
9
144
99
526
8
3119
36
3
175
51
93
3
919
36
3
271
24
76
168
369
218
40
110
28
165
407
43
397
123
751
53
59
498
579
88
339
301
25
312
71
87
297
35
10
62
637
6
62
53
349
74
74
724
232
67
5
501
126
67
33
512
6
80
522
74
20
81
242
121
329
86
192
67
1129
7
260
67
149
1
722
11
87
209
267
39
15
15
33
11
282
31
64
31
73
108
130
5
125
297
34
194
318
427
491
312
321
237
49
93
304
134
12
139
104
72
1
27
136
11
136
68
89
217
91
5652
104
12
255
14
83
21
137
306
16
316
73
79
18
348
247
118
69
26
165
216
178
98
298
46
4
822
58
45
118
111
355
209
1
49
1
1337
21
51
49
2
102
5
278
116
1
1
5668
900
27
492
1
1
227
116
765
68
226
4
71
149
96
381
23
129
64
24
18
103
32238
68
37
5
2343
103
179
49
240
7
32
30
219
7
1057
120
10
39
135
136
10
133
66
915
115
47
43
1039
58
265
119
47
265
104
986
17
3
568
210
68
23
28
307
69
52
55
53
19
20
142
142
551
191
136
162
569
133
103
136
331
12
74
833
107
291
27
18
464
76
34
1
46
82
84
20
13
10
205
97
177
47
30
147
7
19
531
81
463
125
13
207
848
8
4
268
34
34
268
15
121
256
255
97
28
881
90
120
98
580
74
443
12
432
175
192
533
24
31
39
72
14
249
144
194
194
35
691
249
1
105
7
362
5
14
62
1
13
5
222
22
539
6
52
3
48
78
180
34
96
42
17
57
232
67
50
26
8
39
2
1751
16
113
107
520
33
7
867
21
105
10
57
55
443
443
601
34
22
31
93
79
299
703
270
49
5
380
28
648
392
176
18
519
392
15
18
6
78
139
270
82
6
1296
16
1159
44
549
30
16
19
1096
264
425
117
17
40
99
4
245
324
169
210
107
156
2
88
64
9
128
128
78
78
9
159
8
216
197
197
339
106
92
8
513
5
5165
65
2453
62
753
193
235
1210
309
455
140
19
2
309
22
192
36
263
1
65
39
33
1766
127
123
76
14
393
415
74
647
118
121
74
227
85
6
118
154
37
537
14
49
59
563
303
121
261
121
1213
64
110
8805
1020
37
103
49
327
56
46
73
69
11
5
5
99
44
55
173
76
327
1874
4
125
41
67
109
48
763
6
398
20
89
5
68
261
237
222
208
57
6
208
113
184
710
105
38
188
222
330
166
265
251
11
49
120
553
8
5
67
553
12
198
1774
222
15
537
237
67
37
631
333
191
22
909
280
24
118
314
397
677
251
173
677
125
140
105
92
140
72
15
103
351
110
454
693
8
492
6
19
121
121
171
27
36
94
240
51
294
123
144
152
279
142
69
12
1123
412
75
116
10331
6
142
292
2
10
63
88
193
28
74
3
62
5
179
4
17
309
6
309
37
217
651
54
62
1020
441
19
17
19
232
137
5
43
16
39
3
1138
8
165
16
73
210
102
121
160
226
1201
20
528
1
241
121
1138
19
197
129
441
59
11
3
530
3
248
125
29
236
71
213
143
389
90
241
62
234
231
584
55
620
48
277
329
316
50
14
50
61
61
331
81
142
320
39
628
185
237
17
1
39
400
37
6
136
302
1
329
61
180
18
12
161
89
190
141
429
537
41
21
83
5
23
316
54
51
57
125
16
5
57
549
798
121
47
297
54
4
4
83
3
154
14
73
22
324
13
2214
16
59
5
58
477
43
101
132
146
149
6377
21
69
278
4
132
20
4
92
357
44
29
291
125
10
228
373
34
291
263
155
163
541
91
37
181
73
35
683
79
94
55
19
193
138
126
126
79
399
127
364
520
210
273
410
70
1009
5
28
359
13
3
351
140
7
563
1266
7
39
490
21
591
184
49
4
6382
43
218
146
185
180
213
5
72
109
9
1571
5
20
217
10
603
196
143
60
60
31
644
139
142
735
17
640
960
23
17
285
133
372
20
5
19
77
372
101
78
513
387
513
261
6
4
31
154
163
87
258
10
97
7
125
48
80
32
119
415
61
48
27
6
73
86
74
30
332
46
514
5
6
256
5
332
6
415
494
102
131
44
52
36
8
778
778
10
10
527
332
21
90
19
181
559
85
111
308
115
16
66
289
12
351
5633
112
65
43
345
32
601
204
204
4
32
13
277
2351
35
551
12
12
87
14
70
4
19
224
1
20
48
155
72
35
146
10
4290
123
70
8
193
366
32
1
103
10
370
160
122
13
11
20
593
25
25
155
314
215
148
81
57
818
58
10
286
397
148
81
137
5
28
62
290
2
377
4110
20
3
2
7
634
113
370
1617
52
171
22
156
5
61
61
2436
183
14
5
50
746
746
101
117
264
19
142
48
136
19
23
239
166
94
137
57
224
424
133
3
1
66
4
73
34
4
132
244
915
4156
271
43
3
31
224
195
148
197
5
5639
14
40
12
174
260
71
8
9
12384
178
215
6
35
372
82
48
214
41
129
54
38
351
31
66
47
4
386
66
249
133
5
216
52
180
120
58
71
252
150
5
678
60
345
6
8
227
2441
2441
94
70
138
89
89
43
52
12
41
11
29
170
173
173
139
454
33
34
1
46
36
29
97
62
1533
48
537
3
39
224
62
494
34
99
55
21
16
469
23
5
42
6
99
5
54
136
87
1021
21
39
143
16
219
86
466
48
49
50
71
680
7
40
108
99
99
161
6
189
40
218
322
414
8
197
57
5
2227
14
100
136
43
21
9
648
1
10
8
5
328
1
218
72
25
4
158
232
347
139
76
5
8
476
29
86
418
1
50
710
43
78
78
3
1220
363
88
207
81
98
118
85
681
50
38
99
20
267
206
5
52
81
490
430
159
3
319
10
21
1
1742
118
156
243
1
282
75
85
86
101
3
160
60
59
277
608
46
10
1
3
31
31
7
65
15
206
119
94
40
71
262
17
130
156
408
200
175
82
634
44
91
3791
123
159
50
262
1
30
807
264
459
223
79
190
7
953
12
127
5
93
55
125
8
195
2
55
282
53
53
597
395
156
156
102
103
274
25
192
9
4
4
199
106
96
124
165
287
106
128
45
16
134
51
16
5
201
74
201
263
61
1502
43
69
231
231
9
123
75
1009
285
73
31
402
46
157
276
51
586
887
67
47
157
184
80
34
9
33
49
4
9
19
31
1324
24
196
284
35
2970
91
49
152
29
181
167
26
621
67
6224
12
4
463
395
43
810
685
1
143
54
173
617
3
189
9
109
4
898
637
118
10
85
58
36
68
391
54
39
611
4
179
109
49
7
63
93
353
110
9
10
154
308
251
259
89
13
5
21
251
5294
252
69
90
239
114
65
85
65
144
46
316
62
90
41
211
353
136
92
7448
228
63
208
15
172
172
186
623
29
186
145
140
298
298
1291
237
25
325
41
539
34
614
4
201
4
131
8
22
42554
297
82
82
8
73
92
140
169
57
18
5
62
1602
179
1059
5167
72
90
2443
143
19
20
175
43
133
219
28
75
380
631
165
106
73
162
176
72
247
14
124
417
387
113
241
241
27
68
743
37
76
412
139
9
647
9
226
39
139
691
33
36
255
44
115
151
429
36
14
92
168
114
92
304
475
3
976
14
118
61
35
85
267
201
78
201
168
54
13
125
825
101
1
114
478
176
15
56
329
158
110
176
158
76
469
85
202
12
206
17
204
14
10
23
338
11
17
504
19
88
161
280
55
13
73
234
114
86
1013
1
75
13
67
25
622
233
26
25
177
569
912
165
470
3
968
183
444
207
25
7
2237
51
246
3
7
118
8
129
34
134
15
1
101
2
100
86
680
11
274
53
602
18
1
981
8
14
981
57
66
27
38
453
37
75
211
14
24
148
440
197
263
125
351
1186
92
4
166
52
335
86
1708
154
26
183
24
32
164
700
548
1102
183
36
46
69
18
3
233
533
17
27
97
63
7
14
14
146
389
61
137
30
12
117
2224
938
30
53
165
126
126
77
23
436
215
31
292
97
56
17
362
334
108
355
30
311
9
6
3
106
15
141
93
83
124
51
609
89
39
609
826
59
596
598
25
299
34
118
114
294
64
81
146
59
218
25
299
98
838
101
49
260
81
301
106
130
54
90
10
46
109
82
1120
158
22
56
342
166
666
4380
209
352
252
918
104
64
61
333
222
93
51
297
267
181
6
152
6289
81
209
31
18
167
16
281
6289
1
5
167
14
129
392
170
45
10
84
10
634
23
7
74
123
7
399
54
32
74
152
170
159
57
13
3858
128
57
384
444
43
226
131
149
153
159
5
104
105
22
11
10
671
3154
24
364
57
155
155
26
39
100
100
7
297
695
296
93
1745
328
74
5
64
5
7
5
94
179
192
68
34
371
5
62
27
1280
18
3
143
16
481
37
108
7
52
6
707
2350
68
21
182
322
21
7
79
103
5
4
1403
300
5
7
403
81
25
4
361
37
46
14
518
52
50
90
58
108
51
256
62
145
119
2851
79
111
53
3
110
666
17
2
1583
54
14
11
102
87
82
28
27
590
68
33
34
107
181
38
6
2
38
257
48
377
87
14
10
38
171
156
32
608
92
304
5
1209
49
5
1
6228
6228
261
12
37
1
102
87
29
68
134
15
327
25
104
727
9
107
1
13
267
163
1
83
525
114
38
11
84
6
120
1982
42
3
1522
40
5341
265
214
229
13
27
4
76
331
82
895
70
64
84
265
171
12
223
86
356
356
15
77
1
63
184
101
39
48
75
108
171
629
71
504
297
112
248
190
33
16
9015
8
421
303
262
2460
240
106
8
467
15
88
92
18
270
428
428
58
75
25
71
87
1
187
317
280
2698
137
15
116
47
108
226
72
107
92
1436
321
136
75
1
39
177
62
142
7
7
366
6
54
94
1551
1551
94
209
336
12
34
559
485
210
94
26
52
116
994
12
4
22
49
49
142
74
422
598
102
12
104
52
145
81
174
2
37
123
145
509
107
115
77
12
30
201
1532
407
268
92
267
111
26
128
257
97
537
705
214
26
48
365
141
108
329
33
104
63
68
72
44
458
46
96
93
250
274
76
9
147
12
26
8
86
71
1742
246
14
676
4954
65
556
4
319
5
477
51
131
191
17
4
55
8
16
18
16
1
646
646
4
52
3
14
222
294
46
34
285
174
108
35
58
168
15
336
4
108
208
621
34
176
35
733
6
48
23
22
18
43
28
9
40420
30
40
201
55
15
1081
25
161
11
10
28
1390
201
28
50
5
359
27
273
181
31
1335
31
151
501
37
1030
384
54
350
3629
189
295
10
69
164
100
21
18
1
309
97
355
151
71
6
291
105
