135
6622
282
598
305
380
305
272
1187
429
493
675
269
664
230
414
256
117
410
4996
133
125
134
120
181
289
128
220
410
585
1095
509
448
210
220
462
335
502
432
589
310
333
446
153
199
271
314
464
140
787
579
10444
231
74
425
463
221
178
469
364
363
484
378
339
377
385
311
266
209
473
606
4189
1260
432
244
355
283
561
296
320
1753
328
264
398
344
246
340
254
643
268
994
2571
546
694
269
822
9154
333
270
330
463
286
841
273
335
265
291
329
376
391
430
2569
332
444
510
279
180
259
413
349
816
374
305
406
2894
737
187
148
518
339
187
170
249
723
432
270
134
278
277
116
156
154
130
342
161
382
257
278
368
110
429
360
131
174
261
938
297
172
582
432
346
466
333
188
440
206
1891
1002
639
220
336
118
159
193
137
183
165
267
458
134
186
427
372
502
362
1118
448
251
254
500
610
508
495
196
258
436
295
342
502
510
130
133
249
297
1073
126
130
362
525
576
597
1934
517
550
470
193
148
271
253
384
191
2140
902
624
227
1712
3454
358
1009
414
448
402
889
334
319
173
455
2490
251
294
329
636
314
351
477
1213
994
505
315
137
1672
550
1365
1135
432
493
261
319
759
218
479
610
531
200
566
492
222
896
637
312
261
630
94
145
827
642
429
302
943
306
388
486
670
292
232
321
724
320
9157
808
593
344
371
336
594
390
277
253
368
177
563
1268
333
966
490
617
255
238
566
265
212
686
346
602
266
279
313
135
168
6223
611
925
625
1325
393
520
328
240
1094
600
257
367
711
245
263
141
1578
188
355
320
382
249
279
463
216
188
188
305
212
218
267
196
223
170
190
940
553
231
252
235
242
363
250
228
204
271
324
290
252
503
212
458
220
327
11772
394
1360
204
385
236
280
256
361
407
181
701
564
471
470
1809
483
357
331
350
268
1014
206
188
210
197
242
223
308
223
305
902
3046
2454
311
518
684
1749
607
1749
972
329
3941
276
3194
464
700
7340
271
210
370
443
328
499
5943
554
870
318
775
250
306
446
358
444
212
325
351
235
227
4961
137
180
212
149
667
590
464
228
2779
460
274
288
295
352
531
100996
262
246
381
279
430
739
403
652
241
311
2430
92
926
174
174
564
183
234
132
363
343
373
433
406
294
467
766
160
416
274
243
289
931
235
516
296
401
207
511
285
162
479
579
520
362
270
112
3691
241
246
370
208
229
141
159
880
208
2615
954
498
238
1414
433
327
110
1199
241
452
558
228
126
654
392
552
538
789
201
822
850
363
260
389
229
468
377
361
226
242
297
130
830
880
545
439
305
440
249
337
560
307
525
365
375
178
492
441
865
852
1845
320
190
247
1779
676
806
2813
473
304
451
264
269
230
3591
467
561
443
441
506
442
261
678
207
105
539
383
583
296
482
172
220
397
398
950
559
161
149
540
3263
314
528
194
315
301
191
211
325
446
435
417
828
2122
368
237
266
226
176
2520
665
319
1075
283
461
157
504
545
328
361
326
166
65
250
323
5519
380
349
236
380
638
199
297
443
149
442
1459
179
1910
580
260
278
3629
490
1897
462
401
313
377
179
407
447
647
469
303
