65.0
66.07806144206451
67.15416734066717
68.22831769580799
69.30051250748696
70.37075177570406
71.43903550045934
72.50536368175278
73.56973631958436
74.6321534139541
75.69261496486199
76.75112097230803
77.80767143629222
78.86226635681459
79.91490573387509
80.96558956747376
82.01431785761056
83.06109060428554
84.10590780749865
85.14876946724993
86.18967558353937
87.22862615636694
88.26562118573268
89.30066067163658
90.33374461407863
91.36487301305883
92.39404586857718
93.42126318063369
94.44652494922835
95.46983117436116
96.49118185603213
97.51057699424126
98.52801658898854
99.54350064027396
100.55702914809754
101.56860211245929
102.57821953335917
103.58588141079721
104.59158774477342
105.59533853528778
106.59713378234028
107.59697348593095
108.59485764605976
109.59078626272672
110.58475933593185
111.57677686567513
112.56683885195656
113.55494529477615
114.54109619413387
115.52529155002976
116.50753136246381
117.487815631436
118.46614435694636
119.44251753899485
120.41693517758151
121.3893972727063
122.35990382436928
123.3284548325704
124.29505029730967
125.2596902185871
126.22237459640267
127.1831034307564
128.1418767216483
129.09869446907834
130.05355667304653
131.0064633335529
131.95741445059738
132.90641002418005
133.85345005430085
134.79853454095982
135.74166348415693
136.6828368838922
137.62205474016565
138.55931705297724
139.49462382232696
140.42797504821482
141.35937073064088
142.28881086960507
143.2162954651074
144.1418245171479
145.06539802572658
145.9870159908434
146.90667841249837
147.82438529069145
148.74013662542274
149.65393241669216
150.56577266449975
151.47565736884548
152.38358652972937
153.2895601471514
154.1935782211116
155.09564075160995
155.99574773864646
156.8938991822211
157.79009508233392
158.68433543898487
159.576620252174
160.46694952190128
161.3553232481667
162.24174143097028
163.126204070312
164.00871116619192
164.88926271860996
165.76785872756614
166.64449919306048
167.519184115093
168.39191349366365
169.26268732877247
170.13150562041943
170.99836836860456
171.86327557332783
172.72622723458926
173.58722335238883
174.44626392672654
175.30334895760245
176.1584784450165
177.01165238896868
177.86287078945904
178.71213364648753
179.55944096005422
180.40479273015904
181.24818895680198
182.0896296399831
182.92911477970236
183.7666443759598
184.60221842875538
185.4358369380891
186.26749990396098
187.09720732637103
187.92495920531923
188.75075554080559
189.57459633283008
190.39648158139275
191.21641128649355
192.03438544813253
192.85040406630964
193.66446714102491
194.47657467227836
195.28672666006992
196.09492310439967
196.90116400526756
197.7054493626736
198.5077791766178
199.30815344710015
200.10657217412066
200.9030353576793
201.6975429977761
202.4900950944111
203.2806916475842
204.0693326572955
204.8560181235449
205.6407480463325
206.42352242565823
207.20434126152213
207.98320455392417
208.76011230286437
209.5350645083427
210.3080611703592
211.07910228891384
211.84818786400666
212.61531789563765
213.38049238380674
214.14371132851403
214.90497472975946
215.66428258754303
216.42163490186476
217.17703167272467
217.9304729001227
218.68195858405892
219.43148872453327
220.17906332154575
220.9246823750964
221.66834588518523
222.4100538518122
223.14980627497732
223.8876031546806
224.62344449092203
225.3573302837016
226.08926053301934
226.81923523887522
227.54725440126927
228.2733180202015
228.9974260956718
229.71957862768033
230.439775616227
231.1580170613118
231.8743029629348
232.5886333210959
233.30100813579517
234.0114274070326
234.71989113480817
235.4263993191219
236.1309519599738
236.83354905736385
237.53419061129205
238.2328766217584
238.9296070887629
239.62438201230555
240.31720139238638
241.00806522900535
241.69697352216247
242.38392627185775
243.06892347809116
243.75196514086275
244.43305126017248
245.11218183602037
245.78935686840643
246.46457635733063
247.137840302793
247.80914870479347
248.47850156333214
249.14589887840896
249.8113406500239
250.47482687817705
251.1363575628683
251.79593270409774
252.45355230186533
253.1092163561711
253.76292486701496
254.414677834397
255.0644752583172
255.71231713877555
256.35820347577203
257.0021342693067
257.6441095193795
258.28412922599045
258.9221933891396
259.5583020088269
260.1924550850523
260.8246526178159
261.45489460711764
262.0831810529575
262.70951195533553
263.3338873142518
263.95630712970615
264.57677140169864
265.1952801302293
265.8118333152981
266.4264309569051
267.03907305505015
267.64975960973345
268.2584906209549
268.86526608871446
269.4700860130122
270.0729503938481
270.67385923122214
271.2728125251343
271.8698102755847
272.4648524825732
273.0579391460999
273.64907026616464
274.2382458427677
274.8254658759088
275.41073036558805
275.99403931180547
276.5753927145611
277.15479057385477
277.7322328896867
278.3077196620567
278.8812508909649
279.45282657641127
280.0224467183958
280.5901113169184
281.1558203719793
281.7195738835782
282.28137185171533
282.8412142763906
283.3991011576041
283.9550324953556
284.5090082896454
285.0610285404733
285.61109324783934
286.15920241174354
286.7053560321859
287.24955410916635
287.7917966426851
288.33208363274184
288.8704150793368
289.40679098246994
289.9412113421412
290.47367615835066
291.0041854310982
291.532739160384
292.0593373462078
292.5839799885699
293.1066670874701
293.6273986429085
294.14617465488493
294.66299512339964
295.17786004845243
295.6907694300434
296.2017232681725
296.7107215628398
297.2177643140452
297.7228515217888
298.22598318607055
298.7271593068905
299.2263798842485
299.7236449181447
300.21895440857907
300.71230835555156
301.2037067590622
301.69314961911107
302.180636935698
302.66616870882314
303.1497449384864
303.6313656246879
304.1110307674274
304.58874036670517
305.064494422521
305.53829293487513
306.01013590376726
306.4800233291976
306.9479552111661
307.4139315496728
307.87795234471764
308.3400175963006
308.8001273044217
309.258281469081
309.7144800902784
310.16872316801397
310.6210107022878
311.0713426930996
311.5197191404497
311.96614004433786
312.4106054047643
312.85311522172873
313.2936694952314
313.7322682252722
314.1689114118512
314.6035990549683
315.0363311546236
315.467107710817
315.89592872354865
316.3227941928183
316.74770411862625
317.1706585009723
317.5916573398565
318.0107006352788
318.4277883872394
318.842920595738
319.2560972607748
319.6673183823498
320.0765839604629
320.48389399511416
320.8892484863037
321.2926474340312
321.694090838297
322.0935786991008
322.49111101644286
322.8866877903231
323.2803090207414
323.6719747076979
324.0616848511926
324.44943945122543
324.83523850779636
325.21908202090555
325.60096999055276
325.9809024167382
326.3588792994618
326.73490063872356
327.10896643452344
327.4810766868615
327.8512313957377
328.2194305611521
328.5856741831045
328.94996226159526
329.31229479662403
329.672671788191
330.0310932362961
330.3875591409394
330.74206950212084
331.0946243198405
331.44522359409814
331.7938673248941
332.1405555122281
332.48528815610035
332.8280652565106
333.1688868134592
333.5077528269458
333.8446632969707
334.1796182235337
334.51261760663476
334.84366144627404
335.1727497424515
335.49988249516707
335.8250597044208
336.14828137021277
336.4695474925428
336.788858071411
337.1062131068174
337.42161259876195
337.7350565472446
338.04654495226544
338.3560778138244
338.6636551319216
338.96927690655684
339.2729431377303
339.57465382544194
339.8744089696917
340.1722085704795
340.4680526278056
340.7619411416698
341.0538741120722
341.3438515390127
341.63187342249137
341.9179397625082
342.2020505590632
342.48420581215635
342.7644055217876
343.042649687957
343.31893831066463
343.5932713899104
343.86564892569425
344.13607091801634
344.4045373668766
344.6710482722749
344.9356036342114
345.19820345268613
345.458847727699
345.7175364592499
345.97426964733904
346.22904729196637
346.4818693931318
346.7327359508354
346.9816469650772
347.22860243585706
347.4736023631751
347.7166467470313
347.95773558742565
348.1968688843582
348.4340466378288
348.66926884783766
348.9025355143846
349.1338466374698
349.363202217093
349.5906022532545
349.81604674595405
350.03953569519183
350.26106910096775
350.48064696328174
350.698269282134
350.9139360575243
351.12764728945285
351.3394029779195
351.5492031229243
351.7570477244673
351.96293678254847
352.16687029716775
352.3688482683251
352.5688706960208
352.7669375802545
352.96304892102637
353.15720471833646
353.34940497218463
353.539649682571
353.72793884949556
353.9142724729582
354.098650552959
354.2810730894979
354.4615400825751
354.64005153219034
354.8166074383438
354.99120780103544
355.1638526202652
355.33454189603304
355.50327562833905
355.6700538171833
355.83487646256566
355.99774356448614
356.1586551229449
356.31761113794164
356.4746116094766
356.62965653754975
356.78274592216104
356.9338797633104
357.08305806099804
357.23028081522375
357.37554802598765
357.5188596932897
357.6602158171299
357.7996163975082
357.93706143442483
358.07255092787943
358.2060848778723
358.3376632844032
358.46728614747235
358.59495346707956
358.72066524322497
358.8444214759087
358.9662221651304
359.08606731089026
359.20395691318834
359.3198909720245
359.43386948739885
359.5458924593113
359.65595988776204
359.76407177275087
359.87022811427784
359.97442891234294
360.0766741669478
360.745704099326
361.41731028283397
362.09149271747157
362.76825140323876
363.44758634013573
364.12949752816246
364.8139849673188
365.50104865760477
366.19068859902046
366.88290479156586
367.5776972352409
368.2750659300457
368.9750108759801
369.67753207304423
370.38262952123796
371.09030322056145
371.8005531710146
372.51337937259746
373.22878182530997
373.9467605291522
374.66731548412406
375.39044669022564
376.1161541474569
376.84443785581783
377.5752978153085
378.30873402592874
379.0447464876787
379.7833352005584
380.52450016456766
381.26824137970675
382.0145588459754
382.7634525633738
383.5149225319019
384.2689687515596
385.0255912223471
385.7847899442642
386.546564917311
387.31091614148744
388.0778436167936
388.84734734322944
389.619427320795
390.3940835494902
391.1713160293151
391.9511247602697
392.73350974235393
393.5184709755679
394.3060084599115
395.0961221953848
395.88881218198776
396.6840784197204
397.48192090858277
398.28233964857486
399.0853346396965
399.89090588194796
400.69905337532896
401.5097771198398
402.32307711548026
403.13895336225033
403.9574058601502
404.7784346091796
405.60203960933876
406.4282208606276
407.25697836304613
408.0883121165944
408.92222212127234
409.75870837707987
410.59777088401717
411.4394096420841
412.2836246512807
413.13041591160703
413.97978342306294
414.8317271856487
415.68624719936406
416.54334346420904
417.4030159801838
418.26526474728826
419.13008976552226
419.9974910348861
420.86746855537945
421.74002232700263
422.6151523497555
423.49285862363786
424.3731411486501
425.255999924792
426.1414349520635
427.02944623046477
427.9200337599956
428.81319754065623
429.70893757244653
430.6072538553664
431.5081463894161
432.41161517459545
433.3176602109044
434.2262814983431
435.1374790369114
436.05125282660947
436.9676028674372
437.88652915939457
438.80803170248174
439.73211049669635
440.4367942899071
441.1396588639079
441.84070421869956
442.5399303542812
443.23733727065337
443.9329249678158
444.6266934457685
445.31864270451183
446.00877274404525
446.6970835643692
447.38357516548353
448.0682475473882
448.75110071008316
449.4321346535686
450.11134937784414
450.7887448829101
451.4643211687667
452.13807823541333
452.8100160828508
453.4801347110781
454.1484341200961
454.8149143099042
455.479575280503
456.1424170318919
456.80343956407137
457.46264287704093
458.12002697080084
458.7755918453513
459.429337500692
460.08126393682323
460.7313711537446
461.3796591514565
462.02612792995865
462.67077748925135
463.31360782933416
463.95461895020753
464.593810851871
465.23118353432494
465.86673699756943
466.50047124160403
467.1323862664292
467.7624820720446
468.3907586584505
469.0172160256466
469.6418541736332
470.2646731024099
470.8856728119771
471.5048533023348
472.1222145734828
472.7377566254212
473.3514794581497
473.9633830716689
474.5734674659782
475.18173264107804
475.7881785969681
476.39280533364877
476.9956128511194
477.5966011493806
478.19577022843225
478.793120088274
479.38865072890644
479.982362150329
480.5742543525421
481.1643273355454
481.7525810993393
482.3390156439232
482.9236309692976
483.5064270754624
484.0874039624175
484.6665616301632
485.24390007869897
485.8194193080253
486.39311931814177
486.9650001090489
487.53506168074614
488.10330403323405
488.66972716651185
489.2343310805802
489.7971157754391
490.35808125108815
490.91722750752774
491.47455454475744
492.0300623627778
492.5837509615883
493.13562034118934
493.6856705015805
494.2339014427621
494.78031316473425
495.3249056674965
495.86767895104936
496.4086330153923
496.9477678605258
497.4850834864495
498.0205798931638
498.5542570806683
499.0861150489633
499.61615379804834
500.14437332792386
500.67077363858994
501.1953547300682
502.07206707001933
502.95396911091325
503.8410608527504
504.7333422955303
505.63081343925296
506.5334742839186
507.4413248295275
508.3543650760789
509.27259502357356
510.19601467201096
511.1246240213911
512.0584230717143
512.9974118229804
513.9415902751898
514.8909584283417
515.8455162824368
516.8052638374745
517.7702010934554
518.7403280503788
519.7156447082457
520.6961510670551
521.6818471268075
522.6727328875031
523.6688083491415
524.6700735117229
525.6765283752466
526.6881729397139
527.7050072051238
528.7270311714769
529.7542448387726
530.7866482070117
531.8242412761933
532.8670240463175
533.9149965173851
534.9681586893955
536.0265105623491
537.0900521362453
538.1587834110846
539.2327043868668
540.3118150635919
541.3961154412598
542.4856055198707
543.5802852994248
544.6801547799212
545.7852139613608
546.8954628437436
548.010901427069
549.1315297113376
550.2573476965488
551.3883553827186
552.6813873856404
553.9857594665955
555.3014716255852
556.6285238626087
557.9669161776665
559.3166485707584
560.6777210418841
562.0501335910449
563.433886218239
564.8289789234668
566.2354117067289
567.6531845680252
569.0822975073556
570.5227505247199
571.9745436201179
573.4376767935505
574.9121500450169
576.397963374518
577.8951167820528
579.4036102676214
580.9234438312242
582.4546174728607
583.9971311925319
585.5509849902369
587.1161788659756
588.6927128197499
590.280586851557
591.8798009613979
593.4903551492735
595.1122494151828
596.7454837591263
598.3900581811035
600.045972681115
601.7132272591607
603.3918219152406
605.0817566493542
606.7830314615021
608.4956463516842
610.2196013199
611.95489636615
613.7015314904352
615.4595066927532
617.2288219731054
619.0094773314918
620.801472767912
622.6048082823663
624.4194838748549
626.2454995453772
628.0828552939342
629.931551120535
632.1799462641848
634.4549112599507
636.7564461078291
639.08455080782
641.4392253599271
643.820469764145
646.2282840204789
648.6626681289235
651.1236220894843
653.6111459021577
656.1252395669417
658.6659030838437
661.2331364528582
663.826939673987
666.4473127472265
669.0942556725804
671.7677684500486
674.4678510796293
677.1945035613262
679.9477258951338
682.7275180810557
685.5338801190919
688.3668120092425
691.2263137515038
694.1123853458794
697.0250267923693
699.9642380909718
702.9300192416904
705.9223702445197
708.9412910994652
711.9867818065231
715.0588423656918
718.1574727769766
721.282673040374
724.4344431558875
727.6127831235135
730.8176929432502
734.0491726151031
737.3072221390703
740.5918415151482
743.9030307433404
747.240789823647
750.6051187560661
753.9960175406013
757.4134861772473
760.8575246660093
764.3281330068803
767.8253111998674
771.3490592449707
774.8993771421592
779.4116058248037
783.9870843961544
788.6258128562258
793.3277912050035
798.0930194425055
802.921497568721
807.813225583639
812.7682034872814
817.78643127963
822.8679089606994
828.012636530475
833.220613988975
838.4918413361811
843.8263185721044
849.2240456967447
854.6850227100913
860.2092496121586
865.7967264029321
871.4474530824264
877.1614296506341
882.9386561075553
888.7791324531936
894.6828586875381
900.6498348106034
906.6800608223748
912.773536722867
918.9302625120727
925.1502381899954
931.4334637566208
937.7799392119705
944.1896645560337
950.6626397888031
957.1988649102968
963.7983399204968
970.4610648194175
977.1870396070444
983.9762642833921
990.8287388484532
997.7444633022205
1004.7234376447086
1011.7656618759102
1018.8711359958252
1026.03986000445
1033.2718339017956
1040.5670576878474
1047.92553136262
1055.3472549261096
1062.832228378309
1070.380451719222
1077.991924948903
1091.607533768547
1105.5193683867692
1119.7274288035842
1134.2317150189338
1149.032227032876
1164.1289648453676
1179.5219284564373
1195.2111178660998
1211.196533074297
1227.4781740810868
1244.0560408864258
1260.9301334903284
1278.1004518928385
1295.566996093883
1313.3297660935204
1331.388761891707
1349.7439834884863
1368.3954308838147
1387.3431040777068
1406.5870030701917
1426.1271278612257
1445.9634784508526
1466.0960548390285
1486.5248570257681
1507.2498850115808
1547.5443807971897
1589.6176594585413
1633.4697209955193
1679.1005654078908
1726.5101926963544
1775.6986028598621
1826.6657958993455
1879.4117718144553
1933.9365306051914
1990.2400722715538
2048.3223968135426
2108.183504230925
2169.823394524283
2233.2420676929178
2298.439523737412
2365.4157626575325
2434.170784453163
2504.704589124536
2577.017176671303
2651.108547093929
2726.9787003922975
2804.6276365659432
2884.055355615448
2965.2618575403467
3048.247142340464
3122.8091491204686
3198.3651648611412
3274.915189562249
3352.4592232240248
3430.9972658461775
3510.5293174288236
3591.055377972196
3672.575447475945
3755.089525940304
3838.59761336504
3923.099709750386
4008.5958150963997
4095.0859294027905
4182.570052669849
4271.048184897343
4360.520326085447
4450.986476233986
4542.446635343018
4634.900803412776
4728.348980442795
4822.791166433599
4918.227361384779
5014.657565296511
5112.081778168853
5210.500000059605
7244.353654906154
9428.004505217075
11761.452550932765
14244.697792097926
16877.740228667855
19660.579860687256
22593.216688111424
25675.650710999966
28907.881929278374
32289.910343006253
35821.7359521389
39503.35875673592
43334.77875672281
47315.995952159166
51447.010343015194
55727.82192930579
60158.43071101606
64738.836688160896
69469.0398607254
74349.04022873938
79378.83779214323
84558.43255101144
89887.82450528443
95367.01365500689
