40
3
27
17
26
15
70
45
28
795
14
117
37
40
34
22
30
34
6
7908
120
10
76
40
38
53
25
34
34
8
56
212
7
38
30
8
105
11
3
78
63
76
14
37
115
14
39
66
6
3
79
22
6
33
17
44
37
178
28
23
66
34
1118
34
18
100
42
39
38
7
43
7
92
114
45
84
50
7
79
58
76
7
26
27
54
94
40
52
1274
16
3
100
5030
36
8
20065
98
28
43
23
79
42
16
24
74
54
11
95
9
207
4
30
33
23
22
56
11
7
68
117
85
125
33
20
91
31
28
105
48
209
56
75
20
24
69
133
51
6
83
4
79
45
4
14
88
8
31
915
74
40
33
7
75
47
6
16
7
97
7
93
406
8
8
10
5
21
39
29
65
9
50
16
9
1150
6
9
8
67
13
11
28
12
27
931
12
13
42
51
4
77
93
44
28
162
80
2021
111
5
203
7401
26
5
12
19
64
84
37
53
115
194
10
39
125
6
36
27
536
31
27
279
6
29
3
9
37
7
28
37
26
12
145
56
70
48
24
16
68
18
36
10025
536
11
10
45
91
59
45
77
60
6
3
33
84
18
35
250
8
5
7
6
40
47
9
138
31
31
40
8
69
115
7
1025
55
284
18
50
36
92
35
114
6
84
62
36
99
17
30
222
47
70
26
36
75
54
7
548
28
22
15
45
5
313
78
13
31
19
100
33
19
40
92
69
100
12
41
24
32
13
2548
225
27
101
59
20
25
31
54
29
24
26
59
7
15
156
19
116
36
45
67
17
13
18
8
64
39
260
25
11
70
89
43
61
8
1065
52
113
6
7
23
26
16
27
32
32
31
189
62
7
30
163
11
20
30
20
32
9
55
38
59
8
142
52
15
18
69
10
47
48
121
28
106
70
19
12
10
29
36
16
4
26
6
22
2037
50
31
8
46
70
63
10
94
34
37
21
41
4
13
5
29
7
20
68
11
8
12
99
6
77
46
11
9
11
19
44
34
65
30
31
40
14
14
18
32
45
6
5
6
112
26
49
83
111
5
28
34
5
23
85
18
41
191
69
65
14
7
128
72
227
104
14
17
47
30
56
50
21
84
19
24
31
54
7
55
41
17
41
67
95
6
8
35
6
92
23
7
45
24
9
14
57
35
143
21
12
5
122
242
24
11
27
8
56
33
36
6
7
9
28
7
8
405
69
30
13
71
31
13
8
13
267
83
13
40
191
104
7
29
77
144
6
75
14
142
41
21
6631
31
5064
79
79
78
52
22
12
9
11
33
26
36
17
29
14
32
16
18
78
22
10
86
91
5
23
24
35
7708
11
27
38
6
17
8
119
49
8
152
55
76
24
15
13
249
20
96
150
20
36
46
19
10
30
11
50
9
177
19
104
9
6
88
80
66
77
86
33
259
7
42
70
58
5
156
52
29
43
22
1126
32
56
252
19
21
109
17
59
43
12
38
21
171
47
167
35
15
66
7
5125
11
113
9
22
52
71
6
94
35
55
77
71
9
111
237
40
31
43
80
5
8
71
22
8
445
7
23
14
77
14
45
68
5
5
1168
35
62
58
10
31
6
19
63
103
30
28
15
173
3
155
17
9
174
9
120
143
5
6
41
34
165
78
6
71
35
10
439
54
41
312
18
11
15
55
39
9
36
30
43
25
192
6
47
28
59
45
6
49
49
52
30
32
5
8
4
38
6
47
98
47
22
330
6
35
13
5029
117
76
47
13
52
37
257
5
4
27
22
6
27
48
3
43
126
21
37
32
34
6
7
4
14
12
37
44
8
115
4
22
7
71
56
87
27
91
95
46
27
6
5
56
31
36
100
31
24
128
49
14
27
18
14
11
165
15
123
7
7
7
5
82
5
62
8
43
21
51
39
26
32
29
8
25
78
14
8
83
202
6
5
32
38
6
5
137
51
40
105
16
5
40
32
144
168
52
7
73
43
132
76
24
40
12
7
8
23
23
225
21
18
187
98
128
412
285
49
6
91
180
68
3
52
41
38
8
5
14
50
7
6
33
4682
59
5
49
194
73
27
33
18
53
18
4
42
5318
23
67
25
7
44
26
27
171
13
15
93
58
49
25
12
25
26
134
10
74
49
13
11
23
13
5
9
150
54
6
66
39
32
7
207
50
44
38
26
67
249
4
164
36
3
50
17
30
7
56
66
8
59
90
28
34
251
50
7
10
23
19
38
32
8
61
76
7
68
44
11
11
33
62
63
28
14
88
5084
45
5
6
77
131
34
7
20
19
80
27
13
27
27
20
43
129
15
6
18
211
56
69
26
192
10
32
8
44
32
5
7
110
13
51
14
5
19
31
90
119
50
59
1496
91
97
27
45
84
166
36
48
145
79
5
277
9
5
210
6
58
53
50
50
81
10
91
5
116
451
9
59
24
5
536
2122
47
45
137
13
38
7
16
86
31
24
57
32
1923
190
93
41
12
38
18
302
4
65
25
63
42
56
65
5037
37
6
34
172
30
5
4
44
57
29
23
64
27
8
71
24
98
74
24
78
72
30
2107
58
37
154
25
24
499
15
42
6
98
102
33
1122
28
106
42
11
6
48
29
33
40
28
107
9
58
44
6
36
12
63
24
13
49
75
14
187
154
7
11
11
36
8
33
38
61
29
46
29
31
28
60
6
6
87
7
45
59
31
18
12
29
60
295
7
5
30
27
19
48
4
93
9
27
99
5
40
15
31
37
124
45
48
83
1510
87
98
6
877
7
67
10
410
21
32
33
31
42
5
83
160
6
48
32
9
366
5
48
40
27
99
29
23
6
26
152
45
44
6
166
69
10
535
4
16
22
14
51
6
62
29
35
18
20
40
11
10
36
57
33
8
42
8
13
50
146
83
27
50
567
17
62
28
125
154
52
58
5
33
9
11
83
40
75
35
90
118
29
43
11
35
44
29
36
96
367
31
20
40
35
6
30
8
33
29
32
8
16
137
51
6
5
28
34
42
50
11
4
63
53
31
53
54
27
20
53
82
94
30
6
33
143
118
6
11
11
6
92
43
31
4
8
8
28
66
71
52
50
18
20
15
186
6
91
139
40
63
32
5
299
94
6
5
14
148
4
6
7
6
17
36
51
19
73
106
29
42
38
8
94
4
86
146
33
42
23
102
31
157
15
7
4
6
17
89
52
12
12
28
33
18
91
38
8
55
35
33
23
55
38
28
9
10
40
19
25
33
166
15
5
133
41
112
446
45
19
9
10
27
53
35
14
67
35
21
6
9
12
24
52
46
78
84
7
59
35
45
13
3132
34
7
35
44
37
105
35
4
35
45
37
11
43
289
92
59
62
107
1838
56
18
32
68
36
4
33
5
48
188
88
55
32
7
37
45
5
427
44
49
9
14
10
94
8
341
71
157
126
37
6
42
20
5
38
9
10
7
63
11
15
5
275
58
27
24
33
69
62
30
126
24
7
57
4
8
41
83
47
9
6
10
34
33
240
15
19
6
9
16
8
71
5
5
10
33
51
119
29
6
6
45
10
32
5
41
38
7
77
6
6
9
26
54
15
50
6
35
42
42
19
18
8
37
5087
4
9
32
140
65
33
43
25
13
33
118
37
10
10
28
108
61
313
6
85
482
89
85
32
24
32
6
62
144
6
69
19
78
91
21
9
96
25
5
882
41
34
23
40
49
37
23
10
96
36
12
41
18
73
36
27
71
4
39
3863
29
5
134
133
47
7
4
15
27
24
22
24
93
28
29
61
18
90
245
26
6
54
65
9
6
55
31
19
78
11
48
37
4
15
67
17
20
12
39
30
33
41
11
37
7
7
30
48
78
9
25
12
23
14
13
25
1346
58
7
122
167
55
10
41
113
6
67
15
54
30
40
108
12
71
30
14
15
29
16
14
12
6
22
123
46
17
39
71
205
35
6
257
14
92
66
7
55
4
45
8
10
80
7
15
128
25
39
96
154
6
18
19
31
33
86
63
23
33
32
41
40
1331
88
138
1528
84
31
76
7
91
145
6
14
30
26
35
51
45
4
40
24
9
28
48
14
35
156
16
16
23
48
34
6
13
9
45
34
7
6
9
21
135
14
11
53
56
21
64
6
31
54
8
28
40
24
61
10
134
111
18
77
63
9
60
65
35
82
315
18
6
84
12
702
31
48
38
11
10
38
12
60
5
8
70
37
5
42
127
99
45
12
24
8
12
27
6
50
6
5
10
15
47
52
27
5
65
136
8
89
7
105
41
14
7
72
15
10
14
6
118
34
83
7
80
163
14
6
11
57
73
36
17
941
7
102
67
6
30
9
736
28
5061
76
83
54
34
110
92
85
12
168
4
171
39
62
7
25
53
6
7
40
120
42
67
4
40
20
37
24
60
40
8
24
121
26
697
6
53
8
36
25
34
97
153
77
8
15
114
10
8
4
140
81
64
8
29
10
178
8
91
92
5
62
98
139
46
133
83
19
23
7
30
57
358
9
64
8
39
53
38
6
30
32
85
43
50
564
5
10
7
3
17
20
30
7
31
46
23
79
56
4
10
23
49
35
91
120
12
82
1773
3035
8
6
7
15
454
23
198
32
29
75
66
125
14
24
58
929
466
42
1475
18
6
87
79
14
105
62
63
39
6
147
18
11
4
31
14
42
103
10
36
59
45
43
34
35
17
6
21
40
32
84
18
87
14
26
5
30
21
36
20
43
288
532
8
16
13
68
29
67
49
9
9
20
6
87
41
22
5
23
14
7
8
6
90
138
13
34
15
9
363
33
62
22
33
45
44
41
335
31
50
42
29
4
45
106
4
36
53
10
31
156
19
179
13
5
82
38
156
58
7
2024
51
28
253
49
158
5
19
131
55
10
20
48
19
68
53
45
636
8
31
8
5035
51
14
254
107
113
31
13
49
7
5
20
8
73
227
26
312
26
9
85
98
68
28
121
70
8
449
47
73
43
54
28
18
97
83
10
47
27
54
27
35
4
40
5
11
11022
25
62
29
13
44
83
109
1703
114
15
2836
23
6
30
42
26
6
84
57
60
92
75
19
30
42
215
15
5037
59
82
12
59
111
9
9
33
56
64
12
11
5
48
11
8
46
57
38
144
8
29
200
19
5
31
13
18
29
37
7
32
53
4
89
70
58
169
35
96
22
7
20
21
154
78
39
57
114
45
42
65
6
77
28
135
31
31
29
31
408
7
6
6
45
7
8
23
36
34
30
67
6
79
70
5
49
12
35
10
48
44
19
30
34
44
54
86
5
6
45
87
7
62
26
8
13
120
51
37
28
4
26
30
84
6
77
63
11
55
38
32
24
19
24
67
92
47
50
61
84
11
93
22
5
36
10
58
10
30
76
9
43
7
233
67
77
32
36
5
5028
45
19
8
31
77
144
13
75
32
9
27
63
6
12
11
44
62
48
6
53
76
72
5019
72
58
43
52
31
39
3
44
97
74
11
43
31
17
31
11
29
15
54
55
95
9
45
23
9
42
18
65
7
37
16
7
23
14
80
34
5
10
41
22
15
42
41
38
18
7
73
19
125
37
77
67
8
50
77
34
9
31
29
32
29
32
69
8
10
54
56
18
76
30
14
73
76
114
70
71
52
39
164
7
27
40
23
35
35
13
19
55
48
34
33
25
28
30
583
112
118
34
64
91
8
8
19
72
45
102
11
50
17
82
25
75
12
29
6
229
117
79
5
25
32
12
796
46
5
236
47
52
31
35
21
5
124
54
19
81
8
7
161
12
88
203
47
38
8
11
23
39
33
44
52
9
34
45
42
23
17
8
19
51
16
70
27
44
21
34
39
11
39
10
81
28
28
23
72
5
14
79
26
31
31
12
14
29
43
10
212
27
7
110
8
39
19
38
49
82
6
77
17
68
85
90
37
29
56
26
27
7
6
270
26
32
39
18
7
16
41
4
60
8
265
43
19
27
30
26
25180
37
86
69
13
7
50
45
35
32
21
7
9
98
109
22
6
53
28
32
11
26
32
59
23
167
7
170
36
9
37
17
6
42
20132
16
36
28
10
36
31
82
11
21
67
16
23
8
1706
9
7
44
19
38
12
16
4
10022
33
9
55
11
210
49
9
17
16
57
48
34
34
25
9
46
32
131
33
66
11
53
82
61
37
10023
5
5
720
53
12
56
15
10
30
38
36
38
48
69
13
70
61
9
84
58
85
75
48
55
129
128
59
78
141
5040
21
30
10
6
24
47
41
66
62
45
35
27
112
5
152
30
11
34
40
472
8
40
58
19
23
38
80
93
14
126
18
9
32
6
26
78
7
46
25
6
6
1679
55
111
62
52
56
54
6
592
26
21
12
7
32
18
21
43
59
32
61
168
43
41
81
67
33
5047
77
46
7
6
46
5
10
24
10
7
10
33
117
7
17
71
35
39
54
50
8
7
6
13
179
5024
58
9
29
27
73
42
34
15
58
12
7
33
10
41
417
69
74
4
42
32
63
6
32
10
14
43
77
56
26
54
5
30
62
27
12
54
24
35
27
7
17
47
62
365
35
28
13
36
219
10
60
42
37
26
73
56
33
42
24
34
13
84
27
33
95
56
9
54
5
185
27
32
39
30
43
69
70
61
17
62
6
23
57
23
27
39
16
44
68
6
90
105
4
26
47
37
92
34
71
29
12
29
696
4
31
6
60
7
59
79
30
8
11
32
61
34
6
27
87
37
5
61
25
31
38
27
7
84
46
89
62
34
15
85
22
110
230
12
54
28
51
8
35
36
17
28
14
24
50
29
7
119
86
35
31
34
21
39
76
6
67
8
8
41
41
9
30
72
7
22
46
39
138
42
38
25
50
22
36
17
32
45
29
94
43
36
33
48
51
4
7
32
3
9
10
52
35
5
5
5
29
26
353
43
997
84
14
10
1885
10
37
25
27
24
19
254
56
61
4
41
49
20
32
20
5
36
43
17
36
9
42
50
7
5
19
7
28
159
107
9
17
5
33
150
71
31
16
98
20
7
9
48
5
39
149
43
6
60
6
7
160
152
6
44
27
48
9
7
37
33
6
50
16
10
28
28
23
7475
148
82
77
16
141
92
35
617
10056
33
100
78
21
8
11
56
30
43
27
146
27
6
140
32
67
47
44
35
40
58
24
6
45
18
32
5054
56
14
201
17
34
4
54
28
65
10
8
14
29
24
41
13
37
20
27
416
35
10
25
111
32
6
16
6
10
13
91
77
27
15
40
156
16
35
4
104
35
44
6
78
92
19
30
13
32
5046
27
55
26
4
24
39
26
18
33
165
8
5
9
18
94
70
6
43
45
40
35
86
81
45
32
24
15124
4
10
94
14
4
4
87
7
25
8
121
5
196
26
10
8
6
47
12
101
6
48
13
100
30
778
48
22
38
1427
20
10
51
21
9
12
36
31
26
10
36
30
19
53
43
66
72
47
36
27
32
26
21
6
46
7
23
55
52
21
9
82278
101
6
37
26
23
9
73
25
55
23
15
10
9
88
41
46
37
6
145
28
10
58
8
6
21
30
166
94
115
23
60
18
5
20
43
63
11
9
87
18
36
5
32
77
62
6
32
80
1648
9
36
9
156
155
21
31
42
12
30
60
6
37
18
5
40
78
42
5
11
25
79
29
55
12
121
32
48
66
162
47
37
21
50
18
36
21
20
62
27
8
68
81
79
9
6
46
47
18
5
89
50
58
41
27
38
40
26
37
19
37
62
84
49
38
8
21
129
8
24
53
10
60
146
41
39
7
155
25
6
27
8
48
14
12
39
23
50
5
76
2289
39
31
7
90
38
43
85
16
114
70
26
24
43
41
36
8
21
26
28
74
6
202
5
17
37
103
33
35
114
51
5
29
31
8583
66
64
29
46
10
61
12
36
77
15
31
6
61
37
26
60
139
79
65
8
9
9
35
4
1492
280
15
9
31
39
7
10
124
84
41
33
96
15
79
4
11
73
37
36
4
5
30
8470
4
33
20
44
26
46
8
37
41
4316
7
42
24
27
32
18
9
38
6
10
95
31
32
16
34
5
35
10
88
12
47
7
28
16
48
36
10060
148
78
31
67
35
51
45
45
16
86
27
76
106
19
63
35
8
151
72
29
30
211
9
382
23
6
78
21
30
70
25
90
95
26
90
28
18
21
119
36
27
31
26
28
19
27
13
27
9
5200
45
31
76
57
57
44
74
8
11
55
30
23
79
13
34
81
45
30
12
81
33
55
31
8
758
5
46
60
114
21
59
108
7
5
42
74
70
44
32
41
36
14
13
93
66
47
117
172
20
47
16
37
101
224
222
6
57
84
40
27
5
98
90
38
5
59
6
78
41
8
26
9
4
24
34
10072
21
14
148
33
15
21
5081
9
39
4
28
37
19
82
47
23
5
335
44
8
11
77
100
7
59
7
4
116
70
10
24
46
21
10
12
67
8
56
10
31
5
52
37
13
38
5
57
7
37
28
43
24
7
27
15
6
41
107
5
8
67
45
48
13
9
7
25
38
9
104
5
89
57
27
68
24
37
43
5
6
68
6
318
234
36
46
24
36
30
94
3455
27
140
9
138
129
21
13
8
83
130
46
92
10077
23
29
5
40
101
11
145
45
128
42
61
26
10
5044
12
48
10
18
26
10135
50
660
22
14
5
181
35
54
9
165
22
259
30
72
56
4
14
23
126
21
16
36
59
65
19
7
35
104
207
28
51
33
47
44
121
34
5
106
116
42
16
99
37
2767
143
35
116
81
34
69
34
70
24
8
16
66
1528
15
58
5118
44
27
36
18
167
67
42
43
24
7
85
9
463
7
6
41
17
21
39
62
51
6
41
76
6
16
75
25
388
40
37
20
132
30
28
33
28
98
23
14
6
54
28
5
6
62
108
35
9
8
29
1211
21
38
116
5
28
34
24
21
89
22
29
30
7
29
6
37
61
37
16
74
9
25
48
58
7
46
92
75
117
221
6
19
47
8
20
13
141
792
56
42
24
34
30
14
72
30
9
57
13
149
7
402
47
16
471
18
70
93
107
26
57
145
44
122
11
224
10
22
28
159
4
41
6
35
6
38
5
11
33
66
14
41
7
19
124
54
24
92
12
89
10
34
37
72
23
14
28
6
61
16
68
37
40
43
88
8
30
139
43
362
50
7
25
83
21
66
11
25
35
23
34
12
182
32
38
7
12
24
12
87
43
23
61
23
6
14
101
29
543
6
30
24
12
13
103
35
20
54
7
73
13
57
7
38
102
103
12
61
11
93
36
113
35
8
6
79
95
52
90
28
42
27
10058
52
10
37
50
49
5
39
70
83
36
25
29
