1.0
1.5553028811817065
2.1111230899547957
2.6674606263192673
3.2243154902751208
3.7816876818223575
4.339577200960976
4.8979840476909775
5.456908222012361
6.016349723925127
6.576308553429276
7.136784710524807
7.69777819521172
8.259289007490015
8.821317147359693
9.383862614820753
9.946925409873197
10.510505532517023
11.07460298275223
11.639217760578822
12.204349865996793
12.769999299006146
13.336166059606883
13.902850147799002
14.470051563582503
15.037770306957388
15.606006377923654
16.174759776481302
16.74403050263033
17.313818556370745
17.884123937702544
18.45494664662572
19.02628668314028
19.598144047246226
20.170518738943553
20.743410758232258
21.31682010511235
21.89074677958382
22.465190781646676
23.040152111300916
23.615630768546534
24.19162675338354
24.76814006581193
25.3451707058317
25.92271867344285
26.500783968645386
27.079366591439303
27.658466541824605
28.238083819801286
28.81821842536935
29.398870358528796
29.980039619279626
30.561726207621835
31.143930123555432
31.726651367080407
32.30988993819676
32.89364583690451
33.47791906320363
34.06270961709414
34.648017498576024
35.2338427076493
35.820185244313954
36.40704510856999
36.994422300417405
37.58231681985621
38.17072866688639
38.75965784150796
39.34910434372091
39.939068173525236
40.52954933092095
41.12054781590805
41.71206362848652
42.30409676865638
42.89664723641763
43.489715031770245
44.08330015471426
44.67740260524965
45.27202238337642
45.867159489094576
46.462813922404116
47.05898568330503
47.65567477179732
48.252881187881
48.85060493155607
49.44884600282251
50.04760440168034
50.646880128129546
51.24667318217014
51.84698356380211
52.44781127302547
53.04915630984021
53.65101867424633
54.253398366243836
54.856295385832716
55.459709733012986
56.06364140778464
56.66809041014767
57.273056740102085
57.87854039764789
58.48454138278507
59.09105969551363
59.69809533583358
60.3056483037449
60.913718599247616
61.522306222341705
62.13141117302718
62.74103345130404
63.351173057172275
63.9618299906319
64.5730042516829
65.18469584032529
65.79690475655906
66.40963100038421
67.02287457180074
67.63663547080866
68.25091369740795
68.86570925159864
69.4810221333807
70.09685234275415
70.71319987971899
71.33006474427519
71.94744693642278
72.56534645616176
73.18376330349211
73.80269747841386
74.42214898092699
75.04211781103149
75.66260396872738
76.28360745401466
76.9051282668933
77.52716640736334
78.14972187542476
78.77279467107756
79.39638479432175
80.0204922451573
80.64511702358425
81.27025912960258
81.89591856321229
82.52209532441339
83.14878941320586
83.77600082958973
84.40372957356497
85.0319756451316
85.6607390442896
86.290019771039
86.91981782537977
87.55013320731192
88.18096591683546
88.81231595395037
89.44418331865667
90.07656801095436
90.70947003084342
91.34288937832387
91.97682605339571
92.61128005605892
93.24625138631352
93.8817400441595
94.51774602959685
95.1542693426256
95.79130998324572
96.42886795145724
97.06694324726013
97.7055358706544
98.34464582164006
98.9842731002171
99.62441770638551
100.26507964014532
100.9062589014965
101.54795549043907
102.19016940697301
102.83290065109836
103.47614922281507
104.11991512212316
104.76419834902264
105.4089989035135
106.05431678559574
106.70015199526938
107.34650453253438
107.99337439739078
108.64076158983855
109.28866610987771
109.93708795750825
110.58602713273017
111.23548363554347
111.88545746594815
112.53594862394422
113.18695710953168
113.83848292271051
114.49052606348073
115.14308653184233
115.79616432779531
116.44975945133967
117.10387190247542
117.75850168120255
118.41364878752105
119.06931322143095
119.72549498293222
120.38219407202487
121.03941048870892
121.69714423298434
122.35539530485114
123.01416370430934
123.6734494313589
124.33325248599985
124.99357286823219
125.6544105780559
126.31576561547101
126.9776379804775
127.64002767307535
128.3029346932646
128.96635904104522
129.63030071641725
130.29475971938064
130.9597360499354
131.62522970808158
132.2912406938191
132.95776900714804
133.62481464806834
134.29237761658004
134.9604579126831
135.62905553637756
136.29817048766338
136.96780276654061
137.6379523730092
138.3086193070692
138.97980356872057
139.6515051579633
140.32372407479744
140.99646031922296
141.66971389123984
142.34348479084812
143.01777301804776
143.6925785728388
144.36790145522124
145.04374166519506
145.72009920276022
146.3969740679168
147.07436626066476
147.7522757810041
148.43070262893482
149.10964680445693
149.78910830757042
150.46908713827526
151.1495832965715
151.83059678245914
152.51212759593815
153.19417573700855
153.87674120567033
154.5598240019235
155.24342412576806
155.92754157720398
156.6121763562313
157.29732846284998
157.98299789706005
158.6691846588615
159.35588874825433
160.04311016523855
160.73084890981417
161.41910498198115
162.1078783817395
162.79716910908925
163.4869771640304
164.1773025465629
164.8681452566868
165.5595052944021
166.25138265970875
166.9437773526068
167.63668937309623
168.33011872117703
169.02406539684924
169.7185294001128
170.41351073096774
171.1090093894141
171.8050253754518
172.50155868908092
173.1986093303014
173.89617729911328
174.59426259551654
175.29286521951116
175.99198517109718
176.69162245027456
177.39177705704336
178.09244899140353
178.79363825335506
179.495344842898
180.1975687600323
180.900310004758
181.60356857707507
182.30734447698353
183.01163770448338
183.7164482595746
184.42177614225722
185.12762135253118
185.83398389039655
186.5408637558533
187.24826094890145
187.95617546954097
188.66460731777187
189.37355649359415
190.08302299700782
190.79300682801286
191.5035079866093
192.2145264727971
192.9260622865763
193.63811542794687
194.35068589690883
195.06377369346217
195.7773788176069
196.491501269343
197.2061410486705
197.92129815558937
198.63697259009962
199.35316435220125
200.06987344189426
200.78709985917868
201.50484360405449
202.22310467652167
202.94188307658024
203.66117880423022
204.38099185947155
205.10132224230426
205.82216995272836
206.54353499074386
207.26541735635072
207.98781704954897
208.71073407033862
209.43416841871962
210.158120094692
210.8825890982558
211.60757542941096
212.3330790881575
213.05910007449543
213.78563838842473
214.51269402994544
215.24026699905752
215.96835729576097
216.6969649200558
217.42608987194203
218.1557321514196
218.8858917584886
219.616568693149
220.34776295540073
221.07947454524387
221.8117034626784
222.54444970770427
223.27771328032156
224.01149418053024
224.74579240833032
225.4806079637217
226.21594084670454
226.95179105727874
227.6881585954443
228.42504346120126
229.16244565454963
229.9003651754893
230.63880202402044
231.37775620014293
232.11722770385677
232.85721653516205
233.5977226940587
234.33874618054668
235.0802869946261
235.8223451362969
236.56492060555905
237.3080134024126
238.05162352685755
238.79575097889384
239.54039575852153
240.28555786574063
241.03123730055106
241.77743406295292
242.52414815294617
243.27137957053074
244.01912831570675
244.76739438847412
245.5161777888329
246.26547851678302
247.01529657232453
247.76563195545745
248.51648466618173
249.26785470449738
250.01974207040445
250.77214676390287
251.5250687849927
252.2785081336739
253.03246480994648
253.78693881381042
254.54193014526578
255.2974388043125
256.0534647909506
256.81000810518015
257.567068747001
258.3246467164132
259.0827420134169
259.8413546380119
260.6004845901983
261.3601318699761
262.1202964773453
262.8809784123058
263.64217767485775
264.40389426500104
265.16612818273575
265.92887942806186
266.69214800097933
267.45593390148815
268.2202371295884
268.98505768528
269.75039556856296
270.51625077943737
271.28262331790313
272.04951318396024
272.8169203776088
273.5848448988487
274.35328674768
275.1222459241027
275.89172242811674
276.66171625972214
277.43222741891896
278.2032559057072
278.97480172008676
279.7468648620577
280.5194453316201
281.2925431287738
282.0661582535189
282.8402907058554
283.6149404857833
284.39010759330256
285.1657920284132
285.9419937911152
286.71871288140863
287.49594929929344
288.2737030447696
289.0519741178372
289.8307625184961
290.61006824674644
291.3898913025881
292.1702316860212
292.9510893970457
293.7324644356615
294.51435680186876
295.2967664956674
296.07969351705736
296.86313786603876
297.6470995426115
298.43157854677565
299.21657487853116
300.0020885378781
300.78811952481635
301.57466783934603
302.3617334814671
303.1493164511795
303.9374167484834
304.7260343733786
305.51516932586514
306.3048216059431
307.0949912136125
307.88567814887324
308.67688241172533
309.46860400216883
310.26084292020374
311.05359916582995
311.8468727390476
312.64066363985665
313.4349718682571
314.2297974242489
315.02514030783203
315.82100051900665
316.61737805777256
317.4142729241298
318.2116851180786
319.0096146396187
319.8080614887501
320.60702566547303
321.40650716978723
322.20650600169284
323.00702216118987
323.80805564827824
324.60960646295797
325.41167460522917
326.21426007509166
327.01736287254556
327.82098299759093
328.62512045022754
329.4297752304556
330.2349473382751
331.0406367736859
331.8468435366881
332.6535676272817
333.46080904546665
334.268567791243
335.0768438646108
335.88563726556987
336.69494799412035
337.5047760502623
338.31512143399556
339.12598414532016
339.93736418423623
340.74926155074365
341.56167624484243
342.3746082665326
343.1880576158143
343.93120970760356
344.6743148673421
345.41737309503
346.16038439066705
346.90334875425344
347.6462661857891
348.3891366852741
349.1319602527083
349.87473688809183
350.61746659142466
351.3601493627068
352.10278520193816
352.8453741091188
353.5879160842487
354.3304111273279
355.0728592383564
355.8152604173342
356.5576146642612
357.2999219791376
358.04218236196317
358.78439581273807
359.5265623314623
360.2686819181357
361.01075457275846
361.75278029533047
362.4947590858518
363.2366909443224
363.97857587074225
364.72041386511137
365.4622049274298
366.2039490576975
366.94564625591454
367.68729652208077
368.4288998561964
369.1704562582612
369.91196572827533
370.65342826623873
371.3948438721514
372.1362125460133
372.8775342878246
373.61880909758514
374.3600369752949
375.101217920954
375.8423519345624
376.58343901612005
377.324479165627
378.0654723830832
378.8064186684887
379.54731802184347
380.2881704431475
381.02897593240084
381.7697344896035
382.5104461147554
383.25111080785655
383.99172856890704
384.7322993979068
385.4728232948558
386.21330025975413
386.95373029260173
387.6941133933986
388.4344495621447
389.17473879884017
389.9149811034849
390.6551764760789
391.39532491662214
392.1354264251147
392.8754810015566
393.6154886459477
394.3554493582881
395.0953631385778
395.8352299868167
396.575049903005
397.31482288714255
398.05454893922933
398.79422805926544
399.5338602472508
400.2734455031855
401.01298382706943
401.75247521890265
402.4919196786851
403.2313172064169
403.970667802098
404.70997146572836
405.44922819730795
406.18843799683685
406.9276008643151
407.6667167997425
408.4057858031193
409.1448078744453
409.88378301372063
410.62271122094523
411.3615924961191
412.1004268392423
412.83921425031474
413.57795472933645
414.31664827630743
415.05529489122773
415.7938945740973
416.5324473249161
417.2709531436867
418.12123715374514
418.973688590631
419.82830745434416
420.6850937448846
421.5440474622525
422.4051686064476
423.26845717747
424.13391317531983
425.00153659999694
425.8713274515014
426.7432857298331
427.6174114349921
428.4937045669786
429.3721651257922
430.25279311143333
431.1355885239016
432.0205513631973
432.9076816293203
433.79697932227066
434.68844444204825
435.5820769886533
436.4778769620855
437.37584436234516
438.27597918943206
439.17828144334635
440.08275112408796
440.98938823165685
441.8981927660531
442.8091647272766
443.72230411532746
444.63761093020554
445.555085171911
446.47472684044385
447.39653593580397
448.32051245799136
449.2466564070061
450.1749677828481
451.1054465855175
452.03809281501424
452.97290647133826
453.9098875544896
454.8490360644683
455.79035200127436
456.73383536490763
457.6794861553683
458.6273043726563
459.5772900167716
460.5294430877142
461.48376358548416
462.4402515100814
463.39890686150596
464.3597296397579
465.3227198448371
466.28787747674363
467.2552025354775
468.2246950210387
469.1963549334272
470.17018227264305
471.14617703868623
472.12433923155675
473.10466885125453
474.0871658977797
475.07183037113214
476.0586622713119
477.047661598319
478.0388283521535
479.03216253281516
480.02766414030424
481.02533317462064
482.02516963576426
483.0271735237353
484.0313448385337
485.0376835801594
486.0461897486124
487.0568633438927
488.0697043660004
489.0847128149353
490.10188869069765
491.12123199328727
492.14274272270416
493.16642087894843
494.19226646202003
495.2202794719189
496.25045990864515
497.28280777219874
498.3173230625796
499.3540057797877
500.3928559238232
501.4338734946861
502.4770584923762
503.52241091689376
504.5699307682385
505.6196180464106
506.67147275141014
507.7254948832369
508.78168444189095
509.84004142737246
510.9005658396812
511.96325767881723
513.0281169447893
514.0787033577171
515.131131647376
516.185401813766
517.241513856887
518.299467776739
519.359263573322
520.420901246636
521.4843807966812
522.5497022234573
523.6168655269644
524.6858707072026
525.7567177641719
526.8294066978721
527.9039375083033
528.9803101954656
530.0585247593589
531.1385811999833
532.2204795173386
533.304219711425
534.3898017822424
535.4772257297909
536.5664915540705
537.6575992550809
538.7505488328225
539.8453402872951
540.9419736184987
542.0404488264334
543.1407659110989
544.2429248724957
545.3469257106234
546.4527684254822
547.560453017072
548.6699794853928
549.7813478304446
550.8945580522275
552.0096101507413
553.1265041259862
554.2452399779622
555.3658177066692
556.4882373121072
557.6124987942762
558.7386021531763
559.8665473888074
560.9963345011695
562.1279634902626
563.2614343560869
564.3967470986421
565.5339017179283
566.6728982139456
567.813736586666
569.0576672688328
570.3074104329337
571.5629660789689
572.8243342069395
574.0915148168438
575.3645079086823
576.6433134824558
577.9279315381634
579.2183620758058
580.5146050953826
581.8166605968936
583.1245285803391
584.4382090457193
585.7577019930338
587.0830074222827
588.4141253334662
589.7510557265839
591.0937986016361
592.4423539586232
593.7967217975443
595.1569021183998
596.5228949211896
597.8947002059144
599.2723179725735
600.6557482211667
602.0449909516949
603.4400461641571
604.8409138585537
606.2475940348854
607.660086693151
609.0783918333509
610.5025094554858
611.9324395595547
613.3681821455584
614.8097372134966
616.257104763369
617.7102847951755
619.1692773089171
620.634082304593
622.1046997822029
623.5811297417479
625.0633721832269
626.5514271066404
628.0452945119889
629.5449743992713
631.0504667684879
632.5617716196396
634.0788889527253
635.6018187677457
637.13056106472
638.7834967897943
640.44688738685
642.1207328558862
643.8050331969039
645.4997884099016
647.2049984948812
648.9206634518409
650.6467832807821
652.3833579817037
654.1303875546073
655.8878719994905
657.6558113163555
659.4342055052011
661.2230545660282
663.0223584988353
664.8321173036238
666.6523309803933
668.4829995291439
670.3241229498749
672.1757012425874
674.0377344072799
675.9102224439544
677.7931653526093
679.6865631332453
681.5904157858622
683.5047233104601
685.4294857070386
687.3647029755975
689.310375116138
691.2665021286598
693.2330840131617
695.2101207696455
697.1976123981094
699.1955588985552
701.203960270981
703.2228165153883
705.2521276317761
707.2918936201454
709.3421144804952
711.4027902128264
713.4739208171377
715.5555062934309
717.6475466417041
719.7500418619588
721.8629919541941
723.9863969184112
726.1202567546079
728.2645714627865
730.4193410429457
732.5845654950858
734.9501521621005
737.333641047835
739.735032152329
742.1543254755798
744.5915210175917
747.0466187783622
749.519618757894
752.0105209561834
754.5193253732332
757.0460320090406
759.590640863611
762.1531519369373
764.7335652290258
767.3318807398709
769.9480984694792
772.5822184178451
775.2342405849695
777.9041649708552
780.5919915754985
783.297720398903
786.0213514410652
788.7628847019878
791.5223201816689
794.2996578801121
797.0948977973121
799.9080399332724
802.7390842879913
805.5880308614724
808.4548796537119
811.3396306647091
814.2422838944676
817.1628393429846
820.101297010262
823.057656896297
826.0319190010932
829.024083324648
832.0341498669632
835.0621186280359
838.10798960787
841.1717628064634
844.2534382238164
847.3530158599269
850.4704957147987
853.6058777884318
856.7591620808207
859.9303485919709
863.1194373218786
866.3264282705495
869.5513214379762
872.794116824165
877.567106149636
882.4173032514336
887.3447081296472
892.3493207842912
897.4311412153511
902.5901694228342
907.8264054067477
913.139849167077
918.5305007038296
923.998360017009
929.5434271066006
935.1657019726299
940.8651846150751
946.6418750339435
952.4957732292387
958.4268792009534
964.4351929490986
970.520714473656
976.6834437746402
982.9233808520548
989.2405257058817
995.6348783361391
1002.1064387428123
1008.6552069259124
1015.2811828854392
1025.3323379767535
1035.7182371024392
1046.4388802627218
1057.494267457514
1068.8843986867869
1080.6092739506275
1092.6688932489778
1105.0632565818087
1117.7923639492074
1130.8562153511157
1144.2548107875045
1157.9881502584904
1172.0562337639567
1186.4590613039036
1201.1966328784474
1216.2689484874718
1231.6760081310058
1247.4178118091077
1263.4943595217192
1279.905651268782
1296.6516870504129
1313.7324668665824
1331.1479907172325
1348.8982586024504
1366.983270522207
1413.8197959703393
1463.176970800152
1515.0547950100154
1569.453268600395
1626.372391571058
1685.8121639220044
1747.7725856537
1812.2536567652132
1879.2553772572428
1948.777747129323
2020.8207663819194
2095.3844350147992
2172.4687530279625
2252.0737204211764
2334.1993371949065
2418.84560334892
2506.012518883217
2595.7000837977976
2687.9082980928943
2782.6371617680416
2879.886674823705
2979.6568372594193
3081.9476490756497
3186.7591102721635
3294.091220848961
4978.262596085668
6786.056052647531
8717.471590556204
10772.509209789336
12951.168910346925
15253.450692228973
17679.354555428028
20228.880499966443
22902.028525829315
25698.798633016646
28619.190821528435
31663.205091372132
34830.84144252539
38122.099875018
41536.98038884252
45075.48298398405
48737.60766045749
52523.35441825539
56432.72325736284
60465.714177817106
64622.32717958838
68902.56226269156
73306.4194271192
77833.89867286384
82484.99999994785
