1
51
72
124
2
3
50
16
79
253
15
86
9
15
40
24
4
3
92
4
505
3
6
119
18
183
7
34
4
73
6
24
18
87
8
3
56
3
2
6
26
742
23
24
61
112
4
34
52
159
15
2
2
1141
14
926
264
36
21
216
1
18
1
3
1
17
20
25
2
316
38
416
45
25
44
184
73
9
4
300
23
27
74
3
4
81
1
3
77
21
8
602
125
15
2057
47
44
2
119
10
42
352
257
35
786
2435
20
27
15
6
25
257
2
6
3
8
2
41
10
2257
2
13
209
13
445
3
5
28
56
14
3
28
2
2
23
15
1
346
17
3
29
137
10
3
28
112
1341
109
4
829
2
1
4
3
40
66
7
67
10
9525
4
12
23
42
44
1
6
373
1
41
190
11
46
31
15
24
21
35
1
78
27
24
921
45
17
59
23
74
21
6
11
34
1
676
1851
20
13
29
190
30
42
2
2
389
28
19
8
70
107
16
2
419
21
17
48
19
18
54
1
1
44
24
265
55
369
25
150
99
26
59
31
12
28
157
12
116
5
99
16
202
160
7
74
42
7
39
18
2
352
7
2
68
481
63
32
597
146
6
4
69
7160
13
939
5
8
1
2
29
776
1
6
56
46
7
2
99
16
6
550
739
7
33
31
4
23
9
7
71
12
30
3
60
5
3
2
11
220
4
23
14
115
11
229
12
113
4
800
14
69
48
14
32
14
35
5
5
19
30
31
50
4
16
5
11
7
84
5
6
24
4
29
17
34
160
47
6
2
3
6
6
54
6
2
34
163
18
6
44
66
60
18
7
4082
623
17
70
66
2
13
24
2
13
8
40
5
67
11
1
68
57
17
95
7
5
7
30
17
64
65
7
5
830
164
99
15
2
930
4
25
104
2
3
14
10
446
609
10
1
9
7
8
9
2
14
6
10
2
2
8
333
4
11
11
270
22
2
8
4
26
39
59
3
11
15
47
5
1
55
4
28
33
517
32
46
10
2
72
764
269
4
10
2
9
13
74
5
5
12
74
28
832
3
29
550
11
2
5
281
21
2
9
48
4
18
51
28
13
3903
109
6
297
291
260
2018
14
10
415
2
1
1
7
1
30
5
3
48
282
114
2770
25
13
3
15
3
1
10
17
37
2
5
7
10
11
14
1249
6
7
10
115
66
6
8
9
6
12
12
71
2
44
2
26
61
12
11
28
17
13
5
16
8
7
41
4
16
8
67
11
26
4
287
1
8
81
49
3
41
41
1
290
10
23
68
13
8
117
3
10
273
14
282
8
79
3
125
5
25
9
67
5
21
17
1261
76
19
37
23
5
63
45
15
1008
528
358
3
2
10
533
15
10
4
7
47
215
44
27
722
1947
9
55
2
67
6
1045
453
13
2
13
19
41
817
15
8
99
8
19
5
489
1
10
4
1
1
219
4
10
171
1
8
15
510
9
8
46
629
2
88
12
10
24
2
8
508
63
25
1
6
2
697
21
17
1
36
1
21
8
40
15
30
1
1
1
11
7
6
9
7
97
30
7
15
32
20
1
2
27
23
30
1
1
22
15
80
4
8
451
2
30
24
10
460
109
47
50
9
10
558
11
4
28
14
11
42
23
66
10
1
20
1
14
42
1
9
4
5
7
578
25
16
35
1073
19
31
4
4
19
13002
13
1
27
108
1724
2
143
4
7
24
1
7
248
3
1
6
24
7
4
56
30
11
34
41
8
8
2
23
119
2628
10
77
2
210
17
35
366
2
13
47
40
3
2
3
15
715
1
435
6
28
4
19
1
15
44
1035
3
1
1008
8
2
14
1
11
29
1
2
13
2
4
7
21
9
60
3
54
60
2
25
1
11
3
2
1072
22
33
46
7
3
64
113
11
11
9
2
3
16
2
27
435
3
8
4
1
46
2
5
1
10
4
5
1
115
4
154
42
5
131
4
106
17
36
21
2
2663
7
31
1217
622
13
9
13
1
13
10
4
5
33
10
13
1
5
31
237
4
56
30
1
52
17
24
3
2
10
3
10
5
4
10
8
319
18
400
44
2
2
2
7
2
30
75
3
6
23
11
9
60
2
2517
765
540
3
14
9
11
2953
4
38
14
3
46
34
18
2
298
10
3
299
6
4
11
1
457
27
2
14
38
372
368
3
6
3
2
14
18
10
2
24
4
9
7
163
2
9
3
2
3
392
18
16
50
12
38
812
54
7
8
11
4
4
23
231
24
2
4
25
6
45
7
5
2
149
159
6
2
4
31
21
117
73
2
202
81
28
2
383
3
2
2
17
1630
3
335
5
9
17
14
89
67
5
17
98
353
562
3
81
1
15
30
24
1204
12
2
7
4
43
21
22
30
896
13
9
4
3
16
5
4
16
151
3
294
2567
6
2
16
2
3
6
3
15
38
68
35
3
9
342
117
4
19
57
11
1
9
15
3
7
1050
3
1
18
55
39
21
40
2
28
1208
4
26
94
2
48
49
102
31
77
2
78
1
612
105
51
578
54
26
659
4673
43
2
685
215
69
96
992
7
23
2
62
2
2722
27
2
1
2
82
330
91
657
3
90
170
1
28
2
37
377
894
14
2
2
25
4
1
360
3
39
60
1
26
27
3
27
539
26
2
630
2
2
13
959
352
2
1
173
58
12
12
3
2
2
451
147
7
66
43
7
2
295
8
40
3
3
24
9
75
164
2
17
6
47
92
27
29
2
15
2
126
2
147
47
69
20
80
2665
390
40
3
94
2
13
310
62
23
1
58
64
1
541
4
62
3
1
11
89
4
4
69
4
2
126
28
4
5
1
45
10
365
24
43
1
4672
9
2
7
204
3
235
85
1
62
6
175
108
87
5
12
1
6
53
559
27
27
15
9
2
51
7
385
347
581
583
3
22
625
2
51
125
1
308
26
3
10
35
59
2
32
8
2
12878
8482
9
12
10
2
2
2
3
4
3
17
1
363
43
24
3
3
82
51
1064
2
5
115
5
1
20
77
1
5
1827
4
2
3
152
34
2
8
280
12234
11
2
3
10
14
35
1
26
4
2
21
2
8
48
3
1
1
1670
1
41
19
24
120
50
92
318
3
77
124
56
2
753
3
1
25
2
2
24
2
1
12
2
1064
294
1
1
41
13
2
3
2
41
2
1
3
3
1
98
2
1
41
1
3
5
2
2
40
8
1
3
2
20
27
1
5
17
7
746
29
2
1
12
3
8
2
14
17
1
1
2
4
2
144
2
108
3
4
2
3
146
4
337
2
24
438
78
3
481
253
1
8
38
1105
52
9
1041
4
6
16
705
34
34
1037
6
275
673
30
60
55
15
273
183
1335
21
1450
2634
46
3
125
3
13
3
39
163
23
2690
78
2
16
58
7
16
13
852
15
4
14
6
6
1065
14
12
368
465
265
265
4
340
6
202
47
15
504
57
4
20
2
45
607
9
1409
9
1
1818
3
135
12578
67
21
2
2
35
26
84
5
107
1
262
9
26
40
5
14
96
4
1661
27
104
16
491
17
2
51
2
72
40
37
40
27
20
624
26
39
42
2
53
6
4
49
2
7
42
479
4
7
2
61
6
5
5
12
4
99
76
171
12
37
7
14
49
91
5
1
3
38
3
1
19
16
31
10
151
311
11
108
3
11
204
11
3
11
64
63
13
12
11
12
13
213
231
30
27
7
62
3940
2
301
1
4
13
34
22
29
5
839
5
32
33
5
6
17
10
6
14
30
4
20
216
3075
8
41
17
14
23
259
43
255
13
1009
48
37
33
11
40
263
28
313
3
2
5309
58
10
2
2
47
13
1156
186
19
30
751
477
5
2
222
5
1873
463
8
3
5
51
49
43
5
2251
77
26
26
1
36
13
48
14
280
13
11
14
19
13
65
12
8
9
19
12
18
16
661
726
47
12
280
13
101
224
10
796
73
8
583
10
105
786
34
51
738
358
212
31
3
91
39
104
28
53
307
350
117
38
3
252
2
222
289
82
2
15
53
8
3
65
60
9
418
49
65
17
24
78
23
11
29
8
2
1463
4
631
118
131
18
12
5
21
79
9
34
23
16
22
5
21
6
202
32
181
2
59
13
11
15
48
138
4
21
23
68
353
453
33
24
42
1017
192
32
869
13
84
103
10
49
28
31
603
17
2
744
120
22
37
20
329
211
17
11
607
198
4
339
74
2
62
4
387
3
5
3
8
34
13
70
90
112
5
61
34
6285
20
2
94
2084
27
385
264
23
404
5
3
170
15
2999
27
120
5
10
123
3187
413
23
59
68
35
11
6
64
38
5
4
16
4
85
2
5
51
86
4
91
16
66
2
117
9
22
572
10
50
16
2
52
3
442
7
2726
159
246
845
9
52
158
3
3
63
31
10
12
10
201
3
1252
21
51
10
23
33
13
13
60
1
20
452
1077
90
213
60
44
43
15
520
10
13
23
30
2
189
52
444
32
8
2
45
1250
6
66
302
16
14
30
32
32
254
16
74
141
136
67
334
20
691
1
17
2
74
48
5
855
16
53
8
18
2
284
2
65
93
159
854
3
240
45
98
28
121
11
45
34
1299
35
30
2
2
24
1
10
36
259
362
3
122
29
78
33
53
1
2
19
1
4
3
49
15
1
17
3
91
46
4
64
75
1120
598
1
2
20
488
7
86
9
1089
7
26
349
106
30
9
6
33
5
308
5
2
76
38
114
351
151
1316
530
66
190
5
192
3
4
238
25
5
85
1
12
9
366
20
15
9
1
3
38
10
59
18
2
159
88
15
44
12
2
3
103
38
17
3
194
11
24
20
5
44
11
33
18
2
269
14
12
68
171
30
87
239
3
2
18
8
11
42
26
129
6
229
35
797
797
57
32
3
410
520
67
13
920
6049
1237
25
131
