0.9392153855782361
0.9392245377273734
0.9394472846611257
0.9394747411085373
0.9399202349760422
0.9399659957217281
0.9406342365229853
0.9406983015669458
0.9415892893019553
0.9416716586441902
0.9427853933129522
0.9428860669534616
0.9442225485559759
0.9443415264947596
0.9459007550310263
0.9460380372680844
0.9478200127381036
0.9479755992734361
0.9499803216772076
0.9501542125108146
0.9523816818483385
0.9525738769802199
0.9550240932514962
0.955234592681652
0.9579075558866806
0.9581363596151109
0.9610320697538919
0.9612791777805967
0.96439763485313
0.9646630471781091
0.9680042511843949
0.9682879678076485
0.9718519187476867
0.9721539396692146
0.9759406375430052
0.9762609627628076
0.9802704075703506
0.9806090370884273
0.9848412288297227
0.985198162646074
0.9896531013211216
0.9900283394357473
0.9947060250445474
0.9950995674574474
1.0
1.0004118467111744
1.0059651771969282
1.0117595589147088
1.0177949918645162
1.0240714760463505
1.0305890114602114
1.0373475981060993
1.044347235984014
1.0515879250939555
1.0590696654359237
1.0667924570099188
1.0747562998159408
1.0829611938539894
1.091407139124065
1.1000941356261673
1.1090221833602965
1.1181912823264524
1.127601432524635
1.1372526339548448
1.147144886617081
1.1572781905113443
1.167652545637634
1.178267951995951
1.1891244095862945
1.2002219184086649
1.211560478463062
1.223140089749486
1.234960752267937
1.2470224660184144
1.2593252310009189
1.2718690472154504
1.2846539146620084
1.2976798333405932
1.3109468032512048
1.3244548243938434
1.3382038967685088
1.3521940203752008
1.3664251952139197
1.3808974212846652
1.395610698587438
1.4105650271222372
1.4257604068890632
1.4411968378879163
1.456874320118796
1.4727928535817028
1.488952438276636
1.505353074203596
1.5219947613625833
1.538877499753597
1.5560012893766375
1.573366130231705
1.590972022318799
1.6088189656379202
1.626906960189068
1.6452360059722428
1.663806102987444
1.6826172512346727
1.7016694507139274
1.7209627014252096
1.740497003368518
1.7602723565438536
1.780288760951216
1.8005462165906048
1.8210447234620208
1.8417842815654635
1.8627648909009331
1.8839865514684297
1.9054492632679527
1.9271530262995027
1.9490978405630794
1.9712837060586832
1.9937106227863135
2.016378590745971
2.039287609937655
2.0624376803613655
2.085828802017103
2.1094609749048674
2.133334199024659
2.1574484743764772
2.1818038009603224
2.206400178776194
2.2312376078240934
2.256316088104019
2.2816356196159715
2.307196202359951
2.332997836335957
2.3590405215439896
2.3853242579840495
2.411849045656136
2.4386148845602493
2.4656217746963893
2.4928697160645563
2.52035870866475
2.5480887524969704
2.5760598475612184
2.604271993857493
2.6327251913857936
2.6614194401461213
2.690354740138476
2.7195310913628576
2.748948493819266
2.7786069475077007
2.8085064524281624
2.838647008580651
2.869028615965167
2.89965127458171
2.9305149844302782
2.961619745510874
2.992965557823498
3.0245524213681474
3.056380336144824
3.088449302153527
3.1207593193942573
3.153310387867014
3.1861025075717975
3.219135678508608
3.252409900677445
3.2859251740783098
3.3196814987112004
3.3536788745761186
3.3879173016730624
3.4223967800020345
3.4571173095630328
3.4920788903560576
3.5272815223811094
3.5627252056381886
3.5984099401272935
3.634335725848426
3.670502562801585
3.7069104509867703
3.7435593904039837
3.7804493810532236
3.8175804229344896
3.854952516047782
3.892565660393103
3.9304198559704497
3.9685151027798233
4.0068514008212235
4.0454287500946515
4.084247150600105
4.1233066023375855
4.162607105307093
4.2021486595086275
4.241931264942189
4.2819549216077775
4.322219629505392
4.362725388635034
4.403472198996703
4.444460060590398
4.485688973416121
4.527158937473869
4.568869952763645
4.6108220192854485
4.653015137039278
4.695449306025134
4.738124526243017
4.781040797692928
4.824198120374864
4.8675964942888275
4.911235919434818
4.955116395812835
4.999237923422879
5.04360050226495
5.0882041323390474
5.133048813645172
5.1781345461833235
5.223461329953501
5.269029164955706
5.314838051189938
5.360887988656196
5.407178977354482
5.453711017284793
5.500484108447132
5.547498250841499
5.594753444467891
5.642249689326311
5.689986985416757
5.737965332739231
5.78618473129373
5.834645181080257
5.88334668209881
5.9322892343493905
5.981472837831998
6.030897492546631
6.080563198493292
6.1304699556719795
6.180617764082694
6.231006623725436
6.281636534600203
6.332507496706998
6.38361951004582
6.434972574616668
6.486566690419543
6.538401857454445
6.590478075721374
6.64279534522033
6.695353665951312
6.748153037914321
6.801193461109357
6.854474935536421
6.90799746119551
6.961761038086626
7.01576566620977
7.070011345564941
7.124498076152138
7.179225857971362
7.234194691022613
7.28940457530589
7.344855510821195
7.4005474975685255
7.456480535547883
7.512654624759268
7.56906976520268
7.625725956878117
7.682623199785582
7.739761493925075
7.797140839296595
7.85476123590014
7.912622683735711
7.97072518280331
8.029068733102939
8.08765333463459
8.146478987398268
8.205545691393976
8.26485344662171
8.32440225308147
8.384192110773258
8.44422301969707
8.504494979852911
8.565007991240778
8.625762053860672
8.686757167712596
8.747993332796543
8.809470549112518
8.871188816660519
8.933148135440547
8.9953485054526
9.057789926696682
9.120472399172792
9.183395922880926
9.246560497821092
9.30996612399328
9.373612801397496
9.437500530033738
9.501629309902007
9.565999141002305
9.630610023334627
9.695461956898978
9.760554941695355
9.825888977723759
9.89146406498419
9.957280203476646
10.02333739320113
10.089635634157641
10.156174926346178
10.222955269766743
10.289976664419333
10.357239110303954
10.424742607420598
10.49248715576927
10.560472755349968
10.628699406162694
10.697167108207445
10.765875861484226
10.83482566599303
10.904016521733864
10.973448428706725
11.043121386911611
11.113035396348522
11.183190457017464
11.253586568918431
11.324223732051424
11.395101946416444
11.46622121201349
11.537581528842567
11.609182896903667
11.681025316196795
11.753108786721949
11.82543330847913
11.897998881468338
11.970805505689572
12.043853181142834
12.117141907828122
12.19067168574544
12.264442514894782
12.33845439527615
12.412707326889546
12.487201309734967
12.561936343812418
12.636912429121892
12.712129565663396
12.787587753436927
12.863286992442486
12.939227282680068
13.015408624149678
13.091831016851316
13.168494460784979
13.245398955950671
13.322544502348387
13.399931099978131
13.477558748839904
13.555427448933703
13.633537200259527
13.711888002817378
13.790479856607256
13.869312761629162
13.948386717883093
14.027701725369052
14.107257784087038
14.187054894037052
14.26709305521909
14.347372267633158
14.42789253127925
14.50865384615737
14.589656212267517
14.67089962960969
14.752384098183889
14.834109617990116
14.916076189028374
14.998283811298654
15.080732484800961
15.163422209535293
15.246352985501657
15.329524812700043
15.412937691130459
15.4965916207929
15.58048660168737
15.664622633813863
15.748999717172389
15.833617851762936
15.91847703758551
16.00357727464011
16.088918562926743
16.174500902445395
16.260324293196078
16.34638873517879
16.43269422839353
16.51924077284029
16.606028368519084
16.693057015429897
16.78032671357274
16.867837462947612
16.955589263554508
17.04358211539343
17.131816018464388
17.220290972767366
17.30900697830237
17.3979640350694
17.487162143068456
17.576601302299544
17.666281512762655
17.75620277445779
17.84636508738496
17.936768451544154
18.027412866935375
18.118298333558617
18.20942485141389
18.30079242050119
18.392401040820516
18.484250712371868
18.57634143515525
18.66867320917066
18.761246034418093
18.854059910897554
18.94711483860904
19.040410817552555
19.133947847728095
19.22772592913566
19.321745061775253
19.416005245646875
19.51050648075053
19.605248767086202
19.700232104653903
19.79545649345363
19.890921933485387
19.98662842474917
20.082575967244978
20.178764560972812
20.27519420593268
20.37186490212457
20.468776649548484
20.56592944820443
20.663323298092397
20.760958199212396
20.858834151564416
20.956951155148467
21.055309209964545
21.153908316012654
21.252748473292783
21.35182968180494
21.451151941549124
21.550715252525336
21.650519614733575
21.75056502817384
21.85085149284613
21.95137900875045
22.052147575886792
22.153157194255165
22.254407863855565
22.355899584687993
22.457632356752445
22.559606180048924
22.66182105457743
22.764276980337964
22.866973957330526
22.96991198555511
23.073091065011724
23.176511195700364
23.28017237762103
23.384074610773723
23.488217895158446
23.592602230775192
23.69722761762397
23.80209405570477
23.9072015450176
24.012550085562456
24.118139677339336
24.223970320348243
24.33004201458918
24.43635476006214
24.54290855676713
24.649703404704148
24.75673930387319
24.864016254274258
24.971534255907358
25.07929330877248
25.187293412869625
25.295534568198804
25.40401677476001
25.51274003255324
25.621704341578496
25.73090970183578
25.840356113325093
25.95004357604643
26.059972089999793
26.170141655185184
26.280552271602602
26.391203939252048
26.502096658133517
26.613230428247018
26.724605249592535
26.836221122170084
26.948078045979656
27.06017602102126
27.17251504729488
27.285095124800534
27.397916253538213
27.51097843350792
27.624281664709656
27.737825947143417
27.851611280809202
27.965637665707014
28.079905101836857
28.194413589198728
28.30916312779262
28.424153717618616
28.555818071391332
28.687854414345992
28.820262746482594
28.953043067801143
29.086195378301632
29.219719677984077
29.35361596684846
29.487884244894786
29.62252451212306
29.757536768533278
29.892921014125438
30.02867724889956
30.164805472855612
30.301305685993608
30.438177888313554
30.575422079815446
30.713038260499285
30.851026430365067
30.989386589412785
31.128118737642463
31.267222875054074
31.40669900164764
31.546547117423145
31.686767222380603
31.82735931652
31.96832339984134
32.10965947234463
32.25136753402987
32.39344758489704
32.53589962494617
32.67872365417723
32.821919672590255
32.965487680185205
33.10942767696211
33.253739662920964
33.39842363806176
33.5434796023845
33.68890755588919
33.83470749857582
33.980879430444396
34.12742335149491
34.274339261727384
34.4216271611418
34.56928704973815
34.71731892751645
34.865722794476696
35.014498650618904
35.163646495943034
35.31316633044912
35.463058154137144
35.61332196700712
35.76395776905903
35.9149655602929
36.06634534070871
36.21809711030646
36.37022086908616
36.522716617047806
36.6755843541914
36.82882408051694
36.98243579602442
37.136419500713835
37.29077519458521
37.44550287763853
37.60060254987379
37.75607421129099
37.911917861890146
38.06813350167125
38.22472113063429
38.381680748779274
38.53901235610621
38.69671595261508
38.8547915383059
39.013239113178685
39.172058677233395
39.331250230470054
39.49081377288866
39.6507493044892
39.811056825271706
39.971736335236145
40.132787834382526
40.29421132271085
40.456006800221125
40.61817426691336
40.780713722787524
40.94362516784363
41.106908602081674
41.27056402550168
41.43459143810364
41.59899083988753
41.76376223085337
41.92890561100114
42.09442098033087
42.26030833884254
42.426567686536174
42.59319902341173
42.76020234946923
42.92757766470869
43.09532496913009
43.26344426273344
43.431935545520076
43.64006113589076
43.849336187094906
44.05976069913257
44.271334672003775
44.48405810570844
44.6979310002466
44.9129533556183
45.129125171823404
45.34644644886211
45.564917186734306
45.784537385439904
46.005307044979105
46.227226165351766
46.45029474655789
46.67451278859755
46.89988029147074
47.12639725517735
47.35406367971751
47.58287956509119
47.8128449112983
48.04395971833898
48.276223986213154
48.50963771492073
48.744200904461906
48.97991355483654
49.216775666044725
49.45478723808634
49.69394827096147
49.93425876467015
50.1757187192122
50.41832813458788
50.662087010796995
50.906995347839626
51.153053145715774
51.40026040442541
51.648617123968506
51.89812330434512
52.14877894555528
52.40058404759887
52.65353861047598
52.90764263418663
53.162896118730686
53.419299064108344
53.676851470319434
53.93555333736404
54.195404665242194
54.45640545395378
54.71855570349888
54.98185541387747
55.246304585089604
55.5119032171352
55.77865131001428
56.04654886372691
56.315595878272944
56.58579235365258
56.8571382898657
57.129633686912285
57.40327854479236
57.678072863505946
57.95401664305308
58.23110988343359
58.50935258464773
58.78874474669533
59.06928636957636
59.350977453290966
59.63381799783906
59.917808003220614
60.20294746943574
60.48923639648427
60.77667478436632
61.065262633081886
61.354999942631025
61.64588671301351
61.937922944229626
62.2311086362792
62.52544378916224
62.82092840287879
63.11756247742886
63.41534601281239
63.7142790090295
64.01436146608006
64.31559338396409
64.61797476268163
64.92150560223274
65.22618590261726
65.5320156638353
65.8389948858869
66.14712356877192
66.45640171249045
66.7668293170425
67.07840638242806
67.39113290864708
67.70500889569962
68.02003434358568
68.33620925230514
68.65353362185823
68.97200745224478
69.29163074346474
69.61240349551832
69.93432570840537
70.26814709263942
70.60333080326717
70.93987684028332
71.27778520368776
71.61705589348048
71.95768890966161
72.29968425223109
72.64304192118885
72.98776191653496
73.33384423826936
73.68128888639211
74.0300958609032
74.38026516180258
74.73179678909031
75.08469074276638
75.4389470228308
75.79456562928351
76.15154656212462
76.50988982135402
76.86959540697165
77.23066331897775
77.59309355737207
77.9568861221548
78.32204101332582
78.68855823088518
79.05643777483289
79.42567964516888
79.79628384189328
80.16825036500592
80.5415792145069
80.91627039039622
81.29232389267389
81.66973972133991
82.04851787639421
82.42865835783687
82.81016116566786
83.19302629988721
83.57725376049473
83.9628435474907
84.34979566087503
84.73811010064765
85.1277868668086
85.51882595935791
85.91122737829556
86.3049911236215
86.70011719533579
87.09660559343826
87.49445631792923
87.8936693688085
88.29424474607606
88.94755391807576
89.61208312110193
90.28783235515675
90.97480162024112
91.67299091635505
92.38240024349761
93.10302960166882
93.83487899087004
94.57794841110035
95.3322378623593
96.09774734464781
96.87447685796496
97.66242640231212
98.46159597768701
99.27198558409236
100.09359522152681
100.92642488998945
101.77047458948209
102.62574432000429
103.49223408155513
104.3699438741346
105.25887369774364
106.15902355238222
107.070393438049
107.99298335474577
108.92679330247165
109.87182328122617
110.82807329101024
111.79554333182341
112.77423340366613
113.76414350653613
114.76527364043704
115.77762380536706
116.80119400132526
117.83598422831346
118.88199448633122
119.93922477537762
121.00767509545267
122.08734544655772
123.17823582869141
124.28034624185375
125.39367668604655
126.51822716126799
127.65399766751852
128.80098820479725
129.95919877310644
131.12862937244472
132.3092800028112
133.50115066420676
134.70424135663234
135.95327889610098
137.21489830251494
138.48909957588148
139.77588271619743
141.0752477234646
142.387194597683
143.71172333885352
145.0488339469739
146.3985264220455
147.76080076406834
149.1356569730424
150.52309504896766
151.92311499184325
153.33571680167006
154.760900478449
156.19866602217826
157.64901343285783
159.11194271048953
160.58745385507245
162.0755468666057
163.57622174509015
165.08947849052583
166.61531710291274
168.15373758224996
169.7047399285384
171.26832414177807
172.84449022197077
174.43323816911197
176.0345679832053
177.64847966424895
179.27497321224473
180.91404862719082
182.56570590908814
184.22994505793667
185.90676607373643
187.5961689564865
189.2981537061878
191.01272032284123
192.73986880644497
194.47959915699994
196.23191137450522
197.99680545896172
199.77428141037035
201.5643392287302
203.36697891403946
205.18220046630086
207.01000388551347
208.8503891716764
210.70335632479055
212.56890534485683
215.17118157750156
217.81443753383246
220.4986732138077
223.22388861743093
225.99008374469668
228.79725859560494
231.64541317015937
234.53454746835814
237.4646614901976
240.43575523568143
243.44782870481322
246.5008818975857
249.59491481400437
252.72992745406555
255.90591981777288
259.12289190512456
262.38084371611694
265.67977525075366
269.01968650903837
272.40057749096377
275.82244819653533
279.28529862575124
282.78912877860967
286.33393865511425
289.9197282552632
293.5464975790492
297.21424662648496
300.9229753975633
304.67268389228775
308.4633721106584
312.2950400526679
316.1676877183254
320.08131510762723
324.03592222056614
328.03150905715484
332.0680756173897
336.14562190126344
340.26414790878516
344.42365363995305
348.6241390947598
352.86560427321456
357.1480491753082
361.471473801048
365.8358781504339
370.2412622234624
374.6876260201352
379.1749695404542
383.7032927844157
388.27259575202334
392.8828784432699
397.50023895243976
402.1572496986355
406.85391068196986
411.59022190245014
416.3661833600636
421.18179505482476
426.0370569867264
430.9319691557612
435.8665315619437
440.8407442052594
445.8546070857228
450.9081202033267
456.00128355806737
461.1340971499485
466.30656097897736
471.51867504513575
476.7704393484455
482.06185388888844
487.39291866647545
492.7636336811993
498.17399893307083
503.62401442207556
509.1136801482244
514.6429961115136
520.2119623119434
528.1528555991099
536.3128050351079
544.6918106197118
553.2898723529797
562.1069902349263
571.1431642655225
580.3983944447828
589.872680772678
599.566023249281
609.4784218744899
619.6098766483774
629.9603875709581
640.5299546421447
651.31857786201
662.3262572305248
673.5529927477328
684.9987844135758
696.6636322280538
708.5475361912395
720.6504963030457
732.9725125635159
745.5135849726794
758.2737135304633
771.2528982369113
784.4511390920088
802.2033766338427
820.5081272886309
839.3653910564608
858.7751679374487
878.7374579315365
899.2522610387823
920.3195772590989
941.9394065925444
964.1117490391189
986.8366045987059
1010.1139732714801
1033.943855057354
1058.326249956357
1083.2611579684599
1108.7485790936917
1134.7885133320233
1161.3809606834257
1188.525921147957
1216.2233947256464
1244.4733814164356
1273.2758812202956
1302.6308941373136
1332.5384201674024
1362.9984593106492
1394.0110115669668
1647.1607320765033
1917.9079391732812
2206.2526328545064
2512.19481312111
2835.7344799749553
3176.8716334123164
3535.606273436919
3911.9384000469
4305.868013240397
4717.395113021135
5146.519699387252
5593.241772338748
6057.561331875622
6539.478377999738
7038.992910707369
7556.10493000038
8090.814435876906
8643.121428346261
9213.025907395408
9800.527873033658
10405.627325253561
11028.324264060706
11668.61868945323
12326.510601431131
13001.999999996275
