3.0
3.386298793920824
3.7718308337202515
4.156596119398284
4.54059465095492
4.923826428390161
5.306291451704005
5.687989720896454
6.068921235967506
6.449085996917164
6.828484003745425
7.2071152564522905
7.58497975503776
7.962077499501835
8.338408489844511
8.713972726065794
9.08877020816568
9.46280093614417
9.836064910001266
10.208562129736965
10.580292595351267
10.951256306844174
11.321453264215686
11.690883467465802
12.05954691659452
12.427443611601845
12.794573552487773
13.160936739252305
13.52653317189544
13.891362850417181
14.255425774817525
14.618721945096473
14.981251361254024
15.34301402329018
15.70400993120494
16.064239084998306
16.42370148467027
16.782397130220843
17.140326021650022
17.497488158957804
17.85388354214419
18.209512171209177
18.56437404615277
18.91846916697497
19.27179753367577
19.624359146255177
19.976154004713187
20.3271821090498
20.67744345926502
21.026938055358844
21.37566589733127
21.7236269851823
22.070821318911936
22.417248898520175
22.76290972400702
23.107803795372465
23.451931112616517
23.795291675739175
24.13788548474044
24.47971253962031
24.820772840378776
25.16106638701585
25.50059317953153
25.83935321792581
26.1773465021987
26.51457303235019
26.851032808380285
27.18672583028899
27.52165209807629
27.855811611742197
28.18920437128671
28.521830376709826
28.853689628011544
29.18478212519187
29.515107868250798
29.84466685718833
30.17345909200447
30.501484572699212
30.828743299272556
31.155235271724507
31.480960490055057
31.805918954264218
32.130110664351974
32.45353562031835
32.77619382216332
33.098085269886894
33.41920996348907
33.73956790296985
34.05915908832924
34.37798351956722
34.69604119668382
35.01333211967902
35.329856288552826
35.64561370330523
35.96060436393624
36.27482827044586
36.588285422834076
36.9009758211009
37.21289946524634
37.52405635527037
37.834446491173004
38.14406987295425
38.45292650061409
38.76101637415254
39.068339493569596
39.37489585886525
39.68068547003951
39.985708327092375
40.28996443002384
40.59345377883392
40.8961763735226
41.19813221408988
41.49932130053577
41.799743632860256
42.09939921106335
42.39828803514505
42.69641010510535
42.99376542094426
43.29035398266177
43.58617579025788
43.8812308437326
44.17551914308593
44.469040688317854
44.761795479428386
45.053783516417525
45.34500479928526
45.63545932803161
45.92514710265657
46.21406812316012
46.502222389542275
46.78960990180303
47.0762306599424
47.36208466396037
47.647171913856944
47.93149240963212
48.215046151285904
48.49783313881829
48.779853372229276
49.06110685151887
49.341593576687075
49.62131354773388
49.90026676465928
50.178453227463294
50.45587293614591
50.73252589070712
51.00841209114695
51.28353153746538
51.55788422966241
51.83147016773805
52.10428935169229
52.376341781525134
52.64762745723658
52.918146378826634
53.187898546295294
53.45688395964255
53.72510261886842
53.992554523972885
54.25923967495596
54.525158071817636
54.79030971455792
55.0546946031768
55.31831273767429
55.58116411805039
55.84324874430509
56.1045666164384
56.3651177344503
56.624902098340804
56.88391970810993
57.14217056375764
57.39965466528397
57.65637201268889
57.91232260597243
58.16750644513457
58.421923530175306
58.67557386109465
58.92845743789259
59.18057426056915
59.4319243291243
59.68250764355807
59.93232420387042
60.181374010061404
60.42965706213097
60.67717336007915
60.923922903905925
61.16990569361132
61.4151217291953
61.6595710106579
61.90325353799909
62.1461693112189
62.38831833031731
62.62970059529432
62.870316106149936
63.11016486288415
63.34924686549698
63.5875621139884
63.825110608358436
64.06189234860707
64.2979073347343
64.53315556674015
64.7676370446246
65.00135176838765
65.2342997380293
65.46648095354956
65.69789541494843
65.9285431222259
66.15842407538197
66.38753827441664
66.61588571932994
66.84346641012182
67.07028034679232
67.29632752934141
67.5216079577691
67.74612163207541
67.96986855226031
68.19284871832383
68.41506213026594
68.63650878808666
68.85718869178598
69.07710184136391
69.29624823682043
69.51462787815557
69.73224076536931
69.94908689846164
70.16516627743259
70.38047890228214
70.5950247730103
70.80880388961705
71.02181625210241
71.23406186046635
71.44554071470893
71.6562528148301
71.86619816082988
72.07537675270827
72.28378859046525
72.49143367410083
72.69831200361502
72.90442357900781
73.10976840027922
73.31434646742923
73.51815778045784
73.72120233936505
73.92348014415087
74.1249911948153
74.32573549135832
74.52571303377995
74.72492382208019
74.92336785625903
75.12104513631647
75.31795566225252
75.51409943406718
75.70947645176042
75.90408671533228
76.09793022478274
76.29100698011182
76.48331698131949
76.67486022840576
76.86563672137065
77.05564646021412
77.24488944493622
77.4333656755369
77.6210751520162
77.80801787437412
77.99419384261063
78.17960305672574
78.36424551671944
78.54812122259176
78.73123017434268
78.91357237197221
79.09514781548035
79.27595650486708
79.45599844013242
79.63527362127637
79.8137820482989
79.99152372120005
80.16849863997982
80.34470680463818
80.52014821517514
80.69482287159072
80.86873077388489
81.04187192205765
81.21424631610904
81.38585395603903
81.55669484184762
81.7267689735348
81.89607635110062
82.06461697454502
82.23239084386802
82.39939795906963
82.56563832014984
82.73111192710866
82.8958187799461
83.05975887866212
83.22293222325675
83.38533881372997
83.54697865008183
83.70785173231226
83.86795806042132
84.02729763440897
84.18587045427523
84.3436765200201
84.50071583164356
84.65698838914562
84.81249419252629
84.96723324178558
85.12120553692345
85.27441107793994
85.42684986483503
85.57852189760874
85.72942717626103
85.87956570079191
86.02893747120143
86.17754248748955
86.32538074965626
86.47245225770158
86.61875701162552
86.76429501142803
86.90906625710916
87.0530707486689
87.19630848610724
87.3387794694242
87.48048369861974
87.6214211736939
87.76159189464664
87.90099586147801
88.03963307418798
88.17750353277654
88.31460723724372
88.4509441875895
88.58651438381389
88.72131782591688
88.85535451389845
88.98862444775865
89.12112762749746
89.25286405311485
89.38383372461087
89.51403664198548
89.6434728052387
89.77214221437052
89.90004486938095
90.02718077026998
90.1535499170376
90.27915230968382
90.40398794820868
90.52805683261212
90.65135896289416
90.77389433905483
90.89566296109408
91.01666482901194
91.13689994280841
91.25636830248348
91.37506990803718
91.49300475946944
91.61017285678034
91.72657419996983
91.84220878903793
91.95707662398459
92.07117770480988
92.18451203151379
92.2970796040963
92.40888042255742
92.51991448689714
92.63018179711545
92.73968235321239
92.84841615518792
92.95638320304207
93.0635834967748
93.17001703638614
93.27568382187609
93.38058385324464
93.48471713049176
93.58808365361753
93.6906834226219
93.79251643750487
93.89358269826644
93.99388220490661
94.0934149574254
94.19218095582278
94.29018020009877
94.38741269025337
94.48387842628657
94.57957740819836
94.67450963598878
94.76867510965778
94.8620738292054
94.9547057946316
95.04657100593641
95.13766946311985
95.22800116618188
95.3175661151225
95.40636430994175
95.4943957506396
95.58166043721604
95.66815836967109
95.75388954800475
95.83885397221702
95.92305164230788
96.00648255827736
96.08914672012543
96.17104412785207
96.25217478145737
96.33253868094124
96.41213582630374
96.49096621754484
96.56902985466454
96.64632673766283
96.72285686653974
96.79862024129525
96.87361686192938
96.94784672844209
97.02130984083341
97.09400619910335
97.16593580325187
97.237098653279
97.30749474918473
97.37712409096906
97.44598667863202
97.51408251217357
97.58141159159372
97.6479739168925
97.71376948806986
97.77879830512582
97.8430603680604
97.90655567687358
97.96928423156537
98.03124603213575
98.09244107858474
98.15286937091234
98.21253090911851
98.27142569320331
98.32955372316673
98.38691499900872
98.44350952072935
98.49933728832858
98.55439830180639
98.60869256116283
98.66222006639785
98.7149808175115
98.76697481450374
98.81820205737458
98.86866254612404
98.91835628075208
98.96728326125874
99.01544348764399
99.06283695990787
99.10946367805033
99.15532364207142
99.2004168519711
99.24474330774936
99.28830300940626
99.33109595694174
99.37312215035585
99.41438158964856
99.45487427481984
99.49460020586977
99.53355938279826
99.5717518056054
99.60917747429109
99.64583638885543
99.68172854929837
99.7168539556199
99.75121260782004
99.78480450589875
99.81762964985612
99.84968803969208
99.88097967540662
99.91150455699979
99.94126268447152
99.9702540578219
99.99847867705088
100.02593654215845
100.05262765314463
100.07855201000939
100.1037096127528
100.1281004613748
100.15172455587538
100.17458189625458
100.19667248251237
100.21799631464879
100.23855339266382
100.25834371655742
100.27736728632964
100.29562410198045
100.3131141635099
100.32983747091794
100.34579402420455
100.36098382336979
100.37540686841362
100.38906315933609
100.40195269613716
100.4140754788168
100.42543150737507
100.4360207818119
100.4458433021274
100.45489906832148
100.46318808039415
100.47071033834543
100.47746584217529
100.4834545918838
100.4886765874709
100.4931318289366
100.49682031628089
100.7816527797167
101.0679647896711
101.35575634614327
101.64502744913321
101.93577809864087
102.22800829466632
102.5217180372095
102.8169073262705
103.11357616184918
103.41172454394567
103.7113524725599
104.01245994769192
104.31504696934164
104.61911353750915
104.92465965219438
105.2316853133974
105.5401905211182
105.85017527535672
106.161639576113
106.47458342338706
106.78900681717889
107.10490975748843
107.42229224431577
107.74115427766085
108.06149585752368
108.38331698390428
108.70661765680259
109.03139787621876
109.35765764215259
109.68539695460422
110.01461581357358
110.34531421906078
110.67749217106564
111.01114966958832
111.34628671462869
111.68290330618692
112.02099944426283
112.36057512885648
112.70163035996794
113.0441651375971
113.3881794617441
113.73367333240881
114.0806467495913
114.42909971329149
114.77903222350952
115.13044428024526
115.48333588349877
115.83770703327
116.19355772955905
116.55088797236581
116.90969776169032
117.26998709753263
117.63175597989269
117.99500440877051
118.35973238416605
118.72593990607939
119.09362697451047
119.46279358945932
119.83343975092589
120.20556545891023
120.57917071341237
120.95425551443225
121.33081986196981
121.70886375602521
122.0883871965984
122.46939018368931
122.85187271729791
123.23583479742433
123.62127642406855
124.0081975972304
124.39659831691012
124.78647858310757
125.17783839582282
125.57067775505573
125.96499666080643
126.36079511307491
126.7580731118612
127.15683065716513
127.5570677489869
127.9587843873264
128.36198057218365
128.76665630355868
129.17281158145147
129.580446405862
129.98956077679028
130.40015469423633
130.81222815820016
131.22578116868172
131.64081372568103
132.05732582919813
132.47531747923296
132.8947886757855
133.31573941885586
133.73816970844405
134.1620795445499
134.58746892717346
135.01433785631485
135.44268633197407
135.87251435415095
136.3038219228465
136.78954849590662
137.27780292158042
137.76858519986803
138.2618953307695
138.75773331428462
139.2560991504135
139.75699283915606
140.26041438051243
140.76636377448267
141.27484102106655
141.78584612026413
142.2993790720755
142.81543987650076
143.33402853353965
143.85514504319224
144.3787894054587
144.90496162033884
145.43366168783285
145.96488960794045
146.49864538066186
147.03492900599696
147.57374048394587
148.11507981450865
148.658946997685
149.20534203347518
149.75426492187904
150.30571566289672
150.8596942565282
151.41620070277338
151.97523500163226
152.53679715310489
153.10088715719132
153.66750501389157
154.2366507232055
154.80832428513327
155.38252569967466
155.95925496682992
156.53851208659887
157.12029705898158
157.70460988397792
158.29145056158814
158.8808190918121
159.47271547464982
160.0671397101013
160.6640917981664
161.26357173884537
161.8655795321382
162.47011517804458
163.0771786765648
163.68677002769869
164.29888923144642
164.91353628780803
165.53071119678327
166.15041395837216
166.7726445725749
167.3974030393914
168.02468935882166
168.65450353086567
169.2868455555233
169.92171543279483
170.5591131626801
171.1990387451791
171.84149218029177
172.4864734680183
173.13398260835845
173.7840196013126
174.43658444688026
175.0916771450618
175.74929769585697
176.409446099266
177.0721223552888
177.73732646392534
178.40505842517564
179.07531823903958
179.74810590551726
180.42342142460893
181.10126479631413
181.7816360206332
182.46453509756589
183.14996202711245
183.83791680927277
184.52839944404673
185.22140993143455
185.916948271436
186.61501446405134
187.31560850928042
188.01873040712314
188.72438015757962
189.43255776064996
190.14326321633405
190.8564965246319
191.57225768554338
192.29054669906873
193.01136356520772
193.73470828396057
194.46058085532707
195.18898127930743
195.91990955590143
196.65336568510918
197.3893496669359
198.21732315834947
199.04959602033637
199.88616825289705
200.72703985603175
201.57221082973956
202.42168117402161
203.27545088887723
204.1335199743064
204.9958884303096
205.86255625688636
206.7335234540369
207.6087900217608
208.4883559600587
209.3722212689304
210.26038594837564
211.1528499983947
212.04961341898752
212.95067621015392
213.85603837189387
214.76569990420785
215.6796608070954
216.59792108055672
217.52048072459183
218.4473397392003
219.37849812438276
220.31395588013902
221.25371300646862
222.19776950337223
223.14612537084963
224.09878060890037
225.05573521752535
226.01698919672367
226.98254254649555
227.95239526684168
228.92654735776114
229.9049988192544
230.88774965132143
231.87479985396203
232.86614942717642
233.8617983709646
234.86174668532635
235.8659943702619
236.87454142577099
237.8873878518541
238.90453364851055
239.92597881574102
240.95172335354528
241.98176726192287
243.01611054087448
244.0547531904092
244.92367663615482
245.7900751946563
246.6539488659139
247.5152976499271
248.37412154669664
249.23042055622136
250.08419467850263
250.93544391353976
251.78416826133275
252.6303677218816
253.4740422951868
254.31519198124715
255.15381678006383
255.9899166916366
256.82349171596525
257.65454185305
258.48306710289035
259.30906746548635
260.1325429408389
260.9534935289471
261.7719192298114
262.58782004343175
263.40119596980776
264.2120470089394
265.0203731608274
265.8261744254712
266.6294508028709
267.4302022930269
268.2284288959386
269.02413061160587
269.81730744002925
270.60795938120873
271.3960864351443
272.1816886018355
272.9647658812828
273.74531827348574
274.52334577844476
275.2988483961599
276.0718261266311
276.84227896985794
277.6102069258409
278.37560999457946
279.13848817607413
279.8988414703249
280.6566698773313
281.411973397094
282.1647520296124
282.9150057748866
283.6627346329169
284.4079386036874
285.68950055334244
286.98967027717026
288.30844777516995
289.6458330473388
291.0018260936831
292.3764269141984
293.7696355088874
295.1814518777446
296.61187602077734
298.060907937981
299.5285476293575
301.01479509490673
302.5196503346251
304.0431133485181
305.58518413658294
307.14586269881966
308.72514903522733
310.3230431458087
311.939545030561
313.57465468948703
315.2283721225822
316.90069732985285
318.59163031129447
320.30117106690795
322.0293195966933
323.77607590064963
325.54143997878055
327.3254118310824
329.1279914575571
330.9491788582018
332.78897403302017
334.64737698201134
336.5243877051744
338.4200062025093
340.33423247401424
342.2670665196938
344.2185083395452
346.1885579335685
348.17721530176277
350.1844804441298
352.2103533606696
354.2548340513822
356.31792251626575
358.39961875532026
360.49992276854846
362.6188345559485
364.75635411752137
366.91248145326426
369.08721656318085
371.2805594472902
373.7410108432541
376.22981514035564
378.7469723385948
381.29248243797883
383.8663454385005
386.46856134016525
389.09913014296944
391.7580518469131
394.4453264519998
397.16095395822595
399.90493436559336
402.6772676741002
405.4779538837538
408.3069929945432
411.164385006472
414.0501299195439
416.96422773375525
419.90667844910786
422.8774820656017
425.87663858323504
428.9041480020096
431.9600103219236
435.0442255429807
438.15679366517907
441.2977146885187
444.46698861299774
447.6646154386144
450.8905951653742
454.1449277932734
457.42761332231566
460.7386517524992
464.0780430838204
467.4457873162846
470.8418844498865
474.2663344846369
477.7191374205195
481.20029325754695
484.7098019957157
488.24766363502204
491.81387817546965
495.40844561705853
499.0313659597887
502.68263920365825
506.3622653486709
510.070244394823
513.8065763421182
517.5712611905528
521.3642989401251
525.1856895908422
529.0354331427661
537.1639087379153
545.487418769233
554.0059632366319
562.7195421401993
571.6281554798625
580.7318032556796
590.0304854675924
599.5242021156446
609.2129531998362
619.0967387201381
629.1755586765939
639.4494130691601
649.9183018978802
660.5822251626814
671.4411828636221
682.4951750007021
693.744201573907
705.1882625832513
716.8273580287059
728.6614879102999
740.6906522280187
752.914850981877
765.3340841718309
777.9483517979243
790.757653860026
813.6406281712698
837.4785321350791
862.2713657512795
888.0191290201037
914.7218219413189
942.3794445150997
970.9919967412716
1000.559478620009
1031.081890151254
1062.5592313350644
1094.991502171324
1128.3787026600912
1162.720832801424
1198.017892595206
1234.2698820413789
1271.4768011401757
1309.6386498914799
1348.7554282952333
1388.8271363515523
1429.8537740603788
1471.8353414216544
1514.7718384353793
1558.6632651016698
1603.5096214204677
1649.3109073925298
1739.482038449496
1833.9477080383804
1932.7079161594156
2035.762662812369
2143.1119479972403
2254.75577171403
2370.69413396297
2490.9270347438287
2615.454474056838
2744.2764519015327
2877.3929682781454
3014.804023186909
3156.5096166275907
3302.5097486001905
3452.804419105174
3607.393628141843
3766.2773757104296
3929.4556618109345
4096.9284864433575
4268.695849607931
4444.757751304656
4625.114191533299
4809.765170293627
4998.710687586106
5191.950743429363
6469.573652811348
7834.5748172700405
9286.95423681289
10826.711911410093
12453.847841098905
14168.362025849521
15970.254465684295
17859.525160580873
19836.17411056161
21900.2013155967
24051.606775723398
26290.3904909119
28616.55246118456
31030.092686511576
33531.0111669153
36119.30790241063
38794.98289296031
41558.03613859415
44408.467639289796
47346.2773950696
50371.46540591121
53484.03167184442
56683.97619283199
59971.29896890372
