35.0
38.96528047099206
42.923698808505556
46.87525501254048
50.81994908309682
54.75778102017459
58.68875082377379
62.61285849389441
66.53010403053645
70.44048743369993
74.34400870338482
78.24066783959114
82.1304648423189
86.01339971156807
89.88947244733868
93.75868304963072
97.62103151844417
101.47651785377904
105.32514205563535
109.16690412401309
113.00180405891224
116.82984186033282
120.65101752827485
124.46533106273829
128.27278246372316
132.07337173122943
135.86709886525716
139.6539638658063
143.43396673287685
147.20710746646887
150.9733860665823
154.73280253321713
158.4853568663734
162.23104906605107
165.96987913225018
169.70184706497076
173.42695286421272
177.14519652997615
180.85657806226095
184.56109746106722
188.2587547263949
191.949549858244
195.63348285661453
199.3105537215065
202.9807624529199
206.6441090508547
210.30059351531094
213.9502158462886
217.59297604378767
221.2288741078082
224.85791003835013
228.4800838354135
232.0953954989983
235.70384502910449
239.30543242573216
242.90015768888122
246.48802081855172
250.06902181474362
253.643160677457
257.21043740669177
260.77085200244795
264.3244044647256
267.87109479352466
271.4109229888451
274.94388905068706
278.4699929790504
281.9892347739351
285.50161443534125
289.0071319632689
292.50578735771796
295.9975806186884
299.48251174618025
302.96058074019356
306.43178760072834
309.89613232778447
313.35361492136207
316.80423538146107
320.24799370808154
323.6848899012234
327.1149239608867
330.5380958870714
333.9544056797776
337.3638533390051
340.76643886475415
344.16216225702453
347.55102351581644
350.9330226411297
354.3081596329644
357.67643449132055
361.0378472161981
364.39239780759704
367.7400862655175
371.0809125899593
374.41487678092255
377.74197883840725
381.0622187624134
384.3755965529409
387.68211220998984
390.9817657335602
394.2745571236521
397.56048638026533
400.8395535034
404.1117584930561
407.3771013492336
410.63558207193256
413.8872006611529
417.1319571168947
420.36985143915797
423.60088362794255
426.82505368324865
430.0423616050761
433.2528073934251
436.4563910482954
439.6531125696872
442.8429719576004
446.0259692120351
449.2021043329911
452.3713773204686
455.5337881744675
458.68933689498783
461.8380234820296
464.9798479355928
468.11481025567736
471.24291044228346
474.3641484954109
477.4785244150598
480.58603820123005
483.68668985392185
486.780479373135
489.8674067588696
492.9474720111257
496.0206751299031
499.08701611520195
502.14649496702225
505.19911168536396
508.2448662702271
511.28375872161166
514.3157890395177
517.3409572239452
520.359263274894
523.3707071923643
526.3752889763559
529.373008626869
532.3638661439036
535.3478615274596
538.324994777537
541.2952658941359
544.2586748772562
547.2152217268979
550.164906443061
553.1077290257455
556.0436894749514
558.9727877906788
561.8950239729277
564.810398021698
567.7189099369896
570.6205597188027
573.5153473671372
576.4032728819932
579.2843362633705
582.1585375112693
585.0258766256895
587.8863536066312
590.7399684540943
593.5867211680788
596.4266117485847
599.2596401956121
602.0858065091609
604.905110689231
607.7175527358227
610.5231326489359
613.3218504285703
616.1137060747262
618.8986995874036
621.6768309666024
624.4481002123227
627.2125073245644
629.9700523033274
632.720735148612
635.4645558604179
638.2015144387453
640.9316108835942
643.6548451949643
646.371217372856
649.080727417269
651.7833753282035
654.4791611056595
657.1680847496368
659.8501462601356
662.5253456371559
665.1936828806975
667.8551579907605
670.5097709673449
673.1575218104509
675.7984105200783
678.432437096227
681.0596015388971
683.6799038480888
686.2933440238019
688.8999220660363
691.4996379747922
694.0924917500695
696.6784833918682
699.2576129001884
701.8298802750301
704.395285516393
706.9538286242774
709.5055095986833
712.0503284396107
714.5882851470594
717.1193797210294
719.643612161521
722.160982468534
724.6714906420684
727.1751366821244
729.6719205887016
732.1618423618003
734.6449020014204
737.121099507562
739.590434880225
742.0529081194093
744.5085192251152
746.9572681973425
749.3991550360911
751.8341797413611
754.2623423131527
756.6836427514656
759.0980810563001
761.505657227656
763.906371265533
766.3002231699318
768.6872129408519
771.0673405782934
773.4406060822564
775.8070094527407
778.1665506897465
780.5192297932738
782.8650467633224
785.2040015998924
787.5360943029839
789.8613248725968
792.1796933087312
794.491199611387
796.795843780564
799.0936258162627
801.3845457184827
803.6686034872243
805.9457991224872
808.2161326242715
810.4796039925773
812.7362132274044
814.9859603287531
817.2288452966231
819.4648681310144
821.6940288319274
823.9163273993616
826.1317638333175
828.3403381337946
830.5420503007931
832.7369003343131
834.9248882343546
837.1060140009175
839.2802776340018
841.4476791336076
843.6082184997347
845.761895732383
847.9087108315531
850.0486637972444
852.1817546294574
854.3079833281917
856.4273498934474
858.5398543252245
860.6454966235231
862.7442767883431
864.8361948196842
866.9212507175471
868.9994444819314
871.0707761128372
873.1352456102642
875.1928529742127
877.2435982046827
879.2874813016741
881.324502265187
883.3546610952212
885.3779577917767
887.3943923548537
889.4039647844522
891.4066750805722
893.4025232432136
895.3915092723764
897.3736331680607
899.3488949302663
901.3172945589934
903.2788320542417
905.2335074160115
907.181320644303
909.1222717391157
911.0563607004499
912.9835875283056
914.9039522226826
916.8174547835811
918.724095211001
920.6238735049424
922.5167896654049
924.4028436923891
926.2820355858947
928.1543653459217
930.0198329724702
931.8784384655401
933.7301818251315
935.5750630512441
937.4130821438783
939.2442391030337
941.0685339287107
942.8859666209091
944.6965371796291
946.5002456048703
948.2970918966331
950.0870760549172
951.8701980797229
953.6464579710498
955.415855728898
957.1783913532679
958.9340648441591
960.6828762015718
962.424825425506
964.1599125159615
965.8881374729385
967.609500296437
969.3240009864568
971.031639542998
972.7324159660604
974.4263302556446
976.1133824117502
977.7935724343771
979.4669003235255
981.1333660791954
982.7929697013865
984.4457111900992
986.0915905453334
987.7306077670886
989.3627628553655
990.9880558101639
992.6064866314837
994.2180553193248
995.8227618736876
997.4206062945715
999.0115885819769
1000.5957087359036
1002.172966756352
1003.7433626433217
1005.3068963968128
1006.8635680168252
1008.4133775033592
1009.9563248564148
1011.4924100759915
1013.0216331620898
1014.5439941147094
1016.0594929338506
1017.5681296195131
1019.0699041716971
1020.5648165904024
1022.0528668756293
1023.5340550273776
1025.0083810456472
1026.4758449304381
1027.9364466817506
1029.3901862995847
1030.83706378394
1032.2770791348169
1033.710232352215
1035.136523436135
1036.5559523865759
1037.9685192035383
1039.3742238870223
1040.7730664370274
1042.1650468535545
1043.5501651366026
1044.9284212861721
1046.2998153022631
1047.6643471848759
1049.0220169340096
1050.372824549665
1051.7167700318416
1053.05385338054
1054.3840745957596
1055.7074336775006
1057.0239306257631
1058.3335654405469
1059.6363381218523
1060.932248669679
1062.221297084027
1063.5034833648965
1064.7788075122878
1066.0472695262001
1067.3088694066341
1068.5636071535891
1069.811482767066
1071.0524962470643
1072.286647593584
1073.5139368066248
1074.734363886187
1075.9479288322714
1077.1546316448764
1078.3544723240032
1079.5474508696511
1080.7335672818208
1081.912821560512
1083.0852137057243
1084.2507437174581
1085.4094115957132
1086.5612173404902
1087.7061609517882
1088.8442424296077
1089.9754617739486
1091.099818984811
1092.2173140621949
1093.3279470061002
1094.4317178165268
1095.528626493475
1096.6186730369445
1097.7018574469355
1098.778179723448
1099.8476398664816
1100.9102378760372
1101.9659737521138
1103.0148474947116
1104.0568591038311
1105.0920085794723
1106.1202959216344
1107.1417211303183
1108.1562842055234
1109.1639851472503
1110.1648239554984
1111.1588006302677
1112.1459151715585
1113.126167579371
1114.099557853705
1115.0660859945601
1116.0257520019366
1116.9785558758347
1117.9244976162543
1118.863577223195
1119.7957946966576
1120.7211500366411
1121.6396432431463
1122.551274316173
1123.456043255721
1124.3539500617903
1125.2449947343812
1126.129177273494
1127.0064976791275
1127.8769559512825
1128.7405520899592
1129.5972860951574
1130.4471579668766
1131.2901677051177
1132.1263153098798
1132.9556007811634
1133.778024118969
1134.5935853232954
1135.4022843941434
1136.2041213315129
1136.9990961354038
1137.787208805816
1138.5684593427495
1139.3428477462048
1140.1103740161811
1140.8710381526794
1141.6248401556986
1142.3717800252398
1143.1118577613017
1143.8450733638856
1144.5714268329907
1145.2909181686173
1146.0035473707653
1146.7093144394348
1147.4082193746256
1148.1002621763378
1148.7854428445714
1149.4637613793266
1150.1352177806032
1150.7998120484012
1151.4575441827205
1152.1084141835613
1152.7524220509235
1153.3895677848072
1154.0198513852122
1154.6432728521386
1155.259832185587
1155.8695293855562
1156.472364452047
1157.068337385059
1157.6574481845928
1158.2396968506478
1158.8150833832244
1159.3836077823223
1159.9452700479414
1160.5000701800827
1161.0480081787446
1161.5890840439276
1164.02345133467
1166.4660971577423
1168.9170215131455
1171.376224400879
1173.843705820943
1176.3194657733375
1178.8035042580623
1181.2958212751178
1183.796416824504
1186.3052909062203
1188.8224435202674
1191.3478746666447
1193.8815843453526
1196.4235725563908
1198.9738392997597
1201.532384575459
1204.099208383489
1206.6743107238492
1209.25769159654
1211.8493510015614
1214.4492889389132
1217.0575054085953
1219.6740004106082
1222.2987739449513
1224.9318260116252
1227.5731566106292
1230.222765741964
1232.8806534056291
1235.546819601625
1238.2212643299508
1240.9039875906078
1243.5949893835946
1246.2942697089125
1249.0018285665606
1251.7176659565393
1254.4417818788481
1257.1741763334876
1259.9148493204575
1262.6638008397583
1265.4210308913894
1268.1865394753509
1270.960326591643
1273.7423922402652
1276.5327364212183
1279.3313591345018
1282.1382603801155
1284.95344015806
1287.7768984683348
1290.6086353109401
1293.4486506858761
1296.2969445931424
1299.1535170327393
1302.0183680046666
1304.8914975089244
1307.772905545513
1310.6625921144316
1313.5605572156805
1316.4668008492608
1319.3813230151707
1322.3041237134116
1325.2352029439826
1328.1745607068842
1331.1221970021165
1334.0781118296793
1337.0423051895723
1340.014777081796
1342.9955275063503
1345.984556463235
1348.9818639524499
1351.9874499739954
1355.0013145278715
1358.0234576140779
1361.0538792326151
1364.0925793834826
1367.1395580666804
1370.1948152822092
1373.2583510300678
1376.3301653102576
1379.4102581227776
1382.4986294676282
1385.595279344809
1388.7002077543204
1391.813414696162
1394.9349001703347
1398.0646641768376
1401.2027067156707
1404.3490277868348
1407.5036273903293
1410.6665055261537
1413.837662194309
1417.017097394795
1420.2048111276113
1423.400803392758
1426.6050741902352
1429.817623520043
1433.0384513821812
1436.26755777665
1439.5049427034492
1442.7506061625788
1446.004548154039
1448.7229362578037
1451.4388339350944
1454.1522411859032
1456.86315801023
1459.5715844080755
1462.277520379439
1464.9809659243206
1467.6819210427207
1470.3803857346384
1473.076360000075
1475.7698438390298
1478.4608372515027
1481.1493402374936
1483.835352797003
1486.518874930031
1489.199906636577
1491.878447916641
1494.5544987702233
1497.228059197324
1499.8991291979423
1502.5677087720796
1505.233797919735
1507.8973966409085
1510.5585049356005
1513.2171228038105
1515.8732502455387
1518.5268872607853
1521.17803384955
1523.8266900118333
1526.4728557476346
1529.1165310569536
1531.757715939791
1534.396410396147
1537.0326144260216
1539.6663280294142
1542.2975512063244
1544.9262839567537
1547.552526280701
1550.1762781781663
1552.7975396491497
1555.4163106936517
1558.0325913116717
1560.6463815032103
1563.2576812682664
1565.8664906068416
1568.4728095189348
1571.076638004546
1573.6779760636755
1576.2768236963234
1578.8731809024894
1581.4670476821739
1584.0584240353764
1586.647309962097
1589.2337054623358
1591.817610536093
1594.3990251833688
1596.9779494041622
1599.5543831984746
1602.128326566305
1604.6997795076531
1607.2687420225202
1609.8352141109049
1612.399195772808
1614.9606870082293
1617.5196878171691
1620.0761981996266
1622.630218155603
1625.1817476850974
1627.73078678811
1630.277335464641
1632.8213937146902
1635.3629615382574
1637.9020389353432
1640.438625905947
1642.9727224500693
1645.5043285677093
1648.0334442588673
1650.5600695235444
1653.0842043617395
1655.6058487734526
1658.1250027586843
1660.641666317434
1663.1558394497024
1665.6675221554888
1668.1767144347928
1670.6834162876157
1673.1876277139563
1675.689348713816
1678.1885792871935
1680.6853194340893
1683.179569154503
1685.671328448435
1688.1605973158858
1690.6473757568542
1693.1316637713408
1695.6134613593458
1698.0927685208694
1700.569585255911
1703.0439115644708
1705.5157474465486
1713.0160073747938
1720.613398945341
1728.3079221581756
1736.099577013294
1743.988363510689
1751.9742816503785
1760.0573314323447
1768.2375128566018
1776.5148259231319
1784.889270631953
1793.3608469830579
1801.9295549764465
1810.5953946121153
1819.3583658900752
1828.2184688103116
1837.1757033728354
1846.2300695776466
1855.3815674247344
1864.630196914106
1873.9759580457721
1883.4188508197112
1892.9588752359377
1902.5960312944517
1912.3303189952494
1922.1617383383236
1932.0902893236926
1942.1159719513344
1952.2387862212636
1962.4587321334839
1972.7758096879807
1983.1900188847612
1993.7013597238329
2004.309832205181
2015.015436328813
2025.8181720947396
2036.718039502939
2047.7150385534223
2058.8091692461967
2070.000431581251
2081.288825558586
2092.674351178215
2104.1570084401174
2115.736797344307
2127.413717890784
2139.187770079541
2151.0589539105786
2163.0272693839106
2175.0927164995155
2187.255295257408
2199.5150056575912
2215.9193774996675
2232.579607642736
2249.4956960869604
2266.667642832239
2284.095447878586
2301.779111226031
2319.718632874574
2337.914012824229
2356.3652510749525
2375.072347626745
2394.0353024796495
2413.2541156336374
2432.7287870887376
2452.4593168449064
2472.445704902144
2492.6879512604937
2513.1860559199413
2533.940018880472
2554.9498401421006
2576.2155197048123
2597.7370575685927
2619.514453733471
2641.5477081994613
2663.836820966535
2686.381792034692
2709.1826214039174
2732.2393090742553
2755.551855045691
2779.1202593182097
2802.9445218918117
2827.024642766497
2851.36062194228
2875.9524594191753
2900.8001551971247
2925.9037092761864
2951.2631216563022
2976.878392337545
3002.7495213198854
3028.87650860328
3055.259354187787
3081.8980580733623
3108.7926202600647
3135.9430407478358
3163.3493195366755
3191.0114566266275
3218.9294520176627
3247.1033057098102
3275.5330177030264
3304.2185879973113
3333.1600165927084
3350.01307007359
3366.6378942709707
3383.03448918456
3399.2028548142844
3415.1429911602318
3430.8548982223147
3446.338576000606
3461.594024495047
3476.6212437056674
3491.4202336324815
3505.9909942754603
3520.3335256346327
3534.447827709955
3548.3339005015005
3561.9917440091667
3575.4213582330267
3588.6227431730804
3601.5958988292987
3614.3408252017107
3626.8575222902728
3639.145990095043
3651.2062286159635
3663.038237853063
3674.6420178063563
3686.0175684757996
3697.1648898614512
3708.083981963253
3718.774844781263
3729.237478315423
3739.471882565762
3749.4780575322948
3759.2560032149777
3768.805719613869
3778.12720672891
3787.2204645601596
3796.0854931075446
3804.7222923711233
3813.1308623508958
3821.3112030468183
3829.263314458949
3836.98719658723
3844.482849431719
3851.7502729923435
3858.789467269162
3865.600432262174
3872.1831679713505
3878.5376743967063
3884.663951538212
3890.561999395941
3896.231817969805
3906.166254644515
3916.0486521286984
3925.8790104225554
3935.657329526104
3945.3836094393373
3955.0578501622476
3964.6800516948497
3974.2502140371325
3983.768337189096
3993.2344211507516
4002.648465922088
4012.010471503105
4021.32043789381
4030.5783650941994
4039.7842531042697
4048.938101924028
4058.039911553471
4067.089681992591
4076.087413241399
4085.0331052998954
4093.926758168069
4102.76837184593
4111.55794633348
4120.295481630703
4128.980977737621
4137.6144346542205
4146.195852380497
4154.725230916469
4163.202570262121
4171.627870417451
4180.0011313824725
4188.322353157178
4196.591535741558
4204.808679135633
4212.973783339392
4221.086848352825
4229.147874175953
4237.156860808762
4245.113808251248
4253.0187165034295
4260.871585565292
4268.672415436831
4276.421206118062
4284.117957608978
4291.762669909567
4299.355343019852
4306.895976939821
4314.384571669463
4321.821127208801
4329.20564355782
4371.692517172429
4415.505955379689
4460.645958179142
4507.112525570905
4554.90565755486
4604.025354131241
4654.471615299815
4706.244441060699
4759.343831413775
4813.769786359277
4869.5223058967385
4926.601390026975
4985.007038749172
5044.739252063911
5105.7980299706105
5168.183372469619
5231.895279561169
5296.933751244796
5363.298787520616
5430.990388388978
5500.008553849417
5570.353283902165
5642.024578547338
5715.022437784588
5789.34686161438
5867.089782333467
5946.3201855144
6027.038071156479
6109.243439260405
6192.936289825244
6278.116622851347
6364.784438338946
6452.939736287808
6542.58251669805
6633.712779569789
6726.330524902674
6820.435752696823
6916.0284629524685
7013.108655669261
7111.676330847433
7211.731488487218
7313.274128588149
7416.3042511503445
7520.821856173803
7626.826943658758
7734.31951360486
7843.299566012691
7953.767100881552
8065.722118211677
8179.1646180032985
8417.49648274295
8666.808282443322
8927.100017103367
9198.371686726809
9480.62329130806
9773.85483085271
10078.066305354238
10393.257714819163
10719.42905924283
11056.580338628031
11404.711552971974
11763.82270227652
12133.913786543533
12514.984805768356
12907.035759956576
13310.066649102606
13724.07747321017
14149.068232277408
14585.038926307112
15031.989555294625
15489.920119242743
15958.830618153326
16438.72105202265
16929.59142085351
17431.44172464311
19729.19945719838
22175.239239633083
24769.561071947217
27512.16495412588
30403.05088621378
33442.218868121505
36629.66889990866
39965.40098157525
43449.41511310637
47081.71129450202
50862.2895257622
54791.14980690181
58868.29213795066
63093.71651883423
67467.42294958234
71989.41143019497
76659.68196067214
81478.23454102874
86445.06917126477
91560.18585136533
96823.58458136022
102235.26536120474
107795.2281909138
113503.47307048738
119359.9999999404
