1.0
1.023225911080868
1.0465384156126956
1.0699375135954832
1.0934232050292307
1.116995489913938
1.140654368249605
1.164399840036232
1.1882319052738188
1.2121505639623655
1.236155816101872
1.2602476616923384
1.2844261007337645
1.3086911332261506
1.3330427591694967
1.3574809785638022
1.382005791409068
1.4066171977052933
1.4313151974524787
1.4560997906506237
1.4809709772997288
1.5059287573997935
1.530973130950818
1.5561040979528027
1.5813216584057472
1.6066258123096513
1.6320165596645153
1.6574939004703393
1.683057834727123
1.7087083624348667
1.73444548359357
1.7602691982032332
1.7861795062638564
1.8121764077754394
1.8382599027379822
1.8644299911514848
1.8906866730159473
1.9170299483313697
1.943459817097752
1.9699762793150937
1.9965793349833956
2.023268984102657
2.0500452266728786
2.07690806269406
2.1038574921662008
2.1308935150893022
2.158016131463363
2.1852253412883837
2.212521144564364
2.2399035412913046
2.2673725314692046
2.294928115098065
2.3225702921778844
2.3502990627086646
2.378114426690404
2.4060163841231033
2.4340049350067625
2.4620800793413817
2.490241817126961
2.5184901483634996
2.5468250730509983
2.575246591189457
2.603754702778875
2.6323494078192535
2.6610307063105916
2.689798598252889
2.718653083646147
2.7475941624903646
2.776621834785542
2.8057361005316794
2.8349369597287764
2.8642244123768332
2.89359845847585
2.923059098025827
2.952606331026763
2.9822401574786594
3.0119605773815157
3.041767590735332
3.0716611975401076
3.1016413977958437
3.1317081915025393
3.161861578660195
3.1921015592688105
3.222428133328386
3.252841300838921
3.283341061800416
3.313927416212871
3.344600364076286
3.37535990539066
3.406206040155995
3.4371387683722885
3.468158090039543
3.499264005157757
3.530456513726931
3.5617356157470645
3.593101311218158
3.6245536001402114
3.6560924825132246
3.6877179583371973
3.7194300276121304
3.751228690338023
3.7831139465148755
3.815085796142688
3.8471442392214605
3.8792892757511925
3.9115209057318845
3.943839129163536
3.976243946046148
4.008735356379719
4.041313360164251
4.073977957399742
4.106729148086194
4.1395669322236035
4.172491309811974
4.205502280851305
4.238599845341596
4.271784003282846
4.305054754675056
4.3384120995182265
4.371856037812355
4.405386569557446
4.439003694753494
4.472707413400504
4.506497725498473
4.540374631047403
4.574338130047291
4.6083882224981405
4.642524908399949
4.676748187752717
4.711058060556445
4.745454526811133
4.779937586516781
4.8145072396733894
4.849163486280957
4.883906326339485
4.918735759848971
4.953651786809418
4.988654407220825
5.0237436210831925
5.0589194283965195
5.094181829160806
5.129530823376053
5.164966411042259
5.200488592159425
5.2360973667275506
5.2717927347466365
5.307574696216681
5.343443251137687
5.379398399509653
5.415440141332578
5.451568476606463
5.487783405331308
5.524084927507112
5.560473043133877
5.596947752211602
5.633509054740285
5.670156950719928
5.706891440150532
5.743712523032095
5.780620199364618
5.817614469148101
5.854695332382544
5.891862789067947
5.929116839204308
5.966457482791631
6.003884719829913
6.041398550319155
6.078998974259356
6.1166859916505185
6.15445960249264
6.192319806785721
6.230266604529762
6.268299995724763
6.306419980370723
6.344626558467644
6.382919730015525
6.421299495014365
6.459765853464166
6.498318805364925
6.536958350716645
6.5756844895193245
6.6144972217729645
6.653396547477564
6.6923824666331235
6.731454979239642
6.7706140852971215
6.8098597848055595
6.849192077764959
6.888610964175317
6.928116444036635
6.967708517348913
7.007387184112152
7.047152444326349
7.087004297991507
7.126942745107624
7.166967785674702
7.207079419692739
7.247277647161736
7.287562468081693
7.327933882452609
7.368391890274486
7.408936491547322
7.449567686271118
7.490285474445875
7.53108985607159
7.571980831148267
7.612958399675902
7.6540225616544975
7.695173317084053
7.736410665964567
7.7777346082960435
7.819145144078478
7.860642273311873
7.902225995996226
7.943896312131542
7.985653221717815
8.02749672475505
8.069426821243244
8.111443511182397
8.15354679457251
8.195736671413584
8.238013141705617
8.280376205448611
8.322825862642564
8.365362113287476
8.407984957383349
8.450694394930181
8.493490425927973
8.536373050376726
8.579342268276438
8.62239807962711
8.665540484428742
8.708769482681333
8.752085074384883
8.795487259539396
8.838976038144867
8.882551410201298
8.926213375708688
8.969961934667039
9.01379708707635
9.057718832936619
9.10172717224785
9.14582210501004
9.19000363122319
9.234271750887299
9.278626464002368
9.323067770568397
9.367595670585388
9.412210164053336
9.456911250972245
9.501698931342114
9.546573205162943
9.59153407243473
9.636581533157479
9.681715587331187
9.726936234955856
9.772243476031482
9.817637310558071
9.863117738535617
9.908684759964125
9.954338374843593
10.00007858317402
10.045905384955406
10.091818780187753
10.137818768871059
10.183905351005325
10.230078526590551
10.276338295626738
10.322684658113884
10.36911761405199
10.415637163441055
10.462243306281081
10.508936042572065
10.55571537231401
10.602581295506916
10.64953381215078
10.696572922245604
10.743698625791389
10.790910922788134
10.838209813235839
10.885595297134502
10.933067374484125
10.98062604528471
11.028271309536253
11.076003167238756
11.12382161839222
11.171726662996644
11.219718301052026
11.267796532558368
11.31596135751567
11.364212775923933
11.412550787783156
11.460975393093339
11.509486591854479
11.558084384066582
11.606768769729642
11.655539748843665
11.704397321408646
11.753341487424589
11.802372246891489
11.85148959980935
11.90069354617817
11.94998408599795
11.99936121926869
12.04882494599039
12.09837526616305
12.148012179786672
12.19773568686125
12.247545787386791
12.29744248136329
12.34742576879075
12.397495649669168
12.447652123998548
12.497895191778888
12.548224853010183
12.598641107692444
12.64914395582566
12.69973339740984
12.750409432444979
12.801172060931076
12.852021282868133
12.90295709825615
12.953979507095127
13.005088509385066
13.056284105125961
13.10756629431782
13.158935076960635
13.210390453054412
13.261932422599148
13.313560985594846
13.365276142041502
13.417077891939119
13.468966235287695
13.52094117208723
13.573002702337725
13.625150826039182
13.677385543191594
13.729706853794971
13.782114757849305
13.8346092553546
13.887190346310854
13.93985803071807
13.992612308576245
14.045453179885378
14.098380644645472
14.151394702856525
14.204495354518539
14.257682599631513
14.310956438195445
14.364316870210338
14.417763895676192
14.471297514593005
14.524917726960776
14.57862453277951
14.632417932049204
14.686297924769855
14.740264510941465
14.79431769056404
14.84845746363757
14.902683830162063
14.956996790137513
15.011396343563923
15.065882490441297
15.120455230769629
15.175114564548917
15.229860491779167
15.28469301246038
15.339612126592549
15.39461783417568
15.44971013520977
15.50488902969482
15.560154517630831
15.615506599017799
15.670945273855729
15.726470542144618
15.782082403884466
15.837780859075274
15.893565907717043
15.949437549809772
16.00539578535346
16.061440614348108
16.117572036793717
16.173790052690286
16.230094662037814
16.2864858648363
16.342963661085747
16.399528050786156
16.456179033937524
16.51291661053985
16.569740780593136
16.626651544097385
16.68364890105259
16.740732851458755
16.797903395315885
16.85516053262397
16.912504263383013
16.96993458759302
17.027451505253985
17.085055016365914
17.142745120928797
17.20052181894264
17.258385110407445
17.316334995323214
17.374371473689937
17.432494545507623
17.490704210776265
17.549000469495873
17.607383321666433
17.66585276728796
17.724408806360444
17.783051438883888
17.841780664858288
17.900596484283653
17.959498897159975
18.01848790348726
18.0775635032655
18.136725696494704
18.195974483174865
18.25530986330599
18.314731836888072
18.374240403921114
18.433835564405115
18.493517318340075
18.553285665725998
18.61314060656288
18.67308214085072
18.73311026858952
18.793224989779283
18.853426304420005
18.913714212511685
18.974088714054325
19.034549809047924
19.095097497492485
19.155731779388006
19.216452654734482
19.277260123531924
19.338154185780326
19.399134841479686
19.460202090630002
19.52135593323128
19.58259636928352
19.64392339878672
19.705337021740878
19.766837238145996
19.828424048002073
19.890097451309114
19.95185744806711
20.013704038276067
20.075637221935985
20.137656999046865
20.1997633696087
20.261956333621498
20.324235891085255
20.38660204199997
20.44905478636565
20.511594124182285
20.57422005544988
20.636932580168434
20.699731698337953
20.76261740995843
20.825589715029864
20.88864861355226
20.951794105525614
21.015026190949932
21.07834486982521
21.141750142151437
21.205242007928636
21.26882046715679
21.332485519835906
21.396237165965978
21.460075405547013
21.524000238579006
21.588011665061963
21.652109684995875
21.71629429838075
21.780565505216583
21.84492330550338
21.909367699241127
21.97389868642984
22.03851626706951
22.103220441160147
22.16801120870174
22.23288856969429
22.297852524137802
22.362903072032275
22.428040213377706
22.4932639481741
22.558574276421453
22.62397119811976
22.689454713269033
22.755024821869263
22.820681523920456
22.886424819422608
22.952254708375715
23.018171190779785
23.084174266634818
23.150263935940806
23.216440198697754
23.282703054905667
23.349052504564536
23.415488547674364
23.548861819820033
23.682854359804168
23.817466167626392
23.952697243286707
24.088547586785097
24.225017198121606
24.362106077296204
24.499814224308878
24.63814163915967
24.777088321848538
24.91665427237551
25.056839490740558
25.197643976943723
25.33906773098495
25.48111075286431
25.623773042581732
25.76705460013727
25.910955425530872
26.05547551876259
26.2006148798324
26.3463735087403
26.49275140548629
26.63974857007038
26.787365002492535
26.935600702752822
27.084455670851185
27.23392990678765
27.384023410562193
27.53473618217484
27.686068221625575
27.838019528914415
27.99059010404133
28.143779947006365
28.29758905780946
28.452017436450674
28.607065082929964
28.762731997247357
28.91901817940284
29.075923629396428
29.23344834722809
29.391592332897858
29.550355586405715
29.709738107751676
29.869739896935698
30.03036095395784
30.19160127881807
30.35346087151639
30.515939732052814
30.67903786042733
30.842755256639947
31.007091920690627
31.172047852579425
31.337623052306313
31.503817519871276
31.670631255274344
31.838064258515516
32.00611652959476
32.174788068512115
32.344078875267556
32.5139889498611
32.68451829229272
32.85566690256246
33.02743478067026
33.19982192661618
33.372828340400176
33.54645402202229
33.72069897148245
33.89556318878074
34.071046673917124
34.24714942689158
34.423871447704144
34.60121273635481
34.77917329284355
34.9577531171704
35.136952209335334
35.316770569338374
35.497208197179475
35.67826509285871
35.859941256376004
36.0422366877314
36.22515138692489
36.4086853539565
36.59283858882617
36.77761109153394
36.96300286207982
37.149013900463785
37.33564420668583
37.52289378074599
37.710762622644225
37.89925073238055
38.088358109954996
38.278084755367516
38.468430668618126
38.659395849706826
38.850980298633644
39.04318401539851
39.23600700000151
39.429449252442595
39.62351077272177
39.818191560839026
40.11308580169771
40.41057147247176
40.71064857316128
41.0133171037661
41.31857706428639
41.626428454721975
41.93687127507303
42.24990552533944
42.56553120552127
42.88374831561839
43.20455685563098
43.52795682555893
43.85394822540229
44.18253105516101
44.513705314835136
44.847471004424676
45.183828123929516
45.522776673349824
45.86431665268549
46.20844806193651
46.555170901103
46.904485170184785
47.25639086918204
47.610887998094654
47.96797655692268
48.327656545666
48.68992796432474
49.05479081289894
49.422245091388504
49.79229079979348
50.16492793811369
50.54015650634949
50.91797650450053
51.29838793256704
51.6813907905489
52.06698507844612
52.45517079625881
52.845947943986744
53.239316521630144
53.635276529189014
54.03382796666324
54.43497083405282
54.838705131357756
55.24503085857805
55.65394801571381
56.065456602764925
56.4795566197314
56.89624806661334
57.31553094341075
57.7374052501234
58.16187098675141
58.58892815329477
59.018576749753606
59.45081677612791
59.885648232417566
60.323071118622465
60.763085434742834
61.20569118077867
61.650888356729865
62.098676962596414
62.54905699837832
63.00202846407558
63.45759135968842
63.91574568521639
64.37649144065995
64.83982862601874
65.30575724129312
65.77427728648274
66.24538876158772
66.71909166660805
67.19538600154385
67.67427176639512
68.15574896116175
68.63981758584362
69.12647764044095
69.61572912495387
70.10757203938192
70.60200638372544
71.09903215798431
71.59864936215854
72.10085799624835
72.6056580602534
73.11304955417381
73.62303247800958
74.13560683176092
74.65077261542751
75.16852982900957
75.68887847250687
76.21181854591964
76.73735004924788
77.26547298249147
77.79618734565031
78.32949313872462
78.86539036171428
79.40387901461952
79.94495909744
80.48863061017585
81.03489355282704
81.58374792539382
82.13519372787584
82.65969078716648
83.18619432245038
83.71470433372684
84.24522082099571
84.77774378425727
85.31227322351117
85.84880913875753
86.38735152999641
86.9279003972278
87.47045574045171
88.01501755966808
88.56158585487697
89.11016062607848
89.66074187327234
90.21332959645872
90.76792379563756
91.32452447080891
91.88313162197278
92.44374524912917
93.00636535227795
93.57099193141948
94.1376249865533
94.70626451767964
95.2769105247985
95.84956300790975
96.42422196701364
97.00088740210992
97.57955931319884
98.16023770028016
98.742922563354
99.32761390242035
99.91431171747911
100.50301600853038
101.09372677557417
101.68644401861047
102.28116773763941
102.87789793266074
103.47663460367448
104.07737775068074
104.68012737367951
105.2848834726708
105.8916460476546
106.50041509863092
107.11119062559976
107.723972628561
108.33876110751476
108.95555606246103
109.5743574933997
110.195165400331
110.81797978325471
111.51944289757739
112.2259180665294
112.93740529011757
113.65390456834098
114.37541590120031
115.1019392886949
115.83347473082586
116.57002222759161
117.31158177899374
118.05815338503112
118.80973704570442
119.56633276101297
120.32794053095768
121.0945603555374
121.86619223475327
122.64283616860462
123.42449215709166
124.21116020021418
125.00284029797217
125.79953245036654
126.60123665739593
127.40795291906124
128.21968123536203
129.03642160629875
129.8581740318707
130.68493851207882
131.51671504692217
132.35350363640146
133.1953042805162
134.0421169792669
134.8939417326526
135.75077854067467
136.61262740333177
137.47948832062502
138.35136129255352
139.22824631911817
140.11014340031784
140.99705253615343
141.88897372662518
142.78590697173195
143.68785227147464
144.5948096258528
145.5067790348669
146.42376049851623
147.3457540168015
148.27275958972223
149.2047772172789
150.1418068994708
151.08384863629885
152.03090242776193
153.1415611849543
154.26345132665028
155.3965728528301
156.5409257634933
157.69651005863898
158.8633257382694
160.04137280238228
161.2306512509772
162.43116108405684
163.6429023016185
164.86587490366537
166.1000788901947
167.34551426120606
168.6021810167017
169.87007915668073
171.14920868114268
172.43956959008847
173.74116188351627
175.05398556142836
176.37804062382384
177.71332707070223
179.05984490206401
180.41759411790918
181.78657471823635
183.16678670304873
184.55823007234267
185.9609048261209
187.3748109643825
188.79994848712613
190.2363173943545
191.6839176860658
193.14274936225956
194.61281242293717
196.09410686809724
197.58663269774206
199.0903899118698
200.60537851047957
202.13159849357362
203.66904986115105
205.2177326132114
206.77764674975515
208.34879227078136
209.93116917629186
211.52477746628574
213.1296171407621
214.74568819972183
216.3729906431654
218.01152447109143
219.66128968350176
221.3222862803941
222.99761286620105
224.68429235037456
226.3823247329301
228.09171001386676
229.81244819318636
231.54453927088707
233.2879832469689
235.0427801214346
236.8089298942814
238.58643256551022
240.37528813512017
242.17549660311306
243.98705796948707
245.8099722342431
247.64423939738117
249.48985945890126
251.3468324188034
253.21515827708663
255.0948370337528
256.9858686888001
258.88825324223035
260.8019906940408
262.7270810442342
264.6635242928096
266.61132043976704
268.5704694851056
270.5409714288262
272.5228262709297
274.51603401141347
276.52059465028105
278.53650818752885
280.5637746231596
282.60239395717144
284.65236618956624
286.71369132034215
288.7863693495001
290.87040027703915
292.96578410296206
295.0725208272661
297.1906104499503
299.3200529710184
301.4608483904676
303.61299670829976
305.7764979245121
307.9513520391074
310.1375590520838
312.3351189634441
314.54403177318363
316.76429748130613
318.99591608781066
321.7297241072629
324.4941335158637
327.289144313605
330.1147565004994
332.9709700765434
335.85778504173504
338.77520139607805
341.7232191395651
344.70183827220717
347.7110587939969
350.75088070493075
353.82130400501774
356.92232869425607
360.05395477263846
363.2161822401722
366.40901109685365
369.6324413426846
372.8864729776669
376.17110600179694
379.48634041507466
382.8321762175019
386.2086134090787
389.61565198980134
393.053291959679
396.5215333187025
403.6234961283335
411.03322340885643
418.7507151601603
426.7759713823034
435.10899207519833
443.74977723890333
452.6983268734766
461.95464097883087
471.5187195549661
481.39056260191137
491.57017011969583
502.05754210823216
512.8526785675786
523.9555794977932
535.3662448987307
547.0846747705364
559.1108691131521
571.4448279265198
584.0865512107266
597.0360389657435
610.2932911915414
623.8583078881784
637.7310890555964
651.9116346938245
666.3999448028335
714.9152137499768
766.3320313512813
820.6503976059612
877.8703125128523
937.9917760733515
1001.0147882867604
1066.9393491528463
1135.7654586720746
1207.4931168446783
1282.1223236699589
1359.6530791481491
1440.085383279482
1523.4192360639572
1609.6546375008766
1698.791587591404
1790.8300863348413
1885.7701337309554
1983.611729780212
2084.354874482844
2187.999567837687
2294.5458098461386
2403.9936005074997
2516.3429398220032
2631.593827788951
2749.7462644095067
4155.666991434991
5663.325170338154
7272.720801100135
8983.853883735836
10796.724418237805
12711.332404598594
14727.677842833102
16845.76073292643
19065.581074886024
21387.13886871189
23810.434114404023
26335.466811962426
28962.236961387098
31690.74456267804
34520.9896158278
37452.97212085128
40486.692077718675
43622.14948647469
46859.34434708953
50198.276659570634
53638.94642392546
57181.35364013165
60825.498308211565
64571.38042815775
68418.9999999702
