67.0
71.44638085377677
75.8887886114438
80.3272232730011
84.76168483844867
89.1921733077865
93.6186886810146
98.04123095813297
102.4598001391416
106.8743962240405
111.28501921282967
115.6916691055091
120.09434590207879
124.49304960253875
128.88778020688898
133.27853771512946
137.66532212726025
142.04813344328124
146.42697166319255
150.8018367869941
155.1727288146859
159.53964774626797
163.90259358174032
168.26156632110292
172.61656596435583
176.967592511499
181.31464596253238
185.65772631745605
189.99683357627
194.3319677389742
198.6631288055687
202.99031677605345
207.31353165042844
211.63277342869375
215.9480421108493
220.25933769689513
224.5666601868312
228.87000958065758
233.1693858783742
237.46478907998107
241.75621918547822
246.04367619486564
250.32716010814332
254.60667092531128
258.88220864636946
263.15377327131796
267.4213648001567
271.68498323288577
275.94462856950497
280.2003008100146
284.45199995441436
288.69972600270444
292.94347895488477
297.1832588109554
301.41906557091625
305.6508992347674
309.87875980250885
314.1026472741405
318.3225616496624
322.53850292907464
326.7504711123771
330.95846619956984
335.1624881906528
339.36253708562606
343.5586128844896
347.75071558724335
351.9388451938874
356.1230017044217
360.3031851188463
364.47939543716114
368.6516326593662
372.8198967854616
376.9841878154472
381.1445057493231
385.3008505870893
389.4532223287457
393.6016209742924
397.7460465237294
401.8864989770566
406.02297833427406
410.1554845953819
414.2840177603799
418.4085778292682
422.52916480204675
426.64577867871554
430.7584194592747
434.86708714372406
438.9717817320637
443.07250322429354
447.1692516204137
451.26202692042415
455.35082912432483
459.43565823211577
463.516514243797
467.59339715936846
471.6663069788302
475.7352437021823
479.80020732942455
483.86119786055707
487.9182152955799
491.971259634493
496.0203308772964
500.06542902398996
504.10655407457386
508.14370602904796
512.1768848874124
516.2060906496671
520.231323315812
524.2525828858472
528.2698693597727
532.2831827375885
536.2925230192944
540.2978902048908
544.2992842943772
548.2967052877541
552.2901531850212
556.2796279861784
560.2651296912261
564.246658300164
568.2242138129922
572.1977962297105
576.1674055503192
580.1330417748181
584.0947049032075
588.052394935487
592.0061118716566
595.9558557117166
599.9016264556668
603.8434241035075
607.7812486552382
611.7151001108592
615.6449784703707
619.5708837337721
623.4928159010641
627.4107749722461
631.3247609473186
635.2347738262813
639.1408136091342
643.0428802958774
646.9409738865107
650.8350943810345
654.7252417794485
658.6114160817527
662.4936172879474
666.3718453980321
670.2461004120072
674.1163823298725
677.982691151628
681.845026877274
685.70338950681
689.5577790402365
693.4081954775531
697.25463881876
701.0971090638573
704.9356062128446
708.7701302657224
712.6006812224904
716.4272590831486
720.2498638476972
724.0684955161358
727.883154088465
731.6938395646841
735.5005519447938
739.3032912287937
743.1020574166837
746.8968505084641
750.6876705041348
754.4745174036957
758.257391207147
762.0362919144883
765.81121952572
769.5821740408419
773.3491554598543
777.1121637827567
780.8711990095495
784.6262611402326
788.3773501748058
792.1244661132694
795.8676089556233
799.6067787018674
803.3419753520018
807.0731989060263
810.8004493639412
814.5237267257464
818.2430309914419
821.9583621610276
825.6697202345034
829.3771052118698
833.0805170931262
836.779955878273
840.47542156731
844.1669141602373
847.8544336570549
851.5379800577628
855.2175533623607
858.8931535708491
862.5647806832277
866.2324346994967
869.8961156196557
873.5558234437052
877.2115581716449
880.8633198034748
884.5111083391951
888.1549237788055
891.7947661223063
895.4306353696974
899.0625315209786
902.6904545761502
906.3144045352119
909.9343813981641
913.5503851650064
917.162415835739
920.7704734103619
924.374557888875
927.9746692712785
931.5708075575722
935.162972747756
938.7511648418304
942.3353838397948
945.9156297416495
949.4919025473946
953.0642022570298
956.6325288705553
960.1968823879711
963.7572628092772
967.3136701344736
970.8661043635601
974.4145654965371
977.9590535334041
981.4995684741616
985.0361103188092
988.5686790673473
992.0972747197754
995.6218972760938
999.1425467363025
1002.6592231004016
1006.1719263683908
1009.6806565402703
1013.1854136160403
1016.6861975957003
1020.1830084792505
1023.6758462666912
1027.1647109580222
1030.649602553243
1034.1305210523544
1037.6074664553562
1041.0804387622484
1044.5494379730303
1048.014464087703
1051.475517106266
1054.932597028719
1058.3857038550623
1061.834837585296
1065.2799982194197
1068.721185757434
1072.1584001993383
1075.591641545133
1079.0209097948182
1082.4462049483932
1085.8675270058586
1089.2848759672142
1092.6982518324603
1096.1076546015968
1099.5130842746232
1102.9145408515399
1106.312024332347
1109.7055347170444
1113.0950720056321
1116.48063619811
1119.862227294478
1123.2398452947364
1126.613490198885
1129.983162006924
1133.3488607188533
1136.7105863346728
1140.0683388543825
1143.4221182779822
1146.7719246054726
1150.1177578368531
1153.4596179721239
1156.797505011285
1160.1314189543364
1163.461359801278
1166.7873275521097
1170.1093222068318
1173.4273437654442
1176.741392227947
1180.05146759434
1183.357569864623
1186.6596990387964
1189.9578551168602
1193.2520380988142
1196.5422479846586
1199.8284847743928
1203.1107484680176
1206.3890390655329
1209.663356566938
1212.9337009722337
1216.2000722814196
1219.4624704944954
1222.7208956114619
1225.9753476323185
1229.2258265570656
1232.4723323857027
1235.7148651182301
1238.9534247546478
1242.1880112949557
1245.418624739154
1248.6452650872425
1251.8679323392214
1255.0866264950905
1258.3013475548496
1261.512095518499
1264.718870386039
1267.9216721574692
1271.1205008327895
1274.3153564120003
1277.506238895101
1280.6931482820921
1283.8760845729735
1287.0550477677452
1290.2300378664072
1293.4010548689596
1296.5680987754017
1299.7311695857347
1302.8902672999577
1306.0453919180711
1309.1965434400745
1312.3437218659683
1315.4869271957523
1318.6261594294267
1321.7614185669913
1324.8927046084464
1328.0200175537916
1331.1433574030268
1334.2627241561524
1337.3781178131685
1340.4895383740748
1343.5969858388712
1346.700460207558
1349.7999614801347
1352.8954896566022
1355.9870447369597
1359.0746267212076
1362.1582356093456
1365.237871401374
1368.3135340972924
1371.3852236971013
1374.4529402008004
1377.51668360839
1380.5764539198697
1383.6322511352396
1386.6840752544997
1389.73192627765
1392.775804204691
1395.815709035622
1398.8516407704433
1401.8835994091548
1404.9115849517564
1407.9355973982485
1410.9556367486307
1413.9717030029035
1416.9837961610665
1419.9919162231192
1422.9960631890626
1425.9962370588964
1428.9924378326205
1431.9846655102347
1434.972920091739
1437.9572015771337
1440.9375099664187
1443.913845259594
1446.8862074566596
1449.8545965576152
1452.8190125624615
1455.7794554711975
1458.7359252838241
1461.688422000341
1464.636945620748
1467.5814961450455
1470.5220735732332
1473.4586779053109
1476.3913091412792
1479.3199672811377
1482.2446523248864
1485.1653642725255
1488.0821031240546
1490.9948688794739
1493.9036615387838
1496.808481101984
1499.709327569074
1502.6062009400548
1505.4991012149258
1508.3880283936865
1511.272982476338
1514.1539634628796
1517.0309713533115
1519.9040061476337
1522.773067845846
1525.6381564479486
1528.4992719539416
1531.356414363825
1534.2095836775984
1537.0587798952622
1539.9040030168162
1542.7452530422604
1545.582529971595
1548.4158338048198
1551.245164541935
1554.0705221829403
1556.8919067278357
1559.7093181766218
1562.522756529298
1565.3322217858645
1568.1377139463211
1570.939233010668
1573.736778978905
1576.5303518510327
1579.3199516270504
1582.1055783069583
1584.8872318907568
1587.6649123784453
1590.438619770024
1593.208354065493
1595.9741152648523
1598.735903368102
1601.493718375242
1604.2475602862721
1606.9974291011922
1609.743324820003
1612.485247442704
1615.2231969692953
1617.9571733997768
1620.6871767341486
1623.4132069724103
1626.1352641145627
1628.853348160605
1631.567459110538
1634.2775969643612
1636.9837617220742
1639.6859533836778
1642.3841719491718
1645.078417418556
1647.7686897918302
1650.454989068995
1653.1373152500498
1655.815668334995
1658.4900483238305
1661.1604552165563
1663.8268890131721
1666.4893497136786
1669.1478373180748
1671.8023518263617
1674.4528932385388
1677.099461554606
1679.7420567745637
1682.3806788984116
1685.0153279261494
1687.646003857778
1690.2727066932966
1692.8954364327055
1695.5141930760046
1698.1289766231941
1700.7397870742739
1703.346624429244
1705.9494886881039
1708.5483798508544
1711.1432979174954
1713.734242888026
1716.3212147624477
1718.904213540759
1721.4832392229607
1724.0582918090531
1726.6293712990353
1729.1964776929083
1731.7596109906708
1734.3187711923242
1736.8739582978676
1739.4251723073012
1741.9724132206252
1744.5156810378394
1747.054975758944
1749.5902973839386
1752.1216459128234
1754.649021345599
1757.1724236822645
1759.6918529228205
1762.2073090672664
1764.718792115603
1767.2263020678295
1769.729838923946
1772.2294026839536
1774.7249933478506
1777.2166109156387
1779.7042553873164
1782.1879267628844
1784.6676250423432
1787.1433502256918
1789.615102312931
1792.08288130406
1794.5466871990845
1798.3881082787996
1802.2365649339654
1806.0920571645813
1809.9545849706478
1813.824148352165
1817.7007473091323
1821.5843818415503
1825.4750519494187
1829.3727576327376
1833.2774988915069
1837.1892757257267
1841.1080881353969
1845.0339361205179
1848.966819681089
1852.9067388171106
1856.8536935285829
1860.8076838155055
1864.7687096778786
1868.7367711157021
1872.711868128976
1876.6940007177004
1880.6831688818756
1884.679372621501
1888.682611936577
1892.6928868271032
1896.71019729308
1900.7345433345074
1904.7659249513852
1908.8043421437135
1912.8497949114922
1916.9022832547212
1920.9618071734008
1925.028366667531
1929.1019617371117
1933.1825923821427
1937.2702586026242
1941.3649603985561
1945.4666977699385
1949.5754707167714
1953.691279239055
1957.8141233367887
1961.9440030099731
1966.0809182586079
1970.224869082693
1974.3758554822289
1978.5338774572149
1982.6989350076515
1986.8710281335386
1991.0501568348761
1995.2363211116642
1999.4295209639026
2003.6297563915919
2007.8370273947312
2012.0513339733213
2016.2726761273616
2020.5010538568524
2024.7364671617938
2028.9789160421856
2033.2284004980277
2037.4849205293203
2041.7484761360636
2046.0190673182572
2050.2966940759015
2054.581356408996
2058.873054317541
2063.171787801537
2067.477556860983
2071.790361495879
2076.1102017062262
2080.4370774920235
2084.7709888532713
2089.1119357899697
2093.4599183021182
2097.814936389718
2102.1769900527675
2106.5460792912677
2110.9222041052185
2115.3053644946194
2119.6955604594714
2124.092791999773
2128.497059115526
2132.908361806729
2137.326700073382
2141.752073915486
2146.1844833330406
2150.6239283260456
2155.070408894501
2159.5239250384066
2163.984476757763
2168.4520640525698
2172.926686922827
2177.4083453685344
2181.897039389693
2186.3927689863012
2190.8955341583605
2195.4053349058704
2199.92217122883
2204.4460431272405
2208.9769506011016
2213.514893650425
2217.7475889085226
2221.981135913028
2226.2155346639406
2230.4507851612616
2234.6868874049896
2238.9238413951252
2243.1616471316684
2247.4003046146195
2251.639813843978
2255.8801748197443
2260.121387541918
2264.3634520104993
2268.606368225488
2272.8501361868853
2277.0947558946896
2281.340227348901
2285.5865505495203
2289.8337254965477
2294.081752189982
2298.3306306298246
2302.5803608160745
2306.830942748732
2311.082376427797
2315.3346618532696
2319.5877990251506
2323.8417879434382
2328.096628608134
2332.352321019237
2336.6088651767477
2340.8662610806664
2345.1245087309926
2349.383608127726
2353.643559270867
2357.904362160416
2362.166016796373
2366.4285231787367
2370.6918813075085
2374.9560911826875
2379.2211528042744
2383.4870661722694
2387.7538312866714
2392.021448147481
2396.2899167546984
2400.5592371083235
2404.829409208356
2409.100433054796
2413.372308647644
2417.6450359868995
2421.9186150725623
2426.1930459046334
2430.4683284831117
2434.7444628079975
2439.021448879291
2443.2992866969917
2447.577976261101
2451.8575175716173
2456.1379106285412
2460.4191554318727
2464.7012519816117
2468.9842002777586
2473.268000320313
2477.552652109275
2481.8381556446443
2486.124510926422
2490.411717954607
2494.699776729199
2498.9886872501993
2503.278449517607
2507.569063531422
2511.8605292916454
2516.1528467982757
2520.4460160513136
2524.7400370507594
2529.0349097966127
2533.330634288874
2537.6272105275425
2541.9246385126185
2546.2229182441024
2550.5220497219934
2554.822032946293
2559.1228679169994
2563.4245546341135
2567.7270930976356
2572.0304833075647
2576.3347252639023
2580.639818966647
2584.945764415799
2589.252561611359
2593.5602105533267
2597.8687112417015
2602.1780636764847
2606.488267857675
2610.799323785273
2615.1112314592783
2619.4239908796912
2623.7376020465126
2628.052064959741
2632.367379619377
2636.6835460254206
2641.0005641779644
2652.8446832382615
2664.8386886818334
2676.9825805086657
2689.2763587187583
2701.720023312133
2714.313574288768
2727.057011648678
2739.9503353918553
2752.993545518293
2766.1866420280057
2779.5296249209787
2793.0224941972265
2806.665249856742
2820.457891899525
2834.4004203255754
2848.4928351348935
2862.735136327472
2877.1273239033326
2891.669397862446
2906.3613582048347
2921.203204930498
2936.1949380394144
2951.3365575316056
2966.6280634070717
2982.0694556658127
2997.6607343078067
3013.4018993330683
3029.2929507415975
3045.333888533394
3061.524712708466
3077.8654232667977
3094.3560202083972
3110.9965035332643
3127.7868732414063
3144.727129332816
3161.8172718074857
3179.0573006654304
3196.4472159066354
3213.987017531108
3231.6767055388627
3249.5162799298705
3267.505740704146
3285.6450878617034
3303.934321402514
3322.3734413265993
3340.9624476339523
3359.7013403245655
3378.5901193984537
3397.6287848556094
3416.817336695958
3432.236830487622
3447.652526567177
3463.064424934628
3478.472525589972
3493.8768285332117
3509.2773337643466
3524.6740412833733
3540.0669510902953
3555.456063185111
3570.841377567822
3586.2228942384263
3601.600613196926
3616.9745344433195
3632.3446579776046
3647.710983799787
3663.0735119098626
3678.432242307834
3693.7871749936967
3709.138309967455
3724.4856472291085
3739.829186778654
3755.1689286160963
3770.5048727414305
3785.83701915466
3801.165367855785
3816.4899188448017
3831.8106721217137
3847.127627686519
3862.44078553922
3877.7501456798145
3893.0557081083043
3908.3574728246876
3923.6554398289645
3938.9496091211367
3954.2399807012025
3969.526554569162
3984.8093307250183
4000.0883091687647
4015.3634899004082
4030.6348729199453
4045.902458227378
4061.1662458227
4076.4262357059215
4091.6824278770364
4106.934822336043
4122.183419082947
4137.428218117742
4152.669219440433
4167.906423051019
4183.1398289496865
4205.077603789061
4227.27464627524
4249.730956408268
4272.446534188144
4295.42137961484
4318.655492688369
4342.148873408718
4365.901521775944
4389.91343778999
4414.1846214508405
4438.715072758569
4463.504791713101
4488.553778314468
4513.862032562669
4539.429554457747
4565.256343999616
4591.342401188318
4617.687726023898
4644.292318506268
4671.156178635487
4698.279306411554
4725.6617018344405
4753.303364904146
4781.204295620701
4809.364493984132
4837.78395999434
4866.462693651396
4895.400694955315
4924.597963906039
4954.0545005035965
4983.770304747988
5013.745376639243
5043.979716177317
5074.47332336221
5105.226198193966
5136.238340672542
5167.509750797952
5199.040428570166
5230.830373989273
5262.879587055184
5295.188067767915
5327.755816127523
5360.58283213395
5393.669115787183
5427.014667087264
5460.6194860342075
5494.483572627956
5528.606926868539
5562.989548755999
5597.631438290613
5643.144771594234
5689.333536314312
5736.1977324507025
5783.737360003404
5831.952418972476
5880.842909357889
5930.4088311596715
5980.650184377795
6031.56696901223
6083.159185063036
6135.426832530211
6188.369911413669
6241.988421713555
6296.282363429753
6351.251736562321
6406.8965411112
6463.216777076392
6520.21244445804
6577.883543255972
6636.230073470244
6695.252035100886
6754.949428147869
6815.322252611135
6876.370508490858
6938.094195786893
7000.493314499268
7063.567864627985
7127.317846172984
7191.74325913447
7256.844103512209
7322.620379306318
7389.072086516768
7456.1992251435295
7524.001795186661
7592.479796646221
7661.633229522093
7731.462093814276
7801.96638952283
7873.1461166476365
7945.00127518893
8017.531865146535
8090.737886520452
8164.619339310739
8239.17622351728
8314.408539140306
8390.316286179645
8466.899464635353
8544.158074507315
8622.092115795647
8700.701588498967
8757.763151346211
8814.628642030468
8871.298060551693
8927.771406909917
8984.048681105109
9040.129883137299
9096.015013006458
9151.704070712614
9207.197056255769
9262.493969635863
9317.594810852956
9372.499579907046
9427.208276798134
9481.72090152619
9536.037454091216
9590.157934493269
9644.082342732232
9697.810678808251
9751.34294272124
9804.679134471167
9857.819254058122
9910.763301482046
9963.511276742967
10016.063179840829
10068.419010774232
10195.81974759046
10328.81217978429
10467.396307358518
10611.57213031128
10761.339648641646
10916.698862351477
11077.649771439843
11244.192375907674
11416.32667575311
11594.052670978475
11777.370361582842
11966.279747564811
12160.780828926712
12360.873605666682
12566.558077786118
12777.834245283157
12994.702108160593
13217.161666416563
13445.212920050137
13678.855869063642
13918.090513455216
14162.916853226256
14413.334888375364
14669.344618903939
14930.946044811979
15334.787374473177
15754.73180015944
16190.779321867973
16642.929939597845
17111.183653352782
17595.54046312999
18096.000368929468
18612.56337075401
19145.229468600824
19693.998662468977
20258.870952362195
20839.846338278614
21436.924820216373
22050.106398179196
22679.39107216522
23324.778842172585
23986.269708205014
24663.863670259714
25357.560728335753
26067.360882436857
26793.264132561162
27535.270478706807
28293.379920877516
29067.592459071428
29857.908093303442
31839.936476290226
33928.49946705997
36123.59706559032
38425.22927189618
40833.396085999906
43348.097507849336
45969.333537481725
48697.10417488217
51531.40942005068
54472.2492730245
57519.623733736575
60673.53280223906
63933.976478502154
67300.95476254076
70774.46765436232
74354.5151539594
78041.09726131707
81834.21397645772
85733.86529935896
89740.05123004317
93852.77176851034
98072.02691473812
102397.8166687414
106830.14103051275
