1584
3240
1709
1791
9885
1131
2965
1736
1743
8711
1775
1780
1459
6933
1124
1103
2022
2358
1079
1795
1841
2260
1807
1523
1555
1990
1754
1683
1179
1146
1829
2271
1783
12601
1439
1324
2388
2053
9855
2343
1097
2049
1704
2013
1722
2197
1968
1126
1356
1645
10161
10964
3112
1110
2119
1696
1840
1796
1829
2438
1714
2199
1709
1794
1126
1086
3217
1203
1855
2054
1720
1818
7894
4808
1781
2117
1342
1799
1100
1700
1807
1817
1811
1750
12263
9938
2032
2641
1973
3130
1093
1798
1856
1764
8768
4917
1863
10860
1841
2146
12230
1109
1704
1458
1122
1695
1747
1657
2788
1557
2355
1110
2440
10640
1774
2212
1788
4076
4958
2059
1916
1750
1365
1740
1732
1110
1659
1656
1352
10187
2182
2363
1116
2025
1740
1236
1684
1704
11255
11093
4927
1954
1716
2189
1664
1726
1394
1143
1668
9771
1131
1644
10079
9006
2102
1710
2945
1111
3774
1824
1778
6653
2929
7253
5519
1813
2235
1721
1823
1462
1989
1635
1162
1747
1258
8358
10138
7591
2830
1575
5977
3500
1124
2002
1768
1728
1806
14327
6396
4743
1849
2107
7864
1837
1684
1731
1382
1119
1120
1727
1809
2980
1471
9686
3610
2312
2063
1117
1773
1731
4894
1800
1801
1699
2526
1799
1701
1149
2403
1672
1720
8987
1446
3395
7198
1096
1736
12281
5538
13014
1891
2388
1817
1817
1125
1469
1113
1685
13449
1749
8720
7779
2105
2247
1833
1801
10335
8212
4937
1736
2161
1116
8469
1362
1136
1125
4992
1731
2220
1477
2221
1101
1726
1821
1715
5004
1814
2133
1745
1392
15078
1764
1136
1555
2712
8541
5441
5690
1726
1104
1703
8204
18518
11401
5552
9578
2085
1819
6434
1781
2261
1537
1791
1105
1726
8444
1151
1769
8304
7197
7517
2449
1750
13490
2760
1106
3252
1494
1779
1704
16776
4793
1754
2319
10757
1734
1727
1495
1163
1112
1840
1152
1788
2083
1460
1729
10201
3086
2024
1754
1117
1681
5036
1791
1779
14946
2418
1822
1488
1676
1107
1686
1146
1641
19460
12114
2906
1850
10801
1106
2995
1772
2424
8355
1999
1761
15297
5708
2185
1792
1902
1783
1412
1691
1695
1734
1291
2228
7817
2329
1556
2450
1098
1743
2124
1745
1986
5039
2029
1702
1754
1362
1696
1747
1102
1648
1136
1646
2266
1467
3286
1723
1632
1094
2477
1728
5522
2000
2847
2046
1752
1113
1455
1136
1133
1585
1873
2517
1714
1931
3297
1765
1111
1822
1656
2129
1876
4855
1708
1598
1734
1536
1335
1606
1612
1124
2828
1994
3295
1995
2305
1108
1698
1768
5025
1904
1808
2253
1755
1761
1583
1115
1589
1143
1636
2639
1474
2560
1688
3342
1130
1696
1747
5183
1757
1794
2582
1832
1407
1124
1115
1584
1145
1780
2172
1483
2905
1168
1688
2069
1688
1715
4861
2143
1473
1616
1868
1124
1112
1985
1100
1126
1729
1765
1496
1520
3333
2081
1674
1744
2313
1781
2191
1623
1463
1110
2215
1471
1120
2592
1880
1679
1574
1729
2467
1130
1765
2089
1128
2410
1738
4869
2637
2084
1506
1412
2327
1770
1734
1752
8019
2623
1104
1722
1737
2014
4882
1926
2198
1775
1700
1525
1481
1127
1138
1762
2588
2163
3200
1115
2780
1779
1728
1578
4859
2138
9307
2312
1749
1130
1798
1150
1628
1141
1472
1653
7887
2563
2219
3445
1716
1798
1119
2553
1812
12406
5834
1769
1784
1138
1682
1470
2263
1114
1432
1120
2271
1590
1468
13104
2938
2129
1717
1752
1215
1815
4858
1679
2179
1761
1773
1125
1453
1135
2399
1540
1714
2535
2008
2046
3275
1739
1133
1776
1802
1986
2239
1788
1724
3365
1458
1494
1462
1191
2801
1790
2281
9375
1739
1902
1722
1818
2391
4261
1836
1771
1122
1718
1130
12361
1143
10980
2870
11531
7175
3822
1130
2380
1858
1766
11868
5067
1759
1774
1129
1143
13083
2552
1785
1739
17203
18778
13606
1756
1803
1569
4474
1501
2404
2117
1112
2752
1813
1723
1722
1853
2254
1778
1145
1458
1859
1129
1504
2297
1777
2035
2309
1817
1145
1139
11077
3364
1109
1734
2172
1716
1737
1125
1143
1665
2141
2047
1799
1831
14120
18140
5010
14668
2623
1937
1451
1465
1116
1582
2391
1820
10606
2303
1781
2341
1560
1138
2666
1104
10609
5185
2305
1807
2134
1589
1483
1722
2113
6238
1120
1428
1866
1548
1742
1743
1134
8600
2377
1903
1112
1756
1731
4846
7795
9157
9681
1784
1733
1813
2128
1151
1437
1194
1708
1130
1589
2570
2536
1874
5326
6433
2179
1818
1741
1785
6915
1119
1495
13801
10198
1158
1315
1589
1691
11583
2367
1891
1153
1763
7381
2991
2047
1570
1772
4984
1839
2170
1449
1168
1712
1135
1832
1629
1735
1129
2833
2737
3118
2162
1098
1734
1750
1780
4891
1857
2199
1854
6050
1120
1774
11798
1135
1551
1145
2269
2094
2751
1583
1755
1741
5508
2246
1126
1414
2234
8904
9012
1704
1144
1863
1291
3248
5176
1113
2628
1699
2096
4999
2116
1740
1846
7775
1375
1816
1244
1692
7482
7342
2215
2016
10227
1704
2172
1731
2897
1145
1745
5258
1611
1191
2015
1433
1784
1448
1730
2871
1998
3375
2422
1990
1695
1793
7029
7900
2265
1561
2900
9255
1732
1167
1776
1325
6790
1752
1628
7168
1122
3728
1893
2901
2398
7926
1126
1730
1755
17101
1843
4933
1902
2156
2060
1419
1770
1649
1498
1127
1754
9015
1104
2831
1840
7533
1111
9331
1730
3374
2121
1843
1758
5820
12817
10142
8268
5298
1846
2141
1796
1837
1140
1502
1117
1675
1134
1639
2310
1504
13207
1762
1705
8668
2003
2313
1113
1769
5030
7138
1848
1418
2101
2220
1533
1645
1151
1836
1770
1134
2516
2965
1576
1769
1095
2562
1864
1878
8596
2127
8697
12654
4945
8532
1901
1817
7516
1987
1484
1814
1133
1103
1616
1821
2677
1912
11630
1131
2809
1784
1815
2994
1761
2146
1517
5376
1745
1787
1750
1834
8665
1123
1550
1127
1645
2133
2087
1732
1101
1749
2270
2566
5951
1780
4873
12534
1796
1768
13595
2560
1156
1858
1448
1144
11605
1422
8853
1141
1697
2188
2553
1095
3454
1709
9649
9289
59335
1781
1766
1742
1602
1136
5612
1785
2125
1456
1691
1125
1513
2106
1139
3205
1107
2532
13275
1724
3003
1773
1742
4924
11996
1835
1818
1479
2151
1122
1865
1799
1460
1135
1774
5710
55083
1800
6080
2315
1758
2668
1844
1148
1730
6782
5049
2251
1750
1798
1403
1360
1107
1680
1797
1575
1129
6794
9442
1127
7406
2336
1849
8479
3438
12729
2432
1716
1814
8036
8253
1732
10707
5552
2203
1987
1482
1747
1871
1126
1730
1443
1120
1827
8553
2405
1742
2230
11474
2103
1642
1745
2387
14656
1782
9026
9083
2167
4939
1775
2162
1949
1140
9870
1109
1416
1576
1122
2022
1666
1920
3306
2606
4732
8799
1738
1780
4874
15149
1772
1209
1587
1129
1643
1837
1435
2531
2034
3367
1769
1762
1101
2418
9107
1785
1389
5633
2087
1108
2336
1812
1836
18407
1817
6343
1458
1144
1710
1890
2391
1110
1798
14752
8319
58644
6389
1586
3733
1725
2021
1113
1151
2106
1118
1357
1975
1758
9163
1751
11819
9347
1694
2763
1600
1574
1792
1807
946
1973
3212
1117
1772
1680
1740
2490
2313
1782
1738
1636
12673
2139
8010
1117
10605
2150
1589
15805
1992
13293
3065
10511
2424
1711
2072
1121
7809
1779
5759
1135
1873
1407
2445
1903
1183
1142
1475
8023
10623
3225
1740
7917
2190
1794
1740
4836
9313
1765
1433
1891
2314
12000
1739
1619
1603
1133
7192
7967
2207
8855
7329
11608
12196
14329
3277
1086
2518
1711
4959
1853
2101
2202
1705
1765
1801
1127
1541
2928
12278
1956
1118
10543
2171
3072
1770
1777
1743
5413
1776
1748
18141
2244
1772
1902
1595
1715
1156
1131
2823
1963
9918
3241
2204
1836
2059
9402
1784
1105
9486
2286
2386
1758
1376
1788
1789
4963
1121
1391
1137
1573
1803
2799
2531
1720
2437
1137
1875
1807
5005
4926
1845
2065
2038
1798
1816
11318
1122
1410
13611
1775
2066
1133
1898
9920
5070
1743
10509
3180
1115
2401
1738
1854
22363
5697
1760
1772
2237
9119
1854
1486
1131
1409
1126
1110
1720
2649
1997
2439
1746
3376
1109
1731
1832
4866
1763
1832
1447
8990
1498
1132
2364
1971
2453
13549
1796
10147
2290
1834
4994
1772
1461
1126
2716
7414
9795
3524
5079
1760
1772
1108
1439
1598
1126
7348
3657
2134
1117
11653
2890
2161
1798
1762
1797
1758
2073
1602
1412
1312
10948
1150
1612
2738
1802
3493
7504
1122
2035
5200
1604
2145
1945
1567
1172
1791
1289
2368
2231
1820
1827
5565
10538
5687
2119
1775
1823
2161
5996
1329
1432
1136
2593
11482
8390
2593
2992
1726
6560
5755
11941
1761
1774
16408
1835
1439
1188
2287
1093
2677
1786
11380
2777
6133
2408
9963
1951
5405
2126
1862
13122
1137
1417
10825
1131
1562
1639
1142
2034
1129
1838
2521
1697
1804
1758
5130
1752
1785
2364
1118
1133
1496
1582
1667
1274
2352
3014
2078
2486
1777
1109
1734
4991
1749
2098
2151
1822
1118
1768
11750
1481
2641
1143
2814
1669
1580
1663
3465
14420
2511
1764
1771
1781
7482
1099
2183
5384
1778
12071
1770
9128
1839
1455
1792
1121
1692
1664
1144
2359
11696
2018
1113
1747
9005
2256
1786
3388
7165
1774
7987
4931
10510
1906
2641
1945
1105
1444
1128
8982
1484
1621
6256
1717
1140
2691
2229
7417
9150
1771
7315
1163
2706
1700
2081
2582
5258
1839
1844
1813
11016
1150
1825
1596
2549
1519
10400
3262
9192
1913
2946
1096
10687
1767
1774
12139
5452
1831
2195
1675
1983
1839
1759
1543
1254
1129
1668
8690
5054
10123
1104
2095
1799
1726
2321
5139
1720
1438
1771
1120
1480
1613
2460
2011
1698
3302
2024
1778
1788
9206
4945
1744
1448
1779
1133
1588
7161
8463
2097
2934
16301
2684
10664
2509
1110
1766
1701
5007
1508
2282
1810
1795
1300
1556
8899
1131
2717
1675
11916
3080
1123
12875
1729
16198
4954
1836
1728
1465
1132
901
1701
1471
2583
3260
2196
1125
1708
1737
1732
5634
2010
1714
1133
2155
1811
1131
1377
1623
1112
1512
3432
1112
9995
2626
3088
1810
1789
7656
1899
2223
10259
1115
1819
9910
1761
1684
1754
1685
1133
1772
1549
2506
1149
2602
1770
1798
5020
2337
1839
1770
1749
1448
1110
1594
1711
2846
10232
10246
3000
2531
1520
1127
1729
1612
6737
5326
2206
1802
1989
1727
2398
1504
1601
1864
13538
1127
1122
1625
2143
1965
1168
8961
3251
2101
1804
1802
1783
10596
12614
4585
2474
1462
1598
8612
1762
1896
1806
1781
1132
1113
1995
1489
1634
2960
17011
1124
2612
1632
4825
8408
1787
1765
1773
1127
1690
1450
1568
1139
7234
2051
2146
1610
2371
1252
2027
1126
4108
1814
3039
1802
7102
7489
1825
1143
1595
3442
1799
11653
10787
11040
6995
1867
2299
1228
3009
1755
8199
5637
2207
1793
1107
9587
2134
1716
10582
2384
1467
1141
1570
2547
3137
1714
1755
1694
9799
1742
1834
1549
2176
1589
1737
1141
1099
1127
1738
2491
1479
2313
1104
10919
2520
1788
1738
1788
7958
1874
10465
5473
1389
1780
1120
1124
2112
1635
1151
2201
1598
10319
2491
1905
1124
1748
3327
2031
1590
1730
13227
10680
7906
1381
1838
2237
1805
1123
1132
2520
1556
1121
1640
2029
16709
1136
1791
2023
1702
1732
5359
2782
1731
2273
1790
23844
9664
14262
1637
1126
2082
1785
17001
2244
15068
1768
4783
1966
1418
7749
2813
1739
1090
2568
1737
5111
2182
1142
1413
1620
1144
1158
14728
2634
1768
2851
1110
1898
1734
1723
1761
1109
10079
1829
1384
1737
2239
1111
1792
1619
1695
2260
16974
3393
2012
1741
1759
1123
5052
1752
6508
2430
1877
2006
1132
1475
1129
1860
15677
1458
1113
2541
9503
3226
2373
1802
5011
2020
1788
1800
1113
9485
1459
1744
8717
1805
1430
1794
1143
1726
1843
3455
1127
2536
1648
1728
1873
9404
6441
1845
4944
1878
2175
1132
1434
1761
6378
1225
1114
1614
1618
2055
3941
3213
1098
1647
1814
1679
1723
4961
1697
8755
1781
8430
1490
1112
1482
1644
1666
1097
2497
1731
1713
2058
10268
2309
1765
1823
1249
1566
2496
1751
1760
11367
4890
1843
2206
1418
1267
11693
1139
1120
1989
1585
1691
10989
5028
1813
1692
1384
1152
1592
1115
10096
1816
1107
3024
6842
2739
1735
1763
1754
5533
2418
1778
1848
1789
10770
1434
9022
1128
1932
1578
11443
2768
2264
1117
1796
2074
1707
1811
10305
1744
1581
1730
1128
9971
2139
3485
1091
1799
1697
1756
4923
1811
1127
2097
1138
1553
1825
1423
12283
8607
1859
2017
1944
1746
14067
1599
2035
2737
1768
1116
1713
1770
5422
1901
2541
1816
1862
8649
1131
1547
1113
1768
1130
1581
2708
1497
12416
3283
1089
1807
1757
1935
9317
1812
5064
1873
1746
1775
1786
10867
1469
1132
1175
1637
2731
1467
1414
7264
1807
1915
1108
1743
2803
6476
2144
1804
1855
1133
1457
1614
1269
1102
1510
3197
1201
2191
1733
1685
1788
9804
10708
6362
4406
2010
2656
2038
1823
1129
10078
2730
2032
10593
1796
1768
16441
2163
1737
1628
1636
1122
1629
8683
2166
1777
1727
13690
1479
1129
2186
1484
2288
1078
1645
2027
1808
1145
2749
1448
1551
1490
1494
2923
2196
1722
1720
1910
1801
2149
1763
1704
1487
1058
1403
1607
1132
12195
1789
12148
2079
2498
2744
1105
10147
1691
1725
5025
1984
2074
1763
1732
1155
1088
1300
1135
7810
2154
5140
1093
14905
9298
1783
1759
13474
10183
5028
1766
6889
2504
1802
8191
1102
1763
1432
1512
1645
1126
1137
12927
13142
1992
1493
1123
1183
2509
1806
1723
1641
4638
9291
2364
1731
11670
1839
1108
1736
1699
1125
1423
2188
1613
2295
1439
1667
3393
1808
1164
3087
1840
4228
1905
1437
1855
2317
1747
1137
1192
1435
1137
1681
11871
1860
3744
2563
3204
1073
7839
1817
1797
1734
3725
2053
2177
12272
1876
1899
1490
1119
1091
1123
1413
1577
1723
1974
1059
9402
2269
1711
2067
1746
1651
4434
14179
1617
2116
1582
23709
1794
1805
1561
1048
1122
1583
1143
7512
1507
2817
2664
2257
1729
1112
10795
1605
1808
11262
7132
8013
6015
2190
1992
1749
1116
1403
13341
1715
1226
1555
1125
1538
1820
2154
11891
2731
1830
2719
1717
10947
3825
11488
2457
1744
1598
2193
11294
2207
2251
9763
16017
1835
1708
1730
4320
1869
1594
1809
1719
2281
1688
12509
9701
1779
1574
2030
1725
9266
1738
1982
18047
1720
9660
15012
8387
1859
1399
1457
1485
2417
1111
9648
1862
11367
4894
2051
1807
1848
1525
1101
1566
1128
15928
2562
1427
10847
2347
2183
13662
1114
1769
1877
4856
1894
1670
1660
1150
1388
1104
1622
1123
1653
2752
10415
1115
3739
2193
1675
1707
7757
6728
2161
1813
1079
1864
1125
1643
1234
1644
2209
3306
1724
2189
1701
1596
4742
1920
10022
2000
1722
1646
1412
1322
19657
2888
1692
2143
1682
1710
13617
4951
11702
1126
1467
1119
14038
1118
1595
2011
1110
6405
1721
12529
1810
1141
1456
1583
2277
2045
11063
3328
2435
1108
1775
1715
12298
4941
1802
13169
1784
1128
1426
1113
1583
1125
1479
9366
9328
2845
1122
1753
1592
2262
10788
1744
7391
4921
2566
1775
1611
1145
7438
1211
2436
2082
2568
1741
1720
5949
13441
2011
1758
2443
1864
1133
1786
1596
1618
1714
9109
2412
1495
2905
1784
1136
1895
2501
6631
4850
1643
1925
1677
1452
1617
1578
2449
1491
2809
1735
2442
1785
1736
4973
1785
903
1146
1608
1874
10503
1121
1428
1536
2135
9236
10179
3603
1110
1714
2121
1677
8584
5477
1803
7309
2164
1749
2270
1413
895
1127
1097
1813
2173
1958
9741
2423
1098
2326
1727
1698
1785
5289
4870
1991
1771
2187
6668
1748
1395
1789
1112
1563
1147
1798
3105
10569
15728
2309
2521
1103
2498
9440
7029
9288
1731
1936
1720
11146
6985
4973
1869
13454
1752
1724
5659
1486
1289
1674
1571
1127
1656
2698
1540
3408
1112
2527
6055
1708
1748
1773
5868
1771
1951
2489
1987
1778
1584
1452
11825
1127
2171
1462
3039
2015
1114
3263
1724
2039
1756
1850
5107
1759
1770
1723
2576
13666
1929
1425
1199
1181
1659
1614
2216
2010
9226
1093
2542
1709
10646
1809
4947
15918
1810
2177
1716
1405
8120
1662
1578
1155
1119
1664
11478
11679
2130
2966
1108
1754
1958
1748
17508
4874
2085
1457
1811
1119
1168
1615
1746
2218
14829
1140
3097
1662
2536
1745
13341
1740
4916
2135
2280
8487
1121
1770
1825
1608
1636
1144
1122
1542
11446
1739
7449
13565
1763
2260
1823
1486
1840
1641
1165
1588
1137
1721
2263
11039
3341
1214
1706
2329
1731
1767
8976
4911
5255
8270
2718
8052
50425
1484
1139
1122
1096
1662
1644
1438
1136
1785
1765
7871
1111
2404
3401
13645
1740
2096
1759
8093
1973
4908
2189
1687
1739
1452
1153
1190
7670
1460
1128
6556
1650
2763
10142
1475
3317
1111
3682
1722
1798
1727
10852
5506
2877
2204
1772
1114
1796
1442
1171
1128
17596
1530
1732
5935
2226
1971
1166
1963
8620
1756
1918
4545
1875
1426
1577
1136
3406
2168
1693
1718
4849
2177
1858
1130
1403
1130
2391
1765
8597
9247
2640
2144
1441
1615
2337
1104
1819
2098
2182
1740
1592
1537
14582
2088
1448
21130
1117
1758
1725
1820
5429
1948
2393
1797
1817
1134
9673
1132
11315
1664
1424
2147
3462
1126
2452
1762
1709
1742
14512
12542
1929
11410
2164
1619
1737
1529
1127
1126
1624
3262
2069
1096
1721
1743
4882
1819
2294
1788
1731
1119
1397
1687
1107
1128
1685
2909
2101
1095
2640
1397
6540
1749
10277
1790
1724
6092
5187
8128
2041
2145
1730
1754
1724
1121
1388
1723
7941
1143
1713
1596
2565
1164
3365
2033
1770
1764
4502
1802
12976
1823
1359
1118
1749
4552
2093
1785
1391
1166
1162
1628
1513
11374
1761
5633
1868
1723
1416
1589
1150
1631
9746
2474
7989
1894
2711
1131
2478
1758
1719
4876
2100
1802
1777
1645
1252
1638
1746
12782
2050
2075
1794
3350
1812
2183
1815
1407
1599
1161
1848
2581
2098
1799
1698
10006
5326
14114
15078
12320
2176
1142
2321
19758
2380
1085
1949
2350
1425
1201
1125
