895.0
899.4794731694519
903.9485404324936
908.4072017891248
912.8554572393458
917.2933067831564
921.7207504205567
926.1377881515467
930.5444199761263
934.9406458942956
939.3264659060546
943.7018800114033
948.0668882103416
952.4214905028697
956.7656868889874
961.0994773686947
965.4228619419918
969.7358406088784
974.0384133693549
978.330580223421
982.6123411710767
986.8836962123221
991.1446453471572
995.395188575582
999.6353258975964
1003.8650573132005
1008.0843828223943
1012.2933024251778
1016.491816121551
1020.6799239115138
1024.8576257950663
1029.0249217722085
1033.1818118429403
1037.3282960072618
1041.4643742651729
1045.5900466166738
1049.7053130617644
1053.8101736004446
1057.9046282327145
1061.988676958574
1066.0623197780233
1070.1255566910622
1074.1783876976908
1078.220812797909
1082.252831991717
1086.2744452791146
1090.2856526601017
1094.2864541346787
1098.2768497028455
1102.2568393646018
1106.2264231199476
1110.1856009688834
1114.1343729114087
1118.0727389475237
1122.0006990772283
1125.9182533005228
1129.8254016174067
1133.7221440278804
1137.6084805319438
1141.4844111295968
1145.3499358208396
1149.2050546056719
1153.049767484094
1156.8840744561057
1160.707975521707
1164.5214706808983
1168.324559933679
1172.1172432800495
1175.8995207200096
1179.6713922535594
1183.4328578806987
1187.1839176014278
1190.9245714157466
1194.6548193236551
1198.3746613251533
1202.0840974202413
1205.7831276089187
1209.471751891186
1213.1499702670428
1216.8177827364893
1220.4751892995255
1224.1221899561515
1227.758784706367
1231.3849735501722
1235.000756487567
1238.6061335185516
1242.2011046431257
1245.7856698612898
1249.3598291730432
1252.9235825783867
1256.4769300773196
1260.0198716698421
1263.5524073559545
1267.0745371356566
1270.586261008948
1274.0875789758293
1277.5784910363004
1281.058997190361
1284.5290974380114
1287.9887917792514
1291.438080214081
1294.8769627425004
1298.3054393645093
1301.723510080108
1305.1311748892965
1308.5284337920746
1311.9152867884422
1315.2917338783998
1318.6577750619467
1322.0134103390835
1325.35863970981
1328.693463174126
1332.017880732032
1335.3318923835272
1338.6354981286127
1341.9286979672872
1345.2114918995517
1348.483879925406
1351.7458620448497
1354.9974382578832
1358.2386085645064
1361.4693729647192
1364.6897314585217
1367.899684045914
1371.0992307268957
1374.2883715014673
1377.4671063696285
1380.6354353313795
1383.79335838672
1386.9408755356503
1390.0779867781703
1393.2046921142796
1396.320991543979
1399.426885067268
1402.5223726841466
1405.6074543946147
1408.682130198673
1411.7464000963205
1414.8002640875577
1417.8437221723848
1420.8767743508015
1423.8994206228076
1426.9116609884038
1429.9134954475894
1432.9049240003646
1435.8859466467297
1438.8565633866847
1441.816774220229
1444.7665791473628
1447.7059781680866
1450.6349712824
1453.5535584903032
1456.461739791796
1459.359515186878
1462.2468846755503
1465.1238482578121
1467.9904059336636
1470.8465577031047
1473.6923035661355
1476.527643522756
1479.352577572966
1482.167105716766
1484.9712279541554
1487.7649442851346
1490.5482547097033
1493.321159227862
1496.0836578396102
1498.8357505449478
1501.5774373438753
1504.3087182363925
1507.0295932224994
1509.740062302196
1512.4401254754823
1515.1297827423582
1517.8090341028237
1520.477879556879
1523.1363191045239
1525.7843527457585
1528.421980480583
1531.0492023089969
1533.6660182310004
1536.2724282465938
1538.8684323557768
1541.4540305585492
1544.0292228549117
1546.5940092448636
1549.1483897284054
1551.6923643055366
1554.2259329762576
1556.7490957405685
1559.2618525984687
1561.7642035499587
1564.2561485950384
1566.7376877337078
1569.2088209659669
1571.6695482918158
1574.119869711254
1576.5597852242822
1578.9892948308998
1581.4083985311074
1583.8170963249045
1586.2153882122911
1588.6032741932677
1590.9807542678338
1593.3478284359896
1595.704496697735
1598.0507590530704
1600.386615501995
1602.7120660445096
1605.0271106806138
1607.3317494103076
1609.6259822335912
1611.9098091504643
1614.1832301609272
1616.4462452649798
1618.698854462622
1620.9410577538538
1623.1728551386755
1625.3942466170865
1627.6052321890875
1629.8058118546783
1631.9959856138585
1634.1757534666283
1636.345115412988
1638.5040714529373
1640.6526215864762
1642.7907658136048
1644.9185041343233
1647.0358365486313
1649.142763056529
1651.2392836580161
1653.325398353093
1655.40110714176
1657.4664100240163
1659.5213069998622
1661.5657980692981
1663.5998832323232
1665.6235624889384
1667.636835839143
1669.6397032829377
1671.6321648203216
1673.6142204512953
1675.5858701758589
1677.5471139940119
1679.4979519057547
1681.4383839110872
1683.3684100100093
1685.2880302025212
1687.1972444886226
1689.0960528683138
1690.9844553415944
1692.8624519084651
1694.730042568925
1696.5872273229752
1698.4340061706146
1700.2703791118438
1702.0963461466627
1703.9119072750711
1705.7170624970693
1707.511811812657
1709.2961552218349
1711.0700927246019
1712.833624320959
1714.5867500109055
1716.3294697944418
1718.0617836715676
1719.7836916422832
1721.4951937065885
1723.1962898644836
1724.886980115968
1726.5672644610424
1728.2371428997064
1729.89661543196
1731.5456820578033
1733.1843427772365
1734.812597590259
1736.4304464968716
1738.0378894970734
1739.6349265908652
1741.2215577782465
1742.7977830592176
1744.3636024337784
1745.9190159019288
1747.4640234636686
1748.9986251189985
1750.5228208679177
1752.0366107104269
1753.5399946465259
1755.032972676214
1756.5155447994923
1757.98771101636
1759.4494713268175
1760.9008257308647
1762.3417742285014
1763.7723168197278
1765.1924535045441
1766.60218428295
1768.0015091549456
1769.3904281205305
1770.7689411797055
1772.13704833247
1773.4947495788242
1774.842044918768
1776.178934352302
1777.5054178794248
1778.8214955001379
1780.1271672144403
1781.4224330223328
1782.7072929238145
1783.981746918886
1785.2457950075473
1786.4994371897983
1787.742673465639
1788.9755038350695
1790.1979282980892
1791.4099468546988
1792.6115595048982
1793.802766248687
1794.9835670860657
1796.153962017034
1797.3139510415922
1798.4635341597398
1799.6027113714772
1800.7314826768043
1801.8498480757212
1802.9578075682273
1804.0553611543235
1805.142508834009
1806.2192506072847
1807.2855864741496
1808.3415164346043
1809.3870404886488
1810.422158636283
1811.4468708775066
1812.4611772123203
1813.4650776407234
1814.4585721627163
1815.4416607782987
1816.414343487471
1817.3766202902325
1818.328491186584
1819.2699561765253
1820.2010152600562
1821.1216684371766
1822.0319157078866
1822.9317570721867
1823.8211925300761
1824.7002220815552
1825.5688457266242
1826.4270634652828
1827.2748752975308
1828.112281223369
1828.9392812427966
1829.755875355814
1830.5620635624207
1831.3578458626175
1832.1432222564035
1832.9181927437796
1833.6827573247451
1834.4369159993007
1835.1806687674457
1835.9140156291803
1836.5997600378244
1836.6369565845046
1837.3128341671281
1837.3494916334187
1838.0155023900184
1838.0516207759222
1838.3062897601214
1838.7077647064987
1838.7433440120158
1839.3896211165682
1839.4246613416985
1840.0217762035622
1840.0610716202273
1840.0955727649714
1840.722116217476
1840.7560782818337
1841.372754908315
1841.4061778922858
1841.7462193681465
1842.0129876927433
1842.0458715963275
1842.6428145707614
1842.675159393959
1843.262235542369
1843.29404128518
1843.4796192538743
1843.8712506075667
1843.9025172699908
1844.4698597663535
1844.500587348391
1845.05806301873
1845.0882515203812
1845.2219758607457
1845.6358603646966
1845.665509785961
1846.2032518042527
1846.2323621451303
1846.7602373373984
1846.7888085978896
1846.9732891887606
1847.3068169641338
1847.3348491442382
1847.8429906844592
1847.870483784177
1848.3687584983738
1848.3957125177049
1848.733559237919
1848.884120405878
1848.9105353448228
1849.3890764069722
1849.4149522655302
1849.8836265016562
1849.9089632798275
1850.3677706899296
1850.3925683877142
1850.5027860082212
1850.8415089717928
1850.865767589191
1851.3048413472452
1851.3285608842568
1851.7577678162882
1851.7809482729128
1852.20028837892
1852.2229297551585
1852.2809694996665
1852.6324030351418
1852.6545053309937
1853.0541117849532
1853.0756750004184
1853.465414628355
1853.486438763433
1853.8663115653455
1853.8867966200373
1854.0681097122556
1854.256802595926
1854.2767485702311
1854.6368877200962
1854.6562946140148
1855.0065669378564
1855.025434751388
1855.3658402492056
1855.3841689823507
1855.7147076541448
1855.7324973069035
1855.8642066459881
1856.0531691526735
1856.0704197250457
1856.3812247447925
1856.3979362367777
1856.6988744305006
1856.7150468420994
1857.0061182097984
1857.0217515410104
1857.302956082686
1857.3180503335116
1857.5893880491635
1857.6039432196021
1857.669260300864
1857.8654141092304
1857.8794301992825
1858.131034262887
1858.1445112725523
1858.386248510133
1858.3991864394122
1858.6310568509693
1858.6434556998615
1858.8654592853948
1858.8773190539007
1859.0894558134103
1859.1007765015293
1859.3030464350152
1859.3138280427477
1859.4832706768834
1859.50623115021
1859.5164736775555
1859.699009958994
1859.7087134059534
1859.8813828613684
1859.8905472279407
1860.0533498573318
1860.0619751435179
1860.2149109468853
1860.2229971526845
1860.3660661300282
1860.373613255441
1860.506815406761
1860.5138234517872
1860.6371587770832
1860.6436277417229
1860.7570962409955
1860.7630261252484
1860.8666277984971
1860.8720186023634
1860.9657534495886
1860.9706051730682
1861.0544731942696
1861.0587858373628
1861.1327870325404
1861.1365605952467
1861.2006949644006
1861.2039294467206
1861.258196989851
1861.260892391784
1861.3052931088905
1861.3062377740466
1861.3074494304374
1861.3419833215203
1861.34360056268
1861.3682676277392
1861.3693457885124
1861.384146027548
1861.3846851079347
1861.3896185209464
1863.1381615923533
1864.9790421318035
1866.828879392397
1868.6876733741342
1870.555424077015
1872.4321315010393
1874.3177956462068
1876.212416512518
1878.1159940999728
1880.0285284085712
1881.9500194383131
1883.8804671891985
1885.8198716612274
1887.7682328544
1889.7255507687157
1891.6918254041752
1893.667056760778
1895.6512448385247
1897.6443896374146
1899.6464911574483
1901.6575493986254
1903.677564360946
1905.70653604441
1907.7444644490179
1909.7913495747691
1911.8471914216636
1913.9119899897019
1915.9857452788835
1918.0684572892092
1920.160126020678
1922.2607514732904
1924.3703336470462
1926.4888725419455
1928.6163681579885
1930.752820495175
1932.8982295535047
1935.0525953329782
1937.2159178335953
1939.388197055356
1941.56943299826
1943.7596256623076
1945.9587750474986
1948.1668811538334
1950.3839439813114
1952.6099635299329
1954.844939799698
1957.088872790607
1959.341762502659
1961.603608935855
1963.8744120901943
1966.1541719656773
1968.4428885623036
1970.7405618800735
1973.0471919189865
1975.3627786790437
1977.687322160244
1980.020822362588
1982.3632792860756
1984.7146929307066
1987.0750632964812
1989.4443903833992
1991.822674191461
1994.2099147206661
1996.6061119710146
1999.011265942507
2001.4253766351426
2003.848444048922
2006.2804681838445
2008.7214490399108
2011.1713866171208
2013.630280915474
2016.098131934971
2018.574939675611
2021.0607041373949
2023.5554253203225
2026.0591032243933
2028.5717378496079
2031.093329195966
2033.6238772634674
2036.1633820521124
2038.711843561901
2041.269261792833
2043.8356367449085
2046.4109684181276
2048.9952568124904
2051.5885019280045
2054.702728819036
2057.836051541199
2060.9884700944936
2064.159984478919
2067.350594694475
2070.5603007411632
2073.7891026189827
2077.0370003279336
2080.3039938680154
2083.5900832392285
2086.895268441573
2090.2195494750495
2093.562926339656
2096.925399035394
2100.306967562264
2103.707631920265
2107.1273921093975
2110.566248129661
2114.024199981056
2117.501247663582
2120.9973911772386
2124.5126305220274
2128.046965697947
2131.6003967049987
2135.1729235431812
2138.764546212495
2142.37526471294
2146.0050790445166
2149.6539892072233
2153.3219952010627
2157.009097026033
2160.7152946821348
2164.4405881693674
2168.184977487732
2171.9484626372273
2175.7310436178536
2179.532720429611
2183.3534930725
2187.193361546521
2191.052325851673
2194.9303859879556
2198.82754195537
2202.743793753916
2206.679141383592
2210.6335848444005
2214.60712413634
2218.5997592594113
2222.6114902136133
2226.6423169989466
2230.6922396154114
2234.7612580630075
2238.8493723417337
2242.956582451592
2247.082888392582
2251.228290164703
2255.3927877679553
2259.5763812023397
2263.7790704678546
2268.000855564501
2272.2417364922767
2276.5017132511857
2280.780785841226
2285.078954262397
2289.3962185147
2293.732578598134
2298.0880345127
2302.462586258396
2306.856233835223
2311.2689772431822
2315.700816482273
2320.1517515524947
2324.621782453847
2329.110909186331
2333.619131749946
2338.1464501446935
2342.6928643705714
2347.2583744275807
2351.8429803157214
2356.4466820349935
2361.069479585396
2365.71137296693
2370.372362179596
2375.052447223393
2379.751628098321
2384.4699048043813
2389.207277341572
2393.9637457098943
2398.739309909348
2403.533969939932
2408.3477258016474
2413.180577494495
2418.0325250184733
2422.9035683735838
2427.7937075598247
2432.702942577197
2437.631273425701
2442.578700105336
2447.5452226161024
2452.530840958
2457.5355551309985
2467.058584943654
2476.689804049005
2486.4292124470303
2496.276810137748
2506.2325971211467
2516.296573397234
2526.468738966003
2536.7490938274677
2547.13763798161
2557.634371428441
2568.2392941679536
2578.9524062001547
2589.7737075250443
2600.703198142619
2611.740878052875
2622.8867472558195
2634.1408057514454
2645.50305353976
2656.973490620767
2668.552116994455
2680.238932660821
2692.0339376198826
2703.937131871622
2715.948515416054
2728.0680882531706
2740.2958503829723
2752.631801805459
2765.0759425206306
2777.6282725284836
2790.288791829029
2803.057500422263
2815.934398308178
2828.9194854867783
2842.0127619580635
2855.2142277220337
2868.5238827786925
2881.94172712804
2895.4677607700723
2909.1019837047825
2922.844395932185
2936.6949974522686
2950.653788265048
2964.720768370502
2978.895937768648
2993.179296459475
3007.570844442991
3022.0705817191883
3036.6785082880815
3051.3946241496487
3066.21892930381
3089.0991134400247
3112.399160974368
3136.1190719068545
3160.2588462375134
3184.8184839662863
3209.7979850932315
3235.1973496183055
3261.0165775415226
3287.255668862912
3313.9146235824155
3340.993441700077
3368.492123215896
3396.4106681298726
3424.7490764419636
3453.5073481522268
3482.6854832606186
3512.283481767139
3542.3013436718757
3572.739068974697
3603.596657675662
3634.8741097748134
3666.571425272079
3698.688604167546
3731.225646461098
3764.182552152808
3797.55932124269
3831.3559537306865
3865.572449616855
3900.208808901167
3935.265031583607
3970.7411176642054
4006.6370671429613
4042.9528800198605
4079.6885562948883
4116.844095968088
4154.419499039403
4192.414765508904
4230.829895376533
4269.664888642292
4308.9197453062225
4348.594465368282
4388.68904882847
4429.203495686874
4470.137805943377
4511.4919795980095
4553.2660166508285
4595.459917101747
4638.073680950853
4681.107308198116
4724.560798843479
4758.345720046389
4792.15487983017
4825.988278194818
4859.845915140333
4893.727790666715
4927.6339047739675
4961.56425746208
4995.51884873107
5029.4976785809195
5063.50074701164
5097.528054023227
5131.579599615681
5165.655383789002
5199.7554065431905
5233.879667878249
5268.028167794175
5302.200906290964
5336.397883368627
5370.619099027153
5404.864553266547
5439.134246086807
5473.428177487938
5507.7463474699325
5542.088756032797
5576.455403176529
5610.846288901128
5645.261413206594
5679.70077609293
5714.164377560133
5748.6522176082
5783.164296237133
5817.700613446941
5852.261169237612
5886.84596360915
5921.454996561559
5956.088268094831
5990.74577820897
6025.427526903979
6060.133514179855
6094.863740036599
6129.618204474209
6164.39690749269
6199.199849092038
6234.027029272249
6268.878448033331
6303.754105375279
6338.654001298091
6373.5781358017775
6408.526508886331
6443.499120551976
6486.342885406702
6529.518610983796
6573.026297283257
6616.865944305129
6661.03755204934
6705.541120515933
6750.376649704907
6795.544139616264
6841.0435902499885
6886.87500160608
6933.038373684554
6979.53370648541
7026.361000008634
7073.520254254225
7121.011469222183
7168.834644912553
7216.989781325261
7265.476878460351
7314.295936317823
7363.446954897663
7412.929934199899
7462.744874224489
7512.89177497146
7563.370636440799
7614.1814586325345
7665.324241546623
7716.7989851830935
7768.6056895419315
7820.744354623166
7873.214980426754
7926.017566952723
7979.152114201061
8032.618622171794
8086.417090864881
8140.54752028035
8195.009910418186
8249.80426127842
8304.930572861005
8360.388845165959
8416.179078193294
8472.301271943026
8528.755426415126
8585.541541609593
8642.659617526457
8700.109654165688
8757.891651527258
8816.005609611224
8874.451528417558
8933.229407946288
8992.33924819847
9043.820113526548
9095.320746022277
9146.841145685663
9198.3813125167
9249.941246515395
9301.52094768174
9353.120416015743
9404.739651517397
9456.378654186701
9508.03742402367
9559.715961028283
9611.414265200554
9663.132336540475
9714.870175048047
9766.627780723284
9818.405153566164
9870.202293576702
9922.01920075489
9973.855875100737
10025.712316614241
10077.588525295389
10129.484501144194
10181.400244160657
10233.335754344771
10285.291031699948
10332.840948383411
10380.070237785636
10426.978899906593
10473.566934746312
10519.834342304734
10565.781122581888
10611.407275577803
10656.71280129251
10701.69769972589
10746.361970878002
10790.705614748818
10834.728631338396
10878.431020646734
10921.812782673776
10964.87391741958
11007.614424884086
11050.034305067355
11092.133557969355
11133.912183590088
11175.370181929582
11216.507552987838
11257.324296764767
11297.820413260459
11337.995902474882
11377.85076440114
11442.150097097969
11508.033810055233
11575.501903273165
11644.554376752
11715.19123049127
11787.412464491092
11861.218078751699
11936.608073273092
12013.582448054804
12092.141203097184
12172.28433840035
12254.0118539643
12337.323749788688
12422.220025873743
12508.700682219467
12596.765718825976
12686.415135692921
12777.648932820535
12870.467110208701
12964.869667857885
13060.856605767389
13158.427923937561
13257.583622368635
13358.323701060144
13460.648160006851
14454.824388276786
15519.067103654146
16653.376306142658
17857.75199574232
19132.19417245686
20476.70283628255
21891.277987211943
23375.919625252485
24930.62775041163
26555.402362674475
28250.24346204847
30015.15104854107
31850.125122137368
33755.16568285227
35730.27273067087
37775.44626560062
39890.686287648976
42075.99279680103
44331.36579306424
46656.805276446044
49052.311246939
51517.883704543114
54053.522649250925
56659.228081062436
