69
55
567
65
1096
649
462
761
277
875
608
62
578
134
194
1647
69
7
221
185
1110
203
58
628
332
238
425
844
229
871
116
1008
277
940
397
560
741
300
234
134
869
1122
319
489
708
195
227
137
1148
346
904
324
276
112
246
87
794
897
321
876
811
443
7828
2748
639
523
2146
1827
147
4
337
679
851
34
598
2893
1547
1496
565
1252
350
407
321
81
1262
1357
976
679
329
1507
1197
865
1738
580
296
1234
1480
2510
576
2816
124
2558
1021
322
590
273
295
329
248
37
908
54
400
1102
142
1278
1047
261
241
214
194
155
201
255
812
542
683
228
250
166
120
690
244
936
180
179
302
252
250
757
460
437
158
540
412
914
395
198
134
417
46
193
179
644
33
947
240
391
3547
283
2133
4
150
383
137
1341
396
1126
325
739
2762
70
337
44
2652
2793
17864
5232
2344
5295
2637
1704
918
204
1610
1988
163
82
144
976
258
330
153
214
767
1240
30
704
2555
1076
476
899
2658
988
289
375
125
901
915
2470
423
704
3322
167
1139
855
1476
14776
1964
656
74
58
790
52
3434
790
1105
887
376
406
793
814
64
776
756
1015
753
1
625
646
1163
189
1196
1194
177
742
152
815
960
303
984
918
1043
942
170
1317
986
742
273
11431
320
472
1031
37
839
94
687
162
624
194
832
374
39
698
182
168
893
962
89
42
861
5783
872
458
398
159
211
815
72
1111
316
173
201
673
174
297
339
314
268
129
450
690
1001
93
244
1714
840
690
937
1119
1043
642
194
814
970
671
657
752
774
678
742
863
707
727
2259
309
329
822
816
86
634
1586
1058
461
179
278
648
884
721
1155
151
190
863
1403
235
276
880
655
761
913
1791
725
74
739
670
1009
871
1260
793
1
288
649
634
777
754
723
344
681
2086
209
1310
160
90
156
693
587
633
2134
282
801
249
1091
690
120
596
1584
271
547
702
1851
394
1112
762
121
705
140
72
1147
425
696
181
215
547
287
109
189
1024
660
918
668
623
983
928
787
475
600
165
736
1063
991
555
340
779
938
885
701
1064
442
1833
204
662
200
1089
241
890
298
845
709
808
95
259
193
1123
945
8443
672
388
451
113
84
155
361
5
7378
98
2
3
1687
683
199
177
19356
119
752
169
1066
1
2
502
3
173
93
938
712
2
747
268
944
191
2
152
91
61
903
1217
238
113
622
179
154
166
823
897
100
269
263
325
209
268
413
564
785
773
245
141
690
1799
588
7416
892
190
1327
928
695
700
1070
358
901
1010
1439
2620
680
500
590
113
27
116
363
355
4611
4455
1064
338
672
218
