1280.0
1324.3008951749903
1368.5413673181265
1412.7214164294091
1456.841042508838
1500.9002455564128
1544.899025572134
1588.8373825560013
1632.715316508015
1676.5328274281746
1720.2899153164803
1763.9865801729325
1807.622821997531
1851.1986407902752
1894.714036551166
1938.1690092802028
1981.5635589773856
2024.8976856427148
2068.17138927619
2111.3846698778116
2154.5375274475796
2197.6299619854935
2240.6619734915535
2283.63356196576
2326.544727408112
2369.3954698186108
2412.185789197256
2454.915685544047
2497.5851588589844
2540.194209142068
2582.7428363932977
2625.2310406126735
2667.658821800196
2710.026179955864
2752.3331150796785
2794.579627171639
2836.7657162317464
2878.891382259999
2920.956625256398
2962.961445220944
3004.9058421536356
3046.7898160544732
3088.613366923457
3130.376494760588
3172.0791995658637
3213.7214813392866
3255.303340080855
3296.82477579057
3338.2857884684313
3379.6863781144384
3421.026544728592
3462.3062883108914
3503.525608861337
3544.684506379929
3585.7829808666675
3626.821032321552
3667.7986607445823
3708.7158661357594
3749.5726484950824
3790.369007822552
3831.1049441181667
3871.7804573819285
3912.3955476138367
3952.95021481389
3993.4444589820905
4033.878280118437
4074.2516782229295
4114.564653295568
4154.817205336352
4195.0093343452845
4235.141040322362
4275.212323267584
4315.223183180955
4355.173620062471
4395.063633912132
4434.89322472994
4474.662392515895
4514.371137269995
4554.019458992242
4593.607357682635
4633.134833341174
4672.60188596786
4712.008515562691
4751.354722125669
4790.640505656793
4829.865866156062
4869.030803623479
4908.135318059041
4947.17940946275
4986.163077834604
5025.086323174606
5063.949145482753
5102.751544759047
5141.493521003486
5180.175074216071
5218.796204396804
5257.356911545682
5295.8571956627065
5334.297056747877
5372.676494801193
5410.9955098226565
5449.254101812266
5487.452270770021
5525.590016695923
5563.667339589971
5601.684239452164
5639.6407162825035
5677.53677008099
5715.372400847622
5753.1476085824015
5790.862393285326
5828.516754956398
5866.110693595614
5903.644209202977
5941.117301778487
5978.529971322143
6015.882217833945
6053.174041313893
6090.405441761987
6127.576419178228
6164.686973562614
6201.737104915147
6238.726813235826
6275.6560985246515
6312.524960781623
6349.333400006741
6386.081416200004
6422.769009361414
6459.39617949097
6495.962926588672
6532.469250654522
6568.915151688516
6605.300629690657
6641.625684660945
6677.890316599377
6714.094525505957
6750.238311380683
6786.3216742235545
6822.344614034573
6858.307130813737
6894.209224561047
6930.050895276505
6965.8321429601065
7001.552967611856
7037.213369231751
7072.813347819792
7108.3529033759805
7143.832035900314
7179.250745392794
7214.60903185342
7249.906895282192
7285.144335679111
7320.321353044175
7355.437947377386
7390.494118678744
7425.489866948247
7460.425192185896
7495.300094391691
7530.114573565634
7564.868629707722
7599.562262817956
7634.1954728963365
7668.768259942864
7703.280623957537
7737.732564940355
7772.12408289132
7806.455177810431
7840.725849697688
7874.936098553093
7909.085924376643
7943.175327168339
7977.204306928181
8011.172863656169
8045.080997352304
8078.928708016585
8112.715995649012
8146.4428602495855
8180.109301818305
8213.71532035517
8247.26091586018
8280.74608833334
8314.170837774644
8347.535164184093
8380.83906756169
8414.082547907434
8447.265605221324
8480.388239503358
8513.45045075354
8546.452238971868
8579.39360415834
8612.27454631296
8645.095065435726
8677.855161526637
8710.554834585697
8743.1940846129
8775.772911608252
8808.291315571749
8840.749296503393
8873.146854403181
8905.483989271117
8937.760701107196
8969.976989911425
9002.132855683798
9034.228298424317
9066.263318132984
9098.237914809795
9130.152088454754
9162.005839067857
9193.799166649107
9225.532071198506
9257.204552716048
9288.816611201739
9320.368246655573
9351.859459077554
9383.290248467682
9414.660614825956
9445.970558152378
9477.220078446942
9508.409175709654
9539.537849940514
9570.606101139518
9601.61392930667
9632.561334441967
9663.44831654541
9694.274875617
9725.041011656735
9755.746724664617
9786.392014640645
9816.976881584818
9847.501325497142
9877.965346377607
9908.368944226222
9938.712119042979
9968.994870827884
9999.217199580937
10029.379105302134
10059.480587991478
10089.521647648968
10119.502284274604
10149.422497868387
10179.282288430315
10209.081655960392
10238.820600458612
10268.499121924979
10298.117220359492
10327.674895762151
10357.172148132959
10386.60897747191
10415.985383779007
10445.301367054253
10474.556927297643
10503.75206450918
10532.886778688862
10561.96106983669
10590.974937952667
10619.92838303679
10648.821405089056
10677.65400410947
10706.426180098031
10735.137933054737
10763.78926297959
10792.38016987259
10820.910653733732
10849.380714563024
10877.790352360462
10906.139567126045
10934.428358859775
10962.65672756165
10990.824673231673
11018.932195869842
11046.979295476154
11074.965972050617
11102.892225593223
11130.758056103976
11158.563463582876
11186.30844802992
11213.993009445112
11241.617147828449
11269.180863179932
11296.684155499564
11324.12702478734
11351.509471043264
11378.831494267331
11406.093094459546
11433.294271619907
11460.435025748415
11487.51535684507
11514.535264909868
11541.494749942813
11568.393811943906
11595.232450913143
11622.010666850529
11648.72845975606
11675.385829629735
11701.98277647156
11728.519300281527
11754.995401059645
11781.411078805904
11807.76633352031
11834.061165202867
11860.295573853566
11886.469559472414
11912.583122059405
11938.636261614543
11964.62897813783
11990.56127162926
12016.433142088837
12042.24458951656
12067.99561391243
12093.686215276446
12119.31639360861
12144.886148908918
12170.395481177371
12195.844390413971
12221.23287661872
12246.560939791612
12271.828579932651
12297.035797041837
12322.182591119166
12347.268962164646
12372.294910178269
12397.26043516004
12422.165537109955
12447.010216028018
12471.794471914229
12496.518304768582
12521.181714591085
12545.78470138173
12570.327265140524
12594.809405867465
12619.23112356255
12643.592418225782
12667.89328985716
12692.133738456683
12716.313764024355
12740.433366560172
12764.492546064135
12788.491302536244
12812.4296359765
12836.307546384902
12860.12503376145
12883.882098106144
12907.578739418983
12931.21495769997
12954.790752949102
12978.30612516638
13001.761074351807
13025.155600505377
13048.489703627092
13071.76338371696
13094.976640774967
13118.129474801124
13141.221885795425
13164.253873757872
13187.225438688469
13210.136580587208
13232.987299454097
13255.777595289128
13278.507468092308
13301.176917863635
13323.785944603105
13346.334548310722
13368.822728986486
13391.250486630397
13413.617821242453
13435.924732822656
13458.171221371005
13480.3572868875
13502.48292937214
13524.548148824928
13546.552945245863
13568.497318634942
13590.381268992169
13612.20479631754
13633.967900611056
13655.670581872724
13677.312840102535
13698.89467530049
13720.416087466592
13741.87707660084
13763.277642703239
13784.61778577378
13805.897505812467
13827.116802819299
13848.27567679428
13869.37412773741
13890.41215564868
13911.389760528098
13932.306942375662
13953.163701191374
13973.960036975233
13994.695949727236
14015.371439447386
14035.986506135683
14056.541149792123
14077.035370416712
14097.469168009446
14117.84254257033
14138.155494099356
14158.408022596528
14178.600128061846
14198.731810495312
14218.803069896927
14238.813906266681
14258.764319604586
14278.654309910635
14298.483877184832
14318.253021427176
14337.961742637664
14357.610040816298
14377.19791596308
14396.725368078005
14416.192397161081
14435.5990032123
14454.945186231667
14474.230946219177
14493.456283174835
14512.621197098642
14531.725687990593
14550.76975585069
14569.753400678932
14588.67662247532
14607.539421239857
14626.341796972538
14645.083749673366
14663.76527934234
14682.386385979458
14700.947069584727
14719.44733015814
14737.887167699699
14756.266582209402
14774.585573687253
14792.844142133254
14811.042287547396
14829.180009929685
14847.257309280121
14865.2741855987
14883.230638885434
14901.126669140307
14918.962276363327
14936.737460554494
14954.452221713804
14972.106559841268
14989.700474936872
15007.233967000622
15024.70703603252
15042.119682032564
15059.471905000757
15076.763704937093
15093.995081841575
15111.166035714203
15128.276566554978
15145.3266743639
15162.316359140967
15179.24562088618
15196.11445959954
15212.922875281045
15229.6708679307
15246.358437548497
15262.98558413444
15279.552307688531
15296.058608210766
15312.504485701153
15328.889940159681
15345.214971586356
15361.479579981176
15377.683765344143
15393.827527675261
15409.91086697452
15425.933783241926
15441.896276477477
15457.798346681175
15473.639993853023
15489.421217993015
15505.142019101151
15520.802397177435
15536.402352221863
15551.941884234442
15567.420993215164
15582.83967916403
15598.197942081046
15613.495781966205
15628.733198819515
15643.910192640968
15659.026763430566
15674.08291118831
15689.0786359142
15704.013937608242
15718.888816270424
15733.703271900755
15748.45730449923
15763.150914065853
15777.784100600624
15792.356864103538
15806.8692045746
15821.321122013804
15835.712616421159
15850.04368779666
15864.314336140305
15878.524561452097
15892.674363732036
15966.188952872835
16040.116626630632
16114.45738500511
16189.211227996275
16264.378155604158
16339.958167828721
16415.951264669995
16492.357446127957
16569.176712202607
16646.409062893967
16724.054498202015
16802.113018126773
16880.58462266821
16959.46931182636
17038.76708560119
17118.477943992708
17198.601887000943
17279.13891462586
17360.089026867492
17441.4522237258
17523.2285052008
17605.417871292513
17688.020322000913
17771.035857326016
17854.464477267808
17938.30618182631
18022.56097100149
18107.228844793368
18192.309803201955
18277.803846227223
18363.7109738692
18450.03118612786
18536.764483003215
18623.910864495287
18711.470330604032
18799.442881329494
18887.828516671638
18976.627236630484
19065.839041206018
19155.463930398248
19245.501904207187
19335.952962632808
19426.817105675138
19518.094333334157
19609.784645609863
19701.888042502287
19794.404524011385
19887.3340901372
19980.676740879688
20074.432476238893
20168.60129621478
20263.18320080736
20358.178190016653
20453.586263842626
20549.407422285316
20645.64166534468
20742.28899302074
20839.349405313515
20936.822902222964
21034.70948374913
21133.00914989198
21231.721900651537
21330.847736027776
21430.386656020717
21530.33866063036
21630.703749856686
21731.48192369972
21832.673182159437
21934.277525235862
22036.294952928984
22138.725465238786
22241.569062165312
22344.825743708505
22448.495509868422
22552.578360645006
22657.0742960383
22761.98331604829
22867.305420674973
22973.040609918353
23079.188883778428
23185.750242255213
23292.72468534868
23400.112213058826
23507.912825385698
23616.12652232925
23724.753303889513
23833.793170066456
23943.246120860094
24053.112156270443
24163.391276297472
24274.083480941226
24385.188770201647
24496.707144078777
24608.638602572588
24720.98314568311
24833.740773410325
24946.911485754237
25060.495282714845
25174.492164292147
25288.90213048613
25382.10391962759
25475.290649589915
25568.46232037351
25661.61893197836
25754.76048440447
25847.88697765184
25940.99841172046
26034.094786610345
26127.176102321486
26220.242358853888
26313.293556207544
26406.329694382453
26499.350773378625
26592.356793196057
26685.34775383475
26778.3236552947
26871.284497575907
26964.230280678363
27057.161004602087
27150.076669347065
27242.977274913304
27335.862821300798
27428.733308509545
27521.58873653956
27614.42910539083
27707.254415063355
27800.06466555714
27892.85985687218
27985.63998900848
28078.40506196604
28171.155075744864
28263.89003034494
28356.609925766264
28449.314762008857
28542.00453907271
28634.679256957817
28727.338915664186
28819.98351519181
28912.613055540685
29005.227536710823
29097.826958702215
29190.411321514875
29282.980625148783
29375.534869603965
29468.074054880388
29560.59818097807
29653.107247897024
29745.601255637222
29838.08020419869
29930.544093581404
30022.992923785394
30115.426694810616
30207.845406657107
30300.249059324866
30392.63765281387
30485.011187124146
30577.369662255667
30669.713078208442
30762.041434982493
30854.354732577784
30946.65297099435
31038.936150232163
31131.20427029123
31223.457331171572
31315.695332873154
31407.918275396012
31500.12615874011
31592.318982905468
31684.496747892095
31776.65945369997
31868.80710032912
31960.939687779508
32053.05721605115
32145.159685144077
32237.247095058236
32329.319445793677
32421.37673735035
32513.418969728285
32605.446142927496
32697.458256947953
32789.45531178969
32881.43730745265
32973.40424393688
33065.35612124238
33157.29293936913
33249.21469831714
33341.1213980864
33433.013038676916
33524.88962008871
33616.75114232174
33708.59760537605
33800.4290092516
33892.24535394843
33984.04663946648
34075.832865805816
34167.60403296641
34259.36014094825
34351.10118975135
34442.827179375716
34534.538109821326
34623.13666463776
34711.658827276086
34800.104597736616
34888.47397601942
34976.76696212441
35064.98355605168
35153.12375780115
35241.187567372865
35329.17498476681
35417.08600998297
35504.92064302138
35592.67888388202
35680.360732564906
35767.96618907001
35855.495253397356
35942.94792554692
36030.32420551873
36117.624093312756
36204.84758892901
36291.99469236753
36379.06540362825
36466.059722711216
36552.97764961641
36639.819184343854
36726.5843268935
36813.2730772654
36899.885435459524
36986.421401475876
37072.880975314474
37159.26415697529
37245.57094645836
37331.80134376364
37417.95534889118
37504.032961840916
37590.0341826129
37675.95901120713
37761.80744762358
37847.579491862256
37933.275143923165
38018.89440380632
38104.437271511706
38189.90374703932
38275.29383038916
38360.60752156122
38445.84482055555
38531.005727372074
38616.09024201086
38701.098364471865
38786.030094755115
38870.88543286058
38945.53466675067
39019.71026485384
39093.4122271699
39166.64055369893
39239.39524444085
39311.67629939571
39383.48371856354
39454.81750194423
39525.67764953783
39596.06416134437
39665.97703736383
39735.4162775962
39804.38188204155
39872.873850699776
39940.89218357092
40008.436880654976
40075.507941951946
40142.10536746186
40208.229157184716
40273.87931112049
40339.05582926914
40403.75871163071
40467.98795820522
40531.74356899265
40595.02554399305
40657.8338832063
40720.1685866325
40782.02965427161
40843.417086123634
40904.33088218857
40964.77104246651
41024.73756695728
41084.23045566102
41143.24970857761
41201.79532570718
41259.86730704969
41317.46565260511
41374.59036237345
41431.2414363547
41487.418874548806
41543.122676955914
41598.352843575936
41653.10937440887
41707.39226945475
41761.201528713456
41814.537152185134
41867.399139869754
41919.78749176732
41971.702207877766
42023.1432882011
42056.011496974155
42087.69629601017
42118.19768530765
42147.515664866485
42175.65023468691
42202.60139476886
42216.87679723487
42228.36914511217
42241.99566564796
42252.953485717066
42265.93112432264
42274.89574624086
42276.35441658343
42288.683173258614
42298.57193771115
42310.25181245612
42319.60604910046
42330.63704191509
42335.03800029715
42339.45675075124
42349.838861635595
42358.12404266349
42367.857271617686
42375.60792483721
42384.69227186107
42391.90839727229
42397.30355940526
42400.34386236599
42407.02545996895
42414.81204313232
42420.95911292714
42428.09681416018
42433.70935614681
42440.19817544951
42445.27618962794
42451.11612700042
42455.659613370546
42460.85066881275
42461.6924235652
42464.859627374506
42469.401800886495
42472.876231639995
42476.76952322171
42479.70942616707
42482.95383581839
42485.35921095556
42487.954738676606
42489.82558600558
42491.77223179641
42493.10855131701
42494.406315177504
42495.208106889855
42495.85698882019
42496.12425272429
42528.20459277707
42596.84006704099
42667.598846356734
42740.4809307243
42815.486320143915
42892.61501461535
42971.86701413884
43053.24231871404
43136.74092834105
43222.36284302012
43310.10806275124
43399.97658753407
43491.96841736883
43586.08355225553
43682.32199219416
43780.683737184736
43881.16878722701
43983.77714232146
44088.50880246761
44195.36376766593
44304.34203791572
44415.443613217794
44528.668493571575
44644.016678977525
44761.48816943506
44881.08296494454
45002.801065506064
45126.64247111953
45252.60718178481
45380.69519750192
45510.90651827108
45643.24114409217
45777.6990749652
45914.280310889706
46052.98485186661
46193.81269789522
46336.76384897588
46481.838305108016
46629.03606629255
46778.35713252879
46929.801503817085
47083.36918015685
47239.060161549016
47396.87444799289
47556.81203948881
47718.872936036554
47857.80414661154
47997.86834885704
48139.065542780736
48281.39572838257
48424.85890566249
48569.45507462055
48715.184235256515
48862.046387570736
49010.041531563096
49159.16966723348
49309.430794582004
49460.824913608434
49613.35202431312
49767.01212669595
49921.805220756854
50077.73130649584
50234.790383912856
50392.982453008066
50552.30751378136
50712.76556623273
50874.35661036224
51037.08064616972
51200.9376736554
51365.927692819096
51532.05070366099
51829.113907868974
52137.29527312238
52456.59479941428
52787.0124867456
53128.548335114494
53481.202344524674
53844.97451497335
54219.86484646052
54605.87333898712
55002.999992553145
55411.244807156734
55830.60778280068
56261.088919483125
56702.68821720593
57155.405675968155
57619.24129576888
58094.19507660903
58580.267018486746
59077.45712140575
59585.76538536325
60105.191810357384
60635.73639639281
61177.39914346766
61730.180051581
62294.07912073471
62915.7280356735
63552.08216432575
64203.14150668867
64868.906062763184
65549.37583255023
66244.5508160498
66954.43101326097
67679.01642418467
68418.3070488181
69172.30288716592
69941.00393922534
70724.41020499729
71522.52168448083
72335.33837767411
73162.86028458178
74005.08740520105
74862.01973953284
75733.65728757624
76620.00004933123
77521.04802479874
78436.80121397786
79367.2596168695
80312.42323347274
81272.29206378665
82246.86610783078
83369.86000294052
84517.84485309757
85690.82065830752
86888.7874185592
88111.7451338619
89359.69380421191
90632.6334296111
91930.56401005574
93253.48554555327
94601.39803609438
95974.3014816884
97372.19588232972
98795.08123801462
100242.95754875243
101715.82481453381
103213.6830353681
104736.53221124783
106284.37234217674
107857.20342815109
109455.02546917833
111077.83846524917
112725.64241637476
114398.43732254393
116096.22318375856
