223
4153
1244
21
199
240
192
1101
101
2654
6202
2051
311
357
961
178
264
223
232
1006
250
193
12
2244
994
205
938
950
514
211
201
854
9766
236
268
314
235
2137
214
285
241
256
351
393
174
1084
329
1411
511
891
967
361
255
202
44
402
2510
2
261
2
18
182
191
180
391
208
321
396
148
266
4060
137
3051
232
560
309
202
13
148
368
296
2245
11829
1270
365
1217
333
285
1064
591
227
310
202
593
310
1254
222
376
26
170
251
148
203
516
269
346
301
168
3799
812
372
410
4184
2582
202
178
628
172
2005
284
295
280
1996
4184
159
382
222
212
252
165
173
242
274
3571
98
1571
3813
156
368
348
279
164
451
822
140
10254
1029
1226
477
1457
659
233
578
446
241
129
740
265
191
5
335
229
4
300
220
760
316
7947
7717
8223
7208
15335
15154
7160
7
7185
218
2
17154
12231
12674
19177
1028
17
4
2
7284
30242
2128
35398
296
147
12417
185
6414
3143
10
3183
8502
423
7359
15267
6
176
1287
4
3103
245
1199
1308
706
191
228
6261
202
460
2416
657
245
193
1250
992
639
223
192
1396
1951
2596
4759
1211
10780
3123
13957
1380
314
21
23266
20197
2002
4
243
216
1
227
138
524
187
281
124
822
273
535
727
216
3962
314
3453
2003
477
188
388
763
2235
166
1893
1465
1612
6
8
9
227
2
343
157
950
4104
337
1095
400
163
318
296
31
4002
1668
436
2180
123
3
2546
1412
444
1791
3136
597
952
1324
646
436
123
966
7
192
843
245
211
575
4
714
714
1208
160
239
2004
8104
1
1675
1066
250
765
288
233
593
323
204
1016
9143
314
506
978
745
10
1284
430
968
429
427
283
526
545
255
150
124
333
148
1593
305
385
203
990
147
237
1000
656
184
1063
179
329
225
263
2136
2801
446
184
1132
1718
1047
36
341
1015
339
788
2656
331
190
4400
164
803
1550
338
258
142
173
1173
435
261
2
209
177
206
14
181
524
495
1064
290
1506
493
283
1230
164
2499
5290
164
701
1111
229
289
282
744
1171
731
820
3083
22
258
1318
268
937
176
746
206
28
27
502
124
991
472
2274
2155
161
902
936
587
363
703
1
112
3298
165
3
185
273
679
1540
1
346
234
2215
185
20
239
278
4
193
414
223
957
215
212
192
6
3
4841
889
376
345
580
660
716
374
1064
1
1059
1066
1132
259
2038
392
1122
2251
254
1103
1010
234
493
269
178
11
240
205
289
2343
227
2827
276
520
151
669
598
438
348
334
204
382
859
895
1077
1208
440
250
222
626
978
211
6
955
134
847
309
380
409
17
1034
840
1046
1
596
