1.0
2.1168715090574173
3.2315177003923616
4.343938574004834
5.454134129894833
6.562104368062359
7.667849288507414
8.771368891229997
9.872663176230105
10.971732143507742
12.068575793062907
13.163194124895597
14.255587139005817
15.34575483539356
16.43369721405883
17.519414275001633
18.60290601822196
19.684172443719817
20.763213551495195
21.840029341548103
22.91461981387854
23.986984968486507
25.057124805372
26.12503932453502
27.190728525975562
28.254192409693637
29.31543097568924
30.374444223962367
31.431232154513022
32.485794767341204
33.53813206244691
34.58824403983016
35.63613069949092
36.68179204142921
37.725228065645034
38.76643877213838
39.805424160909254
40.84218423195765
41.87671898528359
42.90902842088704
43.93911253876803
44.96697133892654
45.992604821362576
47.01601298607614
48.03719583306724
49.05615336233586
50.07288557388201
51.08739246770569
52.0996740438069
53.10973030218564
54.1175612428419
55.12316686577569
56.12654717098701
57.12770215847585
58.126631828242225
59.123336180286124
60.11781521460755
61.110068931206506
62.100097330082995
63.087900411236994
64.07347817466854
65.05683062037761
66.03795774836419
67.01685955862831
67.99353605116995
68.96798722598913
69.94021308308584
70.91021362246005
71.87798884411181
72.84353874804111
73.80686333424791
74.76796260273225
75.72683655349411
76.6834851865335
77.63790850185043
78.59010649944487
79.54007917931685
80.48782654146635
81.43334858589337
82.37664531259794
83.31771672158001
84.25656281283963
85.19318358637676
86.12757904219143
87.05974918028363
87.98969400065334
88.9174135033006
89.84290768822538
90.76617655542768
91.68722010490751
92.60603833666485
93.52263125069975
94.43699884701215
95.34914112560209
96.25905808646954
97.16674972961452
98.07221605503703
98.97545706273708
99.87647275271465
100.77526312496974
101.67182817950236
102.56616791631251
103.45828233540018
104.3481714367654
105.23583522040813
106.12127368632838
107.00448683452618
107.88547466500148
108.76423717775432
109.6407743727847
110.5150862500926
111.387172809678
112.25703405154097
113.12466997568144
113.99008058209945
114.85326587079497
115.71422584176804
116.57296049501863
117.42946983054675
118.2837538483524
119.13581254843557
119.98564593079627
120.83325399543449
121.67863674235025
122.5217941715435
123.36272628301433
124.20143307676265
125.03791455278852
125.87217071109191
126.70420155167284
127.53400707453127
128.36158727966725
129.18694216708076
130.01007173677178
130.83097598874033
131.6496549229864
132.46610853951
133.28033683831114
134.09233981938982
134.902117482746
135.70966982837973
136.51499685629096
137.31809856647976
138.11897495894607
138.91762603368988
139.71405179071124
140.5082522300101
141.30022735158653
142.08997715544047
142.87750164157194
143.66280080998092
144.44587466066744
145.2267231936315
146.00534640887307
146.78174430639217
147.5559168861888
148.32786414826296
149.09758609261462
149.86508271924384
150.63035402815058
151.39340001933485
152.15422069279666
152.91281604853597
153.66918608655283
154.42333080684722
155.17525020941912
155.92494429426853
156.6724130613955
157.41765651079996
158.16067464248198
158.90146745644154
159.6400349526786
160.37637713119318
161.11049399198532
161.84238553505497
162.57205176040216
163.29949266802686
164.0247082579291
164.74769853010886
165.46846348456612
166.18700312130093
166.9033174403133
167.61740644160318
168.32927012517058
169.0389084910155
169.74632153913797
170.45150926953795
171.15447168221544
171.85520877717045
172.55372055440301
173.25000701391312
173.94406815570073
174.63590397976589
175.32551448610855
176.01289967472874
176.69805954562648
177.38099409880175
178.06170333425453
178.74018725198482
179.41644585199265
180.090479134278
180.76228709884091
181.43186974568133
182.09922707479927
182.76435908619476
183.42726577986775
184.08794715581828
184.74640321404632
185.4026339545519
186.05663937733505
186.70841948239564
187.3579742697338
188.0053037393495
188.65040789124274
189.29328672541348
189.93394024186176
190.57236844058755
191.20857132159088
191.84254888487175
192.47430113043015
193.10382805826606
193.73112966837945
194.35620596077044
194.97905693543893
195.59968259238494
196.2180829316085
196.83425795310959
197.4482076568882
198.0599320429443
198.66943111127796
199.27670486188916
199.88175329477787
200.4845764099441
201.08517420738787
201.68354668710919
202.27969384910799
202.87361569338438
203.46531221993823
204.0547834287696
204.64202931987856
205.22704989326502
205.809845148929
206.39041508687052
206.9687597070896
207.5448790095861
208.11877299436026
208.69044166141185
209.25988501074102
209.8271030423477
210.39209575623187
210.9548631523936
211.51540523083287
212.0737219915497
212.62981343454396
213.18367955981583
213.73532036736518
214.28473585719212
214.8319260292965
215.37689088367847
215.91963042033797
216.46014463927492
216.9984335404895
217.53449712398154
218.06833538975116
218.59994833779825
219.12933596812292
219.6564982807251
220.1814352756048
220.70414695276202
221.22463331219677
221.74289435390904
222.2589300778988
222.7727404841662
223.28432557271103
223.79368534353347
224.30081979663333
224.80572893201082
225.30841274966576
225.8088712495983
226.3071044318083
226.80311229629586
227.29689484306095
227.78845207210352
228.27778398342372
228.76489057702133
229.24977185289657
229.73242781104926
230.21285845147952
230.69106377418728
231.16704377917262
231.64079846643543
232.1123278359758
232.58163188779366
233.04871062188903
233.51356403826202
233.97619213691246
234.4365949178405
234.89477238104598
235.35072452652906
235.8044513542896
236.25595286432775
236.70522905664336
237.15227993123654
237.59710548810722
238.0397057272554
238.48008064868117
238.9182302523844
239.35415453836524
239.78785350662355
240.2193271571594
240.64857548997276
241.07559850506368
241.5003962024321
241.9229685820781
242.34331564400156
242.76143738820255
243.1773338146811
243.59100492343714
244.0024507144708
244.4116711877819
244.81866634337058
245.22343618123674
245.62598070138046
246.02629990380169
246.42439378850048
246.8202623554767
247.21390560473054
247.6053235362619
247.99451615007075
248.38148344615718
248.76622542452105
249.14874208516255
249.5290334280815
249.90709945327808
250.28294016075205
250.65655555050364
251.02794562253274
251.3971103768393
251.76404981342347
252.12876393228515
252.49125273342435
252.85151621684108
253.20955438253534
253.5653672305071
253.91895476075646
254.27031697328326
254.61945386808767
254.96636544516952
255.31105170452892
255.6535126461659
255.99374827008035
256.33175857627236
256.6675435647419
257.0011032354889
257.3324375885135
257.66154662381564
257.98843034139526
258.3130887412525
258.63552182338714
258.95572958779934
259.2737120344891
259.58946916345633
259.9030009747012
260.2143074682235
260.5233886440234
260.83024450210075
261.1348750424557
261.43728026508813
261.73746016999814
262.03541475718555
262.3311440266506
262.6246479783931
262.91592661241316
263.2049799287108
263.49180792728595
263.7764106081387
264.05878797126877
264.33894001667653
264.6168667443618
264.8925681543245
265.16604424656487
265.4372950210826
265.70632047787797
265.97312061695084
266.23769543830133
266.5000449419292
266.76016912783473
267.01806799601763
267.2737415464782
267.5271897792162
267.7784126942318
268.0274102915249
268.2741825710955
268.51872953294367
268.76105117706936
269.00114750347257
269.2390185121533
269.4746642031116
269.70808457634735
269.9392796318607
270.1682493696515
270.39499378971993
270.6195128920658
270.8418066766892
271.0618751435902
271.2797182927686
271.49533612422465
271.7087286379582
271.91989583396924
272.12883771225785
272.33555427282397
272.5400455156676
272.74231144078885
272.94235204818744
273.1401673378637
273.3357573098175
273.5291219640487
273.7202613005576
273.9091753193439
274.0958640204078
274.28032740374914
274.4625654693681
274.64257821726454
274.8203656474385
274.99592775989
275.169264554619
275.3403760316256
275.5092621909097
275.6759230324713
275.84035855631043
276.00256876242713
276.1625536508213
276.32031322149305
276.4758474744423
276.629156409669
276.78024002717336
276.9290983269551
277.0757313090145
277.22013897335137
277.3623213199659
277.50227834885777
277.6400100600273
277.7755164534742
277.90879752919875
278.0398532872008
278.1686837274804
278.2952888500375
278.4196686548721
278.5418231419843
278.66175231137396
278.7794561630412
278.89493469698596
279.0081879132082
279.119215811708
279.2280183924853
279.33459565554017
279.43894760087255
279.54107422848244
279.64097553836984
279.7386515305348
279.8341022049774
279.9273275616974
280.0183276006949
280.10710232196993
280.1936517255226
280.2779758113527
280.3600745794604
280.4399480298455
280.5175961625082
280.59301897744854
280.66621647466627
280.7371886541615
280.80593551593427
280.87245705998475
280.9367532863126
280.9988241949179
281.0586697858008
281.1162900589614
281.1716850143994
281.22485465211486
281.27579897210785
281.32451797437835
281.3710116589266
281.41528002575217
281.4573230748553
281.4971408062359
281.53473321989424
281.57010031582996
281.60324209404314
281.6341585545339
281.6628496973022
281.6893155223481
281.71355602967145
281.73557121927234
281.7553610911507
281.77292564530677
281.7882648817402
281.8013788004512
281.81226740143967
281.82093068470584
281.8273686502494
282.05885998348566
282.2899369845414
282.52059965341584
282.750847990109
282.9806819946208
283.21010166695135
283.4391070071006
283.6676980150684
283.89587469085507
284.12363703446033
284.3509850458843
284.57791872512695
284.8044380721883
285.03054308706834
285.25623376976705
285.4815101202845
285.7063721386206
285.9308198247754
286.1548531787489
286.37847220054107
286.60167689015196
286.82446724758154
287.04684327282985
287.2688049658967
287.4903523267824
287.71148535548673
287.93220405200975
288.15250841635145
288.37239844851183
288.5918741484909
288.81093551628874
289.02958255190515
289.24781525534036
289.4656336265942
289.6830376656667
289.900027372558
290.1166027472679
290.3327637897965
290.54851050014383
290.7638428783098
290.97876092429453
291.19326463809784
291.40735401971995
291.62102906916067
291.83428978642013
292.04713617149827
292.2595682243951
292.47158594511063
292.6831893336448
292.89437838999777
293.1051531141693
293.31551350615956
293.52545956596856
293.7349912935962
293.9441086890426
294.1528117523076
294.36110048339134
294.5689748822938
294.77643494901486
294.98348068355466
295.19011208591314
295.39632915609036
295.60213189408626
295.8075202999008
296.0124943735341
296.217054114986
296.4211995242566
296.62493060134597
296.828247346254
297.0311497589807
297.23363783952607
297.4357115878901
297.6373710040729
297.8386160880744
298.0394468398946
298.2398632595334
298.4398653469909
298.63945310226717
298.8386265253621
299.03738561627574
299.235730375008
299.43366080155903
299.63117689592866
299.82827865811703
300.02496608812413
300.2212391859499
300.4170979515943
300.61254238505745
300.80757248633927
301.00218825543976
301.196389692359
301.3901767970969
301.5835495696534
301.77650801002875
301.96905211822275
302.16118189423537
302.3528973380667
302.54419844971676
302.73508522918553
302.92555767647286
303.06300397996006
303.19899413321355
303.33352813623384
303.4666059890209
303.59822769157483
303.72839324389565
303.8571026459832
303.98435589783764
304.11015299945876
304.2344939508468
304.35737875200175
304.4788074029234
304.5987799036118
304.71729625406715
304.83435645428926
304.9499605042783
305.0641084040341
305.1768001535566
305.28803575284604
305.3978152019023
305.5061385007254
305.61300564931526
305.71841664767186
305.8223714957954
305.92487019368576
306.02591274134295
306.1254991387668
306.2236293859576
306.3203034829153
306.41552142963974
306.50928322613106
306.601588872389
306.69243836841395
306.7818317142056
306.8697689097642
306.9562499550895
307.0412748501817
307.1248435950407
307.2069561896665
307.28761263405914
307.36681292821856
307.44455707214485
307.520845065838
307.5956769092979
307.6690526025245
307.7409721455181
307.81143553827854
307.88044278080577
307.9479938730998
308.0140888151605
308.07872760698825
308.1419102485827
308.20363673994405
308.26390708107215
308.322721271967
308.3800793126288
308.4359812030574
308.49042694325277
308.5434165332149
308.59494997294394
308.6450272624399
308.69364840170255
308.74081339073206
308.78652222952826
308.83077491809144
308.8735714564214
308.9149118445182
308.95479608238173
308.9932241700121
309.0301961074094
309.0657118945735
309.0997715315044
309.13237501820197
309.1635223546665
309.1932135408979
309.2214485768961
309.2482274626611
309.27355019819277
309.29741678349137
309.31982721855684
309.34078150338917
309.3602796379881
309.378321622354
309.39490745648675
309.4100371403863
309.4237106740527
309.4359280574858
309.4466892906858
309.45599437365263
309.46224437089757
309.46384330638625
309.46895694049584
309.4702360888867
309.4742133598608
309.47517272115397
309.47801362899264
309.47865320318806
309.4803577478912
309.480677534989
309.4812457165567
309.7230383728436
309.9877022190441
310.25623590950227
310.5286394442177
310.8049128231904
311.08505604642085
311.3690691139084
311.6569520256536
311.94870478165603
312.2443273819158
312.54381982643326
312.84718211520783
313.15441424823985
313.4655162255294
313.78048804707635
314.0993297128805
314.4220412229424
314.7486225772615
315.07907377583797
315.4133948186719
315.7515857057633
316.09364643711206
316.43957701271825
316.78937743258166
317.14304769670287
317.50058780508107
317.86199775771684
318.22727755461005
318.5964271957605
318.96944668116885
319.3463360108342
319.727095184757
320.111724202937
320.50022306537494
320.89259177206986
321.28883032302247
321.68893871823207
322.0929169576996
322.5007650414241
322.91248296940626
323.32807074164566
323.74752835814274
324.17085581889705
324.5980531239088
325.0291202731778
325.46405726670446
325.90286410448834
326.3455407865297
326.79208731282824
327.2425036833847
327.6598306879631
328.07957815603436
328.5017460875706
328.926334482572
329.353343341038
329.78277266296936
330.2146224483655
330.64889269722653
331.08558340955267
331.5246945853437
331.9662262245997
332.41017832732075
332.85655089350666
333.3053439231577
333.7565574162736
334.2101913728543
334.6662457929002
335.124720676411
335.5856160233867
336.0489318338275
336.5146681077332
336.982824845104
337.4534020459396
337.92639971024005
338.40181783800574
338.8796564292362
339.3599154839318
339.84259500209225
340.3276949837176
340.8152154288082
341.3051563373634
341.79751770938367
342.29229954486914
342.7895018438194
343.28912460623474
343.79116783211487
344.29563152146
344.80251567427024
345.31182029054526
345.8235453702853
346.3376909134905
346.8542569201604
347.37324339029556
347.89465032389546
348.41847772096037
348.9447255814903
349.47339390548507
350.0044826929451
350.5379919438699
351.0739216582889
351.58228345476317
352.0918896997461
352.60274039323804
353.1148355352388
353.62817512574844
354.1427591647669
354.6585876522943
355.1756605883305
355.6939779728756
356.2135398059295
356.7343460874924
357.2563968175641
357.7796919961446
358.3042316232341
358.8300156988323
359.35704422293946
359.8853171955555
360.4148346166804
360.9455964863141
361.4776028044567
362.0108535711082
362.54534878626856
363.08108844993774
363.61807256211586
364.1563011228028
364.6957741319986
365.23649158970335
365.77845349591684
366.3216598506392
366.8661106538705
367.41180590561066
367.95874560585963
368.5069297546175
369.0563583518842
369.60703139765985
370.15894889194425
370.71211083473764
371.26651722603987
371.82216806585086
372.37906335417085
372.9372030909996
373.49658727633727
374.05721591018374
374.6190889925392
375.1822065234034
375.74656850277654
376.31217493065856
376.8790258070494
377.4471211319491
378.0164609053627
379.4823628105587
380.98461966164723
382.5232314586319
384.0981982015055
385.7095198902716
387.3571965249321
389.04122810548324
390.76161463193057
392.5183561042668
394.31145252249735
396.1409038866168
398.0067101966306
399.9088714525369
401.84738765433576
403.8222588020253
405.83348489561104
407.8810659350893
409.9650019204564
412.0852928517179
414.2419387288701
416.4349395519148
418.66429532085203
420.9300060356836
423.2320716964059
425.5704923030207
427.94526785553353
430.3563983539316
432.803883798224
435.2877241884089
437.80791952448635
440.3644698064545
442.9573750343152
445.5866352080702
448.25225032771596
450.95422039325786
453.69254540469046
456.4672253620138
459.2782602652296
462.1256501143398
465.0093949093407
467.9294946502323
470.88594933702007
473.8787589696967
476.90792354827136
479.97344307273306
483.0753175430891
486.2135469593377
489.388131321477
492.5990706295106
495.8463648835823
497.6624329219885
499.45730370388446
501.23097722926104
502.9834534981219
504.7147325104688
506.4248142662982
508.11369876561184
509.7813860084116
511.42787599469375
513.0531687244602
514.6572641977091
516.2401624144477
517.8018633746651
519.3423670783686
520.8616735255582
522.3597827162284
523.8366946503847
525.2924093280271
526.7269267491502
528.1402469137593
529.5323698218544
530.9032954734303
532.2530238684922
533.5815550070402
534.8888888887886
538.4407191119244
542.1456362014142
546.003640157287
550.014730979543
554.1789086681674
558.496173223175
562.9665246445511
567.5899629323103
572.3664880864526
577.2961001069634
582.3787989938573
587.6145847471198
593.0034573667654
598.5454168527795
604.2404632051766
610.0885964239424
616.0898165091057
622.2441234606376
628.5515172785381
635.0119979628216
641.6255655134883
648.3922199305089
655.3119612139271
662.3847893637139
669.6107043803204
692.1753936456516
716.0612995759584
741.2684221714735
767.7967614319641
795.6463173574302
824.8170899481047
855.3090792037547
887.1222851244966
920.256707710214
954.7123469610233
990.4892028769245
1027.5872754575685
1066.0065647036536
1105.7470706145978
1146.8087931907503
1189.191732431762
1232.895888337982
1277.9212609091774
1324.2678501454648
1371.935656046844
1420.924678613199
1471.2349178446457
1522.866373741068
1575.8190463024657
1630.0929355323315
1876.3962613120675
2138.690666823648
2416.9761520698667
2711.2527170497924
3021.520361760631
3347.7790862070397
3690.028890386224
4048.2697742981836
4422.501737945713
4812.724781325087
5218.9389044372365
5641.144107283093
6079.340389862657
6533.5277521740645
7003.706194220111
7489.875715998933
7992.03631751053
8510.187998756766
9044.33075973764
9594.464600449428
10160.589520894922
10742.705521074124
11340.81260098517
11954.910760631785
