450
196
246
859
126
148
385
480
317
90
549
264
311
288
533
279
315
424
84
255
240
83
127
125
296
110
123
185
1
129
95
118
253
65
1
613
50
114
117
86
231
3
154
163
110
236
13
106
186
248
118
262
147
122
325
281
279
259
190
295
238
244
3921
185
315
218
83
237
274
166
231
106
91
126
120
499
118
345
213
65
123
115
41
317
172
155
2
94
173
260
361
239
130
107
309
1442
249
280
104
204
135
5
153
291
66
357
374
635
272
115
518
357
421
260
91
151
148
183
151
255
141
109
311
122
249
150
421
94
215
268
147
210
136
236
370
940
354
159
306
143
574
139
507
94
286
50
291
190
205
207
244
475
104
146
351
118
268
184
330
269
164
254
166
71
263
145
134
229
313
272
317
73
318
66
88
102
156
202
258
132
338
461
273
134
432
315
99
311
132
488
234
182
230
2167
149
117
1231
323
8879
496
424
122
200
262
511
101
273
275
144
203
154
280
176
207
179
109
3
95
119
76
338
238
275
458
266
118
100
108
218
89
211
250
152
355
80
215
135
447
234
171
101
54
66
71
330
126
84
146
248
144
252
275
147
338
270
855
304
10
315
316
1495
293
366
317
284
271
288
318
340
476
328
253
155
160
76
301
444
2053
388
305
168
334
251
273
378
136
254
251
260
165
273
147
300
175
269
310
183
244
176
169
561
384
376
118
137
243
184
101
217
259
257
108
111
271
211
111
142
332
298
215
284
274
269
218
240
188
310
70
107
357
263
340
1237
279
3
147
114
364
44
100
277
63
8
117
675
301
176
6
192
256
272
145
330
107
540
86
229
451
385
110
199
259
282
151
212
127
183
266
493
280
169
78
291
1
250
222
130
940
111
272
243
415
150
289
482
177
309
275
447
508
288
120
295
98
661
212
177
130
90
341
292
6470
245
70
248
164
1556
229
364
85
129
123
188
83
183
85
108
99
391
222
883
385
562
195
263
120
109
349
648
110
97
134
134
104
254
119
155
203
318
9199
361
106
218
317
338
207
327
526
304
286
199
50
107
189
109
100
86
116
235
116
800
143
157
154
95
476
141
131
621
182
190
277
89
127
276
423
841
106
349
176
395
91
164
103
360
298
321
93
112
142
274
473
78
971
280
82
284
167
127
53
299
131
67
122
220
47
199
346
306
219
318
340
131
114
184
129
117
108
99
104
258
118
208
87
382
332
104
347
113
364
124
300
121
175
165
103
168
310
305
267
108
383
182
290
317
331
293
363
87
337
251
244
154
114
74
273
270
275
295
290
114
97
271
133
139
109
251
69
343
149
329
316
94
77
135
200
274
151
347
148
314
306
220
114
277
282
278
3
101
278
234
188
240
565
80
119
323
93
323
170
349
97
329
309
258
142
116
76
887
280
72
101
75
81
154
359
254
122
303
248
98
111
5
302
101
166
253
88
27
264
325
272
197
75
98
128
101
624
128
197
56
221
375
358
315
222
106
436
183
140
130
89
305
115
202
156
124
329
189
244
275
104
152
613
288
87
49
124
145
440
279
386
101
84
277
332
298
4151
109
320
447
127
253
315
900
111
346
104
269
258
234
267
328
598
129
299
135
47
145
284
440
572
116
259
671
278
104
278
105
305
107
369
368
379
91
134
915
297
251
215
360
900
124
179
179
221
107
253
99
265
103
175
149
109
284
795
129
219
107
138
268
374
115
199
396
177
251
451
193
126
428
312
349
117
100
111
408
503
324
105
252
114
173
262
1942
307
112
301
295
253
320
240
80
264
264
279
274
354
210
264
269
298
113
268
270
155
83
177
318
288
442
106
148
130
126
167
123
412
93
96
101
3
314
254
192
283
107
101
100
5
110
173
103
263
781
420
116
106
255
116
85
103
538
396
103
170
351
324
545
228
445
136
2202
8155
113
246
97
421
284
166
105
118
72
172
103
161
121
77
98
163
206
121
2287
66
81
313
143
163
143
108
202
253
68
403
388
67
137
282
98
547
306
253
285
307
102
146
285
622
131
203
464
288
63
107
69
405
286
103
78
93
357
63
310
104
227
149
116
81
161
72
82
298
111
255
136
105
212
146
283
167
218
275
131
272
319
296
313
122
51
64
305
95
108
143
104
451
102
381
314
388
554
97
199
361
201
87
328
289
419
8
215
284
2676
271
5328
4916
126
4914
5315
229
782
99
107
132
68
77
134
202
95
211
196
284
279
162
179
341
199
70
276
380
181
87
305
615
113
74
119
445
283
123
280
140
131
279
113
209
306
12
448
138
331
72
303
331
289
171
339
584
269
275
178
180
138
303
251
180
26
164
248
110
275
328
326
257
197
107
127
281
171
587
124
364
123
171
213
1652
322
363
258
322
163
101
125
315
117
231
456
313
397
159
335
279
2289
115
344
281
279
340
251
311
166
190
254
150
378
204
105
96
543
192
105
167
94
145
105
105
473
80
262
192
195
249
111
306
2263
351
86
300
87
64
111
155
287
1226
191
283
250
101
470
103
298
171
96
81
100
107
259
87
129
343
160
83
725
268
231
297
153
305
1317
385
133
108
548
64
105
178
50
121
289
2272
307
259
158
102
105
515
124
2027
120
106
1087
257
328
96
312
105
74
112
295
499
1
2755
261
303
107
322
172
475
231
321
182
276
360
107
165
134
392
222
230
256
244
82
114
104
380
263
245
346
106
258
94
340
75
283
281
352
565
212
535
24
297
104
140
171
275
295
212
228
1039
95
270
367
297
268
145
118
149
117
137
142
164
323
262
256
99
108
255
295
511
128
306
435
347
79
167
276
951
134
117
306
54
280
280
1989
137
278
316
627
227
271
213
248
76
415
104
89
517
179
340
568
71
2460
159
179
207
157
122
157
1989
143
67
95
521
263
366
171
114
39
1176
81
325
166
169
7194
300
65
153
265
682
278
140
212
336
357
791
107
524
544
102
332
133
311
281
5081
128
484
143
490
100
2881
192
115
375
10
262
175
1589
76
129
97
342
288
256
97
526
276
344
320
251
340
134
285
560
186
189
101
353
316
336
304
62
7
102
289
147
86
123
101
269
280
188
381
193
111
498
145
185
387
255
319
300
268
101
2156
130
80
2
591
303
141
103
255
265
2
169
239
242
267
316
314
141
346
152
357
163
531
332
150
258
218
147
222
125
365
112
364
360
117
198
1036
107
150
2134
251
621
421
460
288
282
2073
108
170
124
290
392
251
214
203
108
121
161
292
102
230
325
154
115
148
172
176
214
690
587
144
286
152
108
307
263
175
300
181
328
412
134
216
146
303
172
98
289
297
238
250
177
372
10
215
204
473
344
926
348
194
437
110
6542
132
124
125
174
283
136
322
225
134
298
158
271
157
111
176
133
166
357
158
367
172
6
337
395
264
72
72
170
284
525
153
284
111
405
114
202
173
295
261
947
237
1516
330
281
132
124
308
118
105
145
229
317
174
275
247
629
3
78
65
137
263
245
233
285
209
101
279
278
155
158
1049
95
300
129
321
303
245
301
185
144
138
139
272
147
82
263
182
139
366
151
184
138
132
140
358
233
82
95
121
394
217
766
447
90
180
131
107
125
366
257
110
75
183
327
144
133
87
59
305
294
295
151
233
415
274
113
128
366
309
7
359
135
130
86
319
74
120
352
433
157
420
114
109
138
102
5254
326
123
432
73
241
266
266
119
275
125
569
276
241
233
643
133
5229
95
169
1
96
269
97
125
249
700
106
138
160
183
193
346
183
161
126
404
477
305
211
294
167
127
353
259
145
317
189
121
167
231
168
86
327
41
68
107
322
106
414
58
208
327
578
67
345
447
330
179
173
783
408
356
92
141
109
58
277
5118
301
301
100
162
337
425
297
187
107
142
296
116
455
118
510
432
154
142
672
155
328
127
106
604
363
127
96
85
138
456
358
218
332
381
139
186
562
303
277
250
417
234
344
115
140
169
155
155
94
381
176
220
379
454
286
144
335
107
321
593
256
405
107
100
169
300
328
95
95
3136
110
108
120
90
450
300
115
910
174
222
89
207
304
343
362
354
605
279
9
109
227
84
84
202
285
367
343
119
267
146
306
270
135
148
136
136
153
88
142
282
126
255
4974
100
291
273
540
128
90
107
142
110
91
101
198
340
271
82
342
140
344
300
203
878
274
93
62
91
273
76
100
1
80
635
117
296
134
84
324
158
353
198
101
172
171
113
2466
132
79
57
81
290
518
112
191
88
305
810
300
380
116
91
279
214
300
307
110
324
298
575
437
88
312
234
375
350
229
361
294
260
162
243
326
93
252
293
328
284
219
799
387
374
138
133
382
230
689
294
3
327
128
151
296
154
146
77
154
349
360
366
108
49
85
268
248
103
194
64
233
335
94
52
332
53
171
198
356
407
356
114
115
303
140
240
404
100
362
305
87
194
290
27
96
89
110
372
169
251
324
262
399
408
2
153
250
436
317
84
339
345
306
124
263
264
294
455
298
602
395
98
73
58
91
289
466
536
147
121
288
287
354
287
547
318
120
256
393
1034
108
166
308
13
247
108
266
228
93
243
120
1283
89
79
285
133
279
104
168
105
254
112
241
272
1317
104
111
174
96
143
118
118
119
122
301
63
63
49
128
57
113
76
54
336
99
87
86
104
295
72
364
62
104
1
302
1
361
515
220
355
2
213
142
309
105
65
93
73
49
155
82
56
76
74
150
308
394
242
75
274
103
102
71
88
184
108
62
239
437
166
105
77
123
84
74
129
57
309
255
141
56
110
399
77
315
66
49
144
57
352
353
3
264
361
78
94
402
97
436
132
1306
183
433
93
1886
461
354
116
277
304
147
87
166
87
119
779
88
49
291
118
292
118
66
108
119
99
48
128
889
81
70
279
621
77
100
96
324
115
115
829
231
85
92
65
161
133
314
71
292
92
141
513
513
141
80
80
87
68
1861
315
240
85
110
213
168
71
131
139
282
329
218
273
3936
2702
85
108
317
134
293
397
579
167
51
78
99
55
89
51
48
393
42
56
71
65
85
88
53
57
475
313
297
156
114
320
263
169
199
341
84
87
329
543
52
175
241
250
79
72
96
108
60
317
168
47
102
184
737
216
574
298
335
612
479
332
66
112
354
109
179
91
271
276
296
310
173
508
121
357
315
79
83
61
300
82
133
463
82
64
362
217
154
217
131
347
136
345
336
96
73
76
83
52
131
95
203
397
98
253
152
130
250
231
112
45
73
43
86
105
76
152
233
320
129
164
295
207
86
68
81
127
381
190
384
70
54
73
167
108
94
137
57
83
223
139
66
280
321
160
302
226
60
136
278
124
167
289
250
330
151
166
124
246
210
152
56
70
87
62
66
1
130
129
70
336
111
263
108
61
101
160
327
378
192
85
65
46
181
143
357
66
162
112
143
302
4
7
228
11
78
3
93
293
60
523
1647
73
68
56
255
67
1875
61
99
321
251
322
120
133
153
242
269
495
2858
77
92
117
552
130
175
356
72
732
181
145
114
142
175
69
12585
154
319
353
174
72
110
63
73
268
394
63
222
50
718
115
287
900
68
255
261
164
173
852
82
97
172
1017
111
584
147
90
304
294
183
20
126
350
313
183
317
219
100
159
350
481
369
336
283
107
135
273
114
387
264
127
256
136
280
113
25
240
32
425
268
377
99
123
113
314
21
135
37
28
37
112
284
108
81
315
294
301
334
69
95
251
82
255
111
92
68
81
7529
334
192
70
263
114
253
219
151
117
325
264
325
287
103
93
239
140
95
286
111
112
109
106
300
263
326
99
275
75
308
308
268
246
75
250
271
113
133
123
119
285
274
112
274
172
209
331
117
129
151
103
50
46
96
253
59
170
108
99
136
78
50
473
130
203
111
152
265
493
493
79
390
267
107
108
297
96
532
755
307
66
103
186
347
230
110
81
415
166
95
278
293
277
397
238
456
97
282
253
110
93
57
61
77
62
71
105
72
96
182
332
281
260
469
78
102
219
509
286
100
57
81
150
69
209
357
65
358
137
271
79
302
265
63
603
400
110
64
164
114
308
509
618
151
162
572
3
798
65
72
173
419
342
417
283
85
99
247
102
132
74
263
541
73
259
65
216
314
253
150
48
80
154
172
138
255
67
92
278
362
103
179
89
215
509
135
126
311
288
165
312
96
153
139
98
895
125
216
338
1143
200
348
285
277
411
168
339
244
359
119
200
302
263
100
193
560
74
279
188
111
300
144
292
129
104
298
285
189
385
264
263
111
483
83
104
55
71
81
207
42
300
45
1129
329
277
150
364
173
197
66
194
33
367
118
314
93
281
158
101
343
103
288
596
218
107
278
541
115
214
178
105
270
121
285
242
527
109
167
196
48
276
139
284
288
39
69
126
126
363
289
325
182
324
515
304
137
181
307
170
73
1780
287
866
146
305
310
805
104
47
278
97
480
100
114
87
158
587
100
142
328
133
357
500
86
200
205
76
214
