0.9999999999999999
1.2406975178053183
1.4813502153368319
1.7219580925945408
1.9625211495784454
2.203039386288545
2.44351280272484
2.6839413988873297
2.9243251747760155
3.1646641303908964
3.404958265731973
3.6452075807992443
3.885412075592711
4.125571750112373
4.365686604358229
4.605756638330282
4.84578185202853
5.085762245452973
5.3256978186036115
5.565588571480445
5.805434504083474
6.045235616412698
6.284991908468118
6.524703380249733
6.764370031757543
7.003991862991548
7.243568873951749
7.483101064638145
7.722588435050736
7.962030985189522
8.201428715054504
8.440781624645682
8.680089713963055
8.919352983006622
9.158571431776387
9.397745060272344
9.636873868494499
9.875957856442847
10.114997024117391
10.35399137151813
10.592940898645066
10.831845605498195
11.070705492077522
11.309520558383044
11.548290804414759
11.787016230172672
12.025696835656777
12.26433262086708
12.502923585803577
12.741469730466271
12.97997105485516
13.218427558970243
13.45683924281152
13.695206106378997
13.933528149672666
14.17180537269253
14.41003777543859
14.648225357910844
14.886368120109296
15.12446606203394
15.362519183684784
15.60052748506182
15.83849096616505
16.07640962699448
16.314283467550098
16.552112487831916
16.78989668783993
17.02763606757414
17.265330627034544
17.50298036622114
17.740585285133935
17.978145383772926
18.215660662138113
18.45313112022949
18.690556758047066
18.92793757559084
19.165273572860805
19.402564749856964
19.639811106579323
19.877012643027875
20.11416935920262
20.35128125510356
20.588348330730703
20.825370586084034
21.06234802116356
21.29928063596929
21.536168430501206
21.77301140475932
22.00980955874363
22.246562892454136
22.483271405890836
22.719935099053732
22.95655397194282
23.19312802455811
23.429657256899592
23.666141668967267
23.902581260761142
24.138976032281207
24.37532598352747
24.611631114499925
24.847891425198583
25.08410691562343
25.320277585774473
25.556403435651717
25.79248446525515
26.028520674584783
26.26451206364061
26.50045863242263
26.73636038093085
26.972217309165266
27.208029417125875
27.443796704812677
27.679519172225678
27.915196819364873
28.150829646230267
28.38641765282185
28.621960839139632
28.85745920518361
29.09291275095378
29.328321476450146
29.56368538167271
29.799004466621465
30.034278731296418
30.269508175697567
30.50469279982491
30.739832603678447
30.974927587258183
31.20997775056411
31.444983093596235
31.67994361635456
31.914859318839074
32.149730201049785
32.38455626298669
32.619337504649785
32.854073926039085
33.08876552715458
33.32341230799627
33.55801426856415
33.79257140885823
34.0270837288785
34.261551228624974
34.49597390809764
34.7303517672965
34.96468480622155
35.1989730248728
35.433216423250244
35.66741500135388
35.90156875918372
36.13567769673975
36.36974181402198
36.603761111030394
36.83773558776501
37.07166524422583
37.30555008041283
37.53939009632603
37.77318529196543
38.00693566733103
38.240641222422816
38.4743019572408
38.70791787178498
38.94148896605535
39.17501524005192
39.40849669377469
39.64193332722365
39.8753251403988
40.10867213330015
40.34197430592771
40.575231658281446
40.808444190361385
41.04161190216752
41.27473479369984
41.50781286495837
41.740846115943086
41.973834546654
42.20677815709111
42.43967694725441
42.67253091714391
42.9053400667596
43.13810439610149
43.37082390516958
43.603498593963856
43.83612846248433
44.068713510731
44.30125373870387
44.53374914640293
44.76619973382819
44.99860550097964
45.23096644785729
45.46328257446113
45.695553880791174
45.9277803668474
46.159962032629835
46.392098878138455
46.624190903373275
46.85623810833429
47.0882404930215
47.320198057434915
47.552110801574514
47.78397872544031
48.0158018290323
48.24758011235049
48.47931357539487
48.71100221816545
48.94264604066222
49.17424504288519
49.405799224834354
49.63730858650971
49.86877312791126
50.10019284903901
50.33156774989295
50.56289783047309
50.79418309077943
51.025423530811956
51.25661915057068
51.4877699500556
51.718875929266716
51.949937088204024
52.18095342686753
52.41192494525723
52.642851643373135
52.873733521215236
53.10457057878352
53.335362816078
53.566110233098684
53.79681282984556
54.02747060631863
54.25808356251789
54.48865169844335
54.71917501409501
54.94965350947285
55.180087184576905
55.41047603940714
55.64082007396358
55.87111928824621
56.10137368225504
56.33158325599006
56.56174800945128
56.79186794263869
57.0219430555523
57.2519733481921
57.4819588205581
57.711899472650295
57.941795304468684
58.171646316013266
58.40145250728405
58.631213878281024
58.86093042900419
59.09060215945356
59.32022906962912
59.549811159530876
59.77934842915884
60.008840878512984
60.238288507593325
60.467691316399865
60.6970493049326
60.926362473191524
61.15563082117665
61.38485434888797
61.61403305632548
61.843166943489194
62.0722560103791
62.3013002569952
62.530299683337496
62.75925428940599
62.98816407520067
63.217029040721556
63.445849185968626
63.674624510941904
63.90335501564137
64.13204070006702
64.36068156421888
64.58927760809694
64.81782883170119
65.04633523503163
65.27479681808828
65.5032135808711
65.73158552338013
65.95991264561536
66.18819494757679
66.4164324292644
66.6446250906782
66.87277293181822
67.10087595268442
67.32893415327682
67.5569475335954
67.78491609364019
68.01283983341118
68.24071875290835
68.46855285213174
68.6963421310813
68.92408658975707
69.15178622815903
69.37944104628718
69.60705104414153
69.83461622172207
70.06213657902883
70.28961211606176
70.51704283282089
70.74442872930622
70.97176980551774
71.19906606145545
71.42631749711937
71.65352411250947
71.88068590762579
72.10780288246828
72.33487503703698
72.56190237133187
72.78888488535294
73.01582257910023
73.2427154525737
73.46956350577338
73.69636673869924
73.9231251513513
74.14983874372956
74.376507515834
74.60313146766465
74.8297105992215
75.05624491050453
75.28273440151376
75.5091790722492
75.73557892271081
75.96193395289863
76.18824416281265
76.41450955245286
76.64073012181926
76.86690587091186
77.09303679973065
77.31912290827565
77.54516419654684
77.77116066454421
77.99711231226779
78.22301913971756
78.44888114689353
78.67469833379569
78.90047070042405
79.1261982467786
79.35188097285935
79.5775188786663
79.80311196419943
80.02866022945877
80.2541636744443
80.47962229915602
80.70503610359394
80.93040508775806
81.15572925164837
81.38100859526487
81.60624311860758
81.83143282167647
82.05657770447156
82.28167776699284
82.50673300924034
82.73174343121401
82.95670903291388
83.18162981433996
83.40650577549223
83.63133691637069
83.85612323697534
84.08086473730619
84.30556141736324
84.53021327714647
84.75482031665591
84.97938253589155
85.20389993485337
85.42837251354139
85.65280027195561
85.87718321009602
86.10152132796263
86.32581462555542
86.55006310287443
86.77426675991963
86.998425596691
87.22253961318859
87.44660880941237
87.67063318536235
87.89461274103851
88.11854747644088
88.34243739156945
88.5662824864242
88.79008276100515
89.01383821531229
89.23754884934564
89.46121466310517
89.6848356565909
89.90841182980283
90.13194318274095
90.35542971540528
90.57887142779579
90.8022683199125
91.0256203917554
91.2489276433245
91.47219007461979
91.69540768564129
91.91858047638897
92.14170844686285
92.36479159706293
92.5878299269892
92.81082343664167
93.03377212602032
93.25667599512518
93.47953504395623
93.70234927251349
93.92511868079693
94.14784326880657
94.3705230365424
94.59315798400442
94.81574811119265
95.03829341810707
95.26079390474769
95.4832495711145
95.7056604172075
95.92802644302671
96.1503476485721
96.37262403384369
96.59485559884148
96.81704234356548
97.03918426801565
97.26128137219202
97.48333365609459
97.70534111972336
97.92730376307831
98.14922158615947
98.37109458896681
98.59292277150035
98.8147061337601
99.03644467574604
99.25813839745817
99.4797872988965
99.70139138006101
99.92295064095173
100.14446508156864
100.36593470191174
100.58735950198106
100.80873948177654
101.03007464129824
101.25136498054613
101.47261049952021
101.69381119822049
101.91496707664696
102.13607813479963
102.3571443726785
102.57816579028356
102.79914238761481
103.02007416467227
103.24096112145591
103.46180325796576
103.68260057420179
103.90335307016402
104.12406074585245
104.34472360126706
104.56534163640788
104.7859148512749
105.00644324586811
105.22692682018751
105.44736557423312
105.6677595080049
105.8881086215029
106.10841291472708
106.32867238767746
106.54888704035403
106.7690568727568
106.98918188488577
107.20926207674093
107.42929744832229
107.64928799962985
107.8692337306636
108.08913464142353
108.30899073190967
108.528802002122
108.74856845206052
108.96829008172526
109.18796689111618
109.4075988802333
109.6271860490766
109.8467283976461
110.06622592594182
110.28567863396371
110.5050865217118
110.7244495891861
110.94376783638657
111.16304126331325
111.38226986996612
111.60145365634519
111.82059262245045
112.03968676828191
112.25873609383956
112.47774059912341
112.69670028413346
112.91561514886969
113.13448519333213
113.35331041752076
113.57209082143558
113.7908264050766
114.00951716844382
114.22816311153723
114.44676423435683
114.66532053690264
114.88383201917463
115.10229868117283
115.32072052289722
115.5390975443478
115.75742974552537
116.15553833375054
116.55503494000726
116.95591956429553
117.35819220661537
117.76185286696673
118.16690154534967
118.57333824176413
118.9811629562102
119.39037568868775
119.80097643919689
120.21296520773757
120.62634199430983
121.0411067989136
121.45725962154896
121.87480046221586
122.29372932091428
122.71404619764431
123.13575109240585
123.55884400519895
123.98332493602362
124.40919388487981
124.83645085176755
125.26509583668687
125.6951288396377
126.12654986062014
126.5593588996341
126.99355595667959
127.42914103175667
127.8661141248653
128.30447523600546
128.74422436517716
129.18536151238044
129.62788667761524
130.0717998608816
130.51710106217956
130.963790281509
131.41186751887005
131.86133277426262
132.31218604768674
132.76442733914243
133.21805664862964
133.67307397614843
134.1294793216988
134.58727268528065
135.0464540668941
135.5070234665391
135.96898088421563
136.43232631992373
136.8970597736634
137.36318124543456
137.8306907352373
138.2995882430716
138.76987376893743
139.24154731283485
139.71460887476383
140.1890584547243
140.66489605271636
141.14212166873995
141.6207353027951
142.10073695488185
142.5821266250001
143.0649043131499
143.54907001933128
144.0346237435442
144.52156548578867
145.0098952460647
145.49961302437222
145.99071882071138
146.48321263508205
146.97709446748425
147.47236431791805
147.9690221863834
148.4670680728802
148.96650197740865
149.46732389996862
149.96953384056016
150.47313179918328
150.9781177758379
151.48449177052407
151.99225378324184
152.5014038139911
153.01194186277195
153.52386792958436
154.03718201442828
154.55188411730379
155.06797423821087
155.58545237714944
156.10431853411959
156.62457270912128
157.14621490215453
157.66924511321935
158.1936633423157
158.7194695894436
159.24666385460304
159.77524613779403
160.30521643901662
160.83657475827076
161.3693210955564
161.90345545087362
162.4389778242209
163.02623428841014
163.6158757225678
164.2079021266938
164.80231350078816
165.3991098448509
165.9982911588819
166.59985744288144
167.2038086968493
167.81014492078538
168.41886611468993
169.02997227856287
169.64346341240417
170.2593395162138
170.8776005899917
171.49824663373806
172.12127764745276
172.74669363113588
173.37449458478733
174.00468050840715
174.63725140199523
175.2722072655518
175.9095480990768
176.54927390256995
177.1913846760316
177.8358804194615
178.48276113285982
179.13202681622664
179.78367746956167
180.43771309286507
181.0941336861369
181.75293924937694
182.41412978258558
183.07770528576248
183.74366575890764
184.41201120202123
185.08274161510315
185.7558569981536
186.43135735117227
187.10924267415925
187.78951296711466
188.47216823003845
189.1572084629305
189.84463366579115
190.53444383862
191.22663898141718
191.9212190941828
192.6181841769167
193.31753422961907
194.01926925228975
194.72338924492874
195.4298942075361
196.1387841401119
196.85005904265608
197.56371891516858
198.27976375764945
198.99819357009858
199.7190083525162
200.4422081049022
201.16779282725645
201.89576251957908
202.6261171818701
203.35885681412947
204.09398141635734
204.83149098855336
205.57138553071786
206.31366504285074
207.05832952495177
207.80537897702152
208.5548133990594
209.30663279106568
210.06083715304032
210.81742648498323
211.57640078689474
212.3377600587745
213.10150430062254
213.86763351243894
214.63614769422384
215.407046845977
216.18033096769864
216.95600005938854
217.7340541210467
218.51449315267337
219.2973171542684
220.0825261258318
220.87012006736347
221.66009897886352
222.45246286033193
223.24721171176895
224.044345533174
224.84386432454755
225.64576808588947
226.45005681719965
227.25673051847843
228.06578918972525
228.87723283094067
229.69106144212435
230.5072750232764
231.32587357439695
232.14685709548576
232.9702255865359
234.26553704787148
235.5725316573994
236.89120941511965
238.22157032103223
239.56361437513715
240.9173415774344
242.28275192792398
243.6598454266059
245.04862207348015
246.44908186854627
247.8612248118052
249.28505090325643
250.7205601429
252.16775253073547
253.62662806676371
255.0971867509843
256.5794285833972
258.073353564002
259.57896169279957
261.0962529697895
262.6252273949717
264.16588496834584
265.7182256899114
267.2822495596706
268.8579565776222
270.44534674376564
272.0444200581019
273.65517652063
275.2776161313509
276.9117388902637
278.5575447973688
280.2150338526667
281.8842060561565
283.5650614078386
285.2575999077135
286.96182155578026
288.6777263520398
290.4053142964908
292.14458538913505
293.89553962997115
295.65817701900005
297.43249755622037
299.21850124163393
301.01618807523937
302.82555805703714
304.6466111870277
306.4793474652097
308.32376689158446
310.179869466152
312.0476551889046
313.9909957229711
315.94852417633365
317.92024054899
319.90614484094067
321.9062370521874
323.92051718272796
325.94898523256325
327.9916412016946
330.04848509011936
332.1195168978393
334.2047366248553
336.30414427116557
338.4177398367701
340.54552332166986
342.6874947258648
344.8436540493549
347.01400129213835
349.1985364542179
351.39725953559264
353.61017053626074
355.83726945622493
358.0785562954843
360.33403105403795
362.60369373188587
364.8875443290299
367.18558284546816
369.4978092812007
371.82422363622936
374.1648259105514
376.51961610416856
378.88859421708185
381.2717602492894
383.66911420079214
386.08065607158915
388.5063858616804
390.9463035710678
393.40040919974945
395.86870274772537
398.3511842149974
400.84785360156366
403.3587109074242
405.88375613258086
408.4229892770318
410.9764103407779
413.54401932381916
416.1258162261538
418.72180104778454
421.33197378871046
423.95633444892974
426.5948830284724
430.4609152184348
434.3887155508746
438.3782840257991
442.42962064319363
446.5427254030692
450.71759830542214
454.95423935025246
459.2526485375529
463.61282586733796
468.03477133960405
472.51848495434024
477.0639667115538
481.67121661125566
486.34023465342034
491.07102083806967
495.8635751652
500.7178976348041
505.6339882468783
510.6118470014444
515.651473898477
520.7528689379906
525.9160321199815
531.1409634444499
536.427662911392
541.7761305208223
547.1863662727155
552.6583701670934
558.192142203945
563.7876823832848
569.4449907050912
575.1640671693785
580.9449117761433
586.7875245253854
592.6919054171012
598.6580544512981
604.6859716279796
610.7756569471276
616.9271104087566
623.1403320128666
629.4153217594503
635.7520796485078
642.1506056800536
648.6108998540658
655.132962170559
661.716792629526
668.3623912309813
675.069757974903
681.8388928613058
688.6697958901896
695.5624670617108
703.4779441598657
711.4928771567429
719.6072660523569
727.8211108466858
736.1344115397442
744.5471681315394
753.0593806220495
761.6710490112819
770.382173299251
779.1927534859351
788.1027895713414
797.1122815554845
806.2212294383353
815.4296332199156
824.7374929002399
834.1448084792719
843.6515799570334
853.2578073335244
862.9634906087449
872.7686297826804
882.6732248553453
892.6772758267398
902.7807826968565
912.9837454656954
923.2861641332711
933.6880386995617
944.18936916456
954.7901555283097
965.4903977907743
976.2900959519684
987.189250011892
998.1878599705306
1009.2859258278986
1020.4834475840034
1031.780425238816
1043.1768587923652
1054.6727482446368
1066.2680935956305
1077.9628948453537
1089.7571519938065
1101.6508650409596
1113.6440339868568
1125.7366588314835
1137.9287395748324
1150.2202762169036
1162.6112687577115
1175.1017171972344
1187.6916215354795
1200.3809817724614
1213.1697979083692
1236.1613560819824
1259.6485774539178
1283.6314620241756
1308.1100097927265
1333.0842207595415
1358.554094924766
1384.5196322882257
1410.9808328499494
1437.9376966099953
1465.3902235683636
1493.338413724996
1521.7822670799505
1550.7217836332275
1580.1569633847976
1610.0878063346318
1640.5143124828173
1671.4364818293543
1702.8543143740972
1734.7678101171914
1767.1769690585788
1800.0817911982595
1833.4822765362042
1867.3784250725002
1901.7702368070895
1936.6577117407578
1977.389066890406
2019.0274865473039
2061.572970711626
2105.025519383489
2149.38513256266
2194.6518102491973
2240.8255524432752
2287.906359144603
2335.8942303534714
2384.7891660696478
2434.5911662932485
2485.300231024332
2536.916360262723
2589.439554008539
2642.8698122618953
2697.2071350225015
2752.4515222906484
2808.602974066045
2865.661490348808
2923.62707113917
2982.4997164368397
3042.2794262418756
3102.9662005544524
3164.560039374337
3227.0609427001327
3294.1248986078426
3362.3771488748025
3431.8176935010124
3502.4465324862394
3574.2636658307165
3647.2690935344435
3721.462815597304
3796.8448320192983
3873.4151428005425
3951.1737479409203
4030.120647440548
4110.255841299309
4191.579329517204
4274.091112094349
4357.791189030628
4442.67956032604
4528.756225980818
4616.021185994614
4704.47444036766
4794.115989099839
4884.945832191152
4976.963969641831
5070.170401451527
5164.5651276204735
5260.148148145527
6074.895541012287
6946.060157310218
7873.641997039318
8857.64106020704
9898.05734680593
10994.890856847167
12148.141590308398
13357.809547211975
14623.894727554172
15946.39713132009
17325.316758532077
18760.65360917151
20252.407683242112
21800.57898075506
23405.16750169918
25066.173246078193
26783.59621388465
28557.436405133456
30387.69381981343
32274.368457924575
34217.46031947434
36216.969404459
38272.895712878555
40385.239244725555
