1154
766
3478
462
1250
2260
1608
1785
1599
3278
376
2408
1247
10389
1444
3367
1334
2166
7119
1742
2525
1651
1117
2174
1720
5292
2028
1720
301
4718
2396
1475
1886
1168
4844
1645
2101
1122
2451
1220
680
2179
2530
1887
1386
2792
617
1946
559
436
679
1034
2704
1046
691
3480
1595
794
1983
3977
1645
940
5125
1765
1039
3089
8610
1725
2480
2299
999
298
1202
282
3239
2133
1543
1725
378
3630
2803
1112
2175
5283
1495
542
2474
2292
1600
907
1023
1062
3546
2984
492
1043
3493
937
2030
1578
1854
1013
1708
2527
2001
2667
1437
991
1582
1750
1382
1089
912
2544
2791
3067
1483
425
289
2071
704
1109
512
1570
633
347
1587
2251
1576
548
1952
792
2580
610
3297
3065
1289
1310
2209
448
3096
7961
1274
2538
4121
305
1497
2695
963
1214
5912
1742
441
395
352
338
2334
2493
1718
920
1772
721
701
2753
1355
414
4634
2223
352
15041
2205
3059
6577
2582
1663
1086
1213
1845
460
2621
1279
1644
2456
2025
2640
1201
1422
861
1364
1512
4231
217
3018
1408
1268
675
494
876
1910
3268
1357
2580
1496
1067
1230
1315
2391
381
3343
3664
545
1025
2802
290
1701
3662
4737
1031
3361
2878
1773
2179
996
2304
1658
893
3235
1949
2864
1635
2092
2820
2473
2819
389
1162
3746
1027
657
3855
5828
1072
4359
2619
1827
4375
729
2466
1841
2505
1349
1470
397
5249
2336
369
1844
948
1948
2199
431
2315
1312
322
3009
2838
1853
2241
2603
989
476
1510
6147
1535
1746
3437
2160
1576
2818
1882
290
418
870
944
2679
5905
483
33104
2708
1703
298
961
923
983
3164
1217
522
20617
1072
1751
550
680
988
911
290
1522
1925
301
917
552
940
1060
2007
171
12349
2390
2353
1912
227
3626
2399
3002
2289
739
6455
190
3191
1466
2863
760
2377
5038
665
4239
576
3525
2091
5285
2491
2132
2387
378
753
1078
1657
1325
4812
7502
1134
1736
1042
4646
1151
531
3615
2046
1525
545
1093
1242
6785
980
1641
1068
1337
496
2466
1880
2788
15008
1556
17997
889
634
4798
489
997
1136
3280
1918
2431
2353
1404
1479
1881
442
784
1427
2653
5191
1231
3025
457
31086
443
1290
2323
2418
2618
821
1295
5750
1426
539
1459
2631
1874
4694
1384
2868
262
2372
3891
669
2570
467
444
5613
5798
806
1149
2785
2810
1277
1632
1973
2958
8767
1094
1105
1896
1707
488
4113
4600
3563
2249
349
2229
875
2299
2727
2238
2745
3176
2955
947
1701
1662
1575
1194
2445
1207
7010
980
1080
2196
2300
1444
4784
1032
2545
2409
949
2226
4240
1996
4460
3318
718
1450
2250
1584
2234
9125
1631
2423
1176
389
1185
1104
697
1087
3029
3265
2024
632
3039
296
4620
1238
1024
2098
1346
186
1155
3023
2136
1031
1919
1940
1109
5034
2333
6484
3787
1705
1193
3987
2231
3245
935
26550
1911
1067
1943
1310
2217
2634
542
2829
2019
323
31942
135
1148
4399
1749
1165
348
2831
766
3245
4427
1145
1888
1474
666
940
3197
555
814
618
1150
2411
3040
2382
370
1483
607
705
965
567
2880
651
1471
1523
1031
312
353
1748
4864
1433
2161
2262
1176
1006
554
597
2079
1633
1236
2341
1480
829
2493
964
457
1975
343
445
473
722
2733
2841
331
2006
613
1558
619
3085
7214
11473
1818
8590
322
735
1718
1244
1335
2428
3006
1069
1354
1706
381
3029
610
474
1152
3336
1867
326
4641
779
2246
511
1387
6269
929
2333
1703
2953
2920
1694
350
1046
1553
1236
1892
1656
692
674
791
799
2919
4235
1237
1299
1405
420
1788
4435
823
1255
3187
736
2206
847
338
850
1422
1607
2672
4186
730
3471
1471
1970
747
342
4201
1429
5291
976
1029
2094
3848
292
537
1642
782
624
1350
479
734
1446
3113
1213
806
298
703
2350
428
2176
1424
3036
916
1371
2806
1262
5103
1522
543
540
1779
841
485
905
467
466
1506
1167
1475
492
1773
3602
794
435
2181
3744
1194
2021
2917
1432
1983
818
1808
623
2691
1506
1409
3896
1364
842
8040
1929
1598
1491
1947
928
1736
1833
1423
1272
1090
2419
441
3199
3835
2330
1423
1368
2088
6691
424
3549
1080
1468
2362
1736
1288
1495
2171
890
6446
1644
1257
4136
8088
1176
3067
1464
1135
761
1573
864
3217
3538
475
1496
2000
294
1296
1082
1392
2755
2843
1430
1299
1434
14404
2197
1194
1228
2120
1352
1219
1936
1935
1092
513
735
3790
1964
473
3566
17015
565
2908
1783
1884
3587
40834
900
1327
1229
1345
3318
9341
1385
1728
1066
5497
610
3280
1446
813
1919
1528
646
2178
1080
1998
1298
4436
274
2077
2897
1288
4140
670
1878
2220
2662
217
1391
2099
7041
2070
1521
1453
5938
558
6449
2455
5634
2685
1277
6159
3817
1348
2681
1970
1063
2744
2698
1022
1490
783
2135
1714
2705
1390
296
2313
1245
2895
1070
3300
2941
623
484
1420
1254
4730
2039
2813
646
217
1336
1014
2294
1768
2089
817
2975
1905
529
1310
1179
1401
2781
1359
1393
2886
357
1834
1169
905
1623
530
729
2393
960
335
270
14163
567
1157
238
165
2145
508
562
6232
749
2543
1633
485
1807
2102
2855
472
2399
337
1786
2827
1918
444
1929
1674
1662
1083
775
5807
1467
376
357
1786
464
15395
1646
1270
3023
349
1779
774
1159
5041
2875
9248
1380
583
527
1960
665
3184
1178
1025
808
405
3234
548
1172
469
288
816
1383
5505
3039
2295
379
466
728
710
278
1998
225
3890
338
159
2089
358
2158
487
1590
1521
2905
642
760
860
231
544
672
430
725
6243
668
1397
346
4820
1190
1455
1401
1253
2170
2772
2398
278
4463
9085
832
15777
1810
1908
1299
465
1259
332
2724
4919
933
904
2770
3719
4140
526
257
4000
686
2183
2428
931
1955
2364
1494
893
2318
495
2288
1232
281
7466
1296
1050
408
411
1077
723
3044
388
627
933
740
2941
1111
628
1969
1403
305
3718
321
2564
20932
266
656
593
2166
3417
669
810
3687
3569
772
2708
794
2397
3331
215
1025
2140
249
2405
511
909
6048
1069
491
2917
470
875
367
405
1540
1051
1697
1223
250
1568
29106
2353
1299
1101
2018
2264
2647
2393
15426
4138
3358
284
1410
3463
3461
964
2517
1791
1404
1234
3874
917
794
690
1185
684
1650
494
312
326
614
1372
2632
449
2094
233
1002
664
865
1402
2897
3277
1909
2731
640
1671
1887
3445
1524
2173
573
1380
3190
1741
620
1151
1191
1913
2145
1282
2150
723
452
801
1805
1249
1292
819
2379
2373
9152
2024
1153
693
1149
1168
367
2755
1152
1188
471
753
1431
1106
1192
3133
747
794
711
1564
545
2258
385
897
1294
1406
2447
4368
1828
373
4172
1786
4284
716
881
6418
1977
1178
1456
2228
2826
2477
5520
6898
641
1652
426
859
8577
1326
1688
1886
4283
1689
1146
1391
312
801
2593
709
2600
1607
1032
1294
519
1732
1670
21266
717
1849
1463
1957
356
986
2017
932
626
468
2636
3548
2066
1700
2933
1454
4326
960
2001
2247
4389
9923
6245
452
14226
2608
3547
692
3057
309
866
2332
2622
918
1317
3508
1500
2248
20503
1336
1376
937
2347
3847
2711
1996
3067
1838
2831
2619
1646
1424
2346
1459
2545
2340
1444
2468
349
2666
1107
1486
1728
1632
2051
1343
7711
3055
2281
1796
1770
28385
4858
941
17359
1067
1714
1654
2368
1210
243
491
896
7581
704
3275
2299
1247
433
1785
1112
1594
1117
643
358
509
1510
3768
1150
1132
1062
1255
3701
1089
2482
1619
1762
1457
2197
1652
623
386
427
1145
806
1771
438
1336
1661
3215
5442
376
728
3769
1033
4214
2681
5134
3346
1936
4539
1979
261
2283
2591
2662
1645
1181
843
2273
693
1527
3002
2179
505
321
2710
1136
997
927
1285
333
893
558
878
5989
2730
603
2627
1129
1213
1664
2195
584
8449
1056
3537
481
1209
758
2071
2382
1265
1531
4438
3275
923
514
6337
5932
984
8084
1651
3771
1717
1889
908
1350
975
2261
1427
912
883
514
860
1547
3505
2814
400
3465
3337
898
11753
7766
643
1291
1758
838
491
1727
1310
396
2825
610
328
554
2976
1777
2035
1995
1233
2075
1184
3575
1356
818
12093
12592
1591
8422
749
689
11297
2254
708
596
4878
608
1070
1430
6491
11932
351
1831
6017
6702
618
780
6407
554
2668
474
318
417
3381
3245
3979
1734
627
5231
1969
2186
5517
2277
883
1091
3351
491
2423
372
3459
1056
226
2197
2443
2214
2480
5204
5383
1428
473
1915
207
753
6283
435
825
2067
2418
14475
1813
1983
2707
1587
1501
1177
5026
2127
1309
3282
3626
2730
536
1251
2800
1089
784
1538
1523
2047
3949
1513
3795
829
432
325
3272
337
2099
1940
1987
5559
9262
367
524
2780
895
434
2860
3401
271
1924
1143
723
14250
3277
858
1983
518
354
2125
1596
1589
638
1900
979
1813
1905
2981
1232
1350
2048
1930
1431
2198
14509
7826
2516
343
3325
333
1392
625
3178
332
2290
6946
3835
1054
2104
1450
962
3567
1041
1044
699
1165
3726
2319
2091
5730
1004
340
2793
381
1390
4204
2490
5089
3310
8772
2826
1636
5251
4818
1756
3735
1850
1432
2286
1973
6253
254
895
13768
1353
558
944
1984
995
1609
2564
3335
1519
963
1698
2804
3951
1427
1599
2068
1752
2124
1114
1230
320
2177
724
280
2702
3104
287
2806
1061
3199
286
1748
256
554
19689
1689
2435
1129
1836
1674
328
4115
1880
4462
1410
678
3430
1474
1335
295
3688
432
2281
2456
2608
1652
862
2539
876
2055
857
992
441
2253
2996
873
2104
2352
1532
1273
3400
1477
668
1069
1380
1224
706
322
530
3002
1780
247
228
301
1641
468
230
1333
1625
257
5015
254
3053
185
1463
1085
6747
5375
4030
1204
535
7349
2265
1114
1607
3780
2416
3590
1338
269
649
293
276
4713
2537
5703
4284
841
2807
845
2226
10392
1720
2042
1819
2217
1798
2356
280
1177
1070
1838
1966
3855
3338
1795
4029
2619
5874
2348
289
2454
3240
2119
1703
1446
1123
1799
2208
2265
614
844
1621
980
3489
340
3022
1412
947
3092
8785
1716
1514
1206
2795
4511
2241
2089
624
809
1792
1865
2964
1183
8913
3203
2136
408
15248
2907
1238
2587
49572
373
1080
3086
1970
1230
819
570
7284
737
531
607
373
2429
1348
1697
3620
478
604
2255
2073
163
152
1289
2245
10621
2351
15319
152
994
149
1318
609
120
961
4189
159
220
1347
4007
3333
3640
1489
943
2863
6102
1105
1890
810
2932
4661
1168
1726
6607
1384
574
2043
15103
2399
2930
4592
1175
1699
6090
772
1725
1661
2285
596
899
2763
1141
1160
4281
2729
2024
2275
10966
2112
2383
3365
1804
2529
1751
7622
1271
2485
727
1936
1263
1621
4415
845
1631
1296
3932
12023
1693
860
4362
1985
3073
2994
2544
1326
6608
2891
3875
4323
2939
1393
1553
12651
1163
3393
4997
1163
890
2165
2104
1440
2828
1341
1302
1089
2515
1158
3630
778
4525
3076
2794
3874
599
6788
1666
2804
762
11224
204
2626
677
2941
1769
2668
975
1063
17857
658
2960
5040
280
4639
3417
2236
823
1196
1513
6044
2350
2317
1430
530
1632
3245
6653
376
688
527
877
1250
5056
948
827
2799
699
516
3968
389
1506
2269
2535
2802
517
2780
1921
1462
982
2519
1364
2303
2432
2317
1128
1597
985
1068
231
2419
2699
3252
12727
5781
1940
1070
1754
960
1401
2636
2503
4129
1378
1802
4662
1096
1180
2321
2474
3003
2198
1998
893
2087
553
344
194
2489
2818
2897
2174
2302
2040
2401
2104
831
303
2418
2946
2689
5736
2965
1420
2157
691
2439
2718
1975
6147
1588
7213
1944
1844
1166
2517
1783
1179
3978
1426
1164
2530
5039
6011
1064
2414
853
974
3401
2084
4880
2927
2144
2419
1930
571
2680
265
8010
2158
4038
15179
2592
2872
2184
3305
1648
3170
2256
1383
384
1065
1142
832
1059
1113
443
2314
13258
1960
1602
4473
1055
4987
3495
15443
2306
2526
2040
1231
4605
1651
1019
878
1885
4445
28074
1576
1437
2373
1684
1193
841
3009
1062
4181
1499
5068
1757
13581
857
524
2294
2077
3019
1328
3357
2163
2678
8178
1899
891
2755
926
1728
2153
1811
986
2652
3071
2972
4954
866
2794
2265
1330
863
1394
1989
11092
1049
615
888
1780
1866
1627
902
2892
724
1456
1053
776
988
1766
1735
244
5167
1487
2117
3233
3360
2213
9544
694
2324
4574
866
2054
146
6298
2243
4325
2948
994
747
2938
302
1705
3966
718
2243
2554
2986
1159
7407
9310
2495
1078
1381
1372
8982
829
2125
785
926
281
1077
984
2550
33713
1832
2726
2758
1239
2603
2420
3176
2102
3171
648
2198
2042
816
3015
1206
1278
1224
37646
529
1049
2862
999
2458
2546
37798
2763
373
766
1946
1375
2366
2491
373
2334
2018
657
1787
2668
1285
1580
482
2843
1019
2034
725
2628
943
2786
2905
2472
2804
2815
971
1144
1380
1208
5431
807
2468
1221
1961
2948
2858
9263
6068
1920
2439
1093
3473
2302
1712
5247
1552
2013
697
368
923
292
1668
3191
9495
598
224
13654
847
1122
5891
226
851
3063
1771
1178
554
4264
498
2148
321
1072
1453
187
1058
5852
4692
3894
2003
16779
1086
2410
1300
3566
767
392
2714
1413
2292
4117
3171
2526
1099
2605
2770
2026
501
3059
1532
2627
4307
960
1807
2034
1709
3176
3014
218
268
634
1380
992
942
12037
1409
3176
2683
1250
2857
683
607
1160
722
2240
1193
1069
3590
4981
7723
1590
3921
977
2360
7413
401
1733
1581
7741
6285
3657
1626
3159
1009
3566
920
4883
2928
1776
8776
392
4540
5214
2187
4226
2747
6322
1898
640
2429
2568
1589
341
2166
1017
814
2236
1522
1392
1771
2443
540
3031
1995
3128
1950
497
420
1172
1926
1864
973
1324
3917
4040
1618
692
881
450
2524
1709
2123
4034
4067
1572
4844
20445
972
762
356
3032
3697
1703
1015
431
2106
5094
1681
6231
466
1442
1517
1718
5008
5172
2148
2675
1276
2241
761
2699
1446
1867
2118
909
1975
315
827
1212
1902
1523
651
1396
1647
1641
3066
707
942
3061
2774
3834
854
11806
293
2877
1484
1265
2181
1761
1015
4488
1533
1802
2208
1601
2064
443
3116
3053
1015
13354
930
2714
2631
4229
2580
2517
1054
261
4581
705
2837
1393
1462
2147
4571
3465
1903
1575
2084
2727
2682
2523
36843
8055
3895
2912
1986
1835
1948
1871
1897
4541
1531
2527
2219
674
2574
874
776
739
1585
1783
1965
29311
936
738
1497
3100
4596
3238
740
1760
2076
2754
2434
3119
1197
617
1572
509
695
3642
2551
3460
1585
560
2832
1466
2296
13066
1359
2114
1177
475
5328
2392
1389
2581
734
2788
2123
2748
828
2903
566
552
1932
1351
7992
1916
1817
2091
1048
1731
607
1900
1657
2247
838
4999
5435
816
872
2530
1992
157
1283
664
2623
845
3005
1926
561
2339
2431
696
2011
1600
3491
1473
1037
7059
1124
698
1065
2196
1322
3701
2631
2016
2440
5630
3304
1007
1567
1173
1716
1092
533
4481
2065
1401
2621
9543
1884
2320
1732
1948
1774
1904
883
889
302
2733
1830
2773
2036
31300
2187
2214
1253
1470
360
3228
2763
3014
2718
2396
1145
2463
1334
1253
1489
2645
3376
547
572
3453
2527
1796
2457
2158
704
450
2468
1259
1709
1579
2179
1280
6688
3554
147
2626
1659
2869
2362
1410
1488
1783
309
932
1098
2889
2247
2666
751
1949
716
12979
1112
1474
2201
2864
594
1894
3159
745
1886
709
1645
1092
4425
1195
615
1189
1681
3178
2548
427
355
5097
383
2197
845
2508
950
872
2985
1122
1901
2540
2140
2830
1072
2747
999
565
2625
1878
1545
1480
2011
1295
804
4326
1334
8567
504
4434
1760
1707
149
1018
1923
465
2403
546
5350
2307
720
380
1323
1220
1505
2869
3077
3348
2242
8620
2825
3572
2265
2343
1074
3471
1736
1588
1122
1097
1699
808
3732
1275
3038
2934
684
153
1045
1674
1017
1789
3051
2523
7541
1275
2377
2518
3712
2521
2394
3503
2009
652
2757
288
327
4706
1804
1395
420
2413
780
2583
1120
574
2845
2723
552
562
1156
2424
1749
2009
4753
1905
2152
1664
691
2749
632
1562
1275
2288
255
1177
2030
1043
1391
533
1433
1337
3117
265
396
1177
4500
1527
2353
797
259
3162
1712
668
1004
2169
1142
1005
2270
1023
3541
2621
4920
6295
2461
1915
2286
180
1632
1489
2382
2465
2832
1802
714
1123
1976
4746
706
1369
19914
1822
926
562
1020
585
2311
1295
1402
3817
1254
288
2921
1577
2573
1059
7247
3625
1078
1999
433
1716
2192
398
400
467
2307
1629
3032
1557
2339
2895
2406
1063
754
1174
3245
940
1553
2774
5818
2055
395
2417
2095
1004
1064
834
6739
2855
2380
1026
1621
1778
1969
731
2892
2186
1289
4132
2332
1389
6140
1224
1096
3602
7736
1091
1573
1874
11151
1063
1891
1564
1970
2884
1763
1220
2391
4434
2045
1013
1017
589
8621
3257
7109
198
1270
1683
1255
209
783
3867
416
1113
15266
340
718
403
291
1893
2625
1023
4801
2224
615
1004
215
162
2266
959
2714
2476
1823
1258
2371
3030
286
751
1947
1845
2717
7153
1678
1195
2131
3114
983
1040
6287
626
992
3243
3552
567
4081
3712
2906
2267
904
1781
3526
1109
1611
1295
1650
3690
1187
1286
2993
882
2705
3164
867
2661
1276
1838
1422
2907
3381
3373
1502
2059
4201
884
1405
4313
967
478
1199
1730
1099
2279
806
1173
1453
2130
1096
1852
3050
1478
4801
1766
591
1049
3513
560
431
244
5918
4271
2416
1028
6196
643
584
2679
949
9166
745
707
1002
1587
1782
1747
2461
3015
2453
1061
7100
1324
419
3107
1648
1801
1072
611
2776
2066
2041
1239
912
3200
163
2678
6515
1292
1286
3857
1779
8713
202
1048
3446
2750
1077
1491
1548
2222
881
1308
2988
2630
5333
821
2749
4784
2170
3051
2625
7688
1143
1217
635
2249
950
967
2572
2716
1017
4667
1534
1718
930
822
1781
647
2253
2022
3323
2322
3811
2696
1390
2984
9015
2022
125
543
3090
5190
4006
1101
1658
3287
483
900
3703
1299
1170
2100
3195
3331
3285
1069
2644
3202
2872
1422
1446
2466
2750
2481
3096
3465
635
990
650
1609
2621
2522
381
2444
898
2837
3972
2697
626
1303
2947
657
2518
1639
817
477
22595
2217
2743
1792
1975
421
4369
2422
4095
1141
1571
442
1916
3417
1263
2474
2254
967
4406
1669
1614
3819
1666
3401
282
4650
169
4254
1746
264
1903
288
1983
155
649
253
4345
3978
3895
5445
3062
1955
1512
21137
2094
1550
4084
1346
1918
159
1899
2766
2488
1536
3277
339
1837
4175
1725
7659
4816
1842
548
4700
1519
1408
1985
1108
1691
842
1469
36641
2187
2505
729
1002
2688
1807
2411
1093
1554
527
1066
954
3722
2439
2975
2589
3121
4873
950
866
2580
1070
1622
1902
2569
353
1243
3101
2251
2302
4182
631
1999
15372
2876
2833
660
294
2286
888
2785
418
1258
5077
731
2959
1856
762
1092
4434
405
801
1839
3159
2405
2130
912
1081
2944
779
2521
1182
158
1713
2510
2352
833
1507
932
497
3339
965
918
1254
153
1973
1105
523
512
2237
1344
4222
665
2953
1230
1053
3739
181
2216
4241
1829
1477
1855
2600
5096
2874
2522
1329
2707
1297
1217
964
781
1533
3039
1756
3126
2065
1835
1100
3406
1118
686
3676
3078
751
1707
1054
971
1292
1412
1801
1124
914
2390
3189
1291
627
201
2407
1913
1009
1618
1848
2088
10491
1156
1185
1262
545
170
1461
1676
1353
7019
309
2275
2035
991
331
3777
4352
1886
850
1892
1352
2794
1012
1255
2054
1776
712
8828
268
4011
2117
630
1332
3071
3288
3344
177
2543
2881
471
1345
2401
2229
539
1185
2445
2715
1906
3832
159
236
331
604
2904
1803
3401
2088
763
1827
1878
6257
1718
628
1793
2049
2181
1156
3543
755
1938
2024
1230
2103
992
1564
444
2263
472
726
838
3889
4013
2507
484
862
1285
1217
2265
1982
795
1565
3325
911
2389
2411
2427
3291
3182
2067
1760
310
788
888
2432
3381
2730
2076
1762
1681
3009
431
2875
3299
2518
620
5057
155
3851
2497
612
1021
1837
1515
858
2016
2243
3093
2548
2485
1834
1376
1256
921
814
1301
1995
38703
326
1719
1569
740
1794
1549
1856
2364
318
1569
1172
2258
389
2944
2642
570
373
1210
789
745
1286
314
3082
1423
1327
827
191
2521
365
4003
3021
2675
4836
2267
1707
3210
3975
612
1057
438
1393
1662
4149
2454
1237
3242
1485
1702
1758
1786
918
2423
1096
455
2574
13500
757
3253
7098
2363
5636
2771
712
1148
2615
1779
2358
3404
4661
2294
1262
1009
2646
1077
4566
2320
1194
2829
681
1534
811
2015
283
652
6151
2301
3483
951
1127
598
676
2169
1456
4024
1613
2794
3146
737
656
3076
3906
2214
1742
2075
4257
956
2771
360
941
2383
2910
2387
436
2047
5208
884
1938
4243
1331
6594
514
1402
2993
534
1643
1811
4034
2813
1903
356
1427
5114
1584
1868
1489
1423
1967
2989
525
3160
3011
1541
693
324
515
1074
1383
1262
462
3134
802
10092
3416
5312
2873
52445
1725
7451
741
3912
3339
1492
1845
2288
1176
1358
3600
1218
1965
2298
2559
2924
3354
3637
1057
2364
6486
818
1392
1762
1501
2398
1767
216
1076
1420
2637
2060
424
3555
25585
2005
949
4790
3487
29002
1868
725
3218
753
275
1355
200
2368
1567
704
3026
545
2039
3340
490
2982
3618
769
6210
9418
5554
1634
6125
654
1578
1310
2552
651
290
1317
2066
2197
978
1210
2050
2394
3994
2474
6434
3054
2421
4092
1110
2161
549
1776
1487
1002
3229
2156
2015
620
435
1090
3286
208
6182
2520
1089
6262
2427
3342
1974
743
993
1685
993
1494
807
12622
1931
1075
1801
1323
2157
2184
25789
845
2147
2420
3047
1411
1111
3214
539
1250
2088
310
3152
920
1080
1622
218
12568
384
821
1812
2775
1911
1814
552
3313
3215
1774
650
944
399
2132
2861
1379
3052
1368
2135
4130
1068
1178
579
1379
1980
367
17029
4349
1644
940
648
301
1293
19651
4046
1376
2329
1363
1205
2629
12236
5293
4904
3020
1406
1069
1432
4003
2966
3037
1853
2998
1443
27242
13082
1190
750
1624
2768
837
1389
1517
2139
1126
6741
1544
2154
419
3243
4124
1393
1103
1309
1464
3725
4656
1563
2178
923
714
1334
409
898
461
623
1458
3608
4088
987
1652
917
494
586
1418
4954
2768
581
1763
443
969
5374
900
2638
3538
1663
6508
4352
8890
2508
13425
793
2300
1065
2299
2362
3328
2322
300
264
957
1587
3409
1719
7199
3898
908
937
1359
386
523
2452
5071
789
2558
2711
2482
1500
610
922
1378
874
1732
1444
523
878
1304
502
1665
2260
4677
2351
6435
3597
815
950
1986
1062
2146
410
259
1469
2407
744
563
1029
875
751
395
6473
466
826
3015
1632
1989
2234
5201
4379
1512
697
792
729
3260
2067
2376
1501
584
3157
1095
2383
1654
2543
1196
443
3356
2951
2084
1615
2087
400
9024
211
2386
460
1626
1584
1377
542
928
2685
2643
2768
1463
1616
1003
2697
1038
1629
3426
3951
1319
2339
3785
1406
988
1948
891
1706
2992
8857
1949
2125
2911
3538
1892
2849
546
1218
2246
6905
2484
1564
9337
1453
962
353
670
1992
295
12696
1433
3530
658
2632
2441
986
2115
1648
894
1820
348
835
2014
2113
1741
1236
2245
3514
1649
449
524
506
1660
1617
1347
763
2350
1893
3078
1566
2368
764
2364
5911
558
2572
3971
2771
3973
6103
168
3062
367
1745
260
1512
3188
9603
1183
705
3085
1699
1606
1410
280
714
4983
1143
315
3460
2118
193
1193
3927
98863
1302
499
392
758
1826
8478
3318
4933
1857
2879
1409
649
467
1885
3643
2326
1382
3082
384
3109
1266
3063
2888
3949
734
829
1519
771
3895
5639
2185
2096
2359
1505
3032
680
812
324
1379
1898
1684
319
972
811
1020
482
866
4165
4380
1370
1457
1818
944
1394
1906
2905
351
813
2611
2455
2489
1028
10655
1152
2044
2352
2262
928
14092
1099
1916
182
2515
2889
873
2425
779
601
1177
731
5809
80251
18108
2961
4009
693
11424
485
658
2010
2220
2770
2120
835
304
4598
988
5903
2012
1942
2246
52709
298
4793
6498
2780
899
2504
1345
4085
534
3871
3032
2468
4360
1477
3704
933
557
911
2013
2549
827
6898
440
1327
2723
2051
2080
1165
5459
745
200
1446
1513
3962
1312
3417
1378
1703
2019
388
2365
2216
2769
1949
46789
637
2694
502
2160
2128
1973
4372
1664
2676
4456
1056
749
1606
259
1941
493
610
2244
3043
1758
594
1783
2786
2529
53094
6943
757
1226
738
1426
2866
1397
508
1141
29894
11451
1881
1745
1308
1467
1428
1844
1310
1693
409
2038
2110
3462
1574
302
319
898
2033
1253
859
2992
2139
4248
1755
2001
1414
859
710
2686
1799
1404
2735
918
649
4970
2341
5277
1383
1469
2398
1050
2163
1089
739
586
1198
2482
2896
1755
1163
9361
919
3321
1283
687
3340
2785
3035
390
1881
22017
2968
2072
805
2194
1589
2772
725
2050
2332
1777
1252
278
1592
15623
2446
519
776
449
1997
1298
7739
2636
203
1052
2260
1038
1015
2044
1075
880
2498
5748
3253
4590
3181
3332
2247
4110
3135
2718
5517
2458
1708
2452
1056
1783
3096
5377
1448
2820
405
1257
403
328
1131
2316
1608
1266
282
793
2960
20075
1373
2709
1272
1072
3416
4122
1277
140
2366
1178
902
2723
1601
502
1711
1929
2774
1295
2774
833
655
2188
2773
2529
1635
1716
2947
1237
657
125
7118
1047
2302
933
1229
2175
3540
3895
2403
2227
1588
1344
290
1954
2933
8479
3414
4673
2976
2307
1641
763
1982
1882
616
12098
592
1952
2142
4617
1671
553
778
2757
1338
629
2813
3272
1531
2060
1677
4028
1619
1534
789
2892
2403
2690
