283
99
246
43
209
230
84
89
602
1113
37
137
151
1057
123
230
315
291
1130
495
171
166
238
369
386
302
211
102
147
500
301
48
280
541
7629
604
2246
135
216
36
113
400
497
147
722
83
267
566
82
105
39
822
317
113
71
74
1027
627
605
282
140
4197
120
1026
122
356
107
193
257
45
130
303
135
228
138
134
1065
142
269
359
257
108
1309
563
22
91
374
147
108
111
103
828
308
250
85
373
223
372
364
130
171
44
254
222
240
101
149
155
31
230
187
195
834
313
267
74
104
101
293
145
768
47
188
22
54
236
269
72
107
233
87
570
11328
128
206
877
111
159
134
87
263
144
123
257
619
48
375
615
158
342
1335
109
90
57
125
120
280
228
116
507
326
467
440
205
147
175
109
215
136
2898
220
182
161
605
580
110
420
849
216
261
81
60
306
95
82
127
181
1124
414
121
479
73
538
102
58
418
172
182
631
530
46
703
198
145
686
44
166
52
361
1180
197
103
154
41
855
536
279
987
734
78
1496
31
281
61
48
634
146
409
397
320
190
389
636
179
151
443
705
48
249
474
35
493
228
267
662
161
724
71
611
643
439
171
884
90
145
1102
69
63
1000
71
158
323
45
742
252
265
148
4161
68
47
1073
1642
719
148
632
92
605
1005
128
52
154
250
522
658
179
152
2192
435
239
55
84
88
619
338
356
83
1136
1042
248
73
373
59
356
119
60
691
90
104
116
278
41
236
30
10056
619
624
123
51
172
159
176
107
60
138
56
411
138
988
223
650
622
88
246
856
189
114
1912
92
197
13
319
198
88
444
1024
179
109
773
157
183
26
76
42
106
55
25
3
233
2453
248
93
58
831
113
1425
508
324
110
452
309
107
168
22
11
105
305
570
233
2155
185
143
281
122
115
169
108
698
352
548
427
117
1298
117
281
460
707
35
72
267
642
317
629
184
236
505
408
32
182
214
252
240
132
2102
1087
34
309
188
119
565
204
8305
1006
267
326
572
98
759
226
377
220
11
448
43
120
241
126
717
289
190
240
72
108
554
205
189
316
55
1150
96
81
136
140
105
787
605
461
208
261
257
286
134
156
231
29
116
83
138
157
1258
232
158
28
48
861
572
144
177
101
60
45
658
11
274
158
138
384
236
26
49
222
462
508
820
279
129
635
363
652
380
810
31
157
414
880
62
18897
130
105
1243
524
68
315
83
209
444
40
30436
34
1457
613
441
172
105
206
137
297
871
63
217
244
822
927
586
53
133
129
141
125
231
170
108
463
140
321
97
381
142
249
167
895
461
27
131
138
8208
339
259
1
925
112
84
51
1144
244
255
3614
226
198
417
93
50
255
81
53
289
102
283
619
36
192
122
989
101
50
1
118
388
35
178
455
139
422
212
200
536
43
615
60
517
121
26
591
121
247
64
645
85
1346
83
95
465
52
393
408
210
668
83
40
466
84
110
104
197
884
998
17
137
562
146
265
302
107
954
171
40
156
280
361
181
37
92
353
153
193
328
481
102
1258
896
1014
34
53
497
964
340
195
91
158
1055
39
147
131
57
142
135
87
249
222
134
46
220
98
154
58
51
260
473
31
216
281
68
118
586
35
71
40
159
115
55
835
31
102
32
336
184
37
625
347
964
10
261
1074
468
310
148
125
172
62
60
943
767
120
137
277
239
43
203
224
755
238
807
904
369
119
11
239
281
86
434
265
909
190
299
209
48
363
74
270
158
265
778
216
203
72
753
272
115
164
255
28
323
186
133
87
322
114
81
169
135
170
51
105
281
99
242
568
371
882
1320
163
127
269
141
88
553
852
235
166
82
134
24
118
676
371
19
476
4645
115
184
234
343
1836
531
176
115
804
796
169
176
307
465
132
199
100
554
169
57
144
603
189
179
276
84
68
409
422
140
10
646
182
77
76
167
1220
176
57
170
168
282
166
303
223
195
85
227
1006
624
206
298
670
197
276
88
650
123
87
294
188
419
95
53
174
167
274
1286
22
293
43
62
89
241
192
903
898
42
311
206
230
156
226
85
493
643
41
919
344
249
952
157
107
891
19
154
180
137
1706
29
862
123
100
41
50
177
130
36
19
17
224
349
128
569
158
446
30
41
201
209
597
269
936
67
204
160
666
40
146
125
698
45
144
448
32
38
11
207
8
4152
105
145
312
112
291
60
134
1087
173
1673
108
619
260
523
159
258
362
36
51
1205
48
64
40
25
49
218
532
143
193
57
546
520
8
254
15
211
8
150
113
119
87
171
209
391
48
285
331
46
756
65
130
175
112
814
256
70
905
973
161
492
112
300
225
168
50
986
128
143
2172
132
142
167
158
455
141
185
529
42
146
364
2601
347
63
21
256
63
321
234
73
589
173
136
102
50
311
85
23
1137
185
100
66
93
1041
53
1279
74
190
95
315
274
45
158
766
385
124
406
135
185
626
215
876
456
1451
256
184
482
402
688
201
259
163
411
898
97
89
220
75
194
224
65
5690
1193
178
590
182
119
124
110
172
103
106
624
98
110
1016
346
94
376
496
270
340
103
160
512
215
106
109
474
473
61
688
190
1331
78
2820
348
52
254
205
108
267
108
47
138
162
120
159
45
118
87
203
113
238
809
263
260
153
551
133
138
116
303
46
4019
124
378
304
188
167
81
67
172
196
141
380
99
28
302
94
72
322
32
258
188
144
285
81
284
921
63
107
502
171
783
40
70
140
34
142
1102
805
117
272
97
128
166
87
113
128
836
264
255
282
34
675
497
787
176
109
234
52
693
402
245
228
387
1756
199
186
287
55
127
345
286
381
406
80
140
708
58
55
146
65
741
152
94
128
59
102
307
1929
476
211
193
37
101
218
67
13
67
732
2256
271
81
153
489
114
68
105
1046
426
486
723
251
4683
457
503
1672
85
273
79
204
28
361
287
618
170
328
239
251
65
246
659
201
580
73
167
244
182
553
114
264
227
109
88
121
38
1338
585
985
949
183
135
146
1012
208
564
88
206
3704
121
539
184
356
620
190
1009
136
83
58
77
249
89
4402
255
129
200
197
65
105
135
75
26
282
316
668
95
319
31
148
1963
136
206
139
480
913
167
1078
880
43
221
84
148
1045
143
116
379
191
180
65
55
594
68
358
138
412
916
256
340
674
16
178
328
352
59
163
292
1119
31
179
206
207
52
52
123
147
160
150
143
52
141
138
184
262
993
124
559
106
121
114
1148
33
1110
50
544
41
301
1099
746
103
233
191
254
222
84
179
796
910
72
1710
204
293
163
90
140
145
205
268
61
65
95
284
110
334
1083
127
391
154
48
995
167
387
205
164
56
46
198
82
52
184
99
10
47
596
240
423
242
206
252
97
120
212
92
493
534
284
926
308
598
1251
240
1020
104
245
37
34
41
463
485
178
835
171
1136
730
1041
392
37
385
59
58
39
498
158
837
725
110
344
93
316
400
330
105
129
453
134
57
51
239
931
51
68
398
99
246
285
258
169
262
211
45
30
550
27
254
79
183
186
64
261
182
27
104
405
513
219
181
667
2238
328
337
213
597
74
59
290
547
482
5127
1023
405
141
116
137
1064
129
135
193
48
309
106
69
105
121
95
130
360
338
143
601
254
266
10789
316
185
294
311
105
484
349
290
225
305
306
73
351
427
326
282
31
220
12652
93
209
36
198
42
468
198
587
36
221
2885
133
183
560
507
409
1090
4930
29
382
778
458
439
126
246
79
58
60
156
65
486
393
1389
516
341
237
1439
1228
493
4114
193
669
154
331
376
95
1791
80
137
249
364
191
190
737
124
160
359
438
234
100
109
293
524
239
192
179
104
396
171
176
152
153
110
139
594
272
150
118
599
160
50
282
54
429
852
146
226
413
523
53
207
229
1005
10
265
571
192
11
172
192
101
246
569
259
309
427
121
1048
235
113
35
678
404
125
260
173
200
1
252
793
84
507
125
810
20
56
607
67
52
137
257
61
14
119
180
130
53
261
49
85
106
2186
828
177
1028
295
202
266
80
335
329
88
458
51
185
106
53
56
109
313
263
359
57
248
198
362
1778
237
507
165
207
487
159
15
144
278
128
224
446
218
266
207
182
998
735
89
229
586
214
132
184
39
344
273
1097
271
132
223
272
312
169
518
132
23
592
556
108
886
101
352
631
297
1101
964
103
237
162
280
65
173
134
662
94
218
213
181
124
6133
52
173
779
624
89
74
848
230
26
269
22
37
528
553
153
149
46
134
273
490
9
9
541
153
994
120
331
8
150
7
133
152
16
226
406
21
80
523
130
1239
75
91
426
636
101
223
1030
59
155
293
532
179
18
127
631
667
279
305
72
204
534
89
306
219
165
870
80
222
267
265
327
236
144
828
850
711
305
706
162
117
241
102
305
213
493
202
677
148
869
243
200
263
204
214
1866
414
206
456
306
227
186
534
471
1048
185
857
652
295
354
606
160
565
536
68
134
226
1146
30
188
291
58
167
1003
455
23
211
137
110
81
60
549
649
270
78
265
69
168
92
310
285
535
238
138
104
312
730
61
416
420
432
78
61
371
285
586
370
518
65
83
164
1212
54
25
32
168
85
663
28
217
464
88
86
159
9
176
466
640
281
82
119
270
382
282
668
100
204
219
213
67
444
237
140
63
327
165
265
277
714
1009
225
233
535
51
211
235
649
108
334
246
73
634
165
264
173
280
656
81
138
97
69
34
1359
190
195
149
905
77
159
157
62
28
371
193
250
249
276
436
219
272
121
200
235
47
2564
183
140
27
416
822
133
88
164
203
110
404
221
98
246
188
87
117
202
481
218
191
297
94
72
16
120
203
179
2297
248
180
163
226
189
213
166
124
134
173
94
150
325
27
103
397
253
199
92
878
264
66
969
302
292
609
400
170
97
206
108
529
746
293
2315
1252
202
288
156
236
145
166
587
77
636
25
623
316
143
194
69
516
703
409
118
330
165
147
110
148
40
338
946
289
312
967
90
186
204
326
992
103
277
124
407
722
83
244
292
950
208
796
170
591
844
63
760
984
242
329
42
138
565
302
77
873
732
274
640
108
11
294
143
1
365
212
109
8
352
69
831
131
49
971
99
11
289
537
50
343
185
398
82
471
462
258
126
627
380
515
178
290
51
245
53
83
216
155
423
290
205
796
90
925
179
672
265
528
120
216
280
122
105
150
966
28
42
419
41
348
289
2082
192
23
75
182
258
167
212
61
108
1131
50
83
224
208
995
26
297
265
121
854
627
195
335
400
155
317
268
485
233
126
186
3369
1137
207
240
376
436
141
911
2889
163
905
108
773
330
555
2582
581
168
987
242
49
134
86
232
3751
444
60
96
855
245
750
50
54
393
219
326
90
135
234
221
36
102
98
36
632
577
505
107
160
78
676
184
135
129
127
282
315
233
230
379
105
227
441
265
102
278
110
170
648
37
1003
390
698
120
16
14
378
73
35
83
364
527
540
80
112
74
304
266
102
267
30
414
253
165
135
547
206
219
299
68
579
941
540
497
29
244
113
646
583
205
335
104
238
134
846
340
639
288
141
299
578
43
43
102
978
214
217
133
289
952
172
260
196
215
692
93
170
203
359
272
85
187
710
512
655
216
24
71
105
147
616
121
270
109
112
337
86
83
81
51
367
305
315
152
245
102
8304
534
291
419
801
669
98
887
486
1494
182
365
109
991
288
623
44
2572
137
25
51
584
28
223
259
237
875
442
76
394
104
36
323
142
485
430
391
108
228
217
78
455
388
61
798
152
403
269
32
463
103
214
222
327
5283
15
497
281
429
403
183
91
14
107
119
66
266
156
160
540
199
513
264
86
144
1659
1707
196
186
1074
433
257
326
924
458
216
159
259
194
373
105
163
72
108
97
122
673
215
121
146
463
349
641
111
820
273
369
269
472
136
174
1099
40
100
171
490
579
265
48
284
483
213
4054
122
680
434
160
540
132
590
345
81
146
455
170
499
290
52
48
379
48
384
344
85
66
35
200
50
39
520
329
103
308
625
149
59
131
111
21
70
74
225
68
751
848
146
110
196
115
83
70
195
205
37
309
855
806
456
206
622
347
1
242
1642
1416
45
69
37
183
84
68
683
396
870
228
397
302
143
243
1010
328
75
104
81
15
158
132
484
109
1183
252
177
25
150
78
117
365
157
408
72
75
237
110
92
620
333
742
127
30
553
142
46
318
203
985
140
352
373
152
556
195
193
794
129
69
174
189
98
605
414
1043
61
94
132
1559
1335
520
221
1084
127
161
892
99
306
498
78
285
284
237
277
71
929
130
209
131
797
319
86
183
623
113
37
330
56
346
37
606
64
110
581
101
118
220
692
121
296
161
92
208
289
212
1030
220
717
49
1166
79
308
41
1855
36
253
10
120
140
86
106
122
430
214
157
11
478
67
884
114
408
130
854
508
526
223
320
515
306
722
152
261
49
1152
183
220
144
148
214
131
10
108
579
131
108
494
93
6069
150
787
93
709
199
163
483
45
124
149
10
41
798
133
510
420
138
47
637
147
829
136
46
112
126
293
84
173
716
185
209
431
895
962
115
587
572
123
10
194
60
18
464
293
534
449
11
124
11
121
260
1065
230
12
282
1090
753
34
113
130
301
77
59
674
937
130
265
160
885
483
12
374
198
227
863
598
148
981
59
292
556
121
229
657
153
105
145
282
45
589
381
935
242
160
38
398
559
694
321
1446
503
147
277
64
135
729
49
95
39
592
318
142
427
141
415
261
140
120
309
228
46
128
766
247
73
147
91
122
232
82
3898
84
349
279
141
228
55
841
392
26
43
401
328
93
506
167
694
326
348
41
177
515
801
510
364
332
470
252
461
135
631
571
176
122
142
390
2553
219
743
28
93
158
218
49
116
564
37
176
794
38
407
41
105
259
114
194
473
605
53
294
39
11
89
199
191
113
660
326
46
129
66
168
574
302
223
121
579
194
312
182
243
507
454
55
616
825
214
123
318
152
211
421
173
86
264
63
161
138
359
227
36
75
320
32
87
250
589
634
138
218
158
609
150
81
153
197
28
187
812
117
186
25
146
245
313
31
206
555
223
377
369
215
74
375
8
176
50
504
455
334
482
1246
395
79
328
149
1403
181
109
239
572
184
65
843
58
141
188
267
10
151
406
256
88
165
56
153
189
562
110
1091
288
19
189
442
154
261
594
81
1961
39
138
534
668
53
260
219
295
36
368
418
129
485
65
1316
237
786
492
283
42
141
52
46
180
151
251
952
157
1020
394
297
258
406
245
252
81
380
286
89
199
165
112
2081
163
97
262
605
361
120
427
710
84
710
82
177
295
260
554
124
222
317
343
433
331
63
288
649
371
170
463
164
92
135
81
204
191
68
55
592
58
256
533
142
65
142
220
278
426
326
102
139
19738
505
227
106
270
114
350
69
41
31
47
109
197
250
208
212
301
246
656
337
112
571
403
199
19
335
14
279
335
95
101
15
525
18
236
8
487
271
765
508
222
326
24
1651
938
174
225
294
445
21
119
249
220
293
171
40
290
174
384
338
278
97
118
134
358
126
280
187
21
221
1420
81
282
309
280
391
249
474
164
279
48
238
260
1106
181
216
172
543
1
35
31
215
101
73
117
272
120
648
88
304
189
200
310
205
423
379
324
34
13
105
348
292
173
2093
131
175
233
127
214
149
147
135
125
598
220
174
283
288
39
451
33
9
36
282
318
87
207
1043
14
415
90
200
58
60
305
41
47
43
150
898
37
256
271
298
234
251
20
246
377
295
109
353
802
408
703
132
245
71
167
433
33
187
185
235
238
1002
863
873
608
255
265
266
334
117
50
265
193
131
123
99
158
51
229
281
249
166
60
87
217
259
163
235
379
313
245
153
143
104
14
401
230
146
641
14
561
107
14
419
514
249
191
124
45
120
197
290
25
104
1022
192
13
258
330
236
85
853
736
244
26
289
174
176
150
383
334
128
232
171
830
121
762
13
77
122
29
281
257
260
87
128
363
176
202
632
208
60
205
252
35
250
66
1069
288
884
694
90
140
187
400
247
86
111
597
288
132
90
358
915
117
1064
210
54
164
314
172
240
147
232
587
515
62
478
7
292
93
366
648
513
236
273
875
258
424
94
108
216
93
108
365
11
472
154
107
29
390
432
17
152
331
176
145
149
80
157
541
129
49
269
162
160
175
123
60
130
935
385
212
341
37
13
92
218
121
264
156
210
51
76
149
174
130
67
187
182
115
987
30
297
110
651
260
197
842
103
29
3083
1351
38
135
346
335
220
289
470
97
487
105
207
118
310
564
265
183
27
1269
905
123
290
176
208
242
192
245
79
251
115
347
197
35
1143
128
138
254
86
495
434
835
66
173
132
135
31
22
140
1273
325
490
123
123
144
49
299
44
404
285
145
298
32
522
488
600
318
353
253
365
104
435
12
160
148
638
1353
337
315
470
36
1336
324
207
330
730
284
255
37
346
201
446
300
151
56
508
672
661
520
75
157
498
140
82
247
233
101
679
9
37
190
181
217
366
404
134
22
232
133
258
49864
153
1180
103
170
877
113
201
212
138
15
1120
469
114
190
551
599
403
62
137
223
256
150
51
169
671
146
330
38
10
105
127
68
366
857
103
130
889
800
198
163
65
104
139
40
498
194
848
118
133
168
358
98
264
1163
84
298
109
181
437
202
247
212
101
165
139
63
562
108
204
127
304
439
487
286
101
585
1070
199
241
233
905
138
24
98
102
139
369
190
128
96
301
649
35
2007
118
166
131
125
533
152
226
69
168
253
131
1003
775
190
291
321
29
321
177
2869
119
288
95
597
232
69
182
269
833
96
72
182
192
65
211
80
890
89
129
159
423
267
597
356
791
324
177
350
296
41
94
245
27
972
910
145
318
170
234
101
531
155
45
555
557
166
101
116
17
117
906
410
407
165
101
115
626
2118
306
254
148
274
176
598
378
201
211
66
108
430
1574
8283
167
71
184
466
232
265
385
389
279
222
310
385
371
414
901
237
238
143
949
2365
1971
131
335
133
98
82
128
116
166
70
243
116
112
457
108
114
41
342
229
674
42
387
119
213
309
89
162
444
906
752
543
113
170
1411
824
169
197
189
161
338
99
17
125
119
131
502
587
604
150
158
639
139
250
291
429
474
370
129
107
256
23
41
339
264
338
130
288
1160
227
90
158
280
1289
358
778
796
114
40
185
288
191
131
123
512
454
63
81
381
42
167
139
6248
118
30
156
426
1037
121
524
531
67
190
74
62
272
212
542
286
700
491
456
333
169
394
126
99
232
268
306
164
365
107
590
48
145
377
186
853
145
290
497
200
1150
677
414
97
413
397
69
493
212
654
367
512
91
259
183
29
62
155
258
138
247
356
304
263
101
342
276
133
253
1544
149
165
700
98
143
117
584
148
52
2249
172
281
141
766
268
59
236
401
99
1314
142
349
839
134
306
763
259
834
825
101
403
33
1020
59
610
54
236
219
724
871
713
71
493
870
434
101
567
330
567
679
14
171
42
102
145
135
411
7964
163
43
202
199
183
95
11
262
1037
283
41
256
372
15
68
1154
292
174
103
78
97
1122
342
308
186
456
238
428
433
105
153
464
79
199
1149
105
660
136
935
327
574
130
111
69
385
158
205
205
297
81
246
298
594
37
166
426
733
162
202
933
27
205
171
489
966
119
747
364
106
89
194
104
54
85
87
435
287
244
816
57
32
215
238
151
2125
128
670
26
248
300
277
51
48
940
106
127
15612
236
342
330
109
604
56
146
162
296
71
755
597
55
654
90
2382
74
206
372
2123
38
293
420
72
505
359
342
421
312
323
329
952
720
4737
99
107
30
611
247
150
526
414
301
499
213
230
736
464
137
58
257
897
607
104
528
67
134
381
145
71
245
630
208
45277
211
306
387
766
523
392
318
133
3883
22
92
362
120
125
127
484
168
167
146
98
298
201
65
49351
674
186
844
1009
143
289
382
626
1223
302
295
1058
280
369
152
158
128
288
31
399
295
194
98
10
55
111
1107
138
305
211
664
729
88
506
27
50
74
193
204
146
1047
97
81
609
661
2878
312
366
181
1097
953
102
268
260
592
154
613
112
310
427
73
732
136
37
257
345
289
53
992
177
301
23
121
258
728
263
1105
102
486
113
710
13
343
242
248
111
269
177
878
146
229
40
155
443
231
121
325
72
103
335
197
331
106
307
254
6744
452
441
263
501
434
142
1349
131
394
970
647
490
99
962
121
41
300
228
154
155
177
557
892
8779
203
110
172
181
241
249
125
118
149
296
77
157
234
318
297
583
342
583
52
27
141
142
175
156
252
2420
230
138
108
1020
433
150
38
308
292
194
542
124
270
309
49
525
565
140
350
422
70
1090
136
119
117
328
391
383
658
121
672
95
141
57
280
209
226
154
929
1561
714
384
79
257
341
279
