308
98
287
291
653
35
959
1763
1
850
8
219
1
329
239
586
836
394
442
603
177
620
100
504
277
196
219
44
198
61
266
471
198
142
8
266
276
244
58
408
4
172
65
1411
331
397
63
468
467
790
373
386
46
182
217
6
1
10
267
187
6
7
21
711
977
554
276
453
263
368
227
751
244
153
737
7
49
474
395
68
239
1
120
401
236
74
997
103
552
53
284
322
373
2073
240
75
249
802
89
345
172
567
1
380
379
477
565
40
442
290
285
231
537
73
17
542
11
385
208
7
1562
211
512
200
560
1286
507
292
290
525
570
5398
36
925
206
158
356
354
331
256
228
131
194
12
393
213
287
322
175
1
468
341
154
165
425
285
57
924
725
304
200
185
784
288
535
55
255
394
255
263
255
221
484
3
634
192
388
306
85
752
61
358
318
216
264
266
373
495
44
614
328
62
969
14
63
293
245
710
294
172
266
730
313
166
387
370
232
3077
260
178
150
138
1340
382
361
153
541
317
1
560
290
773
270
526
228
78
425
409
992
363
5786
244
374
279
367
367
74
236
215
757
484
11
1147
40
180
538
347
157
82
82
1
59
300
510
332
333
266
72
140
184
348
7
13
344
282
297
220
211
156
887
1163
187
194
757
87
734
1023
235
111
534
86
385
181
623
279
243
571
140
60
364
256
644
725
1
386
373
377
394
202
464
3944
314
361
430
350
100
76
495
55
132
5
344
2828
357
466
233
365
47
50
578
170
815
497
692
68
465
253
352
596
189
184
109
247
130
173
731
1
671
1
97
204
8
728
466
893
226
7
21
1712
281
251
186
112
227
246
1089
367
254
180
41
1398
75
234
347
584
676
1148
508
146
824
664
183
468
205
209
335
69
618
99
202
115
203
308
50
312
9
76
178
1
270
156
869
428
185
62
134
110
77
440
193
6
237
40
16
332
135
9
116
591
7
1226
68
63
159
272
549
849
191
266
206
8
205
414
79
384
448
174
329
440
27
283
20
82
496
453
267
904
913
271
810
539
94
554
115
60
27
421
346
592
349
180
563
118
276
295
914
385
753
1246
109
105
209
651
205
335
212
305
1
472
702
87
259
1
431
95
238
807
361
522
375
1890
535
253
328
647
445
251
52
256
288
7
263
674
776
615
433
217
274
368
195
27
270
170
199
1636
6
1
283
645
202
535
431
220
259
277
13
20
178
10
913
480
221
280
234
532
10
334
546
212
397
17
212
428
292
337
365
364
415
11310
83
224
77
122
296
259
631
308
12
79
646
417
287
1235
302
483
622
1480
5
680
570
266
1025
2354
183
533
433
214
374
261
1793
198
378
12
739
533
622
289
346
9
594
160
236
283
308
539
98
365
312
557
167
381
250
349
555
208
1
737
304
1877
331
290
489
625
197
425
337
432
32
11
644
455
1
217
511
294
178
707
359
645
3106
873
1
754
604
654
610
58
478
10
563
847
8285
281
348
536
144
958
1124
214
182
695
325
1390
234
275
350
721
3200
250
420
795
700
342
293
10
1
1
468
918
906
270
236
382
307
451
1031
313
875
747
689
337
593
704
362
411
902
1049
636
574
330
1
303
260
742
144
1065
430
352
250
254
299
19143
2
14997
322
746
224
623
230
580
190
1662
294
685
3962
222
10249
625
307
543
284
296
305
690
998
101
782
413
4
307
348
220
504
363
574
89
305
62
156
578
250
313
1
643
311
255
556
1431
370
594
929
305
675
370
359
33
835
186
598
8
236
354
51
458
299
61
945
437
11235
679
264
299
377
217
570
263
689
537
593
775
268
116
282
277
1
348
809
243
277
292
180
252
255
275
336
865
883
10
364
262
410
4611
793
327
279
50
178
340
1408
335
83
477
351
460
332
683
583
801
446
7
1143
415
942
410
195
222
282
292
205
256
319
480
1064
460
423
307
1
387
1620
487
296
357
308
6
218
618
294
57
998
700
409
214
549
175
312
487
852
610
677
784
453
230
566
256
264
608
607
667
409
362
240
1173
606
580
258
611
338
698
196
701
514
645
263
1692
507
1120
158
586
207
134
5
229
311
412
924
214
362
1
212
281
216
240
319
263
570
249
319
213
194
272
766
1054
11
626
33
228
195
320
379
334
49
296
556
293
227
233
163
525
10789
317
143
331
428
310
272
255
4
238
237
69
534
325
12
162
1
442
564
362
883
239
568
596
113
250
153
24
423
405
1388
580
10
759
310
566
2518
30
291
495
522
134
367
515
445
11
617
407
156
209
57
284
343
46
247
546
394
272
722
330
233
539
138
86
491
55
395
1
59
628
653
283
257
1612
245
978
363
152
244
432
67
195
587
487
450
782
330
185
137
303
414
162
264
579
99
22
255
22
260
19
94
169
234
144
115
1352
59
145
3
3
429
302
291
222
222
414
87
225
198
71
742
1126
305
208
463
84
551
236
260
248
1
184
520
203
12
1
107
281
34
11
57
467
79
6
221
257
598
128
340
8231
575
329
418
340
199
258
62
498
277
189
109
2273
391
347
719
217
1
316
203
182
211
241
181
253
333
230
564
247
488
2268
271
457
5
198
278
272
60
776
825
395
439
40
13
81
493
203
264
737
345
465
490
454
346
82
295
256
193
744
268
508
537
316
437
149
427
429
2386
224
185
700
180
369
376
39
106
55
290
261
264
743
372
227
18
19
51
10633
248
426
330
89
213
605
244
20
456
51
197
391
597
481
82
207
47
313
621
32
250
216
128
177
93
29
340
348
5744
789
10
947
203
829
252
158
60
75
844
211
300
666
542
68
76
182
492
50
85
777
36
269
45
390
1
167
408
369
414
119
245
1
84
227
215
673
66
133
42
9
626
374
280
688
407
340
432
392
84
1
298
16
112
363
8
50
335
351
166
214
148
1131
305
597
207
390
19
113
649
1023
1
10664
302
106
69
491
917
199
38
288
534
120
88
867
234
61
1303
408
526
234
356
1053
109
245
101
2209
145
7
229
6
906
108
453
68
500
229
299
283
247
231
168
192
11
6
800
230
243
529
966
224
508
216
114
374
34
63
896
78
