0.9999999999999999
2.151887101844231
3.301531072621044
4.448931912330438
5.594089620972414
6.737004198546971
7.87767564505411
9.016103960493831
10.152289144866131
11.286231198171015
12.417930120408478
13.547385911578525
14.67459857168115
15.799568100716357
16.922294498684145
18.042777765584518
19.16101790141747
20.277014906183002
21.390768779881117
22.502279522511813
23.61154713407509
24.718571614570948
25.823352963999387
26.92589118236041
28.026186269654016
29.1242382258802
30.22004705103897
31.31361274513032
32.40493530815425
33.494014740110764
34.58085104099986
35.66544421082153
36.74779424957579
37.82790115726263
38.90576493388205
39.981385579434054
41.05476309391863
42.1258974773358
43.19478872968554
44.26143685096786
45.32584184118278
46.388003700330266
47.44792242841034
48.50559802542299
49.56103049136823
50.614219826246035
51.66516603005643
52.7138691027994
53.76032904447496
54.80454585508309
55.84651953462381
56.88625008309711
57.92373750050299
58.95898178684145
59.99198294211249
61.022740966316114
62.051255859452326
63.07752762152111
64.10155625252249
65.12334175245643
66.14288412132295
67.16018335912206
68.17523946585376
69.18805244151804
70.1986222861149
71.20694899964434
72.21303258210635
73.21687303350096
74.21847035382814
75.2178245430879
76.21493560128025
77.20980352840519
78.20242832446269
79.19280998945277
80.18094852337545
81.1668439262307
82.15049619801853
83.13190533873895
84.11107134839195
85.08799422697753
86.06267397449568
87.03511059094643
88.00530407632975
88.97325443064565
89.93896165389414
90.90242574607521
91.86364670718885
92.8226245372351
93.7793592362139
94.73385080412528
95.68609924096927
96.63610454674583
97.58386672145495
98.52938576509666
99.47266167767098
100.41369445917786
101.35248410961732
102.28903062898937
103.223334017294
104.15539427453119
105.085211400701
106.01278539580336
106.93811625983831
107.86120399280586
108.78204859470596
109.70065006553865
110.61700840530393
111.53112361400179
112.44299569163222
113.35262463819524
114.26001045369085
115.16515313811904
116.0680526914798
116.96870911377314
117.86712240499908
118.7632925651576
119.65721959424867
120.54890349227236
121.43834425922861
122.32554189511744
123.21049639993886
124.09320777369287
124.97367601637943
125.8519011279986
126.72788310855036
127.60162195803466
128.47311767645158
129.3423702638011
130.20937972008312
131.0741460452978
131.93666923944502
132.7969493025248
133.65498623453723
134.51078003548218
135.36433070535975
136.2156382441699
137.0647026519126
137.9115239285879
138.7561020741958
139.59843708873626
140.4385289722093
141.27637772461495
142.11198334595312
142.94534583622394
143.7764651954273
144.60534142356323
145.4319745206318
146.25636448663292
147.0785113215666
147.89841502543288
148.71607559823175
149.53149303996318
150.34466735062722
151.1555985302238
151.964286578753
152.77073149621478
153.57493328260912
154.37689193793602
155.17660746219556
155.97407985538766
156.7693091175123
157.56229524856957
158.35303824855944
159.14153811748184
159.92779485533683
160.7118084621244
161.49357893784457
162.27310628249734
163.05039049608263
163.82543157860056
164.59822953005104
165.3687843504341
166.13709603974976
166.903164597998
167.6669900251788
168.42857232129222
169.18791148633818
169.94500752031672
170.69986042322788
171.4524701950716
172.2028368358479
172.95096034555684
173.6968407241983
174.44047797177234
175.18187208827902
175.92102307371823
176.65793092809002
177.3925956513944
178.1250172436314
178.85519570480093
179.5831310349031
180.3088232339378
181.0322723019051
181.75347823880495
182.47244104463743
183.18916071940245
183.90363726310005
184.61587067573026
185.32586095729306
186.0336081077884
186.73911212721634
187.4423730155769
188.14339077287
188.8421653990957
189.53869689425395
190.23298525834483
190.92503049136823
191.61483259332425
192.30239156421285
192.987707404034
193.67078011278778
194.3516096904741
195.03019613709304
195.70653945264453
196.38063963712864
197.0524966905453
197.72211061289454
198.38948140417637
199.05460906439077
199.71749359353777
200.37813499161732
201.0365332586295
201.69268839457422
202.34660039945155
202.99826927326143
203.6476950160039
204.294877627679
204.93981710828663
205.58251345782682
206.22296667629962
206.86117676370506
207.497143720043
208.13086754531355
208.76234823951665
209.39158580265234
210.01858023472067
210.64333153572156
211.265839705655
211.88610474452102
212.50412665231968
213.11990542905085
213.73344107471462
214.34473358931098
214.95378297283997
215.56058922530147
216.16515234669555
216.76747233702224
217.3675491962815
217.96538292447337
218.56097352159782
219.15432098765478
219.7454253226444
220.3342865265666
220.92090459942133
221.50527954120867
222.08741135192855
222.66730003158108
223.2449455801662
223.82034799768383
224.39350728413407
224.96442343951688
225.53309646383232
226.0995263570803
226.66371311926088
227.225656750374
227.78535725041976
228.34281461939807
228.89802885730896
229.4509999641524
230.00172793992846
230.55021278463715
231.09645449827835
231.64045308085213
232.18220853235852
232.72172085279752
233.25899004216905
233.79401610047316
234.32679902770985
234.8573388238792
235.38563548898105
235.91168902301547
236.43549942598253
236.9570666978821
237.47639083871434
237.9934718484791
238.50830972717645
239.02090447480637
239.53125609136896
240.03936457686405
240.54522993129171
241.04885215465197
241.55023124694486
242.04936720817028
242.54626003832826
243.04090973741884
243.53331630544199
244.0234797423978
244.51140004828613
244.997077223107
245.4805112668605
245.96170217954662
246.44064996116526
246.91735461171652
247.3918161312003
247.8640345196167
248.33400977696573
248.80174190324726
249.26723089846143
249.73047676260813
250.19147949568747
250.65023909769937
251.10675556864385
251.56102890852088
252.01305911733056
252.46284619507276
252.91039014174754
253.3556909573549
253.79874864189486
254.23956319536745
254.67813461777257
255.11446290911024
255.5485480693805
255.98039009858343
256.4099889967189
256.8373447637869
257.2624573997875
257.68532690472074
258.10595327858647
258.52433652138484
258.94047663311574
259.3543736137793
259.7660274633754
260.1754381819041
260.58260576936533
260.98753022575914
261.3902115510856
261.79064974534464
262.1888448085362
262.5847967406604
262.97850554171714
263.36997121170646
263.75919375062836
264.14617315848284
264.5309094352699
264.9134025809896
265.29365259564184
265.67165947922666
266.04742323174406
266.42094385319405
266.7922213435766
267.16125570289176
267.52804693113944
267.8925950283198
268.25489999443266
268.61496182947815
268.9727805334562
269.32835610636687
269.68168854821005
270.0327778589858
270.3816240386942
270.7282270873352
271.07258700490877
271.4147037914148
271.75457744685355
272.09220797122475
272.4275953645287
272.76073962676514
273.09164075793416
273.42029875803576
273.74671362707
274.07088536503676
274.3928139719361
274.71249944776804
275.02994179253255
275.34514100622965
275.65809708885934
275.96881004042154
276.2772798609164
276.5835065503438
276.8874901087039
277.18923053599644
277.48872783222157
277.7859819973794
278.0809930314697
278.37376093449257
278.6642857064481
278.9525673473362
279.2386058571568
279.52240123591
279.8039534835959
280.0832626002142
280.3603285857653
280.6351514402488
280.90773116366495
281.17806775601366
281.446161217295
281.7120115475089
281.97561874665536
282.2369828147344
282.496103751746
282.75298155769025
283.00761623256705
283.2600077763764
283.51015618911833
283.7580614707929
284.0037236214
284.2471426409397
284.488318529412
284.7272512868169
284.9639409131543
285.1983874084243
285.43059077262694
285.66055100576216
285.88826810782996
286.1137420788303
286.3369729187632
286.55796062762874
286.7767052054268
286.9932066521575
287.2074649678208
287.41948015241655
287.629252205945
287.836781128406
288.0420669197996
288.24510958012576
288.4459091093845
288.64446550757583
288.84077877469974
289.03484891075624
289.2266759157453
289.41625978966704
289.6036005325212
289.788698144308
289.97155262502736
290.1521639746794
290.33053219326393
290.5066572807811
290.6805392372308
290.8521780626131
291.02157375692803
291.1887263201755
291.3536357523555
291.51630205346817
291.67672522351336
291.83490526249113
291.9908421704015
292.14453594724455
292.29598659301996
292.4451941077281
292.59215849136876
292.7368797439421
292.879357865448
293.0195928558864
293.1575847152574
293.2933334435611
293.4268390407972
293.55810150696607
293.6871208420673
293.81389704610126
293.9384301190678
294.0607200609669
294.1807668717986
294.29857055156276
294.4141311002596
294.52744851788907
294.63852280445104
294.74735395994566
294.85394198437285
294.9582868777326
295.06038864002494
295.1602472712498
295.2578627714073
295.3532351404974
295.44636437852
295.5372504854753
295.625893461363
295.7122933061834
295.79645001993646
295.87836360262196
295.95803405424016
296.0354613747909
296.11064556427414
296.18358662269003
296.25428455003845
296.3227393463195
296.3889510115332
296.4529195456793
296.5146449487582
296.57412722076947
296.63136636171345
296.68636237159006
296.7391152503991
296.7896249981408
296.83789161481513
296.8839151004219
296.92769545496145
296.9692326784334
297.00852677083805
297.0455777321752
297.080385562445
297.11295026165016
297.59958055871493
298.0876036508392
298.5770195380229
299.0678282202662
299.560029697569
300.0536239699313
300.54861103735317
301.0449908998345
301.54276355737534
302.0419290099757
302.54248725763557
303.04443830035495
303.54778213813387
304.05251877097226
304.5586481988702
305.0661704218276
305.5750854398446
306.08539325292105
306.597093861057
307.1101872642525
307.6246734625075
308.140552455822
308.657824244196
309.1764888276295
309.6965462061226
310.2179963796751
310.74083934828724
311.26507511195877
311.7907036706899
312.31772502448047
312.8461391733306
313.37594611724023
313.90714585620935
314.43973839023795
314.97372371932613
315.5091018434738
316.04587276268103
316.58403647694774
317.12359298627393
317.6645422906597
318.2068843901049
318.7506192846097
319.2957469741739
319.84226745879766
320.390180738481
320.93948681322377
321.4901856830261
322.0422773478879
322.5957618078092
323.15063906279005
323.70690911283043
324.2645719579303
324.8236275980897
325.38407603330853
325.945917263587
326.5091512889249
327.07377810932235
327.63979772477927
328.20721013529567
328.7760153408717
329.3462133415071
329.91780413720215
330.4907877279567
331.06516411377066
331.64093329464424
332.21809527057724
332.7966500415698
333.3765976076219
333.9579379687334
334.5406711249045
335.1247970761351
335.7103158224253
336.2972273637748
336.88553170018395
337.47522883165266
338.0663187581808
338.6588014797685
339.25267699641563
339.84794530812235
340.44460641488854
341.04266031671426
341.6421070135995
342.24294650554424
342.8451787925485
343.4488038746123
344.05382175173554
344.66023242391833
345.26803589116065
345.87723215346244
346.4878212108238
347.0998030632446
347.71317771072495
348.32794515326486
348.94410539086425
349.5616584235231
350.18060425124156
350.8009428740194
351.4226742918569
352.0457985047538
352.67031551271043
353.5731037426267
354.48276750872947
355.3993068110183
356.32272164949336
357.25301202415426
358.1901779350019
359.1342193820358
360.0851363652557
361.0429288846617
362.0075969402542
362.97914053203317
363.9575596599982
364.9428543241495
365.93502452448683
366.9340702610107
367.93999153372056
368.95278834261694
369.97246068769937
370.99900856896807
372.03243198642326
373.0727309400645
374.1199054298918
375.17395545590534
376.2348810181054
377.3026821164917
378.3773587510643
379.45891092182296
380.5473386287681
381.6426418718993
382.74482065121697
383.8538749667207
384.96980481841047
386.09261020628696
387.2222911303495
388.3588475905983
389.5022795870332
390.6525871196543
391.80977018846147
392.97382879345537
394.1447629346353
395.32257261200175
396.50725782555423
397.698818575293
398.897254861218
400.10256668332954
401.3147540416269
402.53381693611027
403.7597553667804
404.99256933363654
406.23225883667897
407.4788238759079
408.73226445132286
409.99258056292433
411.25977221071184
412.53383939468563
413.81478211484523
415.10260037119156
416.39729416372415
417.6988634924428
419.00730835734794
420.32262875843935
421.6448246957166
422.9738961691803
424.30984317883053
425.65266572466635
427.0023638066889
428.3589374248977
429.7223865792928
431.09271126987414
432.46991149664154
433.85398725959544
435.2449385587354
436.6427653940618
438.04746776557386
439.4590456732724
440.87749911715764
442.30282809722894
443.7350326134865
445.1741126659301
446.62006825456024
448.0728993793766
449.53260604037905
450.9991882375675
452.4726459709425
453.95297924050374
455.4401880462515
456.93427238818526
458.4352322663053
459.9430676806114
461.4577786311038
462.97936511778266
464.50782714064735
466.04316469969854
467.5853777949362
469.13446642635995
470.69043059396995
472.2532702977662
473.82298553774876
475.3995763139176
476.9830426262588
477.88429054759035
478.77876858080754
479.666476725909
480.54741498289604
481.4215833517678
482.28898183252477
483.1496104251669
484.00346912969417
484.85055794610616
485.69087687440333
486.52442591458566
487.35120506665316
488.17121433060584
488.9844537064437
489.7909231941662
490.59062279377395
491.38355250526683
492.1697123286449
492.9491022639072
493.7217223110556
494.4875724700887
495.2466527410065
495.9989631238095
496.7445036184986
497.4832742250719
498.2152749435304
498.94050577387316
499.65896671610244
500.370657770216
501.0755789362147
501.7737302140986
502.4651116038672
503.14972310552184
503.8275647190603
504.4986364444849
505.1629382817937
505.82047023098767
506.4712322920668
507.1152244650316
507.7524467498815
508.3828991466153
509.00658165523555
509.6234942757401
510.23363700813024
510.83700985240466
511.43361280856425
512.023445876609
512.6065090565398
513.182802348354
513.7523257520766
514.844944157916
515.9515716909455
517.0722083511632
518.2068541385706
519.3555090531668
520.518173094953
521.694846263927
522.8855285600912
524.090219983445
525.308920533987
526.5416302117183
527.7883490166387
529.0490769487492
530.3238140080475
531.612560194536
532.915315508214
534.2320799490799
535.5628535171354
536.9076362123806
538.2664280348145
539.6392289844371
541.0260390612493
542.4268582652512
543.8416865964418
545.2705240548212
546.7133706403911
548.1702263531488
549.6410911930961
551.1259651602322
552.624848254558
554.1377404760724
555.6646418247765
557.2055523006702
558.7604719037527
560.3294006340229
561.9123384914838
563.5092854761342
565.1202415879725
566.7452068270013
568.3841811932189
570.0371646866251
571.7041573072202
573.3851590550057
575.0801699299791
576.7891899321421
578.5122190614948
580.2492573180361
582.0003047017663
583.765361212686
585.5444268507763
588.0066555045705
590.5091346145127
593.0518641806066
595.6348442028466
598.2580746812419
600.9215556157797
603.6252870064691
606.369268853312
609.153501156301
611.9779839154435
614.8427171307303
617.7477008021724
620.6929349297607
623.6784195134987
626.7041545533903
629.7701400494279
632.8763760016172
636.0228624099527
639.2095992744435
642.4365865950804
645.7038243718689
649.0113126048036
652.3590512938881
655.7470404391279
659.175280040512
662.6437700980496
666.1525106117351
669.7015015815705
673.2907430075538
676.9202348896906
680.5899772279754
684.2999700224082
688.0502132729926
691.8407069797249
695.6714511426107
699.5424457616427
703.4536908368282
707.405186368158
711.3969323556375
715.4289287992724
719.5011756990534
723.6136730549861
727.7664208670667
731.9594191352971
736.1926678596774
740.4661670402111
744.7799166768891
749.133916769717
753.5281673187001
757.9626683238675
761.0134458496595
764.0486317164796
767.0682259243367
770.0722284732219
773.0606393631442
776.0334585940946
778.990686166082
781.9323220790975
784.8583663331483
787.7688189282308
790.6636798643449
793.5429491414943
796.4066267596736
799.2547127188882
802.0872070191326
804.9041096604124
807.7054206427201
810.4911399660632
813.2612676304379
816.0158036358443
818.7547479822861
821.4781006697594
824.1858616982645
826.878031067803
829.554608778375
832.2155948299769
834.8609892226123
837.4907919562793
840.1050030309798
842.7036224467138
845.2866502034794
847.8540863012786
850.4059307401076
852.9421835199719
855.4628446408678
857.9679141027955
860.4573919057566
862.9312780497494
865.3895725347757
867.8322753608336
870.2593865279268
872.6709060360481
875.0668338852047
877.4471700753929
879.8119146066128
882.1610674788681
884.4946286921531
886.8125982464735
889.1149761418237
891.4017623785767
908.9313319656358
927.0436775412236
945.738799105311
965.0166966577526
984.877370198752
1005.3208197281638
1026.3470452461333
1047.9560467524861
1070.1478242473677
1092.9223777307488
1116.2797072025132
1140.2198126628064
1164.742694111541
1189.848351548775
1215.5367849744798
1241.807994388626
1268.6619797912717
1296.0987411823298
1324.1182785619167
1352.720591929945
1381.9056812864728
1411.6735466314713
1442.024187964911
1472.9576052868506
1504.4737985973188
1532.382726120777
1560.5521187269187
1588.9819764157437
1617.672299187223
1646.6230870413856
1675.8343399782025
1705.3060579977173
1735.0382410998864
1765.0308892847097
1795.2840025522455
1825.797580902421
1856.57162433528
1887.6061328508076
1918.9011064490187
1950.456545129884
1982.2724488934473
2014.3488177396648
2046.6856516685511
2079.282950680121
2112.140714774345
2145.258943951252
2178.6376382108137
2212.276797553044
2246.1764219779725
2280.3365114843473
2338.1736457694788
2398.072520498419
2460.0331356711686
2524.055491287727
2590.1395873478614
2658.2854238520376
2728.493000800023
2800.762318191817
2875.0933760275366
2951.4861743069487
3029.9407130301697
3110.4569921971997
3193.035011808155
3277.6747718626866
3364.37627236126
3453.1395133035257
3543.964494689717
3636.8512165196007
3731.79967879341
3828.8098815109115
3927.8818246723386
4029.0155082772253
4132.21093232627
4237.468096819008
4344.787001766264
5356.496081538498
6439.6767813414335
7594.329101137817
8820.45304095
10118.048600777984
11487.115780614316
12927.65458048135
14439.665000349283
16023.147040225565
17678.100700117648
19404.52598001808
21202.42287993431
23071.791399873793
25012.631539821625
27024.943299770355
29108.726679742336
31263.981679715216
33490.70829971135
35788.90653971583
38158.57639974356
40599.71787977964
43112.330979824066
45696.415699876845
48351.97203994542
