22.0
29.526231372681615
37.03728016405655
44.5331463741248
52.01383000288638
59.47933105034127
66.92964951648949
74.36478540133103
81.78473870486587
89.18950942709407
96.57909756801557
103.95350312763038
111.31272610593852
118.65676650293997
125.98562431863475
133.29929955302288
140.59779220610426
147.88110227787902
155.14922976834708
162.40217467750844
169.63993700536318
176.8625167519112
184.06991391715252
191.26212850108718
198.4391605037152
205.60100992503646
212.7476767650511
219.87916102375905
226.9954627011603
234.09658179725488
241.18251831204282
248.25327224552402
255.30884359769857
262.34923236856645
269.3744385581276
276.38446216638215
283.37930319333
290.3589616389711
297.32343750330557
304.2727307863334
311.2068414880545
318.12576960846894
325.02951514757666
331.91807810537773
338.7914584818721
345.6496562770599
352.49267149094084
359.32050412351515
366.13315417478276
372.9306216447438
379.71290653339804
386.48000884074565
393.23192856678656
399.9686657115208
406.69022027494833
413.39659225706924
420.0877816578834
426.76378847739096
433.4246127155918
440.070254372486
446.70071344807343
453.3159899423543
459.9160838553284
466.50099518699585
473.0707239373566
479.6252701064107
486.16463369415806
492.6888147005988
499.19781312573286
505.69162896956027
512.170262232081
518.6337129132949
525.0819810132023
531.5150665318029
537.932969469097
544.3356898250843
550.7232275997648
557.0955827931388
563.4527554052061
569.7947454359667
576.1215528854204
582.4331777535676
588.7296200404082
595.0108797459421
601.2769568701692
607.5278514130897
613.7635633747036
619.9840927550108
626.1894395540112
632.379603771705
638.5545854080921
644.7143844631726
650.8590009369461
656.9884348294133
663.1026861405737
669.2017548704276
675.2856410189746
681.354344586215
687.4078655721488
693.4462039767758
699.4693598000962
705.4773330421099
711.4701237028169
717.4477317822171
723.4101572803108
729.3574001970978
735.289460532578
741.2063382867517
747.1080334596186
752.9945460511789
758.8658760614325
764.7220234903793
770.5629883380195
776.388770604353
782.19937028938
787.9947873931001
793.7750219155137
799.5400738566204
805.2899432164205
811.024629994914
816.7441341921008
822.4484558079808
828.1375948425542
833.811551295821
839.4703251677811
845.1139164584343
850.7423251677811
856.3555512958211
861.9535948425545
867.536455807981
873.1041341921011
878.6566299949143
884.1939432164208
889.7160738566209
895.2230219155141
900.7147873931008
906.1913702893808
911.6527706043537
917.0989883380204
922.5300234903802
927.9458760614333
933.3465460511799
938.7320334596197
944.1023382867529
949.4574605325793
954.797400197099
960.1221572803122
965.4317317822184
970.7261237028183
976.0053330421114
981.2693598000978
986.5182039767774
991.7518655721505
996.9703445862169
1002.1736410189764
1007.3617548704294
1012.5346861405758
1017.6924348294154
1022.8350009369483
1027.9623844631747
1033.0745854080942
1038.171603771707
1043.2534395540133
1048.3200927550129
1053.3715633747058
1058.4078514130917
1063.4289568701713
1068.4348797459443
1073.4256200404102
1078.4011777535698
1083.3615528854225
1088.3067454359687
1093.236755405208
1098.1515827931407
1103.051227599767
1107.9356898250862
1112.804969469099
1117.659066531805
1122.4979810132045
1127.321712913297
1132.130262232083
1136.9236289695623
1141.7018131257348
1146.4648147006008
1151.2126336941599
1155.9452701064124
1160.6627239373584
1165.3649951869972
1170.0520838553298
1174.7239899423555
1179.3807134480746
1184.0222543724872
1188.6486127155931
1193.259788477392
1197.8557816578843
1202.43659225707
1207.0022202749492
1211.5526657115215
1216.087928566787
1220.6080088407462
1225.1129065333985
1229.602621644744
1234.077154174783
1238.536504123515
1242.9806714909407
1247.4096562770596
1251.823458481872
1256.2220781053775
1260.6055151475762
1264.9737696084685
1269.326841488054
1273.6647307863327
1277.9874375033048
1282.2949616389703
1286.587303193329
1290.8644621663814
1295.126438558127
1299.3732323685656
1303.6048435976977
1307.821272245523
1312.022518312042
1316.2085817972538
1320.3794627011591
1324.5351610237578
1328.67567676505
1332.801009925035
1336.9111605037137
1341.0061285010856
1345.085913917151
1349.1505167519097
1353.1999370053616
1357.2341746775066
1361.2532297683454
1365.2571022778773
1369.2457922061024
1373.2192995530208
1377.1776243186328
1381.1207665029378
1385.0487261059363
1388.9615031276285
1392.8590975680136
1396.741509427092
1400.6087387048638
1404.4607854013288
1408.2976495164874
1412.119331050339
1415.9258300028841
1419.7171463741224
1423.493280164054
1427.254231372679
1430.9999999999975
1434.7305860460092
1438.445989510714
1442.1462103941124
1445.831248696204
1449.501104416989
1453.1557775564672
1456.7952681146387
1460.4195760915036
1464.0287014870619
1467.6226443013134
1471.2014045342585
1474.7649821858963
1478.3133772562283
1481.846589745253
1485.3646196529712
1488.8674669793827
1492.3551317244874
1495.8276138882857
1499.284913470777
1502.7270304719618
1506.1539648918397
1509.565716730411
1512.9622859876758
1516.3436726636337
1519.7098767582856
1523.0608982716303
1526.3967372036682
1529.7173935543995
1533.0228673238241
1536.3131585119422
1539.5882671187533
1542.848193144258
1546.0929365884558
1549.3224974513473
1552.5368757329315
1555.7360714332094
1558.920084552181
1562.0889150898454
1565.242563046203
1568.3810284212543
1571.5043112149988
1574.6124114274367
1577.7053290585677
1580.7830641083922
1583.8456165769098
1586.8929864641211
1589.9251737700256
1592.9421784946232
1595.944000637914
1598.9306401998988
1601.9020971805762
1604.8583715799473
1607.7994633980115
1610.7253726347694
1613.6360992902205
1616.5316433643648
1619.4120048572022
1622.2771837687333
1625.1271800989575
1627.961993847875
1630.781625015486
1633.5860736017903
1636.3753396067877
1639.1494230304786
1641.9083238728626
1644.6520421339403
1647.3805778137112
1650.0939309121752
1652.7921014293327
1655.4750893651835
1658.1428947197278
1660.7955174929655
1663.4329576848963
1666.0552152955204
1668.6622903248376
1671.2541827728485
1673.8308926395525
1676.39241992495
1678.9387646290406
1681.4699267518245
1683.985906293302
1686.4867032534726
1688.9723176323364
1691.4427494298939
1693.8979986461443
1696.3380652810883
1698.7629493347254
1701.172650807056
1703.5671696980799
1705.9465060077973
1708.3106597362078
1710.6596308833116
1712.9934194491088
1715.3120254335993
1717.615448836783
1719.9036896586601
1722.1767478992306
1724.4346235584944
1726.6773166364515
1728.904827133102
1731.1171550484455
1733.3143003824828
1735.4962631352132
1737.6630433066366
1739.8146408967536
1741.9510559055643
1744.0722883330677
1746.1783381792648
1748.269205444155
1750.3448901277388
1752.4053922300157
1754.4507117509859
1756.4808486906495
1758.4958030490066
1760.4955748260568
1762.4801640218002
1764.449570636237
1766.4037946693672
1768.3428361211909
1770.2666949917082
1772.1753712809184
1774.0688649888218
1775.9471761154184
1777.8103046607087
1779.658250624692
1781.4910140073687
1783.3085948087387
1785.1109930288023
1786.8982086675592
1788.6702417250092
1790.4270922011524
1792.168760095989
1793.895245409519
1795.6065481417425
1797.302668292659
1798.983605862269
1800.6493608505723
1802.299933257569
1803.935323083259
1805.5555303276421
1807.1605549907185
1808.7503970724886
1810.3250565729518
1811.8845334921084
1813.4288278299582
1814.9579395865014
1816.4718687617378
1817.9706153556676
1819.4541793682909
1820.9225607996073
1822.3757596496168
1823.8137759183203
1825.2366096057167
1826.6442607118063
1828.0367292365893
1829.4140151800657
1830.7761185422355
1832.1230393230983
1833.4547775226547
1834.7713331409045
1836.0727061778475
1837.358896633484
1838.6299045078135
1839.8857298008363
1841.1263725125525
1842.351832642962
1843.5621101920656
1844.757205159862
1845.9371175463514
1847.1018473515344
1848.2513945754104
1849.38575921798
1850.5049412792428
1851.608940759199
1852.6977576578483
1853.7713919751911
1854.8298437112273
1855.873112865957
1856.9011994393795
1857.9141034314957
1858.911824842305
1859.8943636718077
1860.8617199200037
1861.813893586893
1862.7508846724759
1863.6726931767519
1864.5793190997213
1865.4707624413838
1866.3470232017398
1867.208101380789
1868.0539969785316
1868.8847099949676
1869.700240430097
1870.5005882839196
1871.2857535564353
1872.0557362476445
1872.810536357547
1873.5501538861429
1874.274588833432
1874.9838411994144
1875.6779109840907
1876.3567981874596
1877.0205028095222
1877.669024850278
1878.302364309727
1878.9205211878693
1879.523495484705
1880.111287200234
1880.6838963344567
1881.2413228873725
1881.7835668589814
1882.3106282492836
1882.8225070582794
1883.3192032859683
1883.800716932351
1884.2670479974265
1884.7181964811957
1885.154162383658
1885.5749457048137
1885.9805464446624
1886.3709646032048
1886.7462001804402
1887.1062531763691
1887.4511235909913
1887.780811424307
1888.0953166763159
1888.394639347018
1888.6787794364134
1888.9477369445021
1889.2015118712843
1889.4401042167597
1889.6635139809284
1889.8717411637908
1890.0647857653462
1890.2426477855947
1890.405327224537
1890.552824082172
1890.6851383585008
1890.8022700535228
1890.9042191672381
1890.990985699647
1891.0625696507489
1891.0886683325243
1891.1189710205442
1891.1385450318758
1891.1601898090328
1891.1732391499202
1891.1862260162147
1891.1927506866584
1891.1970796420899
1893.2465560672993
1895.4069739459967
1897.5699219686098
1899.7354001351391
1901.9034084455843
1904.0739468999454
1906.2470154982227
1908.4226142404157
1910.6007431265248
1912.7814021565496
1914.9645913304905
1917.1503106483474
1919.3385601101202
1921.5293397158089
1923.7226494654135
1925.918489358934
1928.1168593963707
1930.3177595777233
1932.5211899029916
1934.727150372176
1936.9356409852765
1939.1466617422927
1941.360212643225
1943.576293688073
1945.7949048768373
1948.0160462095173
1950.2397176861134
1952.4659193066254
1954.6946510710534
1956.9259129793973
1959.159705031657
1961.3960272278327
1963.6348795679246
1965.8762620519321
1968.1201746798558
1970.3666174516952
1972.6155903674507
1974.8670934271224
1977.1211266307098
1979.377689978213
1981.6367834696325
1983.8984071049676
1986.1625608842187
1988.4292448073859
1990.698458874469
1992.970203085468
1995.244477440383
1997.521281939214
1999.8006165819609
2002.0824813686236
2004.3668762992024
2006.6538013736972
2008.943256592108
2011.2352419544343
2013.529757460677
2015.8268031108355
2018.1263789049099
2020.4284848429002
2022.7331209248066
2025.040287150629
2027.349983520367
2029.6622100340214
2031.9769666915913
2034.2942534930776
2036.6140704384795
2038.9364175277974
2041.2612947610314
2043.5887021381814
2045.918639659247
2048.2511073242285
2050.5861051331267
2052.9236330859403
2055.26369118267
2057.6062794233153
2059.9513978078767
2062.299046336354
2064.6492250087476
2067.0019338250568
2069.3571727852823
2071.7149418894232
2074.0752411374806
2076.4380705294534
2078.8034300653426
2081.1713197451477
2083.541739568869
2085.9146895365056
2088.2901696480585
2090.6681799035273
2093.048720302912
2095.4317908462126
2097.817391533429
2100.205522364562
2102.5961833396104
2104.989374458575
2107.3850957214554
2109.783347128252
2112.184128678964
2114.5874403735925
2116.9932822121364
2119.4016541945966
2122.325518567326
2125.2620707522124
2128.2113107492605
2131.1732385584683
2134.1478541798374
2137.1351576133666
2140.135148859056
2143.1478279169064
2146.173194786917
2149.211249469088
2152.26199196342
2155.325422269912
2158.4015403885646
2161.4903463193777
2164.5918400623514
2167.706021617486
2170.832890984781
2173.9724481642356
2177.1246931558517
2180.2896259596278
2183.467246575565
2186.6575550036623
2189.86055124392
2193.0762352963384
2196.3046071609174
2199.5456668376564
2202.799414326557
2206.0658496276164
2209.344972740838
2212.6367836662193
2215.9412824037613
2219.2584689534638
2222.5883433153267
2225.93090548935
2229.286155475534
2232.6540932738785
2236.0347188843834
2239.428032307049
2242.834033541875
2246.2527225888616
2249.684099448009
2253.128164119316
2256.5849166027847
2260.0543568984126
2263.536485006202
2267.0313009261517
2270.5388046582616
2274.0589962025324
2277.5918755589637
2281.1374427275555
2284.6956977083073
2288.2666405012196
2291.8502711062933
2295.446589523527
2299.0555957529214
2302.677289794476
2306.3116716481913
2309.958741314067
2313.6184987921033
2317.2909440823
2320.9760771846572
2324.6738980991754
2328.384406825853
2332.107603364692
2335.843487715692
2339.592059878851
2343.353319854172
2347.1272676416525
2350.913903241294
2354.713226653096
2358.525237877058
2362.3499369131814
2366.1873237614645
2370.0373984219086
2373.900160894513
2377.775611179278
2381.6637492762034
2385.5645751852894
2389.478088906536
2393.404290439943
2397.343179785511
2401.2947569432386
2405.259021913127
2409.235974695176
2413.2256152893856
2417.227943695756
2421.242959914286
2425.270663944978
2429.3110557878294
2433.364135442841
2437.429902910014
2441.508358189347
2445.5995012808407
2449.703332184495
2453.819850900309
2457.949057428285
2462.0909517684204
2466.2455339207168
2470.4128038851736
2474.5927616617905
2479.7071142777213
2484.8524063301484
2490.028637819034
2495.2358087443836
2500.4739191061935
2505.7429689044648
2511.0429581391963
2516.37388681039
2521.735754918046
2527.1285624621596
2532.552309442737
2538.006995859777
2543.492621713275
2549.0091870032375
2554.556691729659
2560.1351358925413
2565.7445194918864
2571.3848425276938
2577.0561049999596
2582.7583069086877
2588.491448253878
2594.2555290355276
2600.0505492536413
2605.8765089082153
2611.733407999249
2617.6212465267454
2623.540024490703
2629.4897418911187
2635.470398727999
2641.4819950013407
2647.524530711142
2653.598005857406
2659.7024204401314
2665.8377744593163
2672.004067914966
2678.2013008070735
2684.429473135644
2690.688584900676
2696.978636102167
2703.299626740123
2709.651556814537
2716.034426325412
2722.44823527275
2728.8929836565476
2735.3686714768082
2741.87529873353
2748.4128654267133
2754.981371556356
2761.5808171224617
2768.2112021250286
2775.4631160421977
2782.7691297673464
2790.1292433006383
2797.543456642081
2805.0117697916685
2812.5341827493994
2820.110695515281
2827.7413080893093
2835.426020471479
2843.1648326618015
2850.957744660269
2858.8047564668796
2866.705868081639
2874.6610795045453
2882.670390735595
2890.733801774795
2898.8513126221424
2907.0229232776346
2915.24863374127
2923.5284440130563
2931.8623540929893
2940.250363981064
2948.692473677289
2957.188683181661
2965.7389924941763
2974.3434016148403
2983.0019105436513
2991.7145192806056
3000.4812278257086
3009.3020361789604
3018.1769443403537
3027.1059523098957
3036.08906008759
3045.1262676734223
3054.217575067407
3063.362982269533
3072.562489279808
3081.8160960982277
3091.1238027248
3100.48560915951
3109.9015154023728
3119.3715214533804
3128.895627312533
3138.4738329798347
3148.106138455285
3157.792543738873
3167.533048830617
3177.327653730503
3187.1763584385335
3197.079162954713
3208.249972913607
3219.522486823582
3230.8967046842517
3242.372626495613
3253.950252257673
3265.6295819704173
3277.4106156338676
3289.293353248002
3301.277794812835
3313.3639403283596
3325.551789794583
3337.8413432114903
3350.2326005790965
3362.7255618974013
3375.3202271663977
3388.016596386078
3400.8146695564647
3413.7144466775426
3426.715927749312
3439.819112771773
3453.0240017449323
3466.3305946687833
3479.7388915433257
3493.248892368574
3506.8605971444995
3520.5740058711235
3534.389118548439
3548.3059351764605
3562.324455755166
3576.444680284563
3590.6666087646663
3604.9902411954536
3619.4155775769323
3633.9426179091097
3648.571362191986
3663.301810425546
3678.133962609805
3693.067818744763
3708.103378830405
3723.240642866738
3738.4796108537703
3753.820282791501
3769.2626586799233
3784.806738519037
3800.4525223088494
3816.200010049346
3832.0492017405413
3848.000097382428
3864.0526969750135
3880.2070005182904
3900.7958024317195
3921.6562218014296
3942.7882586284395
3964.191912912749
3985.867184654344
4007.8140738532384
4030.0325805094617
4052.5227046229556
4075.284446193764
4098.317805221857
4121.622781707265
4145.199375649958
4169.04758704995
4193.167415907257
4217.558862221849
4242.221925993756
4267.156607222947
4292.362905909424
4317.840822053229
4343.59035565432
4369.611506712725
4395.9042752284
4422.468661201405
4449.30466463168
4476.412285519298
4503.791523864187
4531.442379666376
4559.364852925864
4587.558943642638
4616.0246518167405
4644.761977448114
4673.770920536786
4703.051481082788
4732.60365908606
4762.427454546647
4792.522867464519
4822.88989783969
4853.528545672176
4884.438810961947
4915.620693709032
4947.074193913402
4978.799311575087
5010.796046694057
5043.064399270312
5075.6043693038955
5108.4159567947645
5141.499161742948
5174.853984148402
5208.480424011184
5242.378481331281
5281.64860014632
5321.390353831928
5361.603742388048
5402.288765814737
5443.4454241119965
5485.073717279767
5527.173645318107
5569.745208226959
5612.7884060063225
5656.3032386562845
5700.289706176758
5744.747808567801
5789.677545829356
5835.078917961422
5880.951924964116
5927.296566837322
5974.112843581097
6021.400755195355
6069.160301680182
6117.391483035521
6166.0942992614
6215.268750357878
6264.914836324839
6315.032557162427
6365.621912869567
6421.997012343258
6479.2525242948905
6537.388448724232
6596.404785631574
6656.301535016741
6717.078696879791
6778.73627122055
6841.274258039251
6904.692657335836
6968.991469110188
7034.170693362481
7100.230330092658
7167.17037930066
7234.990840986429
7303.69171515014
7373.273001791735
7443.734700911096
7515.0768125084
7587.299336583586
7660.402273136482
7734.3856221673195
7809.24938367604
7884.993557662645
7961.618144126958
8039.123143070843
8167.249711487908
8300.082935228944
8437.62281429302
8579.869348681532
8726.82253839355
8878.482383429073
9034.848883788101
9195.922039471567
9361.701850478537
9532.188316809013
9707.381438463926
9887.281215441879
10071.887647743803
10261.200735369697
10455.220478319563
10653.946876592468
10857.379930189345
11065.519639110193
11278.366003354546
11495.919022923335
11718.178697815165
11945.145028030965
12176.818013570271
12413.197654433548
12654.283950656652
14876.573931977153
17255.608801677823
19791.388559818268
22483.91320629418
25333.18274116516
28339.197164446115
31501.95647609234
34821.460676148534
38297.70976457
41930.70374137163
45720.44260659814
49666.92636017501
53770.15500217676
58030.12853252888
62446.84695126116
67020.31025841832
71750.51845392585
76637.47153785825
81681.16951014102
86881.61237081885
92238.80011992157
97752.73275735974
103423.4102832079
109250.83269745111
