1.0
1.0963442105998527
1.1931189442404848
1.2903242009218965
1.3879599806440877
1.4860262834070586
1.5845231092108087
1.6834504580553384
1.7828083299406479
1.8825967248667363
1.9828156428336048
2.0834650838412525
2.1845450478896797
2.2860555349788867
2.387996545108873
2.490368078279639
2.593170134491184
2.696402713743509
2.8000658160366134
2.9041594413704974
3.0086835897451607
3.1136382611606037
3.219023455616826
3.3248391731138285
3.43108541365161
3.5377621772301704
3.644869463849511
3.752407273509631
3.8603756062105306
3.9687744619522096
4.077603840734668
4.1868637425579065
4.296554167421924
4.4066751153267205
4.517226586272297
4.628208580258653
4.739621097285788
4.851464137353703
4.963737700462397
5.076441786611871
5.189576395802123
5.303141528033157
5.417137183304969
5.531563361617561
5.6464200629709325
5.761707287365082
5.877425034800013
5.993573305275723
6.110152098792213
6.227161415349481
6.344601254947529
6.462471617586358
6.5807725032659645
6.699503911986351
6.818665843747517
6.9382582985494645
7.058281276392189
7.178734777275694
7.299618801199979
7.420933348165043
7.542678418170886
7.664854011217509
7.787460127304912
7.910496766433094
8.033963928602056
8.157861613811797
8.282189822062318
8.406948553353617
8.532137807685697
8.657757585058556
8.783807885472195
8.910288708926611
9.03720005542181
9.164541924957787
9.292314317534544
9.42051723315208
9.549150671810395
9.67821463350949
9.807709118249365
9.93763412603002
10.067989656851452
10.198775710713665
10.329992287616658
10.46163938756043
10.593717010544982
10.726225156570314
10.859163825636426
10.992533017743316
11.126332732890985
11.260562971079434
11.395223732308661
11.53031501657867
11.665836823889459
11.801789154241025
11.938172007633373
12.0749853840665
12.212229283540404
12.349903706055091
12.488008651610555
12.626544120206798
12.765510111843822
12.904906626521628
13.04473366424021
13.184991224999571
13.325679308799714
13.466797915640635
13.608347045522336
13.750326698444816
13.892736874408078
14.035577573412116
14.178848795456936
14.322550540542533
14.466682808668912
14.611245599836069
14.756238914044005
14.901662751292722
15.04751711158222
15.193801994912494
15.340517401283549
15.487663330695383
15.635239783147998
15.78324675864139
15.931684257175563
16.080552278750517
16.22985082336625
16.379579891022765
16.529739481720057
16.680329595458126
16.83135023223698
16.982801392056615
17.134683074917024
17.286995280818214
17.439738009760184
17.592911261742934
17.746515036766464
17.90054933483077
18.05501415593586
18.20990950008173
18.365235367268376
18.520991757495803
18.67717867076401
18.833796107073
18.990844066422763
19.148322548813304
19.306231554244633
19.464571082716734
19.62334113422962
19.782541708783285
19.942172806377727
20.10223442701295
20.26272657068895
20.42364923740573
20.58500242716329
20.746786139961632
20.90900037580075
21.07164513468065
21.23472041660133
21.398226221562787
21.562162549565027
21.726529400608044
21.89132677469184
22.056554671816418
22.22221309198177
22.388302035187905
22.554821501434823
22.721771490722517
22.88915200305099
23.056963038420246
23.22520459683028
23.393876678281092
23.562979282772684
23.732512410305056
23.902476060878204
24.072870234492136
24.243694931146845
24.414950150842337
24.586635893578606
24.758752159355655
24.931298948173485
25.10427626003209
25.27768409493148
25.451522452871647
25.625791333852593
25.80049073787432
25.975620664936827
26.15118111504011
26.327172088184174
26.503593584369018
26.680445603594638
26.857728145861042
27.035441211168223
27.213584799516187
27.39215891090493
27.57116354533445
27.75059870280475
27.93046438331583
28.11076058686769
28.29148731346033
28.472644563093752
28.65423233576795
28.836250631482926
29.018699450238685
29.20157879203522
29.384888656872537
29.568629044750633
29.752799955669506
29.93740138962916
30.122433346629595
30.30789582667081
30.493788829752802
30.68011235587558
30.86686640503913
31.054050977243463
31.24166607248857
31.429711690774464
31.618187832101135
31.807094496468586
31.996431683876814
32.186199394325826
32.376397627815614
32.56702638434618
32.75808566391753
32.94957546652965
33.14149579218256
33.333846640876246
33.526628012610715
33.71983990738596
33.91348232520198
34.10755526605879
34.30205872995637
34.49699271689474
34.69235722687388
34.8881522598938
35.084377815954504
35.281033895055984
35.47812049719825
35.67563762238129
35.873585270605105
36.071963441869705
36.27077213617508
36.470011353521244
36.66968109390818
36.869781357335896
37.0703121438044
37.271273453313675
37.472665285863734
37.67448764145457
37.87674052008619
38.079423921758575
38.28253784647175
38.486082294225696
38.69005726502042
38.89446275885593
39.099298775732215
39.304565315649285
39.51026237860712
39.71638996460575
39.92294807364516
40.12993670572534
40.3373558608463
40.54520553900805
40.75348574021057
40.962196464453875
41.171337711737955
41.38090948206282
41.59091177542846
41.80134459183488
42.01220793128208
42.22350179377006
42.435226179298816
42.647381087868354
42.859966519478675
43.07298247412977
43.28642895182165
43.5003059525543
43.71461347632774
43.92935152314195
44.14452009299695
44.36011918589273
44.57614880182928
44.79260894080661
45.00949960282472
45.22682078788362
45.44457249598329
45.66275472712374
45.88136748130496
46.10041075852698
46.31988455878977
46.53978888209333
46.76012372843769
46.98088909782281
47.20208499024872
47.42371140571541
47.64576834422287
47.86825580577112
48.091173790360145
48.31452229798995
48.53830132866054
48.7625108823719
48.98715095912405
49.212221558916966
49.43772268175067
49.66365432762515
49.89001649654042
50.11680918849646
50.34403240349327
50.571686141530876
50.799770402609255
51.02828518672842
51.25723049388836
51.486606324089074
51.71641267733057
51.94664955361284
52.177316952935904
52.40841487529974
52.639943320704354
52.87190228914975
53.104291780635926
53.33711179516288
53.57036233273061
53.80404339333913
54.03815497698842
54.272697083678494
54.50766971340934
54.743072866180974
54.97890654199338
55.215170740846574
55.45186546274054
55.68899070767529
55.926546475650824
56.16453276666713
56.40294958072421
56.641796917822084
56.881074777960734
57.12078316114015
57.36092206736036
57.60149149662135
57.84249144892311
58.08392192426566
58.32578292264898
58.56807444407308
58.81079648853796
59.05394905604363
59.29753214659007
59.541545760177286
59.78598989680529
60.030864556474064
60.27616973918363
60.52190544493398
60.76807167372509
61.01466842555699
61.26169570042966
61.509153498343125
61.757041819297356
62.00536066329237
62.25411003032817
62.50328992040474
62.7529003335221
63.002941269680235
63.25341272887914
63.50431471111884
63.75564721639931
64.00741024472057
64.2596037960826
64.5122278704854
64.765282467929
65.01876758841337
65.27268323193852
65.52702939850445
65.78180608811115
66.03701330075864
66.2926510364469
66.54871929517596
66.80521807694578
67.06214738175639
67.31950720960778
67.57729756049994
67.83551843443288
68.09416983140662
68.35325175142111
68.6127641944764
68.87270716057246
69.1330806497093
69.39388466188693
69.65511919710532
69.9167842553645
70.17887983666446
70.4414059410052
70.70436256838673
70.96774971880902
71.2315673922721
71.49581558877594
71.7604943083206
72.02560355090601
72.29114331653221
72.55711360519919
72.82351441690693
73.09034575165546
73.35760760944478
73.62529999027487
73.89342289414574
74.16197632105741
74.43096027100984
74.70037474400306
74.97021974003704
75.24049525911181
75.51120130122735
75.7823378663837
76.0539049545808
76.3259025658187
76.59833070009736
76.8711893574168
77.14447853777702
77.41819824117803
77.69234846761981
77.96692921710239
78.24194048962573
78.51738228518985
78.79325460379475
79.06955744544044
79.3462908101269
79.62345469785414
79.90104910862217
80.17907404243097
80.45752949928055
80.73641547917092
81.01573198210205
81.29547900807398
81.57565655708666
81.85626462914016
82.13730322423442
82.41877234236944
82.70067198354526
82.98300214776185
83.26576283501923
83.54895404531739
83.83257577865632
84.11662803503603
84.40111081445653
84.6860241169178
84.97136794241986
85.25714229096269
85.5433471625463
85.8299825571707
86.11704847483585
86.40454491554182
86.69247187928855
86.98082936607605
87.26961737590435
87.5588359087734
87.84848496468325
88.13856454363389
88.42907464562529
88.72001527065748
89.01138641873044
89.3031880898442
89.59542028399872
89.88808300119402
90.18117624143011
90.47470000470696
90.7686542910246
91.06303910038304
91.35785443278223
91.65310028822222
91.94877666670297
92.24488356822451
92.54142099278684
92.83838894038993
93.13578741103382
93.43361640471848
93.73187592144392
94.03056596121013
94.32968652401712
94.6292376098649
94.92921921875346
95.2296313506828
95.5304740056529
95.8317471836638
96.13345088471547
96.43558510880793
96.73814985594117
97.04114512611517
97.34457091932997
97.64842723558553
97.9527140748819
98.25743143721903
98.56257932259693
98.86815773101563
99.17416666247509
99.48060611697534
99.78747609451636
100.09477659509817
100.40250761872076
100.71066916538412
101.01926123508827
101.32828382783319
101.6377369436189
101.94762058244538
102.25793474431266
102.56867942922072
102.87985463716956
103.1816433469965
103.48378435658806
103.78627766594423
104.08912327506496
104.39232118395029
104.6958713926002
104.99977390101469
105.30402870919377
105.60863581713744
105.91359522484568
106.2189069323185
106.52457093955593
106.83058724655791
107.1369558533245
107.44367675985566
107.75074996615139
108.05817547221173
108.36595327803664
108.67408338362611
108.9825657889802
109.29140049409885
109.6005874989821
109.91012680362994
110.22001840804235
110.53026231221935
110.84085851616092
111.15180701986708
111.46310782333782
111.77476092657315
112.08676632957305
112.39912403233754
112.71183403486663
113.02489633716027
113.33831093921853
113.65207784104135
113.96619704262878
114.28066854398077
114.59549234509734
114.9106684459785
115.22619684662425
115.54207754703457
115.85831054720947
116.17489584714897
116.49183344685304
116.80912334632171
117.12676554555495
117.44476004455277
117.7631068433152
118.08180594184219
118.40085734013377
118.72026103818993
119.04001703601065
119.36012533359599
119.68058593094591
120.00139882806039
120.32256402493947
120.64408152158313
120.96595131799137
121.28817341416419
121.6107478101016
121.93367450580361
122.25695350127019
122.58058479650134
122.9045683914971
123.22890428625742
123.55359248078233
123.87863297507181
124.2040257691259
124.52977086294453
124.8558682565278
125.18231794987562
125.50911994298804
125.83627423586503
126.16378082850662
126.49163972091276
126.81985091308351
127.14841440501883
127.47733019671875
127.80659828818324
128.1362186794123
128.46619137040597
128.7965163611642
129.12719365168704
129.45822324197445
129.78960513202645
130.12133932184304
130.45342581142418
130.7858646007699
131.11865568988026
131.45179907875516
131.78529476739465
132.11914275579872
132.45334304396738
132.78789563190062
133.12280051959846
133.45805770706085
133.79366719428785
134.12962898127944
134.46594306803559
134.8026094545594
135.1297435008069
135.4570341113727
135.78448128625683
136.11208502545924
136.4398453289799
136.76776219681892
137.0958356289762
137.42406562545173
137.7524521862456
138.08099531135775
138.40969500078816
138.7385512545369
139.0675640726039
139.3967334549892
139.7260594016928
140.05554191271466
140.38518098805486
140.71497662771333
141.04492883169007
141.37503759998512
141.70530293259844
142.03572482953007
142.36630329078
142.69703831634817
143.02792990623468
143.35897806043948
143.69018277896254
144.02154406180392
144.35306190896358
144.6847363204415
145.01656729623775
145.34855483635226
145.68069894078508
146.0129996095362
146.34545684260559
146.67807063999328
147.01084100169925
147.34376792772352
147.67685141806606
148.01009147272694
148.34348809170606
148.6770412750035
149.01075102261922
149.34461733455322
149.67864021080553
150.0128196513761
150.347155656265
150.68164822547217
151.0162973589976
151.35110305684137
151.68606531900343
152.02118414548374
152.35645953628236
152.69189149139928
153.02748001083447
153.36322509458796
153.69912674265973
154.03518495504983
154.37139973175817
154.70777107278482
155.04429897812977
155.38098344779303
155.71782448177453
156.05482208007436
156.39197624269246
156.72928696962884
157.06675426088353
157.40437811645648
157.74215853634774
158.08009552055734
158.41818906908514
158.75643918193128
159.09484585909573
159.43340910057844
159.77212890637944
160.11100527649876
160.45003821093633
160.7892277096922
161.12857377276634
161.46807640015882
161.80773559186957
162.1475513478986
162.48752366824593
162.82765255291156
163.16793800189544
163.50838001519764
163.84897859281816
164.1897337347569
164.530645441014
164.87171371158934
165.212938546483
165.55431994569494
165.89585790922516
166.2375524370737
166.5794035292405
166.9214111857256
167.263575406529
167.6058961916507
167.94837354109063
168.29100745484158
168.59928856876513
168.9070428932613
169.21427042833022
169.52097117397182
169.82714513018607
170.13279229697298
170.43791267433255
170.7425062622649
171.0465730607699
171.35011306984757
171.653126289498
171.95561271972105
172.25757236051675
172.55900521188522
172.85991127382636
173.1602905463401
173.4601430294266
173.75946872308577
174.05826762731766
174.3565397421222
174.65428506749947
174.9515036034494
175.24819534997198
175.54436030706722
175.83999847473524
176.13510985297592
176.42969444178925
176.7237522411753
177.01728325113402
177.31028747166545
177.60276490276954
177.89471554444629
178.18613939669575
178.47703645951788
178.76740673291272
179.05725021688028
179.3465669114205
179.63535681653337
179.9236199322189
180.21135625847717
180.49856579530814
180.78524854271177
181.07140450068812
181.35703366923713
181.6421360483588
181.92671163805318
182.21076043832022
182.49428244915998
182.77727767057246
183.05974610255885
183.5396900247681
184.02687195283056
184.52129188674553
185.02294982651392
185.53184577213597
186.04797972361075
186.57135168093873
187.1019616441199
187.63980961315383
188.1848955880414
188.7372195687817
189.29678155537522
189.86358154782192
190.43761954612182
191.01889555027492
191.6074095602812
192.2031615761398
192.80615159785202
193.4163796254179
194.03384565883653
194.65854969810835
195.29049174323336
195.92967179421112
196.57608985104252
197.22974591372622
197.89063998226402
198.5587720566541
199.2341421368983
199.91675022299523
200.6065963149449
201.30368041274778
202.00800251640385
202.7195626259131
203.43836074127557
204.16439686249123
204.89767098956008
205.63818312248213
206.38593326125692
207.14092140588446
207.90314755636564
208.67261171270047
209.44931387488805
210.23325404292837
211.02443221682233
211.8228483965695
212.6285025821694
213.44139477362205
214.2615249709279
215.0888931740874
215.92349938310736
216.73240372383407
217.54725431064344
218.36805114353547
219.1947942225106
220.0274835475691
220.86611911871023
221.71070093593426
222.56122899924117
223.41770330863164
224.28012386410433
225.14849066566057
226.02280371329948
226.90306300702173
227.7892685468264
228.6814203327142
229.57951836468487
230.48356264273843
231.39355316687556
232.30948993709512
233.23137295339757
234.15920221578313
235.09297772425202
236.03269947880335
236.9783674794378
237.92998172615535
238.88754221895624
239.85104895783934
240.82050194280555
241.79590117385487
242.7772466509873
243.7645383742024
244.7577763435006
245.75696055888147
246.7620910203459
247.773167727893
248.79019068152274
249.8131598812356
250.84207532703203
251.87693701891112
252.91774495687287
253.96449914091772
255.01719957104524
256.0758462472563
257.14043916955006
258.21097833792646
259.28746375238643
260.36989541292905
261.4582733195548
262.5525974722632
263.6528678710572
264.70433427566036
265.7595998581003
266.81866461837717
267.8815285564913
268.94819167244236
270.0186539662302
271.0929154378555
272.17097608731774
273.2528359146165
274.33849491975275
275.42795310272595
276.52121046353614
277.61826700218353
278.71912271866745
279.8237776129886
280.93223168514714
282.04448493514246
283.16053736297476
284.2803889686438
285.4040397521503
286.53148971349356
287.662738852674
288.7977871696917
289.93663466454564
291.07928133723726
292.22572718776587
293.37597221613123
294.5300164223338
295.68785980637335
296.84950236824966
298.0149441079634
299.1841850255141
300.3572251209016
301.5340643941263
302.71470284518796
303.8991404740864
305.08737728082224
306.2794132653951
307.4752484278047
308.6748827680515
309.87831628613526
311.085548982056
312.296580855814
313.51141190740873
314.73004213684044
315.95247154410936
317.17870012921526
318.40872789215814
319.64255483293823
320.8801809515571
322.23190525158316
323.5917541805661
324.9597277385069
326.3358259254055
327.72004874126105
329.1123961860744
330.5128682598447
331.9214649625728
333.3381862942583
334.76303225490165
336.19600284450235
337.6370980630604
339.0863179105759
340.54366238704915
342.00913149247936
343.4827252268674
344.96444359021325
346.45428658251603
347.95225420377665
349.45834645399464
350.97256333317
352.49490484130274
354.0253709783933
355.56396174444126
357.1106771393843
358.90908177892015
360.73434678707235
362.5864721638427
364.46545790923483
366.371304023236
368.30401050585715
370.2635773571001
372.2500045769557
374.2632921654258
376.3034401225141
378.3704484482241
380.4643171425487
382.5850462054859
384.7326356370486
386.9070854372221
389.1083956060138
391.3365661434236
393.5915970494498
395.87348832409225
398.18223996735105
400.5178519792298
402.8803243597231
405.2696571088327
407.68585022656407
410.1289037130773
425.61295492830686
442.12495400133776
459.6649009323446
478.232795721211
497.82863836782053
518.4524288724642
540.1041672347928
562.7838534550974
586.4914875333197
611.227069469227
636.9905992631684
663.7820769149694
691.6015024245135
720.4488757920335
750.3241970173549
781.227466100594
813.1586830417509
846.1178478405927
880.1049604975269
915.1200210122042
951.1630293847411
988.2339856151375
1026.3328897035099
1065.4597416495671
1105.614541455172
1269.7758832369
1444.425064733252
1629.562085941434
1825.1869468642399
2031.2996475007385
2247.900187849067
2474.98856791202
2712.5647876868024
2960.628847176209
3219.1807463793084
3488.2204852942377
3767.7480639228597
4057.763482264243
4358.266740319319
4669.25783808995
4990.736775570549
5322.703552765772
5665.158169673756
6018.100626296364
6381.530922631733
6755.4490586789325
7139.8550344398245
7534.7488499153405
7940.130505104549
