50.0
51.49734502228345
52.99202826180325
54.48404971855942
55.97340939255196
57.46010728378086
58.94414339224612
60.42551771794774
61.90423026088573
63.380281021060085
64.8536699984708
66.32439719311789
67.79246260500133
69.25786623412114
70.7206080804773
72.18068814406985
73.63810642489874
75.092862922964
76.54495763826563
77.99439057080362
79.44116172057798
80.88527108758869
82.32671867183576
83.76550447331921
85.20162849203902
86.63509072799519
88.06589118118772
89.49402985161663
90.91950673928189
92.34232184418352
93.7624751663215
95.17996670569585
96.59479646230656
98.00696443615362
99.41647062723706
100.82331503555687
102.22749766111303
103.62901850390557
105.02787756393445
106.42407484119971
107.81761033570135
109.20848404743933
110.59669597641368
111.98224612262439
113.36513448607147
114.74536106675491
116.1229258646747
117.49782887983088
118.8700701122234
120.2396495618523
121.60656722871755
122.97082311281918
124.33241721415716
125.69134953273151
127.04762006854223
128.4012288215893
129.75217579187273
131.10046097939255
132.44608438414872
133.78904600614126
135.12934584537015
136.46698390183542
137.80196017553703
139.13427466647505
140.46392737464942
141.79091830006013
143.11524744270721
144.43691480259065
145.75592037971046
147.07226417406665
148.38594618565918
149.6969664144881
151.00532486055334
152.31102152385498
153.61405640439295
154.9144295021673
156.21214081717804
157.50719034942514
158.79957809890857
160.0893040656284
161.37636824958457
162.6607706507771
163.94251126920602
165.22159010487127
166.4980071577729
167.7717624279109
169.04285591528526
170.31128761989598
171.57705754174305
172.8401656808265
174.1006120371463
175.35839661070247
176.613519401495
177.86598040952393
179.1157796347892
180.3629170772908
181.60739273702882
182.84920661400315
184.0883587082139
185.32484901966095
186.5586775483444
187.7898442942642
189.01834925742037
190.24419243781293
191.4673738354418
192.6878934503071
193.90575128240872
195.1209473317467
196.33348159832107
197.5433540821318
198.75056478317887
199.95511370146232
201.15700083698212
202.3562261897383
203.55278975973084
204.74669154695974
205.937931551425
207.1265097731266
208.3124262120646
209.49568086823894
210.67627374164962
211.85420483229672
213.02947414018013
214.20208166529991
215.37202740765608
216.5393113672486
217.70393354407747
218.86589393814273
220.02519254944434
221.18182937798233
222.33580442375666
223.48711768676736
224.63576916701444
225.78175886449787
226.92508677921765
228.06575291117383
229.20375726036633
230.33909982679523
231.47178061046048
232.60179961136208
233.72915682950008
234.8538522648744
235.9758859174851
237.09525778733217
238.21196787441562
239.3260161787354
240.43740270029156
241.54612743908407
242.652190395113
243.75559156837824
244.85633095887982
245.95440856661781
247.04982439159215
248.14257843380284
249.23267069324993
250.32010116993337
251.40486986385315
252.4869767750093
253.56642190340182
254.64320524903073
255.717326811896
256.78878659199756
257.8575845893356
258.9237208039099
259.9871952357206
261.0480078847677
262.1061587510511
263.1616478345709
264.21447513532706
265.2646406533196
266.3121443885485
267.3569863410137
268.3991665107153
269.4386848976533
270.4755415018277
271.50973632323837
272.54126936188544
273.57014061776886
274.5963500908886
275.6198977812448
276.64078368883736
277.6590078136662
278.6745701557315
279.6874707150331
280.69770949157106
281.7052864853454
282.71020169635614
283.7124551246032
284.7120467700866
285.7089766328064
286.7032447127625
287.69485100995513
288.683795524384
289.67007825604924
290.65369920495084
291.6346583710888
292.6129557544632
293.5885913550739
294.56156517292095
295.5318772080044
296.49952746032415
297.4645159298803
298.42684261667284
299.38650752070174
300.343510641967
301.2978519804686
302.2495315362066
303.198549309181
304.14490529939167
305.0885995068387
306.02963193152215
306.96800257344194
307.9037114325981
308.8367585089906
309.7671438026195
310.69486731348474
311.6199290415864
312.5423289869243
313.4620671494987
314.37914352930943
315.29355812635646
316.2053109406399
317.11440197215967
318.02083122091585
318.9245986869084
319.82570437013726
320.72414827060254
321.6199303883041
322.5130507232421
323.40350927541647
324.2913060448272
325.17644103147427
326.05891423535775
326.9387256564775
327.81587529483363
328.69036315042615
329.56218922325513
330.43135351332035
331.2978560206219
332.16169674515993
333.02287568693424
333.88139284594496
334.7372482221921
335.5904418156755
336.44097362639525
337.2888436543514
338.1340518995439
338.9765983619729
339.8164830416381
340.6537059385397
341.4882670526777
342.320166384052
343.1494039326627
343.97597969850983
344.7998936815933
345.62114588191304
346.4397362994692
347.2556649342617
348.06893178629065
348.8795368555559
349.6874801420575
350.49276164579544
351.2953813667698
352.0953393049805
352.89263546042764
353.68726983311103
354.4792424230308
355.26855323018697
356.0552022545795
356.8391894962084
357.62051495507365
358.3991786311753
359.1751805245132
359.94852063508756
360.7191989628983
361.4872155079454
362.25257027022883
363.0152632497486
363.77529444650474
364.5326638604973
365.2873714917262
366.03941734019145
366.7888014058931
367.53552368883106
368.2795841890054
369.0209829064161
369.7597198410632
370.49579499294657
371.2292083620664
371.9599599484226
372.68804975201505
373.413477772844
374.13624401090925
374.8563484662109
375.5737911387488
376.28857202852316
377.0006911355339
377.71014845978095
378.41694400126437
379.1210777599842
379.82254973594036
380.52135992913287
381.2175083395618
381.910994967227
382.60181981212867
383.2899828742666
383.97548415364093
384.6583236502517
385.33850136409876
386.0160172951822
386.690871443502
387.36306380905813
388.0325943918507
388.69946319187954
389.36367020914486
390.0252154436464
390.6840988953844
391.34032056435876
391.99388045056946
392.64477855401657
393.2930148747
393.93858941261976
394.58150216777597
395.22175314016846
395.8593423297974
396.49426973666266
397.12653536076425
397.7561392021022
398.38308126067653
399.0073615364873
399.6289800295344
400.24793673981776
400.86423166733755
401.4778648120937
402.0888361740863
402.6971457533152
403.3027935497804
403.90577956348204
404.50610379442
405.10376624259436
405.6987669080051
406.2911057906522
406.88078289053556
407.46779820765545
408.0521517420116
408.6338434936041
409.212873462433
409.7892416484982
410.36294805179983
410.9339926723378
411.5023755101122
412.06809656512286
412.6311558373699
413.19155332685335
413.74928903357323
414.3043629575294
414.85677509872187
415.4065254571508
415.95361403281606
416.4980408257177
417.03980583585565
417.57890906322996
418.1153505078407
418.64913016968774
419.1802480487712
419.708704145091
420.2344984586472
420.7576309894397
421.27810173746866
421.79591070273386
422.31105788523547
422.8235432849734
423.3333669019478
423.8405287361585
424.34502878760554
424.84686705628894
425.3460435422089
425.842558245365
426.33641116575757
426.82760230338647
427.3161316582517
427.8019992303533
428.28520501969126
428.7657490262656
429.2436312500763
429.71885169112335
430.19141034940674
430.6613072249267
431.12854231768284
431.5931156276754
432.0550271549042
432.5142768993695
432.9708648610711
433.42479104000904
433.87605543618344
434.3246580495941
434.7705988802412
435.2138779281246
435.65449519324454
436.0924506756007
436.52774437519315
436.96037629202203
437.3903464260873
437.81765477738895
438.2423013459269
438.66428613170126
439.08360913471193
439.500270354959
439.91426979244255
440.3256074471623
440.7342833191185
441.140297408311
441.5436497147399
441.9443402384052
442.3423689793068
442.73773593744477
443.1304411128191
443.52048450542975
443.9078661152769
444.2925859423604
444.67464398668017
445.05404024823633
445.43077472702885
445.8048474230577
446.17625833632303
446.5450074668246
446.9110948145626
447.2745203795369
447.63528416174756
447.9933861611947
448.34882637787825
448.701604811798
449.05172146295416
449.39917633134667
449.7439694169756
450.08610071984083
450.42557023994243
450.7623779772804
451.0965239318548
451.42800810366543
451.75683049271254
452.08299109899605
452.40648992251585
452.727326963272
453.0455022212645
453.3610156964934
453.6738673889587
453.9840572986602
454.2915854255982
454.5964517697726
454.89865633118325
455.19819910983034
455.49508010571384
455.7892993188337
456.0808567491899
456.36975239678236
456.65598626161125
456.93955834367654
457.22046864297806
457.4987171595161
457.7743038932904
458.0472288443011
458.3174920125482
458.5850933980317
458.8500330007515
459.1123108207077
459.3719268579002
459.6288811123291
459.88317358399433
460.1348042728959
460.38377317903394
460.63008030240826
460.873725643019
461.11470920086606
461.35303097594954
461.58869096826936
461.82168917782553
462.05202560461805
462.2797002486469
462.50471310991213
462.7270641884138
462.94675348415177
463.1637809971261
463.3781467273368
463.5898506747839
463.7988928394674
464.0052732213872
464.2089918205434
464.41004863693587
464.6084436705648
464.80417692143
464.99724838953165
465.18765807486966
465.37540597744396
465.56049209725467
465.7429164343018
465.9226789885853
466.0997797601051
466.2742187488612
466.44599595485374
466.61511137808264
467.49795183350057
468.3838387676314
469.2727721804724
470.1647520720234
471.05977844228465
471.9578512912559
472.85897061893735
473.76313642532887
474.67034871043046
475.58060747424224
476.4939127167641
477.4102644379961
478.32966263793816
479.25210731659035
480.1775984739526
481.10613611002503
482.0377202248075
482.9723508183002
483.910027890503
484.8507514414158
485.7945214710389
486.7413379793719
487.6912009664151
488.6441104321684
489.6000663766319
490.5590687998054
491.5211177016891
492.4862130822829
493.45435494158676
494.4255432796008
495.39977809632484
496.3770593917591
497.35738716590333
498.34076141875784
499.32718215032236
500.31664936059707
501.3091630495818
502.3047232172767
503.30332986368177
504.3049829887969
505.30968259262215
506.31742867515743
507.32822123640295
508.3420602763585
509.35894579502417
510.3788777924
511.4018562684859
512.4278812232819
513.456952656788
514.4890705690043
515.5242349599306
516.5624458295671
517.6037031779136
518.6480070049704
519.6953573107371
520.7457540952141
521.7991973584011
522.8556871002983
523.9152233209056
524.9778060202229
526.0434351982504
527.112110854988
528.1838329904357
529.2586016045934
530.3364166974615
531.4172782690395
532.5011863193276
533.588140848326
534.6781418560342
535.7711893424528
536.8672833075814
537.9664237514202
539.068610673969
540.1738440752279
541.282123955197
542.3934503138762
543.5078231512655
544.6252424673648
545.7457082621743
546.869220535694
547.9957792879236
549.1253845188635
550.2580362285134
551.3937344168735
552.5324790839438
553.674270229724
554.8191078542145
555.9669919574151
557.1179225393257
558.2718995999464
559.4289231392772
560.5889931573183
561.7521096540693
562.9182726295305
564.0874820837017
565.2597380165832
566.4350404281747
567.6133893184764
568.7947846874881
569.97922653521
570.9102806190232
571.8393032757511
572.7662945053949
573.6912543079541
574.6141826834294
575.53507963182
576.4539451531264
577.3707792473484
578.2855819144861
579.1983531545396
580.1090929675086
581.0178013533932
581.9244783121935
582.8291238439097
583.7317379485412
584.6323206260888
585.5308718765518
586.4273916999305
587.3218800962247
588.2143370654347
589.1047626075604
589.993156722602
590.8795194105588
591.7638506714316
592.6461505052198
593.5264189119238
594.4046558915436
595.2808614440789
596.1550355695299
597.0271782678965
597.8972895391788
598.7653693833768
599.6314178004907
600.49543479052
601.3574203534648
602.2173744893255
603.0752971981017
603.9311884797937
604.7850483344016
605.6368767619248
606.4866737623638
607.3344393357183
608.1801734819886
609.0238762011745
609.8655474932764
610.7051873582936
611.5427957962265
612.3783728070752
613.2119183908394
614.0434325475196
614.8729152771152
615.7003665796265
616.5257864550533
617.3491749033958
618.1705319246541
618.9898575188282
619.8071516859179
620.6224144259231
621.435645738844
622.2468456246806
623.0560140834327
623.8631511151009
624.6682567196845
625.4713308971837
626.2723736475987
627.0713849709291
627.8683648671756
628.6633133363375
629.4562303784151
630.2471159934083
631.0359701813172
631.8227929421417
632.6075842758821
633.390344182538
634.1710726621095
634.9497697145969
635.7264353399996
636.5010695383182
637.2736723095527
638.0442436537024
638.812783570768
639.5792920607493
640.3437691236461
641.1062147594589
641.866628968187
642.625011749831
643.3813631043904
644.1356830318656
644.8879715322564
645.6382286055632
646.3864542517854
647.1326484709232
647.8768112629767
648.6189426279459
649.3590425658307
650.0971110766316
650.8331481603476
651.5671538169795
652.2991280465269
653.0290708489902
654.1750747888955
655.3273263623992
656.4858255695021
657.6505724102046
658.8215668845062
659.9988089924075
661.1822987339078
662.3720361090075
663.5680211177066
664.7702537600048
665.9787340359026
667.1934619453991
668.4144374884959
669.6416606651915
670.8751314754863
672.1148499193812
673.3608159968749
674.6130297079678
675.8714910526605
677.1362000309521
678.4071566428431
679.6843608883335
680.9678127674231
682.257512280112
683.5534594264004
684.8556542062884
686.1640966197754
687.4787866668619
688.7997243475479
690.126909661833
691.4603426097174
692.8000231912015
694.1459514062844
695.4981272549664
696.8565507372484
698.2212218531295
699.59214060261
700.9693069856901
702.3527210023692
703.7423826526476
705.1382919365253
706.5404488540028
707.9488534050793
709.363505589755
710.7844054080304
712.2115528599045
713.6449479453781
715.0845906644518
716.5304810171242
717.9826190033959
719.7893372608069
721.6159632552453
723.4624969867173
725.3289384552199
727.2152876607552
729.1215446033211
731.0477092829215
732.9937816995525
734.9597618532162
736.9456497439132
738.9514453716401
740.9771487364005
743.0227598381916
745.0882786770171
747.1737052528733
749.2790395657603
751.4042816156807
753.5494314026346
755.7144889266183
757.8994541876345
760.1043271856852
762.3291079207656
764.5737963928786
766.8383926020233
769.1228965482014
771.4273082314103
773.7516276516508
776.0958548089247
778.4599897032313
780.8440323345685
783.2479827029383
785.6718408083416
788.1156066507756
790.5792802302412
793.0628615467394
795.5663506002702
798.0897473908326
800.6330519184266
803.1962641830551
805.7793841847133
808.3824119234041
811.0053473991265
813.6481906118834
816.31094156167
818.9936002484892
821.69616667234
824.4186408332243
827.1610227311403
829.9233123660879
832.7055097380689
835.4623929296695
838.2374104497994
841.0305622984388
843.8418484755839
846.6712689812357
849.518823815396
852.384512978062
855.2683364692375
858.1702942889178
861.0903864371066
864.0286129138003
866.9849737190025
869.9594688527131
872.9520983149287
875.9628621056527
878.9917602248825
882.0387926726216
885.1039594488657
888.1872605536164
891.2886959868765
894.4082657486424
897.5459698389168
900.701808257696
903.8757810049838
907.0678880807773
910.2781294850784
913.5065052178888
916.7530152792024
920.0176596690271
923.3004383873558
926.601351434193
929.9203988095378
933.2575805133874
936.6128965457474
939.9863469066122
943.3779315959855
946.7876506138637
950.2155039602503
953.6614916351446
957.1256136385455
960.6078699704531
964.1082606308682
967.626785619791
971.1634449372195
974.7182385831557
978.2911665575994
981.8822288605488
985.4914254920077
989.1187564519723
992.7642217404446
996.9251351655239
1001.123685421273
1005.3598725078082
1009.6336964251204
1013.945157173217
1018.2942547520925
1022.6809891617522
1027.105360402189
1031.567368473412
1036.067013375412
1040.6042951081963
1045.1792136717595
1049.791769066107
1054.4419612912316
1059.1297903471423
1063.8552562338282
1068.618358951302
1073.4190984995512
1078.2574748785864
1083.1334880883987
1088.0471381289972
1092.9984250003708
1097.9873487025325
1103.0139092354693
1108.0781065991923
1113.1799407936924
1118.3194118189767
1123.49651967504
1128.7112643618875
1133.9636458795121
1139.2536642279229
1144.5813194071106
1149.9466114170846
1155.3495402578337
1160.790105929369
1166.2683084316832
1171.7841477647798
1177.3376239286554
1182.9287369233152
1188.557486748754
1194.223873404977
1199.927896891977
1205.6695572097633
1211.4488543583266
1217.2657883376742
1223.1203591477988
1229.0125667887096
1234.9424112603992
1240.9098925628714
1246.9150106961224
1251.0997690828008
1255.2493016894587
1259.3636085160324
1263.4426895625038
1267.486544828891
1271.495174315176
1275.4685780213767
1279.4067559474788
1283.3097080934967
1287.177434459416
1291.0099350452438
1294.8072098509801
1298.5692588766215
1302.296082122175
1305.9876795876262
1309.6440512729932
1313.2651971782689
1316.8511173034494
1320.4018116485313
1323.917280213529
1327.3975229984353
1330.8425400032465
1334.2523312279664
1337.6268966725838
1340.9662363371172
1347.2673900297377
1353.7638594660093
1360.455644645932
1367.3427455694618
1374.4251622366137
1381.7028946473583
1389.175942801754
1396.8443066997424
1404.7079863413674
1412.766981726585
1421.0212928554247
1429.4709197279153
1438.1158623439842
1446.956120703704
1455.9916948070022
1465.222584653966
1474.6487902445078
1484.2703115787008
1494.087148656472
1504.0993014778796
1514.3067700429092
1524.7095543515607
1535.3076544038195
1546.1010701997002
1557.0898017392028
1610.8084124329034
1667.994228364667
1728.6472495330963
1792.7674759384245
1860.3549075806513
1931.409544459777
2005.9313865755685
2083.9204339282587
2165.3766865178477
2250.3001443441026
2338.690807407256
2430.5486757073086
2525.8737492442597
2624.6660280178767
2726.9255120283924
2832.652201275807
2941.8460957594216
3054.5071954804007
3170.6355004382785
3290.231010633055
3413.2937260644976
3539.823646732606
3669.820772637846
3803.2851037799846
3940.2166401585564
4676.63216932863
5462.362348943949
6297.407178994268
7181.766659479588
8115.440790399909
9098.42957175523
10130.733003541827
11212.35108576715
12343.283818423748
13523.531201515347
14753.09323503822
16031.96991899237
17360.161253385246
18737.667238213122
20164.487873476
21640.623159173876
23166.073095306754
24740.837681870908
26364.91691887006
28038.310806304216
29761.01934417337
31533.042532473803
33354.38037121296
35225.03286038339
