111
94
3
13
63
10
268
42
2
1
53
64
102
90
137
232
17
637
63
7
47
105
150
136
2
65
71
22
32
34
34
52
15
124
51
3
52
3
8
80
237
1
87
116
60
68
11
8
62
155
14
51
557
252
131
236
133
77
399
52
88
44
142
143
149
14
50
192
76
3
463
59
177
24
453
5
196
48
31
210
130
75
14
90
142
40
243
24
348
236
29
208
23
163
156
256
127
270
137
150
212
165
303
65
219
159
229
67
116
5
164
136
116
7079
328
130
185
162
198
235
261
501
163
389
99
66
40
183
24
89
35
293
667
53
106
138
46
215
121
347
340
92
59
430
30
3
66
18
336
34
95
59
27
11
101
56
13
12
7
28
68
99
118
317
29
68
12
36
132
65
11
11
24
30
195
74
186
165
21
24
126
36
35
112
51
30
22
30
37
190
23
19
91
68
32
23
38
114
235
222
80
103
26
25
29
14
30
35
14
176
16
64
219
79
24
312
25
18
26
26
89
131
87
142
69
237
62
21
30
228
56
1
1
42
110
119
6
110
79
4
11
51
21
52
97
220
97
131
39
47
56
51
173
189
109
3
358
3
13
177
229
14
11
170
24
23
26
26
23
24
87
52
128
154
37
108
811
141
82
103
97
121
97
3
3
22
21
90
21
254
1
1
106
3
177
1
153
2
1
1
1
1
2
1950
3
491
146
1
39
2
1
10
45
85
29
103
37
98
98
41
166
522
1
69
236
69
71
3
246
163
3
71
3
10
79
2
79
2
19
77
77
6
6
107
15
113
166
80
330
18
283
223
6
61
76
313
5
35
71
69
120
141
277
469
150
152
83
121
99
231
182
174
9
3
5
74
62
130
147
63
26
113
11
122
1125
11
206
203
89
1456
649
2017
5
12
1394
179
125
166
118
127
1194
58
29
30
27
29
33
26
61
108
58
4
35
117
200
150
225
129
16
29
68
90
151
53
150
101
123
31
45
69
74
129
89
157
147
96
25
20
70
67
191
293
246
77
84
92
62
206
6
166
103
91
101
92
99
90
498
64
107
15
198
1
235
54
1
27
7
138
83
505
160
131
192
22
133
149
393
25
11
214
293
3
2
88
169
54
206
212
1
51
19
85
17
18
16
17
194
97
237
175
282
121
37
48
138
226
49
54
137
49
36
46
38
13
129
58
18
20
16
60
39
418
116
1
26
150
37
114
34
3
8356
79
47
113
25
102
308
1
80
13
1
126
89
290
97
119
43
135
283
70
18
68
53
70
47
140
95
83
118
100
133
127
52
111
78
17
126
2
193
167
194
21
23
151
342
9
1
124
8
61
163
39
294
42
101
160
50
165
341
127
179
102
264
127
201
77
15
223
135
111
193
256
20
99
95
122
117
109
81
98
111
16
26
654
52
153
144
582
144
2
530
3
567
250
21
38
27
19
80
23
17
16
128
27
17
208
40
90
117
70
25
54
722
196
260
144
165
288
210
25
110
113
77
93
89
127
69
619
130
31
118
121
23
6
143
344
119
108
191
38
166
140
71
27
97
162
129
141
124
197
74
55
65
138
57
154
30
416
120
175
309
110
123
157
163
85
33
134
22
79
204
94
3
137
177
203
197
1
64
152
325
179
411
217
115
116
111
51
2
4
149
44
40
5
3
4
25
4
3
2
2
3
3
195
29
197
237
173
245
247
108
395
97
27
126
126
1593
145
501
92
107
40
6
116
130
75
96
30
340
504
4
200
134
30
143
129
336
80
88
130
26
62
151
121
40
49
28
31
971
33
77
33
167
85
33
70
74
64
24
182
18
131
12
28
91
87
4
5
150
94
41
150
2
2
3
14
70
35
172
36
328
97
2
2
11
2
86
20
2
38
17
30
17
704
134
86
149
66
411
140
174
18
14
95
23
40
98
157
7
134
241
258
83
43
95
117
79
143
48
13
47
39
43
24
158
4
173
194
281
33
1
77
124
243
55
10
72
94
328
35
249
80
109
14
85
19
54
15
14
67
34
10
29
7
8
698
18
3863
12
8
29
12
183
106
288
191
31
191
50
110
6
243
84
154
93
1
12
454
148
135
103
100
126
104
1
95
31
3
70
96
69
152
122
37
137
20
35
19
8
136
41
557
105
196
822
50
1592
75
112
51
9
220
114
732
40
44
279
559
33
99
28
10
85
180
459
251
638
101
179
34
42
55
36
51
442
83
153
17
116
17
101
9
2
7
1
10
2
2
331
89
517
96
129
3
129
216
294
2
179
185
79
1
71
117
41
248
90
278
180
63
48
46
38
69
274
89
22
139
65
20
13
77
131
84
86
115
135
22
166
13
3
35
25
45
27
164
32
26
2
1093
92
64
