-4.916374792597495
-4.916334804518283
-4.914870147489238
-4.914750183251605
-4.911820869193514
-4.911620928797458
-4.907226957710321
-4.906947041155843
-4.9010884130396635
-4.90072852032676
-4.893405235181534
-4.892965366310209
-4.884177424135938
-4.883657579106191
-4.873404979902875
-4.872805158714705
-4.861087902482345
-4.860408105135751
-4.847226191874345
-4.846466418369328
-4.831819848078878
-4.830980098415439
-4.814868871095943
-4.813949145274082
-4.796373260925542
-4.795373558945257
-4.776333017567671
-4.775253339428963
-4.754748141022331
-4.753588486725202
-4.731618631289525
-4.730379000833973
-4.706944488369253
-4.705624881755277
-4.680725712261511
-4.679326129489112
-4.6529623029663
-4.651482744035478
-4.623654260483622
-4.62209472539438
-4.592801584813477
-4.591162073565812
-4.5604042759558645
-4.558684788549776
-4.526462333910782
-4.524662870346271
-4.490975758678234
-4.4890963189553
-4.453944550258218
-4.451985134376861
-4.415368708650734
-4.4133293166109535
-4.37524823385578
-4.373128865657578
-4.333583125873359
-4.331383781516735
-4.2903733847034715
-4.288094064188425
-4.245619010346116
-4.243259713672646
-4.199320002801294
-4.1968807299694
-4.151476362068999
-4.148957113078685
-4.102088088149243
-4.099488863000504
-4.051155181042013
-4.048475979734853
-3.998677640747319
-3.995918463281736
-3.944655467265159
-3.9418163136411497
-3.889088660595524
-3.8861695308130972
-3.8319772207384286
-3.828978114797575
-3.77332114769386
-3.7702420655945863
-3.7131204414618253
-3.7099613832041296
-3.6513751020423264
-3.648136067626205
-3.5880851294353526
-3.584766118860812
-3.5232505236409164
-3.519851536907952
-3.456871284659014
-3.4533923217676232
-3.388947412489637
-3.3853884734398276
-3.3194789071327993
-3.3158399919245634
-3.2484657685884866
-3.244746877221832
-3.1759079968567097
-3.1721091293316324
-3.1018055919374685
-3.0979267482539647
-3.0261585538307525
-3.0221997339888276
-2.948966882536576
-2.944928086536225
-2.8702305780549278
-2.8661118058961534
-2.7899496403858084
-2.7857508920686147
-2.7081240695292266
-2.7038453450536077
-2.6247538654851716
-2.620395164851132
-2.539839028253656
-2.5354003514611896
-2.453379557834669
-2.4488609048837793
-2.365375454228211
-2.3607768251189007
-2.2758267174342883
-2.2711481121665544
-2.184733347452898
-2.1799747660267403
-2.0920953442840364
-2.0872567866994585
-1.9979127079277141
-1.9929941741847088
-1.902185438383917
-1.897186928482491
-1.8049135356526556
-1.7998350495928053
-1.7060969997339264
-1.7009385375156523
-1.6057358306277258
-1.6004973922510306
-1.5038300283340647
-1.4985116137989416
-1.4003795928529286
-1.3949812021593848
-1.2953845241843283
-1.2899061573323602
-1.1888448223282602
-1.183286479317868
-1.0807604872847172
-1.0751221681159073
-0.9711315190537171
-0.965413223726479
-0.8599579176352456
-0.8541596461495826
-0.7472396830292993
-0.7413614353852187
-0.6329768152358959
-0.6270185914333868
-0.517169314255014
-0.5111311142940871
-0.399817180086675
-0.3936990039673196
-0.2809204127308611
-0.2747222604530841
-0.16047901218757943
-0.15420088375138108
-0.038492978456833526
-0.032134873862210256
0.08503768846138016
0.09147576921442857
0.21011298856706517
0.2166310454785353
0.33673292186021797
0.3433309549301097
0.4648974883408421
0.47157549756915207
0.5946066880089305
0.6013646733956621
0.7258605208644866
0.7326984824096403
0.8586589869075141
0.8655769246110863
0.9930020861380058
1.0
1.1288898185559688
1.2663221841613925
1.4052991829542947
1.5458208149346575
1.6878870801024881
1.83149797845779
1.9766535100005598
2.12335367473079
2.2715984726484955
2.421387903753672
2.572721968046306
2.7256006655264144
2.8800239961939944
3.035991960049035
3.193504557091547
3.3525617873215268
3.5131636507389743
3.6753101473438896
3.839001277136269
4.004237040116127
4.171017436283442
4.339342465638229
4.5092121281804864
4.680626423910205
4.853585352827395
5.028088914932052
5.204137110224181
5.381729938703774
5.560867400370835
5.741549495225364
5.92377622326736
6.107547584496828
6.292863578913757
6.479724206518167
6.668129467310035
6.858079361289363
7.049573888456173
7.242613048810448
7.437196842352183
7.633325269081393
7.830998328998074
8.030216022102216
8.230978348393826
8.433285307872914
8.637136900539456
8.842533126393473
9.049473985434954
9.25795947766391
9.467989603080326
9.679564361684214
9.89268375347557
10.107347778454393
10.323556436620688
10.541309727974443
10.760607652515674
10.981450210244368
11.203837401160524
11.42776922526416
11.653245682555262
11.880266773033824
12.108832496699861
12.338942853553363
12.570597843594335
12.803797466822772
13.038541723238673
13.274830612842052
13.512664135632889
13.752042291611204
13.992965080776983
14.235432503130227
14.479444558670934
14.72500124739912
14.972102569314764
15.220748524417886
15.470939112708471
15.722674334186522
15.975954188852043
16.230778676705036
16.487147797745486
16.745061551973414
17.004519939388814
17.265522959991664
17.528070613781992
17.79216290075979
18.057799820925048
18.324981374277783
18.59370756081799
18.863978380545653
19.135793833460788
19.40915391956338
19.684058638853458
19.960507991331006
20.238501976996005
20.518040595848483
20.799123847888424
21.08175173311583
21.365924251530714
21.651641403133063
21.938903187922875
22.22770960590016
22.518060657064908
22.80995634141712
23.10339665895681
23.39838160968396
23.694911193598585
23.992985410700683
24.292604260990224
24.593767744467257
24.896475861131755
25.20072861098371
25.506525994023143
25.813868010250047
26.122754659664395
26.433185942266235
26.74516185805554
27.058682407032308
27.37374758919654
27.69035740454825
28.008511853087406
28.32821093481406
28.649454649728163
28.972242997829746
29.296575979118792
29.62245359359529
29.94987584125927
30.278842722110724
30.609354236149628
30.941410383376024
31.275011163789884
31.610156577391194
31.946846624179976
32.28508130415624
32.624860617319946
32.96618456367114
33.3090531432098
33.653466355935926
33.99942420184952
34.346926680950574
34.69597379323912
35.046565538715114
35.398701917378574
35.75238292922951
36.10760857426793
36.46437885249377
36.82269376390712
37.18255330850793
37.5439574862962
37.90690629727195
38.27139974143514
38.63743781878583
39.00502052932397
39.37414787304958
39.74481984996267
40.11703646006322
40.490797703351234
40.86610357982671
41.242954089489665
41.62134923234009
42.001289008377974
42.38277341760331
42.76580246001614
43.15037613561642
43.53649444440419
43.92415738637941
44.31336496154211
44.70411716989227
45.0964140114299
45.49025548615501
45.88564159406758
46.2825723351676
46.681047709455115
47.081067716930086
47.482632357592514
47.88574163144242
48.29039553847981
48.69659407870464
49.104337252116956
49.51362505871673
49.92445749850397
50.33683457147869
50.75075627764086
51.16622261699051
51.58323358952764
52.00178919525221
52.421889434164264
52.8435343062638
53.26672381155077
53.69145795002523
54.11773672168717
54.54556012653654
54.97492816457341
55.40584083579775
55.83829814020953
56.27230007780881
56.707846648595535
57.14493785256973
57.5835736897314
58.02375416008052
58.465479263617134
58.90874900034121
59.35356337025275
59.799922373351755
60.24782600963823
60.697274279112165
61.14826718177359
61.60080471762247
62.05488688665881
62.510513688882625
62.967685124293915
63.42640119289265
63.88666189467887
64.34846722965256
64.81181719781372
65.27671179916234
65.74315103369842
66.21113490142199
66.68066340233301
67.1517365364315
67.62435430371747
68.0985167041909
68.57422373785178
69.05147540470017
69.53027170473601
70.0106126379593
70.49249820437007
70.97592840396828
71.46090323675399
71.94742270272718
72.4354868018878
72.92509553423592
73.4162488997715
73.90894689849453
74.40318953040503
74.89897679550302
75.39630869378846
75.8951852252614
76.39560638992177
76.89757218776961
77.40108261880494
77.90613768302774
78.41273738043799
78.92088171103572
79.4305706748209
79.94180427179356
80.4545825019537
80.96890536530128
81.48477286183635
82.00218499155889
82.52114175446889
83.04164315056636
83.56368917985127
84.08727984232367
84.61241513798355
85.1390950668309
85.66731962886568
86.19708882408797
86.72840265249769
87.2612611140949
87.79566420887957
88.33161193685171
88.86910429801134
89.40814129235844
89.94872291989296
90.49084918061499
91.0345200745245
91.57973560162142
92.12649576190586
92.67480055537774
93.22464998203708
93.77604404188392
94.32898273491821
94.88346606113998
95.4394940205492
95.9970666131459
96.55618383893004
97.1168456979017
97.67905219006077
98.24280331540736
98.80809907394139
99.37493946566288
99.94332449057185
100.5132541486683
101.08472843995219
101.65774736442359
102.23231092208243
102.80841911292873
103.38607193696251
103.96526939418374
104.54601148459247
105.12829820818865
105.71212956497229
106.29750555494343
106.88442617810202
107.47289143444806
108.06290132398158
108.65445584670258
109.24755500261102
109.84219879170695
110.43838721399034
111.0361202694612
111.63539795811953
112.23622027996531
112.8385872349986
113.44249882321934
114.0479550446275
114.6549558992232
115.26350138700634
115.87359150797694
116.485226262135
117.09840564948053
117.71312967001353
118.32939832373401
118.94721161064197
119.56656953073738
120.18747208402024
120.80991927049058
121.43391109014843
122.0594475429937
122.68652862902644
123.31515434824666
123.94532470065435
124.5770396862495
125.21029930503214
125.84510355700219
126.48145244216107
127.3523541494514
128.226657128885
129.1043613804618
129.9854669041818
130.86997370004508
131.7578817680515
132.64919110820114
133.54390172049392
134.44201360492997
135.34352676150922
136.2484411902317
137.15675689109742
138.0684738641063
138.98359210925832
139.90211162655362
140.82403241599212
141.74935447757383
142.67807781129875
143.61020241716693
144.5457282951782
145.4846554453328
146.4269838676305
147.37271356207145
148.32184452865562
149.274376767383
150.23031027825357
151.1896450612674
152.15238111642435
153.11851844372455
154.08805704316796
155.06099691475458
156.0373380584844
157.0170804743575
158.00022416237368
158.9867691225332
159.9767153548358
160.97006285928165
161.96681163587073
162.966961684603
163.97051300547855
164.97746559849725
165.9878194636591
167.0015746009642
168.01873101041252
169.03928869200405
170.06324764573878
171.09060787161678
172.12136936963793
173.1555321398023
174.1930961821098
175.23406149656057
176.27842808315455
177.32619594189174
178.3773650727722
179.43193547579585
180.4899071509626
181.55128009827263
182.61605431772585
183.68422980932218
184.75580657306193
185.83078460894478
186.90916391697078
187.9909444971401
189.07612634945252
190.1647094739082
191.2566938705071
192.3520795392492
193.45086648013455
194.55305469316312
195.65864417833478
196.7676349356497
197.88002696510785
198.9958202667092
200.11501484045374
201.2376106863415
202.36360780437252
203.49300619454664
204.62580585686408
205.76200679132455
206.90160899792835
208.04461247667535
209.19101722756562
210.3408232505991
211.49403054577567
212.6506391130955
213.81064895255855
214.9740600641648
216.14087244791426
217.31108610380704
218.48470103184286
219.661717232022
220.84213470434423
222.02595344880962
223.21317346541844
224.40379475417024
225.59781731506553
226.7952411481038
227.99606625328528
229.20029263061002
230.4079202800756
231.45209671549037
232.49637041342055
233.54074137386647
234.58520959682778
235.62977508230472
236.67443783029728
237.71919784080524
238.76405511382893
239.80900964936802
240.85406144742262
241.89921050799296
242.9444568310787
243.98980041668017
245.03524126479704
246.08077937542953
247.12641474857764
248.17214738424127
249.2179772824204
250.26390444311505
251.30992886632532
252.3560505520511
253.4022695002925
254.44858571104942
255.49499918432195
256.54150992011
257.58811791841356
258.63482317923274
259.68162570256743
260.72852548841774
261.77552253678357
262.8226168476649
263.86980842106175
264.9170972569742
265.9644833554023
267.0119667163459
268.059547339805
269.10722522577976
270.15500037427
271.2028727852759
272.25084245879725
273.29890939483414
274.34707359338665
275.39533505445456
276.4436937780382
277.49214976413737
278.54070301275215
279.5893535238823
280.63810129752824
281.68694633368955
282.7358886323665
283.78492819355904
284.834065017267
285.8832991034907
286.93263045222966
287.98205906348437
289.0315849372547
290.08120807354055
291.1309284723419
292.1807461336589
293.2306610574914
294.2806732438394
295.330782692703
296.38098940408213
297.4312933779769
298.48169461438704
299.5321931133128
300.5827888747542
301.6334818987111
302.68427218518366
303.7351597341717
304.78614454567514
305.8372266196943
306.8884059562289
307.9396825552791
308.9910564168448
310.04252754092613
311.094095927523
312.1457615766353
313.1975244882633
314.2493846624069
315.3013420990659
316.3533967982405
317.40554875993064
318.4577979841365
319.51014447085777
320.56258822009454
321.61512923184694
322.66776750611496
323.7205030428985
324.7733358421975
325.8262659040122
326.87929322834236
327.93241781518805
328.98563966454935
330.0389587764263
331.0923751508186
332.14588878772656
333.19949968715
334.2532078490892
335.3070132735488
336.8859537458543
338.47538826850314
340.0753168414967
341.6857394648341
343.3066561385158
344.9380668625404
346.5799716369097
348.23237046162285
349.8952633366798
351.5686502620815
353.25253123782704
354.946906263915
356.6517753403482
358.36713846712564
360.0929956442469
361.8293468717111
363.57619214952047
365.33353147767366
367.1013648561702
368.8796922850106
370.6685137641957
372.4678292937251
374.2776388735974
376.09794250381356
377.9287401843749
379.77003191527956
381.6218176965285
383.4840975281213
385.356871410057
387.2401393423379
389.13390132496306
391.0381573579316
392.95290744124304
394.87815157490013
396.81388975890104
398.7601219932453
400.71684827793297
402.6840686129658
404.661782998342
406.6499914340625
408.64869392012633
410.6578904565349
412.6775810432873
414.70776568038355
416.74844436782405
418.79961710560747
420.8612838937361
422.9334447322085
425.0160996210243
427.1092485601721
429.58355033333373
432.08288179541614
434.6072429464157
437.1566337863351
439.73105431517433
442.3305045329316
444.95498443960696
447.60449403520124
450.2790333197145
452.97860229314665
455.70320095549687
458.45282930676694
461.22748734695506
464.02717507606303
466.85189249408813
469.701639601034
472.5764163968979
475.47622288167986
478.40105905538167
481.3509249180015
484.3258204695412
487.32574570999805
490.35070063937565
493.4006852576704
496.4756995648859
499.5757435610185
502.7008172460701
505.8509206200406
509.026053682931
512.2262164347403
515.4514088754686
518.701631005114
521.9768828236793
525.2771643311626
528.6024755275657
531.952816412886
535.3281869871271
538.7285872502862
542.1540172023633
545.6044768433612
549.0799661732754
552.5804851921102
556.1060338998632
559.656612296536
563.2322203821259
566.8328581566357
570.4585256200635
574.1092227724112
577.7849496136769
581.4857061438624
584.3019719302738
587.1075999376517
589.9025901659988
592.6869426153162
595.4606572856028
598.2237341768614
600.9761732890875
603.7179746222846
606.4491381764519
609.1696639515885
611.8795519476962
614.5788021647732
617.2674146028203
619.9453892618367
622.6127261418233
625.2694252427791
627.915486564707
630.5509101076032
633.1756958714705
635.7898438563061
638.3933540621128
640.9862264888889
643.568461136636
646.1400580053523
648.701017095038
651.2513384056947
653.7910219373207
656.3200676899169
658.8384756634823
661.3462458580179
663.8433782735246
666.3298729100006
668.8057297674459
671.2709488458622
673.7255301452478
676.1694736656036
678.6027794069287
681.0254473692239
683.4374775524902
685.8388699567258
688.2296245819307
690.6097414281066
692.9792204952519
695.3380617833673
697.6862652924519
700.0238310225068
702.3507589735327
704.6670491455279
706.9727015384924
709.267716152428
711.5536588812229
713.8290252385414
716.0938152244316
718.3480288388928
720.5916660819248
722.8247269535295
725.047211453706
727.2591195824534
729.4604513397717
731.6512067256626
733.8313857401245
736.000988383159
738.1600146547644
740.3084645549407
742.4463380836896
744.5736352410104
746.690356026902
748.7965004413645
750.8920684843997
752.9770601560049
755.0514754561846
757.1153143849333
759.1685769422547
761.211263128147
763.2433729426102
765.2649063856479
767.2758634572547
769.2762441574332
771.2660484861835
773.2452764435075
775.2139280294004
777.1720032438643
779.1195020869009
781.0564245585092
782.9827706586912
784.8985403874422
786.8037337447649
788.6983507306586
790.582391345125
792.455855588164
794.318743459773
796.1710549599538
798.0127900887064
799.8439488460317
801.664531231927
803.474537246394
805.2739668894328
807.0628201610425
808.8410970612258
810.6087975899791
815.4015474101543
820.3027650027507
825.3124503675717
830.4306035046102
835.6572244138733
840.9923130953612
846.4358695490591
851.9878937749891
857.6483857731291
863.4173455435011
869.2947730860687
875.2806684008829
881.3750314879071
887.577862347156
893.8891609786297
900.3089273823207
906.8371615582291
913.4738635063622
920.2190332267128
927.0726707192807
934.0347759840733
941.1053490210907
948.2843898303108
955.5718984117702
962.967874765447
970.1971261407671
977.5136766154246
984.9175261891942
992.4086748620684
999.9871226340692
1007.6528695051893
1015.4059154754214
1023.2462605447654
1031.1739047132287
1039.1888479808113
1047.2910903475058
1055.4806318133196
1063.7574723782454
1072.1216120422905
1080.5730508054476
1089.1117886677239
1097.7378256291195
1106.451161689627
1115.2517968492466
1124.1397311079927
1133.1149644658435
1142.1774969228209
1151.327328478903
1160.5644591341115
1169.8888888884321
1195.239550136961
1221.9035822078586
1249.8809851004044
1279.1717588149477
1309.7759033512557
1341.693418709212
1374.9243048891658
1409.4685618911171
1445.3261897149496
1482.4971883604303
1520.9815578279085
1560.7792981171515
1601.8904092282755
1644.3148911611643
1688.0527439160505
1733.1039674927015
1779.4685618910007
1827.1465271112975
1876.1378631535918
1926.4425700175343
1978.0606477034744
2030.9920962111792
2085.236915540765
2140.795105692232
2197.66666666558
3495.0677333176136
4889.106488883495
6379.782933317125
7967.097066655755
9651.048888869584
11431.638399988413
13308.86559997499
15282.730488874018
17353.233066640794
19520.37333332002
21784.151288859546
24144.566933311522
26601.620266638696
29155.31128886342
31805.639999963343
34552.60639997572
37396.21048885584
40336.45226664096
43373.33173329383
46506.8488888517
49737.00373329222
53063.79626663029
56487.22648884356
60007.29439996183
63623.9999999553
