169.0
172.4438271648493
175.89428318124916
179.3513680491996
182.81508176870062
186.2854243397522
189.76239576235437
193.2459960365071
196.73622516221042
200.23308313946433
203.73656996826878
207.24668564862378
210.76343018052938
214.28680356398556
217.8168057989923
221.35343688554963
224.89669682365752
228.446585613316
232.003103254525
235.56624974728464
239.1360250915948
242.71242928745556
246.29546233486687
249.88512423382875
253.4814149843412
257.0843345864042
260.69388304001785
264.310060345182
267.9328665018968
271.5623015101621
275.19836536997803
278.8410580813445
282.49037964426157
286.1463300587292
289.8089093247474
293.47811744231615
297.15395441143545
300.8364202321054
304.52551490432586
308.22123842809697
311.9235908034186
315.6325720302908
319.34818210871356
323.07042103868696
326.7992888202109
330.5347854532854
334.27691093791043
338.0256652740861
341.78104846181236
345.54306050108914
349.3117013919165
353.08697113429446
356.868869728223
360.65739717370207
364.4525534707317
368.25433861931197
372.0627526194428
375.8777954711241
379.6994671743561
383.5277677291386
387.3626971354717
391.20425539335537
395.05244250278963
398.90725846377444
402.7687032763098
406.63677694039575
410.5114794560323
414.3928108232194
418.2807710419571
422.17536011224536
426.07657803408415
429.98442480747354
433.89890043241354
437.8200049089041
441.74773823694517
445.68210041653685
449.6230914476791
453.57071133037186
457.52496006461524
461.48583765040917
465.4533440877537
469.4274793766488
473.4082435170945
477.3956365090907
481.3896583526375
485.3903090477349
489.39758859438285
493.41149699258136
497.4320342423305
501.4592003436302
505.49299529648033
509.5334191008812
513.5804717568326
517.6341532643346
521.694463623387
525.7614028339901
529.8349708961439
533.9151678098481
538.0019935751029
542.0954481919083
546.1955316602644
550.3022439801708
554.415585151628
558.5355551746356
562.662154049194
566.7953817753028
570.9352383529622
575.0817237821722
579.2348380629327
583.3945811952437
587.5609531791056
591.7339540145178
595.9135837014807
600.099842239994
604.292729630058
608.4922458716726
612.6983909648377
616.9111649095535
621.1305677058197
625.3565993536365
629.5892598530039
633.828549203922
638.0744674063906
642.3270144604096
646.5861903659793
650.8519951230996
655.1244287317704
659.4034911919919
663.689182503764
667.9815026670865
672.2804516819597
676.5860295483834
680.8982362663577
685.2170718358825
689.542536256958
693.874629529584
698.2133516537606
702.5587026294877
706.9106824567655
711.2692911355938
715.6345286659727
720.0063950479021
724.3848902813821
728.7700143664127
733.1617673029939
737.5601490911256
741.965159730808
746.3767992220409
750.7950675648244
755.2199647591585
759.6514908050432
764.0896457024784
768.5344294514642
772.9858420520006
777.4438835040876
781.9085538077252
786.3798529629132
790.8577809696519
795.3423378279412
799.833523537781
804.3313380991714
808.8357815121124
813.3468537766039
817.8645548926461
822.3888848602387
826.919843679382
831.4574313500759
836.0016478723203
840.5524932461153
845.1099674714608
849.6740705483569
854.2448024768037
858.822163256801
863.4061528883487
867.9967713714473
872.5940187060962
877.1978948922958
881.8083999300459
886.4255338193466
891.0492965601978
895.6796881525997
900.3167085965521
904.9603578920551
909.6106360391087
914.2675430377128
918.9310788878676
923.6012435895728
928.2780371428287
932.9614595476352
937.6515108039922
942.3481909118998
947.0514998713579
951.7614376823667
956.4780043449259
961.2011998590358
965.9310242246963
970.6674774419073
975.4105595106689
980.1602704309811
984.9166102028439
989.6795788262572
994.4491763012211
999.2254026277355
1004.0082578058006
1008.7977418354162
1013.5938547165823
1018.3965964492991
1023.2059670335664
1028.0219664693843
1032.844594756753
1037.6738518956718
1042.5097378861415
1047.3522527281616
1052.2013964217324
1057.0571689668536
1061.9195703635255
1066.788600611748
1071.664259711521
1076.5465476628447
1081.435464465719
1086.3310101201437
1091.233184626119
1096.1419879836449
1101.0574201927216
1105.9794812533485
1110.9081711655263
1115.8434899292542
1120.7854375445331
1125.7340140113624
1130.6892193297424
1135.6510534996728
1140.6195165211539
1145.5946083941856
1150.5763291187677
1155.5646786949005
1160.559657122584
1165.5612644018179
1170.5695005326024
1175.5843655149374
1180.6058593488233
1185.6339820342594
1190.6687335712463
1195.7101139597835
1200.7581231998715
1205.81276129151
1210.8740282346992
1215.9419240294387
1221.016448675729
1226.0976021735698
1231.1853845229612
1236.2797957239031
1241.3808357763958
1246.4885046804388
1251.6028024360326
1256.7237290431767
1261.8512845018715
1266.985468812117
1272.126281973913
1277.2737239872595
1282.4277948521567
1287.5884945686043
1292.7558231366024
1297.9297805561514
1303.1103668272508
1308.2975819499006
1313.4914259241013
1318.6918987498523
1323.899000427154
1329.1127309560063
1334.3330903364092
1339.5600785683625
1344.7936956518665
1350.0339415869212
1355.2808163735262
1360.534320011682
1365.7944525013882
1371.061213842645
1376.3346040354525
1381.6146230798104
1386.901270975719
1392.1945477231782
1397.4944533221878
1402.8009877727482
1408.1141510748591
1413.4339432285205
1418.7603642337326
1424.0934140904951
1429.4330927988083
1434.7794003586719
1440.132336770086
1445.4919020330512
1450.8580961475666
1456.2309191136326
1461.6103709312492
1466.9964516004163
1472.3891611211338
1477.788499493402
1483.1944667172206
1488.6070627925899
1494.0262877195098
1499.4521414979802
1504.8846241280012
1510.3237356095729
1515.769475942695
1521.2218451273677
1526.680843163591
1532.1464700513648
1537.618725790689
1543.0976103815642
1548.5831238239898
1554.0752661179658
1559.5740372634928
1565.0794372605699
1570.5914661091979
1576.110123809376
1581.6354103611052
1587.1673257643847
1592.705870019215
1598.2510431255957
1603.802845083527
1609.361275893009
1614.9263355540413
1620.4980240666243
1626.0763414307578
1631.661287646442
1637.2528627136767
1642.851066632462
1648.455899402798
1654.0673610246845
1659.6854514981214
1665.3101708231088
1670.941518999647
1676.5794960277358
1682.2241019073751
1687.875336638565
1693.5332002213054
1699.1976926555965
1704.868813941438
1710.5465640788302
1716.230943067773
1721.9219509082664
1727.6195876003103
1733.3238531439047
1739.0347475390497
1744.7522707857454
1750.4764228839915
1756.2072038337883
1761.9446136351355
1767.6886522880334
1773.439319792482
1779.1966161484809
1784.9605413560307
1790.7310954151308
1796.5082783257815
1802.2920900879828
1808.0825307017346
1813.879600167037
1819.6832984838902
1825.4936256522938
1831.3105816722482
1837.1341665437528
1842.9643802668081
1848.801222841414
1854.6446942675707
1860.4947945452773
1866.351523674535
1872.214881655343
1878.084868487702
1883.9614841716113
1889.8447287070712
1895.7346020940818
1901.6311043326427
1907.5342354227544
1913.4439953644164
1919.3603841576294
1925.2834018023927
1931.2130482987066
1937.1493236465712
1943.0922278459861
1949.041760896952
1954.9979227994681
1960.9607135535348
1966.930133159152
1972.90618161632
1978.8888589250387
1984.8781650853077
1990.8741000971272
1996.8766639604976
2002.8858566754184
2008.9016782418896
2014.9241286599117
2020.953207929484
2026.9889160506073
2033.031253023281
2039.080218847505
2045.13581352328
2051.1980370506053
2057.266889429481
2063.342370659908
2069.4244807418845
2075.5132196754125
2081.6085874604905
2087.7105840971194
2093.8192095852987
2099.934463925029
2106.0563471163096
2112.1848591591406
2118.320000053522
2124.4617697994545
2130.6101683969373
2136.7651958459705
2142.9268521465547
2149.095137298689
2155.270051302374
2161.4515941576096
2167.639765864396
2173.8345664227327
2180.0359958326203
2186.244054094058
2192.458741207047
2198.6800571715858
2204.9080019876756
2211.142575655316
2217.3837781745065
2223.631609545248
2229.88606976754
2236.1471588413824
2242.4148767667757
2248.689223543719
2254.9701991722136
2261.257803652258
2267.5520369838537
2273.8528991669996
2280.1603902016964
2286.4745100879436
2292.7952588257413
2299.1226364150893
2305.4566428559883
2311.7972781484377
2318.1445422924376
2324.4984352879883
2330.8589571350894
2337.226107833741
2343.599887383943
2349.980295785696
2356.3673330389993
2362.7609991438535
2369.161294100258
2375.5682179082132
2381.9817705677187
2388.401952078775
2394.828762441382
2401.2622016555392
2407.7022697212474
2414.148966638506
2420.602292407315
2427.062247027675
2433.528830499585
2440.002042823046
2446.481883998057
2452.968354024619
2459.461452902732
2465.961180632395
2472.467537213609
2478.980522646373
2485.500136930688
2492.0263800665534
2498.5592520539694
2505.098752892936
2511.644882583453
2518.197641125521
2524.757028519139
2531.323044764308
2537.8956898610277
2544.474963809297
2551.060866609118
2557.653398260489
2564.252558763411
2570.858348117883
2577.470766323906
2584.0898133814794
2590.7154892906037
2597.3477940512785
2603.986727663503
2610.6322901272792
2617.2844814426053
2623.943301609482
2630.6087506279096
2637.280828497888
2643.9595352194165
2650.6448707924956
2657.3368352171256
2664.0354284933055
2670.7406506210364
2677.452501600318
2684.17098143115
2690.8960901135324
2697.627827647466
2704.3661940329494
2711.1111892699837
2717.862813358569
2722.9888517849963
2728.108513369634
2733.2217981124854
2738.3287060135513
2743.4292370728317
2748.523391290326
2753.6111686660342
2758.6925691999563
2763.7675928920935
2768.8362397424444
2773.89850975101
2778.9544029177896
2784.0039192427835
2789.0470587259915
2794.0838213674137
2799.1142071670497
2804.1382161249003
2809.1558482409655
2814.1671035152444
2819.171981947738
2824.1704835384453
2829.162608287367
2834.1483561945033
2839.1277272598527
2844.100721483417
2849.067338865196
2854.027579405189
2858.981443103396
2863.9289299598177
2868.870039974453
2873.804773147303
2878.733129478366
2883.655108967644
2888.570711615137
2893.4799374208433
2898.3827863847646
2903.2792585068996
2908.169353787249
2913.0530722258127
2917.9304138225893
2922.801378577581
2927.6659664907875
2932.524177562208
2937.3760117918428
2942.2214691796917
2947.0605497257548
2951.893253430032
2956.7195802925226
2961.539530313228
2966.3531034921484
2971.160299829283
2975.961119324631
2980.755561978194
2985.5436277899707
2990.3253167599605
2995.1006288881663
2999.8695641745853
3004.632122619219
3009.3883042220673
3014.1381089831293
3018.8815369024055
3023.6185879798963
3028.3492622156
3033.073559609519
3037.7914801616525
3042.503023872
3047.208190740562
3051.9069807673377
3056.599393952328
3061.285430295532
3065.9650897969495
3070.638372456583
3075.30527827443
3079.965807250491
3084.6199593847664
3089.267734677256
3093.9091331279596
3098.544154736878
3103.172799504009
3107.795067429356
3112.4109585129167
3117.0204727546916
3121.623610154681
3126.2203707128847
3130.810754429302
3135.394761303934
3139.972391336779
3144.543644527839
3149.1085208771137
3153.6670203846024
3158.219143050306
3162.764888874223
3167.304257856354
3171.8372499967
3176.3638652952586
3180.884103752033
3185.3979653670212
3189.9054501402234
3194.40655807164
3198.901289161271
3206.313627792095
3213.7774902620586
3221.2928765710913
3228.859786719191
3236.4782207063545
3244.1481785325886
3251.8696601978863
3259.642665702253
3267.467195045685
3275.3432482281823
3283.2708252497505
3291.249926110382
3299.280550810081
3307.3626993488488
3315.49637172668
3323.6815679435804
3331.918287999546
3340.2065318945806
3348.5462996286806
3356.937591201846
3365.38040661408
3373.8747458653797
3382.4206089557465
3391.0179958851822
3399.6669066536815
3408.3673412612497
3417.1192997078815
3425.922781993584
3434.777788118352
3443.684318082185
3452.6423718850874
3461.651949527057
3470.7130510080897
3479.8256763281897
3488.989825487357
3498.205498485593
3507.4726953228947
3516.7914159992615
3526.1616605146974
3535.5834288691985
3545.0567210627687
3554.581537095404
3564.157876967107
3573.7857406778767
3583.46512822771
3593.196039616614
3602.9784748445836
3612.8124339116184
3622.697916817722
3632.6349235628913
3642.6234541471276
3652.663508570433
3662.7550868328017
3672.8981889342376
3683.0928148747407
3693.338964654311
3703.63663827295
3713.985835730651
3724.386557027423
3734.83880216326
3745.342571138164
3755.8978639521356
3766.5046806051723
3777.163021097278
3787.8728854284473
3798.6342735986855
3809.447185607991
3820.3116214563615
3831.227581143801
3842.1950646703044
3853.2140720358766
3864.284603240516
3875.4066582842206
3886.5802371669924
3897.8053398888296
3909.081966449736
3920.4101168497073
3931.789791088746
3943.2209891668517
3954.703711084023
3966.237956840263
3977.8237264355703
3989.461019869941
4001.1498371433827
4012.890178255888
4024.682043207462
4036.5254319981013
4048.420344627808
4060.3667810965817
4072.364741404421
4084.414225551329
4096.515233537302
4108.667765362341
4120.871821026451
4133.127400529624
4145.434503871864
4157.793131053171
4170.203282073548
4182.6649569329875
4195.1781556314945
4207.532107069057
4219.933408660507
4232.3820604058765
4244.878062305157
4257.4214143583595
4270.01211656548
4282.650168926517
4295.335571441472
4308.06832411034
4320.848426933131
4333.675879909837
4346.550683040461
4359.4728363250015
4372.442339763458
4385.459193355835
4398.52339710213
4411.634951002339
4424.793855056467
4438.0001092645125
4451.253713626476
4464.554668142357
4477.902972812151
4491.298627635868
4504.741632613501
4518.231987745052
4531.769693030519
4545.354748469901
4558.987154063205
4572.666909810427
4586.394015711563
4600.168471766616
4613.990277975587
4627.8594343384775
4641.775940855285
4655.739797526008
4669.751004350648
4683.809561329206
4697.915468461684
4712.068725748079
4726.2693331883875
4740.517290782616
4754.8125985307615
4769.155256432827
4783.545264488808
4797.9826226987025
4812.46733106252
4826.999389580253
4841.578798251903
4856.20555707747
4870.879666056955
4891.320343838888
4912.03265485898
4933.016599117269
4954.2721766136965
4975.7993873483065
4997.598231321113
5019.668708532059
5042.010818981187
5064.624562668512
5087.509939593976
5110.666949757622
5134.095593159465
5157.795869799447
5181.767779677641
5206.011322793973
5230.526499148487
5255.313308741199
5280.371751572049
5305.701827641082
5331.303536948311
5357.17687949368
5383.32185527726
5409.738464298978
5436.426706558865
5463.386582056963
5490.618090793214
5518.1212327676185
5545.896007980235
5573.942416430989
5602.260458119927
5630.850133047061
5659.711441212334
5688.844382615818
5718.248957257441
5747.925165137247
5777.873006255235
5808.092480611391
5838.5835882057
5869.346329038221
5900.38070310888
5931.686710417707
5963.2643509647605
5995.113624749938
6027.234531773327
6059.627072034855
6092.291245534565
6125.2270522724575
6158.434492248503
6191.913565462732
6225.664271915157
6259.8710556406295
6294.356705704253
6329.121222105445
6364.1646048442635
6399.48685392068
6435.087969334694
6470.967951086335
6507.126799175559
6543.564513602396
6580.2810943668155
6617.276541468862
6654.550854908506
6692.1040346857335
6729.936080800573
6768.04699325301
6806.436772043075
6845.105417170678
6884.052928635923
6923.279306438766
6962.784550579236
7002.568661057288
7042.631637872939
7082.973481026187
7123.5941905170475
7164.493766345535
7205.672208511591
7247.129517015244
7288.86569185651
7330.880733035403
7373.174640551864
7415.747414405938
7458.59905459758
7501.729561126878
7545.138933993745
7588.827173198224
7632.794278740301
7677.04025061999
7721.565088837291
7766.368793392176
7811.451364284658
7856.812801514752
7902.453105082459
7948.372274987749
7994.570311230651
8041.047213811151
8087.8029827292485
8134.837617984944
8182.151119578237
8229.743487509142
8277.614721777645
8360.683985164273
8445.40149382141
8531.767247748445
8619.781246945728
8709.443491413025
8800.75398115057
8893.712716158363
8988.31969643652
9084.574921984575
9182.478392802994
9282.030108891311
9383.230070249992
9486.078276878688
9590.574728777981
9696.719425947173
9804.512368386495
9913.953556095948
10025.04298907565
10137.780667325482
10252.166590845562
10368.200759636005
10485.883173696348
10605.213833026937
10726.192737627658
10848.819887498626
10973.09528263961
11099.01892305119
11226.590808732552
11355.810939684161
11486.679315906018
11619.195937398006
11753.360804160126
11889.173916192609
12026.635273495223
12165.744876067853
12306.502723910613
12448.908817023737
12592.963155406876
12738.665739060496
12886.01656798413
13035.01564217778
13185.662961641676
13337.958526375704
13491.902336379979
13647.494391654618
13804.734692199272
13963.623238014057
14124.160029098974
14286.345065454138
14450.178347079433
14614.651504999609
14780.733364304877
14948.423924999195
15117.723187082098
15288.631150553352
15461.147815413657
15635.273181662313
15811.007249299786
15988.350018325844
16167.301488740603
16347.861660543946
16530.030533736106
16713.808108316618
16899.19438428618
17086.189361644094
17274.793040390825
17465.005420526373
17656.826502050273
17850.25628496299
18045.294769264176
18241.941954954294
18440.197842032765
18640.06243050017
18841.535720355925
19044.61771160073
19252.0429510799
19461.287241709186
19672.350583484862
19885.232976406813
20099.934420475154
20316.45491568977
20534.79446205066
20754.95305955794
20976.930708211497
21200.727408011793
21426.34315895813
21653.777961050626
21883.03181428963
22114.10471867479
22346.996674206457
22581.707680884283
22818.237738708616
23056.586847679457
23296.75500779634
23538.74221905961
23782.548481469043
24028.173795025097
24275.61815972731
24524.881575575797
24775.96404257079
25118.364625715185
25469.468803464435
25829.276575822383
26197.787942787632
26575.00290436158
26960.92146054376
27355.543611332774
27758.869356730487
28170.898696735967
28591.631631348748
29021.068160570227
29459.208284399007
29906.052002836484
30361.59931588173
30825.850223535206
31298.80472579552
31780.462822663598
32270.82451414084
32769.88980022585
33277.65868091863
33794.131156219635
34319.30722612655
34853.18689064309
35395.770149767864
35947.057003500406
39098.68800263107
42458.37956184149
46026.13168114424
49801.94436046481
53785.817599877715
57977.751399338245
62377.7457588613
66985.80067841709
71801.9161580652
76826.09219773114
82058.3287974894
87498.6259572655
93146.98367714882
99003.40195703506
105067.88079701364
111340.42019703984
117821.02015712857
124509.68067729473
131406.4017574787
138511.18339774013
145824.02559804916
153344.92835842073
161073.89167883992
169010.91555933654
177155.999999851
